1 100 50
1.98514e-15 2.97289e-15 3.95682e-15 6.90882e-15 9.84825e-15 1.57311e-14 2.35724e-14 3.7307e-14 5.7932e-14 9.1381e-14 1.42653e-13 2.21729e-13 3.39656e-13 5.14447e-13 7.63141e-13 1.10763e-12 1.56561e-12 2.15147e-12 2.86425e-12 3.68876e-12 4.59271e-12 5.52118e-12 6.40788e-12 7.17654e-12 7.75996e-12 8.10194e-12 8.17277e-12 7.97066e-12 7.52215e-12 6.87375e-12 6.09052e-12 5.23655e-12 4.37587e-12 3.55908e-12 2.8217e-12 2.18445e-12 1.65444e-12 1.22933e-12 8.97467e-13 6.45651e-13 4.5911e-13 3.22426e-13 2.25089e-13 1.5578e-13 1.07002e-13 7.31638e-14 5.05658e-14 3.45273e-14 2.31986e-14 1.37306e-14 
1.98514e-15 2.95746e-15 4.90108e-15 7.80895e-15 1.16784e-14 1.74923e-14 2.72137e-14 4.28228e-14 6.63234e-14 1.02676e-13 1.60813e-13 2.49745e-13 3.84424e-13 5.85725e-13 8.76379e-13 1.28373e-12 1.83551e-12 2.55168e-12 3.44035e-12 4.49202e-12 5.66829e-12 6.90781e-12 8.12458e-12 9.22276e-12 1.01071e-11 1.06972e-11 1.09419e-11 1.08253e-11 1.0369e-11 9.6251e-12 8.66721e-12 7.57814e-12 6.44067e-12 5.32738e-12 4.29495e-12 3.37822e-12 2.59854e-12 1.95649e-12 1.44654e-12 1.05151e-12 7.53596e-13 5.3337e-13 3.74327e-13 2.6002e-13 1.79561e-13 1.22941e-13 8.3822e-14 5.67393e-14 3.80541e-14 2.40686e-14 
2.95746e-15 5.82839e-15 8.65883e-15 1.24378e-14 1.9091e-14 2.86574e-14 4.40808e-14 6.93223e-14 1.0745e-13 1.66431e-13 2.59204e-13 3.99777e-13 6.11939e-13 9.22242e-13 1.36361e-12 1.97293e-12 2.78068e-12 3.80561e-12 5.0469e-12 6.47115e-12 8.01409e-12 9.57624e-12 1.10421e-11 1.22873e-11 1.32026e-11 1.37106e-11 1.37758e-11 1.34051e-11 1.26494e-11 1.15853e-11 1.03109e-11 8.92356e-12 7.51688e-12 6.1688e-12 4.93813e-12 3.86113e-12 2.95342e-12 2.21367e-12 1.63015e-12 1.18129e-12 8.4449e-13 5.97023e-13 4.17753e-13 2.89918e-13 2.00226e-13 1.37025e-13 9.31647e-14 6.23097e-14 3.99054e-14 2.31986e-14 
2.97289e-15 5.82839e-15 8.57217e-15 1.3185e-14 1.96737e-14 2.90289e-14 4.4168e-14 6.80941e-14 1.05808e-13 1.63391e-13 2.53783e-13 3.92039e-13 6.01039e-13 9.12336e-13 1.36087e-12 1.99123e-12 2.84314e-12 3.95158e-12 5.32568e-12 6.94623e-12 8.75185e-12 1.06405e-11 1.24755e-11 1.411e-11 1.54015e-11 1.62408e-11 1.65665e-11 1.637e-11 1.5693e-11 1.46117e-11 1.32296e-11 1.16558e-11 9.99897e-12 8.35722e-12 6.80983e-12 5.41625e-12 4.20947e-12 3.20339e-12 2.39e-12 1.75329e-12 1.26683e-12 9.03454e-13 6.3801e-13 4.45562e-13 3.08906e-13 2.13151e-13 1.45832e-13 9.79731e-14 6.41967e-14 3.80541e-14 
4.90108e-15 8.57217e-15 1.30604e-14 1.93791e-14 2.94201e-14 4.32954e-14 6.58182e-14 1.01032e-13 1.55957e-13 2.40667e-13 3.712e-13 5.6958e-13 8.67566e-13 1.30241e-12 1.92404e-12 2.78328e-12 3.92475e-12 5.37779e-12 7.13939e-12 9.16162e-12 1.13455e-11 1.35462e-11 1.55907e-11 1.73035e-11 1.85382e-11 1.92012e-11 1.92604e-11 1.87444e-11 1.7728e-11 1.6315e-11 1.46227e-11 1.2769e-11 1.08666e-11 9.01505e-12 7.2947e-12 5.76398e-12 4.45358e-12 3.37027e-12 2.50459e-12 1.83019e-12 1.31927e-12 9.39882e-13 6.62331e-13 4.63184e-13 3.20868e-13 2.20601e-13 1.49943e-13 9.99183e-14 6.23097e-14 3.45273e-14 
3.95682e-15 8.65883e-15 1.30604e-14 1.92164e-14 2.90155e-14 4.25496e-14 6.3649e-14 9.62984e-14 1.46518e-13 2.24302e-13 3.44695e-13 5.2786e-13 8.04763e-13 1.21312e-12 1.80553e-12 2.63976e-12 3.77225e-12 5.25242e-12 7.09663e-12 9.27908e-12 1.17148e-11 1.4259e-11 1.67212e-11 1.88929e-11 2.05848e-11 2.16605e-11 2.20558e-11 2.17821e-11 2.09086e-11 1.95424e-11 1.78024e-11 1.58143e-11 1.36978e-11 1.15671e-11 9.5248e-12 7.65324e-12 6.00732e-12 4.61393e-12 3.4743e-12 2.57135e-12 1.87429e-12 1.34814e-12 9.5935e-13 6.77055e-13 4.73464e-13 3.28028e-13 2.25023e-13 1.51968e-13 9.79731e-14 5.67393e-14 
7.80895e-15 1.3185e-14 1.92164e-14 2.88001e-14 4.20123e-14 6.17211e-14 9.18267e-14 1.37337e-13 2.09009e-13 3.18053e-13 4.8356e-13 7.35549e-13 1.11114e-12 1.66079e-12 2.4465e-12 3.53637e-12 4.99463e-12 6.86242e-12 9.1402e-12 1.17676e-11 1.46142e-11 1.74813e-11 2.01339e-11 2.23363e-11 2.3901e-11 2.47177e-11 2.47706e-11 2.41199e-11 2.28746e-11 2.11618e-11 1.91084e-11 1.68386e-11 1.44728e-11 1.21293e-11 9.91337e-12 7.90794e-12 6.16619e-12 4.70947e-12 3.53076e-12 2.60382e-12 1.8947e-12 1.36156e-12 9.69745e-13 6.84044e-13 4.78607e-13 3.31896e-13 2.26206e-13 1.49943e-13 9.31647e-14 5.05658e-14 
6.90882e-15 1.24378e-14 1.93791e-14 2.88001e-14 4.08435e-14 5.92303e-14 8.77613e-14 1.29561e-13 1.94265e-13 2.92867e-13 4.42384e-13 6.68878e-13 1.00761e-12 1.50762e-12 2.2321e-12 3.25326e-12 4.64905e-12 6.48452e-12 8.78879e-12 1.15353e-11 1.46188e-11 1.78517e-11 2.09827e-11 2.37329e-11 2.58552e-11 2.71827e-11 2.76534e-11 2.73098e-11 2.62631e-11 2.46514e-11 2.26074e-11 2.02551e-11 1.77144e-11 1.511e-11 1.25653e-11 1.0192e-11 8.07421e-12 6.25762e-12 4.75512e-12 3.55242e-12 2.61431e-12 1.89928e-12 1.36543e-12 9.72873e-13 6.87371e-13 4.81066e-13 3.3226e-13 2.25023e-13 1.45832e-13 8.3822e-14 
1.16784e-14 1.96737e-14 2.90155e-14 4.08435e-14 5.88672e-14 8.50507e-14 1.24176e-13 1.8303e-13 2.71426e-13 4.06009e-13 6.08789e-13 9.11942e-13 1.36077e-12 2.01632e-12 2.95359e-12 4.25761e-12 6.01254e-12 8.27595e-12 1.10607e-11 1.42983e-11 1.78294e-11 2.14019e-11 2.47084e-11 2.74439e-11 2.9366e-11 3.03532e-11 3.04091e-11 2.96423e-11 2.82048e-11 2.6245e-11 2.38893e-11 2.125e-11 1.84468e-11 1.5613e-11 1.2883e-11 1.0373e-11 8.16304e-12 6.29273e-12 4.76294e-12 3.54933e-12 2.60859e-12 1.89657e-12 1.36524e-12 9.73731e-13 6.8855e-13 4.8159e-13 3.31896e-13 2.20601e-13 1.37025e-13 7.31638e-14 
9.84825e-15 1.9091e-14 2.94201e-14 4.20123e-14 5.88672e-14 8.36974e-14 1.19435e-13 1.74449e-13 2.548e-13 3.76692e-13 5.58012e-13 8.28489e-13 1.22835e-12 1.81495e-12 2.66147e-12 3.85561e-12 5.4929e-12 7.65878e-12 1.04013e-11 1.36992e-11 1.74341e-11 2.13788e-11 2.52153e-11 2.85882e-11 3.11783e-11 3.27796e-11 3.3338e-11 3.2939e-11 3.17496e-11 2.99449e-11 2.76631e-11 2.50107e-11 2.20909e-11 1.90311e-11 1.59814e-11 1.3086e-11 1.04641e-11 8.18787e-12 6.28455e-12 4.74423e-12 3.53055e-12 2.59589e-12 1.88914e-12 1.36216e-12 9.73819e-13 6.89282e-13 4.81066e-13 3.28028e-13 2.13151e-13 1.22941e-13 
1.74923e-14 2.90289e-14 4.25496e-14 5.92303e-14 8.36974e-14 1.17947e-13 1.68498e-13 2.42951e-13 3.53624e-13 5.16947e-13 7.59177e-13 1.11607e-12 1.63787e-12 2.39315e-12 3.47016e-12 4.96918e-12 6.99278e-12 9.62227e-12 1.28847e-11 1.67149e-11 2.09304e-11 2.52293e-11 2.92258e-11 3.253e-11 3.48377e-11 3.60069e-11 3.60742e-11 3.52106e-11 3.36257e-11 3.14877e-11 2.89062e-11 2.59635e-11 2.27667e-11 1.9461e-11 1.62151e-11 1.31825e-11 1.0478e-11 8.16162e-12 6.24637e-12 4.7085e-12 3.50498e-12 2.58045e-12 1.88085e-12 1.35953e-12 9.72919e-13 6.8855e-13 4.78607e-13 3.20868e-13 2.00226e-13 1.07002e-13 
1.57311e-14 2.86574e-14 4.32954e-14 6.17211e-14 8.50507e-14 1.17947e-13 1.65115e-13 2.34881e-13 3.37548e-13 4.86435e-13 7.05211e-13 1.02409e-12 1.48939e-12 2.1615e-12 3.12318e-12 4.47501e-12 6.32866e-12 8.79087e-12 1.19318e-11 1.57449e-11 2.01075e-11 2.47622e-11 2.93241e-11 3.33485e-11 3.64332e-11 3.83218e-11 3.89672e-11 3.85167e-11 3.72119e-11 3.52736e-11 3.28355e-11 2.99651e-11 2.67338e-11 2.32654e-11 1.9732e-11 1.63194e-11 1.31839e-11 1.04282e-11 8.09755e-12 6.18793e-12 4.66596e-12 3.47745e-12 2.56593e-12 1.8759e-12 1.359e-12 9.73819e-13 6.87371e-13 4.73464e-13 3.08906e-13 1.79561e-13 
2.72137e-14 4.4168e-14 6.3649e-14 8.77613e-14 1.19435e-13 1.65115e-13 2.31321e-13 3.2646e-13 4.64355e-13 6.64511e-13 9.53439e-13 1.37063e-12 1.96945e-12 2.82507e-12 4.0337e-12 5.70738e-12 7.96871e-12 1.09204e-11 1.46117e-11 1.89915e-11 2.38662e-11 2.88867e-11 3.35892e-11 3.74844e-11 4.0189e-11 4.15343e-11 4.16013e-11 4.0644e-11 3.89471e-11 3.67019e-11 3.39824e-11 3.0823e-11 2.73034e-11 2.35774e-11 1.98469e-11 1.63068e-11 1.31069e-11 1.03329e-11 8.01077e-12 6.12332e-12 4.62285e-12 3.45414e-12 2.55636e-12 1.87396e-12 1.35953e-12 9.73731e-13 6.84044e-13 4.63184e-13 2.89918e-13 1.5578e-13 
2.35724e-14 4.40808e-14 6.58182e-14 9.18267e-14 1.24176e-13 1.68498e-13 2.31321e-13 3.20991e-13 4.51129e-13 6.36436e-13 9.01654e-13 1.27957e-12 1.81807e-12 2.58299e-12 3.65908e-12 5.15793e-12 7.20388e-12 9.92408e-12 1.34112e-11 1.7684e-11 2.26283e-11 2.79635e-11 3.32455e-11 3.79336e-11 4.15212e-11 4.36884e-11 4.43965e-11 4.3871e-11 4.24551e-11 4.04273e-11 3.79088e-11 3.49112e-11 3.14572e-11 2.76571e-11 2.37029e-11 1.98176e-11 1.61971e-11 1.29736e-11 1.02106e-11 7.91718e-12 6.06088e-12 4.58768e-12 3.43883e-12 2.55227e-12 1.8759e-12 1.36216e-12 9.72873e-13 6.77055e-13 4.45562e-13 2.6002e-13 
4.28228e-14 6.80941e-14 9.62984e-14 1.29561e-13 1.74449e-13 2.34881e-13 3.20991e-13 4.43761e-13 6.18511e-13 8.65043e-13 1.21412e-12 1.70388e-12 2.39319e-12 3.35693e-12 4.69583e-12 6.53255e-12 9.00162e-12 1.22305e-11 1.62935e-11 2.11626e-11 2.66466e-11 3.23609e-11 3.77617e-11 4.22489e-11 4.534e-11 4.68307e-11 4.68525e-11 4.57698e-11 4.39676e-11 4.16619e-11 3.88824e-11 3.55977e-11 3.18486e-11 2.7791e-11 2.36531e-11 1.96682e-11 1.60156e-11 1.28061e-11 1.00804e-11 7.82882e-12 6.00948e-12 4.56484e-12 3.43285e-12 2.55636e-12 1.88085e-12 1.36524e-12 9.69745e-13 6.62331e-13 4.17753e-13 2.25089e-13 
3.7307e-14 6.93223e-14 1.01032e-13 1.37337e-13 1.8303e-13 2.42951e-13 3.2646e-13 4.43761e-13 6.10144e-13 8.42514e-13 1.16825e-12 1.62139e-12 2.25145e-12 3.12303e-12 4.32546e-12 5.97213e-12 8.19594e-12 1.11409e-11 1.49261e-11 1.95957e-11 2.50591e-11 3.10262e-11 3.69999e-11 4.23364e-11 4.6412e-11 4.88232e-11 4.95383e-11 4.8877e-11 4.73122e-11 4.51994e-11 4.26468e-11 3.95981e-11 3.60154e-11 3.19858e-11 2.77168e-11 2.34562e-11 1.94296e-11 1.57927e-11 1.26293e-11 9.95775e-12 7.75653e-12 5.9758e-12 4.55638e-12 3.43883e-12 2.56593e-12 1.88914e-12 1.36543e-12 9.5935e-13 6.3801e-13 3.74327e-13 
6.63234e-14 1.05808e-13 1.46518e-13 1.94265e-13 2.548e-13 3.37548e-13 4.51129e-13 6.10144e-13 8.32342e-13 1.14038e-12 1.56559e-12 2.15038e-12 2.95116e-12 4.04271e-12 5.5272e-12 7.52919e-12 1.01935e-11 1.36651e-11 1.80481e-11 2.33428e-11 2.93744e-11 3.57347e-11 4.1801e-11 4.68542e-11 5.02948e-11 5.1869e-11 5.17625e-11 5.04769e-11 4.85225e-11 4.61561e-11 4.33582e-11 4.00228e-11 3.61474e-11 3.18803e-11 2.74638e-11 2.315e-11 1.91394e-11 1.55593e-11 1.2465e-11 9.85972e-12 7.71003e-12 5.96438e-12 4.56484e-12 3.45414e-12 2.58045e-12 1.89657e-12 1.36156e-12 9.39882e-13 5.97023e-13 3.22426e-13 
5.7932e-14 1.0745e-13 1.55957e-13 2.09009e-13 2.71426e-13 3.53624e-13 4.64355e-13 6.18511e-13 8.32342e-13 1.12676e-12 1.53171e-12 2.0823e-12 2.82913e-12 3.83637e-12 5.1908e-12 7.00423e-12 9.41431e-12 1.25729e-11 1.6622e-11 2.16375e-11 2.75583e-11 3.40996e-11 4.07177e-11 4.66656e-11 5.11859e-11 5.37759e-11 5.4399e-11 5.34879e-11 5.16753e-11 4.94191e-11 4.68227e-11 4.37613e-11 4.01333e-11 3.59991e-11 3.15612e-11 2.70767e-11 2.2779e-11 1.88363e-11 1.53436e-11 1.23336e-11 9.79614e-12 7.69346e-12 5.9758e-12 4.58768e-12 3.47745e-12 2.59589e-12 1.89928e-12 1.34814e-12 9.03454e-13 5.3337e-13 
1.02676e-13 1.63391e-13 2.24302e-13 2.92867e-13 3.76692e-13 4.86435e-13 6.36436e-13 8.42514e-13 1.12676e-12 1.5156e-12 2.04088e-12 2.74818e-12 3.69187e-12 4.94734e-12 6.61187e-12 8.8072e-12 1.16807e-11 1.53886e-11 2.00623e-11 2.57363e-11 3.22598e-11 3.92146e-11 4.5904e-11 5.14774e-11 5.51976e-11 5.67432e-11 5.63633e-11 5.47243e-11 5.24971e-11 4.99971e-11 4.71642e-11 4.38236e-11 3.9926e-11 3.56011e-11 3.10809e-11 2.66122e-11 2.2394e-11 1.85573e-11 1.51701e-11 1.22483e-11 9.77425e-12 7.71003e-12 6.00948e-12 4.62285e-12 3.50498e-12 2.60859e-12 1.8947e-12 1.31927e-12 8.4449e-13 4.5911e-13 
9.1381e-14 1.66431e-13 2.40667e-13 3.18053e-13 4.06009e-13 5.16947e-13 6.64511e-13 8.65043e-13 1.14038e-12 1.5156e-12 2.02153e-12 2.69856e-12 3.59654e-12 4.7796e-12 6.33101e-12 8.35706e-12 1.09916e-11 1.43872e-11 1.87026e-11 2.40442e-11 3.03862e-11 3.74606e-11 4.46838e-11 5.12013e-11 5.60984e-11 5.87447e-11 5.91013e-11 5.77412e-11 5.54933e-11 5.29508e-11 5.0227e-11 4.71408e-11 4.35341e-11 3.94314e-11 3.50102e-11 3.0505e-11 2.61288e-11 2.2039e-11 1.83339e-11 1.5059e-11 1.22192e-11 9.79614e-12 7.75653e-12 6.06088e-12 4.66596e-12 3.53055e-12 2.61431e-12 1.87429e-12 1.26683e-12 7.53596e-13 
1.60813e-13 2.53783e-13 3.44695e-13 4.42384e-13 5.58012e-13 7.05211e-13 9.01654e-13 1.16825e-12 1.53171e-12 2.02153e-12 2.67521e-12 3.53889e-12 4.67e-12 6.13899e-12 8.03975e-12 1.04871e-11 1.36214e-11 1.76046e-11 2.2585e-11 2.86344e-11 3.56339e-11 4.31619e-11 5.04461e-11 5.648e-11 6.0357e-11 6.16792e-11 6.07814e-11 5.85356e-11 5.58139e-11 5.30192e-11 5.00689e-11 4.67326e-11 4.29162e-11 3.87099e-11 3.4306e-11 2.9908e-11 2.56854e-11 2.17556e-11 1.81905e-11 1.50202e-11 1.22483e-11 9.85972e-12 7.82882e-12 6.12332e-12 4.7085e-12 3.54933e-12 2.60382e-12 1.83019e-12 1.18129e-12 6.45651e-13 
1.42653e-13 2.59204e-13 3.712e-13 4.8356e-13 6.08789e-13 7.59177e-13 9.53439e-13 1.21412e-12 1.56559e-12 2.04088e-12 2.67521e-12 3.51251e-12 4.60441e-12 6.01586e-12 7.82625e-12 1.01361e-11 1.30685e-11 1.67743e-11 2.14146e-11 2.71211e-11 3.39059e-11 4.15214e-11 4.93453e-11 5.63895e-11 6.15484e-11 6.40511e-11 6.38695e-11 6.17487e-11 5.87643e-11 5.56836e-11 5.26654e-11 4.94921e-11 4.59571e-11 4.20372e-11 3.78528e-11 3.35748e-11 2.93594e-11 2.53303e-11 2.15731e-11 1.81406e-11 1.5059e-11 1.23336e-11 9.95775e-12 7.91718e-12 6.18793e-12 4.74423e-12 3.55242e-12 2.57135e-12 1.75329e-12 1.05151e-12 
2.49745e-13 3.92039e-13 5.2786e-13 6.68878e-13 8.28489e-13 1.02409e-12 1.27957e-12 1.62139e-12 2.0823e-12 2.69856e-12 3.51251e-12 4.57416e-12 5.94222e-12 7.68905e-12 9.90228e-12 1.26895e-11 1.61822e-11 2.05373e-11 2.59132e-11 3.24098e-11 3.99407e-11 4.80716e-11 5.59271e-11 6.2319e-11 6.61607e-11 6.69817e-11 6.52244e-11 6.20025e-11 5.84401e-11 5.50795e-11 5.1858e-11 4.85076e-11 4.48799e-11 4.09961e-11 3.69642e-11 3.29042e-11 2.89214e-11 2.51027e-11 2.15106e-11 1.81905e-11 1.51701e-11 1.2465e-11 1.00804e-11 8.01077e-12 6.24637e-12 4.76294e-12 3.53076e-12 2.50459e-12 1.63015e-12 8.97467e-13 
2.21729e-13 3.99777e-13 5.6958e-13 7.35549e-13 9.11942e-13 1.11607e-12 1.37063e-12 1.70388e-12 2.15038e-12 2.74818e-12 3.53889e-12 4.57416e-12 5.9089e-12 7.60955e-12 9.75415e-12 1.24397e-11 1.57816e-11 1.99215e-11 2.50187e-11 3.1222e-11 3.85676e-11 4.68072e-11 5.5244e-11 6.27307e-11 6.79724e-11 7.00653e-11 6.89973e-11 6.57069e-11 6.15565e-11 5.75532e-11 5.39705e-11 5.05976e-11 4.71801e-11 4.36149e-11 3.99178e-11 3.61485e-11 3.23677e-11 2.86398e-11 2.50237e-11 2.15731e-11 1.83339e-11 1.53436e-11 1.26293e-11 1.02106e-11 8.09755e-12 6.28455e-12 4.75512e-12 3.4743e-12 2.39e-12 1.44654e-12 
3.84424e-13 6.01039e-13 8.04763e-13 1.00761e-12 1.22835e-12 1.48939e-12 1.81807e-12 2.25145e-12 2.82913e-12 3.59654e-12 4.60441e-12 5.9089e-12 7.57296e-12 9.66883e-12 1.22838e-11 1.5523e-11 1.95133e-11 2.44034e-11 3.03572e-11 3.74897e-11 4.57098e-11 5.45214e-11 6.29133e-11 6.95176e-11 7.30776e-11 7.30595e-11 7.00091e-11 6.53146e-11 6.04149e-11 5.60822e-11 5.23527e-11 4.89468e-11 4.56325e-11 4.23038e-11 3.89278e-11 3.54961e-11 3.20235e-11 2.85427e-11 2.51027e-11 2.17556e-11 1.85573e-11 1.55593e-11 1.28061e-11 1.03329e-11 8.16162e-12 6.29273e-12 4.70947e-12 3.37027e-12 2.21367e-12 1.22933e-12 
3.39656e-13 6.11939e-13 8.67566e-13 1.11114e-12 1.36077e-12 1.63787e-12 1.96945e-12 2.39319e-12 2.95116e-12 3.69187e-12 4.67e-12 5.94222e-12 7.57296e-12 9.6294e-12 1.2193e-11 1.53625e-11 1.92549e-11 2.40093e-11 2.97844e-11 3.67333e-11 4.48795e-11 5.39191e-11 6.30327e-11 7.09056e-11 7.60463e-11 7.74119e-11 7.50025e-11 6.9976e-11 6.40458e-11 5.85604e-11 5.40172e-11 5.02819e-11 4.70357e-11 4.40291e-11 4.10985e-11 3.81365e-11 3.50775e-11 3.19048e-11 2.86398e-11 2.53303e-11 2.2039e-11 1.88363e-11 1.57927e-11 1.29736e-11 1.04282e-11 8.18787e-12 6.25762e-12 4.61393e-12 3.20339e-12 1.95649e-12 
5.85725e-13 9.12336e-13 1.21312e-12 1.50762e-12 1.81495e-12 2.1615e-12 2.58299e-12 3.12303e-12 3.83637e-12 4.7796e-12 6.01586e-12 7.60955e-12 9.6294e-12 1.21518e-11 1.52696e-11 1.90997e-11 2.37736e-11 2.94459e-11 3.62773e-11 4.43599e-11 5.3547e-11 6.32378e-11 7.2268e-11 7.90544e-11 8.21021e-11 8.07772e-11 7.57814e-11 6.88569e-11 6.18752e-11 5.59779e-11 5.14074e-11 4.78943e-11 4.50515e-11 4.25483e-11 4.01329e-11 3.76277e-11 3.49334e-11 3.20235e-11 2.89214e-11 2.56854e-11 2.2394e-11 1.91394e-11 1.60156e-11 1.31069e-11 1.0478e-11 8.16304e-12 6.16619e-12 4.45358e-12 2.95342e-12 1.65444e-12 
5.14447e-13 9.22242e-13 1.30241e-12 1.66079e-12 2.01632e-12 2.39315e-12 2.82507e-12 3.35693e-12 4.04271e-12 4.94734e-12 6.13899e-12 7.68905e-12 9.66883e-12 1.21518e-11 1.52275e-11 1.90123e-11 2.36431e-11 2.9275e-11 3.60696e-11 4.41467e-11 5.34694e-11 6.36405e-11 7.37194e-11 8.21753e-11 8.71848e-11 8.74306e-11 8.29515e-11 7.52648e-11 6.65865e-11 5.87737e-11 5.27072e-11 4.83939e-11 4.54019e-11 4.32064e-11 4.13557e-11 3.95104e-11 3.74523e-11 3.50775e-11 3.23677e-11 2.93594e-11 2.61288e-11 2.2779e-11 1.94296e-11 1.61971e-11 1.31839e-11 1.04641e-11 8.07421e-12 6.00732e-12 4.20947e-12 2.59854e-12 
8.76379e-13 1.36087e-12 1.80553e-12 2.2321e-12 2.66147e-12 3.12318e-12 3.65908e-12 4.32546e-12 5.1908e-12 6.33101e-12 7.82625e-12 9.75415e-12 1.2193e-11 1.52275e-11 1.89728e-11 2.35783e-11 2.92129e-11 3.60427e-11 4.41968e-11 5.37017e-11 6.43201e-11 7.53548e-11 8.54571e-11 9.26495e-11 9.49938e-11 9.1665e-11 8.36486e-11 7.32908e-11 6.30947e-11 5.47647e-11 4.88921e-11 4.52146e-11 4.30585e-11 4.17071e-11 4.05838e-11 3.92957e-11 3.76277e-11 3.54961e-11 3.29042e-11 2.9908e-11 2.66122e-11 2.315e-11 1.96682e-11 1.63068e-11 1.31825e-11 1.0373e-11 7.90794e-12 5.76398e-12 3.86113e-12 2.18445e-12 
7.63141e-13 1.36361e-12 1.92404e-12 2.4465e-12 2.95359e-12 3.47016e-12 4.0337e-12 4.69583e-12 5.5272e-12 6.61187e-12 8.03975e-12 9.90228e-12 1.22838e-11 1.52696e-11 1.89728e-11 2.35522e-11 2.92045e-11 3.61191e-11 4.44335e-11 5.42083e-11 6.53158e-11 7.72633e-11 8.89577e-11 9.84657e-11 1.03378e-10 1.01957e-10 9.43071e-11 8.25458e-11 6.97104e-11 5.83823e-11 4.99908e-11 4.4799e-11 4.21795e-11 4.1129e-11 4.07278e-11 4.03165e-11 3.95104e-11 3.81365e-11 3.61485e-11 3.35748e-11 3.0505e-11 2.70767e-11 2.34562e-11 1.98176e-11 1.63194e-11 1.3086e-11 1.0192e-11 7.65324e-12 5.41625e-12 3.37822e-12 
1.28373e-12 1.99123e-12 2.63976e-12 3.25326e-12 3.85561e-12 4.47501e-12 5.15793e-12 5.97213e-12 7.00423e-12 8.35706e-12 1.01361e-11 1.24397e-11 1.53625e-11 1.90123e-11 2.35522e-11 2.92118e-11 3.62243e-11 4.47553e-11 5.4897e-11 6.65978e-11 7.95104e-11 9.27671e-11 1.04637e-10 1.12489e-10 1.1371e-10 1.07343e-10 9.48202e-11 7.93736e-11 6.44961e-11 5.25895e-11 4.47439e-11 4.08061e-11 3.96333e-11 3.98513e-11 4.03866e-11 4.05838e-11 4.01329e-11 3.89278e-11 3.69642e-11 3.4306e-11 3.10809e-11 2.74638e-11 2.36531e-11 1.98469e-11 1.62151e-11 1.2883e-11 9.91337e-12 7.2947e-12 4.93813e-12 2.8217e-12 
1.10763e-12 1.97293e-12 2.78328e-12 3.53637e-12 4.25761e-12 4.96918e-12 5.70738e-12 6.53255e-12 7.52919e-12 8.8072e-12 1.04871e-11 1.26895e-11 1.5523e-11 1.90997e-11 2.35783e-11 2.92118e-11 3.62932e-11 4.50496e-11 5.56231e-11 6.80428e-11 8.20682e-11 9.69662e-11 1.11236e-10 1.22275e-10 1.26822e-10 1.22705e-10 1.10376e-10 9.27739e-11 7.40728e-11 5.78035e-11 4.60316e-11 3.94781e-11 3.73752e-11 3.79171e-11 3.94025e-11 4.07278e-11 4.13557e-11 4.10985e-11 3.99178e-11 3.78528e-11 3.50102e-11 3.15612e-11 2.77168e-11 2.37029e-11 1.9732e-11 1.59814e-11 1.25653e-11 9.5248e-12 6.80983e-12 4.29495e-12 
1.83551e-12 2.84314e-12 3.77225e-12 4.64905e-12 5.4929e-12 6.32866e-12 7.20388e-12 8.19594e-12 9.41431e-12 1.09916e-11 1.30685e-11 1.57816e-11 1.92549e-11 2.36431e-11 2.92045e-11 3.62932e-11 4.5222e-11 5.62234e-11 6.94449e-11 8.47662e-11 1.01513e-10 1.1833e-10 1.32769e-10 1.41181e-10 1.4034e-10 1.29342e-10 1.10428e-10 8.80635e-11 6.68504e-11 4.99973e-11 3.92317e-11 3.48053e-11 3.50104e-11 3.73081e-11 3.98513e-11 4.17071e-11 4.25483e-11 4.23038e-11 4.09961e-11 3.87099e-11 3.56011e-11 3.18803e-11 2.7791e-11 2.35774e-11 1.9461e-11 1.5613e-11 1.21293e-11 9.01505e-12 6.1688e-12 3.55908e-12 
1.56561e-12 2.78068e-12 3.92475e-12 4.99463e-12 6.01254e-12 6.99278e-12 7.96871e-12 9.00162e-12 1.01935e-11 1.16807e-11 1.36214e-11 1.61822e-11 1.95133e-11 2.37736e-11 2.92129e-11 3.62243e-11 4.5222e-11 5.65611e-11 7.05615e-11 8.72972e-11 1.06155e-10 1.25825e-10 1.43987e-10 1.56789e-10 1.60083e-10 1.51738e-10 1.3273e-10 1.07299e-10 8.09597e-11 5.81766e-11 4.16792e-11 3.29607e-11 3.14833e-11 3.41591e-11 3.79171e-11 4.1129e-11 4.32064e-11 4.40291e-11 4.36149e-11 4.20372e-11 3.94314e-11 3.59991e-11 3.19858e-11 2.76571e-11 2.32654e-11 1.90311e-11 1.511e-11 1.15671e-11 8.35722e-12 5.32738e-12 
2.55168e-12 3.95158e-12 5.25242e-12 6.48452e-12 7.65878e-12 8.79087e-12 9.92408e-12 1.11409e-11 1.25729e-11 1.43872e-11 1.67743e-11 1.99215e-11 2.40093e-11 2.9275e-11 3.61191e-11 4.50496e-11 5.65611e-11 7.11819e-11 8.92895e-11 1.10431e-10 1.33338e-10 1.55756e-10 1.73596e-10 1.81983e-10 1.77472e-10 1.59845e-10 1.32454e-10 1.0126e-10 7.20715e-11 4.88051e-11 3.37707e-11 2.83072e-11 3.02624e-11 3.50104e-11 3.96333e-11 4.30585e-11 4.50515e-11 4.56325e-11 4.48799e-11 4.29162e-11 3.9926e-11 3.61474e-11 3.18486e-11 2.73034e-11 2.27667e-11 1.84468e-11 1.44728e-11 1.08666e-11 7.51688e-12 4.37587e-12 
2.15147e-12 3.80561e-12 5.37779e-12 6.86242e-12 8.27595e-12 9.62227e-12 1.09204e-11 1.22305e-11 1.36651e-11 1.53886e-11 1.76046e-11 2.05373e-11 2.44034e-11 2.94459e-11 3.60427e-11 4.47553e-11 5.62234e-11 7.11819e-11 9.03964e-11 1.13766e-10 1.40179e-10 1.67517e-10 1.91355e-10 2.06026e-10 2.06831e-10 1.91991e-10 1.63956e-10 1.28652e-10 9.30011e-11 6.23674e-11 3.98708e-11 2.76781e-11 2.65396e-11 3.14833e-11 3.73752e-11 4.21795e-11 4.54019e-11 4.70357e-11 4.71801e-11 4.59571e-11 4.35341e-11 4.01333e-11 3.60154e-11 3.14572e-11 2.67338e-11 2.20909e-11 1.77144e-11 1.36978e-11 9.99897e-12 6.44067e-12 
3.44035e-12 5.32568e-12 7.09663e-12 8.78879e-12 1.04013e-11 1.19318e-11 1.34112e-11 1.49261e-11 1.6622e-11 1.87026e-11 2.14146e-11 2.50187e-11 2.97844e-11 3.60696e-11 4.44335e-11 5.56231e-11 7.05615e-11 9.03964e-11 1.15611e-10 1.45476e-10 1.78226e-10 2.09235e-10 2.31888e-10 2.3983e-10 2.29668e-10 2.02406e-10 1.63928e-10 1.22016e-10 8.36754e-11 5.32409e-11 3.3028e-11 2.52828e-11 2.83072e-11 3.48053e-11 4.08061e-11 4.52146e-11 4.78943e-11 4.89468e-11 4.85076e-11 4.67326e-11 4.38236e-11 4.00228e-11 3.55977e-11 3.0823e-11 2.59635e-11 2.125e-11 1.68386e-11 1.2769e-11 8.92356e-12 5.23655e-12 
2.86425e-12 5.0469e-12 7.13939e-12 9.1402e-12 1.10607e-11 1.28847e-11 1.46117e-11 1.62935e-11 1.80481e-11 2.00623e-11 2.2585e-11 2.59132e-11 3.03572e-11 3.62773e-11 4.41968e-11 5.4897e-11 6.94449e-11 8.92895e-11 1.15611e-10 1.48399e-10 1.86532e-10 2.25639e-10 2.58375e-10 2.75874e-10 2.72728e-10 2.48287e-10 2.0791e-10 1.60315e-10 1.13869e-10 7.48864e-11 4.64869e-11 3.03583e-11 2.76781e-11 3.29607e-11 3.94781e-11 4.4799e-11 4.83939e-11 5.02819e-11 5.05976e-11 4.94921e-11 4.71408e-11 4.37613e-11 3.95981e-11 3.49112e-11 2.99651e-11 2.50107e-11 2.02551e-11 1.58143e-11 1.16558e-11 7.57814e-12 
4.49202e-12 6.94623e-12 9.27908e-12 1.15353e-11 1.36992e-11 1.57449e-11 1.7684e-11 1.95957e-11 2.16375e-11 2.40442e-11 2.71211e-11 3.1222e-11 3.67333e-11 4.41467e-11 5.42083e-11 6.80428e-11 8.72972e-11 1.13766e-10 1.48399e-10 1.91128e-10 2.38429e-10 2.83087e-10 3.13383e-10 3.20391e-10 3.01548e-10 2.61038e-10 2.08735e-10 1.54511e-10 1.05978e-10 6.85026e-11 4.39464e-11 3.3028e-11 3.37707e-11 3.92317e-11 4.47439e-11 4.88921e-11 5.14074e-11 5.23527e-11 5.1858e-11 5.00689e-11 4.71642e-11 4.33582e-11 3.88824e-11 3.39824e-11 2.89062e-11 2.38893e-11 1.91084e-11 1.46227e-11 1.03109e-11 6.09052e-12 
3.68876e-12 6.47115e-12 9.16162e-12 1.17676e-11 1.42983e-11 1.67149e-11 1.89915e-11 2.11626e-11 2.33428e-11 2.57363e-11 2.86344e-11 3.24098e-11 3.74897e-11 4.43599e-11 5.37017e-11 6.65978e-11 8.47662e-11 1.10431e-10 1.45476e-10 1.91128e-10 2.45493e-10 3.02588e-10 3.48969e-10 3.70982e-10 3.6189e-10 3.23966e-10 2.67845e-10 2.06322e-10 1.48345e-10 1.00253e-10 6.61647e-11 4.64869e-11 3.98708e-11 4.16792e-11 4.60316e-11 4.99908e-11 5.27072e-11 5.40172e-11 5.39705e-11 5.26654e-11 5.0227e-11 4.68227e-11 4.26468e-11 3.79088e-11 3.28355e-11 2.76631e-11 2.26074e-11 1.78024e-11 1.32296e-11 8.66721e-12 
5.66829e-12 8.75185e-12 1.17148e-11 1.46188e-11 1.74341e-11 2.01075e-11 2.26283e-11 2.50591e-11 2.75583e-11 3.03862e-11 3.39059e-11 3.85676e-11 4.48795e-11 5.34694e-11 6.53158e-11 8.20682e-11 1.06155e-10 1.40179e-10 1.86532e-10 2.45493e-10 3.13356e-10 3.77394e-10 4.19983e-10 4.27458e-10 3.96905e-10 3.38954e-10 2.70022e-10 2.02595e-10 1.43734e-10 9.81949e-11 6.85026e-11 5.32409e-11 4.88051e-11 4.99973e-11 5.25895e-11 5.47647e-11 5.59779e-11 5.60822e-11 5.50795e-11 5.30192e-11 4.99971e-11 4.61561e-11 4.16619e-11 3.67019e-11 3.14877e-11 2.6245e-11 2.11618e-11 1.6315e-11 1.15853e-11 6.87375e-12 
4.59271e-12 8.01409e-12 1.13455e-11 1.46142e-11 1.78294e-11 2.09304e-11 2.38662e-11 2.66466e-11 2.93744e-11 3.22598e-11 3.56339e-11 3.99407e-11 4.57098e-11 5.3547e-11 6.43201e-11 7.95104e-11 1.01513e-10 1.33338e-10 1.78226e-10 2.38429e-10 3.13356e-10 3.93092e-10 4.59805e-10 4.92212e-10 4.76833e-10 4.21748e-10 3.46927e-10 2.69497e-10 1.99504e-10 1.42084e-10 1.00253e-10 7.48864e-11 6.23674e-11 5.81766e-11 5.78035e-11 5.83823e-11 5.87737e-11 5.85604e-11 5.75532e-11 5.56836e-11 5.29508e-11 4.94191e-11 4.51994e-11 4.04273e-11 3.52736e-11 2.99449e-11 2.46514e-11 1.95424e-11 1.46117e-11 9.6251e-12 
6.90781e-12 1.06405e-11 1.4259e-11 1.78517e-11 2.13788e-11 2.47622e-11 2.79635e-11 3.10262e-11 3.40996e-11 3.74606e-11 4.15214e-11 4.68072e-11 5.39191e-11 6.36405e-11 7.72633e-11 9.69662e-11 1.25825e-10 1.67517e-10 2.25639e-10 3.02588e-10 3.93092e-10 4.81952e-10 5.45748e-10 5.56375e-10 5.11648e-10 4.35331e-10 3.49866e-10 2.68308e-10 1.98373e-10 1.43734e-10 1.05978e-10 8.36754e-11 7.20715e-11 6.68504e-11 6.44961e-11 6.30947e-11 6.18752e-11 6.04149e-11 5.84401e-11 5.58139e-11 5.24971e-11 4.85225e-11 4.39676e-11 3.89471e-11 3.36257e-11 2.82048e-11 2.28746e-11 1.7728e-11 1.26494e-11 7.52215e-12 
5.52118e-12 9.57624e-12 1.35462e-11 1.74813e-11 2.14019e-11 2.52293e-11 2.88867e-11 3.23609e-11 3.57347e-11 3.92146e-11 4.31619e-11 4.80716e-11 5.45214e-11 6.32378e-11 7.53548e-11 9.27671e-11 1.1833e-10 1.55756e-10 2.09235e-10 2.83087e-10 3.77394e-10 4.81952e-10 5.75753e-10 6.22649e-10 6.01053e-10 5.29758e-10 4.40146e-10 3.50474e-10 2.67806e-10 1.99504e-10 1.48345e-10 1.13869e-10 9.30011e-11 8.09597e-11 7.40728e-11 6.97104e-11 6.65865e-11 6.40458e-11 6.15565e-11 5.87643e-11 5.54933e-11 5.16753e-11 4.73122e-11 4.24551e-11 3.72119e-11 3.17496e-11 2.62631e-11 2.09086e-11 1.5693e-11 1.0369e-11 
8.12458e-12 1.24755e-11 1.67212e-11 2.09827e-11 2.52153e-11 2.93241e-11 3.32455e-11 3.69999e-11 4.07177e-11 4.46838e-11 4.93453e-11 5.5244e-11 6.30327e-11 7.37194e-11 8.89577e-11 1.11236e-10 1.43987e-10 1.91355e-10 2.58375e-10 3.48969e-10 4.59805e-10 5.75753e-10 6.59854e-10 6.75964e-10 6.22693e-10 5.34691e-10 4.40749e-10 3.50531e-10 2.68308e-10 2.02595e-10 1.54511e-10 1.22016e-10 1.0126e-10 8.80635e-11 7.93736e-11 7.32908e-11 6.88569e-11 6.53146e-11 6.20025e-11 5.85356e-11 5.47243e-11 5.04769e-11 4.57698e-11 4.0644e-11 3.52106e-11 2.96423e-11 2.41199e-11 1.87444e-11 1.34051e-11 7.97066e-12 
6.40788e-12 1.10421e-11 1.55907e-11 2.01339e-11 2.47084e-11 2.92258e-11 3.35892e-11 3.77617e-11 4.1801e-11 4.5904e-11 5.04461e-11 5.59271e-11 6.29133e-11 7.2268e-11 8.54571e-11 1.04637e-10 1.32769e-10 1.73596e-10 2.31888e-10 3.13383e-10 4.19983e-10 5.45748e-10 6.59854e-10 7.18554e-10 7.01053e-10 6.26277e-10 5.34038e-10 4.40503e-10 3.50474e-10 2.69497e-10 2.06322e-10 1.60315e-10 1.28652e-10 1.07299e-10 9.27739e-11 8.25458e-11 7.52648e-11 6.9976e-11 6.57069e-11 6.17487e-11 5.77412e-11 5.34879e-11 4.8877e-11 4.3871e-11 3.85167e-11 3.2939e-11 2.73098e-11 2.17821e-11 1.637e-11 1.08253e-11 
9.22276e-12 1.411e-11 1.88929e-11 2.37329e-11 2.85882e-11 3.33485e-11 3.79336e-11 4.23364e-11 4.66656e-11 5.12013e-11 5.63895e-11 6.27307e-11 7.09056e-11 8.21753e-11 9.84657e-11 1.22275e-10 1.56789e-10 2.06026e-10 2.75874e-10 3.70982e-10 4.92212e-10 6.22649e-10 7.18554e-10 7.46439e-10 7.04679e-10 6.2367e-10 5.3305e-10 4.40749e-10 3.49866e-10 2.70022e-10 2.08735e-10 1.63928e-10 1.32454e-10 1.10428e-10 9.48202e-11 8.36486e-11 7.57814e-11 7.00091e-11 6.52244e-11 6.07814e-11 5.63633e-11 5.17625e-11 4.68525e-11 4.16013e-11 3.60742e-11 3.04091e-11 2.47706e-11 1.92604e-11 1.37758e-11 8.17277e-12 
7.17654e-12 1.22873e-11 1.73035e-11 2.23363e-11 2.74439e-11 3.253e-11 3.74844e-11 4.22489e-11 4.68542e-11 5.14774e-11 5.648e-11 6.2319e-11 6.95176e-11 7.90544e-11 9.26495e-11 1.12489e-10 1.41181e-10 1.81983e-10 2.3983e-10 3.20391e-10 4.27458e-10 5.56375e-10 6.75964e-10 7.46439e-10 7.51051e-10 7.01772e-10 6.22036e-10 5.34038e-10 4.40146e-10 3.46927e-10 2.67845e-10 2.0791e-10 1.63956e-10 1.3273e-10 1.10376e-10 9.43071e-11 8.29515e-11 7.50025e-11 6.89973e-11 6.38695e-11 5.91013e-11 5.4399e-11 4.95383e-11 4.43965e-11 3.89672e-11 3.3338e-11 2.76534e-11 2.20558e-11 1.65665e-11 1.09419e-11 
1.01071e-11 1.54015e-11 2.05848e-11 2.58552e-11 3.11783e-11 3.64332e-11 4.15212e-11 4.6412e-11 5.11859e-11 5.60984e-11 6.15484e-11 6.79724e-11 7.60463e-11 8.71848e-11 1.03378e-10 1.26822e-10 1.60083e-10 2.06831e-10 2.72728e-10 3.6189e-10 4.76833e-10 6.01053e-10 7.01053e-10 7.51051e-10 7.49178e-10 7.00443e-10 6.2367e-10 5.34691e-10 4.35331e-10 3.38954e-10 2.61038e-10 2.02406e-10 1.59845e-10 1.29342e-10 1.07343e-10 9.1665e-11 8.07772e-11 7.30595e-11 6.69817e-11 6.16792e-11 5.67432e-11 5.1869e-11 4.68307e-11 4.15343e-11 3.60069e-11 3.03532e-11 2.47177e-11 1.92012e-11 1.37106e-11 8.10194e-12 
7.75996e-12 1.32026e-11 1.85382e-11 2.3901e-11 2.9366e-11 3.48377e-11 4.0189e-11 4.534e-11 5.02948e-11 5.51976e-11 6.0357e-11 6.61607e-11 7.30776e-11 8.21021e-11 9.49938e-11 1.1371e-10 1.4034e-10 1.77472e-10 2.29668e-10 3.01548e-10 3.96905e-10 5.11648e-10 6.22693e-10 7.04679e-10 7.49178e-10 7.49005e-10 7.01772e-10 6.26277e-10 5.29758e-10 4.21748e-10 3.23966e-10 2.48287e-10 1.91991e-10 1.51738e-10 1.22705e-10 1.01957e-10 8.74306e-11 7.74119e-11 7.00653e-11 6.40511e-11 5.87447e-11 5.37759e-11 4.88232e-11 4.36884e-11 3.83218e-11 3.27796e-11 2.71827e-11 2.16605e-11 1.62408e-11 1.06972e-11 
1.06972e-11 1.62408e-11 2.16605e-11 2.71827e-11 3.27796e-11 3.83218e-11 4.36884e-11 4.88232e-11 5.37759e-11 5.87447e-11 6.40511e-11 7.00653e-11 7.74119e-11 8.74306e-11 1.01957e-10 1.22705e-10 1.51738e-10 1.91991e-10 2.48287e-10 3.23966e-10 4.21748e-10 5.29758e-10 6.26277e-10 7.01772e-10 7.49005e-10 7.49178e-10 7.04679e-10 6.22693e-10 5.11648e-10 3.96905e-10 3.01548e-10 2.29668e-10 1.77472e-10 1.4034e-10 1.1371e-10 9.49938e-11 8.21021e-11 7.30776e-11 6.61607e-11 6.0357e-11 5.51976e-11 5.02948e-11 4.534e-11 4.0189e-11 3.48377e-11 2.9366e-11 2.3901e-11 1.85382e-11 1.32026e-11 7.75996e-12 
8.10194e-12 1.37106e-11 1.92012e-11 2.47177e-11 3.03532e-11 3.60069e-11 4.15343e-11 4.68307e-11 5.1869e-11 5.67432e-11 6.16792e-11 6.69817e-11 7.30595e-11 8.07772e-11 9.1665e-11 1.07343e-10 1.29342e-10 1.59845e-10 2.02406e-10 2.61038e-10 3.38954e-10 4.35331e-10 5.34691e-10 6.2367e-10 7.00443e-10 7.49178e-10 7.51051e-10 7.01053e-10 6.01053e-10 4.76833e-10 3.6189e-10 2.72728e-10 2.06831e-10 1.60083e-10 1.26822e-10 1.03378e-10 8.71848e-11 7.60463e-11 6.79724e-11 6.15484e-11 5.60984e-11 5.11859e-11 4.6412e-11 4.15212e-11 3.64332e-11 3.11783e-11 2.58552e-11 2.05848e-11 1.54015e-11 1.01071e-11 
1.09419e-11 1.65665e-11 2.20558e-11 2.76534e-11 3.3338e-11 3.89672e-11 4.43965e-11 4.95383e-11 5.4399e-11 5.91013e-11 6.38695e-11 6.89973e-11 7.50025e-11 8.29515e-11 9.43071e-11 1.10376e-10 1.3273e-10 1.63956e-10 2.0791e-10 2.67845e-10 3.46927e-10 4.40146e-10 5.34038e-10 6.22036e-10 7.01772e-10 7.51051e-10 7.46439e-10 6.75964e-10 5.56375e-10 4.27458e-10 3.20391e-10 2.3983e-10 1.81983e-10 1.41181e-10 1.12489e-10 9.26495e-11 7.90544e-11 6.95176e-11 6.2319e-11 5.648e-11 5.14774e-11 4.68542e-11 4.22489e-11 3.74844e-11 3.253e-11 2.74439e-11 2.23363e-11 1.73035e-11 1.22873e-11 7.17654e-12 
8.17277e-12 1.37758e-11 1.92604e-11 2.47706e-11 3.04091e-11 3.60742e-11 4.16013e-11 4.68525e-11 5.17625e-11 5.63633e-11 6.07814e-11 6.52244e-11 7.00091e-11 7.57814e-11 8.36486e-11 9.48202e-11 1.10428e-10 1.32454e-10 1.63928e-10 2.08735e-10 2.70022e-10 3.49866e-10 4.40749e-10 5.3305e-10 6.2367e-10 7.04679e-10 7.46439e-10 7.18554e-10 6.22649e-10 4.92212e-10 3.70982e-10 2.75874e-10 2.06026e-10 1.56789e-10 1.22275e-10 9.84657e-11 8.21753e-11 7.09056e-11 6.27307e-11 5.63895e-11 5.12013e-11 4.66656e-11 4.23364e-11 3.79336e-11 3.33485e-11 2.85882e-11 2.37329e-11 1.88929e-11 1.411e-11 9.22276e-12 
1.08253e-11 1.637e-11 2.17821e-11 2.73098e-11 3.2939e-11 3.85167e-11 4.3871e-11 4.8877e-11 5.34879e-11 5.77412e-11 6.17487e-11 6.57069e-11 6.9976e-11 7.52648e-11 8.25458e-11 9.27739e-11 1.07299e-10 1.28652e-10 1.60315e-10 2.06322e-10 2.69497e-10 3.50474e-10 4.40503e-10 5.34038e-10 6.26277e-10 7.01053e-10 7.18554e-10 6.59854e-10 5.45748e-10 4.19983e-10 3.13383e-10 2.31888e-10 1.73596e-10 1.32769e-10 1.04637e-10 8.54571e-11 7.2268e-11 6.29133e-11 5.59271e-11 5.04461e-11 4.5904e-11 4.1801e-11 3.77617e-11 3.35892e-11 2.92258e-11 2.47084e-11 2.01339e-11 1.55907e-11 1.10421e-11 6.40788e-12 
7.97066e-12 1.34051e-11 1.87444e-11 2.41199e-11 2.96423e-11 3.52106e-11 4.0644e-11 4.57698e-11 5.04769e-11 5.47243e-11 5.85356e-11 6.20025e-11 6.53146e-11 6.88569e-11 7.32908e-11 7.93736e-11 8.80635e-11 1.0126e-10 1.22016e-10 1.54511e-10 2.02595e-10 2.68308e-10 3.50531e-10 4.40749e-10 5.34691e-10 6.22693e-10 6.75964e-10 6.59854e-10 5.75753e-10 4.59805e-10 3.48969e-10 2.58375e-10 1.91355e-10 1.43987e-10 1.11236e-10 8.89577e-11 7.37194e-11 6.30327e-11 5.5244e-11 4.93453e-11 4.46838e-11 4.07177e-11 3.69999e-11 3.32455e-11 2.93241e-11 2.52153e-11 2.09827e-11 1.67212e-11 1.24755e-11 8.12458e-12 
1.0369e-11 1.5693e-11 2.09086e-11 2.62631e-11 3.17496e-11 3.72119e-11 4.24551e-11 4.73122e-11 5.16753e-11 5.54933e-11 5.87643e-11 6.15565e-11 6.40458e-11 6.65865e-11 6.97104e-11 7.40728e-11 8.09597e-11 9.30011e-11 1.13869e-10 1.48345e-10 1.99504e-10 2.67806e-10 3.50474e-10 4.40146e-10 5.29758e-10 6.01053e-10 6.22649e-10 5.75753e-10 4.81952e-10 3.77394e-10 2.83087e-10 2.09235e-10 1.55756e-10 1.1833e-10 9.27671e-11 7.53548e-11 6.32378e-11 5.45214e-11 4.80716e-11 4.31619e-11 3.92146e-11 3.57347e-11 3.23609e-11 2.88867e-11 2.52293e-11 2.14019e-11 1.74813e-11 1.35462e-11 9.57624e-12 5.52118e-12 
7.52215e-12 1.26494e-11 1.7728e-11 2.28746e-11 2.82048e-11 3.36257e-11 3.89471e-11 4.39676e-11 4.85225e-11 5.24971e-11 5.58139e-11 5.84401e-11 6.04149e-11 6.18752e-11 6.30947e-11 6.44961e-11 6.68504e-11 7.20715e-11 8.36754e-11 1.05978e-10 1.43734e-10 1.98373e-10 2.68308e-10 3.49866e-10 4.35331e-10 5.11648e-10 5.56375e-10 5.45748e-10 4.81952e-10 3.93092e-10 3.02588e-10 2.25639e-10 1.67517e-10 1.25825e-10 9.69662e-11 7.72633e-11 6.36405e-11 5.39191e-11 4.68072e-11 4.15214e-11 3.74606e-11 3.40996e-11 3.10262e-11 2.79635e-11 2.47622e-11 2.13788e-11 1.78517e-11 1.4259e-11 1.06405e-11 6.90781e-12 
9.6251e-12 1.46117e-11 1.95424e-11 2.46514e-11 2.99449e-11 3.52736e-11 4.04273e-11 4.51994e-11 4.94191e-11 5.29508e-11 5.56836e-11 5.75532e-11 5.85604e-11 5.87737e-11 5.83823e-11 5.78035e-11 5.81766e-11 6.23674e-11 7.48864e-11 1.00253e-10 1.42084e-10 1.99504e-10 2.69497e-10 3.46927e-10 4.21748e-10 4.76833e-10 4.92212e-10 4.59805e-10 3.93092e-10 3.13356e-10 2.38429e-10 1.78226e-10 1.33338e-10 1.01513e-10 7.95104e-11 6.43201e-11 5.3547e-11 4.57098e-11 3.99407e-11 3.56339e-11 3.22598e-11 2.93744e-11 2.66466e-11 2.38662e-11 2.09304e-11 1.78294e-11 1.46142e-11 1.13455e-11 8.01409e-12 4.59271e-12 
6.87375e-12 1.15853e-11 1.6315e-11 2.11618e-11 2.6245e-11 3.14877e-11 3.67019e-11 4.16619e-11 4.61561e-11 4.99971e-11 5.30192e-11 5.50795e-11 5.60822e-11 5.59779e-11 5.47647e-11 5.25895e-11 4.99973e-11 4.88051e-11 5.32409e-11 6.85026e-11 9.81949e-11 1.43734e-10 2.02595e-10 2.70022e-10 3.38954e-10 3.96905e-10 4.27458e-10 4.19983e-10 3.77394e-10 3.13356e-10 2.45493e-10 1.86532e-10 1.40179e-10 1.06155e-10 8.20682e-11 6.53158e-11 5.34694e-11 4.48795e-11 3.85676e-11 3.39059e-11 3.03862e-11 2.75583e-11 2.50591e-11 2.26283e-11 2.01075e-11 1.74341e-11 1.46188e-11 1.17148e-11 8.75185e-12 5.66829e-12 
8.66721e-12 1.32296e-11 1.78024e-11 2.26074e-11 2.76631e-11 3.28355e-11 3.79088e-11 4.26468e-11 4.68227e-11 5.0227e-11 5.26654e-11 5.39705e-11 5.40172e-11 5.27072e-11 4.99908e-11 4.60316e-11 4.16792e-11 3.98708e-11 4.64869e-11 6.61647e-11 1.00253e-10 1.48345e-10 2.06322e-10 2.67845e-10 3.23966e-10 3.6189e-10 3.70982e-10 3.48969e-10 3.02588e-10 2.45493e-10 1.91128e-10 1.45476e-10 1.10431e-10 8.47662e-11 6.65978e-11 5.37017e-11 4.43599e-11 3.74897e-11 3.24098e-11 2.86344e-11 2.57363e-11 2.33428e-11 2.11626e-11 1.89915e-11 1.67149e-11 1.42983e-11 1.17676e-11 9.16162e-12 6.47115e-12 3.68876e-12 
6.09052e-12 1.03109e-11 1.46227e-11 1.91084e-11 2.38893e-11 2.89062e-11 3.39824e-11 3.88824e-11 4.33582e-11 4.71642e-11 5.00689e-11 5.1858e-11 5.23527e-11 5.14074e-11 4.88921e-11 4.47439e-11 3.92317e-11 3.37707e-11 3.3028e-11 4.39464e-11 6.85026e-11 1.05978e-10 1.54511e-10 2.08735e-10 2.61038e-10 3.01548e-10 3.20391e-10 3.13383e-10 2.83087e-10 2.38429e-10 1.91128e-10 1.48399e-10 1.13766e-10 8.72972e-11 6.80428e-11 5.42083e-11 4.41467e-11 3.67333e-11 3.1222e-11 2.71211e-11 2.40442e-11 2.16375e-11 1.95957e-11 1.7684e-11 1.57449e-11 1.36992e-11 1.15353e-11 9.27908e-12 6.94623e-12 4.49202e-12 
7.57814e-12 1.16558e-11 1.58143e-11 2.02551e-11 2.50107e-11 2.99651e-11 3.49112e-11 3.95981e-11 4.37613e-11 4.71408e-11 4.94921e-11 5.05976e-11 5.02819e-11 4.83939e-11 4.4799e-11 3.94781e-11 3.29607e-11 2.76781e-11 3.03583e-11 4.64869e-11 7.48864e-11 1.13869e-10 1.60315e-10 2.0791e-10 2.48287e-10 2.72728e-10 2.75874e-10 2.58375e-10 2.25639e-10 1.86532e-10 1.48399e-10 1.15611e-10 8.92895e-11 6.94449e-11 5.4897e-11 4.41968e-11 3.62773e-11 3.03572e-11 2.59132e-11 2.2585e-11 2.00623e-11 1.80481e-11 1.62935e-11 1.46117e-11 1.28847e-11 1.10607e-11 9.1402e-12 7.13939e-12 5.0469e-12 2.86425e-12 
5.23655e-12 8.92356e-12 1.2769e-11 1.68386e-11 2.125e-11 2.59635e-11 3.0823e-11 3.55977e-11 4.00228e-11 4.38236e-11 4.67326e-11 4.85076e-11 4.89468e-11 4.78943e-11 4.52146e-11 4.08061e-11 3.48053e-11 2.83072e-11 2.52828e-11 3.3028e-11 5.32409e-11 8.36754e-11 1.22016e-10 1.63928e-10 2.02406e-10 2.29668e-10 2.3983e-10 2.31888e-10 2.09235e-10 1.78226e-10 1.45476e-10 1.15611e-10 9.03964e-11 7.05615e-11 5.56231e-11 4.44335e-11 3.60696e-11 2.97844e-11 2.50187e-11 2.14146e-11 1.87026e-11 1.6622e-11 1.49261e-11 1.34112e-11 1.19318e-11 1.04013e-11 8.78879e-12 7.09663e-12 5.32568e-12 3.44035e-12 
6.44067e-12 9.99897e-12 1.36978e-11 1.77144e-11 2.20909e-11 2.67338e-11 3.14572e-11 3.60154e-11 4.01333e-11 4.35341e-11 4.59571e-11 4.71801e-11 4.70357e-11 4.54019e-11 4.21795e-11 3.73752e-11 3.14833e-11 2.65396e-11 2.76781e-11 3.98708e-11 6.23674e-11 9.30011e-11 1.28652e-10 1.63956e-10 1.91991e-10 2.06831e-10 2.06026e-10 1.91355e-10 1.67517e-10 1.40179e-10 1.13766e-10 9.03964e-11 7.11819e-11 5.62234e-11 4.47553e-11 3.60427e-11 2.94459e-11 2.44034e-11 2.05373e-11 1.76046e-11 1.53886e-11 1.36651e-11 1.22305e-11 1.09204e-11 9.62227e-12 8.27595e-12 6.86242e-12 5.37779e-12 3.80561e-12 2.15147e-12 
4.37587e-12 7.51688e-12 1.08666e-11 1.44728e-11 1.84468e-11 2.27667e-11 2.73034e-11 3.18486e-11 3.61474e-11 3.9926e-11 4.29162e-11 4.48799e-11 4.56325e-11 4.50515e-11 4.30585e-11 3.96333e-11 3.50104e-11 3.02624e-11 2.83072e-11 3.37707e-11 4.88051e-11 7.20715e-11 1.0126e-10 1.32454e-10 1.59845e-10 1.77472e-10 1.81983e-10 1.73596e-10 1.55756e-10 1.33338e-10 1.10431e-10 8.92895e-11 7.11819e-11 5.65611e-11 4.50496e-11 3.61191e-11 2.9275e-11 2.40093e-11 1.99215e-11 1.67743e-11 1.43872e-11 1.25729e-11 1.11409e-11 9.92408e-12 8.79087e-12 7.65878e-12 6.48452e-12 5.25242e-12 3.95158e-12 2.55168e-12 
5.32738e-12 8.35722e-12 1.15671e-11 1.511e-11 1.90311e-11 2.32654e-11 2.76571e-11 3.19858e-11 3.59991e-11 3.94314e-11 4.20372e-11 4.36149e-11 4.40291e-11 4.32064e-11 4.1129e-11 3.79171e-11 3.41591e-11 3.14833e-11 3.29607e-11 4.16792e-11 5.81766e-11 8.09597e-11 1.07299e-10 1.3273e-10 1.51738e-10 1.60083e-10 1.56789e-10 1.43987e-10 1.25825e-10 1.06155e-10 8.72972e-11 7.05615e-11 5.65611e-11 4.5222e-11 3.62243e-11 2.92129e-11 2.37736e-11 1.95133e-11 1.61822e-11 1.36214e-11 1.16807e-11 1.01935e-11 9.00162e-12 7.96871e-12 6.99278e-12 6.01254e-12 4.99463e-12 3.92475e-12 2.78068e-12 1.56561e-12 
3.55908e-12 6.1688e-12 9.01505e-12 1.21293e-11 1.5613e-11 1.9461e-11 2.35774e-11 2.7791e-11 3.18803e-11 3.56011e-11 3.87099e-11 4.09961e-11 4.23038e-11 4.25483e-11 4.17071e-11 3.98513e-11 3.73081e-11 3.50104e-11 3.48053e-11 3.92317e-11 4.99973e-11 6.68504e-11 8.80635e-11 1.10428e-10 1.29342e-10 1.4034e-10 1.41181e-10 1.32769e-10 1.1833e-10 1.01513e-10 8.47662e-11 6.94449e-11 5.62234e-11 4.5222e-11 3.62932e-11 2.92045e-11 2.36431e-11 1.92549e-11 1.57816e-11 1.30685e-11 1.09916e-11 9.41431e-12 8.19594e-12 7.20388e-12 6.32866e-12 5.4929e-12 4.64905e-12 3.77225e-12 2.84314e-12 1.83551e-12 
4.29495e-12 6.80983e-12 9.5248e-12 1.25653e-11 1.59814e-11 1.9732e-11 2.37029e-11 2.77168e-11 3.15612e-11 3.50102e-11 3.78528e-11 3.99178e-11 4.10985e-11 4.13557e-11 4.07278e-11 3.94025e-11 3.79171e-11 3.73752e-11 3.94781e-11 4.60316e-11 5.78035e-11 7.40728e-11 9.27739e-11 1.10376e-10 1.22705e-10 1.26822e-10 1.22275e-10 1.11236e-10 9.69662e-11 8.20682e-11 6.80428e-11 5.56231e-11 4.50496e-11 3.62932e-11 2.92118e-11 2.35783e-11 1.90997e-11 1.5523e-11 1.26895e-11 1.04871e-11 8.8072e-12 7.52919e-12 6.53255e-12 5.70738e-12 4.96918e-12 4.25761e-12 3.53637e-12 2.78328e-12 1.97293e-12 1.10763e-12 
2.8217e-12 4.93813e-12 7.2947e-12 9.91337e-12 1.2883e-11 1.62151e-11 1.98469e-11 2.36531e-11 2.74638e-11 3.10809e-11 3.4306e-11 3.69642e-11 3.89278e-11 4.01329e-11 4.05838e-11 4.03866e-11 3.98513e-11 3.96333e-11 4.08061e-11 4.47439e-11 5.25895e-11 6.44961e-11 7.93736e-11 9.48202e-11 1.07343e-10 1.1371e-10 1.12489e-10 1.04637e-10 9.27671e-11 7.95104e-11 6.65978e-11 5.4897e-11 4.47553e-11 3.62243e-11 2.92118e-11 2.35522e-11 1.90123e-11 1.53625e-11 1.24397e-11 1.01361e-11 8.35706e-12 7.00423e-12 5.97213e-12 5.15793e-12 4.47501e-12 3.85561e-12 3.25326e-12 2.63976e-12 1.99123e-12 1.28373e-12 
3.37822e-12 5.41625e-12 7.65324e-12 1.0192e-11 1.3086e-11 1.63194e-11 1.98176e-11 2.34562e-11 2.70767e-11 3.0505e-11 3.35748e-11 3.61485e-11 3.81365e-11 3.95104e-11 4.03165e-11 4.07278e-11 4.1129e-11 4.21795e-11 4.4799e-11 4.99908e-11 5.83823e-11 6.97104e-11 8.25458e-11 9.43071e-11 1.01957e-10 1.03378e-10 9.84657e-11 8.89577e-11 7.72633e-11 6.53158e-11 5.42083e-11 4.44335e-11 3.61191e-11 2.92045e-11 2.35522e-11 1.89728e-11 1.52696e-11 1.22838e-11 9.90228e-12 8.03975e-12 6.61187e-12 5.5272e-12 4.69583e-12 4.0337e-12 3.47016e-12 2.95359e-12 2.4465e-12 1.92404e-12 1.36361e-12 7.63141e-13 
2.18445e-12 3.86113e-12 5.76398e-12 7.90794e-12 1.0373e-11 1.31825e-11 1.63068e-11 1.96682e-11 2.315e-11 2.66122e-11 2.9908e-11 3.29042e-11 3.54961e-11 3.76277e-11 3.92957e-11 4.05838e-11 4.17071e-11 4.30585e-11 4.52146e-11 4.88921e-11 5.47647e-11 6.30947e-11 7.32908e-11 8.36486e-11 9.1665e-11 9.49938e-11 9.26495e-11 8.54571e-11 7.53548e-11 6.43201e-11 5.37017e-11 4.41968e-11 3.60427e-11 2.92129e-11 2.35783e-11 1.89728e-11 1.52275e-11 1.2193e-11 9.75415e-12 7.82625e-12 6.33101e-12 5.1908e-12 4.32546e-12 3.65908e-12 3.12318e-12 2.66147e-12 2.2321e-12 1.80553e-12 1.36087e-12 8.76379e-13 
2.59854e-12 4.20947e-12 6.00732e-12 8.07421e-12 1.04641e-11 1.31839e-11 1.61971e-11 1.94296e-11 2.2779e-11 2.61288e-11 2.93594e-11 3.23677e-11 3.50775e-11 3.74523e-11 3.95104e-11 4.13557e-11 4.32064e-11 4.54019e-11 4.83939e-11 5.27072e-11 5.87737e-11 6.65865e-11 7.52648e-11 8.29515e-11 8.74306e-11 8.71848e-11 8.21753e-11 7.37194e-11 6.36405e-11 5.34694e-11 4.41467e-11 3.60696e-11 2.9275e-11 2.36431e-11 1.90123e-11 1.52275e-11 1.21518e-11 9.66883e-12 7.68905e-12 6.13899e-12 4.94734e-12 4.04271e-12 3.35693e-12 2.82507e-12 2.39315e-12 2.01632e-12 1.66079e-12 1.30241e-12 9.22242e-13 5.14447e-13 
1.65444e-12 2.95342e-12 4.45358e-12 6.16619e-12 8.16304e-12 1.0478e-11 1.31069e-11 1.60156e-11 1.91394e-11 2.2394e-11 2.56854e-11 2.89214e-11 3.20235e-11 3.49334e-11 3.76277e-11 4.01329e-11 4.25483e-11 4.50515e-11 4.78943e-11 5.14074e-11 5.59779e-11 6.18752e-11 6.88569e-11 7.57814e-11 8.07772e-11 8.21021e-11 7.90544e-11 7.2268e-11 6.32378e-11 5.3547e-11 4.43599e-11 3.62773e-11 2.94459e-11 2.37736e-11 1.90997e-11 1.52696e-11 1.21518e-11 9.6294e-12 7.60955e-12 6.01586e-12 4.7796e-12 3.83637e-12 3.12303e-12 2.58299e-12 2.1615e-12 1.81495e-12 1.50762e-12 1.21312e-12 9.12336e-13 5.85725e-13 
1.95649e-12 3.20339e-12 4.61393e-12 6.25762e-12 8.18787e-12 1.04282e-11 1.29736e-11 1.57927e-11 1.88363e-11 2.2039e-11 2.53303e-11 2.86398e-11 3.19048e-11 3.50775e-11 3.81365e-11 4.10985e-11 4.40291e-11 4.70357e-11 5.02819e-11 5.40172e-11 5.85604e-11 6.40458e-11 6.9976e-11 7.50025e-11 7.74119e-11 7.60463e-11 7.09056e-11 6.30327e-11 5.39191e-11 4.48795e-11 3.67333e-11 2.97844e-11 2.40093e-11 1.92549e-11 1.53625e-11 1.2193e-11 9.6294e-12 7.57296e-12 5.94222e-12 4.67e-12 3.69187e-12 2.95116e-12 2.39319e-12 1.96945e-12 1.63787e-12 1.36077e-12 1.11114e-12 8.67566e-13 6.11939e-13 3.39656e-13 
1.22933e-12 2.21367e-12 3.37027e-12 4.70947e-12 6.29273e-12 8.16162e-12 1.03329e-11 1.28061e-11 1.55593e-11 1.85573e-11 2.17556e-11 2.51027e-11 2.85427e-11 3.20235e-11 3.54961e-11 3.89278e-11 4.23038e-11 4.56325e-11 4.89468e-11 5.23527e-11 5.60822e-11 6.04149e-11 6.53146e-11 7.00091e-11 7.30595e-11 7.30776e-11 6.95176e-11 6.29133e-11 5.45214e-11 4.57098e-11 3.74897e-11 3.03572e-11 2.44034e-11 1.95133e-11 1.5523e-11 1.22838e-11 9.66883e-12 7.57296e-12 5.9089e-12 4.60441e-12 3.59654e-12 2.82913e-12 2.25145e-12 1.81807e-12 1.48939e-12 1.22835e-12 1.00761e-12 8.04763e-13 6.01039e-13 3.84424e-13 
1.44654e-12 2.39e-12 3.4743e-12 4.75512e-12 6.28455e-12 8.09755e-12 1.02106e-11 1.26293e-11 1.53436e-11 1.83339e-11 2.15731e-11 2.50237e-11 2.86398e-11 3.23677e-11 3.61485e-11 3.99178e-11 4.36149e-11 4.71801e-11 5.05976e-11 5.39705e-11 5.75532e-11 6.15565e-11 6.57069e-11 6.89973e-11 7.00653e-11 6.79724e-11 6.27307e-11 5.5244e-11 4.68072e-11 3.85676e-11 3.1222e-11 2.50187e-11 1.99215e-11 1.57816e-11 1.24397e-11 9.75415e-12 7.60955e-12 5.9089e-12 4.57416e-12 3.53889e-12 2.74818e-12 2.15038e-12 1.70388e-12 1.37063e-12 1.11607e-12 9.11942e-13 7.35549e-13 5.6958e-13 3.99777e-13 2.21729e-13 
8.97467e-13 1.63015e-12 2.50459e-12 3.53076e-12 4.76294e-12 6.24637e-12 8.01077e-12 1.00804e-11 1.2465e-11 1.51701e-11 1.81905e-11 2.15106e-11 2.51027e-11 2.89214e-11 3.29042e-11 3.69642e-11 4.09961e-11 4.48799e-11 4.85076e-11 5.1858e-11 5.50795e-11 5.84401e-11 6.20025e-11 6.52244e-11 6.69817e-11 6.61607e-11 6.2319e-11 5.59271e-11 4.80716e-11 3.99407e-11 3.24098e-11 2.59132e-11 2.05373e-11 1.61822e-11 1.26895e-11 9.90228e-12 7.68905e-12 5.94222e-12 4.57416e-12 3.51251e-12 2.69856e-12 2.0823e-12 1.62139e-12 1.27957e-12 1.02409e-12 8.28489e-13 6.68878e-13 5.2786e-13 3.92039e-13 2.49745e-13 
1.05151e-12 1.75329e-12 2.57135e-12 3.55242e-12 4.74423e-12 6.18793e-12 7.91718e-12 9.95775e-12 1.23336e-11 1.5059e-11 1.81406e-11 2.15731e-11 2.53303e-11 2.93594e-11 3.35748e-11 3.78528e-11 4.20372e-11 4.59571e-11 4.94921e-11 5.26654e-11 5.56836e-11 5.87643e-11 6.17487e-11 6.38695e-11 6.40511e-11 6.15484e-11 5.63895e-11 4.93453e-11 4.15214e-11 3.39059e-11 2.71211e-11 2.14146e-11 1.67743e-11 1.30685e-11 1.01361e-11 7.82625e-12 6.01586e-12 4.60441e-12 3.51251e-12 2.67521e-12 2.04088e-12 1.56559e-12 1.21412e-12 9.53439e-13 7.59177e-13 6.08789e-13 4.8356e-13 3.712e-13 2.59204e-13 1.42653e-13 
6.45651e-13 1.18129e-12 1.83019e-12 2.60382e-12 3.54933e-12 4.7085e-12 6.12332e-12 7.82882e-12 9.85972e-12 1.22483e-11 1.50202e-11 1.81905e-11 2.17556e-11 2.56854e-11 2.9908e-11 3.4306e-11 3.87099e-11 4.29162e-11 4.67326e-11 5.00689e-11 5.30192e-11 5.58139e-11 5.85356e-11 6.07814e-11 6.16792e-11 6.0357e-11 5.648e-11 5.04461e-11 4.31619e-11 3.56339e-11 2.86344e-11 2.2585e-11 1.76046e-11 1.36214e-11 1.04871e-11 8.03975e-12 6.13899e-12 4.67e-12 3.53889e-12 2.67521e-12 2.02153e-12 1.53171e-12 1.16825e-12 9.01654e-13 7.05211e-13 5.58012e-13 4.42384e-13 3.44695e-13 2.53783e-13 1.60813e-13 
7.53596e-13 1.26683e-12 1.87429e-12 2.61431e-12 3.53055e-12 4.66596e-12 6.06088e-12 7.75653e-12 9.79614e-12 1.22192e-11 1.5059e-11 1.83339e-11 2.2039e-11 2.61288e-11 3.0505e-11 3.50102e-11 3.94314e-11 4.35341e-11 4.71408e-11 5.0227e-11 5.29508e-11 5.54933e-11 5.77412e-11 5.91013e-11 5.87447e-11 5.60984e-11 5.12013e-11 4.46838e-11 3.74606e-11 3.03862e-11 2.40442e-11 1.87026e-11 1.43872e-11 1.09916e-11 8.35706e-12 6.33101e-12 4.7796e-12 3.59654e-12 2.69856e-12 2.02153e-12 1.5156e-12 1.14038e-12 8.65043e-13 6.64511e-13 5.16947e-13 4.06009e-13 3.18053e-13 2.40667e-13 1.66431e-13 9.1381e-14 
4.5911e-13 8.4449e-13 1.31927e-12 1.8947e-12 2.60859e-12 3.50498e-12 4.62285e-12 6.00948e-12 7.71003e-12 9.77425e-12 1.22483e-11 1.51701e-11 1.85573e-11 2.2394e-11 2.66122e-11 3.10809e-11 3.56011e-11 3.9926e-11 4.38236e-11 4.71642e-11 4.99971e-11 5.24971e-11 5.47243e-11 5.63633e-11 5.67432e-11 5.51976e-11 5.14774e-11 4.5904e-11 3.92146e-11 3.22598e-11 2.57363e-11 2.00623e-11 1.53886e-11 1.16807e-11 8.8072e-12 6.61187e-12 4.94734e-12 3.69187e-12 2.74818e-12 2.04088e-12 1.5156e-12 1.12676e-12 8.42514e-13 6.36436e-13 4.86435e-13 3.76692e-13 2.92867e-13 2.24302e-13 1.63391e-13 1.02676e-13 
5.3337e-13 9.03454e-13 1.34814e-12 1.89928e-12 2.59589e-12 3.47745e-12 4.58768e-12 5.9758e-12 7.69346e-12 9.79614e-12 1.23336e-11 1.53436e-11 1.88363e-11 2.2779e-11 2.70767e-11 3.15612e-11 3.59991e-11 4.01333e-11 4.37613e-11 4.68227e-11 4.94191e-11 5.16753e-11 5.34879e-11 5.4399e-11 5.37759e-11 5.11859e-11 4.66656e-11 4.07177e-11 3.40996e-11 2.75583e-11 2.16375e-11 1.6622e-11 1.25729e-11 9.41431e-12 7.00423e-12 5.1908e-12 3.83637e-12 2.82913e-12 2.0823e-12 1.53171e-12 1.12676e-12 8.32342e-13 6.18511e-13 4.64355e-13 3.53624e-13 2.71426e-13 2.09009e-13 1.55957e-13 1.0745e-13 5.7932e-14 
3.22426e-13 5.97023e-13 9.39882e-13 1.36156e-12 1.89657e-12 2.58045e-12 3.45414e-12 4.56484e-12 5.96438e-12 7.71003e-12 9.85972e-12 1.2465e-11 1.55593e-11 1.91394e-11 2.315e-11 2.74638e-11 3.18803e-11 3.61474e-11 4.00228e-11 4.33582e-11 4.61561e-11 4.85225e-11 5.04769e-11 5.17625e-11 5.1869e-11 5.02948e-11 4.68542e-11 4.1801e-11 3.57347e-11 2.93744e-11 2.33428e-11 1.80481e-11 1.36651e-11 1.01935e-11 7.52919e-12 5.5272e-12 4.04271e-12 2.95116e-12 2.15038e-12 1.56559e-12 1.14038e-12 8.32342e-13 6.10144e-13 4.51129e-13 3.37548e-13 2.548e-13 1.94265e-13 1.46518e-13 1.05808e-13 6.63234e-14 
3.74327e-13 6.3801e-13 9.5935e-13 1.36543e-12 1.88914e-12 2.56593e-12 3.43883e-12 4.55638e-12 5.9758e-12 7.75653e-12 9.95775e-12 1.26293e-11 1.57927e-11 1.94296e-11 2.34562e-11 2.77168e-11 3.19858e-11 3.60154e-11 3.95981e-11 4.26468e-11 4.51994e-11 4.73122e-11 4.8877e-11 4.95383e-11 4.88232e-11 4.6412e-11 4.23364e-11 3.69999e-11 3.10262e-11 2.50591e-11 1.95957e-11 1.49261e-11 1.11409e-11 8.19594e-12 5.97213e-12 4.32546e-12 3.12303e-12 2.25145e-12 1.62139e-12 1.16825e-12 8.42514e-13 6.10144e-13 4.43761e-13 3.2646e-13 2.42951e-13 1.8303e-13 1.37337e-13 1.01032e-13 6.93223e-14 3.7307e-14 
2.25089e-13 4.17753e-13 6.62331e-13 9.69745e-13 1.36524e-12 1.88085e-12 2.55636e-12 3.43285e-12 4.56484e-12 6.00948e-12 7.82882e-12 1.00804e-11 1.28061e-11 1.60156e-11 1.96682e-11 2.36531e-11 2.7791e-11 3.18486e-11 3.55977e-11 3.88824e-11 4.16619e-11 4.39676e-11 4.57698e-11 4.68525e-11 4.68307e-11 4.534e-11 4.22489e-11 3.77617e-11 3.23609e-11 2.66466e-11 2.11626e-11 1.62935e-11 1.22305e-11 9.00162e-12 6.53255e-12 4.69583e-12 3.35693e-12 2.39319e-12 1.70388e-12 1.21412e-12 8.65043e-13 6.18511e-13 4.43761e-13 3.20991e-13 2.34881e-13 1.74449e-13 1.29561e-13 9.62984e-14 6.80941e-14 4.28228e-14 
2.6002e-13 4.45562e-13 6.77055e-13 9.72873e-13 1.36216e-12 1.8759e-12 2.55227e-12 3.43883e-12 4.58768e-12 6.06088e-12 7.91718e-12 1.02106e-11 1.29736e-11 1.61971e-11 1.98176e-11 2.37029e-11 2.76571e-11 3.14572e-11 3.49112e-11 3.79088e-11 4.04273e-11 4.24551e-11 4.3871e-11 4.43965e-11 4.36884e-11 4.15212e-11 3.79336e-11 3.32455e-11 2.79635e-11 2.26283e-11 1.7684e-11 1.34112e-11 9.92408e-12 7.20388e-12 5.15793e-12 3.65908e-12 2.58299e-12 1.81807e-12 1.27957e-12 9.01654e-13 6.36436e-13 4.51129e-13 3.20991e-13 2.31321e-13 1.68498e-13 1.24176e-13 9.18267e-14 6.58182e-14 4.40808e-14 2.35724e-14 
1.5578e-13 2.89918e-13 4.63184e-13 6.84044e-13 9.73731e-13 1.35953e-12 1.87396e-12 2.55636e-12 3.45414e-12 4.62285e-12 6.12332e-12 8.01077e-12 1.03329e-11 1.31069e-11 1.63068e-11 1.98469e-11 2.35774e-11 2.73034e-11 3.0823e-11 3.39824e-11 3.67019e-11 3.89471e-11 4.0644e-11 4.16013e-11 4.15343e-11 4.0189e-11 3.74844e-11 3.35892e-11 2.88867e-11 2.38662e-11 1.89915e-11 1.46117e-11 1.09204e-11 7.96871e-12 5.70738e-12 4.0337e-12 2.82507e-12 1.96945e-12 1.37063e-12 9.53439e-13 6.64511e-13 4.64355e-13 3.2646e-13 2.31321e-13 1.65115e-13 1.19435e-13 8.77613e-14 6.3649e-14 4.4168e-14 2.72137e-14 
1.79561e-13 3.08906e-13 4.73464e-13 6.87371e-13 9.73819e-13 1.359e-12 1.8759e-12 2.56593e-12 3.47745e-12 4.66596e-12 6.18793e-12 8.09755e-12 1.04282e-11 1.31839e-11 1.63194e-11 1.9732e-11 2.32654e-11 2.67338e-11 2.99651e-11 3.28355e-11 3.52736e-11 3.72119e-11 3.85167e-11 3.89672e-11 3.83218e-11 3.64332e-11 3.33485e-11 2.93241e-11 2.47622e-11 2.01075e-11 1.57449e-11 1.19318e-11 8.79087e-12 6.32866e-12 4.47501e-12 3.12318e-12 2.1615e-12 1.48939e-12 1.02409e-12 7.05211e-13 4.86435e-13 3.37548e-13 2.34881e-13 1.65115e-13 1.17947e-13 8.50507e-14 6.17211e-14 4.32954e-14 2.86574e-14 1.57311e-14 
1.07002e-13 2.00226e-13 3.20868e-13 4.78607e-13 6.8855e-13 9.72919e-13 1.35953e-12 1.88085e-12 2.58045e-12 3.50498e-12 4.7085e-12 6.24637e-12 8.16162e-12 1.0478e-11 1.31825e-11 1.62151e-11 1.9461e-11 2.27667e-11 2.59635e-11 2.89062e-11 3.14877e-11 3.36257e-11 3.52106e-11 3.60742e-11 3.60069e-11 3.48377e-11 3.253e-11 2.92258e-11 2.52293e-11 2.09304e-11 1.67149e-11 1.28847e-11 9.62227e-12 6.99278e-12 4.96918e-12 3.47016e-12 2.39315e-12 1.63787e-12 1.11607e-12 7.59177e-13 5.16947e-13 3.53624e-13 2.42951e-13 1.68498e-13 1.17947e-13 8.36974e-14 5.92303e-14 4.25496e-14 2.90289e-14 1.74923e-14 
1.22941e-13 2.13151e-13 3.28028e-13 4.81066e-13 6.89282e-13 9.73819e-13 1.36216e-12 1.88914e-12 2.59589e-12 3.53055e-12 4.74423e-12 6.28455e-12 8.18787e-12 1.04641e-11 1.3086e-11 1.59814e-11 1.90311e-11 2.20909e-11 2.50107e-11 2.76631e-11 2.99449e-11 3.17496e-11 3.2939e-11 3.3338e-11 3.27796e-11 3.11783e-11 2.85882e-11 2.52153e-11 2.13788e-11 1.74341e-11 1.36992e-11 1.04013e-11 7.65878e-12 5.4929e-12 3.85561e-12 2.66147e-12 1.81495e-12 1.22835e-12 8.28489e-13 5.58012e-13 3.76692e-13 2.548e-13 1.74449e-13 1.19435e-13 8.36974e-14 5.88672e-14 4.20123e-14 2.94201e-14 1.9091e-14 9.84825e-15 
7.31638e-14 1.37025e-13 2.20601e-13 3.31896e-13 4.8159e-13 6.8855e-13 9.73731e-13 1.36524e-12 1.89657e-12 2.60859e-12 3.54933e-12 4.76294e-12 6.29273e-12 8.16304e-12 1.0373e-11 1.2883e-11 1.5613e-11 1.84468e-11 2.125e-11 2.38893e-11 2.6245e-11 2.82048e-11 2.96423e-11 3.04091e-11 3.03532e-11 2.9366e-11 2.74439e-11 2.47084e-11 2.14019e-11 1.78294e-11 1.42983e-11 1.10607e-11 8.27595e-12 6.01254e-12 4.25761e-12 2.95359e-12 2.01632e-12 1.36077e-12 9.11942e-13 6.08789e-13 4.06009e-13 2.71426e-13 1.8303e-13 1.24176e-13 8.50507e-14 5.88672e-14 4.08435e-14 2.90155e-14 1.96737e-14 1.16784e-14 
8.3822e-14 1.45832e-13 2.25023e-13 3.3226e-13 4.81066e-13 6.87371e-13 9.72873e-13 1.36543e-12 1.89928e-12 2.61431e-12 3.55242e-12 4.75512e-12 6.25762e-12 8.07421e-12 1.0192e-11 1.25653e-11 1.511e-11 1.77144e-11 2.02551e-11 2.26074e-11 2.46514e-11 2.62631e-11 2.73098e-11 2.76534e-11 2.71827e-11 2.58552e-11 2.37329e-11 2.09827e-11 1.78517e-11 1.46188e-11 1.15353e-11 8.78879e-12 6.48452e-12 4.64905e-12 3.25326e-12 2.2321e-12 1.50762e-12 1.00761e-12 6.68878e-13 4.42384e-13 2.92867e-13 1.94265e-13 1.29561e-13 8.77613e-14 5.92303e-14 4.08435e-14 2.88001e-14 1.93791e-14 1.24378e-14 6.90882e-15 
5.05658e-14 9.31647e-14 1.49943e-13 2.26206e-13 3.31896e-13 4.78607e-13 6.84044e-13 9.69745e-13 1.36156e-12 1.8947e-12 2.60382e-12 3.53076e-12 4.70947e-12 6.16619e-12 7.90794e-12 9.91337e-12 1.21293e-11 1.44728e-11 1.68386e-11 1.91084e-11 2.11618e-11 2.28746e-11 2.41199e-11 2.47706e-11 2.47177e-11 2.3901e-11 2.23363e-11 2.01339e-11 1.74813e-11 1.46142e-11 1.17676e-11 9.1402e-12 6.86242e-12 4.99463e-12 3.53637e-12 2.4465e-12 1.66079e-12 1.11114e-12 7.35549e-13 4.8356e-13 3.18053e-13 2.09009e-13 1.37337e-13 9.18267e-14 6.17211e-14 4.20123e-14 2.88001e-14 1.92164e-14 1.3185e-14 7.80895e-15 
5.67393e-14 9.79731e-14 1.51968e-13 2.25023e-13 3.28028e-13 4.73464e-13 6.77055e-13 9.5935e-13 1.34814e-12 1.87429e-12 2.57135e-12 3.4743e-12 4.61393e-12 6.00732e-12 7.65324e-12 9.5248e-12 1.15671e-11 1.36978e-11 1.58143e-11 1.78024e-11 1.95424e-11 2.09086e-11 2.17821e-11 2.20558e-11 2.16605e-11 2.05848e-11 1.88929e-11 1.67212e-11 1.4259e-11 1.17148e-11 9.27908e-12 7.09663e-12 5.25242e-12 3.77225e-12 2.63976e-12 1.80553e-12 1.21312e-12 8.04763e-13 5.2786e-13 3.44695e-13 2.24302e-13 1.46518e-13 9.62984e-14 6.3649e-14 4.25496e-14 2.90155e-14 1.92164e-14 1.30604e-14 8.65883e-15 3.95682e-15 
3.45273e-14 6.23097e-14 9.99183e-14 1.49943e-13 2.20601e-13 3.20868e-13 4.63184e-13 6.62331e-13 9.39882e-13 1.31927e-12 1.83019e-12 2.50459e-12 3.37027e-12 4.45358e-12 5.76398e-12 7.2947e-12 9.01505e-12 1.08666e-11 1.2769e-11 1.46227e-11 1.6315e-11 1.7728e-11 1.87444e-11 1.92604e-11 1.92012e-11 1.85382e-11 1.73035e-11 1.55907e-11 1.35462e-11 1.13455e-11 9.16162e-12 7.13939e-12 5.37779e-12 3.92475e-12 2.78328e-12 1.92404e-12 1.30241e-12 8.67566e-13 5.6958e-13 3.712e-13 2.40667e-13 1.55957e-13 1.01032e-13 6.58182e-14 4.32954e-14 2.94201e-14 1.93791e-14 1.30604e-14 8.57217e-15 4.90108e-15 
3.80541e-14 6.41967e-14 9.79731e-14 1.45832e-13 2.13151e-13 3.08906e-13 4.45562e-13 6.3801e-13 9.03454e-13 1.26683e-12 1.75329e-12 2.39e-12 3.20339e-12 4.20947e-12 5.41625e-12 6.80983e-12 8.35722e-12 9.99897e-12 1.16558e-11 1.32296e-11 1.46117e-11 1.5693e-11 1.637e-11 1.65665e-11 1.62408e-11 1.54015e-11 1.411e-11 1.24755e-11 1.06405e-11 8.75185e-12 6.94623e-12 5.32568e-12 3.95158e-12 2.84314e-12 1.99123e-12 1.36087e-12 9.12336e-13 6.01039e-13 3.92039e-13 2.53783e-13 1.63391e-13 1.05808e-13 6.80941e-14 4.4168e-14 2.90289e-14 1.96737e-14 1.3185e-14 8.57217e-15 5.82839e-15 2.97289e-15 
2.31986e-14 3.99054e-14 6.23097e-14 9.31647e-14 1.37025e-13 2.00226e-13 2.89918e-13 4.17753e-13 5.97023e-13 8.4449e-13 1.18129e-12 1.63015e-12 2.21367e-12 2.95342e-12 3.86113e-12 4.93813e-12 6.1688e-12 7.51688e-12 8.92356e-12 1.03109e-11 1.15853e-11 1.26494e-11 1.34051e-11 1.37758e-11 1.37106e-11 1.32026e-11 1.22873e-11 1.10421e-11 9.57624e-12 8.01409e-12 6.47115e-12 5.0469e-12 3.80561e-12 2.78068e-12 1.97293e-12 1.36361e-12 9.22242e-13 6.11939e-13 3.99777e-13 2.59204e-13 1.66431e-13 1.0745e-13 6.93223e-14 4.40808e-14 2.86574e-14 1.9091e-14 1.24378e-14 8.65883e-15 5.82839e-15 2.95746e-15 
2.40686e-14 3.80541e-14 5.67393e-14 8.3822e-14 1.22941e-13 1.79561e-13 2.6002e-13 3.74327e-13 5.3337e-13 7.53596e-13 1.05151e-12 1.44654e-12 1.95649e-12 2.59854e-12 3.37822e-12 4.29495e-12 5.32738e-12 6.44067e-12 7.57814e-12 8.66721e-12 9.6251e-12 1.0369e-11 1.08253e-11 1.09419e-11 1.06972e-11 1.01071e-11 9.22276e-12 8.12458e-12 6.90781e-12 5.66829e-12 4.49202e-12 3.44035e-12 2.55168e-12 1.83551e-12 1.28373e-12 8.76379e-13 5.85725e-13 3.84424e-13 2.49745e-13 1.60813e-13 1.02676e-13 6.63234e-14 4.28228e-14 2.72137e-14 1.74923e-14 1.16784e-14 7.80895e-15 4.90108e-15 2.95746e-15 1.98514e-15 
1.37306e-14 2.31986e-14 3.45273e-14 5.05658e-14 7.31638e-14 1.07002e-13 1.5578e-13 2.25089e-13 3.22426e-13 4.5911e-13 6.45651e-13 8.97467e-13 1.22933e-12 1.65444e-12 2.18445e-12 2.8217e-12 3.55908e-12 4.37587e-12 5.23655e-12 6.09052e-12 6.87375e-12 7.52215e-12 7.97066e-12 8.17277e-12 8.10194e-12 7.75996e-12 7.17654e-12 6.40788e-12 5.52118e-12 4.59271e-12 3.68876e-12 2.86425e-12 2.15147e-12 1.56561e-12 1.10763e-12 7.63141e-13 5.14447e-13 3.39656e-13 2.21729e-13 1.42653e-13 9.1381e-14 5.7932e-14 3.7307e-14 2.35724e-14 1.57311e-14 9.84825e-15 6.90882e-15 3.95682e-15 2.97289e-15 1.98514e-15 
