1 100 50
5.48416e-13 8.94461e-13 1.34907e-12 2.07507e-12 3.30574e-12 5.40451e-12 9.00861e-12 1.52562e-11 2.62182e-11 4.56088e-11 7.98195e-11 1.39111e-10 2.38468e-10 3.97334e-10 6.37431e-10 9.78399e-10 1.43204e-09 1.99701e-09 2.65604e-09 3.37709e-09 4.11788e-09 4.83208e-09 5.47506e-09 6.00783e-09 6.39943e-09 6.62808e-09 6.68177e-09 6.55853e-09 6.26636e-09 5.823e-09 5.25526e-09 4.59789e-09 3.89165e-09 3.18006e-09 2.5048e-09 1.90034e-09 1.38934e-09 9.80542e-10 6.70048e-10 4.45121e-10 2.88848e-10 1.8407e-10 1.15822e-10 7.23355e-11 4.50442e-11 2.80695e-11 1.75571e-11 1.10467e-11 6.93395e-12 4.07467e-12 
9.4063e-13 1.4804e-12 2.26385e-12 3.59778e-12 5.89895e-12 9.84244e-12 1.66085e-11 2.82985e-11 4.86794e-11 8.43538e-11 1.46306e-10 2.51384e-10 4.2283e-10 6.88753e-10 1.07789e-09 1.613e-09 2.30364e-09 3.14079e-09 4.09526e-09 5.12042e-09 6.15837e-09 7.14736e-09 8.02837e-09 8.74953e-09 9.26871e-09 9.55505e-09 9.59006e-09 9.36878e-09 8.90081e-09 8.21118e-09 7.34062e-09 6.34445e-09 5.289e-09 4.24466e-09 3.27606e-09 2.43213e-09 1.73952e-09 1.20205e-09 8.0575e-10 5.26442e-10 3.37078e-10 2.12723e-10 1.33055e-10 8.28943e-11 5.16409e-11 3.22559e-11 2.02376e-11 1.27344e-11 7.80847e-12 4.07467e-12 
8.94461e-13 1.54942e-12 2.38545e-12 3.72036e-12 6.05125e-12 1.00772e-11 1.69728e-11 2.88108e-11 4.92926e-11 8.49723e-11 1.47059e-10 2.53534e-10 4.30775e-10 7.1347e-10 1.14166e-09 1.75453e-09 2.58183e-09 3.63466e-09 4.89794e-09 6.32699e-09 7.85017e-09 9.37784e-09 1.08146e-08 1.20703e-08 1.3067e-08 1.37426e-08 1.40527e-08 1.39729e-08 1.35002e-08 1.26564e-08 1.14895e-08 1.00753e-08 8.51307e-09 6.91639e-09 5.39665e-09 4.04451e-09 2.91594e-09 2.02829e-09 1.3667e-09 8.96475e-10 5.75609e-10 3.63915e-10 2.27873e-10 1.4207e-10 8.85625e-11 5.53537e-11 3.47367e-11 2.18824e-11 1.36745e-11 7.80847e-12 
1.4804e-12 2.42049e-12 3.69547e-12 5.88019e-12 9.7022e-12 1.62752e-11 2.75327e-11 4.69357e-11 8.06773e-11 1.39603e-10 2.41769e-10 4.15034e-10 6.9853e-10 1.14169e-09 1.8002e-09 2.72911e-09 3.97317e-09 5.55382e-09 7.45379e-09 9.6054e-09 1.18914e-08 1.41619e-08 1.62589e-08 1.80376e-08 1.93785e-08 2.01917e-08 2.04188e-08 2.00347e-08 1.9052e-08 1.75256e-08 1.55566e-08 1.329e-08 1.09027e-08 8.5779e-09 6.47278e-09 4.69207e-09 3.27735e-09 2.21506e-09 1.45596e-09 9.36036e-10 5.92186e-10 3.70934e-10 2.31332e-10 1.44291e-10 9.02859e-11 5.67479e-11 3.58139e-11 2.25754e-11 1.36745e-11 6.93395e-12 
1.34907e-12 2.38545e-12 3.66738e-12 5.63738e-12 9.10034e-12 1.51066e-11 2.53917e-11 4.30602e-11 7.37544e-11 1.27609e-10 2.22135e-10 3.85609e-10 6.5992e-10 1.10136e-09 1.77869e-09 2.76962e-09 4.15649e-09 6.01699e-09 8.4008e-09 1.12922e-08 1.45791e-08 1.80539e-08 2.14527e-08 2.45071e-08 2.69849e-08 2.87069e-08 2.95506e-08 2.94498e-08 2.83972e-08 2.64515e-08 2.37456e-08 2.04887e-08 1.6952e-08 1.34304e-08 1.01891e-08 7.41467e-09 5.19225e-09 3.51432e-09 2.31122e-09 1.48571e-09 9.39451e-10 5.88086e-10 3.66607e-10 2.28701e-10 1.43247e-10 9.02182e-11 5.71008e-11 3.61915e-11 2.25754e-11 1.27344e-11 
2.26385e-12 3.69547e-12 5.53136e-12 8.60504e-12 1.39802e-11 2.31998e-11 3.89587e-11 6.62094e-11 1.14104e-10 1.99102e-10 3.49154e-10 6.07979e-10 1.03761e-09 1.71771e-09 2.74302e-09 4.2243e-09 6.29366e-09 9.09627e-09 1.27395e-08 1.72051e-08 2.22848e-08 2.75955e-08 3.26687e-08 3.70556e-08 4.03939e-08 4.2429e-08 4.30103e-08 4.20867e-08 3.97118e-08 3.60568e-08 3.14202e-08 2.6213e-08 2.0905e-08 1.5937e-08 1.16345e-08 8.16129e-09 5.52656e-09 3.63284e-09 2.33254e-09 1.47265e-09 9.2042e-10 5.73077e-10 3.57317e-10 2.23928e-10 1.41297e-10 8.97241e-11 5.71555e-11 3.61915e-11 2.18824e-11 1.10467e-11 
2.07507e-12 3.72036e-12 5.63738e-12 8.41835e-12 1.32065e-11 2.14435e-11 3.54353e-11 5.93754e-11 1.01175e-10 1.75658e-10 3.09403e-10 5.46672e-10 9.54481e-10 1.62392e-09 2.66668e-09 4.21348e-09 6.42845e-09 9.53725e-09 1.38155e-08 1.947e-08 2.6451e-08 3.43446e-08 4.24393e-08 4.99195e-08 5.60569e-08 6.03118e-08 6.23482e-08 6.20154e-08 5.93384e-08 5.45303e-08 4.80116e-08 4.04003e-08 3.24378e-08 2.48497e-08 1.81965e-08 1.27822e-08 8.6558e-09 5.68356e-09 3.64229e-09 2.29415e-09 1.43043e-09 8.88818e-10 5.53491e-10 3.46841e-10 2.19169e-10 1.39617e-10 8.93965e-11 5.71555e-11 3.58139e-11 2.02376e-11 
3.59778e-12 5.88019e-12 8.60504e-12 1.29341e-11 2.0345e-11 3.28735e-11 5.40007e-11 9.02792e-11 1.54357e-10 2.70144e-10 4.80221e-10 8.54059e-10 1.49358e-09 2.53151e-09 4.1235e-09 6.45206e-09 9.77337e-09 1.44907e-08 2.11187e-08 3.0011e-08 4.09981e-08 5.32482e-08 6.54636e-08 7.62635e-08 8.45099e-08 8.94427e-08 9.06711e-08 8.81291e-08 8.20651e-08 7.30642e-08 6.20483e-08 5.01785e-08 3.86393e-08 2.83846e-08 1.99669e-08 1.35192e-08 8.86446e-09 5.66731e-09 3.55913e-09 2.21233e-09 1.37089e-09 8.5202e-10 5.33508e-10 3.37403e-10 2.15532e-10 1.38698e-10 8.93965e-11 5.71008e-11 3.47367e-11 1.75571e-11 
3.30574e-12 6.05125e-12 9.10034e-12 1.32065e-11 1.99748e-11 3.13664e-11 5.03358e-11 8.21813e-11 1.37168e-10 2.35475e-10 4.15412e-10 7.44541e-10 1.33089e-09 2.3282e-09 3.92833e-09 6.34713e-09 9.84545e-09 1.48467e-08 2.20888e-08 3.25e-08 4.66092e-08 6.39174e-08 8.27899e-08 1.00922e-07 1.16048e-07 1.26463e-07 1.31177e-07 1.29857e-07 1.2274e-07 1.10629e-07 9.48931e-08 7.73402e-08 5.98898e-08 4.41498e-08 3.11062e-08 2.10596e-08 1.37879e-08 8.79201e-09 5.50303e-09 3.40834e-09 2.10495e-09 1.30484e-09 8.15905e-10 5.16103e-10 3.30406e-10 2.13592e-10 1.38698e-10 8.97241e-11 5.67479e-11 3.22559e-11 
5.89895e-12 9.7022e-12 1.39802e-11 2.0345e-11 3.08757e-11 4.82791e-11 7.69178e-11 1.24902e-10 2.08323e-10 3.59243e-10 6.38528e-10 1.15234e-09 2.06716e-09 3.61289e-09 6.0644e-09 9.72e-09 1.49667e-08 2.25411e-08 3.37992e-08 5.03378e-08 7.28114e-08 9.99562e-08 1.28665e-07 1.54961e-07 1.75244e-07 1.87086e-07 1.89375e-07 1.82155e-07 1.66487e-07 1.44397e-07 1.18698e-07 9.24843e-08 6.84458e-08 4.83151e-08 3.2714e-08 2.13875e-08 1.36013e-08 8.48283e-09 5.23311e-09 3.2196e-09 1.98956e-09 1.2416e-09 7.85068e-10 5.03392e-10 3.26706e-10 2.13592e-10 1.39617e-10 9.02182e-11 5.53537e-11 2.80695e-11 
5.40451e-12 1.00772e-11 1.51066e-11 2.14435e-11 3.13664e-11 4.76255e-11 7.40693e-11 1.17212e-10 1.8951e-10 3.16157e-10 5.4779e-10 9.80278e-10 1.77892e-09 3.19799e-09 5.57813e-09 9.30889e-09 1.48029e-08 2.26637e-08 3.42229e-08 5.19399e-08 7.84071e-08 1.14154e-07 1.56319e-07 1.99202e-07 2.36127e-07 2.61574e-07 2.72346e-07 2.67632e-07 2.48659e-07 2.18409e-07 1.81261e-07 1.42203e-07 1.05708e-07 7.47882e-08 5.06592e-08 3.30787e-08 2.0981e-08 1.30377e-08 8.00948e-09 4.90736e-09 3.02178e-09 1.88116e-09 1.18841e-09 7.62806e-10 4.96718e-10 3.26706e-10 2.15532e-10 1.41297e-10 9.02859e-11 5.16409e-11 
9.84244e-12 1.62752e-11 2.31998e-11 3.28735e-11 4.82791e-11 7.31817e-11 1.13163e-10 1.78013e-10 2.86891e-10 4.79121e-10 8.34138e-10 1.50165e-09 2.73675e-09 4.92426e-09 8.56356e-09 1.41999e-08 2.2409e-08 3.41888e-08 5.19951e-08 8.01736e-08 1.22632e-07 1.79104e-07 2.43622e-07 3.0607e-07 3.55563e-07 3.84023e-07 3.87848e-07 3.67728e-07 3.27871e-07 2.75113e-07 2.17517e-07 1.62516e-07 1.15298e-07 7.8162e-08 5.09899e-08 3.22631e-08 1.99766e-08 1.22202e-08 7.45483e-09 4.57289e-09 2.83887e-09 1.79114e-09 1.15037e-09 7.51186e-10 4.96718e-10 3.30406e-10 2.19169e-10 1.43247e-10 8.85625e-11 4.50442e-11 
9.00861e-12 1.69728e-11 2.53917e-11 3.54353e-11 5.03358e-11 7.40693e-11 1.1192e-10 1.72074e-10 2.693e-10 4.33044e-10 7.24419e-10 1.26714e-09 2.29296e-09 4.19197e-09 7.54062e-09 1.30616e-08 2.15076e-08 3.37003e-08 5.13867e-08 7.91052e-08 1.24235e-07 1.92101e-07 2.80174e-07 3.76776e-07 4.64516e-07 5.26239e-07 5.51e-07 5.36306e-07 4.87226e-07 4.14277e-07 3.30555e-07 2.48446e-07 1.76865e-07 1.20059e-07 7.82843e-08 4.94295e-08 3.05021e-08 1.85809e-08 1.12857e-08 6.89536e-09 4.26788e-09 2.68862e-09 1.7273e-09 1.13063e-09 7.51186e-10 5.03392e-10 3.37403e-10 2.23928e-10 1.44291e-10 8.28943e-11 
1.66085e-11 2.75327e-11 3.89587e-11 5.40007e-11 7.69178e-11 1.13163e-10 1.70268e-10 2.60308e-10 4.05584e-10 6.51252e-10 1.09178e-09 1.91831e-09 3.48637e-09 6.38638e-09 1.14713e-08 1.97703e-08 3.23083e-08 5.03101e-08 7.69711e-08 1.20549e-07 1.92909e-07 3.0023e-07 4.34861e-07 5.75096e-07 6.92074e-07 7.60032e-07 7.66248e-07 7.13569e-07 6.17091e-07 4.97995e-07 3.77038e-07 2.69579e-07 1.83376e-07 1.19586e-07 7.53872e-08 4.638e-08 2.81418e-08 1.70198e-08 1.03577e-08 6.39132e-09 4.01969e-09 2.58281e-09 1.6943e-09 1.13063e-09 7.62806e-10 5.16103e-10 3.46841e-10 2.28701e-10 1.4207e-10 7.23355e-11 
1.52562e-11 2.88108e-11 4.30602e-11 5.93754e-11 8.21813e-11 1.17212e-10 1.72074e-10 2.57586e-10 3.91598e-10 6.07753e-10 9.75051e-10 1.63855e-09 2.89103e-09 5.27225e-09 9.66493e-09 1.73118e-08 2.96498e-08 4.80599e-08 7.44905e-08 1.14917e-07 1.83867e-07 2.99066e-07 4.65539e-07 6.65352e-07 8.60067e-07 1.00392e-06 1.06117e-06 1.02234e-06 9.04693e-07 7.41151e-07 5.66514e-07 4.07417e-07 2.78017e-07 1.81491e-07 1.14314e-07 7.01577e-08 4.24197e-08 2.55529e-08 1.54919e-08 9.53107e-09 5.98475e-09 3.84603e-09 2.52835e-09 1.6943e-09 1.15037e-09 7.85068e-10 5.33508e-10 3.57317e-10 2.31332e-10 1.33055e-10 
2.82985e-11 4.69357e-11 6.62094e-11 9.02792e-11 1.24902e-10 1.78013e-10 2.60308e-10 3.87367e-10 5.85562e-10 9.05522e-10 1.45216e-09 2.4465e-09 4.33241e-09 7.91914e-09 1.45062e-08 2.58685e-08 4.39638e-08 7.06535e-08 1.09275e-07 1.70956e-07 2.79924e-07 4.60074e-07 7.10585e-07 9.94729e-07 1.24799e-06 1.40253e-06 1.41581e-06 1.2944e-06 1.08328e-06 8.39217e-07 6.08555e-07 4.17308e-07 2.73064e-07 1.72031e-07 1.05419e-07 6.35605e-08 3.81556e-08 2.30539e-08 1.41453e-08 8.8697e-09 5.70194e-09 3.75698e-09 2.52835e-09 1.7273e-09 1.18841e-09 8.15905e-10 5.53491e-10 3.66607e-10 2.27873e-10 1.15822e-10 
2.62182e-11 4.92926e-11 7.37544e-11 1.01175e-10 1.37168e-10 1.8951e-10 2.693e-10 3.91598e-10 5.7883e-10 8.6986e-10 1.34058e-09 2.14949e-09 3.63022e-09 6.44726e-09 1.17949e-08 2.15482e-08 3.81764e-08 6.42698e-08 1.02393e-07 1.58603e-07 2.52958e-07 4.22836e-07 6.95705e-07 1.05601e-06 1.4358e-06 1.73417e-06 1.86155e-06 1.7825e-06 1.53971e-06 1.21718e-06 8.93843e-07 6.17724e-07 4.06005e-07 2.56268e-07 1.57011e-07 9.45053e-08 5.65849e-08 3.40952e-08 2.08743e-08 1.30764e-08 8.41228e-09 5.55742e-09 3.75698e-09 2.58281e-09 1.79114e-09 1.2416e-09 8.5202e-10 5.73077e-10 3.70934e-10 2.12723e-10 
4.86794e-11 8.06773e-11 1.14104e-10 1.54357e-10 2.08323e-10 2.86891e-10 4.05584e-10 5.85562e-10 8.58988e-10 1.28289e-09 1.97045e-09 3.15922e-09 5.34685e-09 9.5123e-09 1.7382e-08 3.15897e-08 5.54523e-08 9.2282e-08 1.458e-07 2.27214e-07 3.70401e-07 6.26934e-07 1.01979e-06 1.50464e-06 1.96819e-06 2.2693e-06 2.31267e-06 2.09341e-06 1.70831e-06 1.28031e-06 8.96228e-07 5.9373e-07 3.76447e-07 2.31092e-07 1.39093e-07 8.31783e-08 5.00344e-08 3.05916e-08 1.91582e-08 1.23413e-08 8.17932e-09 5.55742e-09 3.84603e-09 2.68862e-09 1.88116e-09 1.30484e-09 8.88818e-10 5.88086e-10 3.63915e-10 1.8407e-10 
4.56088e-11 8.49723e-11 1.27609e-10 1.75658e-10 2.35475e-10 3.16157e-10 4.33044e-10 6.07753e-10 8.6986e-10 1.2652e-09 1.87699e-09 2.87288e-09 4.6053e-09 7.80518e-09 1.38846e-08 2.52704e-08 4.55268e-08 7.88999e-08 1.29471e-07 2.03026e-07 3.19637e-07 5.30821e-07 8.96646e-07 1.41995e-06 2.01113e-06 2.50718e-06 2.7447e-06 2.65211e-06 2.27438e-06 1.76346e-06 1.2618e-06 8.47639e-07 5.42191e-07 3.34606e-07 2.01931e-07 1.20858e-07 7.26963e-08 4.44449e-08 2.78554e-08 1.79846e-08 1.19682e-08 8.17932e-09 5.70194e-09 4.01969e-09 2.83887e-09 1.98956e-09 1.37089e-09 9.2042e-10 5.92186e-10 3.37078e-10 
8.43538e-11 1.39603e-10 1.99102e-10 2.70144e-10 3.59243e-10 4.79121e-10 6.51252e-10 9.05522e-10 1.28289e-09 1.8481e-09 2.72173e-09 4.14999e-09 6.64865e-09 1.12693e-08 1.99902e-08 3.60917e-08 6.41461e-08 1.09221e-07 1.76158e-07 2.74344e-07 4.36572e-07 7.2941e-07 1.20427e-06 1.82321e-06 2.44861e-06 2.89554e-06 3.01409e-06 2.77896e-06 2.27933e-06 1.6948e-06 1.1672e-06 7.58881e-07 4.73432e-07 2.87678e-07 1.72886e-07 1.0425e-07 6.38587e-08 4.01176e-08 2.59954e-08 1.7391e-08 1.19682e-08 8.41228e-09 5.98475e-09 4.26788e-09 3.02178e-09 2.10495e-09 1.43043e-09 9.39451e-10 5.75609e-10 2.88848e-10 
7.98195e-11 1.47059e-10 2.22135e-10 3.09403e-10 4.15412e-10 5.4779e-10 7.24419e-10 9.75051e-10 1.34058e-09 1.87699e-09 2.67463e-09 3.90661e-09 5.93043e-09 9.48671e-09 1.60451e-08 2.82643e-08 5.03283e-08 8.76376e-08 1.45599e-07 2.29703e-07 3.54625e-07 5.65909e-07 9.29316e-07 1.46109e-06 2.07799e-06 2.63051e-06 2.9621e-06 2.96589e-06 2.64959e-06 2.10665e-06 1.51837e-06 1.01738e-06 6.47777e-07 3.99072e-07 2.42063e-07 1.469e-07 9.04312e-08 5.70815e-08 3.71945e-08 2.50581e-08 1.7391e-08 1.23413e-08 8.8697e-09 6.39132e-09 4.57289e-09 3.2196e-09 2.21233e-09 1.47265e-09 9.36036e-10 5.26442e-10 
1.46306e-10 2.41769e-10 3.49154e-10 4.80221e-10 6.38528e-10 8.34138e-10 1.09178e-09 1.45216e-09 1.97045e-09 2.72173e-09 3.83009e-09 5.54096e-09 8.36496e-09 1.33368e-08 2.24245e-08 3.89827e-08 6.78771e-08 1.14632e-07 1.83888e-07 2.81302e-07 4.26988e-07 6.70347e-07 1.05047e-06 1.53791e-06 2.03741e-06 2.43608e-06 2.64722e-06 2.60142e-06 2.2926e-06 1.79615e-06 1.27427e-06 8.42763e-07 5.32641e-07 3.28835e-07 2.02082e-07 1.25603e-07 7.99461e-08 5.25348e-08 3.57272e-08 2.50581e-08 1.79846e-08 1.30764e-08 9.53107e-09 6.89536e-09 4.90736e-09 3.40834e-09 2.29415e-09 1.48571e-09 8.96475e-10 4.45121e-10 
1.39111e-10 2.53534e-10 3.85609e-10 5.46672e-10 7.44541e-10 9.80278e-10 1.26714e-09 1.63855e-09 2.14949e-09 2.87288e-09 3.90661e-09 5.41727e-09 7.74661e-09 1.1606e-08 1.83811e-08 3.05376e-08 5.1889e-08 8.7219e-08 1.40635e-07 2.14161e-07 3.13152e-07 4.61436e-07 6.99497e-07 1.03039e-06 1.3957e-06 1.7185e-06 1.9506e-06 2.07275e-06 2.02959e-06 1.79995e-06 1.42309e-06 1.0127e-06 6.70951e-07 4.27619e-07 2.6876e-07 1.69892e-07 1.0964e-07 7.29662e-08 5.02621e-08 3.57272e-08 2.59954e-08 1.91582e-08 1.41453e-08 1.03577e-08 7.45483e-09 5.23311e-09 3.55913e-09 2.33254e-09 1.45596e-09 8.0575e-10 
2.51384e-10 4.15034e-10 6.07979e-10 8.54059e-10 1.15234e-09 1.50165e-09 1.91831e-09 2.4465e-09 3.15922e-09 4.14999e-09 5.54096e-09 7.54798e-09 1.06337e-08 1.57501e-08 2.46295e-08 4.00314e-08 6.55086e-08 1.04215e-07 1.56676e-07 2.22054e-07 3.09013e-07 4.47864e-07 6.65441e-07 9.25545e-07 1.15405e-06 1.30763e-06 1.39351e-06 1.44304e-06 1.42404e-06 1.30184e-06 1.06343e-06 7.71733e-07 5.21028e-07 3.40468e-07 2.21426e-07 1.46115e-07 9.91075e-08 6.94936e-08 5.02621e-08 3.71945e-08 2.78554e-08 2.08743e-08 1.54919e-08 1.12857e-08 8.00948e-09 5.50303e-09 3.64229e-09 2.31122e-09 1.3667e-09 6.70048e-10 
2.38468e-10 4.30775e-10 6.5992e-10 9.54481e-10 1.33089e-09 1.77892e-09 2.29296e-09 2.89103e-09 3.63022e-09 4.6053e-09 5.93043e-09 7.74661e-09 1.03172e-08 1.42392e-08 2.07036e-08 3.16315e-08 4.95085e-08 7.63146e-08 1.11973e-07 1.54844e-07 2.09184e-07 2.98245e-07 4.55976e-07 6.67121e-07 8.57135e-07 9.60984e-07 9.67902e-07 9.31018e-07 9.25655e-07 9.28513e-07 8.88134e-07 7.60605e-07 5.73668e-07 4.01383e-07 2.73648e-07 1.87094e-07 1.30592e-07 9.38953e-08 6.94936e-08 5.25348e-08 4.01176e-08 3.05916e-08 2.30539e-08 1.70198e-08 1.22202e-08 8.48283e-09 5.66731e-09 3.63284e-09 2.21506e-09 1.20205e-09 
4.2283e-10 6.9853e-10 1.03761e-09 1.49358e-09 2.06716e-09 2.73675e-09 3.48637e-09 4.33241e-09 5.34685e-09 6.64865e-09 8.36496e-09 1.06337e-08 1.37398e-08 1.83905e-08 2.59124e-08 3.80068e-08 5.60277e-08 7.98048e-08 1.09994e-07 1.5323e-07 2.30953e-07 3.71811e-07 5.75124e-07 7.75428e-07 8.92256e-07 8.77372e-07 7.58849e-07 6.273e-07 5.7463e-07 5.78645e-07 5.85977e-07 5.33054e-07 4.23889e-07 3.12894e-07 2.26317e-07 1.6497e-07 1.22957e-07 9.38953e-08 7.29662e-08 5.70815e-08 4.44449e-08 3.40952e-08 2.55529e-08 1.85809e-08 1.30377e-08 8.79201e-09 5.68356e-09 3.51432e-09 2.02829e-09 9.80542e-10 
3.97334e-10 7.1347e-10 1.10136e-09 1.62392e-09 2.3282e-09 3.19799e-09 4.19197e-09 5.27225e-09 6.44726e-09 7.80518e-09 9.48671e-09 1.1606e-08 1.42392e-08 1.76117e-08 2.24365e-08 2.99436e-08 4.12109e-08 5.72313e-08 8.18417e-08 1.25115e-07 2.0672e-07 3.4871e-07 5.64329e-07 8.06963e-07 9.83604e-07 1.0217e-06 8.91828e-07 6.75096e-07 4.67706e-07 3.56494e-07 3.56858e-07 3.89826e-07 3.75371e-07 3.18581e-07 2.52212e-07 1.9632e-07 1.54166e-07 1.22957e-07 9.91075e-08 7.99461e-08 6.38587e-08 5.00344e-08 3.81556e-08 2.81418e-08 1.99766e-08 1.36013e-08 8.86446e-09 5.52656e-09 3.27735e-09 1.73952e-09 
6.88753e-10 1.14169e-09 1.71771e-09 2.53151e-09 3.61289e-09 4.92426e-09 6.38638e-09 7.91914e-09 9.5123e-09 1.12693e-08 1.33368e-08 1.57501e-08 1.83905e-08 2.12377e-08 2.4835e-08 3.0406e-08 4.06605e-08 6.32919e-08 1.08572e-07 1.90784e-07 3.33633e-07 5.49936e-07 8.2782e-07 1.07917e-06 1.21046e-06 1.15829e-06 9.34327e-07 6.57678e-07 3.95366e-07 2.39288e-07 2.36058e-07 2.70874e-07 2.73302e-07 2.49786e-07 2.14594e-07 1.81792e-07 1.54166e-07 1.30592e-07 1.0964e-07 9.04312e-08 7.26963e-08 5.65849e-08 4.24197e-08 3.05021e-08 2.0981e-08 1.37879e-08 8.6558e-09 5.19225e-09 2.91594e-09 1.38934e-09 
6.37431e-10 1.14166e-09 1.77869e-09 2.66668e-09 3.92833e-09 5.57813e-09 7.54062e-09 9.66493e-09 1.17949e-08 1.38846e-08 1.60451e-08 1.83811e-08 2.07036e-08 2.24365e-08 2.30074e-08 2.30883e-08 2.80766e-08 5.00839e-08 9.40692e-08 1.72176e-07 3.01511e-07 5.0172e-07 7.63623e-07 1.04397e-06 1.24726e-06 1.30434e-06 1.18074e-06 9.20754e-07 6.27553e-07 3.5545e-07 1.9845e-07 1.80871e-07 2.01592e-07 2.12679e-07 2.08529e-07 1.96536e-07 1.81792e-07 1.6497e-07 1.46115e-07 1.25603e-07 1.0425e-07 8.31783e-08 6.35605e-08 4.638e-08 3.22631e-08 2.13875e-08 1.35192e-08 8.16129e-09 4.69207e-09 2.43213e-09 
1.07789e-09 1.8002e-09 2.74302e-09 4.1235e-09 6.0644e-09 8.56356e-09 1.14713e-08 1.45062e-08 1.7382e-08 1.99902e-08 2.24245e-08 2.46295e-08 2.59124e-08 2.4835e-08 2.02805e-08 1.89781e-08 4.02212e-08 8.17241e-08 1.4801e-07 2.56553e-07 4.18811e-07 6.34059e-07 8.67218e-07 1.06744e-06 1.17707e-06 1.1705e-06 1.0345e-06 8.09393e-07 5.49532e-07 3.20261e-07 1.88725e-07 1.5857e-07 1.66627e-07 1.79317e-07 1.88869e-07 1.96536e-07 1.9632e-07 1.87094e-07 1.69892e-07 1.469e-07 1.20858e-07 9.45053e-08 7.01577e-08 4.94295e-08 3.30787e-08 2.10596e-08 1.27822e-08 7.41467e-09 4.04451e-09 1.90034e-09 
9.78399e-10 1.75453e-09 2.76962e-09 4.21348e-09 6.34713e-09 9.30889e-09 1.30616e-08 1.73118e-08 2.15482e-08 2.52704e-08 2.82643e-08 3.05376e-08 3.16315e-08 2.99436e-08 2.30883e-08 1.52141e-08 3.39066e-08 7.15059e-08 1.24728e-07 2.0563e-07 3.25053e-07 4.77284e-07 6.41596e-07 7.82565e-07 8.76938e-07 9.1181e-07 8.79161e-07 7.77737e-07 6.22773e-07 4.33157e-07 2.76972e-07 1.84392e-07 1.53672e-07 1.51271e-07 1.63898e-07 1.88869e-07 2.14594e-07 2.26317e-07 2.21426e-07 2.02082e-07 1.72886e-07 1.39093e-07 1.05419e-07 7.53872e-08 5.09899e-08 3.2714e-08 1.99669e-08 1.16345e-08 6.47278e-09 3.27606e-09 
1.613e-09 2.72911e-09 4.2243e-09 6.45206e-09 9.72e-09 1.41999e-08 1.97703e-08 2.58685e-08 3.15897e-08 3.60917e-08 3.89827e-08 4.00314e-08 3.80068e-08 3.0406e-08 1.89781e-08 3.17965e-08 6.45255e-08 1.05763e-07 1.60559e-07 2.37774e-07 3.35178e-07 4.33457e-07 5.22856e-07 5.84223e-07 6.1567e-07 6.12878e-07 5.76069e-07 5.09558e-07 4.16196e-07 3.16141e-07 2.37734e-07 1.82841e-07 1.54129e-07 1.45089e-07 1.63898e-07 2.08529e-07 2.52212e-07 2.73648e-07 2.6876e-07 2.42063e-07 2.01931e-07 1.57011e-07 1.14314e-07 7.82843e-08 5.06592e-08 3.11062e-08 1.81965e-08 1.01891e-08 5.39665e-09 2.5048e-09 
1.43204e-09 2.58183e-09 4.15649e-09 6.42845e-09 9.84545e-09 1.48029e-08 2.15076e-08 2.96498e-08 3.81764e-08 4.55268e-08 5.03283e-08 5.1889e-08 4.95085e-08 4.12109e-08 2.80766e-08 3.39066e-08 6.20655e-08 9.311e-08 1.26961e-07 1.70748e-07 2.2407e-07 2.80579e-07 3.28859e-07 3.70148e-07 3.93523e-07 3.96142e-07 3.77276e-07 3.41375e-07 2.98029e-07 2.60438e-07 2.29975e-07 2.08078e-07 1.81113e-07 1.54666e-07 1.45089e-07 1.79317e-07 2.49786e-07 3.12894e-07 3.40468e-07 3.28835e-07 2.87678e-07 2.31092e-07 1.72031e-07 1.19586e-07 7.8162e-08 4.83151e-08 2.83846e-08 1.5937e-08 8.5779e-09 4.24466e-09 
2.30364e-09 3.97317e-09 6.29366e-09 9.77337e-09 1.49667e-08 2.2409e-08 3.23083e-08 4.39638e-08 5.54523e-08 6.41461e-08 6.78771e-08 6.55086e-08 5.60277e-08 4.06605e-08 4.02212e-08 6.45255e-08 8.86776e-08 1.06305e-07 1.25221e-07 1.50147e-07 1.77899e-07 2.06232e-07 2.28609e-07 2.46596e-07 2.51548e-07 2.41591e-07 2.18613e-07 1.90807e-07 1.72513e-07 1.67388e-07 1.75471e-07 1.89095e-07 1.80218e-07 1.54666e-07 1.51271e-07 2.12679e-07 3.18581e-07 4.01383e-07 4.27619e-07 3.99072e-07 3.34606e-07 2.56268e-07 1.81491e-07 1.20059e-07 7.47882e-08 4.41498e-08 2.48497e-08 1.34304e-08 6.91639e-09 3.18006e-09 
1.99701e-09 3.63466e-09 6.01699e-09 9.53725e-09 1.48467e-08 2.26637e-08 3.37003e-08 4.80599e-08 6.42698e-08 7.88999e-08 8.76376e-08 8.7219e-08 7.63146e-08 5.72313e-08 5.00839e-08 7.15059e-08 9.311e-08 9.949e-08 9.96437e-08 1.04302e-07 1.16492e-07 1.30588e-07 1.44678e-07 1.54648e-07 1.59943e-07 1.55985e-07 1.42839e-07 1.24588e-07 1.10595e-07 1.08467e-07 1.20564e-07 1.47958e-07 1.81255e-07 1.80218e-07 1.54129e-07 1.66627e-07 2.73302e-07 4.23889e-07 5.21028e-07 5.32641e-07 4.73432e-07 3.76447e-07 2.73064e-07 1.83376e-07 1.15298e-07 6.84458e-08 3.86393e-08 2.0905e-08 1.09027e-08 5.289e-09 
3.14079e-09 5.55382e-09 9.09627e-09 1.44907e-08 2.25411e-08 3.41888e-08 5.03101e-08 7.06535e-08 9.2282e-08 1.09221e-07 1.14632e-07 1.04215e-07 7.98048e-08 6.32919e-08 8.17241e-08 1.05763e-07 1.06305e-07 9.18318e-08 8.06818e-08 8.04211e-08 8.71772e-08 9.4348e-08 1.0092e-07 1.04057e-07 1.03086e-07 9.64277e-08 8.57224e-08 7.57821e-08 7.28841e-08 8.19953e-08 1.02418e-07 1.37869e-07 1.81255e-07 1.81113e-07 1.53672e-07 2.01592e-07 3.75371e-07 5.73668e-07 6.70951e-07 6.47777e-07 5.42191e-07 4.06005e-07 2.78017e-07 1.76865e-07 1.05708e-07 5.98898e-08 3.24378e-08 1.6952e-08 8.51307e-09 3.89165e-09 
2.65604e-09 4.89794e-09 8.4008e-09 1.38155e-08 2.20888e-08 3.42229e-08 5.13867e-08 7.44905e-08 1.02393e-07 1.29471e-07 1.45599e-07 1.40635e-07 1.11973e-07 8.18417e-08 9.40692e-08 1.24728e-07 1.26961e-07 9.96437e-08 7.38499e-08 6.24982e-08 6.20381e-08 6.5563e-08 6.88193e-08 7.11109e-08 7.08599e-08 6.77893e-08 6.2025e-08 5.60121e-08 5.37909e-08 5.96653e-08 7.425e-08 9.68297e-08 1.37869e-07 1.89095e-07 1.82841e-07 1.5857e-07 2.70874e-07 5.33054e-07 7.71733e-07 8.42763e-07 7.58881e-07 5.9373e-07 4.17308e-07 2.69579e-07 1.62516e-07 9.24843e-08 5.01785e-08 2.6213e-08 1.329e-08 6.34445e-09 
4.09526e-09 7.45379e-09 1.27395e-08 2.11187e-08 3.37992e-08 5.19951e-08 7.69711e-08 1.09275e-07 1.458e-07 1.76158e-07 1.83888e-07 1.56676e-07 1.09994e-07 1.08572e-07 1.4801e-07 1.60559e-07 1.25221e-07 8.06818e-08 5.72707e-08 4.94891e-08 4.88973e-08 5.0276e-08 5.12315e-08 5.13556e-08 4.99023e-08 4.70421e-08 4.38232e-08 4.27434e-08 4.67687e-08 5.6965e-08 7.25349e-08 9.68297e-08 1.47958e-07 2.08078e-07 1.84392e-07 1.80871e-07 3.89826e-07 7.60605e-07 1.0127e-06 1.01738e-06 8.47639e-07 6.17724e-07 4.07417e-07 2.48446e-07 1.42203e-07 7.73402e-08 4.04003e-08 2.04887e-08 1.00753e-08 4.59789e-09 
3.37709e-09 6.32699e-09 1.12922e-08 1.947e-08 3.25e-08 5.19399e-08 7.91052e-08 1.14917e-07 1.58603e-07 2.03026e-07 2.29703e-07 2.14161e-07 1.54844e-07 1.25115e-07 1.72176e-07 2.0563e-07 1.70748e-07 1.04302e-07 6.24982e-08 4.57187e-08 4.04709e-08 3.9498e-08 3.9535e-08 3.93118e-08 3.85979e-08 3.71929e-08 3.56756e-08 3.54243e-08 3.83974e-08 4.56471e-08 5.68222e-08 7.25349e-08 1.02418e-07 1.75471e-07 2.37734e-07 1.88725e-07 2.36058e-07 5.85977e-07 1.06343e-06 1.27427e-06 1.1672e-06 8.96228e-07 6.08555e-07 3.77038e-07 2.17517e-07 1.18698e-07 6.20483e-08 3.14202e-08 1.55566e-08 7.34062e-09 
5.12042e-09 9.6054e-09 1.72051e-08 3.0011e-08 5.03378e-08 8.01736e-08 1.20549e-07 1.70956e-07 2.27214e-07 2.74344e-07 2.81302e-07 2.22054e-07 1.5323e-07 1.90784e-07 2.56553e-07 2.37774e-07 1.50147e-07 8.04211e-08 4.94891e-08 3.78855e-08 3.39793e-08 3.26654e-08 3.20156e-08 3.1333e-08 3.05507e-08 2.98567e-08 3.00392e-08 3.22979e-08 3.75493e-08 4.57844e-08 5.68222e-08 7.425e-08 1.20564e-07 2.29975e-07 2.76972e-07 1.9845e-07 3.56858e-07 8.88134e-07 1.42309e-06 1.51837e-06 1.2618e-06 8.93843e-07 5.66514e-07 3.30555e-07 1.81261e-07 9.48931e-08 4.80116e-08 2.37456e-08 1.14895e-08 5.25526e-09 
4.11788e-09 7.85017e-09 1.45791e-08 2.6451e-08 4.66092e-08 7.84071e-08 1.24235e-07 1.83867e-07 2.52958e-07 3.19637e-07 3.54625e-07 3.13152e-07 2.09184e-07 2.0672e-07 3.01511e-07 3.25053e-07 2.2407e-07 1.16492e-07 6.20381e-08 4.04709e-08 3.22653e-08 2.90936e-08 2.7639e-08 2.67345e-08 2.60169e-08 2.55903e-08 2.58563e-08 2.75549e-08 3.13858e-08 3.75488e-08 4.57844e-08 5.6965e-08 8.19953e-08 1.67388e-07 3.16141e-07 3.20261e-07 2.39288e-07 5.78645e-07 1.30184e-06 1.79615e-06 1.6948e-06 1.28031e-06 8.39217e-07 4.97995e-07 2.75113e-07 1.44397e-07 7.30642e-08 3.60568e-08 1.75256e-08 8.21118e-09 
6.15837e-09 1.18914e-08 2.22848e-08 4.09981e-08 7.28114e-08 1.22632e-07 1.92909e-07 2.79924e-07 3.70401e-07 4.36572e-07 4.26988e-07 3.09013e-07 2.30953e-07 3.33633e-07 4.18811e-07 3.35178e-07 1.77899e-07 8.71772e-08 4.88973e-08 3.39793e-08 2.79737e-08 2.53146e-08 2.38832e-08 2.29801e-08 2.24764e-08 2.25982e-08 2.37889e-08 2.6562e-08 3.11902e-08 3.75488e-08 4.56471e-08 5.96653e-08 1.08467e-07 2.60438e-07 4.33157e-07 3.5545e-07 3.56494e-07 9.28513e-07 1.79995e-06 2.10665e-06 1.76346e-06 1.21718e-06 7.41151e-07 4.14277e-07 2.18409e-07 1.10629e-07 5.45303e-08 2.64515e-08 1.26564e-08 5.823e-09 
4.83208e-09 9.37784e-09 1.80539e-08 3.43446e-08 6.39174e-08 1.14154e-07 1.92101e-07 2.99066e-07 4.22836e-07 5.30821e-07 5.65909e-07 4.61436e-07 2.98245e-07 3.4871e-07 5.0172e-07 4.77284e-07 2.80579e-07 1.30588e-07 6.5563e-08 3.9498e-08 2.90936e-08 2.45782e-08 2.23275e-08 2.10214e-08 2.02784e-08 2.01255e-08 2.08366e-08 2.27767e-08 2.62233e-08 3.11902e-08 3.75493e-08 4.67687e-08 7.28841e-08 1.72513e-07 4.16196e-07 5.49532e-07 3.95366e-07 5.7463e-07 1.42404e-06 2.2926e-06 2.27933e-06 1.70831e-06 1.08328e-06 6.17091e-07 3.27871e-07 1.66487e-07 8.20651e-08 3.97118e-08 1.9052e-08 8.90081e-09 
7.14736e-09 1.41619e-08 2.75955e-08 5.32482e-08 9.99562e-08 1.79104e-07 3.0023e-07 4.60074e-07 6.26934e-07 7.2941e-07 6.70347e-07 4.47864e-07 3.71811e-07 5.49936e-07 6.34059e-07 4.33457e-07 2.06232e-07 9.4348e-08 5.0276e-08 3.26654e-08 2.53146e-08 2.18288e-08 1.99228e-08 1.88138e-08 1.8333e-08 1.8595e-08 1.98553e-08 2.23625e-08 2.62233e-08 3.13858e-08 3.83974e-08 5.37909e-08 1.10595e-07 2.98029e-07 6.22773e-07 6.27553e-07 4.67706e-07 9.25655e-07 2.02959e-06 2.64959e-06 2.27438e-06 1.53971e-06 9.04693e-07 4.87226e-07 2.48659e-07 1.2274e-07 5.93384e-08 2.83972e-08 1.35002e-08 6.26636e-09 
5.47506e-09 1.08146e-08 2.14527e-08 4.24393e-08 8.27899e-08 1.56319e-07 2.80174e-07 4.65539e-07 6.95705e-07 8.96646e-07 9.29316e-07 6.99497e-07 4.55976e-07 5.64329e-07 7.63623e-07 6.41596e-07 3.28859e-07 1.44678e-07 6.88193e-08 3.9535e-08 2.7639e-08 2.23275e-08 1.95667e-08 1.79755e-08 1.71217e-08 1.69706e-08 1.76674e-08 1.94148e-08 2.23625e-08 2.6562e-08 3.22979e-08 4.27434e-08 7.57821e-08 1.90807e-07 5.09558e-07 8.09393e-07 6.57678e-07 6.273e-07 1.44304e-06 2.60142e-06 2.77896e-06 2.09341e-06 1.2944e-06 7.13569e-07 3.67728e-07 1.82155e-07 8.81291e-08 4.20867e-08 2.00347e-08 9.36878e-09 
8.02837e-09 1.62589e-08 3.26687e-08 6.54636e-08 1.28665e-07 2.43622e-07 4.34861e-07 7.10585e-07 1.01979e-06 1.20427e-06 1.05047e-06 6.65441e-07 5.75124e-07 8.2782e-07 8.67218e-07 5.22856e-07 2.28609e-07 1.0092e-07 5.12315e-08 3.20156e-08 2.38832e-08 1.99228e-08 1.77017e-08 1.64228e-08 1.58757e-08 1.60981e-08 1.72278e-08 1.94148e-08 2.27767e-08 2.75549e-08 3.54243e-08 5.60121e-08 1.24588e-07 3.41375e-07 7.77737e-07 9.20754e-07 6.75096e-07 9.31018e-07 2.07275e-06 2.96589e-06 2.65211e-06 1.7825e-06 1.02234e-06 5.36306e-07 2.67632e-07 1.29857e-07 6.20154e-08 2.94498e-08 1.39729e-08 6.55853e-09 
6.00783e-09 1.20703e-08 2.45071e-08 4.99195e-08 1.00922e-07 1.99202e-07 3.76776e-07 6.65352e-07 1.05601e-06 1.41995e-06 1.46109e-06 1.03039e-06 6.67121e-07 8.06963e-07 1.04397e-06 7.82565e-07 3.70148e-07 1.54648e-07 7.11109e-08 3.93118e-08 2.67345e-08 2.10214e-08 1.79755e-08 1.6194e-08 1.52452e-08 1.50489e-08 1.56706e-08 1.72278e-08 1.98553e-08 2.37889e-08 3.00392e-08 4.38232e-08 8.57224e-08 2.18613e-07 5.76069e-07 1.0345e-06 9.34327e-07 7.58849e-07 1.39351e-06 2.64722e-06 3.01409e-06 2.31267e-06 1.41581e-06 7.66248e-07 3.87848e-07 1.89375e-07 9.06711e-08 4.30103e-08 2.04188e-08 9.59006e-09 
8.74953e-09 1.80376e-08 3.70556e-08 7.62635e-08 1.54961e-07 3.0607e-07 5.75096e-07 9.94729e-07 1.50464e-06 1.82321e-06 1.53791e-06 9.25545e-07 7.75428e-07 1.07917e-06 1.06744e-06 5.84223e-07 2.46596e-07 1.04057e-07 5.13556e-08 3.1333e-08 2.29801e-08 1.88138e-08 1.64228e-08 1.50392e-08 1.44481e-08 1.46354e-08 1.56706e-08 1.76674e-08 2.08366e-08 2.58563e-08 3.56756e-08 6.2025e-08 1.42839e-07 3.77276e-07 8.79161e-07 1.18074e-06 8.91828e-07 9.67902e-07 1.9506e-06 2.9621e-06 2.7447e-06 1.86155e-06 1.06117e-06 5.51e-07 2.72346e-07 1.31177e-07 6.23482e-08 2.95506e-08 1.40527e-08 6.68177e-09 
6.39943e-09 1.3067e-08 2.69849e-08 5.60569e-08 1.16048e-07 2.36127e-07 4.64516e-07 8.60067e-07 1.4358e-06 2.01113e-06 2.07799e-06 1.3957e-06 8.57135e-07 9.83604e-07 1.24726e-06 8.76938e-07 3.93523e-07 1.59943e-07 7.08599e-08 3.85979e-08 2.60169e-08 2.02784e-08 1.71217e-08 1.52452e-08 1.42524e-08 1.40447e-08 1.46354e-08 1.60981e-08 1.8595e-08 2.25982e-08 2.98567e-08 4.70421e-08 9.64277e-08 2.41591e-07 6.12878e-07 1.1705e-06 1.15829e-06 8.77372e-07 1.30763e-06 2.43608e-06 2.89554e-06 2.2693e-06 1.40253e-06 7.60032e-07 3.84023e-07 1.87086e-07 8.94427e-08 4.2429e-08 2.01917e-08 9.55505e-09 
9.26871e-09 1.93785e-08 4.03939e-08 8.45099e-08 1.75244e-07 3.55563e-07 6.92074e-07 1.24799e-06 1.96819e-06 2.44861e-06 2.03741e-06 1.15405e-06 8.92256e-07 1.21046e-06 1.17707e-06 6.1567e-07 2.51548e-07 1.03086e-07 4.99023e-08 3.05507e-08 2.24764e-08 1.8333e-08 1.58757e-08 1.44481e-08 1.38528e-08 1.40447e-08 1.50489e-08 1.69706e-08 2.01255e-08 2.55903e-08 3.71929e-08 6.77893e-08 1.55985e-07 3.96142e-07 9.1181e-07 1.30434e-06 1.0217e-06 9.60984e-07 1.7185e-06 2.63051e-06 2.50718e-06 1.73417e-06 1.00392e-06 5.26239e-07 2.61574e-07 1.26463e-07 6.03118e-08 2.87069e-08 1.37426e-08 6.62808e-09 
6.62808e-09 1.37426e-08 2.87069e-08 6.03118e-08 1.26463e-07 2.61574e-07 5.26239e-07 1.00392e-06 1.73417e-06 2.50718e-06 2.63051e-06 1.7185e-06 9.60984e-07 1.0217e-06 1.30434e-06 9.1181e-07 3.96142e-07 1.55985e-07 6.77893e-08 3.71929e-08 2.55903e-08 2.01255e-08 1.69706e-08 1.50489e-08 1.40447e-08 1.38528e-08 1.44481e-08 1.58757e-08 1.8333e-08 2.24764e-08 3.05507e-08 4.99023e-08 1.03086e-07 2.51548e-07 6.1567e-07 1.17707e-06 1.21046e-06 8.92256e-07 1.15405e-06 2.03741e-06 2.44861e-06 1.96819e-06 1.24799e-06 6.92074e-07 3.55563e-07 1.75244e-07 8.45099e-08 4.03939e-08 1.93785e-08 9.26871e-09 
9.55505e-09 2.01917e-08 4.2429e-08 8.94427e-08 1.87086e-07 3.84023e-07 7.60032e-07 1.40253e-06 2.2693e-06 2.89554e-06 2.43608e-06 1.30763e-06 8.77372e-07 1.15829e-06 1.1705e-06 6.12878e-07 2.41591e-07 9.64277e-08 4.70421e-08 2.98567e-08 2.25982e-08 1.8595e-08 1.60981e-08 1.46354e-08 1.40447e-08 1.42524e-08 1.52452e-08 1.71217e-08 2.02784e-08 2.60169e-08 3.85979e-08 7.08599e-08 1.59943e-07 3.93523e-07 8.76938e-07 1.24726e-06 9.83604e-07 8.57135e-07 1.3957e-06 2.07799e-06 2.01113e-06 1.4358e-06 8.60067e-07 4.64516e-07 2.36127e-07 1.16048e-07 5.60569e-08 2.69849e-08 1.3067e-08 6.39943e-09 
6.68177e-09 1.40527e-08 2.95506e-08 6.23482e-08 1.31177e-07 2.72346e-07 5.51e-07 1.06117e-06 1.86155e-06 2.7447e-06 2.9621e-06 1.9506e-06 9.67902e-07 8.91828e-07 1.18074e-06 8.79161e-07 3.77276e-07 1.42839e-07 6.2025e-08 3.56756e-08 2.58563e-08 2.08366e-08 1.76674e-08 1.56706e-08 1.46354e-08 1.44481e-08 1.50392e-08 1.64228e-08 1.88138e-08 2.29801e-08 3.1333e-08 5.13556e-08 1.04057e-07 2.46596e-07 5.84223e-07 1.06744e-06 1.07917e-06 7.75428e-07 9.25545e-07 1.53791e-06 1.82321e-06 1.50464e-06 9.94729e-07 5.75096e-07 3.0607e-07 1.54961e-07 7.62635e-08 3.70556e-08 1.80376e-08 8.74953e-09 
9.59006e-09 2.04188e-08 4.30103e-08 9.06711e-08 1.89375e-07 3.87848e-07 7.66248e-07 1.41581e-06 2.31267e-06 3.01409e-06 2.64722e-06 1.39351e-06 7.58849e-07 9.34327e-07 1.0345e-06 5.76069e-07 2.18613e-07 8.57224e-08 4.38232e-08 3.00392e-08 2.37889e-08 1.98553e-08 1.72278e-08 1.56706e-08 1.50489e-08 1.52452e-08 1.6194e-08 1.79755e-08 2.10214e-08 2.67345e-08 3.93118e-08 7.11109e-08 1.54648e-07 3.70148e-07 7.82565e-07 1.04397e-06 8.06963e-07 6.67121e-07 1.03039e-06 1.46109e-06 1.41995e-06 1.05601e-06 6.65352e-07 3.76776e-07 1.99202e-07 1.00922e-07 4.99195e-08 2.45071e-08 1.20703e-08 6.00783e-09 
6.55853e-09 1.39729e-08 2.94498e-08 6.20154e-08 1.29857e-07 2.67632e-07 5.36306e-07 1.02234e-06 1.7825e-06 2.65211e-06 2.96589e-06 2.07275e-06 9.31018e-07 6.75096e-07 9.20754e-07 7.77737e-07 3.41375e-07 1.24588e-07 5.60121e-08 3.54243e-08 2.75549e-08 2.27767e-08 1.94148e-08 1.72278e-08 1.60981e-08 1.58757e-08 1.64228e-08 1.77017e-08 1.99228e-08 2.38832e-08 3.20156e-08 5.12315e-08 1.0092e-07 2.28609e-07 5.22856e-07 8.67218e-07 8.2782e-07 5.75124e-07 6.65441e-07 1.05047e-06 1.20427e-06 1.01979e-06 7.10585e-07 4.34861e-07 2.43622e-07 1.28665e-07 6.54636e-08 3.26687e-08 1.62589e-08 8.02837e-09 
9.36878e-09 2.00347e-08 4.20867e-08 8.81291e-08 1.82155e-07 3.67728e-07 7.13569e-07 1.2944e-06 2.09341e-06 2.77896e-06 2.60142e-06 1.44304e-06 6.273e-07 6.57678e-07 8.09393e-07 5.09558e-07 1.90807e-07 7.57821e-08 4.27434e-08 3.22979e-08 2.6562e-08 2.23625e-08 1.94148e-08 1.76674e-08 1.69706e-08 1.71217e-08 1.79755e-08 1.95667e-08 2.23275e-08 2.7639e-08 3.9535e-08 6.88193e-08 1.44678e-07 3.28859e-07 6.41596e-07 7.63623e-07 5.64329e-07 4.55976e-07 6.99497e-07 9.29316e-07 8.96646e-07 6.95705e-07 4.65539e-07 2.80174e-07 1.56319e-07 8.27899e-08 4.24393e-08 2.14527e-08 1.08146e-08 5.47506e-09 
6.26636e-09 1.35002e-08 2.83972e-08 5.93384e-08 1.2274e-07 2.48659e-07 4.87226e-07 9.04693e-07 1.53971e-06 2.27438e-06 2.64959e-06 2.02959e-06 9.25655e-07 4.67706e-07 6.27553e-07 6.22773e-07 2.98029e-07 1.10595e-07 5.37909e-08 3.83974e-08 3.13858e-08 2.62233e-08 2.23625e-08 1.98553e-08 1.8595e-08 1.8333e-08 1.88138e-08 1.99228e-08 2.18288e-08 2.53146e-08 3.26654e-08 5.0276e-08 9.4348e-08 2.06232e-07 4.33457e-07 6.34059e-07 5.49936e-07 3.71811e-07 4.47864e-07 6.70347e-07 7.2941e-07 6.26934e-07 4.60074e-07 3.0023e-07 1.79104e-07 9.99562e-08 5.32482e-08 2.75955e-08 1.41619e-08 7.14736e-09 
8.90081e-09 1.9052e-08 3.97118e-08 8.20651e-08 1.66487e-07 3.27871e-07 6.17091e-07 1.08328e-06 1.70831e-06 2.27933e-06 2.2926e-06 1.42404e-06 5.7463e-07 3.95366e-07 5.49532e-07 4.16196e-07 1.72513e-07 7.28841e-08 4.67687e-08 3.75493e-08 3.11902e-08 2.62233e-08 2.27767e-08 2.08366e-08 2.01255e-08 2.02784e-08 2.10214e-08 2.23275e-08 2.45782e-08 2.90936e-08 3.9498e-08 6.5563e-08 1.30588e-07 2.80579e-07 4.77284e-07 5.0172e-07 3.4871e-07 2.98245e-07 4.61436e-07 5.65909e-07 5.30821e-07 4.22836e-07 2.99066e-07 1.92101e-07 1.14154e-07 6.39174e-08 3.43446e-08 1.80539e-08 9.37784e-09 4.83208e-09 
5.823e-09 1.26564e-08 2.64515e-08 5.45303e-08 1.10629e-07 2.18409e-07 4.14277e-07 7.41151e-07 1.21718e-06 1.76346e-06 2.10665e-06 1.79995e-06 9.28513e-07 3.56494e-07 3.5545e-07 4.33157e-07 2.60438e-07 1.08467e-07 5.96653e-08 4.56471e-08 3.75488e-08 3.11902e-08 2.6562e-08 2.37889e-08 2.25982e-08 2.24764e-08 2.29801e-08 2.38832e-08 2.53146e-08 2.79737e-08 3.39793e-08 4.88973e-08 8.71772e-08 1.77899e-07 3.35178e-07 4.18811e-07 3.33633e-07 2.30953e-07 3.09013e-07 4.26988e-07 4.36572e-07 3.70401e-07 2.79924e-07 1.92909e-07 1.22632e-07 7.28114e-08 4.09981e-08 2.22848e-08 1.18914e-08 6.15837e-09 
8.21118e-09 1.75256e-08 3.60568e-08 7.30642e-08 1.44397e-07 2.75113e-07 4.97995e-07 8.39217e-07 1.28031e-06 1.6948e-06 1.79615e-06 1.30184e-06 5.78645e-07 2.39288e-07 3.20261e-07 3.16141e-07 1.67388e-07 8.19953e-08 5.6965e-08 4.57844e-08 3.75488e-08 3.13858e-08 2.75549e-08 2.58563e-08 2.55903e-08 2.60169e-08 2.67345e-08 2.7639e-08 2.90936e-08 3.22653e-08 4.04709e-08 6.20381e-08 1.16492e-07 2.2407e-07 3.25053e-07 3.01511e-07 2.0672e-07 2.09184e-07 3.13152e-07 3.54625e-07 3.19637e-07 2.52958e-07 1.83867e-07 1.24235e-07 7.84071e-08 4.66092e-08 2.6451e-08 1.45791e-08 7.85017e-09 4.11788e-09 
5.25526e-09 1.14895e-08 2.37456e-08 4.80116e-08 9.48931e-08 1.81261e-07 3.30555e-07 5.66514e-07 8.93843e-07 1.2618e-06 1.51837e-06 1.42309e-06 8.88134e-07 3.56858e-07 1.9845e-07 2.76972e-07 2.29975e-07 1.20564e-07 7.425e-08 5.68222e-08 4.57844e-08 3.75493e-08 3.22979e-08 3.00392e-08 2.98567e-08 3.05507e-08 3.1333e-08 3.20156e-08 3.26654e-08 3.39793e-08 3.78855e-08 4.94891e-08 8.04211e-08 1.50147e-07 2.37774e-07 2.56553e-07 1.90784e-07 1.5323e-07 2.22054e-07 2.81302e-07 2.74344e-07 2.27214e-07 1.70956e-07 1.20549e-07 8.01736e-08 5.03378e-08 3.0011e-08 1.72051e-08 9.6054e-09 5.12042e-09 
7.34062e-09 1.55566e-08 3.14202e-08 6.20483e-08 1.18698e-07 2.17517e-07 3.77038e-07 6.08555e-07 8.96228e-07 1.1672e-06 1.27427e-06 1.06343e-06 5.85977e-07 2.36058e-07 1.88725e-07 2.37734e-07 1.75471e-07 1.02418e-07 7.25349e-08 5.68222e-08 4.56471e-08 3.83974e-08 3.54243e-08 3.56756e-08 3.71929e-08 3.85979e-08 3.93118e-08 3.9535e-08 3.9498e-08 4.04709e-08 4.57187e-08 6.24982e-08 1.04302e-07 1.70748e-07 2.0563e-07 1.72176e-07 1.25115e-07 1.54844e-07 2.14161e-07 2.29703e-07 2.03026e-07 1.58603e-07 1.14917e-07 7.91052e-08 5.19399e-08 3.25e-08 1.947e-08 1.12922e-08 6.32699e-09 3.37709e-09 
4.59789e-09 1.00753e-08 2.04887e-08 4.04003e-08 7.73402e-08 1.42203e-07 2.48446e-07 4.07417e-07 6.17724e-07 8.47639e-07 1.01738e-06 1.0127e-06 7.60605e-07 3.89826e-07 1.80871e-07 1.84392e-07 2.08078e-07 1.47958e-07 9.68297e-08 7.25349e-08 5.6965e-08 4.67687e-08 4.27434e-08 4.38232e-08 4.70421e-08 4.99023e-08 5.13556e-08 5.12315e-08 5.0276e-08 4.88973e-08 4.94891e-08 5.72707e-08 8.06818e-08 1.25221e-07 1.60559e-07 1.4801e-07 1.08572e-07 1.09994e-07 1.56676e-07 1.83888e-07 1.76158e-07 1.458e-07 1.09275e-07 7.69711e-08 5.19951e-08 3.37992e-08 2.11187e-08 1.27395e-08 7.45379e-09 4.09526e-09 
6.34445e-09 1.329e-08 2.6213e-08 5.01785e-08 9.24843e-08 1.62516e-07 2.69579e-07 4.17308e-07 5.9373e-07 7.58881e-07 8.42763e-07 7.71733e-07 5.33054e-07 2.70874e-07 1.5857e-07 1.82841e-07 1.89095e-07 1.37869e-07 9.68297e-08 7.425e-08 5.96653e-08 5.37909e-08 5.60121e-08 6.2025e-08 6.77893e-08 7.08599e-08 7.11109e-08 6.88193e-08 6.5563e-08 6.20381e-08 6.24982e-08 7.38499e-08 9.96437e-08 1.26961e-07 1.24728e-07 9.40692e-08 8.18417e-08 1.11973e-07 1.40635e-07 1.45599e-07 1.29471e-07 1.02393e-07 7.44905e-08 5.13867e-08 3.42229e-08 2.20888e-08 1.38155e-08 8.4008e-09 4.89794e-09 2.65604e-09 
3.89165e-09 8.51307e-09 1.6952e-08 3.24378e-08 5.98898e-08 1.05708e-07 1.76865e-07 2.78017e-07 4.06005e-07 5.42191e-07 6.47777e-07 6.70951e-07 5.73668e-07 3.75371e-07 2.01592e-07 1.53672e-07 1.81113e-07 1.81255e-07 1.37869e-07 1.02418e-07 8.19953e-08 7.28841e-08 7.57821e-08 8.57224e-08 9.64277e-08 1.03086e-07 1.04057e-07 1.0092e-07 9.4348e-08 8.71772e-08 8.04211e-08 8.06818e-08 9.18318e-08 1.06305e-07 1.05763e-07 8.17241e-08 6.32919e-08 7.98048e-08 1.04215e-07 1.14632e-07 1.09221e-07 9.2282e-08 7.06535e-08 5.03101e-08 3.41888e-08 2.25411e-08 1.44907e-08 9.09627e-09 5.55382e-09 3.14079e-09 
5.289e-09 1.09027e-08 2.0905e-08 3.86393e-08 6.84458e-08 1.15298e-07 1.83376e-07 2.73064e-07 3.76447e-07 4.73432e-07 5.32641e-07 5.21028e-07 4.23889e-07 2.73302e-07 1.66627e-07 1.54129e-07 1.80218e-07 1.81255e-07 1.47958e-07 1.20564e-07 1.08467e-07 1.10595e-07 1.24588e-07 1.42839e-07 1.55985e-07 1.59943e-07 1.54648e-07 1.44678e-07 1.30588e-07 1.16492e-07 1.04302e-07 9.96437e-08 9.949e-08 9.311e-08 7.15059e-08 5.00839e-08 5.72313e-08 7.63146e-08 8.7219e-08 8.76376e-08 7.88999e-08 6.42698e-08 4.80599e-08 3.37003e-08 2.26637e-08 1.48467e-08 9.53725e-09 6.01699e-09 3.63466e-09 1.99701e-09 
3.18006e-09 6.91639e-09 1.34304e-08 2.48497e-08 4.41498e-08 7.47882e-08 1.20059e-07 1.81491e-07 2.56268e-07 3.34606e-07 3.99072e-07 4.27619e-07 4.01383e-07 3.18581e-07 2.12679e-07 1.51271e-07 1.54666e-07 1.80218e-07 1.89095e-07 1.75471e-07 1.67388e-07 1.72513e-07 1.90807e-07 2.18613e-07 2.41591e-07 2.51548e-07 2.46596e-07 2.28609e-07 2.06232e-07 1.77899e-07 1.50147e-07 1.25221e-07 1.06305e-07 8.86776e-08 6.45255e-08 4.02212e-08 4.06605e-08 5.60277e-08 6.55086e-08 6.78771e-08 6.41461e-08 5.54523e-08 4.39638e-08 3.23083e-08 2.2409e-08 1.49667e-08 9.77337e-09 6.29366e-09 3.97317e-09 2.30364e-09 
4.24466e-09 8.5779e-09 1.5937e-08 2.83846e-08 4.83151e-08 7.8162e-08 1.19586e-07 1.72031e-07 2.31092e-07 2.87678e-07 3.28835e-07 3.40468e-07 3.12894e-07 2.49786e-07 1.79317e-07 1.45089e-07 1.54666e-07 1.81113e-07 2.08078e-07 2.29975e-07 2.60438e-07 2.98029e-07 3.41375e-07 3.77276e-07 3.96142e-07 3.93523e-07 3.70148e-07 3.28859e-07 2.80579e-07 2.2407e-07 1.70748e-07 1.26961e-07 9.311e-08 6.20655e-08 3.39066e-08 2.80766e-08 4.12109e-08 4.95085e-08 5.1889e-08 5.03283e-08 4.55268e-08 3.81764e-08 2.96498e-08 2.15076e-08 1.48029e-08 9.84545e-09 6.42845e-09 4.15649e-09 2.58183e-09 1.43204e-09 
2.5048e-09 5.39665e-09 1.01891e-08 1.81965e-08 3.11062e-08 5.06592e-08 7.82843e-08 1.14314e-07 1.57011e-07 2.01931e-07 2.42063e-07 2.6876e-07 2.73648e-07 2.52212e-07 2.08529e-07 1.63898e-07 1.45089e-07 1.54129e-07 1.82841e-07 2.37734e-07 3.16141e-07 4.16196e-07 5.09558e-07 5.76069e-07 6.12878e-07 6.1567e-07 5.84223e-07 5.22856e-07 4.33457e-07 3.35178e-07 2.37774e-07 1.60559e-07 1.05763e-07 6.45255e-08 3.17965e-08 1.89781e-08 3.0406e-08 3.80068e-08 4.00314e-08 3.89827e-08 3.60917e-08 3.15897e-08 2.58685e-08 1.97703e-08 1.41999e-08 9.72e-09 6.45206e-09 4.2243e-09 2.72911e-09 1.613e-09 
3.27606e-09 6.47278e-09 1.16345e-08 1.99669e-08 3.2714e-08 5.09899e-08 7.53872e-08 1.05419e-07 1.39093e-07 1.72886e-07 2.02082e-07 2.21426e-07 2.26317e-07 2.14594e-07 1.88869e-07 1.63898e-07 1.51271e-07 1.53672e-07 1.84392e-07 2.76972e-07 4.33157e-07 6.22773e-07 7.77737e-07 8.79161e-07 9.1181e-07 8.76938e-07 7.82565e-07 6.41596e-07 4.77284e-07 3.25053e-07 2.0563e-07 1.24728e-07 7.15059e-08 3.39066e-08 1.52141e-08 2.30883e-08 2.99436e-08 3.16315e-08 3.05376e-08 2.82643e-08 2.52704e-08 2.15482e-08 1.73118e-08 1.30616e-08 9.30889e-09 6.34713e-09 4.21348e-09 2.76962e-09 1.75453e-09 9.78399e-10 
1.90034e-09 4.04451e-09 7.41467e-09 1.27822e-08 2.10596e-08 3.30787e-08 4.94295e-08 7.01577e-08 9.45053e-08 1.20858e-07 1.469e-07 1.69892e-07 1.87094e-07 1.9632e-07 1.96536e-07 1.88869e-07 1.79317e-07 1.66627e-07 1.5857e-07 1.88725e-07 3.20261e-07 5.49532e-07 8.09393e-07 1.0345e-06 1.1705e-06 1.17707e-06 1.06744e-06 8.67218e-07 6.34059e-07 4.18811e-07 2.56553e-07 1.4801e-07 8.17241e-08 4.02212e-08 1.89781e-08 2.02805e-08 2.4835e-08 2.59124e-08 2.46295e-08 2.24245e-08 1.99902e-08 1.7382e-08 1.45062e-08 1.14713e-08 8.56356e-09 6.0644e-09 4.1235e-09 2.74302e-09 1.8002e-09 1.07789e-09 
2.43213e-09 4.69207e-09 8.16129e-09 1.35192e-08 2.13875e-08 3.22631e-08 4.638e-08 6.35605e-08 8.31783e-08 1.0425e-07 1.25603e-07 1.46115e-07 1.6497e-07 1.81792e-07 1.96536e-07 2.08529e-07 2.12679e-07 2.01592e-07 1.80871e-07 1.9845e-07 3.5545e-07 6.27553e-07 9.20754e-07 1.18074e-06 1.30434e-06 1.24726e-06 1.04397e-06 7.63623e-07 5.0172e-07 3.01511e-07 1.72176e-07 9.40692e-08 5.00839e-08 2.80766e-08 2.30883e-08 2.30074e-08 2.24365e-08 2.07036e-08 1.83811e-08 1.60451e-08 1.38846e-08 1.17949e-08 9.66493e-09 7.54062e-09 5.57813e-09 3.92833e-09 2.66668e-09 1.77869e-09 1.14166e-09 6.37431e-10 
1.38934e-09 2.91594e-09 5.19225e-09 8.6558e-09 1.37879e-08 2.0981e-08 3.05021e-08 4.24197e-08 5.65849e-08 7.26963e-08 9.04312e-08 1.0964e-07 1.30592e-07 1.54166e-07 1.81792e-07 2.14594e-07 2.49786e-07 2.73302e-07 2.70874e-07 2.36058e-07 2.39288e-07 3.95366e-07 6.57678e-07 9.34327e-07 1.15829e-06 1.21046e-06 1.07917e-06 8.2782e-07 5.49936e-07 3.33633e-07 1.90784e-07 1.08572e-07 6.32919e-08 4.06605e-08 3.0406e-08 2.4835e-08 2.12377e-08 1.83905e-08 1.57501e-08 1.33368e-08 1.12693e-08 9.5123e-09 7.91914e-09 6.38638e-09 4.92426e-09 3.61289e-09 2.53151e-09 1.71771e-09 1.14169e-09 6.88753e-10 
1.73952e-09 3.27735e-09 5.52656e-09 8.86446e-09 1.36013e-08 1.99766e-08 2.81418e-08 3.81556e-08 5.00344e-08 6.38587e-08 7.99461e-08 9.91075e-08 1.22957e-07 1.54166e-07 1.9632e-07 2.52212e-07 3.18581e-07 3.75371e-07 3.89826e-07 3.56858e-07 3.56494e-07 4.67706e-07 6.75096e-07 8.91828e-07 1.0217e-06 9.83604e-07 8.06963e-07 5.64329e-07 3.4871e-07 2.0672e-07 1.25115e-07 8.18417e-08 5.72313e-08 4.12109e-08 2.99436e-08 2.24365e-08 1.76117e-08 1.42392e-08 1.1606e-08 9.48671e-09 7.80518e-09 6.44726e-09 5.27225e-09 4.19197e-09 3.19799e-09 2.3282e-09 1.62392e-09 1.10136e-09 7.1347e-10 3.97334e-10 
9.80542e-10 2.02829e-09 3.51432e-09 5.68356e-09 8.79201e-09 1.30377e-08 1.85809e-08 2.55529e-08 3.40952e-08 4.44449e-08 5.70815e-08 7.29662e-08 9.38953e-08 1.22957e-07 1.6497e-07 2.26317e-07 3.12894e-07 4.23889e-07 5.33054e-07 5.85977e-07 5.78645e-07 5.7463e-07 6.273e-07 7.58849e-07 8.77372e-07 8.92256e-07 7.75428e-07 5.75124e-07 3.71811e-07 2.30953e-07 1.5323e-07 1.09994e-07 7.98048e-08 5.60277e-08 3.80068e-08 2.59124e-08 1.83905e-08 1.37398e-08 1.06337e-08 8.36496e-09 6.64865e-09 5.34685e-09 4.33241e-09 3.48637e-09 2.73675e-09 2.06716e-09 1.49358e-09 1.03761e-09 6.9853e-10 4.2283e-10 
1.20205e-09 2.21506e-09 3.63284e-09 5.66731e-09 8.48283e-09 1.22202e-08 1.70198e-08 2.30539e-08 3.05916e-08 4.01176e-08 5.25348e-08 6.94936e-08 9.38953e-08 1.30592e-07 1.87094e-07 2.73648e-07 4.01383e-07 5.73668e-07 7.60605e-07 8.88134e-07 9.28513e-07 9.25655e-07 9.31018e-07 9.67902e-07 9.60984e-07 8.57135e-07 6.67121e-07 4.55976e-07 2.98245e-07 2.09184e-07 1.54844e-07 1.11973e-07 7.63146e-08 4.95085e-08 3.16315e-08 2.07036e-08 1.42392e-08 1.03172e-08 7.74661e-09 5.93043e-09 4.6053e-09 3.63022e-09 2.89103e-09 2.29296e-09 1.77892e-09 1.33089e-09 9.54481e-10 6.5992e-10 4.30775e-10 2.38468e-10 
6.70048e-10 1.3667e-09 2.31122e-09 3.64229e-09 5.50303e-09 8.00948e-09 1.12857e-08 1.54919e-08 2.08743e-08 2.78554e-08 3.71945e-08 5.02621e-08 6.94936e-08 9.91075e-08 1.46115e-07 2.21426e-07 3.40468e-07 5.21028e-07 7.71733e-07 1.06343e-06 1.30184e-06 1.42404e-06 1.44304e-06 1.39351e-06 1.30763e-06 1.15405e-06 9.25545e-07 6.65441e-07 4.47864e-07 3.09013e-07 2.22054e-07 1.56676e-07 1.04215e-07 6.55086e-08 4.00314e-08 2.46295e-08 1.57501e-08 1.06337e-08 7.54798e-09 5.54096e-09 4.14999e-09 3.15922e-09 2.4465e-09 1.91831e-09 1.50165e-09 1.15234e-09 8.54059e-10 6.07979e-10 4.15034e-10 2.51384e-10 
8.0575e-10 1.45596e-09 2.33254e-09 3.55913e-09 5.23311e-09 7.45483e-09 1.03577e-08 1.41453e-08 1.91582e-08 2.59954e-08 3.57272e-08 5.02621e-08 7.29662e-08 1.0964e-07 1.69892e-07 2.6876e-07 4.27619e-07 6.70951e-07 1.0127e-06 1.42309e-06 1.79995e-06 2.02959e-06 2.07275e-06 1.9506e-06 1.7185e-06 1.3957e-06 1.03039e-06 6.99497e-07 4.61436e-07 3.13152e-07 2.14161e-07 1.40635e-07 8.7219e-08 5.1889e-08 3.05376e-08 1.83811e-08 1.1606e-08 7.74661e-09 5.41727e-09 3.90661e-09 2.87288e-09 2.14949e-09 1.63855e-09 1.26714e-09 9.80278e-10 7.44541e-10 5.46672e-10 3.85609e-10 2.53534e-10 1.39111e-10 
4.45121e-10 8.96475e-10 1.48571e-09 2.29415e-09 3.40834e-09 4.90736e-09 6.89536e-09 9.53107e-09 1.30764e-08 1.79846e-08 2.50581e-08 3.57272e-08 5.25348e-08 7.99461e-08 1.25603e-07 2.02082e-07 3.28835e-07 5.32641e-07 8.42763e-07 1.27427e-06 1.79615e-06 2.2926e-06 2.60142e-06 2.64722e-06 2.43608e-06 2.03741e-06 1.53791e-06 1.05047e-06 6.70347e-07 4.26988e-07 2.81302e-07 1.83888e-07 1.14632e-07 6.78771e-08 3.89827e-08 2.24245e-08 1.33368e-08 8.36496e-09 5.54096e-09 3.83009e-09 2.72173e-09 1.97045e-09 1.45216e-09 1.09178e-09 8.34138e-10 6.38528e-10 4.80221e-10 3.49154e-10 2.41769e-10 1.46306e-10 
5.26442e-10 9.36036e-10 1.47265e-09 2.21233e-09 3.2196e-09 4.57289e-09 6.39132e-09 8.8697e-09 1.23413e-08 1.7391e-08 2.50581e-08 3.71945e-08 5.70815e-08 9.04312e-08 1.469e-07 2.42063e-07 3.99072e-07 6.47777e-07 1.01738e-06 1.51837e-06 2.10665e-06 2.64959e-06 2.96589e-06 2.9621e-06 2.63051e-06 2.07799e-06 1.46109e-06 9.29316e-07 5.65909e-07 3.54625e-07 2.29703e-07 1.45599e-07 8.76376e-08 5.03283e-08 2.82643e-08 1.60451e-08 9.48671e-09 5.93043e-09 3.90661e-09 2.67463e-09 1.87699e-09 1.34058e-09 9.75051e-10 7.24419e-10 5.4779e-10 4.15412e-10 3.09403e-10 2.22135e-10 1.47059e-10 7.98195e-11 
2.88848e-10 5.75609e-10 9.39451e-10 1.43043e-09 2.10495e-09 3.02178e-09 4.26788e-09 5.98475e-09 8.41228e-09 1.19682e-08 1.7391e-08 2.59954e-08 4.01176e-08 6.38587e-08 1.0425e-07 1.72886e-07 2.87678e-07 4.73432e-07 7.58881e-07 1.1672e-06 1.6948e-06 2.27933e-06 2.77896e-06 3.01409e-06 2.89554e-06 2.44861e-06 1.82321e-06 1.20427e-06 7.2941e-07 4.36572e-07 2.74344e-07 1.76158e-07 1.09221e-07 6.41461e-08 3.60917e-08 1.99902e-08 1.12693e-08 6.64865e-09 4.14999e-09 2.72173e-09 1.8481e-09 1.28289e-09 9.05522e-10 6.51252e-10 4.79121e-10 3.59243e-10 2.70144e-10 1.99102e-10 1.39603e-10 8.43538e-11 
3.37078e-10 5.92186e-10 9.2042e-10 1.37089e-09 1.98956e-09 2.83887e-09 4.01969e-09 5.70194e-09 8.17932e-09 1.19682e-08 1.79846e-08 2.78554e-08 4.44449e-08 7.26963e-08 1.20858e-07 2.01931e-07 3.34606e-07 5.42191e-07 8.47639e-07 1.2618e-06 1.76346e-06 2.27438e-06 2.65211e-06 2.7447e-06 2.50718e-06 2.01113e-06 1.41995e-06 8.96646e-07 5.30821e-07 3.19637e-07 2.03026e-07 1.29471e-07 7.88999e-08 4.55268e-08 2.52704e-08 1.38846e-08 7.80518e-09 4.6053e-09 2.87288e-09 1.87699e-09 1.2652e-09 8.6986e-10 6.07753e-10 4.33044e-10 3.16157e-10 2.35475e-10 1.75658e-10 1.27609e-10 8.49723e-11 4.56088e-11 
1.8407e-10 3.63915e-10 5.88086e-10 8.88818e-10 1.30484e-09 1.88116e-09 2.68862e-09 3.84603e-09 5.55742e-09 8.17932e-09 1.23413e-08 1.91582e-08 3.05916e-08 5.00344e-08 8.31783e-08 1.39093e-07 2.31092e-07 3.76447e-07 5.9373e-07 8.96228e-07 1.28031e-06 1.70831e-06 2.09341e-06 2.31267e-06 2.2693e-06 1.96819e-06 1.50464e-06 1.01979e-06 6.26934e-07 3.70401e-07 2.27214e-07 1.458e-07 9.2282e-08 5.54523e-08 3.15897e-08 1.7382e-08 9.5123e-09 5.34685e-09 3.15922e-09 1.97045e-09 1.28289e-09 8.58988e-10 5.85562e-10 4.05584e-10 2.86891e-10 2.08323e-10 1.54357e-10 1.14104e-10 8.06773e-11 4.86794e-11 
2.12723e-10 3.70934e-10 5.73077e-10 8.5202e-10 1.2416e-09 1.79114e-09 2.58281e-09 3.75698e-09 5.55742e-09 8.41228e-09 1.30764e-08 2.08743e-08 3.40952e-08 5.65849e-08 9.45053e-08 1.57011e-07 2.56268e-07 4.06005e-07 6.17724e-07 8.93843e-07 1.21718e-06 1.53971e-06 1.7825e-06 1.86155e-06 1.73417e-06 1.4358e-06 1.05601e-06 6.95705e-07 4.22836e-07 2.52958e-07 1.58603e-07 1.02393e-07 6.42698e-08 3.81764e-08 2.15482e-08 1.17949e-08 6.44726e-09 3.63022e-09 2.14949e-09 1.34058e-09 8.6986e-10 5.7883e-10 3.91598e-10 2.693e-10 1.8951e-10 1.37168e-10 1.01175e-10 7.37544e-11 4.92926e-11 2.62182e-11 
1.15822e-10 2.27873e-10 3.66607e-10 5.53491e-10 8.15905e-10 1.18841e-09 1.7273e-09 2.52835e-09 3.75698e-09 5.70194e-09 8.8697e-09 1.41453e-08 2.30539e-08 3.81556e-08 6.35605e-08 1.05419e-07 1.72031e-07 2.73064e-07 4.17308e-07 6.08555e-07 8.39217e-07 1.08328e-06 1.2944e-06 1.41581e-06 1.40253e-06 1.24799e-06 9.94729e-07 7.10585e-07 4.60074e-07 2.79924e-07 1.70956e-07 1.09275e-07 7.06535e-08 4.39638e-08 2.58685e-08 1.45062e-08 7.91914e-09 4.33241e-09 2.4465e-09 1.45216e-09 9.05522e-10 5.85562e-10 3.87367e-10 2.60308e-10 1.78013e-10 1.24902e-10 9.02792e-11 6.62094e-11 4.69357e-11 2.82985e-11 
1.33055e-10 2.31332e-10 3.57317e-10 5.33508e-10 7.85068e-10 1.15037e-09 1.6943e-09 2.52835e-09 3.84603e-09 5.98475e-09 9.53107e-09 1.54919e-08 2.55529e-08 4.24197e-08 7.01577e-08 1.14314e-07 1.81491e-07 2.78017e-07 4.07417e-07 5.66514e-07 7.41151e-07 9.04693e-07 1.02234e-06 1.06117e-06 1.00392e-06 8.60067e-07 6.65352e-07 4.65539e-07 2.99066e-07 1.83867e-07 1.14917e-07 7.44905e-08 4.80599e-08 2.96498e-08 1.73118e-08 9.66493e-09 5.27225e-09 2.89103e-09 1.63855e-09 9.75051e-10 6.07753e-10 3.91598e-10 2.57586e-10 1.72074e-10 1.17212e-10 8.21813e-11 5.93754e-11 4.30602e-11 2.88108e-11 1.52562e-11 
7.23355e-11 1.4207e-10 2.28701e-10 3.46841e-10 5.16103e-10 7.62806e-10 1.13063e-09 1.6943e-09 2.58281e-09 4.01969e-09 6.39132e-09 1.03577e-08 1.70198e-08 2.81418e-08 4.638e-08 7.53872e-08 1.19586e-07 1.83376e-07 2.69579e-07 3.77038e-07 4.97995e-07 6.17091e-07 7.13569e-07 7.66248e-07 7.60032e-07 6.92074e-07 5.75096e-07 4.34861e-07 3.0023e-07 1.92909e-07 1.20549e-07 7.69711e-08 5.03101e-08 3.23083e-08 1.97703e-08 1.14713e-08 6.38638e-09 3.48637e-09 1.91831e-09 1.09178e-09 6.51252e-10 4.05584e-10 2.60308e-10 1.70268e-10 1.13163e-10 7.69178e-11 5.40007e-11 3.89587e-11 2.75327e-11 1.66085e-11 
8.28943e-11 1.44291e-10 2.23928e-10 3.37403e-10 5.03392e-10 7.51186e-10 1.13063e-09 1.7273e-09 2.68862e-09 4.26788e-09 6.89536e-09 1.12857e-08 1.85809e-08 3.05021e-08 4.94295e-08 7.82843e-08 1.20059e-07 1.76865e-07 2.48446e-07 3.30555e-07 4.14277e-07 4.87226e-07 5.36306e-07 5.51e-07 5.26239e-07 4.64516e-07 3.76776e-07 2.80174e-07 1.92101e-07 1.24235e-07 7.91052e-08 5.13867e-08 3.37003e-08 2.15076e-08 1.30616e-08 7.54062e-09 4.19197e-09 2.29296e-09 1.26714e-09 7.24419e-10 4.33044e-10 2.693e-10 1.72074e-10 1.1192e-10 7.40693e-11 5.03358e-11 3.54353e-11 2.53917e-11 1.69728e-11 9.00861e-12 
4.50442e-11 8.85625e-11 1.43247e-10 2.19169e-10 3.30406e-10 4.96718e-10 7.51186e-10 1.15037e-09 1.79114e-09 2.83887e-09 4.57289e-09 7.45483e-09 1.22202e-08 1.99766e-08 3.22631e-08 5.09899e-08 7.8162e-08 1.15298e-07 1.62516e-07 2.17517e-07 2.75113e-07 3.27871e-07 3.67728e-07 3.87848e-07 3.84023e-07 3.55563e-07 3.0607e-07 2.43622e-07 1.79104e-07 1.22632e-07 8.01736e-08 5.19951e-08 3.41888e-08 2.2409e-08 1.41999e-08 8.56356e-09 4.92426e-09 2.73675e-09 1.50165e-09 8.34138e-10 4.79121e-10 2.86891e-10 1.78013e-10 1.13163e-10 7.31817e-11 4.82791e-11 3.28735e-11 2.31998e-11 1.62752e-11 9.84244e-12 
5.16409e-11 9.02859e-11 1.41297e-10 2.15532e-10 3.26706e-10 4.96718e-10 7.62806e-10 1.18841e-09 1.88116e-09 3.02178e-09 4.90736e-09 8.00948e-09 1.30377e-08 2.0981e-08 3.30787e-08 5.06592e-08 7.47882e-08 1.05708e-07 1.42203e-07 1.81261e-07 2.18409e-07 2.48659e-07 2.67632e-07 2.72346e-07 2.61574e-07 2.36127e-07 1.99202e-07 1.56319e-07 1.14154e-07 7.84071e-08 5.19399e-08 3.42229e-08 2.26637e-08 1.48029e-08 9.30889e-09 5.57813e-09 3.19799e-09 1.77892e-09 9.80278e-10 5.4779e-10 3.16157e-10 1.8951e-10 1.17212e-10 7.40693e-11 4.76255e-11 3.13664e-11 2.14435e-11 1.51066e-11 1.00772e-11 5.40451e-12 
2.80695e-11 5.53537e-11 9.02182e-11 1.39617e-10 2.13592e-10 3.26706e-10 5.03392e-10 7.85068e-10 1.2416e-09 1.98956e-09 3.2196e-09 5.23311e-09 8.48283e-09 1.36013e-08 2.13875e-08 3.2714e-08 4.83151e-08 6.84458e-08 9.24843e-08 1.18698e-07 1.44397e-07 1.66487e-07 1.82155e-07 1.89375e-07 1.87086e-07 1.75244e-07 1.54961e-07 1.28665e-07 9.99562e-08 7.28114e-08 5.03378e-08 3.37992e-08 2.25411e-08 1.49667e-08 9.72e-09 6.0644e-09 3.61289e-09 2.06716e-09 1.15234e-09 6.38528e-10 3.59243e-10 2.08323e-10 1.24902e-10 7.69178e-11 4.82791e-11 3.08757e-11 2.0345e-11 1.39802e-11 9.7022e-12 5.89895e-12 
3.22559e-11 5.67479e-11 8.97241e-11 1.38698e-10 2.13592e-10 3.30406e-10 5.16103e-10 8.15905e-10 1.30484e-09 2.10495e-09 3.40834e-09 5.50303e-09 8.79201e-09 1.37879e-08 2.10596e-08 3.11062e-08 4.41498e-08 5.98898e-08 7.73402e-08 9.48931e-08 1.10629e-07 1.2274e-07 1.29857e-07 1.31177e-07 1.26463e-07 1.16048e-07 1.00922e-07 8.27899e-08 6.39174e-08 4.66092e-08 3.25e-08 2.20888e-08 1.48467e-08 9.84545e-09 6.34713e-09 3.92833e-09 2.3282e-09 1.33089e-09 7.44541e-10 4.15412e-10 2.35475e-10 1.37168e-10 8.21813e-11 5.03358e-11 3.13664e-11 1.99748e-11 1.32065e-11 9.10034e-12 6.05125e-12 3.30574e-12 
1.75571e-11 3.47367e-11 5.71008e-11 8.93965e-11 1.38698e-10 2.15532e-10 3.37403e-10 5.33508e-10 8.5202e-10 1.37089e-09 2.21233e-09 3.55913e-09 5.66731e-09 8.86446e-09 1.35192e-08 1.99669e-08 2.83846e-08 3.86393e-08 5.01785e-08 6.20483e-08 7.30642e-08 8.20651e-08 8.81291e-08 9.06711e-08 8.94427e-08 8.45099e-08 7.62635e-08 6.54636e-08 5.32482e-08 4.09981e-08 3.0011e-08 2.11187e-08 1.44907e-08 9.77337e-09 6.45206e-09 4.1235e-09 2.53151e-09 1.49358e-09 8.54059e-10 4.80221e-10 2.70144e-10 1.54357e-10 9.02792e-11 5.40007e-11 3.28735e-11 2.0345e-11 1.29341e-11 8.60504e-12 5.88019e-12 3.59778e-12 
2.02376e-11 3.58139e-11 5.71555e-11 8.93965e-11 1.39617e-10 2.19169e-10 3.46841e-10 5.53491e-10 8.88818e-10 1.43043e-09 2.29415e-09 3.64229e-09 5.68356e-09 8.6558e-09 1.27822e-08 1.81965e-08 2.48497e-08 3.24378e-08 4.04003e-08 4.80116e-08 5.45303e-08 5.93384e-08 6.20154e-08 6.23482e-08 6.03118e-08 5.60569e-08 4.99195e-08 4.24393e-08 3.43446e-08 2.6451e-08 1.947e-08 1.38155e-08 9.53725e-09 6.42845e-09 4.21348e-09 2.66668e-09 1.62392e-09 9.54481e-10 5.46672e-10 3.09403e-10 1.75658e-10 1.01175e-10 5.93754e-11 3.54353e-11 2.14435e-11 1.32065e-11 8.41835e-12 5.63738e-12 3.72036e-12 2.07507e-12 
1.10467e-11 2.18824e-11 3.61915e-11 5.71555e-11 8.97241e-11 1.41297e-10 2.23928e-10 3.57317e-10 5.73077e-10 9.2042e-10 1.47265e-09 2.33254e-09 3.63284e-09 5.52656e-09 8.16129e-09 1.16345e-08 1.5937e-08 2.0905e-08 2.6213e-08 3.14202e-08 3.60568e-08 3.97118e-08 4.20867e-08 4.30103e-08 4.2429e-08 4.03939e-08 3.70556e-08 3.26687e-08 2.75955e-08 2.22848e-08 1.72051e-08 1.27395e-08 9.09627e-09 6.29366e-09 4.2243e-09 2.74302e-09 1.71771e-09 1.03761e-09 6.07979e-10 3.49154e-10 1.99102e-10 1.14104e-10 6.62094e-11 3.89587e-11 2.31998e-11 1.39802e-11 8.60504e-12 5.53136e-12 3.69547e-12 2.26385e-12 
1.27344e-11 2.25754e-11 3.61915e-11 5.71008e-11 9.02182e-11 1.43247e-10 2.28701e-10 3.66607e-10 5.88086e-10 9.39451e-10 1.48571e-09 2.31122e-09 3.51432e-09 5.19225e-09 7.41467e-09 1.01891e-08 1.34304e-08 1.6952e-08 2.04887e-08 2.37456e-08 2.64515e-08 2.83972e-08 2.94498e-08 2.95506e-08 2.87069e-08 2.69849e-08 2.45071e-08 2.14527e-08 1.80539e-08 1.45791e-08 1.12922e-08 8.4008e-09 6.01699e-09 4.15649e-09 2.76962e-09 1.77869e-09 1.10136e-09 6.5992e-10 3.85609e-10 2.22135e-10 1.27609e-10 7.37544e-11 4.30602e-11 2.53917e-11 1.51066e-11 9.10034e-12 5.63738e-12 3.66738e-12 2.38545e-12 1.34907e-12 
6.93395e-12 1.36745e-11 2.25754e-11 3.58139e-11 5.67479e-11 9.02859e-11 1.44291e-10 2.31332e-10 3.70934e-10 5.92186e-10 9.36036e-10 1.45596e-09 2.21506e-09 3.27735e-09 4.69207e-09 6.47278e-09 8.5779e-09 1.09027e-08 1.329e-08 1.55566e-08 1.75256e-08 1.9052e-08 2.00347e-08 2.04188e-08 2.01917e-08 1.93785e-08 1.80376e-08 1.62589e-08 1.41619e-08 1.18914e-08 9.6054e-09 7.45379e-09 5.55382e-09 3.97317e-09 2.72911e-09 1.8002e-09 1.14169e-09 6.9853e-10 4.15034e-10 2.41769e-10 1.39603e-10 8.06773e-11 4.69357e-11 2.75327e-11 1.62752e-11 9.7022e-12 5.88019e-12 3.69547e-12 2.42049e-12 1.4804e-12 
7.80847e-12 1.36745e-11 2.18824e-11 3.47367e-11 5.53537e-11 8.85625e-11 1.4207e-10 2.27873e-10 3.63915e-10 5.75609e-10 8.96475e-10 1.3667e-09 2.02829e-09 2.91594e-09 4.04451e-09 5.39665e-09 6.91639e-09 8.51307e-09 1.00753e-08 1.14895e-08 1.26564e-08 1.35002e-08 1.39729e-08 1.40527e-08 1.37426e-08 1.3067e-08 1.20703e-08 1.08146e-08 9.37784e-09 7.85017e-09 6.32699e-09 4.89794e-09 3.63466e-09 2.58183e-09 1.75453e-09 1.14166e-09 7.1347e-10 4.30775e-10 2.53534e-10 1.47059e-10 8.49723e-11 4.92926e-11 2.88108e-11 1.69728e-11 1.00772e-11 6.05125e-12 3.72036e-12 2.38545e-12 1.54942e-12 8.94461e-13 
4.07467e-12 7.80847e-12 1.27344e-11 2.02376e-11 3.22559e-11 5.16409e-11 8.28943e-11 1.33055e-10 2.12723e-10 3.37078e-10 5.26442e-10 8.0575e-10 1.20205e-09 1.73952e-09 2.43213e-09 3.27606e-09 4.24466e-09 5.289e-09 6.34445e-09 7.34062e-09 8.21118e-09 8.90081e-09 9.36878e-09 9.59006e-09 9.55505e-09 9.26871e-09 8.74953e-09 8.02837e-09 7.14736e-09 6.15837e-09 5.12042e-09 4.09526e-09 3.14079e-09 2.30364e-09 1.613e-09 1.07789e-09 6.88753e-10 4.2283e-10 2.51384e-10 1.46306e-10 8.43538e-11 4.86794e-11 2.82985e-11 1.66085e-11 9.84244e-12 5.89895e-12 3.59778e-12 2.26385e-12 1.4804e-12 9.4063e-13 
4.07467e-12 6.93395e-12 1.10467e-11 1.75571e-11 2.80695e-11 4.50442e-11 7.23355e-11 1.15822e-10 1.8407e-10 2.88848e-10 4.45121e-10 6.70048e-10 9.80542e-10 1.38934e-09 1.90034e-09 2.5048e-09 3.18006e-09 3.89165e-09 4.59789e-09 5.25526e-09 5.823e-09 6.26636e-09 6.55853e-09 6.68177e-09 6.62808e-09 6.39943e-09 6.00783e-09 5.47506e-09 4.83208e-09 4.11788e-09 3.37709e-09 2.65604e-09 1.99701e-09 1.43204e-09 9.78399e-10 6.37431e-10 3.97334e-10 2.38468e-10 1.39111e-10 7.98195e-11 4.56088e-11 2.62182e-11 1.52562e-11 9.00861e-12 5.40451e-12 3.30574e-12 2.07507e-12 1.34907e-12 8.94461e-13 5.48416e-13 
