1 101 51
2.99999e-14 5.89516e-14 9.48573e-14 1.50746e-13 2.47637e-13 4.14555e-13 7.05516e-13 1.20853e-12 2.06961e-12 3.51373e-12 5.87786e-12 9.62893e-12 1.53689e-11 2.37936e-11 3.56088e-11 5.13643e-11 7.12633e-11 9.49515e-11 1.21388e-10 1.48829e-10 1.75001e-10 1.97411e-10 2.1377e-10 2.22385e-10 2.22466e-10 2.14232e-10 1.98827e-10 1.78068e-10 1.54101e-10 1.29054e-10 1.04751e-10 8.25488e-11 6.32703e-11 4.72591e-11 3.44704e-11 2.46059e-11 1.72297e-11 1.18637e-11 8.05307e-12 5.40286e-12 3.59218e-12 2.37214e-12 1.55881e-12 1.02017e-12 6.65245e-13 4.30612e-13 2.74651e-13 1.69904e-13 9.83486e-14 4.85998e-14 2.0999e-14 
7.38841e-14 1.27496e-13 2.01994e-13 3.2548e-13 5.39044e-13 9.09741e-13 1.55353e-12 2.6632e-12 4.54823e-12 7.68464e-12 1.27608e-11 2.07152e-11 3.27181e-11 5.0076e-11 7.40344e-11 1.05459e-10 1.44471e-10 1.90097e-10 2.40069e-10 2.90898e-10 3.38236e-10 3.7752e-10 4.04737e-10 4.17136e-10 4.13707e-10 3.95297e-10 3.64376e-10 3.24497e-10 2.7964e-10 2.33584e-10 1.89452e-10 1.49461e-10 1.14891e-10 8.62042e-11 6.32443e-11 4.54504e-11 3.20558e-11 2.2233e-11 1.51974e-11 1.02619e-11 6.86135e-12 4.55401e-12 3.00669e-12 1.97706e-12 1.29627e-12 8.44996e-13 5.46319e-13 3.46243e-13 2.11307e-13 9.43067e-14 9.43067e-14 
5.89516e-14 1.40275e-13 2.25182e-13 3.5698e-13 5.79949e-13 9.66282e-13 1.63701e-12 2.79777e-12 4.78649e-12 8.13783e-12 1.36555e-11 2.24843e-11 3.61423e-11 5.64696e-11 8.54425e-11 1.24827e-10 1.75675e-10 2.37757e-10 3.09078e-10 3.85672e-10 4.61805e-10 5.30673e-10 5.85452e-10 6.20492e-10 6.32342e-10 6.20347e-10 5.86642e-10 5.35608e-10 4.72935e-10 4.04597e-10 3.35969e-10 2.71267e-10 2.13322e-10 1.63642e-10 1.22637e-10 8.99216e-11 6.46103e-11 4.55698e-11 3.16105e-11 2.16132e-11 1.45999e-11 9.76947e-12 6.49197e-12 4.29383e-12 2.83186e-12 1.86328e-12 1.22258e-12 7.9713e-13 5.13927e-13 2.96327e-13 4.85998e-14 
1.27496e-13 2.3182e-13 3.63568e-13 5.78288e-13 9.45444e-13 1.58031e-12 2.68077e-12 4.57485e-12 7.79591e-12 1.31723e-11 2.19266e-11 3.57646e-11 5.68828e-11 8.78561e-11 1.31314e-10 1.89399e-10 2.63021e-10 3.51091e-10 4.49932e-10 5.53163e-10 6.52229e-10 7.37598e-10 8.00375e-10 8.33963e-10 8.35298e-10 8.05326e-10 7.48605e-10 6.72202e-10 5.84239e-10 4.92508e-10 4.03482e-10 3.21815e-10 2.50303e-10 1.90125e-10 1.41232e-10 1.02746e-10 7.33147e-11 5.14015e-11 3.54819e-11 2.41691e-11 1.62879e-11 1.08879e-11 7.23923e-12 4.79754e-12 3.1746e-12 2.0981e-12 1.38431e-12 9.09448e-13 5.72393e-13 2.11307e-13 2.11307e-13 
9.48573e-14 2.25182e-13 3.64904e-13 5.67653e-13 9.04336e-13 1.48251e-12 2.48038e-12 4.2014e-12 7.1444e-12 1.2105e-11 2.03028e-11 3.35035e-11 5.4106e-11 8.51149e-11 1.29914e-10 1.91746e-10 2.7291e-10 3.73725e-10 4.91555e-10 6.20199e-10 7.50045e-10 8.69161e-10 9.65215e-10 1.02777e-09 1.05033e-09 1.03157e-09 9.75301e-10 8.89432e-10 7.84107e-10 6.69756e-10 5.5552e-10 4.48342e-10 3.52715e-10 2.70911e-10 2.03435e-10 1.4956e-10 1.07799e-10 7.62995e-11 5.3133e-11 3.64817e-11 2.47596e-11 1.66546e-11 1.11335e-11 7.41617e-12 4.93217e-12 3.27873e-12 2.17949e-12 1.44624e-12 9.41713e-13 5.13927e-13 9.83486e-14 
2.01994e-13 3.63568e-13 5.6252e-13 8.71822e-13 1.39151e-12 2.28103e-12 3.81005e-12 6.42786e-12 1.08718e-11 1.82932e-11 3.04293e-11 4.97405e-11 7.94887e-11 1.23624e-10 1.86382e-10 2.71495e-10 3.81032e-10 5.14046e-10 6.65416e-10 8.25404e-10 9.80367e-10 1.11471e-09 1.21373e-09 1.26655e-09 1.26828e-09 1.22078e-09 1.1318e-09 1.01299e-09 8.77396e-10 7.3719e-10 6.0218e-10 4.79176e-10 3.72073e-10 2.82342e-10 2.09674e-10 1.52597e-10 1.09007e-10 7.6568e-11 5.29959e-11 3.62309e-11 2.45317e-11 1.64981e-11 1.1049e-11 7.38701e-12 4.93876e-12 3.30394e-12 2.20922e-12 1.4644e-12 9.09448e-13 3.46243e-13 3.46243e-13 
1.50746e-13 3.5698e-13 5.67653e-13 8.60009e-13 1.33036e-12 2.12153e-12 3.47017e-12 5.77145e-12 9.68175e-12 1.6258e-11 2.71341e-11 4.47168e-11 7.23472e-11 1.14317e-10 1.75625e-10 2.61298e-10 3.7523e-10 5.18581e-10 6.88114e-10 8.75029e-10 1.06502e-09 1.23993e-09 1.38092e-09 1.47221e-09 1.50434e-09 1.47585e-09 1.39302e-09 1.26794e-09 1.11563e-09 9.51206e-10 7.87682e-10 6.34818e-10 4.98834e-10 3.82797e-10 2.87296e-10 2.11191e-10 1.52296e-10 1.0793e-10 7.5324e-11 5.1892e-11 3.53835e-11 2.395e-11 1.6137e-11 1.08514e-11 7.29572e-12 4.91021e-12 3.30628e-12 2.21732e-12 1.44624e-12 7.9713e-13 1.69904e-13 
3.2548e-13 5.78288e-13 8.71822e-13 1.30963e-12 2.02184e-12 3.21432e-12 5.23069e-12 8.64533e-12 1.43952e-11 2.39656e-11 3.96187e-11 6.46128e-11 1.03349e-10 1.61286e-10 2.44452e-10 3.58382e-10 5.06452e-10 6.87823e-10 8.95591e-10 1.116e-09 1.32949e-09 1.51384e-09 1.64854e-09 1.71913e-09 1.71992e-09 1.65447e-09 1.53389e-09 1.37386e-09 1.1915e-09 1.00269e-09 8.20355e-10 6.53689e-10 5.08141e-10 3.85938e-10 2.86848e-10 2.08984e-10 1.4952e-10 1.05276e-10 7.31226e-11 5.024e-11 3.42448e-11 2.32265e-11 1.57174e-11 1.06341e-11 7.20309e-12 4.88444e-12 3.30613e-12 2.20922e-12 1.38431e-12 5.46319e-13 5.46319e-13 
2.47637e-13 5.79949e-13 9.04336e-13 1.33036e-12 1.98695e-12 3.05721e-12 4.83565e-12 7.81532e-12 1.28126e-11 2.11374e-11 3.48383e-11 5.69649e-11 9.18083e-11 1.44975e-10 2.23105e-10 3.33004e-10 4.80057e-10 6.65971e-10 8.86369e-10 1.12914e-09 1.37468e-09 1.59857e-09 1.77642e-09 1.88908e-09 1.92652e-09 1.88897e-09 1.78542e-09 1.63064e-09 1.44199e-09 1.23678e-09 1.03038e-09 8.35038e-10 6.59252e-10 5.07817e-10 3.82292e-10 2.81775e-10 2.03751e-10 1.44862e-10 1.01524e-10 7.03323e-11 4.83107e-11 3.30044e-11 2.24891e-11 1.53209e-11 1.04494e-11 7.13776e-12 4.87484e-12 3.30628e-12 2.17949e-12 1.22258e-12 2.74651e-13 
5.39044e-13 9.45444e-13 1.39151e-12 2.02184e-12 3.00385e-12 4.59534e-12 7.21779e-12 1.1566e-11 1.87725e-11 3.06342e-11 4.9901e-11 8.05757e-11 1.28121e-10 1.99379e-10 3.01951e-10 4.42796e-10 6.25973e-10 8.49867e-10 1.10479e-09 1.37227e-09 1.6271e-09 1.84219e-09 1.99464e-09 2.07067e-09 2.0675e-09 1.99182e-09 1.85646e-09 1.67715e-09 1.47027e-09 1.25162e-09 1.03535e-09 8.33016e-10 6.52739e-10 4.98967e-10 3.72824e-10 2.72901e-10 1.96175e-10 1.38868e-10 9.70898e-11 6.72589e-11 4.63173e-11 3.18038e-11 2.18298e-11 1.50028e-11 1.03279e-11 7.11461e-12 4.88444e-12 3.30394e-12 2.0981e-12 8.44996e-13 8.44996e-13 
4.14555e-13 9.66282e-13 1.48251e-12 2.12153e-12 3.05721e-12 4.5153e-12 6.85903e-12 1.06774e-11 1.69304e-11 2.71579e-11 4.37575e-11 7.03195e-11 1.11919e-10 1.7522e-10 2.68117e-10 3.98593e-10 5.72615e-10 7.91212e-10 1.0475e-09 1.32506e-09 1.59916e-09 1.84128e-09 2.02585e-09 2.1363e-09 2.16778e-09 2.12552e-09 2.02073e-09 1.86654e-09 1.67616e-09 1.46279e-09 1.23995e-09 1.02079e-09 8.16725e-10 6.35999e-10 4.83027e-10 3.58675e-10 2.61129e-10 1.86961e-10 1.32068e-10 9.23602e-11 6.417e-11 4.44381e-11 3.07568e-11 2.13136e-11 1.47986e-11 1.0286e-11 7.13776e-12 4.91021e-12 3.27873e-12 1.86328e-12 4.30612e-13 
9.09741e-13 1.58031e-12 2.28103e-12 3.21432e-12 4.59534e-12 6.7394e-12 1.01485e-11 1.56291e-11 2.4477e-11 3.87288e-11 6.14893e-11 9.72794e-11 1.52269e-10 2.34165e-10 3.51387e-10 5.11239e-10 7.17037e-10 9.64769e-10 1.24068e-09 1.52152e-09 1.77853e-09 1.98446e-09 2.12073e-09 2.18129e-09 2.17124e-09 2.10158e-09 1.9836e-09 1.82643e-09 1.6381e-09 1.42799e-09 1.20789e-09 9.90915e-10 7.89079e-10 6.11124e-10 4.61569e-10 3.41051e-10 2.47385e-10 1.76801e-10 1.24966e-10 8.76885e-11 6.13012e-11 4.2821e-11 2.99482e-11 2.09866e-11 1.47278e-11 1.03279e-11 7.20309e-12 4.93876e-12 3.1746e-12 1.29627e-12 1.29627e-12 
7.05516e-13 1.63701e-12 2.48038e-12 3.47017e-12 4.83565e-12 6.85903e-12 9.97285e-12 1.48577e-11 2.2596e-11 3.48847e-11 5.43309e-11 8.48076e-11 1.31763e-10 2.02312e-10 3.04743e-10 4.47063e-10 6.3437e-10 8.65386e-10 1.1294e-09 1.4055e-09 1.66573e-09 1.882e-09 2.03411e-09 2.11512e-09 2.13078e-09 2.09358e-09 2.01503e-09 1.90132e-09 1.75448e-09 1.57694e-09 1.37545e-09 1.16169e-09 9.498e-10 7.52863e-10 5.80143e-10 4.36134e-10 3.21134e-10 2.32566e-10 1.66357e-10 1.18032e-10 8.33876e-11 5.88517e-11 4.15814e-11 2.94391e-11 2.08746e-11 1.47986e-11 1.04494e-11 7.29572e-12 4.93217e-12 2.83186e-12 6.65245e-13 
1.55353e-12 2.68077e-12 3.81005e-12 5.23069e-12 7.21779e-12 1.01485e-11 1.4603e-11 2.14881e-11 3.2209e-11 4.89117e-11 7.48039e-11 1.14492e-10 1.74201e-10 2.61582e-10 3.84705e-10 5.49839e-10 7.58128e-10 1.00212e-09 1.26403e-09 1.51776e-09 1.73515e-09 1.8946e-09 1.98781e-09 2.02093e-09 2.00877e-09 1.96534e-09 1.89651e-09 1.79968e-09 1.66957e-09 1.50512e-09 1.31293e-09 1.10619e-09 9.00676e-10 7.10429e-10 5.44875e-10 4.08155e-10 3.00043e-10 2.17514e-10 1.56242e-10 1.11687e-10 7.9733e-11 5.69816e-11 4.08036e-11 2.9265e-11 2.09866e-11 1.50028e-11 1.06341e-11 7.38701e-12 4.79754e-12 1.97706e-12 1.97706e-12 
1.20853e-12 2.79777e-12 4.2014e-12 5.77145e-12 7.81532e-12 1.06774e-11 1.48577e-11 2.11235e-11 3.06434e-11 4.51731e-11 6.73129e-11 1.00808e-10 1.50832e-10 2.24015e-10 3.27874e-10 4.6916e-10 6.50949e-10 8.69061e-10 1.10951e-09 1.34918e-09 1.56093e-09 1.72199e-09 1.82195e-09 1.86598e-09 1.87063e-09 1.85364e-09 1.8235e-09 1.77599e-09 1.6996e-09 1.58471e-09 1.43022e-09 1.24492e-09 1.04437e-09 8.45821e-10 6.63668e-10 5.06915e-10 3.78945e-10 2.78816e-10 2.03018e-10 1.4702e-10 1.06305e-10 7.69472e-11 5.58096e-11 4.05392e-11 2.94391e-11 2.13136e-11 1.53209e-11 1.08514e-11 7.41617e-12 4.29383e-12 1.02017e-12 
2.6632e-12 4.57485e-12 6.42786e-12 8.64533e-12 1.1566e-11 1.56291e-11 2.14881e-11 3.01288e-11 4.29998e-11 6.21971e-11 9.06911e-11 1.32582e-10 1.93256e-10 2.79172e-10 3.96836e-10 5.50551e-10 7.39116e-10 9.52768e-10 1.17251e-09 1.37358e-09 1.53287e-09 1.63732e-09 1.68927e-09 1.70492e-09 1.70526e-09 1.70346e-09 1.69729e-09 1.67213e-09 1.61112e-09 1.50466e-09 1.35459e-09 1.17303e-09 9.77778e-10 7.86835e-10 6.14155e-10 4.67698e-10 3.49729e-10 2.58437e-10 1.89817e-10 1.39199e-10 1.02205e-10 7.52036e-11 5.54113e-11 4.08036e-11 2.99482e-11 2.18298e-11 1.57174e-11 1.1049e-11 7.23923e-12 3.00669e-12 3.00669e-12 
2.06961e-12 4.78649e-12 7.1444e-12 9.68175e-12 1.28126e-11 1.69304e-11 2.2596e-11 3.06434e-11 4.22893e-11 5.92485e-11 8.38656e-11 1.19292e-10 1.69637e-10 2.39987e-10 3.3593e-10 4.62124e-10 6.19664e-10 8.02966e-10 9.98001e-10 1.18393e-09 1.33877e-09 1.44722e-09 1.50735e-09 1.53214e-09 1.54336e-09 1.5591e-09 1.58228e-09 1.59923e-09 1.58879e-09 1.53373e-09 1.42783e-09 1.27722e-09 1.09727e-09 9.07258e-10 7.25019e-10 5.63322e-10 4.2859e-10 3.21696e-10 2.39861e-10 1.78608e-10 1.33234e-10 9.96365e-11 7.46097e-11 5.58096e-11 4.15814e-11 3.07568e-11 2.24891e-11 1.6137e-11 1.11335e-11 6.49197e-12 1.55881e-12 
4.54823e-12 7.79591e-12 1.08718e-11 1.43952e-11 1.87725e-11 2.4477e-11 3.2209e-11 4.29998e-11 5.8288e-11 7.99694e-11 1.10458e-10 1.52751e-10 2.10502e-10 2.87913e-10 3.89094e-10 5.16387e-10 6.67733e-10 8.34302e-10 1.00045e-09 1.1472e-09 1.25859e-09 1.32835e-09 1.3638e-09 1.38373e-09 1.40886e-09 1.44873e-09 1.49483e-09 1.52585e-09 1.51931e-09 1.46118e-09 1.35002e-09 1.19614e-09 1.01739e-09 8.33593e-10 6.61655e-10 5.12605e-10 3.90973e-10 2.9605e-10 2.24028e-10 1.70031e-10 1.2949e-10 9.87615e-11 7.52036e-11 5.69816e-11 4.2821e-11 3.18038e-11 2.32265e-11 1.64981e-11 1.08879e-11 4.55401e-12 4.55401e-12 
3.51373e-12 8.13783e-12 1.2105e-11 1.6258e-11 2.11374e-11 2.71579e-11 3.48847e-11 4.51731e-11 5.92485e-11 7.8708e-11 1.05474e-10 1.41729e-10 1.89894e-10 2.52658e-10 3.32885e-10 4.32946e-10 5.53043e-10 6.88932e-10 8.30687e-10 9.64107e-10 1.07489e-09 1.15407e-09 1.20271e-09 1.23313e-09 1.26424e-09 1.31067e-09 1.37202e-09 1.43166e-09 1.46565e-09 1.45379e-09 1.38663e-09 1.26746e-09 1.10998e-09 9.33569e-10 7.57826e-10 5.98176e-10 4.63556e-10 3.56336e-10 2.74051e-10 2.11852e-10 1.64633e-10 1.28214e-10 9.96365e-11 7.69472e-11 5.88517e-11 4.44381e-11 3.30044e-11 2.395e-11 1.66546e-11 9.76947e-12 2.37214e-12 
7.68464e-12 1.31723e-11 1.82932e-11 2.39656e-11 3.06342e-11 3.87288e-11 4.89117e-11 6.21971e-11 7.99694e-11 1.03872e-10 1.35604e-10 1.76744e-10 2.28701e-10 2.92845e-10 3.70564e-10 4.6271e-10 5.68129e-10 6.82065e-10 7.96004e-10 8.99653e-10 9.84312e-10 1.04647e-09 1.09062e-09 1.12921e-09 1.17729e-09 1.24223e-09 1.31626e-09 1.37895e-09 1.40706e-09 1.38413e-09 1.30538e-09 1.17813e-09 1.01853e-09 8.46664e-10 6.8136e-10 5.36271e-10 4.17961e-10 3.26343e-10 2.57004e-10 2.04152e-10 1.62788e-10 1.2949e-10 1.02205e-10 7.9733e-11 6.13012e-11 4.63173e-11 3.42448e-11 2.45317e-11 1.62879e-11 6.86135e-12 6.86135e-12 
5.87786e-12 1.36555e-11 2.03028e-11 2.71341e-11 3.48383e-11 4.37575e-11 5.43309e-11 6.73129e-11 8.38656e-11 1.05474e-10 1.3365e-10 1.69572e-10 2.13848e-10 2.66599e-10 3.27809e-10 3.97609e-10 4.75908e-10 5.61367e-10 6.50682e-10 7.39009e-10 8.21102e-10 8.92545e-10 9.51572e-10 1.0017e-09 1.0525e-09 1.1147e-09 1.19048e-09 1.26795e-09 1.32558e-09 1.34233e-09 1.30578e-09 1.21546e-09 1.08184e-09 9.22656e-10 7.58109e-10 6.06012e-10 4.78031e-10 3.7798e-10 3.0285e-10 2.46147e-10 2.01512e-10 1.64633e-10 1.33234e-10 1.06305e-10 8.33876e-11 6.417e-11 4.83107e-11 3.53835e-11 2.47596e-11 1.45999e-11 3.59218e-12 
1.27608e-11 2.19266e-11 3.04293e-11 3.96187e-11 4.9901e-11 6.14893e-11 7.48039e-11 9.06911e-11 1.10458e-10 1.35604e-10 1.6731e-10 2.05943e-10 2.50929e-10 3.01081e-10 3.55231e-10 4.12655e-10 4.73001e-10 5.36071e-10 6.02001e-10 6.71176e-10 7.42695e-10 8.12858e-10 8.77194e-10 9.35744e-10 9.95609e-10 1.0653e-09 1.14415e-09 1.21791e-09 1.26518e-09 1.26774e-09 1.2173e-09 1.11703e-09 9.79701e-10 8.23964e-10 6.69882e-10 5.34168e-10 4.26176e-10 3.46217e-10 2.87741e-10 2.4241e-10 2.04152e-10 1.70031e-10 1.39199e-10 1.11687e-10 8.76885e-11 6.72589e-11 5.024e-11 3.62309e-11 2.41691e-11 1.02619e-11 1.02619e-11 
9.62893e-12 2.24843e-11 3.35035e-11 4.47168e-11 5.69649e-11 7.03195e-11 8.48076e-11 1.00808e-10 1.19292e-10 1.41729e-10 1.69572e-10 2.03485e-10 2.42854e-10 2.85921e-10 3.30429e-10 3.74391e-10 4.16619e-10 4.57187e-10 4.98433e-10 5.45768e-10 6.05211e-10 6.77169e-10 7.53687e-10 8.24794e-10 8.87999e-10 9.50647e-10 1.02115e-09 1.09684e-09 1.16168e-09 1.1952e-09 1.18256e-09 1.11935e-09 1.01162e-09 8.73647e-10 7.24667e-10 5.84654e-10 4.69122e-10 3.84254e-10 3.25519e-10 2.82511e-10 2.46147e-10 2.11852e-10 1.78608e-10 1.4702e-10 1.18032e-10 9.23602e-11 7.03323e-11 5.1892e-11 3.64817e-11 2.16132e-11 5.40286e-12 
2.07152e-11 3.57646e-11 4.97405e-11 6.46128e-11 8.05757e-11 9.72794e-11 1.14492e-10 1.32582e-10 1.52751e-10 1.76744e-10 2.05943e-10 2.40391e-10 2.78459e-10 3.17372e-10 3.54112e-10 3.86204e-10 4.12363e-10 4.3384e-10 4.57018e-10 4.94012e-10 5.54802e-10 6.35541e-10 7.19941e-10 7.93444e-10 8.54509e-10 9.13355e-10 9.78844e-10 1.04607e-09 1.09777e-09 1.11536e-09 1.08775e-09 1.01383e-09 9.01561e-10 7.66224e-10 6.27746e-10 5.06261e-10 4.15503e-10 3.56479e-10 3.18294e-10 2.87741e-10 2.57004e-10 2.24028e-10 1.89817e-10 1.56242e-10 1.24966e-10 9.70898e-11 7.31226e-11 5.29959e-11 3.54819e-11 1.51974e-11 1.51974e-11 
1.53689e-11 3.61423e-11 5.4106e-11 7.23472e-11 9.18083e-11 1.11919e-10 1.31763e-10 1.50832e-10 1.69637e-10 1.89894e-10 2.13848e-10 2.42854e-10 2.76244e-10 3.11381e-10 3.44668e-10 3.72649e-10 3.92734e-10 4.04061e-10 4.10108e-10 4.23024e-10 4.61635e-10 5.34397e-10 6.2686e-10 7.14545e-10 7.82577e-10 8.33934e-10 8.82706e-10 9.37502e-10 9.91048e-10 1.02596e-09 1.0266e-09 9.854e-10 9.03459e-10 7.89828e-10 6.60777e-10 5.37514e-10 4.40406e-10 3.79284e-10 3.46681e-10 3.25519e-10 3.0285e-10 2.74051e-10 2.39861e-10 2.03018e-10 1.66357e-10 1.32068e-10 1.01524e-10 7.5324e-11 5.3133e-11 3.16105e-11 8.05307e-12 
3.27181e-11 5.68828e-11 7.94887e-11 1.03349e-10 1.28121e-10 1.52269e-10 1.74201e-10 1.93256e-10 2.10502e-10 2.28701e-10 2.50929e-10 2.78459e-10 3.09682e-10 3.40872e-10 3.67829e-10 3.87104e-10 3.96553e-10 3.96648e-10 3.94887e-10 4.10556e-10 4.64836e-10 5.55484e-10 6.55598e-10 7.37675e-10 7.91264e-10 8.25674e-10 8.58211e-10 8.96306e-10 9.3108e-10 9.46666e-10 9.30855e-10 8.78554e-10 7.91758e-10 6.80249e-10 5.62071e-10 4.60598e-10 3.95033e-10 3.66342e-10 3.56479e-10 3.46217e-10 3.26343e-10 2.9605e-10 2.58437e-10 2.17514e-10 1.76801e-10 1.38868e-10 1.05276e-10 7.6568e-11 5.14015e-11 2.2233e-11 2.2233e-11 
2.37936e-11 5.64696e-11 8.51149e-11 1.14317e-10 1.44975e-10 1.7522e-10 2.02312e-10 2.24015e-10 2.39987e-10 2.52658e-10 2.66599e-10 2.85921e-10 3.11381e-10 3.39895e-10 3.6658e-10 3.87069e-10 3.98566e-10 4.00232e-10 3.95579e-10 3.98452e-10 4.3335e-10 5.13213e-10 6.19384e-10 7.17946e-10 7.84459e-10 8.15685e-10 8.27091e-10 8.3765e-10 8.5337e-10 8.65549e-10 8.61336e-10 8.31407e-10 7.71395e-10 6.8321e-10 5.78063e-10 4.77401e-10 4.06741e-10 3.78592e-10 3.79284e-10 3.84254e-10 3.7798e-10 3.56336e-10 3.21696e-10 2.78816e-10 2.32566e-10 1.86961e-10 1.44862e-10 1.0793e-10 7.62995e-11 4.55698e-11 1.18637e-11 
5.0076e-11 8.78561e-11 1.23624e-10 1.61286e-10 1.99379e-10 2.34165e-10 2.61582e-10 2.79172e-10 2.87913e-10 2.92845e-10 3.01081e-10 3.17372e-10 3.40872e-10 3.664e-10 3.88189e-10 4.02438e-10 4.07857e-10 4.06315e-10 4.06774e-10 4.29866e-10 4.96656e-10 6.02244e-10 7.15297e-10 8.02027e-10 8.44806e-10 8.48342e-10 8.32732e-10 8.17028e-10 8.06589e-10 7.95098e-10 7.73359e-10 7.33247e-10 6.69316e-10 5.83616e-10 4.90928e-10 4.17676e-10 3.8699e-10 3.95033e-10 4.15503e-10 4.26176e-10 4.17961e-10 3.90973e-10 3.49729e-10 3.00043e-10 2.47385e-10 1.96175e-10 1.4952e-10 1.09007e-10 7.33147e-11 3.20558e-11 3.20558e-11 
3.56088e-11 8.54425e-11 1.29914e-10 1.75625e-10 2.23105e-10 2.68117e-10 3.04743e-10 3.27874e-10 3.3593e-10 3.32885e-10 3.27809e-10 3.30429e-10 3.44668e-10 3.6658e-10 3.88703e-10 4.05167e-10 4.137e-10 4.157e-10 4.17754e-10 4.35882e-10 4.92267e-10 5.93452e-10 7.16866e-10 8.26178e-10 8.92418e-10 9.06461e-10 8.80221e-10 8.36272e-10 7.92716e-10 7.55718e-10 7.23082e-10 6.88562e-10 6.42861e-10 5.78723e-10 5.0059e-10 4.2986e-10 3.95643e-10 4.06741e-10 4.40406e-10 4.69122e-10 4.78031e-10 4.63556e-10 4.2859e-10 3.78945e-10 3.21134e-10 2.61129e-10 2.03751e-10 1.52296e-10 1.07799e-10 6.46103e-11 1.72297e-11 
7.40344e-11 1.31314e-10 1.86382e-10 2.44452e-10 3.01951e-10 3.51387e-10 3.84705e-10 3.96836e-10 3.89094e-10 3.70564e-10 3.55231e-10 3.54112e-10 3.67829e-10 3.88189e-10 4.06087e-10 4.16727e-10 4.20557e-10 4.233e-10 4.382e-10 4.86082e-10 5.80572e-10 7.09402e-10 8.39289e-10 9.34998e-10 9.75033e-10 9.59005e-10 9.0424e-10 8.33626e-10 7.64023e-10 7.03916e-10 6.55818e-10 6.14374e-10 5.67106e-10 5.06585e-10 4.43848e-10 4.07433e-10 4.17676e-10 4.60598e-10 5.06261e-10 5.34168e-10 5.36271e-10 5.12605e-10 4.67698e-10 4.08155e-10 3.41051e-10 2.72901e-10 2.08984e-10 1.52597e-10 1.02746e-10 4.54504e-11 4.54504e-11 
5.13643e-11 1.24827e-10 1.91746e-10 2.61298e-10 3.33004e-10 3.98593e-10 4.47063e-10 4.6916e-10 4.62124e-10 4.32946e-10 3.97609e-10 3.74391e-10 3.72649e-10 3.87069e-10 4.05167e-10 4.17595e-10 4.22059e-10 4.23208e-10 4.32987e-10 4.71093e-10 5.55547e-10 6.83678e-10 8.28526e-10 9.53481e-10 1.02837e-09 1.04039e-09 9.96791e-10 9.17838e-10 8.24887e-10 7.33879e-10 6.56973e-10 6.0062e-10 5.57351e-10 5.11364e-10 4.59691e-10 4.23386e-10 4.2986e-10 4.77401e-10 5.37514e-10 5.84654e-10 6.06012e-10 5.98176e-10 5.63322e-10 5.06915e-10 4.36134e-10 3.58675e-10 2.81775e-10 2.11191e-10 1.4956e-10 8.99216e-11 2.46059e-11 
1.05459e-10 1.89399e-10 2.71495e-10 3.58382e-10 4.42796e-10 5.11239e-10 5.49839e-10 5.50551e-10 5.16387e-10 4.6271e-10 4.12655e-10 3.86204e-10 3.87104e-10 4.02438e-10 4.16727e-10 4.22258e-10 4.20824e-10 4.23041e-10 4.48061e-10 5.17331e-10 6.36966e-10 7.88057e-10 9.36431e-10 1.04759e-09 1.09866e-09 1.08527e-09 1.02001e-09 9.23124e-10 8.13068e-10 7.06275e-10 6.20017e-10 5.62209e-10 5.20182e-10 4.7808e-10 4.43362e-10 4.43848e-10 4.90928e-10 5.62071e-10 6.27746e-10 6.69882e-10 6.8136e-10 6.61655e-10 6.14155e-10 5.44875e-10 4.61569e-10 3.72824e-10 2.86848e-10 2.09674e-10 1.41232e-10 6.32443e-11 6.32443e-11 
7.12633e-11 1.75675e-10 2.7291e-10 3.7523e-10 4.80057e-10 5.72615e-10 6.3437e-10 6.50949e-10 6.19664e-10 5.53043e-10 4.75908e-10 4.16619e-10 3.92734e-10 3.98566e-10 4.137e-10 4.22059e-10 4.1957e-10 4.13821e-10 4.2293e-10 4.71204e-10 5.73312e-10 7.19551e-10 8.80927e-10 1.02267e-09 1.11567e-09 1.1449e-09 1.11251e-09 1.03298e-09 9.23396e-10 7.99647e-10 6.8226e-10 5.9435e-10 5.40185e-10 5.00779e-10 4.67146e-10 4.59691e-10 5.0059e-10 5.78063e-10 6.60777e-10 7.24667e-10 7.58109e-10 7.57826e-10 7.25019e-10 6.63668e-10 5.80143e-10 4.83027e-10 3.82292e-10 2.87296e-10 2.03435e-10 1.22637e-10 3.44704e-11 
1.44471e-10 2.63021e-10 3.81032e-10 5.06452e-10 6.25973e-10 7.17037e-10 7.58128e-10 7.39116e-10 6.67733e-10 5.68129e-10 4.73001e-10 4.12363e-10 3.96553e-10 4.07857e-10 4.20557e-10 4.20824e-10 4.10123e-10 4.03487e-10 4.26468e-10 5.0211e-10 6.31334e-10 7.92216e-10 9.5299e-10 1.08255e-09 1.15829e-09 1.17163e-09 1.12779e-09 1.03884e-09 9.17337e-10 7.80913e-10 6.5924e-10 5.77851e-10 5.3017e-10 4.9499e-10 4.7808e-10 5.06585e-10 5.83616e-10 6.80249e-10 7.66224e-10 8.23964e-10 8.46664e-10 8.33593e-10 7.86835e-10 7.10429e-10 6.11124e-10 4.98967e-10 3.85938e-10 2.82342e-10 1.90125e-10 8.62042e-11 8.62042e-11 
9.49515e-11 2.37757e-10 3.73725e-10 5.18581e-10 6.65971e-10 7.91212e-10 8.65386e-10 8.69061e-10 8.02966e-10 6.88932e-10 5.61367e-10 4.57187e-10 4.04061e-10 4.00232e-10 4.157e-10 4.23208e-10 4.13821e-10 3.96171e-10 3.93695e-10 4.35924e-10 5.36415e-10 6.82238e-10 8.46629e-10 1.00027e-09 1.11726e-09 1.18042e-09 1.18441e-09 1.13304e-09 1.03325e-09 8.96606e-10 7.50637e-10 6.35537e-10 5.68258e-10 5.27474e-10 5.00779e-10 5.11364e-10 5.78723e-10 6.8321e-10 7.89828e-10 8.73647e-10 9.22656e-10 9.33569e-10 9.07258e-10 8.45821e-10 7.52863e-10 6.35999e-10 5.07817e-10 3.82797e-10 2.70911e-10 1.63642e-10 4.72591e-11 
1.90097e-10 3.51091e-10 5.14046e-10 6.87823e-10 8.49867e-10 9.64769e-10 1.00212e-09 9.52768e-10 8.34302e-10 6.82065e-10 5.36071e-10 4.3384e-10 3.96648e-10 4.06315e-10 4.233e-10 4.23041e-10 4.03487e-10 3.81609e-10 3.88281e-10 4.50191e-10 5.67143e-10 7.18528e-10 8.7905e-10 1.02379e-09 1.131e-09 1.18606e-09 1.18293e-09 1.12091e-09 1.00402e-09 8.51943e-10 7.0873e-10 6.15332e-10 5.65013e-10 5.3017e-10 5.20182e-10 5.67106e-10 6.69316e-10 7.91758e-10 9.01561e-10 9.79701e-10 1.01853e-09 1.01739e-09 9.77778e-10 9.00676e-10 7.89079e-10 6.52739e-10 5.08141e-10 3.72073e-10 2.50303e-10 1.14891e-10 1.14891e-10 
1.21388e-10 3.09078e-10 4.91555e-10 6.88114e-10 8.86369e-10 1.0475e-09 1.1294e-09 1.10951e-09 9.98001e-10 8.30687e-10 6.50682e-10 4.98433e-10 4.10108e-10 3.95579e-10 4.17754e-10 4.32987e-10 4.2293e-10 3.93695e-10 3.70773e-10 3.88675e-10 4.64658e-10 5.8753e-10 7.36285e-10 8.8974e-10 1.02619e-09 1.12535e-09 1.17214e-09 1.15736e-09 1.07702e-09 9.40292e-10 7.85211e-10 6.6825e-10 6.07089e-10 5.68258e-10 5.40185e-10 5.57351e-10 6.42861e-10 7.71395e-10 9.03459e-10 1.01162e-09 1.08184e-09 1.10998e-09 1.09727e-09 1.04437e-09 9.498e-10 8.16725e-10 6.59252e-10 4.98834e-10 3.52715e-10 2.13322e-10 6.32703e-11 
2.40069e-10 4.49932e-10 6.65416e-10 8.95591e-10 1.10479e-09 1.24068e-09 1.26403e-09 1.17251e-09 1.00045e-09 7.96004e-10 6.02001e-10 4.57018e-10 3.94887e-10 4.06774e-10 4.382e-10 4.48061e-10 4.26468e-10 3.88281e-10 3.6607e-10 3.92399e-10 4.73232e-10 5.93137e-10 7.34723e-10 8.7973e-10 1.00686e-09 1.09517e-09 1.12795e-09 1.0938e-09 9.91461e-10 8.46588e-10 7.18786e-10 6.50915e-10 6.15332e-10 5.77851e-10 5.62209e-10 6.14374e-10 7.33247e-10 8.78554e-10 1.01383e-09 1.11703e-09 1.17813e-09 1.19614e-09 1.17303e-09 1.10619e-09 9.90915e-10 8.33016e-10 6.53689e-10 4.79176e-10 3.21815e-10 1.49461e-10 1.49461e-10 
1.48829e-10 3.85672e-10 6.20199e-10 8.75029e-10 1.12914e-09 1.32506e-09 1.4055e-09 1.34918e-09 1.18393e-09 9.64107e-10 7.39009e-10 5.45768e-10 4.23024e-10 3.98452e-10 4.35882e-10 4.71093e-10 4.71204e-10 4.35924e-10 3.88675e-10 3.65959e-10 3.93992e-10 4.70731e-10 5.82053e-10 7.13754e-10 8.47376e-10 9.60361e-10 1.03128e-09 1.04312e-09 9.86404e-10 8.72721e-10 7.53648e-10 6.89813e-10 6.6825e-10 6.35537e-10 5.9435e-10 6.0062e-10 6.88562e-10 8.31407e-10 9.854e-10 1.11935e-09 1.21546e-09 1.26746e-09 1.27722e-09 1.24492e-09 1.16169e-09 1.02079e-09 8.35038e-10 6.34818e-10 4.48342e-10 2.71267e-10 8.25488e-11 
2.90898e-10 5.53163e-10 8.25404e-10 1.116e-09 1.37227e-09 1.52152e-09 1.51776e-09 1.37358e-09 1.1472e-09 8.99653e-10 6.71176e-10 4.94012e-10 4.10556e-10 4.29866e-10 4.86082e-10 5.17331e-10 5.0211e-10 4.50191e-10 3.92399e-10 3.65286e-10 3.87544e-10 4.54099e-10 5.53674e-10 6.7214e-10 7.88964e-10 8.81351e-10 9.29324e-10 9.1842e-10 8.48807e-10 7.57877e-10 7.12851e-10 7.18786e-10 7.0873e-10 6.5924e-10 6.20017e-10 6.55818e-10 7.73359e-10 9.30855e-10 1.08775e-09 1.2173e-09 1.30538e-09 1.35002e-09 1.35459e-09 1.31293e-09 1.20789e-09 1.03535e-09 8.20355e-10 6.0218e-10 4.03482e-10 1.89452e-10 1.89452e-10 
1.75001e-10 4.61805e-10 7.50045e-10 1.06502e-09 1.37468e-09 1.59916e-09 1.66573e-09 1.56093e-09 1.33877e-09 1.07489e-09 8.21102e-10 6.05211e-10 4.61635e-10 4.3335e-10 4.92267e-10 5.55547e-10 5.73312e-10 5.36415e-10 4.64658e-10 3.93992e-10 3.57824e-10 3.68971e-10 4.22502e-10 5.08059e-10 6.09065e-10 7.03917e-10 7.72005e-10 7.97021e-10 7.72386e-10 7.21284e-10 7.07699e-10 7.53648e-10 7.85211e-10 7.50637e-10 6.8226e-10 6.56973e-10 7.23082e-10 8.61336e-10 1.0266e-09 1.18256e-09 1.30578e-09 1.38663e-09 1.42783e-09 1.43022e-09 1.37545e-09 1.23995e-09 1.03038e-09 7.87682e-10 5.5552e-10 3.35969e-10 1.04751e-10 
3.38236e-10 6.52229e-10 9.80367e-10 1.32949e-09 1.6271e-09 1.77853e-09 1.73515e-09 1.53287e-09 1.25859e-09 9.84312e-10 7.42695e-10 5.54802e-10 4.64836e-10 4.96656e-10 5.80572e-10 6.36966e-10 6.31334e-10 5.67143e-10 4.73232e-10 3.87544e-10 3.39028e-10 3.37175e-10 3.77291e-10 4.47173e-10 5.2786e-10 5.99199e-10 6.44819e-10 6.5559e-10 6.44373e-10 6.66437e-10 7.57877e-10 8.46588e-10 8.51943e-10 7.80913e-10 7.06275e-10 7.03916e-10 7.95098e-10 9.46666e-10 1.11536e-09 1.26774e-09 1.38413e-09 1.46118e-09 1.50466e-09 1.50512e-09 1.42799e-09 1.25162e-09 1.00269e-09 7.3719e-10 4.92508e-10 2.33584e-10 2.33584e-10 
1.97411e-10 5.30673e-10 8.69161e-10 1.23993e-09 1.59857e-09 1.84128e-09 1.882e-09 1.72199e-09 1.44722e-09 1.15407e-09 8.92545e-10 6.77169e-10 5.34397e-10 5.13213e-10 5.93452e-10 6.83678e-10 7.19551e-10 6.82238e-10 5.8753e-10 4.70731e-10 3.68971e-10 3.07641e-10 2.94218e-10 3.22247e-10 3.76433e-10 4.37349e-10 4.8848e-10 5.20142e-10 5.39191e-10 5.9071e-10 7.21284e-10 8.72721e-10 9.40292e-10 8.96606e-10 7.99647e-10 7.33879e-10 7.55718e-10 8.65549e-10 1.02596e-09 1.1952e-09 1.34233e-09 1.45379e-09 1.53373e-09 1.58471e-09 1.57694e-09 1.46279e-09 1.23678e-09 9.51206e-10 6.69756e-10 4.04597e-10 1.29054e-10 
3.7752e-10 7.37598e-10 1.11471e-09 1.51384e-09 1.84219e-09 1.98446e-09 1.8946e-09 1.63732e-09 1.32835e-09 1.04647e-09 8.12858e-10 6.35541e-10 5.55484e-10 6.02244e-10 7.09402e-10 7.88057e-10 7.92216e-10 7.18528e-10 5.93137e-10 4.54099e-10 3.37175e-10 2.65894e-10 2.44608e-10 2.63221e-10 3.04007e-10 3.49244e-10 3.88172e-10 4.23983e-10 4.91986e-10 6.44373e-10 8.48807e-10 9.91461e-10 1.00402e-09 9.17337e-10 8.13068e-10 7.64023e-10 8.06589e-10 9.3108e-10 1.09777e-09 1.26518e-09 1.40706e-09 1.51931e-09 1.61112e-09 1.66957e-09 1.6381e-09 1.47027e-09 1.1915e-09 8.77396e-10 5.84239e-10 2.7964e-10 2.7964e-10 
2.1377e-10 5.85452e-10 9.65215e-10 1.38092e-09 1.77642e-09 2.02585e-09 2.03411e-09 1.82195e-09 1.50735e-09 1.20271e-09 9.51572e-10 7.53687e-10 6.2686e-10 6.19384e-10 7.16866e-10 8.28526e-10 8.80927e-10 8.46629e-10 7.36285e-10 5.82053e-10 4.22502e-10 2.94218e-10 2.18403e-10 1.93805e-10 2.06603e-10 2.38213e-10 2.74737e-10 3.15474e-10 3.86416e-10 5.39191e-10 7.72386e-10 9.86404e-10 1.07702e-09 1.03325e-09 9.23396e-10 8.24887e-10 7.92716e-10 8.5337e-10 9.91048e-10 1.16168e-09 1.32558e-09 1.46565e-09 1.58879e-09 1.6996e-09 1.75448e-09 1.67616e-09 1.44199e-09 1.11563e-09 7.84107e-10 4.72935e-10 1.54101e-10 
4.04737e-10 8.00375e-10 1.21373e-09 1.64854e-09 1.99464e-09 2.12073e-09 1.98781e-09 1.68927e-09 1.3638e-09 1.09062e-09 8.77194e-10 7.19941e-10 6.55598e-10 7.15297e-10 8.39289e-10 9.36431e-10 9.5299e-10 8.7905e-10 7.34723e-10 5.53674e-10 3.77291e-10 2.44608e-10 1.70341e-10 1.46597e-10 1.57575e-10 1.85566e-10 2.23652e-10 2.88132e-10 4.23983e-10 6.5559e-10 9.1842e-10 1.0938e-09 1.12091e-09 1.03884e-09 9.23124e-10 8.33626e-10 8.17028e-10 8.96306e-10 1.04607e-09 1.21791e-09 1.37895e-09 1.52585e-09 1.67213e-09 1.79968e-09 1.82643e-09 1.67715e-09 1.37386e-09 1.01299e-09 6.72202e-10 3.24497e-10 3.24497e-10 
2.22385e-10 6.20492e-10 1.02777e-09 1.47221e-09 1.88908e-09 2.1363e-09 2.11512e-09 1.86598e-09 1.53214e-09 1.23313e-09 1.0017e-09 8.24794e-10 7.14545e-10 7.17946e-10 8.26178e-10 9.53481e-10 1.02267e-09 1.00027e-09 8.8974e-10 7.13754e-10 5.08059e-10 3.22247e-10 1.93805e-10 1.25829e-10 1.06131e-10 1.19509e-10 1.50966e-10 2.05093e-10 3.15474e-10 5.20142e-10 7.97021e-10 1.04312e-09 1.15736e-09 1.13304e-09 1.03298e-09 9.17838e-10 8.36272e-10 8.3765e-10 9.37502e-10 1.09684e-09 1.26795e-09 1.43166e-09 1.59923e-09 1.77599e-09 1.90132e-09 1.86654e-09 1.63064e-09 1.26794e-09 8.89432e-10 5.35608e-10 1.78068e-10 
4.17136e-10 8.33963e-10 1.26655e-09 1.71913e-09 2.07067e-09 2.18129e-09 2.02093e-09 1.70492e-09 1.38373e-09 1.12921e-09 9.35744e-10 7.93444e-10 7.37675e-10 8.02027e-10 9.34998e-10 1.04759e-09 1.08255e-09 1.02379e-09 8.7973e-10 6.7214e-10 4.47173e-10 2.63221e-10 1.46597e-10 8.72116e-11 7.40446e-11 9.4822e-11 1.38713e-10 2.23652e-10 3.88172e-10 6.44819e-10 9.29324e-10 1.12795e-09 1.18293e-09 1.12779e-09 1.02001e-09 9.0424e-10 8.32732e-10 8.58211e-10 9.78844e-10 1.14415e-09 1.31626e-09 1.49483e-09 1.69729e-09 1.89651e-09 1.9836e-09 1.85646e-09 1.53389e-09 1.1318e-09 7.48605e-10 3.64376e-10 3.64376e-10 
2.22466e-10 6.32342e-10 1.05033e-09 1.50434e-09 1.92652e-09 2.16778e-09 2.13078e-09 1.87063e-09 1.54336e-09 1.26424e-09 1.0525e-09 8.87999e-10 7.82577e-10 7.84459e-10 8.92418e-10 1.02837e-09 1.11567e-09 1.11726e-09 1.02619e-09 8.47376e-10 6.09065e-10 3.76433e-10 2.06603e-10 1.06131e-10 5.51515e-11 5.18037e-11 8.609e-11 1.50966e-10 2.74737e-10 4.8848e-10 7.72005e-10 1.03128e-09 1.17214e-09 1.18441e-09 1.11251e-09 9.96791e-10 8.80221e-10 8.27091e-10 8.82706e-10 1.02115e-09 1.19048e-09 1.37202e-09 1.58228e-09 1.8235e-09 2.01503e-09 2.02073e-09 1.78542e-09 1.39302e-09 9.75301e-10 5.86642e-10 1.98827e-10 
4.13707e-10 8.35298e-10 1.26828e-09 1.71992e-09 2.0675e-09 2.17124e-09 2.00877e-09 1.70526e-09 1.40886e-09 1.17729e-09 9.95609e-10 8.54509e-10 7.91264e-10 8.44806e-10 9.75033e-10 1.09866e-09 1.15829e-09 1.131e-09 1.00686e-09 7.88964e-10 5.2786e-10 3.04007e-10 1.57575e-10 7.40446e-11 2.95254e-11 4.31984e-11 9.4822e-11 1.85566e-10 3.49244e-10 5.99199e-10 8.81351e-10 1.09517e-09 1.18606e-09 1.17163e-09 1.08527e-09 9.59005e-10 8.48342e-10 8.25674e-10 9.13355e-10 1.0653e-09 1.24223e-09 1.44873e-09 1.70346e-09 1.96534e-09 2.10158e-09 1.99182e-09 1.65447e-09 1.22078e-09 8.05326e-10 3.95297e-10 3.95297e-10 
2.14232e-10 6.20347e-10 1.03157e-09 1.47585e-09 1.88897e-09 2.12552e-09 2.09358e-09 1.85364e-09 1.5591e-09 1.31067e-09 1.1147e-09 9.50647e-10 8.33934e-10 8.15685e-10 9.06461e-10 1.04039e-09 1.1449e-09 1.18042e-09 1.12535e-09 9.60361e-10 7.03917e-10 4.37349e-10 2.38213e-10 1.19509e-10 5.18037e-11 1.56832e-11 5.18037e-11 1.19509e-10 2.38213e-10 4.37349e-10 7.03917e-10 9.60361e-10 1.12535e-09 1.18042e-09 1.1449e-09 1.04039e-09 9.06461e-10 8.15685e-10 8.33934e-10 9.50647e-10 1.1147e-09 1.31067e-09 1.5591e-09 1.85364e-09 2.09358e-09 2.12552e-09 1.88897e-09 1.47585e-09 1.03157e-09 6.20347e-10 2.14232e-10 
3.95297e-10 8.05326e-10 1.22078e-09 1.65447e-09 1.99182e-09 2.10158e-09 1.96534e-09 1.70346e-09 1.44873e-09 1.24223e-09 1.0653e-09 9.13355e-10 8.25674e-10 8.48342e-10 9.59005e-10 1.08527e-09 1.17163e-09 1.18606e-09 1.09517e-09 8.81351e-10 5.99199e-10 3.49244e-10 1.85566e-10 9.4822e-11 4.31984e-11 2.95254e-11 7.40446e-11 1.57575e-10 3.04007e-10 5.2786e-10 7.88964e-10 1.00686e-09 1.131e-09 1.15829e-09 1.09866e-09 9.75033e-10 8.44806e-10 7.91264e-10 8.54509e-10 9.95609e-10 1.17729e-09 1.40886e-09 1.70526e-09 2.00877e-09 2.17124e-09 2.0675e-09 1.71992e-09 1.26828e-09 8.35298e-10 4.13707e-10 4.13707e-10 
1.98827e-10 5.86642e-10 9.75301e-10 1.39302e-09 1.78542e-09 2.02073e-09 2.01503e-09 1.8235e-09 1.58228e-09 1.37202e-09 1.19048e-09 1.02115e-09 8.82706e-10 8.27091e-10 8.80221e-10 9.96791e-10 1.11251e-09 1.18441e-09 1.17214e-09 1.03128e-09 7.72005e-10 4.8848e-10 2.74737e-10 1.50966e-10 8.609e-11 5.18037e-11 5.51515e-11 1.06131e-10 2.06603e-10 3.76433e-10 6.09065e-10 8.47376e-10 1.02619e-09 1.11726e-09 1.11567e-09 1.02837e-09 8.92418e-10 7.84459e-10 7.82577e-10 8.87999e-10 1.0525e-09 1.26424e-09 1.54336e-09 1.87063e-09 2.13078e-09 2.16778e-09 1.92652e-09 1.50434e-09 1.05033e-09 6.32342e-10 2.22466e-10 
3.64376e-10 7.48605e-10 1.1318e-09 1.53389e-09 1.85646e-09 1.9836e-09 1.89651e-09 1.69729e-09 1.49483e-09 1.31626e-09 1.14415e-09 9.78844e-10 8.58211e-10 8.32732e-10 9.0424e-10 1.02001e-09 1.12779e-09 1.18293e-09 1.12795e-09 9.29324e-10 6.44819e-10 3.88172e-10 2.23652e-10 1.38713e-10 9.4822e-11 7.40446e-11 8.72116e-11 1.46597e-10 2.63221e-10 4.47173e-10 6.7214e-10 8.7973e-10 1.02379e-09 1.08255e-09 1.04759e-09 9.34998e-10 8.02027e-10 7.37675e-10 7.93444e-10 9.35744e-10 1.12921e-09 1.38373e-09 1.70492e-09 2.02093e-09 2.18129e-09 2.07067e-09 1.71913e-09 1.26655e-09 8.33963e-10 4.17136e-10 4.17136e-10 
1.78068e-10 5.35608e-10 8.89432e-10 1.26794e-09 1.63064e-09 1.86654e-09 1.90132e-09 1.77599e-09 1.59923e-09 1.43166e-09 1.26795e-09 1.09684e-09 9.37502e-10 8.3765e-10 8.36272e-10 9.17838e-10 1.03298e-09 1.13304e-09 1.15736e-09 1.04312e-09 7.97021e-10 5.20142e-10 3.15474e-10 2.05093e-10 1.50966e-10 1.19509e-10 1.06131e-10 1.25829e-10 1.93805e-10 3.22247e-10 5.08059e-10 7.13754e-10 8.8974e-10 1.00027e-09 1.02267e-09 9.53481e-10 8.26178e-10 7.17946e-10 7.14545e-10 8.24794e-10 1.0017e-09 1.23313e-09 1.53214e-09 1.86598e-09 2.11512e-09 2.1363e-09 1.88908e-09 1.47221e-09 1.02777e-09 6.20492e-10 2.22385e-10 
3.24497e-10 6.72202e-10 1.01299e-09 1.37386e-09 1.67715e-09 1.82643e-09 1.79968e-09 1.67213e-09 1.52585e-09 1.37895e-09 1.21791e-09 1.04607e-09 8.96306e-10 8.17028e-10 8.33626e-10 9.23124e-10 1.03884e-09 1.12091e-09 1.0938e-09 9.1842e-10 6.5559e-10 4.23983e-10 2.88132e-10 2.23652e-10 1.85566e-10 1.57575e-10 1.46597e-10 1.70341e-10 2.44608e-10 3.77291e-10 5.53674e-10 7.34723e-10 8.7905e-10 9.5299e-10 9.36431e-10 8.39289e-10 7.15297e-10 6.55598e-10 7.19941e-10 8.77194e-10 1.09062e-09 1.3638e-09 1.68927e-09 1.98781e-09 2.12073e-09 1.99464e-09 1.64854e-09 1.21373e-09 8.00375e-10 4.04737e-10 4.04737e-10 
1.54101e-10 4.72935e-10 7.84107e-10 1.11563e-09 1.44199e-09 1.67616e-09 1.75448e-09 1.6996e-09 1.58879e-09 1.46565e-09 1.32558e-09 1.16168e-09 9.91048e-10 8.5337e-10 7.92716e-10 8.24887e-10 9.23396e-10 1.03325e-09 1.07702e-09 9.86404e-10 7.72386e-10 5.39191e-10 3.86416e-10 3.15474e-10 2.74737e-10 2.38213e-10 2.06603e-10 1.93805e-10 2.18403e-10 2.94218e-10 4.22502e-10 5.82053e-10 7.36285e-10 8.46629e-10 8.80927e-10 8.28526e-10 7.16866e-10 6.19384e-10 6.2686e-10 7.53687e-10 9.51572e-10 1.20271e-09 1.50735e-09 1.82195e-09 2.03411e-09 2.02585e-09 1.77642e-09 1.38092e-09 9.65215e-10 5.85452e-10 2.1377e-10 
2.7964e-10 5.84239e-10 8.77396e-10 1.1915e-09 1.47027e-09 1.6381e-09 1.66957e-09 1.61112e-09 1.51931e-09 1.40706e-09 1.26518e-09 1.09777e-09 9.3108e-10 8.06589e-10 7.64023e-10 8.13068e-10 9.17337e-10 1.00402e-09 9.91461e-10 8.48807e-10 6.44373e-10 4.91986e-10 4.23983e-10 3.88172e-10 3.49244e-10 3.04007e-10 2.63221e-10 2.44608e-10 2.65894e-10 3.37175e-10 4.54099e-10 5.93137e-10 7.18528e-10 7.92216e-10 7.88057e-10 7.09402e-10 6.02244e-10 5.55484e-10 6.35541e-10 8.12858e-10 1.04647e-09 1.32835e-09 1.63732e-09 1.8946e-09 1.98446e-09 1.84219e-09 1.51384e-09 1.11471e-09 7.37598e-10 3.7752e-10 3.7752e-10 
1.29054e-10 4.04597e-10 6.69756e-10 9.51206e-10 1.23678e-09 1.46279e-09 1.57694e-09 1.58471e-09 1.53373e-09 1.45379e-09 1.34233e-09 1.1952e-09 1.02596e-09 8.65549e-10 7.55718e-10 7.33879e-10 7.99647e-10 8.96606e-10 9.40292e-10 8.72721e-10 7.21284e-10 5.9071e-10 5.39191e-10 5.20142e-10 4.8848e-10 4.37349e-10 3.76433e-10 3.22247e-10 2.94218e-10 3.07641e-10 3.68971e-10 4.70731e-10 5.8753e-10 6.82238e-10 7.19551e-10 6.83678e-10 5.93452e-10 5.13213e-10 5.34397e-10 6.77169e-10 8.92545e-10 1.15407e-09 1.44722e-09 1.72199e-09 1.882e-09 1.84128e-09 1.59857e-09 1.23993e-09 8.69161e-10 5.30673e-10 1.97411e-10 
2.33584e-10 4.92508e-10 7.3719e-10 1.00269e-09 1.25162e-09 1.42799e-09 1.50512e-09 1.50466e-09 1.46118e-09 1.38413e-09 1.26774e-09 1.11536e-09 9.46666e-10 7.95098e-10 7.03916e-10 7.06275e-10 7.80913e-10 8.51943e-10 8.46588e-10 7.57877e-10 6.66437e-10 6.44373e-10 6.5559e-10 6.44819e-10 5.99199e-10 5.2786e-10 4.47173e-10 3.77291e-10 3.37175e-10 3.39028e-10 3.87544e-10 4.73232e-10 5.67143e-10 6.31334e-10 6.36966e-10 5.80572e-10 4.96656e-10 4.64836e-10 5.54802e-10 7.42695e-10 9.84312e-10 1.25859e-09 1.53287e-09 1.73515e-09 1.77853e-09 1.6271e-09 1.32949e-09 9.80367e-10 6.52229e-10 3.38236e-10 3.38236e-10 
1.04751e-10 3.35969e-10 5.5552e-10 7.87682e-10 1.03038e-09 1.23995e-09 1.37545e-09 1.43022e-09 1.42783e-09 1.38663e-09 1.30578e-09 1.18256e-09 1.0266e-09 8.61336e-10 7.23082e-10 6.56973e-10 6.8226e-10 7.50637e-10 7.85211e-10 7.53648e-10 7.07699e-10 7.21284e-10 7.72386e-10 7.97021e-10 7.72005e-10 7.03917e-10 6.09065e-10 5.08059e-10 4.22502e-10 3.68971e-10 3.57824e-10 3.93992e-10 4.64658e-10 5.36415e-10 5.73312e-10 5.55547e-10 4.92267e-10 4.3335e-10 4.61635e-10 6.05211e-10 8.21102e-10 1.07489e-09 1.33877e-09 1.56093e-09 1.66573e-09 1.59916e-09 1.37468e-09 1.06502e-09 7.50045e-10 4.61805e-10 1.75001e-10 
1.89452e-10 4.03482e-10 6.0218e-10 8.20355e-10 1.03535e-09 1.20789e-09 1.31293e-09 1.35459e-09 1.35002e-09 1.30538e-09 1.2173e-09 1.08775e-09 9.30855e-10 7.73359e-10 6.55818e-10 6.20017e-10 6.5924e-10 7.0873e-10 7.18786e-10 7.12851e-10 7.57877e-10 8.48807e-10 9.1842e-10 9.29324e-10 8.81351e-10 7.88964e-10 6.7214e-10 5.53674e-10 4.54099e-10 3.87544e-10 3.65286e-10 3.92399e-10 4.50191e-10 5.0211e-10 5.17331e-10 4.86082e-10 4.29866e-10 4.10556e-10 4.94012e-10 6.71176e-10 8.99653e-10 1.1472e-09 1.37358e-09 1.51776e-09 1.52152e-09 1.37227e-09 1.116e-09 8.25404e-10 5.53163e-10 2.90898e-10 2.90898e-10 
8.25488e-11 2.71267e-10 4.48342e-10 6.34818e-10 8.35038e-10 1.02079e-09 1.16169e-09 1.24492e-09 1.27722e-09 1.26746e-09 1.21546e-09 1.11935e-09 9.854e-10 8.31407e-10 6.88562e-10 6.0062e-10 5.9435e-10 6.35537e-10 6.6825e-10 6.89813e-10 7.53648e-10 8.72721e-10 9.86404e-10 1.04312e-09 1.03128e-09 9.60361e-10 8.47376e-10 7.13754e-10 5.82053e-10 4.70731e-10 3.93992e-10 3.65959e-10 3.88675e-10 4.35924e-10 4.71204e-10 4.71093e-10 4.35882e-10 3.98452e-10 4.23024e-10 5.45768e-10 7.39009e-10 9.64107e-10 1.18393e-09 1.34918e-09 1.4055e-09 1.32506e-09 1.12914e-09 8.75029e-10 6.20199e-10 3.85672e-10 1.48829e-10 
1.49461e-10 3.21815e-10 4.79176e-10 6.53689e-10 8.33016e-10 9.90915e-10 1.10619e-09 1.17303e-09 1.19614e-09 1.17813e-09 1.11703e-09 1.01383e-09 8.78554e-10 7.33247e-10 6.14374e-10 5.62209e-10 5.77851e-10 6.15332e-10 6.50915e-10 7.18786e-10 8.46588e-10 9.91461e-10 1.0938e-09 1.12795e-09 1.09517e-09 1.00686e-09 8.7973e-10 7.34723e-10 5.93137e-10 4.73232e-10 3.92399e-10 3.6607e-10 3.88281e-10 4.26468e-10 4.48061e-10 4.382e-10 4.06774e-10 3.94887e-10 4.57018e-10 6.02001e-10 7.96004e-10 1.00045e-09 1.17251e-09 1.26403e-09 1.24068e-09 1.10479e-09 8.95591e-10 6.65416e-10 4.49932e-10 2.40069e-10 2.40069e-10 
6.32703e-11 2.13322e-10 3.52715e-10 4.98834e-10 6.59252e-10 8.16725e-10 9.498e-10 1.04437e-09 1.09727e-09 1.10998e-09 1.08184e-09 1.01162e-09 9.03459e-10 7.71395e-10 6.42861e-10 5.57351e-10 5.40185e-10 5.68258e-10 6.07089e-10 6.6825e-10 7.85211e-10 9.40292e-10 1.07702e-09 1.15736e-09 1.17214e-09 1.12535e-09 1.02619e-09 8.8974e-10 7.36285e-10 5.8753e-10 4.64658e-10 3.88675e-10 3.70773e-10 3.93695e-10 4.2293e-10 4.32987e-10 4.17754e-10 3.95579e-10 4.10108e-10 4.98433e-10 6.50682e-10 8.30687e-10 9.98001e-10 1.10951e-09 1.1294e-09 1.0475e-09 8.86369e-10 6.88114e-10 4.91555e-10 3.09078e-10 1.21388e-10 
1.14891e-10 2.50303e-10 3.72073e-10 5.08141e-10 6.52739e-10 7.89079e-10 9.00676e-10 9.77778e-10 1.01739e-09 1.01853e-09 9.79701e-10 9.01561e-10 7.91758e-10 6.69316e-10 5.67106e-10 5.20182e-10 5.3017e-10 5.65013e-10 6.15332e-10 7.0873e-10 8.51943e-10 1.00402e-09 1.12091e-09 1.18293e-09 1.18606e-09 1.131e-09 1.02379e-09 8.7905e-10 7.18528e-10 5.67143e-10 4.50191e-10 3.88281e-10 3.81609e-10 4.03487e-10 4.23041e-10 4.233e-10 4.06315e-10 3.96648e-10 4.3384e-10 5.36071e-10 6.82065e-10 8.34302e-10 9.52768e-10 1.00212e-09 9.64769e-10 8.49867e-10 6.87823e-10 5.14046e-10 3.51091e-10 1.90097e-10 1.90097e-10 
4.72591e-11 1.63642e-10 2.70911e-10 3.82797e-10 5.07817e-10 6.35999e-10 7.52863e-10 8.45821e-10 9.07258e-10 9.33569e-10 9.22656e-10 8.73647e-10 7.89828e-10 6.8321e-10 5.78723e-10 5.11364e-10 5.00779e-10 5.27474e-10 5.68258e-10 6.35537e-10 7.50637e-10 8.96606e-10 1.03325e-09 1.13304e-09 1.18441e-09 1.18042e-09 1.11726e-09 1.00027e-09 8.46629e-10 6.82238e-10 5.36415e-10 4.35924e-10 3.93695e-10 3.96171e-10 4.13821e-10 4.23208e-10 4.157e-10 4.00232e-10 4.04061e-10 4.57187e-10 5.61367e-10 6.88932e-10 8.02966e-10 8.69061e-10 8.65386e-10 7.91212e-10 6.65971e-10 5.18581e-10 3.73725e-10 2.37757e-10 9.49515e-11 
8.62042e-11 1.90125e-10 2.82342e-10 3.85938e-10 4.98967e-10 6.11124e-10 7.10429e-10 7.86835e-10 8.33593e-10 8.46664e-10 8.23964e-10 7.66224e-10 6.80249e-10 5.83616e-10 5.06585e-10 4.7808e-10 4.9499e-10 5.3017e-10 5.77851e-10 6.5924e-10 7.80913e-10 9.17337e-10 1.03884e-09 1.12779e-09 1.17163e-09 1.15829e-09 1.08255e-09 9.5299e-10 7.92216e-10 6.31334e-10 5.0211e-10 4.26468e-10 4.03487e-10 4.10123e-10 4.20824e-10 4.20557e-10 4.07857e-10 3.96553e-10 4.12363e-10 4.73001e-10 5.68129e-10 6.67733e-10 7.39116e-10 7.58128e-10 7.17037e-10 6.25973e-10 5.06452e-10 3.81032e-10 2.63021e-10 1.44471e-10 1.44471e-10 
3.44704e-11 1.22637e-10 2.03435e-10 2.87296e-10 3.82292e-10 4.83027e-10 5.80143e-10 6.63668e-10 7.25019e-10 7.57826e-10 7.58109e-10 7.24667e-10 6.60777e-10 5.78063e-10 5.0059e-10 4.59691e-10 4.67146e-10 5.00779e-10 5.40185e-10 5.9435e-10 6.8226e-10 7.99647e-10 9.23396e-10 1.03298e-09 1.11251e-09 1.1449e-09 1.11567e-09 1.02267e-09 8.80927e-10 7.19551e-10 5.73312e-10 4.71204e-10 4.2293e-10 4.13821e-10 4.1957e-10 4.22059e-10 4.137e-10 3.98566e-10 3.92734e-10 4.16619e-10 4.75908e-10 5.53043e-10 6.19664e-10 6.50949e-10 6.3437e-10 5.72615e-10 4.80057e-10 3.7523e-10 2.7291e-10 1.75675e-10 7.12633e-11 
6.32443e-11 1.41232e-10 2.09674e-10 2.86848e-10 3.72824e-10 4.61569e-10 5.44875e-10 6.14155e-10 6.61655e-10 6.8136e-10 6.69882e-10 6.27746e-10 5.62071e-10 4.90928e-10 4.43848e-10 4.43362e-10 4.7808e-10 5.20182e-10 5.62209e-10 6.20017e-10 7.06275e-10 8.13068e-10 9.23124e-10 1.02001e-09 1.08527e-09 1.09866e-09 1.04759e-09 9.36431e-10 7.88057e-10 6.36966e-10 5.17331e-10 4.48061e-10 4.23041e-10 4.20824e-10 4.22258e-10 4.16727e-10 4.02438e-10 3.87104e-10 3.86204e-10 4.12655e-10 4.6271e-10 5.16387e-10 5.50551e-10 5.49839e-10 5.11239e-10 4.42796e-10 3.58382e-10 2.71495e-10 1.89399e-10 1.05459e-10 1.05459e-10 
2.46059e-11 8.99216e-11 1.4956e-10 2.11191e-10 2.81775e-10 3.58675e-10 4.36134e-10 5.06915e-10 5.63322e-10 5.98176e-10 6.06012e-10 5.84654e-10 5.37514e-10 4.77401e-10 4.2986e-10 4.23386e-10 4.59691e-10 5.11364e-10 5.57351e-10 6.0062e-10 6.56973e-10 7.33879e-10 8.24887e-10 9.17838e-10 9.96791e-10 1.04039e-09 1.02837e-09 9.53481e-10 8.28526e-10 6.83678e-10 5.55547e-10 4.71093e-10 4.32987e-10 4.23208e-10 4.22059e-10 4.17595e-10 4.05167e-10 3.87069e-10 3.72649e-10 3.74391e-10 3.97609e-10 4.32946e-10 4.62124e-10 4.6916e-10 4.47063e-10 3.98593e-10 3.33004e-10 2.61298e-10 1.91746e-10 1.24827e-10 5.13643e-11 
4.54504e-11 1.02746e-10 1.52597e-10 2.08984e-10 2.72901e-10 3.41051e-10 4.08155e-10 4.67698e-10 5.12605e-10 5.36271e-10 5.34168e-10 5.06261e-10 4.60598e-10 4.17676e-10 4.07433e-10 4.43848e-10 5.06585e-10 5.67106e-10 6.14374e-10 6.55818e-10 7.03916e-10 7.64023e-10 8.33626e-10 9.0424e-10 9.59005e-10 9.75033e-10 9.34998e-10 8.39289e-10 7.09402e-10 5.80572e-10 4.86082e-10 4.382e-10 4.233e-10 4.20557e-10 4.16727e-10 4.06087e-10 3.88189e-10 3.67829e-10 3.54112e-10 3.55231e-10 3.70564e-10 3.89094e-10 3.96836e-10 3.84705e-10 3.51387e-10 3.01951e-10 2.44452e-10 1.86382e-10 1.31314e-10 7.40344e-11 7.40344e-11 
1.72297e-11 6.46103e-11 1.07799e-10 1.52296e-10 2.03751e-10 2.61129e-10 3.21134e-10 3.78945e-10 4.2859e-10 4.63556e-10 4.78031e-10 4.69122e-10 4.40406e-10 4.06741e-10 3.95643e-10 4.2986e-10 5.0059e-10 5.78723e-10 6.42861e-10 6.88562e-10 7.23082e-10 7.55718e-10 7.92716e-10 8.36272e-10 8.80221e-10 9.06461e-10 8.92418e-10 8.26178e-10 7.16866e-10 5.93452e-10 4.92267e-10 4.35882e-10 4.17754e-10 4.157e-10 4.137e-10 4.05167e-10 3.88703e-10 3.6658e-10 3.44668e-10 3.30429e-10 3.27809e-10 3.32885e-10 3.3593e-10 3.27874e-10 3.04743e-10 2.68117e-10 2.23105e-10 1.75625e-10 1.29914e-10 8.54425e-11 3.56088e-11 
3.20558e-11 7.33147e-11 1.09007e-10 1.4952e-10 1.96175e-10 2.47385e-10 3.00043e-10 3.49729e-10 3.90973e-10 4.17961e-10 4.26176e-10 4.15503e-10 3.95033e-10 3.8699e-10 4.17676e-10 4.90928e-10 5.83616e-10 6.69316e-10 7.33247e-10 7.73359e-10 7.95098e-10 8.06589e-10 8.17028e-10 8.32732e-10 8.48342e-10 8.44806e-10 8.02027e-10 7.15297e-10 6.02244e-10 4.96656e-10 4.29866e-10 4.06774e-10 4.06315e-10 4.07857e-10 4.02438e-10 3.88189e-10 3.664e-10 3.40872e-10 3.17372e-10 3.01081e-10 2.92845e-10 2.87913e-10 2.79172e-10 2.61582e-10 2.34165e-10 1.99379e-10 1.61286e-10 1.23624e-10 8.78561e-11 5.0076e-11 5.0076e-11 
1.18637e-11 4.55698e-11 7.62995e-11 1.0793e-10 1.44862e-10 1.86961e-10 2.32566e-10 2.78816e-10 3.21696e-10 3.56336e-10 3.7798e-10 3.84254e-10 3.79284e-10 3.78592e-10 4.06741e-10 4.77401e-10 5.78063e-10 6.8321e-10 7.71395e-10 8.31407e-10 8.61336e-10 8.65549e-10 8.5337e-10 8.3765e-10 8.27091e-10 8.15685e-10 7.84459e-10 7.17946e-10 6.19384e-10 5.13213e-10 4.3335e-10 3.98452e-10 3.95579e-10 4.00232e-10 3.98566e-10 3.87069e-10 3.6658e-10 3.39895e-10 3.11381e-10 2.85921e-10 2.66599e-10 2.52658e-10 2.39987e-10 2.24015e-10 2.02312e-10 1.7522e-10 1.44975e-10 1.14317e-10 8.51149e-11 5.64696e-11 2.37936e-11 
2.2233e-11 5.14015e-11 7.6568e-11 1.05276e-10 1.38868e-10 1.76801e-10 2.17514e-10 2.58437e-10 2.9605e-10 3.26343e-10 3.46217e-10 3.56479e-10 3.66342e-10 3.95033e-10 4.60598e-10 5.62071e-10 6.80249e-10 7.91758e-10 8.78554e-10 9.30855e-10 9.46666e-10 9.3108e-10 8.96306e-10 8.58211e-10 8.25674e-10 7.91264e-10 7.37675e-10 6.55598e-10 5.55484e-10 4.64836e-10 4.10556e-10 3.94887e-10 3.96648e-10 3.96553e-10 3.87104e-10 3.67829e-10 3.40872e-10 3.09682e-10 2.78459e-10 2.50929e-10 2.28701e-10 2.10502e-10 1.93256e-10 1.74201e-10 1.52269e-10 1.28121e-10 1.03349e-10 7.94887e-11 5.68828e-11 3.27181e-11 3.27181e-11 
8.05307e-12 3.16105e-11 5.3133e-11 7.5324e-11 1.01524e-10 1.32068e-10 1.66357e-10 2.03018e-10 2.39861e-10 2.74051e-10 3.0285e-10 3.25519e-10 3.46681e-10 3.79284e-10 4.40406e-10 5.37514e-10 6.60777e-10 7.89828e-10 9.03459e-10 9.854e-10 1.0266e-09 1.02596e-09 9.91048e-10 9.37502e-10 8.82706e-10 8.33934e-10 7.82577e-10 7.14545e-10 6.2686e-10 5.34397e-10 4.61635e-10 4.23024e-10 4.10108e-10 4.04061e-10 3.92734e-10 3.72649e-10 3.44668e-10 3.11381e-10 2.76244e-10 2.42854e-10 2.13848e-10 1.89894e-10 1.69637e-10 1.50832e-10 1.31763e-10 1.11919e-10 9.18083e-11 7.23472e-11 5.4106e-11 3.61423e-11 1.53689e-11 
1.51974e-11 3.54819e-11 5.29959e-11 7.31226e-11 9.70898e-11 1.24966e-10 1.56242e-10 1.89817e-10 2.24028e-10 2.57004e-10 2.87741e-10 3.18294e-10 3.56479e-10 4.15503e-10 5.06261e-10 6.27746e-10 7.66224e-10 9.01561e-10 1.01383e-09 1.08775e-09 1.11536e-09 1.09777e-09 1.04607e-09 9.78844e-10 9.13355e-10 8.54509e-10 7.93444e-10 7.19941e-10 6.35541e-10 5.54802e-10 4.94012e-10 4.57018e-10 4.3384e-10 4.12363e-10 3.86204e-10 3.54112e-10 3.17372e-10 2.78459e-10 2.40391e-10 2.05943e-10 1.76744e-10 1.52751e-10 1.32582e-10 1.14492e-10 9.72794e-11 8.05757e-11 6.46128e-11 4.97405e-11 3.57646e-11 2.07152e-11 2.07152e-11 
5.40286e-12 2.16132e-11 3.64817e-11 5.1892e-11 7.03323e-11 9.23602e-11 1.18032e-10 1.4702e-10 1.78608e-10 2.11852e-10 2.46147e-10 2.82511e-10 3.25519e-10 3.84254e-10 4.69122e-10 5.84654e-10 7.24667e-10 8.73647e-10 1.01162e-09 1.11935e-09 1.18256e-09 1.1952e-09 1.16168e-09 1.09684e-09 1.02115e-09 9.50647e-10 8.87999e-10 8.24794e-10 7.53687e-10 6.77169e-10 6.05211e-10 5.45768e-10 4.98433e-10 4.57187e-10 4.16619e-10 3.74391e-10 3.30429e-10 2.85921e-10 2.42854e-10 2.03485e-10 1.69572e-10 1.41729e-10 1.19292e-10 1.00808e-10 8.48076e-11 7.03195e-11 5.69649e-11 4.47168e-11 3.35035e-11 2.24843e-11 9.62893e-12 
1.02619e-11 2.41691e-11 3.62309e-11 5.024e-11 6.72589e-11 8.76885e-11 1.11687e-10 1.39199e-10 1.70031e-10 2.04152e-10 2.4241e-10 2.87741e-10 3.46217e-10 4.26176e-10 5.34168e-10 6.69882e-10 8.23964e-10 9.79701e-10 1.11703e-09 1.2173e-09 1.26774e-09 1.26518e-09 1.21791e-09 1.14415e-09 1.0653e-09 9.95609e-10 9.35744e-10 8.77194e-10 8.12858e-10 7.42695e-10 6.71176e-10 6.02001e-10 5.36071e-10 4.73001e-10 4.12655e-10 3.55231e-10 3.01081e-10 2.50929e-10 2.05943e-10 1.6731e-10 1.35604e-10 1.10458e-10 9.06911e-11 7.48039e-11 6.14893e-11 4.9901e-11 3.96187e-11 3.04293e-11 2.19266e-11 1.27608e-11 1.27608e-11 
3.59218e-12 1.45999e-11 2.47596e-11 3.53835e-11 4.83107e-11 6.417e-11 8.33876e-11 1.06305e-10 1.33234e-10 1.64633e-10 2.01512e-10 2.46147e-10 3.0285e-10 3.7798e-10 4.78031e-10 6.06012e-10 7.58109e-10 9.22656e-10 1.08184e-09 1.21546e-09 1.30578e-09 1.34233e-09 1.32558e-09 1.26795e-09 1.19048e-09 1.1147e-09 1.0525e-09 1.0017e-09 9.51572e-10 8.92545e-10 8.21102e-10 7.39009e-10 6.50682e-10 5.61367e-10 4.75908e-10 3.97609e-10 3.27809e-10 2.66599e-10 2.13848e-10 1.69572e-10 1.3365e-10 1.05474e-10 8.38656e-11 6.73129e-11 5.43309e-11 4.37575e-11 3.48383e-11 2.71341e-11 2.03028e-11 1.36555e-11 5.87786e-12 
6.86135e-12 1.62879e-11 2.45317e-11 3.42448e-11 4.63173e-11 6.13012e-11 7.9733e-11 1.02205e-10 1.2949e-10 1.62788e-10 2.04152e-10 2.57004e-10 3.26343e-10 4.17961e-10 5.36271e-10 6.8136e-10 8.46664e-10 1.01853e-09 1.17813e-09 1.30538e-09 1.38413e-09 1.40706e-09 1.37895e-09 1.31626e-09 1.24223e-09 1.17729e-09 1.12921e-09 1.09062e-09 1.04647e-09 9.84312e-10 8.99653e-10 7.96004e-10 6.82065e-10 5.68129e-10 4.6271e-10 3.70564e-10 2.92845e-10 2.28701e-10 1.76744e-10 1.35604e-10 1.03872e-10 7.99694e-11 6.21971e-11 4.89117e-11 3.87288e-11 3.06342e-11 2.39656e-11 1.82932e-11 1.31723e-11 7.68464e-12 7.68464e-12 
2.37214e-12 9.76947e-12 1.66546e-11 2.395e-11 3.30044e-11 4.44381e-11 5.88517e-11 7.69472e-11 9.96365e-11 1.28214e-10 1.64633e-10 2.11852e-10 2.74051e-10 3.56336e-10 4.63556e-10 5.98176e-10 7.57826e-10 9.33569e-10 1.10998e-09 1.26746e-09 1.38663e-09 1.45379e-09 1.46565e-09 1.43166e-09 1.37202e-09 1.31067e-09 1.26424e-09 1.23313e-09 1.20271e-09 1.15407e-09 1.07489e-09 9.64107e-10 8.30687e-10 6.88932e-10 5.53043e-10 4.32946e-10 3.32885e-10 2.52658e-10 1.89894e-10 1.41729e-10 1.05474e-10 7.8708e-11 5.92485e-11 4.51731e-11 3.48847e-11 2.71579e-11 2.11374e-11 1.6258e-11 1.2105e-11 8.13783e-12 3.51373e-12 
4.55401e-12 1.08879e-11 1.64981e-11 2.32265e-11 3.18038e-11 4.2821e-11 5.69816e-11 7.52036e-11 9.87615e-11 1.2949e-10 1.70031e-10 2.24028e-10 2.9605e-10 3.90973e-10 5.12605e-10 6.61655e-10 8.33593e-10 1.01739e-09 1.19614e-09 1.35002e-09 1.46118e-09 1.51931e-09 1.52585e-09 1.49483e-09 1.44873e-09 1.40886e-09 1.38373e-09 1.3638e-09 1.32835e-09 1.25859e-09 1.1472e-09 1.00045e-09 8.34302e-10 6.67733e-10 5.16387e-10 3.89094e-10 2.87913e-10 2.10502e-10 1.52751e-10 1.10458e-10 7.99694e-11 5.8288e-11 4.29998e-11 3.2209e-11 2.4477e-11 1.87725e-11 1.43952e-11 1.08718e-11 7.79591e-12 4.54823e-12 4.54823e-12 
1.55881e-12 6.49197e-12 1.11335e-11 1.6137e-11 2.24891e-11 3.07568e-11 4.15814e-11 5.58096e-11 7.46097e-11 9.96365e-11 1.33234e-10 1.78608e-10 2.39861e-10 3.21696e-10 4.2859e-10 5.63322e-10 7.25019e-10 9.07258e-10 1.09727e-09 1.27722e-09 1.42783e-09 1.53373e-09 1.58879e-09 1.59923e-09 1.58228e-09 1.5591e-09 1.54336e-09 1.53214e-09 1.50735e-09 1.44722e-09 1.33877e-09 1.18393e-09 9.98001e-10 8.02966e-10 6.19664e-10 4.62124e-10 3.3593e-10 2.39987e-10 1.69637e-10 1.19292e-10 8.38656e-11 5.92485e-11 4.22893e-11 3.06434e-11 2.2596e-11 1.69304e-11 1.28126e-11 9.68175e-12 7.1444e-12 4.78649e-12 2.06961e-12 
3.00669e-12 7.23923e-12 1.1049e-11 1.57174e-11 2.18298e-11 2.99482e-11 4.08036e-11 5.54113e-11 7.52036e-11 1.02205e-10 1.39199e-10 1.89817e-10 2.58437e-10 3.49729e-10 4.67698e-10 6.14155e-10 7.86835e-10 9.77778e-10 1.17303e-09 1.35459e-09 1.50466e-09 1.61112e-09 1.67213e-09 1.69729e-09 1.70346e-09 1.70526e-09 1.70492e-09 1.68927e-09 1.63732e-09 1.53287e-09 1.37358e-09 1.17251e-09 9.52768e-10 7.39116e-10 5.50551e-10 3.96836e-10 2.79172e-10 1.93256e-10 1.32582e-10 9.06911e-11 6.21971e-11 4.29998e-11 3.01288e-11 2.14881e-11 1.56291e-11 1.1566e-11 8.64533e-12 6.42786e-12 4.57485e-12 2.6632e-12 2.6632e-12 
1.02017e-12 4.29383e-12 7.41617e-12 1.08514e-11 1.53209e-11 2.13136e-11 2.94391e-11 4.05392e-11 5.58096e-11 7.69472e-11 1.06305e-10 1.4702e-10 2.03018e-10 2.78816e-10 3.78945e-10 5.06915e-10 6.63668e-10 8.45821e-10 1.04437e-09 1.24492e-09 1.43022e-09 1.58471e-09 1.6996e-09 1.77599e-09 1.8235e-09 1.85364e-09 1.87063e-09 1.86598e-09 1.82195e-09 1.72199e-09 1.56093e-09 1.34918e-09 1.10951e-09 8.69061e-10 6.50949e-10 4.6916e-10 3.27874e-10 2.24015e-10 1.50832e-10 1.00808e-10 6.73129e-11 4.51731e-11 3.06434e-11 2.11235e-11 1.48577e-11 1.06774e-11 7.81532e-12 5.77145e-12 4.2014e-12 2.79777e-12 1.20853e-12 
1.97706e-12 4.79754e-12 7.38701e-12 1.06341e-11 1.50028e-11 2.09866e-11 2.9265e-11 4.08036e-11 5.69816e-11 7.9733e-11 1.11687e-10 1.56242e-10 2.17514e-10 3.00043e-10 4.08155e-10 5.44875e-10 7.10429e-10 9.00676e-10 1.10619e-09 1.31293e-09 1.50512e-09 1.66957e-09 1.79968e-09 1.89651e-09 1.96534e-09 2.00877e-09 2.02093e-09 1.98781e-09 1.8946e-09 1.73515e-09 1.51776e-09 1.26403e-09 1.00212e-09 7.58128e-10 5.49839e-10 3.84705e-10 2.61582e-10 1.74201e-10 1.14492e-10 7.48039e-11 4.89117e-11 3.2209e-11 2.14881e-11 1.4603e-11 1.01485e-11 7.21779e-12 5.23069e-12 3.81005e-12 2.68077e-12 1.55353e-12 1.55353e-12 
6.65245e-13 2.83186e-12 4.93217e-12 7.29572e-12 1.04494e-11 1.47986e-11 2.08746e-11 2.94391e-11 4.15814e-11 5.88517e-11 8.33876e-11 1.18032e-10 1.66357e-10 2.32566e-10 3.21134e-10 4.36134e-10 5.80143e-10 7.52863e-10 9.498e-10 1.16169e-09 1.37545e-09 1.57694e-09 1.75448e-09 1.90132e-09 2.01503e-09 2.09358e-09 2.13078e-09 2.11512e-09 2.03411e-09 1.882e-09 1.66573e-09 1.4055e-09 1.1294e-09 8.65386e-10 6.3437e-10 4.47063e-10 3.04743e-10 2.02312e-10 1.31763e-10 8.48076e-11 5.43309e-11 3.48847e-11 2.2596e-11 1.48577e-11 9.97285e-12 6.85903e-12 4.83565e-12 3.47017e-12 2.48038e-12 1.63701e-12 7.05516e-13 
1.29627e-12 3.1746e-12 4.93876e-12 7.20309e-12 1.03279e-11 1.47278e-11 2.09866e-11 2.99482e-11 4.2821e-11 6.13012e-11 8.76885e-11 1.24966e-10 1.76801e-10 2.47385e-10 3.41051e-10 4.61569e-10 6.11124e-10 7.89079e-10 9.90915e-10 1.20789e-09 1.42799e-09 1.6381e-09 1.82643e-09 1.9836e-09 2.10158e-09 2.17124e-09 2.18129e-09 2.12073e-09 1.98446e-09 1.77853e-09 1.52152e-09 1.24068e-09 9.64769e-10 7.17037e-10 5.11239e-10 3.51387e-10 2.34165e-10 1.52269e-10 9.72794e-11 6.14893e-11 3.87288e-11 2.4477e-11 1.56291e-11 1.01485e-11 6.7394e-12 4.59534e-12 3.21432e-12 2.28103e-12 1.58031e-12 9.09741e-13 9.09741e-13 
4.30612e-13 1.86328e-12 3.27873e-12 4.91021e-12 7.13776e-12 1.0286e-11 1.47986e-11 2.13136e-11 3.07568e-11 4.44381e-11 6.417e-11 9.23602e-11 1.32068e-10 1.86961e-10 2.61129e-10 3.58675e-10 4.83027e-10 6.35999e-10 8.16725e-10 1.02079e-09 1.23995e-09 1.46279e-09 1.67616e-09 1.86654e-09 2.02073e-09 2.12552e-09 2.16778e-09 2.1363e-09 2.02585e-09 1.84128e-09 1.59916e-09 1.32506e-09 1.0475e-09 7.91212e-10 5.72615e-10 3.98593e-10 2.68117e-10 1.7522e-10 1.11919e-10 7.03195e-11 4.37575e-11 2.71579e-11 1.69304e-11 1.06774e-11 6.85903e-12 4.5153e-12 3.05721e-12 2.12153e-12 1.48251e-12 9.66282e-13 4.14555e-13 
8.44996e-13 2.0981e-12 3.30394e-12 4.88444e-12 7.11461e-12 1.03279e-11 1.50028e-11 2.18298e-11 3.18038e-11 4.63173e-11 6.72589e-11 9.70898e-11 1.38868e-10 1.96175e-10 2.72901e-10 3.72824e-10 4.98967e-10 6.52739e-10 8.33016e-10 1.03535e-09 1.25162e-09 1.47027e-09 1.67715e-09 1.85646e-09 1.99182e-09 2.0675e-09 2.07067e-09 1.99464e-09 1.84219e-09 1.6271e-09 1.37227e-09 1.10479e-09 8.49867e-10 6.25973e-10 4.42796e-10 3.01951e-10 1.99379e-10 1.28121e-10 8.05757e-11 4.9901e-11 3.06342e-11 1.87725e-11 1.1566e-11 7.21779e-12 4.59534e-12 3.00385e-12 2.02184e-12 1.39151e-12 9.45444e-13 5.39044e-13 5.39044e-13 
2.74651e-13 1.22258e-12 2.17949e-12 3.30628e-12 4.87484e-12 7.13776e-12 1.04494e-11 1.53209e-11 2.24891e-11 3.30044e-11 4.83107e-11 7.03323e-11 1.01524e-10 1.44862e-10 2.03751e-10 2.81775e-10 3.82292e-10 5.07817e-10 6.59252e-10 8.35038e-10 1.03038e-09 1.23678e-09 1.44199e-09 1.63064e-09 1.78542e-09 1.88897e-09 1.92652e-09 1.88908e-09 1.77642e-09 1.59857e-09 1.37468e-09 1.12914e-09 8.86369e-10 6.65971e-10 4.80057e-10 3.33004e-10 2.23105e-10 1.44975e-10 9.18083e-11 5.69649e-11 3.48383e-11 2.11374e-11 1.28126e-11 7.81532e-12 4.83565e-12 3.05721e-12 1.98695e-12 1.33036e-12 9.04336e-13 5.79949e-13 2.47637e-13 
5.46319e-13 1.38431e-12 2.20922e-12 3.30613e-12 4.88444e-12 7.20309e-12 1.06341e-11 1.57174e-11 2.32265e-11 3.42448e-11 5.024e-11 7.31226e-11 1.05276e-10 1.4952e-10 2.08984e-10 2.86848e-10 3.85938e-10 5.08141e-10 6.53689e-10 8.20355e-10 1.00269e-09 1.1915e-09 1.37386e-09 1.53389e-09 1.65447e-09 1.71992e-09 1.71913e-09 1.64854e-09 1.51384e-09 1.32949e-09 1.116e-09 8.95591e-10 6.87823e-10 5.06452e-10 3.58382e-10 2.44452e-10 1.61286e-10 1.03349e-10 6.46128e-11 3.96187e-11 2.39656e-11 1.43952e-11 8.64533e-12 5.23069e-12 3.21432e-12 2.02184e-12 1.30963e-12 8.71822e-13 5.78288e-13 3.2548e-13 3.2548e-13 
1.69904e-13 7.9713e-13 1.44624e-12 2.21732e-12 3.30628e-12 4.91021e-12 7.29572e-12 1.08514e-11 1.6137e-11 2.395e-11 3.53835e-11 5.1892e-11 7.5324e-11 1.0793e-10 1.52296e-10 2.11191e-10 2.87296e-10 3.82797e-10 4.98834e-10 6.34818e-10 7.87682e-10 9.51206e-10 1.11563e-09 1.26794e-09 1.39302e-09 1.47585e-09 1.50434e-09 1.47221e-09 1.38092e-09 1.23993e-09 1.06502e-09 8.75029e-10 6.88114e-10 5.18581e-10 3.7523e-10 2.61298e-10 1.75625e-10 1.14317e-10 7.23472e-11 4.47168e-11 2.71341e-11 1.6258e-11 9.68175e-12 5.77145e-12 3.47017e-12 2.12153e-12 1.33036e-12 8.60009e-13 5.67653e-13 3.5698e-13 1.50746e-13 
3.46243e-13 9.09448e-13 1.4644e-12 2.20922e-12 3.30394e-12 4.93876e-12 7.38701e-12 1.1049e-11 1.64981e-11 2.45317e-11 3.62309e-11 5.29959e-11 7.6568e-11 1.09007e-10 1.52597e-10 2.09674e-10 2.82342e-10 3.72073e-10 4.79176e-10 6.0218e-10 7.3719e-10 8.77396e-10 1.01299e-09 1.1318e-09 1.22078e-09 1.26828e-09 1.26655e-09 1.21373e-09 1.11471e-09 9.80367e-10 8.25404e-10 6.65416e-10 5.14046e-10 3.81032e-10 2.71495e-10 1.86382e-10 1.23624e-10 7.94887e-11 4.97405e-11 3.04293e-11 1.82932e-11 1.08718e-11 6.42786e-12 3.81005e-12 2.28103e-12 1.39151e-12 8.71822e-13 5.6252e-13 3.63568e-13 2.01994e-13 2.01994e-13 
9.83486e-14 5.13927e-13 9.41713e-13 1.44624e-12 2.17949e-12 3.27873e-12 4.93217e-12 7.41617e-12 1.11335e-11 1.66546e-11 2.47596e-11 3.64817e-11 5.3133e-11 7.62995e-11 1.07799e-10 1.4956e-10 2.03435e-10 2.70911e-10 3.52715e-10 4.48342e-10 5.5552e-10 6.69756e-10 7.84107e-10 8.89432e-10 9.75301e-10 1.03157e-09 1.05033e-09 1.02777e-09 9.65215e-10 8.69161e-10 7.50045e-10 6.20199e-10 4.91555e-10 3.73725e-10 2.7291e-10 1.91746e-10 1.29914e-10 8.51149e-11 5.4106e-11 3.35035e-11 2.03028e-11 1.2105e-11 7.1444e-12 4.2014e-12 2.48038e-12 1.48251e-12 9.04336e-13 5.67653e-13 3.64904e-13 2.25182e-13 9.48573e-14 
2.11307e-13 5.72393e-13 9.09448e-13 1.38431e-12 2.0981e-12 3.1746e-12 4.79754e-12 7.23923e-12 1.08879e-11 1.62879e-11 2.41691e-11 3.54819e-11 5.14015e-11 7.33147e-11 1.02746e-10 1.41232e-10 1.90125e-10 2.50303e-10 3.21815e-10 4.03482e-10 4.92508e-10 5.84239e-10 6.72202e-10 7.48605e-10 8.05326e-10 8.35298e-10 8.33963e-10 8.00375e-10 7.37598e-10 6.52229e-10 5.53163e-10 4.49932e-10 3.51091e-10 2.63021e-10 1.89399e-10 1.31314e-10 8.78561e-11 5.68828e-11 3.57646e-11 2.19266e-11 1.31723e-11 7.79591e-12 4.57485e-12 2.68077e-12 1.58031e-12 9.45444e-13 5.78288e-13 3.63568e-13 2.3182e-13 1.27496e-13 1.27496e-13 
4.85998e-14 2.96327e-13 5.13927e-13 7.9713e-13 1.22258e-12 1.86328e-12 2.83186e-12 4.29383e-12 6.49197e-12 9.76947e-12 1.45999e-11 2.16132e-11 3.16105e-11 4.55698e-11 6.46103e-11 8.99216e-11 1.22637e-10 1.63642e-10 2.13322e-10 2.71267e-10 3.35969e-10 4.04597e-10 4.72935e-10 5.35608e-10 5.86642e-10 6.20347e-10 6.32342e-10 6.20492e-10 5.85452e-10 5.30673e-10 4.61805e-10 3.85672e-10 3.09078e-10 2.37757e-10 1.75675e-10 1.24827e-10 8.54425e-11 5.64696e-11 3.61423e-11 2.24843e-11 1.36555e-11 8.13783e-12 4.78649e-12 2.79777e-12 1.63701e-12 9.66282e-13 5.79949e-13 3.5698e-13 2.25182e-13 1.40275e-13 5.89516e-14 
9.43067e-14 2.11307e-13 3.46243e-13 5.46319e-13 8.44996e-13 1.29627e-12 1.97706e-12 3.00669e-12 4.55401e-12 6.86135e-12 1.02619e-11 1.51974e-11 2.2233e-11 3.20558e-11 4.54504e-11 6.32443e-11 8.62042e-11 1.14891e-10 1.49461e-10 1.89452e-10 2.33584e-10 2.7964e-10 3.24497e-10 3.64376e-10 3.95297e-10 4.13707e-10 4.17136e-10 4.04737e-10 3.7752e-10 3.38236e-10 2.90898e-10 2.40069e-10 1.90097e-10 1.44471e-10 1.05459e-10 7.40344e-11 5.0076e-11 3.27181e-11 2.07152e-11 1.27608e-11 7.68464e-12 4.54823e-12 2.6632e-12 1.55353e-12 9.09741e-13 5.39044e-13 3.2548e-13 2.01994e-13 1.27496e-13 7.38841e-14 7.38841e-14 
2.0999e-14 4.85998e-14 9.83486e-14 1.69904e-13 2.74651e-13 4.30612e-13 6.65245e-13 1.02017e-12 1.55881e-12 2.37214e-12 3.59218e-12 5.40286e-12 8.05307e-12 1.18637e-11 1.72297e-11 2.46059e-11 3.44704e-11 4.72591e-11 6.32703e-11 8.25488e-11 1.04751e-10 1.29054e-10 1.54101e-10 1.78068e-10 1.98827e-10 2.14232e-10 2.22466e-10 2.22385e-10 2.1377e-10 1.97411e-10 1.75001e-10 1.48829e-10 1.21388e-10 9.49515e-11 7.12633e-11 5.13643e-11 3.56088e-11 2.37936e-11 1.53689e-11 9.62893e-12 5.87786e-12 3.51373e-12 2.06961e-12 1.20853e-12 7.05516e-13 4.14555e-13 2.47637e-13 1.50746e-13 9.48573e-14 5.89516e-14 2.99999e-14 
