1 101 51
2.26993e-13 4.64632e-13 7.53399e-13 1.19785e-12 1.94786e-12 3.26546e-12 5.62801e-12 9.89153e-12 1.75601e-11 3.11781e-11 5.48121e-11 9.45104e-11 1.58409e-10 2.56077e-10 3.96659e-10 5.85835e-10 8.22351e-10 1.09559e-09 1.38572e-09 1.66685e-09 1.91227e-09 2.09964e-09 2.21424e-09 2.24999e-09 2.20854e-09 2.09779e-09 1.93011e-09 1.72077e-09 1.48645e-09 1.24374e-09 1.00767e-09 7.90471e-10 6.00652e-10 4.42609e-10 3.1689e-10 2.21031e-10 1.50684e-10 1.00765e-10 6.63405e-11 4.31547e-11 2.78329e-11 1.78551e-11 1.14277e-11 7.31571e-12 4.6922e-12 3.01485e-12 1.93381e-12 1.22862e-12 7.64319e-13 4.62358e-13 2.87854e-13 
5.77619e-13 1.0417e-12 1.66784e-12 2.67726e-12 4.42028e-12 7.51174e-12 1.30582e-11 2.30366e-11 4.08885e-11 7.23692e-11 1.26554e-10 2.16692e-10 3.60228e-10 5.77083e-10 8.85463e-10 1.2954e-09 1.80181e-09 2.38009e-09 2.98719e-09 3.5687e-09 4.06964e-09 4.44471e-09 4.66474e-09 4.71846e-09 4.61085e-09 4.36004e-09 3.99374e-09 3.54559e-09 3.05161e-09 2.54669e-09 2.06135e-09 1.61915e-09 1.23529e-09 9.16509e-10 6.62301e-10 4.66966e-10 3.21865e-10 2.17356e-10 1.44169e-10 9.4199e-11 6.08333e-11 3.89698e-11 2.48548e-11 1.58364e-11 1.01058e-11 6.46209e-12 4.13078e-12 2.62022e-12 1.61524e-12 7.96799e-13 7.96799e-13 
4.64632e-13 1.14711e-12 1.91897e-12 3.05647e-12 4.96293e-12 8.30655e-12 1.42601e-11 2.49218e-11 4.40136e-11 7.79606e-11 1.37393e-10 2.38881e-10 4.06325e-10 6.70814e-10 1.06745e-09 1.62784e-09 2.36876e-09 3.27987e-09 4.31587e-09 5.39822e-09 6.42788e-09 7.30489e-09 7.94733e-09 8.30355e-09 8.35571e-09 8.11691e-09 7.62508e-09 6.93552e-09 6.1132e-09 5.22517e-09 4.33349e-09 3.48952e-09 2.73032e-09 2.07751e-09 1.53867e-09 1.11034e-09 7.81616e-10 5.3755e-10 3.61923e-10 2.39183e-10 1.55659e-10 1.00133e-10 6.39312e-11 4.06747e-11 2.58809e-11 1.65105e-11 1.05648e-11 6.75376e-12 4.23801e-12 2.2756e-12 4.62358e-13 
1.0417e-12 1.99711e-12 3.20816e-12 5.11371e-12 8.39578e-12 1.42061e-11 2.45747e-11 4.3136e-11 7.62979e-11 1.35027e-10 2.37269e-10 4.10677e-10 6.94709e-10 1.14025e-09 1.80434e-09 2.73783e-09 3.96641e-09 5.46943e-09 7.16608e-09 8.91834e-09 1.05541e-08 1.19031e-08 1.28313e-08 1.32621e-08 1.31807e-08 1.26273e-08 1.16832e-08 1.0455e-08 9.05983e-09 7.61014e-09 6.20252e-09 4.90986e-09 3.77838e-09 2.82925e-09 2.06329e-09 1.46697e-09 1.01819e-09 6.91136e-10 4.59911e-10 3.00947e-10 1.9436e-10 1.24393e-10 7.92301e-11 5.04192e-11 3.21613e-11 2.05984e-11 1.32255e-11 8.41277e-12 4.9118e-12 1.61524e-12 1.61524e-12 
7.53399e-13 1.91897e-12 3.24679e-12 5.11073e-12 8.18353e-12 1.35652e-11 2.3143e-11 4.02815e-11 7.10002e-11 1.25864e-10 2.22798e-10 3.90805e-10 6.74098e-10 1.13516e-09 1.85406e-09 2.9201e-09 4.41197e-09 6.36596e-09 8.73977e-09 1.13888e-08 1.40735e-08 1.65034e-08 1.84029e-08 1.95713e-08 1.99148e-08 1.94484e-08 1.82763e-08 1.65626e-08 1.45004e-08 1.22836e-08 1.0083e-08 8.03112e-09 6.215e-09 4.67839e-09 3.42936e-09 2.4506e-09 1.70937e-09 1.16585e-09 7.7923e-10 5.11873e-10 3.31636e-10 2.12769e-10 1.35751e-10 8.64898e-11 5.5221e-11 3.54179e-11 2.28173e-11 1.46574e-11 9.00007e-12 4.23801e-12 7.64319e-13 
1.66784e-12 3.20816e-12 5.09355e-12 7.947e-12 1.28008e-11 2.13803e-11 3.67099e-11 6.42283e-11 1.13668e-10 2.02031e-10 3.57904e-10 6.27065e-10 1.07856e-09 1.80922e-09 2.94252e-09 4.61564e-09 6.94705e-09 9.98291e-09 1.36355e-08 1.76456e-08 2.1603e-08 2.50321e-08 2.7509e-08 2.876e-08 2.87039e-08 2.7439e-08 2.51964e-08 2.22813e-08 1.90166e-08 1.56964e-08 1.25536e-08 9.74557e-09 7.35543e-09 5.40484e-09 3.87169e-09 2.7075e-09 1.85147e-09 1.24076e-09 8.17113e-10 5.30608e-10 3.41093e-10 2.17988e-10 1.39085e-10 8.89306e-11 5.71414e-11 3.69282e-11 2.38993e-11 1.51237e-11 8.41277e-12 2.62022e-12 2.62022e-12 
1.19785e-12 3.05647e-12 5.11073e-12 7.85064e-12 1.22228e-11 1.9796e-11 3.3254e-11 5.73797e-11 1.0084e-10 1.79141e-10 3.19221e-10 5.65998e-10 9.90663e-10 1.69959e-09 2.84098e-09 4.60328e-09 7.19448e-09 1.07883e-08 1.5433e-08 2.09486e-08 2.68736e-08 3.25188e-08 3.71301e-08 4.00915e-08 4.10737e-08 4.00772e-08 3.73804e-08 3.34382e-08 2.87734e-08 2.38823e-08 1.91697e-08 1.49156e-08 1.12738e-08 8.29285e-09 5.94624e-09 4.16263e-09 2.84998e-09 1.91247e-09 1.26125e-09 8.20162e-10 5.27935e-10 3.37831e-10 2.1584e-10 1.38224e-10 8.89965e-11 5.76928e-11 3.75685e-11 2.42327e-11 1.46574e-11 6.75376e-12 1.22862e-12 
2.67726e-12 5.11371e-12 7.947e-12 1.20107e-11 1.87179e-11 3.04462e-11 5.13464e-11 8.89324e-11 1.56879e-10 2.79618e-10 4.99368e-10 8.85923e-10 1.54886e-09 2.65055e-09 4.41603e-09 7.13059e-09 1.11058e-08 1.65878e-08 2.36023e-08 3.17897e-08 4.03408e-08 4.81254e-08 5.39935e-08 5.7109e-08 5.7157e-08 5.43568e-08 4.93238e-08 4.28706e-08 3.58204e-08 2.88694e-08 2.25131e-08 1.70346e-08 1.2536e-08 8.99056e-09 6.29505e-09 4.31129e-09 2.89437e-09 1.90986e-09 1.24273e-09 8.00494e-10 5.12655e-10 3.27872e-10 2.10272e-10 1.35666e-10 8.82182e-11 5.77558e-11 3.77492e-11 2.38993e-11 1.32255e-11 4.13078e-12 4.13078e-12 
1.94786e-12 4.96293e-12 8.18353e-12 1.22228e-11 1.8337e-11 2.8628e-11 4.66933e-11 7.89425e-11 1.37095e-10 2.42549e-10 4.33451e-10 7.75331e-10 1.37565e-09 2.40159e-09 4.09905e-09 6.80739e-09 1.09549e-08 1.70003e-08 2.52752e-08 3.57239e-08 4.76508e-08 5.9669e-08 6.99818e-08 7.69168e-08 7.94457e-08 7.74355e-08 7.15642e-08 6.30122e-08 5.31048e-08 4.30255e-08 3.36482e-08 2.54924e-08 1.8767e-08 1.34584e-08 9.42164e-09 6.45159e-09 4.33092e-09 2.85776e-09 1.85962e-09 1.19804e-09 7.67485e-10 4.91155e-10 3.15351e-10 2.03855e-10 1.32956e-10 8.74682e-11 5.77406e-11 3.75685e-11 2.28173e-11 1.05648e-11 1.93381e-12 
4.42028e-12 8.39578e-12 1.28008e-11 1.87179e-11 2.79989e-11 4.37701e-11 7.14793e-11 1.20983e-10 2.10447e-10 3.73069e-10 6.67865e-10 1.19561e-09 2.12025e-09 3.69465e-09 6.28817e-09 1.04082e-08 1.66898e-08 2.57919e-08 3.81254e-08 5.34289e-08 7.04067e-08 8.67521e-08 9.97192e-08 1.07024e-07 1.07601e-07 1.01825e-07 9.1203e-08 7.77592e-08 6.34599e-08 4.98331e-08 3.78292e-08 2.78692e-08 1.99877e-08 1.39902e-08 9.57773e-09 6.42795e-09 4.24046e-09 2.75869e-09 1.77684e-09 1.13816e-09 7.28533e-10 4.68137e-10 3.03128e-10 1.9826e-10 1.31013e-10 8.71775e-11 5.77558e-11 3.69282e-11 2.05984e-11 6.46209e-12 6.46209e-12 
3.26546e-12 8.30655e-12 1.35652e-11 1.9796e-11 2.8628e-11 4.27734e-11 6.68896e-11 1.0922e-10 1.84844e-10 3.21701e-10 5.70834e-10 1.02266e-09 1.83063e-09 3.24229e-09 5.63628e-09 9.56164e-09 1.57677e-08 2.51784e-08 3.87049e-08 5.67826e-08 7.87066e-08 1.02162e-07 1.2346e-07 1.38611e-07 1.44771e-07 1.41217e-07 1.2938e-07 1.12068e-07 9.24059e-08 7.30114e-08 5.56085e-08 4.10325e-08 2.9448e-08 2.06169e-08 1.41155e-08 9.47324e-09 6.24863e-09 4.0641e-09 2.61673e-09 1.67562e-09 1.07248e-09 6.89477e-10 4.47064e-10 2.93159e-10 1.94529e-10 1.30318e-10 8.74682e-11 5.76928e-11 3.54179e-11 1.65105e-11 3.01485e-12 
7.51174e-12 1.42061e-11 2.13803e-11 3.04462e-11 4.37701e-11 6.53433e-11 1.02108e-10 1.6649e-10 2.81424e-10 4.89481e-10 8.68349e-10 1.55506e-09 2.78055e-09 4.91417e-09 8.5155e-09 1.43889e-08 2.36206e-08 3.75163e-08 5.72627e-08 8.31635e-08 1.13655e-07 1.448e-07 1.70981e-07 1.86803e-07 1.89204e-07 1.78528e-07 1.58003e-07 1.32205e-07 1.05432e-07 8.07447e-08 5.97653e-08 4.29679e-08 3.01158e-08 2.06356e-08 1.38574e-08 9.14397e-09 5.94789e-09 3.82907e-09 2.45122e-09 1.5686e-09 1.00871e-09 6.54804e-10 4.30401e-10 2.86713e-10 1.93226e-10 1.31013e-10 8.82182e-11 5.71414e-11 3.21613e-11 1.01058e-11 1.01058e-11 
5.62801e-12 1.42601e-11 2.3143e-11 3.3254e-11 4.66933e-11 6.68896e-11 9.97332e-11 1.55553e-10 2.52996e-10 4.26633e-10 7.40665e-10 1.31195e-09 2.34551e-09 4.18414e-09 7.37042e-09 1.27171e-08 2.13784e-08 3.48847e-08 5.50005e-08 8.31269e-08 1.19099e-07 1.59844e-07 1.99044e-07 2.28703e-07 2.42215e-07 2.37144e-07 2.15963e-07 1.8446e-07 1.49162e-07 1.15254e-07 8.57849e-08 6.18976e-08 4.34952e-08 2.9864e-08 2.00885e-08 1.32731e-08 8.64142e-09 5.56541e-09 3.56297e-09 2.27994e-09 1.46653e-09 9.52986e-10 6.27804e-10 4.19784e-10 2.84489e-10 1.94529e-10 1.32956e-10 8.89965e-11 5.5221e-11 2.58809e-11 4.6922e-12 
1.30582e-11 2.45747e-11 3.67099e-11 5.13464e-11 7.14793e-11 1.02108e-10 1.51931e-10 2.36266e-10 3.82889e-10 6.43367e-10 1.11333e-09 1.96613e-09 3.50379e-09 6.22628e-09 1.09148e-08 1.87218e-08 3.12536e-08 5.05767e-08 7.89141e-08 1.17641e-07 1.65519e-07 2.17096e-07 2.62959e-07 2.92717e-07 2.99446e-07 2.82737e-07 2.48333e-07 2.04912e-07 1.60551e-07 1.20631e-07 8.76134e-08 6.18682e-08 4.26482e-08 2.87845e-08 1.90719e-08 1.24431e-08 8.02513e-09 5.14169e-09 3.29154e-09 2.11828e-09 1.37809e-09 9.09935e-10 6.1073e-10 4.16145e-10 2.86713e-10 1.9826e-10 1.35666e-10 8.89306e-11 5.04192e-11 1.58364e-11 1.58364e-11 
9.89153e-12 2.49218e-11 4.02815e-11 5.73797e-11 7.89425e-11 1.0922e-10 1.55553e-10 2.30766e-10 3.57426e-10 5.76504e-10 9.63945e-10 1.66008e-09 2.9177e-09 5.17319e-09 9.13937e-09 1.59109e-08 2.70676e-08 4.47468e-08 7.15619e-08 1.1001e-07 1.60905e-07 2.21038e-07 2.81697e-07 3.30167e-07 3.54594e-07 3.495e-07 3.18102e-07 2.69934e-07 2.15966e-07 1.64755e-07 1.21005e-07 8.61834e-08 5.98251e-08 4.06154e-08 2.70437e-08 1.77139e-08 1.14579e-08 7.35533e-09 4.71454e-09 3.03727e-09 1.97894e-09 1.31004e-09 8.82806e-10 6.04894e-10 4.19784e-10 2.93159e-10 2.03855e-10 1.38224e-10 8.64898e-11 4.06747e-11 7.31571e-12 
2.30366e-11 4.3136e-11 6.42283e-11 8.89324e-11 1.20983e-10 1.6649e-10 2.36266e-10 3.49105e-10 5.3797e-10 8.62519e-10 1.43284e-09 2.45106e-09 4.27798e-09 7.52842e-09 1.31886e-08 2.27363e-08 3.82345e-08 6.23407e-08 9.80315e-08 1.47572e-07 2.10319e-07 2.80117e-07 3.4466e-07 3.88934e-07 4.01823e-07 3.81477e-07 3.35529e-07 2.76451e-07 2.15856e-07 1.6143e-07 1.16628e-07 8.19022e-08 5.61429e-08 3.7685e-08 2.48463e-08 1.61527e-08 1.04071e-08 6.68756e-09 4.31694e-09 2.81891e-09 1.87195e-09 1.26722e-09 8.73546e-10 6.1073e-10 4.30401e-10 3.03128e-10 2.10272e-10 1.39085e-10 7.92301e-11 2.48548e-11 2.48548e-11 
1.75601e-11 4.40136e-11 7.10002e-11 1.0084e-10 1.37095e-10 1.84844e-10 2.52996e-10 3.57426e-10 5.25448e-10 8.04609e-10 1.28035e-09 2.10908e-09 3.57505e-09 6.17909e-09 1.0759e-08 1.86246e-08 3.16689e-08 5.23993e-08 8.37844e-08 1.28646e-07 1.88111e-07 2.59032e-07 3.31871e-07 3.91803e-07 4.24163e-07 4.21429e-07 3.86595e-07 3.30671e-07 2.66759e-07 2.05077e-07 1.51567e-07 1.08442e-07 7.54863e-08 5.13138e-08 3.41809e-08 2.24009e-08 1.452e-08 9.37144e-09 6.06989e-09 3.97653e-09 2.65145e-09 1.80468e-09 1.25261e-09 8.82806e-10 6.27804e-10 4.47064e-10 3.15351e-10 2.1584e-10 1.35751e-10 6.39312e-11 1.14277e-11 
4.08885e-11 7.62979e-11 1.13668e-10 1.56879e-10 2.10447e-10 2.81424e-10 3.82889e-10 5.3797e-10 7.85886e-10 1.19406e-09 1.88223e-09 3.06685e-09 5.13542e-09 8.75759e-09 1.50246e-08 2.55801e-08 4.26717e-08 6.90247e-08 1.07396e-07 1.59544e-07 2.24372e-07 2.95721e-07 3.61752e-07 4.08046e-07 4.23659e-07 4.06306e-07 3.62841e-07 3.04884e-07 2.43481e-07 1.86178e-07 1.37115e-07 9.77524e-08 6.77516e-08 4.58386e-08 3.04108e-08 1.98965e-08 1.29307e-08 8.41983e-09 5.54259e-09 3.71571e-09 2.54618e-09 1.78173e-09 1.26722e-09 9.09935e-10 6.54804e-10 4.68137e-10 3.27872e-10 2.17988e-10 1.24393e-10 3.89698e-11 3.89698e-11 
3.11781e-11 7.79606e-11 1.25864e-10 1.79141e-10 2.42549e-10 3.21701e-10 4.26633e-10 5.76504e-10 8.04609e-10 1.16629e-09 1.75496e-09 2.73368e-09 4.39162e-09 7.23516e-09 1.21152e-08 2.03666e-08 3.38912e-08 5.50675e-08 8.6348e-08 1.29435e-07 1.84002e-07 2.46219e-07 3.07957e-07 3.58019e-07 3.85841e-07 3.85931e-07 3.60315e-07 3.16855e-07 2.64896e-07 2.11965e-07 1.62803e-07 1.20302e-07 8.58465e-08 5.94409e-08 4.01543e-08 2.66368e-08 1.74915e-08 1.14806e-08 7.60979e-09 5.13881e-09 3.5517e-09 2.51026e-09 1.80468e-09 1.31004e-09 9.52986e-10 6.89477e-10 4.91155e-10 3.37831e-10 2.12769e-10 1.00133e-10 1.78551e-11 
7.23692e-11 1.35027e-10 2.02031e-10 2.79618e-10 3.73069e-10 4.89481e-10 6.43367e-10 8.62519e-10 1.19406e-09 1.71419e-09 2.54831e-09 3.90983e-09 6.16686e-09 9.94324e-09 1.62453e-08 2.65663e-08 4.2858e-08 6.72085e-08 1.01101e-07 1.44357e-07 1.94188e-07 2.45041e-07 2.8954e-07 3.20229e-07 3.31772e-07 3.22977e-07 2.97318e-07 2.61001e-07 2.19928e-07 1.78164e-07 1.38376e-07 1.02989e-07 7.37477e-08 5.11364e-08 3.46039e-08 2.3066e-08 1.53139e-08 1.02497e-08 6.98961e-09 4.88473e-09 3.49571e-09 2.54618e-09 1.87195e-09 1.37809e-09 1.00871e-09 7.28533e-10 5.12655e-10 3.41093e-10 1.9436e-10 6.08333e-11 6.08333e-11 
5.48121e-11 1.37393e-10 2.22798e-10 3.19221e-10 4.33451e-10 5.70834e-10 7.40665e-10 9.63945e-10 1.28035e-09 1.75496e-09 2.48918e-09 3.64394e-09 5.48342e-09 8.4449e-09 1.32344e-08 2.09244e-08 3.29795e-08 5.10637e-08 7.64659e-08 1.09158e-07 1.46958e-07 1.85616e-07 2.20169e-07 2.46475e-07 2.61681e-07 2.64208e-07 2.54167e-07 2.34005e-07 2.07562e-07 1.77788e-07 1.46432e-07 1.15181e-07 8.64052e-08 6.21481e-08 4.32465e-08 2.94379e-08 1.98591e-08 1.347e-08 9.30678e-09 6.59884e-09 4.79793e-09 3.5517e-09 2.65145e-09 1.97894e-09 1.46653e-09 1.07248e-09 7.67485e-10 5.27935e-10 3.31636e-10 1.55659e-10 2.78329e-11 
1.26554e-10 2.37269e-10 3.57904e-10 4.99368e-10 6.67865e-10 8.68349e-10 1.11333e-09 1.43284e-09 1.88223e-09 2.54831e-09 3.55947e-09 5.10925e-09 7.4987e-09 1.11963e-08 1.69051e-08 2.56029e-08 3.84669e-08 5.65441e-08 8.00667e-08 1.07633e-07 1.36032e-07 1.61393e-07 1.81092e-07 1.9461e-07 2.02148e-07 2.02858e-07 1.95751e-07 1.8188e-07 1.63544e-07 1.42209e-07 1.18702e-07 9.43049e-08 7.12012e-08 5.14542e-08 3.60337e-08 2.48367e-08 1.71479e-08 1.2055e-08 8.71128e-09 6.46518e-09 4.88473e-09 3.71571e-09 2.81891e-09 2.11828e-09 1.5686e-09 1.13816e-09 8.00494e-10 5.30608e-10 3.00947e-10 9.4199e-11 9.4199e-11 
9.45104e-11 2.38881e-10 3.90805e-10 5.65998e-10 7.75331e-10 1.02266e-09 1.31195e-09 1.66008e-09 2.10908e-09 2.73368e-09 3.64394e-09 4.99079e-09 6.98462e-09 9.92654e-09 1.4242e-08 2.05021e-08 2.94058e-08 4.16603e-08 5.76538e-08 7.68591e-08 9.73701e-08 1.16329e-07 1.31374e-07 1.42255e-07 1.50608e-07 1.56875e-07 1.58661e-07 1.53902e-07 1.43458e-07 1.29529e-07 1.13311e-07 9.52012e-08 7.60354e-08 5.76347e-08 4.18677e-08 2.96621e-08 2.09467e-08 1.50588e-08 1.11576e-08 8.50719e-09 6.59884e-09 5.13881e-09 3.97653e-09 3.03727e-09 2.27994e-09 1.67562e-09 1.19804e-09 8.20162e-10 5.11873e-10 2.39183e-10 4.31547e-11 
2.16692e-10 4.10677e-10 6.27065e-10 8.85923e-10 1.19561e-09 1.55506e-09 1.96613e-09 2.45106e-09 3.06685e-09 3.90983e-09 5.10925e-09 6.82237e-09 9.24156e-09 1.26058e-08 1.72024e-08 2.33588e-08 3.14319e-08 4.17573e-08 5.44021e-08 6.87401e-08 8.3299e-08 9.62728e-08 1.06639e-07 1.1521e-07 1.23353e-07 1.29744e-07 1.30884e-07 1.25353e-07 1.15141e-07 1.03008e-07 8.9861e-08 7.548e-08 6.0278e-08 4.57319e-08 3.34665e-08 2.42595e-08 1.79247e-08 1.37243e-08 1.0849e-08 8.71128e-09 6.98961e-09 5.54259e-09 4.31694e-09 3.29154e-09 2.45122e-09 1.77684e-09 1.24273e-09 8.17113e-10 4.59911e-10 1.44169e-10 1.44169e-10 
1.58409e-10 4.06325e-10 6.74098e-10 9.90663e-10 1.37565e-09 1.83063e-09 2.34551e-09 2.9177e-09 3.57505e-09 4.39162e-09 5.48342e-09 6.98462e-09 9.02589e-09 1.17283e-08 1.52018e-08 1.95453e-08 2.48789e-08 3.14134e-08 3.94267e-08 4.90857e-08 6.0188e-08 7.20301e-08 8.34956e-08 9.37815e-08 1.03069e-07 1.11085e-07 1.15292e-07 1.12941e-07 1.04423e-07 9.31094e-08 8.1852e-08 7.07593e-08 5.90193e-08 4.67903e-08 3.53942e-08 2.62926e-08 1.99971e-08 1.59683e-08 1.32627e-08 1.11576e-08 9.30678e-09 7.60979e-09 6.06989e-09 4.71454e-09 3.56297e-09 2.61673e-09 1.85962e-09 1.26125e-09 7.7923e-10 3.61923e-10 6.63405e-11 
3.60228e-10 6.94709e-10 1.07856e-09 1.54886e-09 2.12025e-09 2.78055e-09 3.50379e-09 4.27798e-09 5.13542e-09 6.16686e-09 7.4987e-09 9.24156e-09 1.14523e-08 1.41319e-08 1.72531e-08 2.08322e-08 2.50408e-08 3.02246e-08 3.68478e-08 4.53861e-08 5.60713e-08 6.83945e-08 8.09681e-08 9.23687e-08 1.01734e-07 1.07615e-07 1.07536e-07 1.00361e-07 8.8404e-08 7.59077e-08 6.5146e-08 5.53756e-08 4.53805e-08 3.52623e-08 2.64833e-08 2.0476e-08 1.71679e-08 1.52843e-08 1.37243e-08 1.2055e-08 1.02497e-08 8.41983e-09 6.68756e-09 5.14169e-09 3.82907e-09 2.75869e-09 1.90986e-09 1.24076e-09 6.91136e-10 2.17356e-10 2.17356e-10 
2.56077e-10 6.70814e-10 1.13516e-09 1.69959e-09 2.40159e-09 3.24229e-09 4.18414e-09 5.17319e-09 6.17909e-09 7.23516e-09 8.4449e-09 9.92654e-09 1.17283e-08 1.3795e-08 1.60221e-08 1.83851e-08 2.10945e-08 2.46011e-08 2.95132e-08 3.65183e-08 4.62393e-08 5.87356e-08 7.29541e-08 8.69947e-08 9.89619e-08 1.07249e-07 1.09742e-07 1.04564e-07 9.23897e-08 7.71772e-08 6.33824e-08 5.25412e-08 4.33012e-08 3.41647e-08 2.53495e-08 1.89566e-08 1.64231e-08 1.61572e-08 1.59683e-08 1.50588e-08 1.347e-08 1.14806e-08 9.37144e-09 7.35533e-09 5.56541e-09 4.0641e-09 2.85776e-09 1.91247e-09 1.16585e-09 5.3755e-10 1.00765e-10 
5.77083e-10 1.14025e-09 1.80922e-09 2.65055e-09 3.69465e-09 4.91417e-09 6.22628e-09 7.52842e-09 8.75759e-09 9.94324e-09 1.11963e-08 1.26058e-08 1.41319e-08 1.56321e-08 1.70441e-08 1.86056e-08 2.08724e-08 2.46019e-08 3.06031e-08 3.95949e-08 5.19559e-08 6.71834e-08 8.37285e-08 9.93858e-08 1.11751e-07 1.18358e-07 1.16677e-07 1.059e-07 8.87392e-08 7.0355e-08 5.49838e-08 4.35043e-08 3.4132e-08 2.50013e-08 1.6743e-08 1.32015e-08 1.49049e-08 1.71679e-08 1.79247e-08 1.71479e-08 1.53139e-08 1.29307e-08 1.04071e-08 8.02513e-09 5.94789e-09 4.24046e-09 2.89437e-09 1.85147e-09 1.01819e-09 3.21865e-10 3.21865e-10 
3.96659e-10 1.06745e-09 1.85406e-09 2.84098e-09 4.09905e-09 5.63628e-09 7.37042e-09 9.13937e-09 1.0759e-08 1.21152e-08 1.32344e-08 1.4242e-08 1.52018e-08 1.60221e-08 1.66127e-08 1.71751e-08 1.82815e-08 2.07926e-08 2.56679e-08 3.37255e-08 4.55273e-08 6.11273e-08 7.96252e-08 9.91551e-08 1.16919e-07 1.29459e-07 1.33321e-07 1.26183e-07 1.09176e-07 8.71577e-08 6.59366e-08 4.91916e-08 3.71504e-08 2.74577e-08 1.76457e-08 9.40124e-09 1.07664e-08 1.64231e-08 1.99971e-08 2.09467e-08 1.98591e-08 1.74915e-08 1.452e-08 1.14579e-08 8.64142e-09 6.24863e-09 4.33092e-09 2.84998e-09 1.70937e-09 7.81616e-10 1.50684e-10 
8.85463e-10 1.80434e-09 2.94252e-09 4.41603e-09 6.28817e-09 8.5155e-09 1.09148e-08 1.31886e-08 1.50246e-08 1.62453e-08 1.69051e-08 1.72024e-08 1.72531e-08 1.70441e-08 1.67019e-08 1.66819e-08 1.78126e-08 2.11952e-08 2.77975e-08 3.83291e-08 5.3248e-08 7.24563e-08 9.48197e-08 1.17855e-07 1.37446e-07 1.48705e-07 1.47732e-07 1.33685e-07 1.10412e-07 8.4406e-08 6.14278e-08 4.43201e-08 3.26262e-08 2.29389e-08 1.22729e-08 5.3447e-09 1.32015e-08 2.0476e-08 2.42595e-08 2.48367e-08 2.3066e-08 1.98965e-08 1.61527e-08 1.24431e-08 9.14397e-09 6.42795e-09 4.31129e-09 2.7075e-09 1.46697e-09 4.66966e-10 4.66966e-10 
5.85835e-10 1.62784e-09 2.9201e-09 4.60328e-09 6.80739e-09 9.56164e-09 1.27171e-08 1.59109e-08 1.86246e-08 2.03666e-08 2.09244e-08 2.05021e-08 1.95453e-08 1.83851e-08 1.71751e-08 1.6134e-08 1.58514e-08 1.74414e-08 2.2104e-08 3.06406e-08 4.37236e-08 6.18629e-08 8.48945e-08 1.11193e-07 1.36921e-07 1.56242e-07 1.63414e-07 1.55507e-07 1.34417e-07 1.06328e-07 7.8289e-08 5.53111e-08 3.9509e-08 2.94747e-08 2.03328e-08 1.00743e-08 9.40124e-09 1.89566e-08 2.62926e-08 2.96621e-08 2.94379e-08 2.66368e-08 2.24009e-08 1.77139e-08 1.32731e-08 9.47324e-09 6.45159e-09 4.16263e-09 2.4506e-09 1.11034e-09 2.21031e-10 
1.2954e-09 2.73783e-09 4.61564e-09 7.13059e-09 1.04082e-08 1.43889e-08 1.87218e-08 2.27363e-08 2.55801e-08 2.65663e-08 2.56029e-08 2.33588e-08 2.08322e-08 1.86056e-08 1.66819e-08 1.51604e-08 1.48857e-08 1.72697e-08 2.33467e-08 3.37357e-08 4.92445e-08 7.04438e-08 9.67696e-08 1.25396e-07 1.50787e-07 1.66233e-07 1.66761e-07 1.51828e-07 1.25824e-07 9.58692e-08 6.83743e-08 4.74756e-08 3.50158e-08 2.75723e-08 1.94821e-08 1.22729e-08 1.6743e-08 2.64833e-08 3.34665e-08 3.60337e-08 3.46039e-08 3.04108e-08 2.48463e-08 1.90719e-08 1.38574e-08 9.57773e-09 6.29505e-09 3.87169e-09 2.06329e-09 6.62301e-10 6.62301e-10 
8.22351e-10 2.36876e-09 4.41197e-09 7.19448e-09 1.09549e-08 1.57677e-08 2.13784e-08 2.70676e-08 3.16689e-08 3.38912e-08 3.29795e-08 2.94058e-08 2.48789e-08 2.10945e-08 1.82815e-08 1.58514e-08 1.3968e-08 1.39431e-08 1.72754e-08 2.46051e-08 3.65618e-08 5.41078e-08 7.74081e-08 1.04764e-07 1.31881e-07 1.52625e-07 1.61291e-07 1.55129e-07 1.35768e-07 1.08625e-07 8.0195e-08 5.56481e-08 3.92125e-08 3.17028e-08 2.6927e-08 2.03328e-08 1.76457e-08 2.53495e-08 3.53942e-08 4.18677e-08 4.32465e-08 4.01543e-08 3.41809e-08 2.70437e-08 2.00885e-08 1.41155e-08 9.42164e-09 5.94624e-09 3.42936e-09 1.53867e-09 3.1689e-10 
1.80181e-09 3.96641e-09 6.94705e-09 1.11058e-08 1.66898e-08 2.36206e-08 3.12536e-08 3.82345e-08 4.26717e-08 4.2858e-08 3.84669e-08 3.14319e-08 2.50408e-08 2.08724e-08 1.78126e-08 1.48857e-08 1.27309e-08 1.31223e-08 1.72643e-08 2.54729e-08 3.85345e-08 5.70465e-08 8e-08 1.04429e-07 1.25732e-07 1.39039e-07 1.40913e-07 1.30611e-07 1.10704e-07 8.61209e-08 6.17722e-08 4.23902e-08 3.25856e-08 3.04542e-08 2.75723e-08 2.29389e-08 2.50013e-08 3.52623e-08 4.57319e-08 5.14542e-08 5.11364e-08 4.58386e-08 3.7685e-08 2.87845e-08 2.06356e-08 1.39902e-08 8.99056e-09 5.40484e-09 2.82925e-09 9.16509e-10 9.16509e-10 
1.09559e-09 3.27987e-09 6.36596e-09 1.07883e-08 1.70003e-08 2.51784e-08 3.48847e-08 4.47468e-08 5.23993e-08 5.50675e-08 5.10637e-08 4.16603e-08 3.14134e-08 2.46011e-08 2.07926e-08 1.74414e-08 1.39431e-08 1.15951e-08 1.23567e-08 1.69325e-08 2.55791e-08 3.88439e-08 5.61859e-08 7.54788e-08 9.36297e-08 1.07241e-07 1.13495e-07 1.10845e-07 9.96328e-08 8.23447e-08 6.25521e-08 4.38826e-08 3.14967e-08 2.9932e-08 3.17028e-08 2.94747e-08 2.74577e-08 3.41647e-08 4.67903e-08 5.76347e-08 6.21481e-08 5.94409e-08 5.13138e-08 4.06154e-08 2.9864e-08 2.06169e-08 1.34584e-08 8.29285e-09 4.67839e-09 2.07751e-09 4.42609e-10 
2.38009e-09 5.46943e-09 9.98291e-09 1.65878e-08 2.57919e-08 3.75163e-08 5.05767e-08 6.23407e-08 6.90247e-08 6.72085e-08 5.65441e-08 4.17573e-08 3.02246e-08 2.46019e-08 2.11952e-08 1.72697e-08 1.31223e-08 1.05595e-08 1.14365e-08 1.60722e-08 2.45585e-08 3.64948e-08 5.03451e-08 6.39771e-08 7.52419e-08 8.22584e-08 8.36974e-08 7.911e-08 6.92888e-08 5.61639e-08 4.19249e-08 2.9611e-08 2.6892e-08 3.25856e-08 3.50158e-08 3.26262e-08 3.4132e-08 4.53805e-08 6.0278e-08 7.12012e-08 7.37477e-08 6.77516e-08 5.61429e-08 4.26482e-08 3.01158e-08 1.99877e-08 1.2536e-08 7.35543e-09 3.77838e-09 1.23529e-09 1.23529e-09 
1.38572e-09 4.31587e-09 8.73977e-09 1.5433e-08 2.52752e-08 3.87049e-08 5.50005e-08 7.15619e-08 8.37844e-08 8.6348e-08 7.64659e-08 5.76538e-08 3.94267e-08 2.95132e-08 2.56679e-08 2.2104e-08 1.72754e-08 1.23567e-08 9.46611e-09 1.02373e-08 1.46253e-08 2.20619e-08 3.12762e-08 4.07282e-08 4.90075e-08 5.49433e-08 5.76225e-08 5.65455e-08 5.18723e-08 4.45552e-08 3.5847e-08 2.68118e-08 2.34378e-08 3.14967e-08 3.92125e-08 3.9509e-08 3.71504e-08 4.33012e-08 5.90193e-08 7.60354e-08 8.64052e-08 8.58465e-08 7.54863e-08 5.98251e-08 4.34952e-08 2.9448e-08 1.8767e-08 1.12738e-08 6.215e-09 2.73032e-09 6.00652e-10 
2.98719e-09 7.16608e-09 1.36355e-08 2.36023e-08 3.81254e-08 5.72627e-08 7.89141e-08 9.80315e-08 1.07396e-07 1.01101e-07 8.00667e-08 5.44021e-08 3.68478e-08 3.06031e-08 2.77975e-08 2.33467e-08 1.72643e-08 1.14365e-08 8.21579e-09 8.82736e-09 1.25981e-08 1.82613e-08 2.44611e-08 3.01702e-08 3.46178e-08 3.72098e-08 3.75576e-08 3.56356e-08 3.19725e-08 2.74978e-08 2.27031e-08 2.05641e-08 2.9611e-08 4.23902e-08 4.74756e-08 4.43201e-08 4.35043e-08 5.53756e-08 7.548e-08 9.43049e-08 1.02989e-07 9.77524e-08 8.19022e-08 6.18682e-08 4.29679e-08 2.78692e-08 1.70346e-08 9.74557e-09 4.90986e-09 1.61915e-09 1.61915e-09 
1.66685e-09 5.39822e-09 1.13888e-08 2.09486e-08 3.57239e-08 5.67826e-08 8.31269e-08 1.1001e-07 1.28646e-07 1.29435e-07 1.09158e-07 7.68591e-08 4.90857e-08 3.65183e-08 3.37255e-08 3.06406e-08 2.46051e-08 1.69325e-08 1.02373e-08 6.89451e-09 7.33753e-09 1.01987e-08 1.40339e-08 1.78285e-08 2.09882e-08 2.31071e-08 2.39112e-08 2.33231e-08 2.16312e-08 1.95876e-08 1.78777e-08 1.7852e-08 2.68118e-08 4.38826e-08 5.56481e-08 5.53111e-08 4.91916e-08 5.25412e-08 7.07593e-08 9.52012e-08 1.15181e-07 1.20302e-07 1.08442e-07 8.61834e-08 6.18976e-08 4.10325e-08 2.54924e-08 1.49156e-08 8.03112e-09 3.48952e-09 7.90471e-10 
3.5687e-09 8.91834e-09 1.76456e-08 3.17897e-08 5.34289e-08 8.31635e-08 1.17641e-07 1.47572e-07 1.59544e-07 1.44357e-07 1.07633e-07 6.87401e-08 4.53861e-08 3.95949e-08 3.83291e-08 3.37357e-08 2.54729e-08 1.60722e-08 8.82736e-09 5.64475e-09 5.9056e-09 7.86993e-09 1.02857e-08 1.24782e-08 1.41105e-08 1.49888e-08 1.50429e-08 1.44185e-08 1.36409e-08 1.34673e-08 1.48119e-08 2.27031e-08 4.19249e-08 6.17722e-08 6.83743e-08 6.14278e-08 5.49838e-08 6.5146e-08 8.9861e-08 1.18702e-07 1.38376e-07 1.37115e-07 1.16628e-07 8.76134e-08 5.97653e-08 3.78292e-08 2.25131e-08 1.25536e-08 6.20252e-09 2.06135e-09 2.06135e-09 
1.91227e-09 6.42788e-09 1.40735e-08 2.68736e-08 4.76508e-08 7.87066e-08 1.19099e-07 1.60905e-07 1.88111e-07 1.84002e-07 1.46958e-07 9.73701e-08 6.0188e-08 4.62393e-08 4.55273e-08 4.37236e-08 3.65618e-08 2.55791e-08 1.46253e-08 7.33753e-09 4.56369e-09 4.69414e-09 5.97179e-09 7.43888e-09 8.66544e-09 9.4787e-09 9.83005e-09 9.80306e-09 9.71887e-09 1.01478e-08 1.17867e-08 1.78777e-08 3.5847e-08 6.25521e-08 8.0195e-08 7.8289e-08 6.59366e-08 6.33824e-08 8.1852e-08 1.13311e-07 1.46432e-07 1.62803e-07 1.51567e-07 1.21005e-07 8.57849e-08 5.56085e-08 3.36482e-08 1.91697e-08 1.0083e-08 4.33349e-09 1.00767e-09 
4.06964e-09 1.05541e-08 2.1603e-08 4.03408e-08 7.04067e-08 1.13655e-07 1.65519e-07 2.10319e-07 2.24372e-07 1.94188e-07 1.36032e-07 8.3299e-08 5.60713e-08 5.19559e-08 5.3248e-08 4.92445e-08 3.85345e-08 2.45585e-08 1.25981e-08 5.9056e-09 3.72176e-09 3.79272e-09 4.60421e-09 5.48083e-09 6.17338e-09 6.63052e-09 6.91262e-09 7.21095e-09 7.86358e-09 9.3058e-09 1.34673e-08 2.74978e-08 5.61639e-08 8.61209e-08 9.58692e-08 8.4406e-08 7.0355e-08 7.59077e-08 1.03008e-07 1.42209e-07 1.78164e-07 1.86178e-07 1.6143e-07 1.20631e-07 8.07447e-08 4.98331e-08 2.88694e-08 1.56964e-08 7.61014e-09 2.54669e-09 2.54669e-09 
2.09964e-09 7.30489e-09 1.65034e-08 3.25188e-08 5.9669e-08 1.02162e-07 1.59844e-07 2.21038e-07 2.59032e-07 2.46219e-07 1.85616e-07 1.16329e-07 7.20301e-08 5.87356e-08 6.11273e-08 6.18629e-08 5.41078e-08 3.88439e-08 2.20619e-08 1.01987e-08 4.69414e-09 3.13113e-09 3.17305e-09 3.673e-09 4.19906e-09 4.6414e-09 5.03685e-09 5.50697e-09 6.23687e-09 7.45141e-09 1.01478e-08 1.95876e-08 4.45552e-08 8.23447e-08 1.08625e-07 1.06328e-07 8.71577e-08 7.71772e-08 9.31094e-08 1.29529e-07 1.77788e-07 2.11965e-07 2.05077e-07 1.64755e-07 1.15254e-07 7.30114e-08 4.30255e-08 2.38823e-08 1.22836e-08 5.22517e-09 1.24374e-09 
4.44471e-09 1.19031e-08 2.50321e-08 4.81254e-08 8.67521e-08 1.448e-07 2.17096e-07 2.80117e-07 2.95721e-07 2.45041e-07 1.61393e-07 9.62728e-08 6.83945e-08 6.71834e-08 7.24563e-08 7.04438e-08 5.70465e-08 3.64948e-08 1.82613e-08 7.86993e-09 3.79272e-09 2.7346e-09 2.733e-09 3.01917e-09 3.35769e-09 3.73684e-09 4.23521e-09 4.95979e-09 6.02009e-09 7.86358e-09 1.36409e-08 3.19725e-08 6.92888e-08 1.10704e-07 1.25824e-07 1.10412e-07 8.87392e-08 8.8404e-08 1.15141e-07 1.63544e-07 2.19928e-07 2.43481e-07 2.15856e-07 1.60551e-07 1.05432e-07 6.34599e-08 3.58204e-08 1.90166e-08 9.05983e-09 3.05161e-09 3.05161e-09 
2.21424e-09 7.94733e-09 1.84029e-08 3.71301e-08 6.99818e-08 1.2346e-07 1.99044e-07 2.81697e-07 3.31871e-07 3.07957e-07 2.20169e-07 1.31374e-07 8.34956e-08 7.29541e-08 7.96252e-08 8.48945e-08 7.74081e-08 5.61859e-08 3.12762e-08 1.40339e-08 5.97179e-09 3.17305e-09 2.43659e-09 2.3652e-09 2.51271e-09 2.78637e-09 3.2226e-09 3.8846e-09 4.82709e-09 6.23687e-09 9.71887e-09 2.16312e-08 5.18723e-08 9.96328e-08 1.35768e-07 1.34417e-07 1.09176e-07 9.23897e-08 1.04423e-07 1.43458e-07 2.07562e-07 2.64896e-07 2.66759e-07 2.15966e-07 1.49162e-07 9.24059e-08 5.31048e-08 2.87734e-08 1.45004e-08 6.1132e-09 1.48645e-09 
4.66474e-09 1.28313e-08 2.7509e-08 5.39935e-08 9.97192e-08 1.70981e-07 2.62959e-07 3.4466e-07 3.61752e-07 2.8954e-07 1.81092e-07 1.06639e-07 8.09681e-08 8.37285e-08 9.48197e-08 9.67696e-08 8e-08 5.03451e-08 2.44611e-08 1.02857e-08 4.60421e-09 2.733e-09 2.14984e-09 2.0029e-09 2.08836e-09 2.39841e-09 2.95946e-09 3.78841e-09 4.95979e-09 7.21095e-09 1.44185e-08 3.56356e-08 7.911e-08 1.30611e-07 1.51828e-07 1.33685e-07 1.059e-07 1.00361e-07 1.25353e-07 1.8188e-07 2.61001e-07 3.04884e-07 2.76451e-07 2.04912e-07 1.32205e-07 7.77592e-08 4.28706e-08 2.22813e-08 1.0455e-08 3.54559e-09 3.54559e-09 
2.24999e-09 8.30355e-09 1.95713e-08 4.00915e-08 7.69168e-08 1.38611e-07 2.28703e-07 3.30167e-07 3.91803e-07 3.58019e-07 2.46475e-07 1.42255e-07 9.37815e-08 8.69947e-08 9.91551e-08 1.11193e-07 1.04764e-07 7.54788e-08 4.07282e-08 1.78285e-08 7.43888e-09 3.673e-09 2.3652e-09 1.82654e-09 1.62945e-09 1.73971e-09 2.16633e-09 2.87865e-09 3.8846e-09 5.50697e-09 9.80306e-09 2.33231e-08 5.65455e-08 1.10845e-07 1.55129e-07 1.55507e-07 1.26183e-07 1.04564e-07 1.12941e-07 1.53902e-07 2.34005e-07 3.16855e-07 3.30671e-07 2.69934e-07 1.8446e-07 1.12068e-07 6.30122e-08 3.34382e-08 1.65626e-08 6.93552e-09 1.72077e-09 
4.71846e-09 1.32621e-08 2.876e-08 5.7109e-08 1.07024e-07 1.86803e-07 2.92717e-07 3.88934e-07 4.08046e-07 3.20229e-07 1.9461e-07 1.1521e-07 9.23687e-08 9.93858e-08 1.17855e-07 1.25396e-07 1.04429e-07 6.39771e-08 3.01702e-08 1.24782e-08 5.48083e-09 3.01917e-09 2.0029e-09 1.46175e-09 1.26862e-09 1.49867e-09 2.0884e-09 2.95946e-09 4.23521e-09 6.91262e-09 1.50429e-08 3.75576e-08 8.36974e-08 1.40913e-07 1.66761e-07 1.47732e-07 1.16677e-07 1.07536e-07 1.30884e-07 1.95751e-07 2.97318e-07 3.62841e-07 3.35529e-07 2.48333e-07 1.58003e-07 9.1203e-08 4.93238e-08 2.51964e-08 1.16832e-08 3.99374e-09 3.99374e-09 
2.20854e-09 8.35571e-09 1.99148e-08 4.10737e-08 7.94457e-08 1.44771e-07 2.42215e-07 3.54594e-07 4.24163e-07 3.85841e-07 2.61681e-07 1.50608e-07 1.03069e-07 9.89619e-08 1.16919e-07 1.36921e-07 1.31881e-07 9.36297e-08 4.90075e-08 2.09882e-08 8.66544e-09 4.19906e-09 2.51271e-09 1.62945e-09 1.08267e-09 9.79463e-10 1.41067e-09 2.16633e-09 3.2226e-09 5.03685e-09 9.83005e-09 2.39112e-08 5.76225e-08 1.13495e-07 1.61291e-07 1.63414e-07 1.33321e-07 1.09742e-07 1.15292e-07 1.58661e-07 2.54167e-07 3.60315e-07 3.86595e-07 3.18102e-07 2.15963e-07 1.2938e-07 7.15642e-08 3.73804e-08 1.82763e-08 7.62508e-09 1.93011e-09 
4.61085e-09 1.31807e-08 2.87039e-08 5.7157e-08 1.07601e-07 1.89204e-07 2.99446e-07 4.01823e-07 4.23659e-07 3.31772e-07 2.02148e-07 1.23353e-07 1.01734e-07 1.11751e-07 1.37446e-07 1.50787e-07 1.25732e-07 7.52419e-08 3.46178e-08 1.41105e-08 6.17338e-09 3.35769e-09 2.08836e-09 1.26862e-09 7.48658e-10 8.60627e-10 1.49867e-09 2.39841e-09 3.73684e-09 6.63052e-09 1.49888e-08 3.72098e-08 8.22584e-08 1.39039e-07 1.66233e-07 1.48705e-07 1.18358e-07 1.07615e-07 1.29744e-07 2.02858e-07 3.22977e-07 4.06306e-07 3.81477e-07 2.82737e-07 1.78528e-07 1.01825e-07 5.43568e-08 2.7439e-08 1.26273e-08 4.36004e-09 4.36004e-09 
2.09779e-09 8.11691e-09 1.94484e-08 4.00772e-08 7.74355e-08 1.41217e-07 2.37144e-07 3.495e-07 4.21429e-07 3.85931e-07 2.64208e-07 1.56875e-07 1.11085e-07 1.07249e-07 1.29459e-07 1.56242e-07 1.52625e-07 1.07241e-07 5.49433e-08 2.31071e-08 9.4787e-09 4.6414e-09 2.78637e-09 1.73971e-09 9.79463e-10 5.94188e-10 9.79463e-10 1.73971e-09 2.78637e-09 4.6414e-09 9.4787e-09 2.31071e-08 5.49433e-08 1.07241e-07 1.52625e-07 1.56242e-07 1.29459e-07 1.07249e-07 1.11085e-07 1.56875e-07 2.64208e-07 3.85931e-07 4.21429e-07 3.495e-07 2.37144e-07 1.41217e-07 7.74355e-08 4.00772e-08 1.94484e-08 8.11691e-09 2.09779e-09 
4.36004e-09 1.26273e-08 2.7439e-08 5.43568e-08 1.01825e-07 1.78528e-07 2.82737e-07 3.81477e-07 4.06306e-07 3.22977e-07 2.02858e-07 1.29744e-07 1.07615e-07 1.18358e-07 1.48705e-07 1.66233e-07 1.39039e-07 8.22584e-08 3.72098e-08 1.49888e-08 6.63052e-09 3.73684e-09 2.39841e-09 1.49867e-09 8.60627e-10 7.48658e-10 1.26862e-09 2.08836e-09 3.35769e-09 6.17338e-09 1.41105e-08 3.46178e-08 7.52419e-08 1.25732e-07 1.50787e-07 1.37446e-07 1.11751e-07 1.01734e-07 1.23353e-07 2.02148e-07 3.31772e-07 4.23659e-07 4.01823e-07 2.99446e-07 1.89204e-07 1.07601e-07 5.7157e-08 2.87039e-08 1.31807e-08 4.61085e-09 4.61085e-09 
1.93011e-09 7.62508e-09 1.82763e-08 3.73804e-08 7.15642e-08 1.2938e-07 2.15963e-07 3.18102e-07 3.86595e-07 3.60315e-07 2.54167e-07 1.58661e-07 1.15292e-07 1.09742e-07 1.33321e-07 1.63414e-07 1.61291e-07 1.13495e-07 5.76225e-08 2.39112e-08 9.83005e-09 5.03685e-09 3.2226e-09 2.16633e-09 1.41067e-09 9.79463e-10 1.08267e-09 1.62945e-09 2.51271e-09 4.19906e-09 8.66544e-09 2.09882e-08 4.90075e-08 9.36297e-08 1.31881e-07 1.36921e-07 1.16919e-07 9.89619e-08 1.03069e-07 1.50608e-07 2.61681e-07 3.85841e-07 4.24163e-07 3.54594e-07 2.42215e-07 1.44771e-07 7.94457e-08 4.10737e-08 1.99148e-08 8.35571e-09 2.20854e-09 
3.99374e-09 1.16832e-08 2.51964e-08 4.93238e-08 9.1203e-08 1.58003e-07 2.48333e-07 3.35529e-07 3.62841e-07 2.97318e-07 1.95751e-07 1.30884e-07 1.07536e-07 1.16677e-07 1.47732e-07 1.66761e-07 1.40913e-07 8.36974e-08 3.75576e-08 1.50429e-08 6.91262e-09 4.23521e-09 2.95946e-09 2.0884e-09 1.49867e-09 1.26862e-09 1.46175e-09 2.0029e-09 3.01917e-09 5.48083e-09 1.24782e-08 3.01702e-08 6.39771e-08 1.04429e-07 1.25396e-07 1.17855e-07 9.93858e-08 9.23687e-08 1.1521e-07 1.9461e-07 3.20229e-07 4.08046e-07 3.88934e-07 2.92717e-07 1.86803e-07 1.07024e-07 5.7109e-08 2.876e-08 1.32621e-08 4.71846e-09 4.71846e-09 
1.72077e-09 6.93552e-09 1.65626e-08 3.34382e-08 6.30122e-08 1.12068e-07 1.8446e-07 2.69934e-07 3.30671e-07 3.16855e-07 2.34005e-07 1.53902e-07 1.12941e-07 1.04564e-07 1.26183e-07 1.55507e-07 1.55129e-07 1.10845e-07 5.65455e-08 2.33231e-08 9.80306e-09 5.50697e-09 3.8846e-09 2.87865e-09 2.16633e-09 1.73971e-09 1.62945e-09 1.82654e-09 2.3652e-09 3.673e-09 7.43888e-09 1.78285e-08 4.07282e-08 7.54788e-08 1.04764e-07 1.11193e-07 9.91551e-08 8.69947e-08 9.37815e-08 1.42255e-07 2.46475e-07 3.58019e-07 3.91803e-07 3.30167e-07 2.28703e-07 1.38611e-07 7.69168e-08 4.00915e-08 1.95713e-08 8.30355e-09 2.24999e-09 
3.54559e-09 1.0455e-08 2.22813e-08 4.28706e-08 7.77592e-08 1.32205e-07 2.04912e-07 2.76451e-07 3.04884e-07 2.61001e-07 1.8188e-07 1.25353e-07 1.00361e-07 1.059e-07 1.33685e-07 1.51828e-07 1.30611e-07 7.911e-08 3.56356e-08 1.44185e-08 7.21095e-09 4.95979e-09 3.78841e-09 2.95946e-09 2.39841e-09 2.08836e-09 2.0029e-09 2.14984e-09 2.733e-09 4.60421e-09 1.02857e-08 2.44611e-08 5.03451e-08 8e-08 9.67696e-08 9.48197e-08 8.37285e-08 8.09681e-08 1.06639e-07 1.81092e-07 2.8954e-07 3.61752e-07 3.4466e-07 2.62959e-07 1.70981e-07 9.97192e-08 5.39935e-08 2.7509e-08 1.28313e-08 4.66474e-09 4.66474e-09 
1.48645e-09 6.1132e-09 1.45004e-08 2.87734e-08 5.31048e-08 9.24059e-08 1.49162e-07 2.15966e-07 2.66759e-07 2.64896e-07 2.07562e-07 1.43458e-07 1.04423e-07 9.23897e-08 1.09176e-07 1.34417e-07 1.35768e-07 9.96328e-08 5.18723e-08 2.16312e-08 9.71887e-09 6.23687e-09 4.82709e-09 3.8846e-09 3.2226e-09 2.78637e-09 2.51271e-09 2.3652e-09 2.43659e-09 3.17305e-09 5.97179e-09 1.40339e-08 3.12762e-08 5.61859e-08 7.74081e-08 8.48945e-08 7.96252e-08 7.29541e-08 8.34956e-08 1.31374e-07 2.20169e-07 3.07957e-07 3.31871e-07 2.81697e-07 1.99044e-07 1.2346e-07 6.99818e-08 3.71301e-08 1.84029e-08 7.94733e-09 2.21424e-09 
3.05161e-09 9.05983e-09 1.90166e-08 3.58204e-08 6.34599e-08 1.05432e-07 1.60551e-07 2.15856e-07 2.43481e-07 2.19928e-07 1.63544e-07 1.15141e-07 8.8404e-08 8.87392e-08 1.10412e-07 1.25824e-07 1.10704e-07 6.92888e-08 3.19725e-08 1.36409e-08 7.86358e-09 6.02009e-09 4.95979e-09 4.23521e-09 3.73684e-09 3.35769e-09 3.01917e-09 2.733e-09 2.7346e-09 3.79272e-09 7.86993e-09 1.82613e-08 3.64948e-08 5.70465e-08 7.04438e-08 7.24563e-08 6.71834e-08 6.83945e-08 9.62728e-08 1.61393e-07 2.45041e-07 2.95721e-07 2.80117e-07 2.17096e-07 1.448e-07 8.67521e-08 4.81254e-08 2.50321e-08 1.19031e-08 4.44471e-09 4.44471e-09 
1.24374e-09 5.22517e-09 1.22836e-08 2.38823e-08 4.30255e-08 7.30114e-08 1.15254e-07 1.64755e-07 2.05077e-07 2.11965e-07 1.77788e-07 1.29529e-07 9.31094e-08 7.71772e-08 8.71577e-08 1.06328e-07 1.08625e-07 8.23447e-08 4.45552e-08 1.95876e-08 1.01478e-08 7.45141e-09 6.23687e-09 5.50697e-09 5.03685e-09 4.6414e-09 4.19906e-09 3.673e-09 3.17305e-09 3.13113e-09 4.69414e-09 1.01987e-08 2.20619e-08 3.88439e-08 5.41078e-08 6.18629e-08 6.11273e-08 5.87356e-08 7.20301e-08 1.16329e-07 1.85616e-07 2.46219e-07 2.59032e-07 2.21038e-07 1.59844e-07 1.02162e-07 5.9669e-08 3.25188e-08 1.65034e-08 7.30489e-09 2.09964e-09 
2.54669e-09 7.61014e-09 1.56964e-08 2.88694e-08 4.98331e-08 8.07447e-08 1.20631e-07 1.6143e-07 1.86178e-07 1.78164e-07 1.42209e-07 1.03008e-07 7.59077e-08 7.0355e-08 8.4406e-08 9.58692e-08 8.61209e-08 5.61639e-08 2.74978e-08 1.34673e-08 9.3058e-09 7.86358e-09 7.21095e-09 6.91262e-09 6.63052e-09 6.17338e-09 5.48083e-09 4.60421e-09 3.79272e-09 3.72176e-09 5.9056e-09 1.25981e-08 2.45585e-08 3.85345e-08 4.92445e-08 5.3248e-08 5.19559e-08 5.60713e-08 8.3299e-08 1.36032e-07 1.94188e-07 2.24372e-07 2.10319e-07 1.65519e-07 1.13655e-07 7.04067e-08 4.03408e-08 2.1603e-08 1.05541e-08 4.06964e-09 4.06964e-09 
1.00767e-09 4.33349e-09 1.0083e-08 1.91697e-08 3.36482e-08 5.56085e-08 8.57849e-08 1.21005e-07 1.51567e-07 1.62803e-07 1.46432e-07 1.13311e-07 8.1852e-08 6.33824e-08 6.59366e-08 7.8289e-08 8.0195e-08 6.25521e-08 3.5847e-08 1.78777e-08 1.17867e-08 1.01478e-08 9.71887e-09 9.80306e-09 9.83005e-09 9.4787e-09 8.66544e-09 7.43888e-09 5.97179e-09 4.69414e-09 4.56369e-09 7.33753e-09 1.46253e-08 2.55791e-08 3.65618e-08 4.37236e-08 4.55273e-08 4.62393e-08 6.0188e-08 9.73701e-08 1.46958e-07 1.84002e-07 1.88111e-07 1.60905e-07 1.19099e-07 7.87066e-08 4.76508e-08 2.68736e-08 1.40735e-08 6.42788e-09 1.91227e-09 
2.06135e-09 6.20252e-09 1.25536e-08 2.25131e-08 3.78292e-08 5.97653e-08 8.76134e-08 1.16628e-07 1.37115e-07 1.38376e-07 1.18702e-07 8.9861e-08 6.5146e-08 5.49838e-08 6.14278e-08 6.83743e-08 6.17722e-08 4.19249e-08 2.27031e-08 1.48119e-08 1.34673e-08 1.36409e-08 1.44185e-08 1.50429e-08 1.49888e-08 1.41105e-08 1.24782e-08 1.02857e-08 7.86993e-09 5.9056e-09 5.64475e-09 8.82736e-09 1.60722e-08 2.54729e-08 3.37357e-08 3.83291e-08 3.95949e-08 4.53861e-08 6.87401e-08 1.07633e-07 1.44357e-07 1.59544e-07 1.47572e-07 1.17641e-07 8.31635e-08 5.34289e-08 3.17897e-08 1.76456e-08 8.91834e-09 3.5687e-09 3.5687e-09 
7.90471e-10 3.48952e-09 8.03112e-09 1.49156e-08 2.54924e-08 4.10325e-08 6.18976e-08 8.61834e-08 1.08442e-07 1.20302e-07 1.15181e-07 9.52012e-08 7.07593e-08 5.25412e-08 4.91916e-08 5.53111e-08 5.56481e-08 4.38826e-08 2.68118e-08 1.7852e-08 1.78777e-08 1.95876e-08 2.16312e-08 2.33231e-08 2.39112e-08 2.31071e-08 2.09882e-08 1.78285e-08 1.40339e-08 1.01987e-08 7.33753e-09 6.89451e-09 1.02373e-08 1.69325e-08 2.46051e-08 3.06406e-08 3.37255e-08 3.65183e-08 4.90857e-08 7.68591e-08 1.09158e-07 1.29435e-07 1.28646e-07 1.1001e-07 8.31269e-08 5.67826e-08 3.57239e-08 2.09486e-08 1.13888e-08 5.39822e-09 1.66685e-09 
1.61915e-09 4.90986e-09 9.74557e-09 1.70346e-08 2.78692e-08 4.29679e-08 6.18682e-08 8.19022e-08 9.77524e-08 1.02989e-07 9.43049e-08 7.548e-08 5.53756e-08 4.35043e-08 4.43201e-08 4.74756e-08 4.23902e-08 2.9611e-08 2.05641e-08 2.27031e-08 2.74978e-08 3.19725e-08 3.56356e-08 3.75576e-08 3.72098e-08 3.46178e-08 3.01702e-08 2.44611e-08 1.82613e-08 1.25981e-08 8.82736e-09 8.21579e-09 1.14365e-08 1.72643e-08 2.33467e-08 2.77975e-08 3.06031e-08 3.68478e-08 5.44021e-08 8.00667e-08 1.01101e-07 1.07396e-07 9.80315e-08 7.89141e-08 5.72627e-08 3.81254e-08 2.36023e-08 1.36355e-08 7.16608e-09 2.98719e-09 2.98719e-09 
6.00652e-10 2.73032e-09 6.215e-09 1.12738e-08 1.8767e-08 2.9448e-08 4.34952e-08 5.98251e-08 7.54863e-08 8.58465e-08 8.64052e-08 7.60354e-08 5.90193e-08 4.33012e-08 3.71504e-08 3.9509e-08 3.92125e-08 3.14967e-08 2.34378e-08 2.68118e-08 3.5847e-08 4.45552e-08 5.18723e-08 5.65455e-08 5.76225e-08 5.49433e-08 4.90075e-08 4.07282e-08 3.12762e-08 2.20619e-08 1.46253e-08 1.02373e-08 9.46611e-09 1.23567e-08 1.72754e-08 2.2104e-08 2.56679e-08 2.95132e-08 3.94267e-08 5.76538e-08 7.64659e-08 8.6348e-08 8.37844e-08 7.15619e-08 5.50005e-08 3.87049e-08 2.52752e-08 1.5433e-08 8.73977e-09 4.31587e-09 1.38572e-09 
1.23529e-09 3.77838e-09 7.35543e-09 1.2536e-08 1.99877e-08 3.01158e-08 4.26482e-08 5.61429e-08 6.77516e-08 7.37477e-08 7.12012e-08 6.0278e-08 4.53805e-08 3.4132e-08 3.26262e-08 3.50158e-08 3.25856e-08 2.6892e-08 2.9611e-08 4.19249e-08 5.61639e-08 6.92888e-08 7.911e-08 8.36974e-08 8.22584e-08 7.52419e-08 6.39771e-08 5.03451e-08 3.64948e-08 2.45585e-08 1.60722e-08 1.14365e-08 1.05595e-08 1.31223e-08 1.72697e-08 2.11952e-08 2.46019e-08 3.02246e-08 4.17573e-08 5.65441e-08 6.72085e-08 6.90247e-08 6.23407e-08 5.05767e-08 3.75163e-08 2.57919e-08 1.65878e-08 9.98291e-09 5.46943e-09 2.38009e-09 2.38009e-09 
4.42609e-10 2.07751e-09 4.67839e-09 8.29285e-09 1.34584e-08 2.06169e-08 2.9864e-08 4.06154e-08 5.13138e-08 5.94409e-08 6.21481e-08 5.76347e-08 4.67903e-08 3.41647e-08 2.74577e-08 2.94747e-08 3.17028e-08 2.9932e-08 3.14967e-08 4.38826e-08 6.25521e-08 8.23447e-08 9.96328e-08 1.10845e-07 1.13495e-07 1.07241e-07 9.36297e-08 7.54788e-08 5.61859e-08 3.88439e-08 2.55791e-08 1.69325e-08 1.23567e-08 1.15951e-08 1.39431e-08 1.74414e-08 2.07926e-08 2.46011e-08 3.14134e-08 4.16603e-08 5.10637e-08 5.50675e-08 5.23993e-08 4.47468e-08 3.48847e-08 2.51784e-08 1.70003e-08 1.07883e-08 6.36596e-09 3.27987e-09 1.09559e-09 
9.16509e-10 2.82925e-09 5.40484e-09 8.99056e-09 1.39902e-08 2.06356e-08 2.87845e-08 3.7685e-08 4.58386e-08 5.11364e-08 5.14542e-08 4.57319e-08 3.52623e-08 2.50013e-08 2.29389e-08 2.75723e-08 3.04542e-08 3.25856e-08 4.23902e-08 6.17722e-08 8.61209e-08 1.10704e-07 1.30611e-07 1.40913e-07 1.39039e-07 1.25732e-07 1.04429e-07 8e-08 5.70465e-08 3.85345e-08 2.54729e-08 1.72643e-08 1.31223e-08 1.27309e-08 1.48857e-08 1.78126e-08 2.08724e-08 2.50408e-08 3.14319e-08 3.84669e-08 4.2858e-08 4.26717e-08 3.82345e-08 3.12536e-08 2.36206e-08 1.66898e-08 1.11058e-08 6.94705e-09 3.96641e-09 1.80181e-09 1.80181e-09 
3.1689e-10 1.53867e-09 3.42936e-09 5.94624e-09 9.42164e-09 1.41155e-08 2.00885e-08 2.70437e-08 3.41809e-08 4.01543e-08 4.32465e-08 4.18677e-08 3.53942e-08 2.53495e-08 1.76457e-08 2.03328e-08 2.6927e-08 3.17028e-08 3.92125e-08 5.56481e-08 8.0195e-08 1.08625e-07 1.35768e-07 1.55129e-07 1.61291e-07 1.52625e-07 1.31881e-07 1.04764e-07 7.74081e-08 5.41078e-08 3.65618e-08 2.46051e-08 1.72754e-08 1.39431e-08 1.3968e-08 1.58514e-08 1.82815e-08 2.10945e-08 2.48789e-08 2.94058e-08 3.29795e-08 3.38912e-08 3.16689e-08 2.70676e-08 2.13784e-08 1.57677e-08 1.09549e-08 7.19448e-09 4.41197e-09 2.36876e-09 8.22351e-10 
6.62301e-10 2.06329e-09 3.87169e-09 6.29505e-09 9.57773e-09 1.38574e-08 1.90719e-08 2.48463e-08 3.04108e-08 3.46039e-08 3.60337e-08 3.34665e-08 2.64833e-08 1.6743e-08 1.22729e-08 1.94821e-08 2.75723e-08 3.50158e-08 4.74756e-08 6.83743e-08 9.58692e-08 1.25824e-07 1.51828e-07 1.66761e-07 1.66233e-07 1.50787e-07 1.25396e-07 9.67696e-08 7.04438e-08 4.92445e-08 3.37357e-08 2.33467e-08 1.72697e-08 1.48857e-08 1.51604e-08 1.66819e-08 1.86056e-08 2.08322e-08 2.33588e-08 2.56029e-08 2.65663e-08 2.55801e-08 2.27363e-08 1.87218e-08 1.43889e-08 1.04082e-08 7.13059e-09 4.61564e-09 2.73783e-09 1.2954e-09 1.2954e-09 
2.21031e-10 1.11034e-09 2.4506e-09 4.16263e-09 6.45159e-09 9.47324e-09 1.32731e-08 1.77139e-08 2.24009e-08 2.66368e-08 2.94379e-08 2.96621e-08 2.62926e-08 1.89566e-08 9.40124e-09 1.00743e-08 2.03328e-08 2.94747e-08 3.9509e-08 5.53111e-08 7.8289e-08 1.06328e-07 1.34417e-07 1.55507e-07 1.63414e-07 1.56242e-07 1.36921e-07 1.11193e-07 8.48945e-08 6.18629e-08 4.37236e-08 3.06406e-08 2.2104e-08 1.74414e-08 1.58514e-08 1.6134e-08 1.71751e-08 1.83851e-08 1.95453e-08 2.05021e-08 2.09244e-08 2.03666e-08 1.86246e-08 1.59109e-08 1.27171e-08 9.56164e-09 6.80739e-09 4.60328e-09 2.9201e-09 1.62784e-09 5.85835e-10 
4.66966e-10 1.46697e-09 2.7075e-09 4.31129e-09 6.42795e-09 9.14397e-09 1.24431e-08 1.61527e-08 1.98965e-08 2.3066e-08 2.48367e-08 2.42595e-08 2.0476e-08 1.32015e-08 5.3447e-09 1.22729e-08 2.29389e-08 3.26262e-08 4.43201e-08 6.14278e-08 8.4406e-08 1.10412e-07 1.33685e-07 1.47732e-07 1.48705e-07 1.37446e-07 1.17855e-07 9.48197e-08 7.24563e-08 5.3248e-08 3.83291e-08 2.77975e-08 2.11952e-08 1.78126e-08 1.66819e-08 1.67019e-08 1.70441e-08 1.72531e-08 1.72024e-08 1.69051e-08 1.62453e-08 1.50246e-08 1.31886e-08 1.09148e-08 8.5155e-09 6.28817e-09 4.41603e-09 2.94252e-09 1.80434e-09 8.85463e-10 8.85463e-10 
1.50684e-10 7.81616e-10 1.70937e-09 2.84998e-09 4.33092e-09 6.24863e-09 8.64142e-09 1.14579e-08 1.452e-08 1.74915e-08 1.98591e-08 2.09467e-08 1.99971e-08 1.64231e-08 1.07664e-08 9.40124e-09 1.76457e-08 2.74577e-08 3.71504e-08 4.91916e-08 6.59366e-08 8.71577e-08 1.09176e-07 1.26183e-07 1.33321e-07 1.29459e-07 1.16919e-07 9.91551e-08 7.96252e-08 6.11273e-08 4.55273e-08 3.37255e-08 2.56679e-08 2.07926e-08 1.82815e-08 1.71751e-08 1.66127e-08 1.60221e-08 1.52018e-08 1.4242e-08 1.32344e-08 1.21152e-08 1.0759e-08 9.13937e-09 7.37042e-09 5.63628e-09 4.09905e-09 2.84098e-09 1.85406e-09 1.06745e-09 3.96659e-10 
3.21865e-10 1.01819e-09 1.85147e-09 2.89437e-09 4.24046e-09 5.94789e-09 8.02513e-09 1.04071e-08 1.29307e-08 1.53139e-08 1.71479e-08 1.79247e-08 1.71679e-08 1.49049e-08 1.32015e-08 1.6743e-08 2.50013e-08 3.4132e-08 4.35043e-08 5.49838e-08 7.0355e-08 8.87392e-08 1.059e-07 1.16677e-07 1.18358e-07 1.11751e-07 9.93858e-08 8.37285e-08 6.71834e-08 5.19559e-08 3.95949e-08 3.06031e-08 2.46019e-08 2.08724e-08 1.86056e-08 1.70441e-08 1.56321e-08 1.41319e-08 1.26058e-08 1.11963e-08 9.94324e-09 8.75759e-09 7.52842e-09 6.22628e-09 4.91417e-09 3.69465e-09 2.65055e-09 1.80922e-09 1.14025e-09 5.77083e-10 5.77083e-10 
1.00765e-10 5.3755e-10 1.16585e-09 1.91247e-09 2.85776e-09 4.0641e-09 5.56541e-09 7.35533e-09 9.37144e-09 1.14806e-08 1.347e-08 1.50588e-08 1.59683e-08 1.61572e-08 1.64231e-08 1.89566e-08 2.53495e-08 3.41647e-08 4.33012e-08 5.25412e-08 6.33824e-08 7.71772e-08 9.23897e-08 1.04564e-07 1.09742e-07 1.07249e-07 9.89619e-08 8.69947e-08 7.29541e-08 5.87356e-08 4.62393e-08 3.65183e-08 2.95132e-08 2.46011e-08 2.10945e-08 1.83851e-08 1.60221e-08 1.3795e-08 1.17283e-08 9.92654e-09 8.4449e-09 7.23516e-09 6.17909e-09 5.17319e-09 4.18414e-09 3.24229e-09 2.40159e-09 1.69959e-09 1.13516e-09 6.70814e-10 2.56077e-10 
2.17356e-10 6.91136e-10 1.24076e-09 1.90986e-09 2.75869e-09 3.82907e-09 5.14169e-09 6.68756e-09 8.41983e-09 1.02497e-08 1.2055e-08 1.37243e-08 1.52843e-08 1.71679e-08 2.0476e-08 2.64833e-08 3.52623e-08 4.53805e-08 5.53756e-08 6.5146e-08 7.59077e-08 8.8404e-08 1.00361e-07 1.07536e-07 1.07615e-07 1.01734e-07 9.23687e-08 8.09681e-08 6.83945e-08 5.60713e-08 4.53861e-08 3.68478e-08 3.02246e-08 2.50408e-08 2.08322e-08 1.72531e-08 1.41319e-08 1.14523e-08 9.24156e-09 7.4987e-09 6.16686e-09 5.13542e-09 4.27798e-09 3.50379e-09 2.78055e-09 2.12025e-09 1.54886e-09 1.07856e-09 6.94709e-10 3.60228e-10 3.60228e-10 
6.63405e-11 3.61923e-10 7.7923e-10 1.26125e-09 1.85962e-09 2.61673e-09 3.56297e-09 4.71454e-09 6.06989e-09 7.60979e-09 9.30678e-09 1.11576e-08 1.32627e-08 1.59683e-08 1.99971e-08 2.62926e-08 3.53942e-08 4.67903e-08 5.90193e-08 7.07593e-08 8.1852e-08 9.31094e-08 1.04423e-07 1.12941e-07 1.15292e-07 1.11085e-07 1.03069e-07 9.37815e-08 8.34956e-08 7.20301e-08 6.0188e-08 4.90857e-08 3.94267e-08 3.14134e-08 2.48789e-08 1.95453e-08 1.52018e-08 1.17283e-08 9.02589e-09 6.98462e-09 5.48342e-09 4.39162e-09 3.57505e-09 2.9177e-09 2.34551e-09 1.83063e-09 1.37565e-09 9.90663e-10 6.74098e-10 4.06325e-10 1.58409e-10 
1.44169e-10 4.59911e-10 8.17113e-10 1.24273e-09 1.77684e-09 2.45122e-09 3.29154e-09 4.31694e-09 5.54259e-09 6.98961e-09 8.71128e-09 1.0849e-08 1.37243e-08 1.79247e-08 2.42595e-08 3.34665e-08 4.57319e-08 6.0278e-08 7.548e-08 8.9861e-08 1.03008e-07 1.15141e-07 1.25353e-07 1.30884e-07 1.29744e-07 1.23353e-07 1.1521e-07 1.06639e-07 9.62728e-08 8.3299e-08 6.87401e-08 5.44021e-08 4.17573e-08 3.14319e-08 2.33588e-08 1.72024e-08 1.26058e-08 9.24156e-09 6.82237e-09 5.10925e-09 3.90983e-09 3.06685e-09 2.45106e-09 1.96613e-09 1.55506e-09 1.19561e-09 8.85923e-10 6.27065e-10 4.10677e-10 2.16692e-10 2.16692e-10 
4.31547e-11 2.39183e-10 5.11873e-10 8.20162e-10 1.19804e-09 1.67562e-09 2.27994e-09 3.03727e-09 3.97653e-09 5.13881e-09 6.59884e-09 8.50719e-09 1.11576e-08 1.50588e-08 2.09467e-08 2.96621e-08 4.18677e-08 5.76347e-08 7.60354e-08 9.52012e-08 1.13311e-07 1.29529e-07 1.43458e-07 1.53902e-07 1.58661e-07 1.56875e-07 1.50608e-07 1.42255e-07 1.31374e-07 1.16329e-07 9.73701e-08 7.68591e-08 5.76538e-08 4.16603e-08 2.94058e-08 2.05021e-08 1.4242e-08 9.92654e-09 6.98462e-09 4.99079e-09 3.64394e-09 2.73368e-09 2.10908e-09 1.66008e-09 1.31195e-09 1.02266e-09 7.75331e-10 5.65998e-10 3.90805e-10 2.38881e-10 9.45104e-11 
9.4199e-11 3.00947e-10 5.30608e-10 8.00494e-10 1.13816e-09 1.5686e-09 2.11828e-09 2.81891e-09 3.71571e-09 4.88473e-09 6.46518e-09 8.71128e-09 1.2055e-08 1.71479e-08 2.48367e-08 3.60337e-08 5.14542e-08 7.12012e-08 9.43049e-08 1.18702e-07 1.42209e-07 1.63544e-07 1.8188e-07 1.95751e-07 2.02858e-07 2.02148e-07 1.9461e-07 1.81092e-07 1.61393e-07 1.36032e-07 1.07633e-07 8.00667e-08 5.65441e-08 3.84669e-08 2.56029e-08 1.69051e-08 1.11963e-08 7.4987e-09 5.10925e-09 3.55947e-09 2.54831e-09 1.88223e-09 1.43284e-09 1.11333e-09 8.68349e-10 6.67865e-10 4.99368e-10 3.57904e-10 2.37269e-10 1.26554e-10 1.26554e-10 
2.78329e-11 1.55659e-10 3.31636e-10 5.27935e-10 7.67485e-10 1.07248e-09 1.46653e-09 1.97894e-09 2.65145e-09 3.5517e-09 4.79793e-09 6.59884e-09 9.30678e-09 1.347e-08 1.98591e-08 2.94379e-08 4.32465e-08 6.21481e-08 8.64052e-08 1.15181e-07 1.46432e-07 1.77788e-07 2.07562e-07 2.34005e-07 2.54167e-07 2.64208e-07 2.61681e-07 2.46475e-07 2.20169e-07 1.85616e-07 1.46958e-07 1.09158e-07 7.64659e-08 5.10637e-08 3.29795e-08 2.09244e-08 1.32344e-08 8.4449e-09 5.48342e-09 3.64394e-09 2.48918e-09 1.75496e-09 1.28035e-09 9.63945e-10 7.40665e-10 5.70834e-10 4.33451e-10 3.19221e-10 2.22798e-10 1.37393e-10 5.48121e-11 
6.08333e-11 1.9436e-10 3.41093e-10 5.12655e-10 7.28533e-10 1.00871e-09 1.37809e-09 1.87195e-09 2.54618e-09 3.49571e-09 4.88473e-09 6.98961e-09 1.02497e-08 1.53139e-08 2.3066e-08 3.46039e-08 5.11364e-08 7.37477e-08 1.02989e-07 1.38376e-07 1.78164e-07 2.19928e-07 2.61001e-07 2.97318e-07 3.22977e-07 3.31772e-07 3.20229e-07 2.8954e-07 2.45041e-07 1.94188e-07 1.44357e-07 1.01101e-07 6.72085e-08 4.2858e-08 2.65663e-08 1.62453e-08 9.94324e-09 6.16686e-09 3.90983e-09 2.54831e-09 1.71419e-09 1.19406e-09 8.62519e-10 6.43367e-10 4.89481e-10 3.73069e-10 2.79618e-10 2.02031e-10 1.35027e-10 7.23692e-11 7.23692e-11 
1.78551e-11 1.00133e-10 2.12769e-10 3.37831e-10 4.91155e-10 6.89477e-10 9.52986e-10 1.31004e-09 1.80468e-09 2.51026e-09 3.5517e-09 5.13881e-09 7.60979e-09 1.14806e-08 1.74915e-08 2.66368e-08 4.01543e-08 5.94409e-08 8.58465e-08 1.20302e-07 1.62803e-07 2.11965e-07 2.64896e-07 3.16855e-07 3.60315e-07 3.85931e-07 3.85841e-07 3.58019e-07 3.07957e-07 2.46219e-07 1.84002e-07 1.29435e-07 8.6348e-08 5.50675e-08 3.38912e-08 2.03666e-08 1.21152e-08 7.23516e-09 4.39162e-09 2.73368e-09 1.75496e-09 1.16629e-09 8.04609e-10 5.76504e-10 4.26633e-10 3.21701e-10 2.42549e-10 1.79141e-10 1.25864e-10 7.79606e-11 3.11781e-11 
3.89698e-11 1.24393e-10 2.17988e-10 3.27872e-10 4.68137e-10 6.54804e-10 9.09935e-10 1.26722e-09 1.78173e-09 2.54618e-09 3.71571e-09 5.54259e-09 8.41983e-09 1.29307e-08 1.98965e-08 3.04108e-08 4.58386e-08 6.77516e-08 9.77524e-08 1.37115e-07 1.86178e-07 2.43481e-07 3.04884e-07 3.62841e-07 4.06306e-07 4.23659e-07 4.08046e-07 3.61752e-07 2.95721e-07 2.24372e-07 1.59544e-07 1.07396e-07 6.90247e-08 4.26717e-08 2.55801e-08 1.50246e-08 8.75759e-09 5.13542e-09 3.06685e-09 1.88223e-09 1.19406e-09 7.85886e-10 5.3797e-10 3.82889e-10 2.81424e-10 2.10447e-10 1.56879e-10 1.13668e-10 7.62979e-11 4.08885e-11 4.08885e-11 
1.14277e-11 6.39312e-11 1.35751e-10 2.1584e-10 3.15351e-10 4.47064e-10 6.27804e-10 8.82806e-10 1.25261e-09 1.80468e-09 2.65145e-09 3.97653e-09 6.06989e-09 9.37144e-09 1.452e-08 2.24009e-08 3.41809e-08 5.13138e-08 7.54863e-08 1.08442e-07 1.51567e-07 2.05077e-07 2.66759e-07 3.30671e-07 3.86595e-07 4.21429e-07 4.24163e-07 3.91803e-07 3.31871e-07 2.59032e-07 1.88111e-07 1.28646e-07 8.37844e-08 5.23993e-08 3.16689e-08 1.86246e-08 1.0759e-08 6.17909e-09 3.57505e-09 2.10908e-09 1.28035e-09 8.04609e-10 5.25448e-10 3.57426e-10 2.52996e-10 1.84844e-10 1.37095e-10 1.0084e-10 7.10002e-11 4.40136e-11 1.75601e-11 
2.48548e-11 7.92301e-11 1.39085e-10 2.10272e-10 3.03128e-10 4.30401e-10 6.1073e-10 8.73546e-10 1.26722e-09 1.87195e-09 2.81891e-09 4.31694e-09 6.68756e-09 1.04071e-08 1.61527e-08 2.48463e-08 3.7685e-08 5.61429e-08 8.19022e-08 1.16628e-07 1.6143e-07 2.15856e-07 2.76451e-07 3.35529e-07 3.81477e-07 4.01823e-07 3.88934e-07 3.4466e-07 2.80117e-07 2.10319e-07 1.47572e-07 9.80315e-08 6.23407e-08 3.82345e-08 2.27363e-08 1.31886e-08 7.52842e-09 4.27798e-09 2.45106e-09 1.43284e-09 8.62519e-10 5.3797e-10 3.49105e-10 2.36266e-10 1.6649e-10 1.20983e-10 8.89324e-11 6.42283e-11 4.3136e-11 2.30366e-11 2.30366e-11 
7.31571e-12 4.06747e-11 8.64898e-11 1.38224e-10 2.03855e-10 2.93159e-10 4.19784e-10 6.04894e-10 8.82806e-10 1.31004e-09 1.97894e-09 3.03727e-09 4.71454e-09 7.35533e-09 1.14579e-08 1.77139e-08 2.70437e-08 4.06154e-08 5.98251e-08 8.61834e-08 1.21005e-07 1.64755e-07 2.15966e-07 2.69934e-07 3.18102e-07 3.495e-07 3.54594e-07 3.30167e-07 2.81697e-07 2.21038e-07 1.60905e-07 1.1001e-07 7.15619e-08 4.47468e-08 2.70676e-08 1.59109e-08 9.13937e-09 5.17319e-09 2.9177e-09 1.66008e-09 9.63945e-10 5.76504e-10 3.57426e-10 2.30766e-10 1.55553e-10 1.0922e-10 7.89425e-11 5.73797e-11 4.02815e-11 2.49218e-11 9.89153e-12 
1.58364e-11 5.04192e-11 8.89306e-11 1.35666e-10 1.9826e-10 2.86713e-10 4.16145e-10 6.1073e-10 9.09935e-10 1.37809e-09 2.11828e-09 3.29154e-09 5.14169e-09 8.02513e-09 1.24431e-08 1.90719e-08 2.87845e-08 4.26482e-08 6.18682e-08 8.76134e-08 1.20631e-07 1.60551e-07 2.04912e-07 2.48333e-07 2.82737e-07 2.99446e-07 2.92717e-07 2.62959e-07 2.17096e-07 1.65519e-07 1.17641e-07 7.89141e-08 5.05767e-08 3.12536e-08 1.87218e-08 1.09148e-08 6.22628e-09 3.50379e-09 1.96613e-09 1.11333e-09 6.43367e-10 3.82889e-10 2.36266e-10 1.51931e-10 1.02108e-10 7.14793e-11 5.13464e-11 3.67099e-11 2.45747e-11 1.30582e-11 1.30582e-11 
4.6922e-12 2.58809e-11 5.5221e-11 8.89965e-11 1.32956e-10 1.94529e-10 2.84489e-10 4.19784e-10 6.27804e-10 9.52986e-10 1.46653e-09 2.27994e-09 3.56297e-09 5.56541e-09 8.64142e-09 1.32731e-08 2.00885e-08 2.9864e-08 4.34952e-08 6.18976e-08 8.57849e-08 1.15254e-07 1.49162e-07 1.8446e-07 2.15963e-07 2.37144e-07 2.42215e-07 2.28703e-07 1.99044e-07 1.59844e-07 1.19099e-07 8.31269e-08 5.50005e-08 3.48847e-08 2.13784e-08 1.27171e-08 7.37042e-09 4.18414e-09 2.34551e-09 1.31195e-09 7.40665e-10 4.26633e-10 2.52996e-10 1.55553e-10 9.97332e-11 6.68896e-11 4.66933e-11 3.3254e-11 2.3143e-11 1.42601e-11 5.62801e-12 
1.01058e-11 3.21613e-11 5.71414e-11 8.82182e-11 1.31013e-10 1.93226e-10 2.86713e-10 4.30401e-10 6.54804e-10 1.00871e-09 1.5686e-09 2.45122e-09 3.82907e-09 5.94789e-09 9.14397e-09 1.38574e-08 2.06356e-08 3.01158e-08 4.29679e-08 5.97653e-08 8.07447e-08 1.05432e-07 1.32205e-07 1.58003e-07 1.78528e-07 1.89204e-07 1.86803e-07 1.70981e-07 1.448e-07 1.13655e-07 8.31635e-08 5.72627e-08 3.75163e-08 2.36206e-08 1.43889e-08 8.5155e-09 4.91417e-09 2.78055e-09 1.55506e-09 8.68349e-10 4.89481e-10 2.81424e-10 1.6649e-10 1.02108e-10 6.53433e-11 4.37701e-11 3.04462e-11 2.13803e-11 1.42061e-11 7.51174e-12 7.51174e-12 
3.01485e-12 1.65105e-11 3.54179e-11 5.76928e-11 8.74682e-11 1.30318e-10 1.94529e-10 2.93159e-10 4.47064e-10 6.89477e-10 1.07248e-09 1.67562e-09 2.61673e-09 4.0641e-09 6.24863e-09 9.47324e-09 1.41155e-08 2.06169e-08 2.9448e-08 4.10325e-08 5.56085e-08 7.30114e-08 9.24059e-08 1.12068e-07 1.2938e-07 1.41217e-07 1.44771e-07 1.38611e-07 1.2346e-07 1.02162e-07 7.87066e-08 5.67826e-08 3.87049e-08 2.51784e-08 1.57677e-08 9.56164e-09 5.63628e-09 3.24229e-09 1.83063e-09 1.02266e-09 5.70834e-10 3.21701e-10 1.84844e-10 1.0922e-10 6.68896e-11 4.27734e-11 2.8628e-11 1.9796e-11 1.35652e-11 8.30655e-12 3.26546e-12 
6.46209e-12 2.05984e-11 3.69282e-11 5.77558e-11 8.71775e-11 1.31013e-10 1.9826e-10 3.03128e-10 4.68137e-10 7.28533e-10 1.13816e-09 1.77684e-09 2.75869e-09 4.24046e-09 6.42795e-09 9.57773e-09 1.39902e-08 1.99877e-08 2.78692e-08 3.78292e-08 4.98331e-08 6.34599e-08 7.77592e-08 9.1203e-08 1.01825e-07 1.07601e-07 1.07024e-07 9.97192e-08 8.67521e-08 7.04067e-08 5.34289e-08 3.81254e-08 2.57919e-08 1.66898e-08 1.04082e-08 6.28817e-09 3.69465e-09 2.12025e-09 1.19561e-09 6.67865e-10 3.73069e-10 2.10447e-10 1.20983e-10 7.14793e-11 4.37701e-11 2.79989e-11 1.87179e-11 1.28008e-11 8.39578e-12 4.42028e-12 4.42028e-12 
1.93381e-12 1.05648e-11 2.28173e-11 3.75685e-11 5.77406e-11 8.74682e-11 1.32956e-10 2.03855e-10 3.15351e-10 4.91155e-10 7.67485e-10 1.19804e-09 1.85962e-09 2.85776e-09 4.33092e-09 6.45159e-09 9.42164e-09 1.34584e-08 1.8767e-08 2.54924e-08 3.36482e-08 4.30255e-08 5.31048e-08 6.30122e-08 7.15642e-08 7.74355e-08 7.94457e-08 7.69168e-08 6.99818e-08 5.9669e-08 4.76508e-08 3.57239e-08 2.52752e-08 1.70003e-08 1.09549e-08 6.80739e-09 4.09905e-09 2.40159e-09 1.37565e-09 7.75331e-10 4.33451e-10 2.42549e-10 1.37095e-10 7.89425e-11 4.66933e-11 2.8628e-11 1.8337e-11 1.22228e-11 8.18353e-12 4.96293e-12 1.94786e-12 
4.13078e-12 1.32255e-11 2.38993e-11 3.77492e-11 5.77558e-11 8.82182e-11 1.35666e-10 2.10272e-10 3.27872e-10 5.12655e-10 8.00494e-10 1.24273e-09 1.90986e-09 2.89437e-09 4.31129e-09 6.29505e-09 8.99056e-09 1.2536e-08 1.70346e-08 2.25131e-08 2.88694e-08 3.58204e-08 4.28706e-08 4.93238e-08 5.43568e-08 5.7157e-08 5.7109e-08 5.39935e-08 4.81254e-08 4.03408e-08 3.17897e-08 2.36023e-08 1.65878e-08 1.11058e-08 7.13059e-09 4.41603e-09 2.65055e-09 1.54886e-09 8.85923e-10 4.99368e-10 2.79618e-10 1.56879e-10 8.89324e-11 5.13464e-11 3.04462e-11 1.87179e-11 1.20107e-11 7.947e-12 5.11371e-12 2.67726e-12 2.67726e-12 
1.22862e-12 6.75376e-12 1.46574e-11 2.42327e-11 3.75685e-11 5.76928e-11 8.89965e-11 1.38224e-10 2.1584e-10 3.37831e-10 5.27935e-10 8.20162e-10 1.26125e-09 1.91247e-09 2.84998e-09 4.16263e-09 5.94624e-09 8.29285e-09 1.12738e-08 1.49156e-08 1.91697e-08 2.38823e-08 2.87734e-08 3.34382e-08 3.73804e-08 4.00772e-08 4.10737e-08 4.00915e-08 3.71301e-08 3.25188e-08 2.68736e-08 2.09486e-08 1.5433e-08 1.07883e-08 7.19448e-09 4.60328e-09 2.84098e-09 1.69959e-09 9.90663e-10 5.65998e-10 3.19221e-10 1.79141e-10 1.0084e-10 5.73797e-11 3.3254e-11 1.9796e-11 1.22228e-11 7.85064e-12 5.11073e-12 3.05647e-12 1.19785e-12 
2.62022e-12 8.41277e-12 1.51237e-11 2.38993e-11 3.69282e-11 5.71414e-11 8.89306e-11 1.39085e-10 2.17988e-10 3.41093e-10 5.30608e-10 8.17113e-10 1.24076e-09 1.85147e-09 2.7075e-09 3.87169e-09 5.40484e-09 7.35543e-09 9.74557e-09 1.25536e-08 1.56964e-08 1.90166e-08 2.22813e-08 2.51964e-08 2.7439e-08 2.87039e-08 2.876e-08 2.7509e-08 2.50321e-08 2.1603e-08 1.76456e-08 1.36355e-08 9.98291e-09 6.94705e-09 4.61564e-09 2.94252e-09 1.80922e-09 1.07856e-09 6.27065e-10 3.57904e-10 2.02031e-10 1.13668e-10 6.42283e-11 3.67099e-11 2.13803e-11 1.28008e-11 7.947e-12 5.09355e-12 3.20816e-12 1.66784e-12 1.66784e-12 
7.64319e-13 4.23801e-12 9.00007e-12 1.46574e-11 2.28173e-11 3.54179e-11 5.5221e-11 8.64898e-11 1.35751e-10 2.12769e-10 3.31636e-10 5.11873e-10 7.7923e-10 1.16585e-09 1.70937e-09 2.4506e-09 3.42936e-09 4.67839e-09 6.215e-09 8.03112e-09 1.0083e-08 1.22836e-08 1.45004e-08 1.65626e-08 1.82763e-08 1.94484e-08 1.99148e-08 1.95713e-08 1.84029e-08 1.65034e-08 1.40735e-08 1.13888e-08 8.73977e-09 6.36596e-09 4.41197e-09 2.9201e-09 1.85406e-09 1.13516e-09 6.74098e-10 3.90805e-10 2.22798e-10 1.25864e-10 7.10002e-11 4.02815e-11 2.3143e-11 1.35652e-11 8.18353e-12 5.11073e-12 3.24679e-12 1.91897e-12 7.53399e-13 
1.61524e-12 4.9118e-12 8.41277e-12 1.32255e-11 2.05984e-11 3.21613e-11 5.04192e-11 7.92301e-11 1.24393e-10 1.9436e-10 3.00947e-10 4.59911e-10 6.91136e-10 1.01819e-09 1.46697e-09 2.06329e-09 2.82925e-09 3.77838e-09 4.90986e-09 6.20252e-09 7.61014e-09 9.05983e-09 1.0455e-08 1.16832e-08 1.26273e-08 1.31807e-08 1.32621e-08 1.28313e-08 1.19031e-08 1.05541e-08 8.91834e-09 7.16608e-09 5.46943e-09 3.96641e-09 2.73783e-09 1.80434e-09 1.14025e-09 6.94709e-10 4.10677e-10 2.37269e-10 1.35027e-10 7.62979e-11 4.3136e-11 2.45747e-11 1.42061e-11 8.39578e-12 5.11371e-12 3.20816e-12 1.99711e-12 1.0417e-12 1.0417e-12 
4.62358e-13 2.2756e-12 4.23801e-12 6.75376e-12 1.05648e-11 1.65105e-11 2.58809e-11 4.06747e-11 6.39312e-11 1.00133e-10 1.55659e-10 2.39183e-10 3.61923e-10 5.3755e-10 7.81616e-10 1.11034e-09 1.53867e-09 2.07751e-09 2.73032e-09 3.48952e-09 4.33349e-09 5.22517e-09 6.1132e-09 6.93552e-09 7.62508e-09 8.11691e-09 8.35571e-09 8.30355e-09 7.94733e-09 7.30489e-09 6.42788e-09 5.39822e-09 4.31587e-09 3.27987e-09 2.36876e-09 1.62784e-09 1.06745e-09 6.70814e-10 4.06325e-10 2.38881e-10 1.37393e-10 7.79606e-11 4.40136e-11 2.49218e-11 1.42601e-11 8.30655e-12 4.96293e-12 3.05647e-12 1.91897e-12 1.14711e-12 4.64632e-13 
7.96799e-13 1.61524e-12 2.62022e-12 4.13078e-12 6.46209e-12 1.01058e-11 1.58364e-11 2.48548e-11 3.89698e-11 6.08333e-11 9.4199e-11 1.44169e-10 2.17356e-10 3.21865e-10 4.66966e-10 6.62301e-10 9.16509e-10 1.23529e-09 1.61915e-09 2.06135e-09 2.54669e-09 3.05161e-09 3.54559e-09 3.99374e-09 4.36004e-09 4.61085e-09 4.71846e-09 4.66474e-09 4.44471e-09 4.06964e-09 3.5687e-09 2.98719e-09 2.38009e-09 1.80181e-09 1.2954e-09 8.85463e-10 5.77083e-10 3.60228e-10 2.16692e-10 1.26554e-10 7.23692e-11 4.08885e-11 2.30366e-11 1.30582e-11 7.51174e-12 4.42028e-12 2.67726e-12 1.66784e-12 1.0417e-12 5.77619e-13 5.77619e-13 
2.87854e-13 4.62358e-13 7.64319e-13 1.22862e-12 1.93381e-12 3.01485e-12 4.6922e-12 7.31571e-12 1.14277e-11 1.78551e-11 2.78329e-11 4.31547e-11 6.63405e-11 1.00765e-10 1.50684e-10 2.21031e-10 3.1689e-10 4.42609e-10 6.00652e-10 7.90471e-10 1.00767e-09 1.24374e-09 1.48645e-09 1.72077e-09 1.93011e-09 2.09779e-09 2.20854e-09 2.24999e-09 2.21424e-09 2.09964e-09 1.91227e-09 1.66685e-09 1.38572e-09 1.09559e-09 8.22351e-10 5.85835e-10 3.96659e-10 2.56077e-10 1.58409e-10 9.45104e-11 5.48121e-11 3.11781e-11 1.75601e-11 9.89153e-12 5.62801e-12 3.26546e-12 1.94786e-12 1.19785e-12 7.53399e-13 4.64632e-13 2.26993e-13 
