1 101 51
8.77945e-13 1.47507e-12 2.40926e-12 3.95373e-12 6.5961e-12 1.12473e-11 1.96186e-11 3.48928e-11 6.28041e-11 1.1314e-10 2.01372e-10 3.49478e-10 5.84229e-10 9.31086e-10 1.40339e-09 1.98999e-09 2.648e-09 3.3073e-09 3.88796e-09 4.32378e-09 4.58117e-09 4.66685e-09 4.62445e-09 4.5226e-09 4.43546e-09 4.41729e-09 4.48121e-09 4.59702e-09 4.70909e-09 4.7588e-09 4.69941e-09 4.50296e-09 4.16312e-09 3.69627e-09 3.1399e-09 2.54597e-09 1.96939e-09 1.45532e-09 1.03066e-09 7.02751e-10 4.63918e-10 2.98383e-10 1.88245e-10 1.1727e-10 7.25566e-11 4.47601e-11 2.75462e-11 1.68374e-11 1.01245e-11 5.87598e-12 5.87598e-12 
8.77945e-13 3.46788e-12 6.22125e-12 1.05585e-11 1.79023e-11 3.05558e-11 5.26715e-11 9.19537e-11 1.62656e-10 2.904e-10 5.18835e-10 9.16533e-10 1.57955e-09 2.62168e-09 4.14448e-09 6.18722e-09 8.67308e-09 1.13829e-08 1.39843e-08 1.61174e-08 1.74996e-08 1.80024e-08 1.7678e-08 1.67467e-08 1.55648e-08 1.45638e-08 1.4119e-08 1.43586e-08 1.50845e-08 1.59144e-08 1.64732e-08 1.64921e-08 1.58363e-08 1.45097e-08 1.26431e-08 1.04602e-08 8.21896e-09 6.14594e-09 4.3902e-09 3.01082e-09 1.99413e-09 1.28387e-09 8.0909e-10 5.02534e-10 3.09496e-10 1.89796e-10 1.16012e-10 7.03787e-11 4.17789e-11 2.29864e-11 5.87598e-12 
3.46788e-12 9.77249e-12 1.73409e-11 2.93612e-11 4.95239e-11 8.38361e-11 1.43295e-10 2.4876e-10 4.39733e-10 7.88481e-10 1.41918e-09 2.527e-09 4.38348e-09 7.30581e-09 1.15685e-08 1.72605e-08 2.41387e-08 3.1567e-08 3.86193e-08 4.43364e-08 4.8026e-08 4.94618e-08 4.8923e-08 4.71061e-08 4.49542e-08 4.3391e-08 4.29696e-08 4.36141e-08 4.46962e-08 4.53755e-08 4.49217e-08 4.2894e-08 3.92126e-08 3.41556e-08 2.82752e-08 2.22392e-08 1.66487e-08 1.19054e-08 8.17251e-09 5.41684e-09 3.48935e-09 2.19979e-09 1.36685e-09 8.42428e-10 5.17487e-10 3.17444e-10 1.93903e-10 1.16439e-10 6.52975e-11 2.29864e-11 2.29864e-11 
1.47507e-12 9.77249e-12 2.16085e-11 3.75711e-11 6.30532e-11 1.05094e-10 1.75522e-10 2.96607e-10 5.12155e-10 9.07915e-10 1.64404e-09 2.99773e-09 5.40382e-09 9.46251e-09 1.58636e-08 2.51822e-08 3.75598e-08 5.23939e-08 6.82422e-08 8.31012e-08 9.50136e-08 1.02722e-07 1.06041e-07 1.05821e-07 1.0361e-07 1.01113e-07 9.95895e-08 9.93578e-08 9.97359e-08 9.94403e-08 9.71511e-08 9.19573e-08 8.36104e-08 7.25905e-08 5.99719e-08 4.71045e-08 3.52248e-08 2.51651e-08 1.72593e-08 1.14302e-08 7.35727e-09 4.63546e-09 2.8796e-09 1.77568e-09 1.09272e-09 6.72971e-10 4.14191e-10 2.52178e-10 1.46011e-10 6.52975e-11 1.01245e-11 
6.22125e-12 2.16085e-11 4.21704e-11 7.21171e-11 1.19743e-10 1.96841e-10 3.23881e-10 5.40804e-10 9.29668e-10 1.65684e-09 3.03823e-09 5.62165e-09 1.02614e-08 1.81234e-08 3.05199e-08 4.84891e-08 7.21687e-08 1.00226e-07 1.29764e-07 1.56976e-07 1.78403e-07 1.92155e-07 1.98439e-07 1.99216e-07 1.97258e-07 1.95005e-07 1.93607e-07 1.92582e-07 1.90224e-07 1.84468e-07 1.73726e-07 1.57466e-07 1.36454e-07 1.12583e-07 8.83149e-08 6.59464e-08 4.70339e-08 3.21979e-08 2.12815e-08 1.36713e-08 8.598e-09 5.33376e-09 3.28711e-09 2.02439e-09 1.25041e-09 7.74508e-10 4.77476e-10 2.84698e-10 1.46011e-10 4.17789e-11 4.17789e-11 
2.40926e-12 1.73409e-11 4.21704e-11 7.70358e-11 1.29909e-10 2.13157e-10 3.45413e-10 5.59943e-10 9.2418e-10 1.58324e-09 2.8409e-09 5.28008e-09 9.90826e-09 1.82836e-08 3.25046e-08 5.48737e-08 8.70952e-08 1.29131e-07 1.78251e-07 2.29044e-07 2.7483e-07 3.10036e-07 3.3225e-07 3.42745e-07 3.45322e-07 3.44256e-07 3.42328e-07 3.39788e-07 3.34617e-07 3.23757e-07 3.04579e-07 2.76036e-07 2.39263e-07 1.97421e-07 1.54789e-07 1.15441e-07 8.21755e-08 5.61159e-08 3.69852e-08 2.36875e-08 1.48528e-08 9.18999e-09 5.65356e-09 3.48031e-09 2.15328e-09 1.3403e-09 8.34973e-10 5.10071e-10 2.84698e-10 1.16439e-10 1.68374e-11 
1.05585e-11 3.75711e-11 7.70358e-11 1.35484e-10 2.25474e-10 3.65421e-10 5.84058e-10 9.3377e-10 1.52493e-09 2.60584e-09 4.71047e-09 8.86814e-09 1.68473e-08 3.13585e-08 5.60013e-08 9.46156e-08 1.4982e-07 2.21027e-07 3.02959e-07 3.86009e-07 4.59058e-07 5.13718e-07 5.475e-07 5.63838e-07 5.6921e-07 5.69297e-07 5.66238e-07 5.5816e-07 5.40761e-07 5.09762e-07 4.63116e-07 4.02328e-07 3.32477e-07 2.60786e-07 1.9433e-07 1.38055e-07 9.39996e-08 6.17322e-08 3.93789e-08 2.45904e-08 1.51571e-08 9.29634e-09 5.71326e-09 3.53616e-09 2.20863e-09 1.38753e-09 8.64139e-10 5.10071e-10 2.52178e-10 7.03787e-11 7.03787e-11 
3.95373e-12 2.93612e-11 7.21171e-11 1.35484e-10 2.32387e-10 3.81796e-10 6.11409e-10 9.65155e-10 1.52439e-09 2.46678e-09 4.20831e-09 7.66229e-09 1.4591e-08 2.80019e-08 5.24654e-08 9.39677e-08 1.58707e-07 2.50518e-07 3.67544e-07 5.00033e-07 6.31543e-07 7.44261e-07 8.26249e-07 8.75893e-07 9.00341e-07 9.09392e-07 9.09217e-07 8.99485e-07 8.74707e-07 8.281e-07 7.55689e-07 6.59124e-07 5.46258e-07 4.29039e-07 3.19587e-07 2.26596e-07 1.53787e-07 1.00572e-07 6.38418e-08 3.96595e-08 2.4323e-08 1.48544e-08 9.10229e-09 5.62851e-09 3.52245e-09 2.22727e-09 1.40827e-09 8.64139e-10 4.77476e-10 1.93903e-10 2.75462e-11 
1.79023e-11 6.30532e-11 1.29909e-10 2.32387e-10 3.91114e-10 6.34754e-10 1.0054e-09 1.57019e-09 2.4549e-09 3.943e-09 6.72071e-09 1.23184e-08 2.36861e-08 4.58276e-08 8.62928e-08 1.54841e-07 2.61275e-07 4.11006e-07 5.99603e-07 8.09684e-07 1.01385e-06 1.18435e-06 1.30499e-06 1.37665e-06 1.41198e-06 1.42393e-06 1.41685e-06 1.38532e-06 1.31924e-06 1.21117e-06 1.06217e-06 8.83913e-07 6.95791e-07 5.18373e-07 3.66883e-07 2.48147e-07 1.6152e-07 1.01953e-07 6.29425e-08 3.83636e-08 2.32998e-08 1.42168e-08 8.77116e-09 5.49213e-09 3.48885e-09 2.23194e-09 1.40827e-09 8.34973e-10 4.14191e-10 1.16012e-10 1.16012e-10 
6.5961e-12 4.95239e-11 1.19743e-10 2.25474e-10 3.91114e-10 6.48004e-10 1.03985e-09 1.63115e-09 2.52482e-09 3.91542e-09 6.25303e-09 1.06565e-08 1.96492e-08 3.80891e-08 7.41774e-08 1.40218e-07 2.5193e-07 4.24627e-07 6.65736e-07 9.65991e-07 1.29524e-06 1.60871e-06 1.86399e-06 2.03986e-06 2.14192e-06 2.18971e-06 2.19731e-06 2.16331e-06 2.07469e-06 1.91855e-06 1.6938e-06 1.41693e-06 1.11887e-06 8.34213e-07 5.89531e-07 3.97367e-07 2.57358e-07 1.61434e-07 9.89588e-08 5.98766e-08 3.61196e-08 2.19167e-08 1.34724e-08 8.428e-09 5.36933e-09 3.46551e-09 2.23194e-09 1.38753e-09 7.74508e-10 3.17444e-10 4.47601e-11 
3.05558e-11 1.05094e-10 2.13157e-10 3.81796e-10 6.48004e-10 1.05914e-09 1.68233e-09 2.61697e-09 4.02154e-09 6.19792e-09 9.85882e-09 1.68116e-08 3.11663e-08 6.08259e-08 1.19094e-07 2.25854e-07 4.06244e-07 6.84075e-07 1.06933e-06 1.5441e-06 2.05715e-06 2.53627e-06 2.91705e-06 3.17199e-06 3.31361e-06 3.36793e-06 3.34555e-06 3.23466e-06 3.01574e-06 2.68298e-06 2.25846e-06 1.79057e-06 1.33695e-06 9.43764e-07 6.34033e-07 4.08541e-07 2.54567e-07 1.54836e-07 9.2914e-08 5.56056e-08 3.351e-08 2.04955e-08 1.27904e-08 8.15811e-09 5.29923e-09 3.46551e-09 2.22727e-09 1.3403e-09 6.72971e-10 1.89796e-10 1.89796e-10 
1.12473e-11 8.38361e-11 1.96841e-10 3.65421e-10 6.34754e-10 1.05914e-09 1.71048e-09 2.69227e-09 4.15821e-09 6.35366e-09 9.7488e-09 1.54706e-08 2.6418e-08 4.92205e-08 9.66219e-08 1.90052e-07 3.61478e-07 6.51009e-07 1.09568e-06 1.70883e-06 2.45758e-06 3.25612e-06 3.9884e-06 4.55582e-06 4.92126e-06 5.10466e-06 5.13501e-06 5.01304e-06 4.71615e-06 4.23165e-06 3.58761e-06 2.85828e-06 2.13876e-06 1.50886e-06 1.01061e-06 6.47914e-07 4.00975e-07 2.41872e-07 1.43836e-07 8.53146e-08 5.10021e-08 3.09958e-08 1.92678e-08 1.22831e-08 8.01192e-09 5.29923e-09 3.48885e-09 2.20863e-09 1.25041e-09 5.17487e-10 7.25566e-11 
5.26715e-11 1.75522e-10 3.45413e-10 6.11409e-10 1.03985e-09 1.71048e-09 2.73287e-09 4.2668e-09 6.55059e-09 9.96579e-09 1.52477e-08 2.41772e-08 4.1378e-08 7.74635e-08 1.52849e-07 3.01891e-07 5.75878e-07 1.03886e-06 1.74885e-06 2.72386e-06 3.90567e-06 5.15142e-06 6.2731e-06 7.11549e-06 7.62291e-06 7.81959e-06 7.73182e-06 7.34914e-06 6.65581e-06 5.68778e-06 4.55735e-06 3.41995e-06 2.41264e-06 1.61172e-06 1.02837e-06 6.32123e-07 3.78059e-07 2.22678e-07 1.30802e-07 7.74907e-08 4.67371e-08 2.88982e-08 1.83821e-08 1.20151e-08 8.01192e-09 5.36933e-09 3.52245e-09 2.15328e-09 1.09272e-09 3.09496e-10 3.09496e-10 
1.96186e-11 1.43295e-10 3.23881e-10 5.84058e-10 1.0054e-09 1.68233e-09 2.73287e-09 4.3242e-09 6.70291e-09 1.02391e-08 1.55285e-08 2.3725e-08 3.76417e-08 6.46213e-08 1.21555e-07 2.40985e-07 4.77836e-07 9.14411e-07 1.65348e-06 2.78701e-06 4.34042e-06 6.21247e-06 8.16405e-06 9.88379e-06 1.11159e-05 1.17662e-05 1.18582e-05 1.14177e-05 1.04488e-05 9.00714e-06 7.26353e-06 5.47036e-06 3.86136e-06 2.57404e-06 1.63521e-06 9.98595e-07 5.92141e-07 3.45345e-07 2.00791e-07 1.17793e-07 7.04344e-08 4.32624e-08 2.74155e-08 1.79216e-08 1.20151e-08 8.15811e-09 5.49213e-09 3.53616e-09 2.02439e-09 8.42428e-10 1.1727e-10 
9.19537e-11 2.96607e-10 5.59943e-10 9.65155e-10 1.63115e-09 2.69227e-09 4.3242e-09 6.78179e-09 1.04451e-08 1.58896e-08 2.40476e-08 3.67348e-08 5.83935e-08 1.00644e-07 1.9024e-07 3.7886e-07 7.54184e-07 1.44866e-06 2.62854e-06 4.44235e-06 6.92813e-06 9.90953e-06 1.29781e-05 1.55994e-05 1.73315e-05 1.80101e-05 1.76675e-05 1.63749e-05 1.42531e-05 1.15763e-05 8.75568e-06 6.18778e-06 4.11835e-06 2.60621e-06 1.58186e-06 9.30163e-07 5.3712e-07 3.09036e-07 1.79441e-07 1.06294e-07 6.47868e-08 4.08427e-08 2.66528e-08 1.79216e-08 1.22831e-08 8.428e-09 5.62851e-09 3.48031e-09 1.77568e-09 5.02534e-10 5.02534e-10 
3.48928e-11 2.4876e-10 5.40804e-10 9.3377e-10 1.57019e-09 2.61697e-09 4.2668e-09 6.78179e-09 1.05494e-08 1.61544e-08 2.44914e-08 3.70221e-08 5.66071e-08 9.02592e-08 1.56316e-07 2.96976e-07 5.94089e-07 1.18763e-06 2.29197e-06 4.17941e-06 7.09487e-06 1.10978e-05 1.58714e-05 2.06924e-05 2.46064e-05 2.68336e-05 2.71189e-05 2.55886e-05 2.25354e-05 1.84505e-05 1.40235e-05 9.92829e-06 6.60103e-06 4.16373e-06 2.51321e-06 1.46597e-06 8.38268e-07 4.77283e-07 2.74251e-07 1.60869e-07 9.72223e-08 6.09009e-08 3.96084e-08 2.66528e-08 1.83821e-08 1.27904e-08 8.77116e-09 5.71326e-09 3.28711e-09 1.36685e-09 1.88245e-10 
1.62656e-10 5.12155e-10 9.2418e-10 1.52439e-09 2.52482e-09 4.15821e-09 6.70291e-09 1.05494e-08 1.62847e-08 2.48067e-08 3.75048e-08 5.66701e-08 8.68109e-08 1.3899e-07 2.42067e-07 4.62366e-07 9.29294e-07 1.86672e-06 3.62499e-06 6.65704e-06 1.13745e-05 1.78654e-05 2.55247e-05 3.30156e-05 3.85895e-05 4.09095e-05 3.97204e-05 3.55595e-05 2.93987e-05 2.24713e-05 1.59461e-05 1.05964e-05 6.66625e-06 4.0041e-06 2.31796e-06 1.31293e-06 7.39941e-07 4.20805e-07 2.44396e-07 1.46395e-07 9.1044e-08 5.89328e-08 3.96084e-08 2.74155e-08 1.92678e-08 1.34724e-08 9.10229e-09 5.65356e-09 2.8796e-09 8.0909e-10 8.0909e-10 
6.28041e-11 4.39733e-10 9.29668e-10 1.52493e-09 2.4549e-09 4.02154e-09 6.55059e-09 1.04451e-08 1.62847e-08 2.49555e-08 3.78317e-08 5.70666e-08 8.62451e-08 1.32465e-07 2.13154e-07 3.73619e-07 7.17745e-07 1.45008e-06 2.93025e-06 5.73894e-06 1.06422e-05 1.83365e-05 2.89137e-05 4.11278e-05 5.24323e-05 5.96448e-05 6.06909e-05 5.57985e-05 4.6777e-05 3.60084e-05 2.56267e-05 1.7027e-05 1.06899e-05 6.39425e-06 3.67568e-06 2.06316e-06 1.15142e-06 6.48314e-07 3.72887e-07 2.21377e-07 1.36628e-07 8.79345e-08 5.89328e-08 4.08427e-08 2.88982e-08 2.04955e-08 1.42168e-08 9.29634e-09 5.33376e-09 2.19979e-09 2.98383e-10 
2.904e-10 9.07915e-10 1.58324e-09 2.46678e-09 3.91542e-09 6.35366e-09 1.02391e-08 1.61544e-08 2.49555e-08 3.79735e-08 5.73041e-08 8.6272e-08 1.30468e-07 2.01036e-07 3.25379e-07 5.74425e-07 1.11041e-06 2.25737e-06 4.59754e-06 9.11164e-06 1.71112e-05 2.97491e-05 4.69557e-05 6.60225e-05 8.21196e-05 8.97263e-05 8.63019e-05 7.40739e-05 5.76355e-05 4.11834e-05 2.73697e-05 1.71565e-05 1.02273e-05 5.84137e-06 3.25068e-06 1.79752e-06 1.00261e-06 5.71353e-07 3.36295e-07 2.05974e-07 1.3174e-07 8.79345e-08 6.09009e-08 4.32624e-08 3.09958e-08 2.19167e-08 1.48544e-08 9.18999e-09 4.63546e-09 1.28387e-09 1.28387e-09 
1.1314e-10 7.88481e-10 1.65684e-09 2.60584e-09 3.943e-09 6.19792e-09 9.96579e-09 1.58896e-08 2.48067e-08 3.79735e-08 5.73787e-08 8.62013e-08 1.29549e-07 1.96093e-07 3.03254e-07 4.93987e-07 8.79036e-07 1.71121e-06 3.50723e-06 7.22132e-06 1.45453e-05 2.77171e-05 4.85051e-05 7.60803e-05 0.000104533 0.000125152 0.000129261 0.000115739 9.18624e-05 6.61083e-05 4.39739e-05 2.75325e-05 1.63679e-05 9.29391e-06 5.13024e-06 2.81277e-06 1.55527e-06 8.78712e-07 5.13091e-07 3.12e-07 1.98307e-07 1.3174e-07 9.1044e-08 6.47868e-08 4.67371e-08 3.351e-08 2.32998e-08 1.51571e-08 8.598e-09 3.48935e-09 4.63918e-10 
5.18835e-10 1.64404e-09 2.8409e-09 4.20831e-09 6.25303e-09 9.7488e-09 1.55285e-08 2.44914e-08 3.78317e-08 5.73787e-08 8.60832e-08 1.28736e-07 1.93129e-07 2.92607e-07 4.54213e-07 7.45016e-07 1.33761e-06 2.62599e-06 5.44588e-06 1.13853e-05 2.34113e-05 4.52053e-05 7.90115e-05 0.000121643 0.000160795 0.000182336 0.000175173 0.000144576 0.000105696 7.05365e-05 4.41336e-05 2.61799e-05 1.47852e-05 8.09917e-06 4.40625e-06 2.41718e-06 1.35512e-06 7.85653e-07 4.74688e-07 2.99968e-07 1.98307e-07 1.36628e-07 9.72223e-08 7.04344e-08 5.10021e-08 3.61196e-08 2.4323e-08 1.48528e-08 7.35727e-09 1.99413e-09 1.99413e-09 
2.01372e-10 1.41918e-09 3.03823e-09 4.71047e-09 6.72071e-09 9.85882e-09 1.52477e-08 2.40476e-08 3.75048e-08 5.73041e-08 8.60832e-08 1.28183e-07 1.90763e-07 2.85591e-07 4.32981e-07 6.74495e-07 1.11441e-06 2.02209e-06 4.01491e-06 8.47838e-06 1.80851e-05 3.80311e-05 7.37977e-05 0.000126989 0.00018871 0.000235398 0.000248902 0.000220342 0.000166956 0.000112673 7.0579e-05 4.17956e-05 2.34815e-05 1.27684e-05 6.89864e-06 3.75811e-06 2.09255e-06 1.20587e-06 7.24729e-07 4.55754e-07 2.99968e-07 2.05974e-07 1.46395e-07 1.06294e-07 7.74907e-08 5.56056e-08 3.83636e-08 2.45904e-08 1.36713e-08 5.41684e-09 7.02751e-10 
9.16533e-10 2.99773e-09 5.28008e-09 7.66229e-09 1.06565e-08 1.54706e-08 2.3725e-08 3.70221e-08 5.70666e-08 8.62013e-08 1.28183e-07 1.89329e-07 2.8021e-07 4.18375e-07 6.34253e-07 9.90864e-07 1.65001e-06 3.03652e-06 6.13252e-06 1.33128e-05 2.90146e-05 6.20181e-05 0.000118849 0.000197367 0.000277406 0.000319855 0.000313771 0.000255151 0.000177865 0.000112362 6.65133e-05 3.71659e-05 2.00593e-05 1.07721e-05 5.83323e-06 3.22943e-06 1.8521e-06 1.10878e-06 6.94816e-07 4.55754e-07 3.12e-07 2.21377e-07 1.60869e-07 1.17793e-07 8.53146e-08 5.98766e-08 3.96595e-08 2.36875e-08 1.14302e-08 3.01082e-09 3.01082e-09 
3.49478e-10 2.527e-09 5.62165e-09 8.86814e-09 1.23184e-08 1.68116e-08 2.41772e-08 3.67348e-08 5.66701e-08 8.6272e-08 1.28736e-07 1.89329e-07 2.77105e-07 4.07432e-07 6.06005e-07 9.17385e-07 1.43556e-06 2.4134e-06 4.54226e-06 9.42251e-06 2.12225e-05 4.67459e-05 9.97932e-05 0.00018418 0.000287999 0.000374825 0.000395861 0.000362166 0.000271231 0.00017688 0.000105327 5.85276e-05 3.13285e-05 1.67321e-05 9.01559e-06 4.96902e-06 2.84039e-06 1.69668e-06 1.06129e-06 6.94816e-07 4.74688e-07 3.36295e-07 2.44396e-07 1.79441e-07 1.30802e-07 9.2914e-08 6.29425e-08 3.93789e-08 2.12815e-08 8.17251e-09 1.03066e-09 
1.57955e-09 5.40382e-09 9.90826e-09 1.4591e-08 1.96492e-08 2.6418e-08 3.76417e-08 5.66071e-08 8.62451e-08 1.29549e-07 1.90763e-07 2.77105e-07 4.01298e-07 5.85185e-07 8.65416e-07 1.30523e-06 2.04293e-06 3.48696e-06 6.83497e-06 1.47071e-05 3.42445e-05 7.38561e-05 0.000153155 0.000262614 0.000376577 0.000454183 0.000440299 0.000381951 0.000268589 0.000165066 9.15657e-05 4.85281e-05 2.57737e-05 1.38283e-05 7.59858e-06 4.33723e-06 2.59054e-06 1.62092e-06 1.06129e-06 7.24729e-07 5.13091e-07 3.72887e-07 2.74251e-07 2.00791e-07 1.43836e-07 9.89588e-08 6.38418e-08 3.69852e-08 1.72593e-08 4.3902e-09 4.3902e-09 
5.84229e-10 4.38348e-09 1.02614e-08 1.68473e-08 2.36861e-08 3.11663e-08 4.1378e-08 5.83935e-08 8.68109e-08 1.30468e-07 1.93129e-07 2.8021e-07 4.01298e-07 5.7375e-07 8.27599e-07 1.21316e-06 1.81683e-06 2.84496e-06 5.01174e-06 1.05409e-05 2.32575e-05 5.42003e-05 0.000107948 0.000208405 0.000316399 0.000419105 0.000478565 0.000438099 0.000375062 0.000249341 0.000141756 7.44592e-05 3.92495e-05 2.09598e-05 1.14993e-05 6.5698e-06 3.93431e-06 2.46915e-06 1.62092e-06 1.10878e-06 7.85653e-07 5.71353e-07 4.20805e-07 3.09036e-07 2.22678e-07 1.54836e-07 1.01953e-07 6.17322e-08 3.21979e-08 1.19054e-08 1.45532e-09 
2.62168e-09 9.46251e-09 1.82836e-08 2.80019e-08 3.80891e-08 4.92205e-08 6.46213e-08 9.02592e-08 1.32465e-07 1.96093e-07 2.85591e-07 4.07432e-07 5.7375e-07 8.07178e-07 1.14689e-06 1.65838e-06 2.45735e-06 3.88373e-06 7.31869e-06 1.66988e-05 3.52026e-05 7.67663e-05 0.000129536 0.000205938 0.000281045 0.00035303 0.000398178 0.000390392 0.000343485 0.000212205 0.000112921 5.90201e-05 3.12429e-05 1.71234e-05 9.82117e-06 5.91891e-06 3.73924e-06 2.46915e-06 1.69668e-06 1.20587e-06 8.78712e-07 6.48314e-07 4.77283e-07 3.45345e-07 2.41872e-07 1.61434e-07 1.00572e-07 5.61159e-08 2.51651e-08 6.14594e-09 6.14594e-09 
9.31086e-10 7.30581e-09 1.81234e-08 3.13585e-08 4.58276e-08 6.08259e-08 7.74635e-08 1.00644e-07 1.3899e-07 2.01036e-07 2.92607e-07 4.18375e-07 5.85185e-07 8.07178e-07 1.11169e-06 1.54554e-06 2.18918e-06 3.21596e-06 5.30741e-06 1.0848e-05 2.47761e-05 4.37887e-05 7.77e-05 0.00012303 0.000161227 0.000200568 0.000239471 0.000256623 0.000286373 0.000260673 0.000165768 8.772e-05 4.56727e-05 2.49014e-05 1.43825e-05 8.76942e-06 5.60499e-06 3.73924e-06 2.59054e-06 1.8521e-06 1.35512e-06 1.00261e-06 7.39941e-07 5.3712e-07 3.78059e-07 2.54567e-07 1.6152e-07 9.39996e-08 4.70339e-08 1.66487e-08 1.96939e-09 
4.14448e-09 1.58636e-08 3.25046e-08 5.24654e-08 7.41774e-08 9.66219e-08 1.21555e-07 1.56316e-07 2.13154e-07 3.03254e-07 4.32981e-07 6.06005e-07 8.27599e-07 1.11169e-06 1.48669e-06 2.00083e-06 2.75686e-06 4.14344e-06 7.31816e-06 1.38935e-05 2.56319e-05 4.39027e-05 6.50019e-05 9.18486e-05 0.000112561 0.000134545 0.000152768 0.000167728 0.000177021 0.000162989 0.000128003 6.57563e-05 3.51112e-05 2.04115e-05 1.26842e-05 8.26442e-06 5.60499e-06 3.93431e-06 2.84039e-06 2.09255e-06 1.55527e-06 1.15142e-06 8.38268e-07 5.92141e-07 4.00975e-07 2.57358e-07 1.53787e-07 8.21755e-08 3.52248e-08 8.21896e-09 8.21896e-09 
1.40339e-09 1.15685e-08 3.05199e-08 5.60013e-08 8.62928e-08 1.19094e-07 1.52849e-07 1.9024e-07 2.42067e-07 3.25379e-07 4.54213e-07 6.34253e-07 8.65416e-07 1.14689e-06 1.48669e-06 1.90465e-06 2.44149e-06 3.30742e-06 5.36036e-06 8.46591e-06 1.45559e-05 2.25025e-05 3.55558e-05 4.8553e-05 6.52991e-05 7.84302e-05 8.97144e-05 9.92507e-05 0.000103364 0.000107819 0.000102005 8.75496e-05 4.82849e-05 2.76554e-05 1.76681e-05 1.18728e-05 8.26442e-06 5.91891e-06 4.33723e-06 3.22943e-06 2.41718e-06 1.79752e-06 1.31293e-06 9.30163e-07 6.32123e-07 4.08541e-07 2.48147e-07 1.38055e-07 6.59464e-08 2.22392e-08 2.54597e-09 
6.18722e-09 2.51822e-08 5.48737e-08 9.39677e-08 1.40218e-07 1.90052e-07 2.40985e-07 2.96976e-07 3.73619e-07 4.93987e-07 6.74495e-07 9.17385e-07 1.21316e-06 1.54554e-06 1.90465e-06 2.28376e-06 2.75658e-06 3.74105e-06 5.17213e-06 8.63619e-06 1.27976e-05 1.87782e-05 2.76256e-05 3.64871e-05 4.66648e-05 5.40956e-05 6.04763e-05 6.46197e-05 6.73819e-05 6.94158e-05 6.40786e-05 5.58879e-05 3.55121e-05 2.31684e-05 1.6363e-05 1.18728e-05 8.76942e-06 6.5698e-06 4.96902e-06 3.75811e-06 2.81277e-06 2.06316e-06 1.46597e-06 9.98595e-07 6.47914e-07 3.97367e-07 2.26596e-07 1.15441e-07 4.71045e-08 1.04602e-08 1.04602e-08 
1.98999e-09 1.72605e-08 4.84891e-08 9.46156e-08 1.54841e-07 2.25854e-07 3.01891e-07 3.7886e-07 4.62366e-07 5.74425e-07 7.45016e-07 9.90864e-07 1.30523e-06 1.65838e-06 2.00083e-06 2.28376e-06 2.48549e-06 2.82552e-06 3.41969e-06 4.87159e-06 7.65698e-06 1.13936e-05 1.60374e-05 2.20979e-05 2.80189e-05 3.39651e-05 3.86953e-05 4.27004e-05 4.54777e-05 4.65548e-05 4.61538e-05 4.22404e-05 3.80918e-05 2.75813e-05 2.10241e-05 1.6363e-05 1.26842e-05 9.82117e-06 7.59858e-06 5.83323e-06 4.40625e-06 3.25068e-06 2.31796e-06 1.58186e-06 1.02837e-06 6.34033e-07 3.66883e-07 1.9433e-07 8.83149e-08 2.82752e-08 3.1399e-09 
8.67308e-09 3.75598e-08 8.70952e-08 1.58707e-07 2.5193e-07 3.61478e-07 4.77836e-07 5.94089e-07 7.17745e-07 8.79036e-07 1.11441e-06 1.43556e-06 1.81683e-06 2.18918e-06 2.44149e-06 2.48549e-06 2.39686e-06 2.38706e-06 3.39076e-06 5.00848e-06 7.48621e-06 1.05014e-05 1.40123e-05 1.81963e-05 2.22138e-05 2.6176e-05 2.95417e-05 3.22853e-05 3.36173e-05 3.37607e-05 3.32849e-05 3.07676e-05 2.82701e-05 2.35975e-05 2.10241e-05 1.76681e-05 1.43825e-05 1.14993e-05 9.01559e-06 6.89864e-06 5.13024e-06 3.67568e-06 2.51321e-06 1.63521e-06 1.01061e-06 5.89531e-07 3.19587e-07 1.54789e-07 5.99719e-08 1.26431e-08 1.26431e-08 
2.648e-09 2.41387e-08 7.21687e-08 1.4982e-07 2.61275e-07 4.06244e-07 5.75878e-07 7.54184e-07 9.29294e-07 1.11041e-06 1.33761e-06 1.65001e-06 2.04293e-06 2.45735e-06 2.75686e-06 2.75658e-06 2.39686e-06 1.93448e-06 2.552e-06 3.73015e-06 5.36499e-06 7.39839e-06 9.78801e-06 1.24545e-05 1.54531e-05 1.84244e-05 2.13033e-05 2.37072e-05 2.53678e-05 2.61327e-05 2.62767e-05 2.57538e-05 2.45087e-05 2.36766e-05 2.35975e-05 2.31684e-05 2.04115e-05 1.71234e-05 1.38283e-05 1.07721e-05 8.09917e-06 5.84137e-06 4.0041e-06 2.60621e-06 1.61172e-06 9.43764e-07 5.18373e-07 2.60786e-07 1.12583e-07 3.41556e-08 3.69627e-09 
1.13829e-08 5.23939e-08 1.29131e-07 2.50518e-07 4.24627e-07 6.51009e-07 9.14411e-07 1.18763e-06 1.45008e-06 1.71121e-06 2.02209e-06 2.4134e-06 2.84496e-06 3.21596e-06 3.30742e-06 2.82552e-06 1.93448e-06 2.19271e-06 2.98576e-06 4.17013e-06 5.59425e-06 7.26806e-06 9.17422e-06 1.12541e-05 1.35373e-05 1.58159e-05 1.79359e-05 1.96145e-05 2.08059e-05 2.14804e-05 2.16904e-05 2.18091e-05 2.18757e-05 2.36766e-05 2.75813e-05 2.76554e-05 2.49014e-05 2.09598e-05 1.67321e-05 1.27684e-05 9.29391e-06 6.39425e-06 4.16373e-06 2.57404e-06 1.50886e-06 8.34213e-07 4.29039e-07 1.97421e-07 7.25905e-08 1.45097e-08 1.45097e-08 
3.3073e-09 3.1567e-08 1.00226e-07 2.21027e-07 4.11006e-07 6.84075e-07 1.03886e-06 1.44866e-06 1.86672e-06 2.25737e-06 2.62599e-06 3.03652e-06 3.48696e-06 3.88373e-06 4.14344e-06 3.74105e-06 2.38706e-06 2.19271e-06 2.63384e-06 3.47076e-06 4.51032e-06 5.71768e-06 7.10233e-06 8.65176e-06 1.03281e-05 1.21176e-05 1.38758e-05 1.54654e-05 1.67788e-05 1.77936e-05 1.8505e-05 1.92031e-05 2.0207e-05 2.18757e-05 2.82701e-05 3.55121e-05 3.51112e-05 3.12429e-05 2.57737e-05 2.00593e-05 1.47852e-05 1.02273e-05 6.66625e-06 4.11835e-06 2.41264e-06 1.33695e-06 6.95791e-07 3.32477e-07 1.36454e-07 3.92126e-08 4.16312e-09 
1.39843e-08 6.82422e-08 1.78251e-07 3.67544e-07 6.65736e-07 1.09568e-06 1.65348e-06 2.29197e-06 2.93025e-06 3.50723e-06 4.01491e-06 4.54226e-06 5.01174e-06 5.30741e-06 5.36036e-06 3.41969e-06 2.552e-06 2.63384e-06 3.14353e-06 3.87474e-06 4.75006e-06 5.76767e-06 6.927e-06 8.20956e-06 9.57722e-06 1.09993e-05 1.23852e-05 1.36704e-05 1.48046e-05 1.57936e-05 1.67926e-05 1.8123e-05 2.0207e-05 2.45087e-05 3.80918e-05 4.82849e-05 4.56727e-05 3.92495e-05 3.13285e-05 2.34815e-05 1.63679e-05 1.06899e-05 6.60103e-06 3.86136e-06 2.13876e-06 1.11887e-06 5.46258e-07 2.39263e-07 8.36104e-08 1.58363e-08 1.58363e-08 
3.88796e-09 3.86193e-08 1.29764e-07 3.02959e-07 5.99603e-07 1.06933e-06 1.74885e-06 2.62854e-06 3.62499e-06 4.59754e-06 5.44588e-06 6.13252e-06 6.83497e-06 7.31869e-06 7.31816e-06 5.17213e-06 3.39076e-06 2.98576e-06 3.14353e-06 3.58176e-06 4.17901e-06 4.91017e-06 5.77409e-06 6.75322e-06 7.82012e-06 8.9444e-06 1.01023e-05 1.12533e-05 1.23698e-05 1.34501e-05 1.4589e-05 1.60161e-05 1.8123e-05 2.18091e-05 3.07676e-05 5.58879e-05 6.57563e-05 5.90201e-05 4.85281e-05 3.71659e-05 2.61799e-05 1.71565e-05 1.05964e-05 6.18778e-06 3.41995e-06 1.79057e-06 8.83913e-07 4.02328e-07 1.57466e-07 4.2894e-08 4.50296e-09 
1.61174e-08 8.31012e-08 2.29044e-07 5.00033e-07 9.65991e-07 1.70883e-06 2.78701e-06 4.17941e-06 5.73894e-06 7.22132e-06 8.47838e-06 9.42251e-06 1.05409e-05 1.0848e-05 8.46591e-06 4.87159e-06 3.73015e-06 3.47076e-06 3.58176e-06 3.91585e-06 4.39771e-06 5.01569e-06 5.75213e-06 6.57849e-06 7.4713e-06 8.41271e-06 9.39448e-06 1.0405e-05 1.14542e-05 1.26073e-05 1.40246e-05 1.60161e-05 1.92031e-05 2.57538e-05 4.22404e-05 8.75496e-05 8.772e-05 7.44592e-05 5.85276e-05 4.17956e-05 2.75325e-05 1.7027e-05 9.92829e-06 5.47036e-06 2.85828e-06 1.41693e-06 6.59124e-07 2.76036e-07 9.19573e-08 1.64921e-08 1.64921e-08 
4.32378e-09 4.43364e-08 1.56976e-07 3.86009e-07 8.09684e-07 1.5441e-06 2.72386e-06 4.44235e-06 6.65704e-06 9.11164e-06 1.13853e-05 1.33128e-05 1.47071e-05 1.66988e-05 1.38935e-05 8.63619e-06 5.00848e-06 4.17013e-06 3.87474e-06 3.91585e-06 4.1593e-06 4.55569e-06 5.0814e-06 5.70692e-06 6.40677e-06 7.16528e-06 7.97752e-06 8.84837e-06 9.79395e-06 1.08714e-05 1.22037e-05 1.40246e-05 1.67926e-05 2.16904e-05 3.32849e-05 6.40786e-05 0.000128003 0.000112921 9.15657e-05 6.65133e-05 4.41336e-05 2.73697e-05 1.59461e-05 8.75568e-06 4.55735e-06 2.25846e-06 1.06217e-06 4.63116e-07 1.73726e-07 4.49217e-08 4.69941e-09 
1.74996e-08 9.50136e-08 2.7483e-07 6.31543e-07 1.29524e-06 2.45758e-06 4.34042e-06 7.09487e-06 1.06422e-05 1.45453e-05 1.80851e-05 2.12225e-05 2.32575e-05 2.47761e-05 1.45559e-05 7.65698e-06 5.36499e-06 4.51032e-06 4.17901e-06 4.1593e-06 4.33917e-06 4.66923e-06 5.1146e-06 5.64675e-06 6.246e-06 6.90591e-06 7.63246e-06 8.44675e-06 9.39777e-06 1.05881e-05 1.22037e-05 1.4589e-05 1.8505e-05 2.62767e-05 4.61538e-05 0.000102005 0.000165768 0.000141756 0.000105327 7.0579e-05 4.39739e-05 2.56267e-05 1.40235e-05 7.26353e-06 3.58761e-06 1.6938e-06 7.55689e-07 3.04579e-07 9.71511e-08 1.64732e-08 1.64732e-08 
4.58117e-09 4.8026e-08 1.78403e-07 4.59058e-07 1.01385e-06 2.05715e-06 3.90567e-06 6.92813e-06 1.13745e-05 1.71112e-05 2.34113e-05 2.90146e-05 3.42445e-05 3.52026e-05 2.56319e-05 1.27976e-05 7.48621e-06 5.59425e-06 4.75006e-06 4.39771e-06 4.33917e-06 4.47335e-06 4.74677e-06 5.12411e-06 5.58021e-06 6.10294e-06 6.69479e-06 7.37386e-06 8.18234e-06 9.20289e-06 1.05881e-05 1.26073e-05 1.57936e-05 2.14804e-05 3.37607e-05 6.94158e-05 0.000162989 0.000212205 0.000165066 0.000112362 7.05365e-05 4.11834e-05 2.24713e-05 1.15763e-05 5.68778e-06 2.68298e-06 1.21117e-06 5.09762e-07 1.84468e-07 4.53755e-08 4.7588e-09 
1.80024e-08 1.02722e-07 3.10036e-07 7.44261e-07 1.60871e-06 3.25612e-06 6.21247e-06 1.10978e-05 1.83365e-05 2.77171e-05 3.80311e-05 4.67459e-05 5.42003e-05 4.37887e-05 2.25025e-05 1.13936e-05 7.39839e-06 5.71768e-06 4.91017e-06 4.55569e-06 4.47335e-06 4.57067e-06 4.79669e-06 5.11777e-06 5.5144e-06 5.98236e-06 6.53365e-06 7.20129e-06 8.05102e-06 9.20289e-06 1.08714e-05 1.34501e-05 1.77936e-05 2.61327e-05 4.65548e-05 0.000107819 0.000260673 0.000249341 0.00017688 0.000112673 6.61083e-05 3.60084e-05 1.84505e-05 9.00714e-06 4.23165e-06 1.91855e-06 8.281e-07 3.23757e-07 9.94403e-08 1.59144e-08 1.59144e-08 
4.66685e-09 4.94618e-08 1.92155e-07 5.13718e-07 1.18435e-06 2.53627e-06 5.15142e-06 9.90953e-06 1.78654e-05 2.97491e-05 4.52053e-05 6.20181e-05 7.38561e-05 7.67663e-05 4.39027e-05 1.87782e-05 1.05014e-05 7.26806e-06 5.76767e-06 5.01569e-06 4.66923e-06 4.57067e-06 4.63902e-06 4.82596e-06 5.10219e-06 5.45495e-06 5.88808e-06 6.42474e-06 7.11489e-06 8.05102e-06 9.39777e-06 1.14542e-05 1.48046e-05 2.08059e-05 3.36173e-05 6.73819e-05 0.000177021 0.000343485 0.000268589 0.000177865 0.000105696 5.76355e-05 2.93987e-05 1.42531e-05 6.65581e-06 3.01574e-06 1.31924e-06 5.40761e-07 1.90224e-07 4.46962e-08 4.70909e-09 
1.7678e-08 1.06041e-07 3.3225e-07 8.26249e-07 1.86399e-06 3.9884e-06 8.16405e-06 1.58714e-05 2.89137e-05 4.85051e-05 7.37977e-05 9.97932e-05 0.000107948 7.77e-05 3.55558e-05 1.60374e-05 9.78801e-06 7.10233e-06 5.77409e-06 5.0814e-06 4.74677e-06 4.63902e-06 4.68479e-06 4.84053e-06 5.08295e-06 5.40629e-06 5.82331e-06 6.36979e-06 7.11489e-06 8.18234e-06 9.79395e-06 1.23698e-05 1.67788e-05 2.53678e-05 4.54777e-05 0.000103364 0.000286373 0.000375062 0.000271231 0.000166956 9.18624e-05 4.6777e-05 2.25354e-05 1.04488e-05 4.71615e-06 2.07469e-06 8.74707e-07 3.34617e-07 9.97359e-08 1.50845e-08 1.50845e-08 
4.62445e-09 4.8923e-08 1.98439e-07 5.475e-07 1.30499e-06 2.91705e-06 6.2731e-06 1.29781e-05 2.55247e-05 4.69557e-05 7.90115e-05 0.000118849 0.000153155 0.000129536 6.50019e-05 2.76256e-05 1.40123e-05 9.17422e-06 6.927e-06 5.75213e-06 5.1146e-06 4.79669e-06 4.68479e-06 4.71348e-06 4.84566e-06 5.06451e-06 5.37185e-06 5.79032e-06 6.36979e-06 7.20129e-06 8.44675e-06 1.0405e-05 1.36704e-05 1.96145e-05 3.22853e-05 6.46197e-05 0.000167728 0.000390392 0.000381951 0.000255151 0.000144576 7.40739e-05 3.55595e-05 1.63749e-05 7.34914e-06 3.23466e-06 1.38532e-06 5.5816e-07 1.92582e-07 4.36141e-08 4.59702e-09 
1.67467e-08 1.05821e-07 3.42745e-07 8.75893e-07 2.03986e-06 4.55582e-06 9.88379e-06 2.06924e-05 4.11278e-05 7.60803e-05 0.000126989 0.00018418 0.000208405 0.00012303 4.8553e-05 2.20979e-05 1.24545e-05 8.65176e-06 6.75322e-06 5.70692e-06 5.12411e-06 4.82596e-06 4.71348e-06 4.73011e-06 4.84563e-06 5.05022e-06 5.35399e-06 5.79032e-06 6.42474e-06 7.37386e-06 8.84837e-06 1.12533e-05 1.54654e-05 2.37072e-05 4.27004e-05 9.92507e-05 0.000256623 0.000438099 0.000362166 0.000220342 0.000115739 5.57985e-05 2.55886e-05 1.14177e-05 5.01304e-06 2.16331e-06 8.99485e-07 3.39788e-07 9.93578e-08 1.43586e-08 1.43586e-08 
4.5226e-09 4.71061e-08 1.99216e-07 5.63838e-07 1.37665e-06 3.17199e-06 7.11549e-06 1.55994e-05 3.30156e-05 6.60225e-05 0.000121643 0.000197367 0.000262614 0.000205938 9.18486e-05 3.64871e-05 1.81963e-05 1.12541e-05 8.20956e-06 6.57849e-06 5.64675e-06 5.11777e-06 4.84053e-06 4.73011e-06 4.73879e-06 4.84366e-06 5.04245e-06 5.35399e-06 5.82331e-06 6.53365e-06 7.63246e-06 9.39448e-06 1.23852e-05 1.79359e-05 2.95417e-05 6.04763e-05 0.000152768 0.000398178 0.000440299 0.000313771 0.000175173 8.63019e-05 3.97204e-05 1.76675e-05 7.73182e-06 3.34555e-06 1.41685e-06 5.66238e-07 1.93607e-07 4.29696e-08 4.48121e-09 
1.55648e-08 1.0361e-07 3.45322e-07 9.00341e-07 2.14192e-06 4.92126e-06 1.11159e-05 2.46064e-05 5.24323e-05 0.000104533 0.00018871 0.000287999 0.000316399 0.000161227 6.52991e-05 2.80189e-05 1.54531e-05 1.03281e-05 7.82012e-06 6.40677e-06 5.58021e-06 5.10219e-06 4.84566e-06 4.73879e-06 4.74266e-06 4.84205e-06 5.04245e-06 5.37185e-06 5.88808e-06 6.69479e-06 7.97752e-06 1.01023e-05 1.38758e-05 2.13033e-05 3.86953e-05 8.97144e-05 0.000239471 0.000478565 0.000395861 0.000248902 0.000129261 6.06909e-05 2.71189e-05 1.18582e-05 5.13501e-06 2.19731e-06 9.09217e-07 3.42328e-07 9.95895e-08 1.4119e-08 1.4119e-08 
4.43546e-09 4.49542e-08 1.97258e-07 5.6921e-07 1.41198e-06 3.31361e-06 7.62291e-06 1.73315e-05 3.85895e-05 8.21196e-05 0.000160795 0.000277406 0.000376577 0.000281045 0.000112561 4.66648e-05 2.22138e-05 1.35373e-05 9.57722e-06 7.4713e-06 6.246e-06 5.5144e-06 5.08295e-06 4.84563e-06 4.74266e-06 4.74397e-06 4.84205e-06 5.05022e-06 5.40629e-06 5.98236e-06 6.90591e-06 8.41271e-06 1.09993e-05 1.58159e-05 2.6176e-05 5.40956e-05 0.000134545 0.00035303 0.000454183 0.000319855 0.000182336 8.97263e-05 4.09095e-05 1.80101e-05 7.81959e-06 3.36793e-06 1.42393e-06 5.69297e-07 1.95005e-07 4.3391e-08 4.41729e-09 
1.45638e-08 1.01113e-07 3.44256e-07 9.09392e-07 2.18971e-06 5.10466e-06 1.17662e-05 2.68336e-05 5.96448e-05 0.000125152 0.000235398 0.000374825 0.000419105 0.000200568 7.84302e-05 3.39651e-05 1.84244e-05 1.21176e-05 8.9444e-06 7.16528e-06 6.10294e-06 5.45495e-06 5.06451e-06 4.84366e-06 4.74397e-06 4.74397e-06 4.84366e-06 5.06451e-06 5.45495e-06 6.10294e-06 7.16528e-06 8.9444e-06 1.21176e-05 1.84244e-05 3.39651e-05 7.84302e-05 0.000200568 0.000419105 0.000374825 0.000235398 0.000125152 5.96448e-05 2.68336e-05 1.17662e-05 5.10466e-06 2.18971e-06 9.09392e-07 3.44256e-07 1.01113e-07 1.45638e-08 1.45638e-08 
4.41729e-09 4.3391e-08 1.95005e-07 5.69297e-07 1.42393e-06 3.36793e-06 7.81959e-06 1.80101e-05 4.09095e-05 8.97263e-05 0.000182336 0.000319855 0.000454183 0.00035303 0.000134545 5.40956e-05 2.6176e-05 1.58159e-05 1.09993e-05 8.41271e-06 6.90591e-06 5.98236e-06 5.40629e-06 5.05022e-06 4.84205e-06 4.74397e-06 4.74266e-06 4.84563e-06 5.08295e-06 5.5144e-06 6.246e-06 7.4713e-06 9.57722e-06 1.35373e-05 2.22138e-05 4.66648e-05 0.000112561 0.000281045 0.000376577 0.000277406 0.000160795 8.21196e-05 3.85895e-05 1.73315e-05 7.62291e-06 3.31361e-06 1.41198e-06 5.6921e-07 1.97258e-07 4.49542e-08 4.43546e-09 
1.4119e-08 9.95895e-08 3.42328e-07 9.09217e-07 2.19731e-06 5.13501e-06 1.18582e-05 2.71189e-05 6.06909e-05 0.000129261 0.000248902 0.000395861 0.000478565 0.000239471 8.97144e-05 3.86953e-05 2.13033e-05 1.38758e-05 1.01023e-05 7.97752e-06 6.69479e-06 5.88808e-06 5.37185e-06 5.04245e-06 4.84205e-06 4.74266e-06 4.73879e-06 4.84566e-06 5.10219e-06 5.58021e-06 6.40677e-06 7.82012e-06 1.03281e-05 1.54531e-05 2.80189e-05 6.52991e-05 0.000161227 0.000316399 0.000287999 0.00018871 0.000104533 5.24323e-05 2.46064e-05 1.11159e-05 4.92126e-06 2.14192e-06 9.00341e-07 3.45322e-07 1.0361e-07 1.55648e-08 1.55648e-08 
4.48121e-09 4.29696e-08 1.93607e-07 5.66238e-07 1.41685e-06 3.34555e-06 7.73182e-06 1.76675e-05 3.97204e-05 8.63019e-05 0.000175173 0.000313771 0.000440299 0.000398178 0.000152768 6.04763e-05 2.95417e-05 1.79359e-05 1.23852e-05 9.39448e-06 7.63246e-06 6.53365e-06 5.82331e-06 5.35399e-06 5.04245e-06 4.84366e-06 4.73879e-06 4.73011e-06 4.84053e-06 5.11777e-06 5.64675e-06 6.57849e-06 8.20956e-06 1.12541e-05 1.81963e-05 3.64871e-05 9.18486e-05 0.000205938 0.000262614 0.000197367 0.000121643 6.60225e-05 3.30156e-05 1.55994e-05 7.11549e-06 3.17199e-06 1.37665e-06 5.63838e-07 1.99216e-07 4.71061e-08 4.5226e-09 
1.43586e-08 9.93578e-08 3.39788e-07 8.99485e-07 2.16331e-06 5.01304e-06 1.14177e-05 2.55886e-05 5.57985e-05 0.000115739 0.000220342 0.000362166 0.000438099 0.000256623 9.92507e-05 4.27004e-05 2.37072e-05 1.54654e-05 1.12533e-05 8.84837e-06 7.37386e-06 6.42474e-06 5.79032e-06 5.35399e-06 5.05022e-06 4.84563e-06 4.73011e-06 4.71348e-06 4.82596e-06 5.12411e-06 5.70692e-06 6.75322e-06 8.65176e-06 1.24545e-05 2.20979e-05 4.8553e-05 0.00012303 0.000208405 0.00018418 0.000126989 7.60803e-05 4.11278e-05 2.06924e-05 9.88379e-06 4.55582e-06 2.03986e-06 8.75893e-07 3.42745e-07 1.05821e-07 1.67467e-08 1.67467e-08 
4.59702e-09 4.36141e-08 1.92582e-07 5.5816e-07 1.38532e-06 3.23466e-06 7.34914e-06 1.63749e-05 3.55595e-05 7.40739e-05 0.000144576 0.000255151 0.000381951 0.000390392 0.000167728 6.46197e-05 3.22853e-05 1.96145e-05 1.36704e-05 1.0405e-05 8.44675e-06 7.20129e-06 6.36979e-06 5.79032e-06 5.37185e-06 5.06451e-06 4.84566e-06 4.71348e-06 4.68479e-06 4.79669e-06 5.1146e-06 5.75213e-06 6.927e-06 9.17422e-06 1.40123e-05 2.76256e-05 6.50019e-05 0.000129536 0.000153155 0.000118849 7.90115e-05 4.69557e-05 2.55247e-05 1.29781e-05 6.2731e-06 2.91705e-06 1.30499e-06 5.475e-07 1.98439e-07 4.8923e-08 4.62445e-09 
1.50845e-08 9.97359e-08 3.34617e-07 8.74707e-07 2.07469e-06 4.71615e-06 1.04488e-05 2.25354e-05 4.6777e-05 9.18624e-05 0.000166956 0.000271231 0.000375062 0.000286373 0.000103364 4.54777e-05 2.53678e-05 1.67788e-05 1.23698e-05 9.79395e-06 8.18234e-06 7.11489e-06 6.36979e-06 5.82331e-06 5.40629e-06 5.08295e-06 4.84053e-06 4.68479e-06 4.63902e-06 4.74677e-06 5.0814e-06 5.77409e-06 7.10233e-06 9.78801e-06 1.60374e-05 3.55558e-05 7.77e-05 0.000107948 9.97932e-05 7.37977e-05 4.85051e-05 2.89137e-05 1.58714e-05 8.16405e-06 3.9884e-06 1.86399e-06 8.26249e-07 3.3225e-07 1.06041e-07 1.7678e-08 1.7678e-08 
4.70909e-09 4.46962e-08 1.90224e-07 5.40761e-07 1.31924e-06 3.01574e-06 6.65581e-06 1.42531e-05 2.93987e-05 5.76355e-05 0.000105696 0.000177865 0.000268589 0.000343485 0.000177021 6.73819e-05 3.36173e-05 2.08059e-05 1.48046e-05 1.14542e-05 9.39777e-06 8.05102e-06 7.11489e-06 6.42474e-06 5.88808e-06 5.45495e-06 5.10219e-06 4.82596e-06 4.63902e-06 4.57067e-06 4.66923e-06 5.01569e-06 5.76767e-06 7.26806e-06 1.05014e-05 1.87782e-05 4.39027e-05 7.67663e-05 7.38561e-05 6.20181e-05 4.52053e-05 2.97491e-05 1.78654e-05 9.90953e-06 5.15142e-06 2.53627e-06 1.18435e-06 5.13718e-07 1.92155e-07 4.94618e-08 4.66685e-09 
1.59144e-08 9.94403e-08 3.23757e-07 8.281e-07 1.91855e-06 4.23165e-06 9.00714e-06 1.84505e-05 3.60084e-05 6.61083e-05 0.000112673 0.00017688 0.000249341 0.000260673 0.000107819 4.65548e-05 2.61327e-05 1.77936e-05 1.34501e-05 1.08714e-05 9.20289e-06 8.05102e-06 7.20129e-06 6.53365e-06 5.98236e-06 5.5144e-06 5.11777e-06 4.79669e-06 4.57067e-06 4.47335e-06 4.55569e-06 4.91017e-06 5.71768e-06 7.39839e-06 1.13936e-05 2.25025e-05 4.37887e-05 5.42003e-05 4.67459e-05 3.80311e-05 2.77171e-05 1.83365e-05 1.10978e-05 6.21247e-06 3.25612e-06 1.60871e-06 7.44261e-07 3.10036e-07 1.02722e-07 1.80024e-08 1.80024e-08 
4.7588e-09 4.53755e-08 1.84468e-07 5.09762e-07 1.21117e-06 2.68298e-06 5.68778e-06 1.15763e-05 2.24713e-05 4.11834e-05 7.05365e-05 0.000112362 0.000165066 0.000212205 0.000162989 6.94158e-05 3.37607e-05 2.14804e-05 1.57936e-05 1.26073e-05 1.05881e-05 9.20289e-06 8.18234e-06 7.37386e-06 6.69479e-06 6.10294e-06 5.58021e-06 5.12411e-06 4.74677e-06 4.47335e-06 4.33917e-06 4.39771e-06 4.75006e-06 5.59425e-06 7.48621e-06 1.27976e-05 2.56319e-05 3.52026e-05 3.42445e-05 2.90146e-05 2.34113e-05 1.71112e-05 1.13745e-05 6.92813e-06 3.90567e-06 2.05715e-06 1.01385e-06 4.59058e-07 1.78403e-07 4.8026e-08 4.58117e-09 
1.64732e-08 9.71511e-08 3.04579e-07 7.55689e-07 1.6938e-06 3.58761e-06 7.26353e-06 1.40235e-05 2.56267e-05 4.39739e-05 7.0579e-05 0.000105327 0.000141756 0.000165768 0.000102005 4.61538e-05 2.62767e-05 1.8505e-05 1.4589e-05 1.22037e-05 1.05881e-05 9.39777e-06 8.44675e-06 7.63246e-06 6.90591e-06 6.246e-06 5.64675e-06 5.1146e-06 4.66923e-06 4.33917e-06 4.1593e-06 4.17901e-06 4.51032e-06 5.36499e-06 7.65698e-06 1.45559e-05 2.47761e-05 2.32575e-05 2.12225e-05 1.80851e-05 1.45453e-05 1.06422e-05 7.09487e-06 4.34042e-06 2.45758e-06 1.29524e-06 6.31543e-07 2.7483e-07 9.50136e-08 1.74996e-08 1.74996e-08 
4.69941e-09 4.49217e-08 1.73726e-07 4.63116e-07 1.06217e-06 2.25846e-06 4.55735e-06 8.75568e-06 1.59461e-05 2.73697e-05 4.41336e-05 6.65133e-05 9.15657e-05 0.000112921 0.000128003 6.40786e-05 3.32849e-05 2.16904e-05 1.67926e-05 1.40246e-05 1.22037e-05 1.08714e-05 9.79395e-06 8.84837e-06 7.97752e-06 7.16528e-06 6.40677e-06 5.70692e-06 5.0814e-06 4.55569e-06 4.1593e-06 3.91585e-06 3.87474e-06 4.17013e-06 5.00848e-06 8.63619e-06 1.38935e-05 1.66988e-05 1.47071e-05 1.33128e-05 1.13853e-05 9.11164e-06 6.65704e-06 4.44235e-06 2.72386e-06 1.5441e-06 8.09684e-07 3.86009e-07 1.56976e-07 4.43364e-08 4.32378e-09 
1.64921e-08 9.19573e-08 2.76036e-07 6.59124e-07 1.41693e-06 2.85828e-06 5.47036e-06 9.92829e-06 1.7027e-05 2.75325e-05 4.17956e-05 5.85276e-05 7.44592e-05 8.772e-05 8.75496e-05 4.22404e-05 2.57538e-05 1.92031e-05 1.60161e-05 1.40246e-05 1.26073e-05 1.14542e-05 1.0405e-05 9.39448e-06 8.41271e-06 7.4713e-06 6.57849e-06 5.75213e-06 5.01569e-06 4.39771e-06 3.91585e-06 3.58176e-06 3.47076e-06 3.73015e-06 4.87159e-06 8.46591e-06 1.0848e-05 1.05409e-05 9.42251e-06 8.47838e-06 7.22132e-06 5.73894e-06 4.17941e-06 2.78701e-06 1.70883e-06 9.65991e-07 5.00033e-07 2.29044e-07 8.31012e-08 1.61174e-08 1.61174e-08 
4.50296e-09 4.2894e-08 1.57466e-07 4.02328e-07 8.83913e-07 1.79057e-06 3.41995e-06 6.18778e-06 1.05964e-05 1.71565e-05 2.61799e-05 3.71659e-05 4.85281e-05 5.90201e-05 6.57563e-05 5.58879e-05 3.07676e-05 2.18091e-05 1.8123e-05 1.60161e-05 1.4589e-05 1.34501e-05 1.23698e-05 1.12533e-05 1.01023e-05 8.9444e-06 7.82012e-06 6.75322e-06 5.77409e-06 4.91017e-06 4.17901e-06 3.58176e-06 3.14353e-06 2.98576e-06 3.39076e-06 5.17213e-06 7.31816e-06 7.31869e-06 6.83497e-06 6.13252e-06 5.44588e-06 4.59754e-06 3.62499e-06 2.62854e-06 1.74885e-06 1.06933e-06 5.99603e-07 3.02959e-07 1.29764e-07 3.86193e-08 3.88796e-09 
1.58363e-08 8.36104e-08 2.39263e-07 5.46258e-07 1.11887e-06 2.13876e-06 3.86136e-06 6.60103e-06 1.06899e-05 1.63679e-05 2.34815e-05 3.13285e-05 3.92495e-05 4.56727e-05 4.82849e-05 3.80918e-05 2.45087e-05 2.0207e-05 1.8123e-05 1.67926e-05 1.57936e-05 1.48046e-05 1.36704e-05 1.23852e-05 1.09993e-05 9.57722e-06 8.20956e-06 6.927e-06 5.76767e-06 4.75006e-06 3.87474e-06 3.14353e-06 2.63384e-06 2.552e-06 3.41969e-06 5.36036e-06 5.30741e-06 5.01174e-06 4.54226e-06 4.01491e-06 3.50723e-06 2.93025e-06 2.29197e-06 1.65348e-06 1.09568e-06 6.65736e-07 3.67544e-07 1.78251e-07 6.82422e-08 1.39843e-08 1.39843e-08 
4.16312e-09 3.92126e-08 1.36454e-07 3.32477e-07 6.95791e-07 1.33695e-06 2.41264e-06 4.11835e-06 6.66625e-06 1.02273e-05 1.47852e-05 2.00593e-05 2.57737e-05 3.12429e-05 3.51112e-05 3.55121e-05 2.82701e-05 2.18757e-05 2.0207e-05 1.92031e-05 1.8505e-05 1.77936e-05 1.67788e-05 1.54654e-05 1.38758e-05 1.21176e-05 1.03281e-05 8.65176e-06 7.10233e-06 5.71768e-06 4.51032e-06 3.47076e-06 2.63384e-06 2.19271e-06 2.38706e-06 3.74105e-06 4.14344e-06 3.88373e-06 3.48696e-06 3.03652e-06 2.62599e-06 2.25737e-06 1.86672e-06 1.44866e-06 1.03886e-06 6.84075e-07 4.11006e-07 2.21027e-07 1.00226e-07 3.1567e-08 3.3073e-09 
1.45097e-08 7.25905e-08 1.97421e-07 4.29039e-07 8.34213e-07 1.50886e-06 2.57404e-06 4.16373e-06 6.39425e-06 9.29391e-06 1.27684e-05 1.67321e-05 2.09598e-05 2.49014e-05 2.76554e-05 2.75813e-05 2.36766e-05 2.18757e-05 2.18091e-05 2.16904e-05 2.14804e-05 2.08059e-05 1.96145e-05 1.79359e-05 1.58159e-05 1.35373e-05 1.12541e-05 9.17422e-06 7.26806e-06 5.59425e-06 4.17013e-06 2.98576e-06 2.19271e-06 1.93448e-06 2.82552e-06 3.30742e-06 3.21596e-06 2.84496e-06 2.4134e-06 2.02209e-06 1.71121e-06 1.45008e-06 1.18763e-06 9.14411e-07 6.51009e-07 4.24627e-07 2.50518e-07 1.29131e-07 5.23939e-08 1.13829e-08 1.13829e-08 
3.69627e-09 3.41556e-08 1.12583e-07 2.60786e-07 5.18373e-07 9.43764e-07 1.61172e-06 2.60621e-06 4.0041e-06 5.84137e-06 8.09917e-06 1.07721e-05 1.38283e-05 1.71234e-05 2.04115e-05 2.31684e-05 2.35975e-05 2.36766e-05 2.45087e-05 2.57538e-05 2.62767e-05 2.61327e-05 2.53678e-05 2.37072e-05 2.13033e-05 1.84244e-05 1.54531e-05 1.24545e-05 9.78801e-06 7.39839e-06 5.36499e-06 3.73015e-06 2.552e-06 1.93448e-06 2.39686e-06 2.75658e-06 2.75686e-06 2.45735e-06 2.04293e-06 1.65001e-06 1.33761e-06 1.11041e-06 9.29294e-07 7.54184e-07 5.75878e-07 4.06244e-07 2.61275e-07 1.4982e-07 7.21687e-08 2.41387e-08 2.648e-09 
1.26431e-08 5.99719e-08 1.54789e-07 3.19587e-07 5.89531e-07 1.01061e-06 1.63521e-06 2.51321e-06 3.67568e-06 5.13024e-06 6.89864e-06 9.01559e-06 1.14993e-05 1.43825e-05 1.76681e-05 2.10241e-05 2.35975e-05 2.82701e-05 3.07676e-05 3.32849e-05 3.37607e-05 3.36173e-05 3.22853e-05 2.95417e-05 2.6176e-05 2.22138e-05 1.81963e-05 1.40123e-05 1.05014e-05 7.48621e-06 5.00848e-06 3.39076e-06 2.38706e-06 2.39686e-06 2.48549e-06 2.44149e-06 2.18918e-06 1.81683e-06 1.43556e-06 1.11441e-06 8.79036e-07 7.17745e-07 5.94089e-07 4.77836e-07 3.61478e-07 2.5193e-07 1.58707e-07 8.70952e-08 3.75598e-08 8.67308e-09 8.67308e-09 
3.1399e-09 2.82752e-08 8.83149e-08 1.9433e-07 3.66883e-07 6.34033e-07 1.02837e-06 1.58186e-06 2.31796e-06 3.25068e-06 4.40625e-06 5.83323e-06 7.59858e-06 9.82117e-06 1.26842e-05 1.6363e-05 2.10241e-05 2.75813e-05 3.80918e-05 4.22404e-05 4.61538e-05 4.65548e-05 4.54777e-05 4.27004e-05 3.86953e-05 3.39651e-05 2.80189e-05 2.20979e-05 1.60374e-05 1.13936e-05 7.65698e-06 4.87159e-06 3.41969e-06 2.82552e-06 2.48549e-06 2.28376e-06 2.00083e-06 1.65838e-06 1.30523e-06 9.90864e-07 7.45016e-07 5.74425e-07 4.62366e-07 3.7886e-07 3.01891e-07 2.25854e-07 1.54841e-07 9.46156e-08 4.84891e-08 1.72605e-08 1.98999e-09 
1.04602e-08 4.71045e-08 1.15441e-07 2.26596e-07 3.97367e-07 6.47914e-07 9.98595e-07 1.46597e-06 2.06316e-06 2.81277e-06 3.75811e-06 4.96902e-06 6.5698e-06 8.76942e-06 1.18728e-05 1.6363e-05 2.31684e-05 3.55121e-05 5.58879e-05 6.40786e-05 6.94158e-05 6.73819e-05 6.46197e-05 6.04763e-05 5.40956e-05 4.66648e-05 3.64871e-05 2.76256e-05 1.87782e-05 1.27976e-05 8.63619e-06 5.17213e-06 3.74105e-06 2.75658e-06 2.28376e-06 1.90465e-06 1.54554e-06 1.21316e-06 9.17385e-07 6.74495e-07 4.93987e-07 3.73619e-07 2.96976e-07 2.40985e-07 1.90052e-07 1.40218e-07 9.39677e-08 5.48737e-08 2.51822e-08 6.18722e-09 6.18722e-09 
2.54597e-09 2.22392e-08 6.59464e-08 1.38055e-07 2.48147e-07 4.08541e-07 6.32123e-07 9.30163e-07 1.31293e-06 1.79752e-06 2.41718e-06 3.22943e-06 4.33723e-06 5.91891e-06 8.26442e-06 1.18728e-05 1.76681e-05 2.76554e-05 4.82849e-05 8.75496e-05 0.000102005 0.000107819 0.000103364 9.92507e-05 8.97144e-05 7.84302e-05 6.52991e-05 4.8553e-05 3.55558e-05 2.25025e-05 1.45559e-05 8.46591e-06 5.36036e-06 3.30742e-06 2.44149e-06 1.90465e-06 1.48669e-06 1.14689e-06 8.65416e-07 6.34253e-07 4.54213e-07 3.25379e-07 2.42067e-07 1.9024e-07 1.52849e-07 1.19094e-07 8.62928e-08 5.60013e-08 3.05199e-08 1.15685e-08 1.40339e-09 
8.21896e-09 3.52248e-08 8.21755e-08 1.53787e-07 2.57358e-07 4.00975e-07 5.92141e-07 8.38268e-07 1.15142e-06 1.55527e-06 2.09255e-06 2.84039e-06 3.93431e-06 5.60499e-06 8.26442e-06 1.26842e-05 2.04115e-05 3.51112e-05 6.57563e-05 0.000128003 0.000162989 0.000177021 0.000167728 0.000152768 0.000134545 0.000112561 9.18486e-05 6.50019e-05 4.39027e-05 2.56319e-05 1.38935e-05 7.31816e-06 4.14344e-06 2.75686e-06 2.00083e-06 1.48669e-06 1.11169e-06 8.27599e-07 6.06005e-07 4.32981e-07 3.03254e-07 2.13154e-07 1.56316e-07 1.21555e-07 9.66219e-08 7.41774e-08 5.24654e-08 3.25046e-08 1.58636e-08 4.14448e-09 4.14448e-09 
1.96939e-09 1.66487e-08 4.70339e-08 9.39996e-08 1.6152e-07 2.54567e-07 3.78059e-07 5.3712e-07 7.39941e-07 1.00261e-06 1.35512e-06 1.8521e-06 2.59054e-06 3.73924e-06 5.60499e-06 8.76942e-06 1.43825e-05 2.49014e-05 4.56727e-05 8.772e-05 0.000165768 0.000260673 0.000286373 0.000256623 0.000239471 0.000200568 0.000161227 0.00012303 7.77e-05 4.37887e-05 2.47761e-05 1.0848e-05 5.30741e-06 3.21596e-06 2.18918e-06 1.54554e-06 1.11169e-06 8.07178e-07 5.85185e-07 4.18375e-07 2.92607e-07 2.01036e-07 1.3899e-07 1.00644e-07 7.74635e-08 6.08259e-08 4.58276e-08 3.13585e-08 1.81234e-08 7.30581e-09 9.31086e-10 
6.14594e-09 2.51651e-08 5.61159e-08 1.00572e-07 1.61434e-07 2.41872e-07 3.45345e-07 4.77283e-07 6.48314e-07 8.78712e-07 1.20587e-06 1.69668e-06 2.46915e-06 3.73924e-06 5.91891e-06 9.82117e-06 1.71234e-05 3.12429e-05 5.90201e-05 0.000112921 0.000212205 0.000343485 0.000390392 0.000398178 0.00035303 0.000281045 0.000205938 0.000129536 7.67663e-05 3.52026e-05 1.66988e-05 7.31869e-06 3.88373e-06 2.45735e-06 1.65838e-06 1.14689e-06 8.07178e-07 5.7375e-07 4.07432e-07 2.85591e-07 1.96093e-07 1.32465e-07 9.02592e-08 6.46213e-08 4.92205e-08 3.80891e-08 2.80019e-08 1.82836e-08 9.46251e-09 2.62168e-09 2.62168e-09 
1.45532e-09 1.19054e-08 3.21979e-08 6.17322e-08 1.01953e-07 1.54836e-07 2.22678e-07 3.09036e-07 4.20805e-07 5.71353e-07 7.85653e-07 1.10878e-06 1.62092e-06 2.46915e-06 3.93431e-06 6.5698e-06 1.14993e-05 2.09598e-05 3.92495e-05 7.44592e-05 0.000141756 0.000249341 0.000375062 0.000438099 0.000478565 0.000419105 0.000316399 0.000208405 0.000107948 5.42003e-05 2.32575e-05 1.05409e-05 5.01174e-06 2.84496e-06 1.81683e-06 1.21316e-06 8.27599e-07 5.7375e-07 4.01298e-07 2.8021e-07 1.93129e-07 1.30468e-07 8.68109e-08 5.83935e-08 4.1378e-08 3.11663e-08 2.36861e-08 1.68473e-08 1.02614e-08 4.38348e-09 5.84229e-10 
4.3902e-09 1.72593e-08 3.69852e-08 6.38418e-08 9.89588e-08 1.43836e-07 2.00791e-07 2.74251e-07 3.72887e-07 5.13091e-07 7.24729e-07 1.06129e-06 1.62092e-06 2.59054e-06 4.33723e-06 7.59858e-06 1.38283e-05 2.57737e-05 4.85281e-05 9.15657e-05 0.000165066 0.000268589 0.000381951 0.000440299 0.000454183 0.000376577 0.000262614 0.000153155 7.38561e-05 3.42445e-05 1.47071e-05 6.83497e-06 3.48696e-06 2.04293e-06 1.30523e-06 8.65416e-07 5.85185e-07 4.01298e-07 2.77105e-07 1.90763e-07 1.29549e-07 8.62451e-08 5.66071e-08 3.76417e-08 2.6418e-08 1.96492e-08 1.4591e-08 9.90826e-09 5.40382e-09 1.57955e-09 1.57955e-09 
1.03066e-09 8.17251e-09 2.12815e-08 3.93789e-08 6.29425e-08 9.2914e-08 1.30802e-07 1.79441e-07 2.44396e-07 3.36295e-07 4.74688e-07 6.94816e-07 1.06129e-06 1.69668e-06 2.84039e-06 4.96902e-06 9.01559e-06 1.67321e-05 3.13285e-05 5.85276e-05 0.000105327 0.00017688 0.000271231 0.000362166 0.000395861 0.000374824 0.000287999 0.00018418 9.97932e-05 4.67459e-05 2.12225e-05 9.42251e-06 4.54226e-06 2.4134e-06 1.43556e-06 9.17385e-07 6.06005e-07 4.07432e-07 2.77105e-07 1.89329e-07 1.28736e-07 8.6272e-08 5.66701e-08 3.67348e-08 2.41772e-08 1.68116e-08 1.23184e-08 8.86814e-09 5.62165e-09 2.527e-09 3.49478e-10 
3.01082e-09 1.14302e-08 2.36875e-08 3.96595e-08 5.98766e-08 8.53146e-08 1.17793e-07 1.60869e-07 2.21377e-07 3.12e-07 4.55754e-07 6.94816e-07 1.10878e-06 1.8521e-06 3.22943e-06 5.83323e-06 1.07721e-05 2.00593e-05 3.71659e-05 6.65133e-05 0.000112362 0.000177865 0.000255151 0.000313771 0.000319855 0.000277406 0.000197367 0.000118849 6.20181e-05 2.90146e-05 1.33128e-05 6.13252e-06 3.03652e-06 1.65001e-06 9.90864e-07 6.34253e-07 4.18375e-07 2.8021e-07 1.89329e-07 1.28183e-07 8.62013e-08 5.70666e-08 3.70221e-08 2.3725e-08 1.54706e-08 1.06565e-08 7.66229e-09 5.28008e-09 2.99773e-09 9.16533e-10 9.16533e-10 
7.02751e-10 5.41684e-09 1.36713e-08 2.45904e-08 3.83636e-08 5.56056e-08 7.74907e-08 1.06294e-07 1.46395e-07 2.05974e-07 2.99968e-07 4.55754e-07 7.24729e-07 1.20587e-06 2.09255e-06 3.75811e-06 6.89864e-06 1.27684e-05 2.34815e-05 4.17956e-05 7.0579e-05 0.000112673 0.000166956 0.000220342 0.000248902 0.000235398 0.00018871 0.000126989 7.37977e-05 3.80311e-05 1.80851e-05 8.47838e-06 4.01491e-06 2.02209e-06 1.11441e-06 6.74495e-07 4.32981e-07 2.85591e-07 1.90763e-07 1.28183e-07 8.60832e-08 5.73041e-08 3.75048e-08 2.40476e-08 1.52477e-08 9.85882e-09 6.72071e-09 4.71047e-09 3.03823e-09 1.41918e-09 2.01372e-10 
1.99413e-09 7.35727e-09 1.48528e-08 2.4323e-08 3.61196e-08 5.10021e-08 7.04344e-08 9.72223e-08 1.36628e-07 1.98307e-07 2.99968e-07 4.74688e-07 7.85653e-07 1.35512e-06 2.41718e-06 4.40625e-06 8.09917e-06 1.47852e-05 2.61799e-05 4.41336e-05 7.05365e-05 0.000105696 0.000144576 0.000175173 0.000182336 0.000160795 0.000121643 7.90115e-05 4.52053e-05 2.34113e-05 1.13853e-05 5.44588e-06 2.62599e-06 1.33761e-06 7.45016e-07 4.54213e-07 2.92607e-07 1.93129e-07 1.28736e-07 8.60832e-08 5.73787e-08 3.78317e-08 2.44914e-08 1.55285e-08 9.7488e-09 6.25303e-09 4.20831e-09 2.8409e-09 1.64404e-09 5.18835e-10 5.18835e-10 
4.63918e-10 3.48935e-09 8.598e-09 1.51571e-08 2.32998e-08 3.351e-08 4.67371e-08 6.47868e-08 9.1044e-08 1.3174e-07 1.98307e-07 3.12e-07 5.13091e-07 8.78712e-07 1.55527e-06 2.81277e-06 5.13024e-06 9.29391e-06 1.63679e-05 2.75325e-05 4.39739e-05 6.61083e-05 9.18624e-05 0.000115739 0.000129261 0.000125152 0.000104533 7.60803e-05 4.85051e-05 2.77171e-05 1.45453e-05 7.22132e-06 3.50723e-06 1.71121e-06 8.79036e-07 4.93987e-07 3.03254e-07 1.96093e-07 1.29549e-07 8.62013e-08 5.73787e-08 3.79735e-08 2.48067e-08 1.58896e-08 9.96579e-09 6.19792e-09 3.943e-09 2.60584e-09 1.65684e-09 7.88481e-10 1.1314e-10 
1.28387e-09 4.63546e-09 9.18999e-09 1.48544e-08 2.19167e-08 3.09958e-08 4.32624e-08 6.09009e-08 8.79345e-08 1.3174e-07 2.05974e-07 3.36295e-07 5.71353e-07 1.00261e-06 1.79752e-06 3.25068e-06 5.84137e-06 1.02273e-05 1.71565e-05 2.73697e-05 4.11834e-05 5.76355e-05 7.40739e-05 8.63019e-05 8.97263e-05 8.21196e-05 6.60225e-05 4.69557e-05 2.97491e-05 1.71112e-05 9.11164e-06 4.59754e-06 2.25737e-06 1.11041e-06 5.74425e-07 3.25379e-07 2.01036e-07 1.30468e-07 8.6272e-08 5.73041e-08 3.79735e-08 2.49555e-08 1.61544e-08 1.02391e-08 6.35366e-09 3.91542e-09 2.46678e-09 1.58324e-09 9.07915e-10 2.904e-10 2.904e-10 
2.98383e-10 2.19979e-09 5.33376e-09 9.29634e-09 1.42168e-08 2.04955e-08 2.88982e-08 4.08427e-08 5.89328e-08 8.79345e-08 1.36628e-07 2.21377e-07 3.72887e-07 6.48314e-07 1.15142e-06 2.06316e-06 3.67568e-06 6.39425e-06 1.06899e-05 1.7027e-05 2.56267e-05 3.60084e-05 4.6777e-05 5.57985e-05 6.06909e-05 5.96448e-05 5.24323e-05 4.11278e-05 2.89137e-05 1.83365e-05 1.06422e-05 5.73894e-06 2.93025e-06 1.45008e-06 7.17745e-07 3.73619e-07 2.13154e-07 1.32465e-07 8.62451e-08 5.70666e-08 3.78317e-08 2.49555e-08 1.62847e-08 1.04451e-08 6.55059e-09 4.02154e-09 2.4549e-09 1.52493e-09 9.29668e-10 4.39733e-10 6.28041e-11 
8.0909e-10 2.8796e-09 5.65356e-09 9.10229e-09 1.34724e-08 1.92678e-08 2.74155e-08 3.96084e-08 5.89328e-08 9.1044e-08 1.46395e-07 2.44396e-07 4.20805e-07 7.39941e-07 1.31293e-06 2.31796e-06 4.0041e-06 6.66625e-06 1.05964e-05 1.59461e-05 2.24713e-05 2.93987e-05 3.55595e-05 3.97204e-05 4.09095e-05 3.85895e-05 3.30156e-05 2.55247e-05 1.78654e-05 1.13745e-05 6.65704e-06 3.62499e-06 1.86672e-06 9.29294e-07 4.62366e-07 2.42067e-07 1.3899e-07 8.68109e-08 5.66701e-08 3.75048e-08 2.48067e-08 1.62847e-08 1.05494e-08 6.70291e-09 4.15821e-09 2.52482e-09 1.52439e-09 9.2418e-10 5.12155e-10 1.62656e-10 1.62656e-10 
1.88245e-10 1.36685e-09 3.28711e-09 5.71326e-09 8.77116e-09 1.27904e-08 1.83821e-08 2.66528e-08 3.96084e-08 6.09009e-08 9.72223e-08 1.60869e-07 2.74251e-07 4.77283e-07 8.38268e-07 1.46597e-06 2.51321e-06 4.16373e-06 6.60103e-06 9.92829e-06 1.40235e-05 1.84505e-05 2.25354e-05 2.55886e-05 2.71189e-05 2.68336e-05 2.46064e-05 2.06924e-05 1.58714e-05 1.10978e-05 7.09487e-06 4.17941e-06 2.29197e-06 1.18763e-06 5.94089e-07 2.96976e-07 1.56316e-07 9.02592e-08 5.66071e-08 3.70221e-08 2.44914e-08 1.61544e-08 1.05494e-08 6.78179e-09 4.2668e-09 2.61697e-09 1.57019e-09 9.3377e-10 5.40804e-10 2.4876e-10 3.48928e-11 
5.02534e-10 1.77568e-09 3.48031e-09 5.62851e-09 8.428e-09 1.22831e-08 1.79216e-08 2.66528e-08 4.08427e-08 6.47868e-08 1.06294e-07 1.79441e-07 3.09036e-07 5.3712e-07 9.30163e-07 1.58186e-06 2.60621e-06 4.11835e-06 6.18778e-06 8.75568e-06 1.15763e-05 1.42531e-05 1.63749e-05 1.76675e-05 1.80101e-05 1.73315e-05 1.55994e-05 1.29781e-05 9.90953e-06 6.92813e-06 4.44235e-06 2.62854e-06 1.44866e-06 7.54184e-07 3.7886e-07 1.9024e-07 1.00644e-07 5.83935e-08 3.67348e-08 2.40476e-08 1.58896e-08 1.04451e-08 6.78179e-09 4.3242e-09 2.69227e-09 1.63115e-09 9.65155e-10 5.59943e-10 2.96607e-10 9.19537e-11 9.19537e-11 
1.1727e-10 8.42428e-10 2.02439e-09 3.53616e-09 5.49213e-09 8.15811e-09 1.20151e-08 1.79216e-08 2.74155e-08 4.32624e-08 7.04344e-08 1.17793e-07 2.00791e-07 3.45345e-07 5.92141e-07 9.98595e-07 1.63521e-06 2.57404e-06 3.86136e-06 5.47036e-06 7.26353e-06 9.00714e-06 1.04488e-05 1.14177e-05 1.18582e-05 1.17662e-05 1.11159e-05 9.88379e-06 8.16405e-06 6.21247e-06 4.34042e-06 2.78701e-06 1.65348e-06 9.14411e-07 4.77836e-07 2.40985e-07 1.21555e-07 6.46213e-08 3.76417e-08 2.3725e-08 1.55285e-08 1.02391e-08 6.70291e-09 4.3242e-09 2.73287e-09 1.68233e-09 1.0054e-09 5.84058e-10 3.23881e-10 1.43295e-10 1.96186e-11 
3.09496e-10 1.09272e-09 2.15328e-09 3.52245e-09 5.36933e-09 8.01192e-09 1.20151e-08 1.83821e-08 2.88982e-08 4.67371e-08 7.74907e-08 1.30802e-07 2.22678e-07 3.78059e-07 6.32123e-07 1.02837e-06 1.61172e-06 2.41264e-06 3.41995e-06 4.55735e-06 5.68778e-06 6.65581e-06 7.34914e-06 7.73182e-06 7.81959e-06 7.62291e-06 7.11549e-06 6.2731e-06 5.15142e-06 3.90567e-06 2.72386e-06 1.74885e-06 1.03886e-06 5.75878e-07 3.01891e-07 1.52849e-07 7.74635e-08 4.1378e-08 2.41772e-08 1.52477e-08 9.96579e-09 6.55059e-09 4.2668e-09 2.73287e-09 1.71048e-09 1.03985e-09 6.11409e-10 3.45413e-10 1.75522e-10 5.26715e-11 5.26715e-11 
7.25566e-11 5.17487e-10 1.25041e-09 2.20863e-09 3.48885e-09 5.29923e-09 8.01192e-09 1.22831e-08 1.92678e-08 3.09958e-08 5.10021e-08 8.53146e-08 1.43836e-07 2.41872e-07 4.00975e-07 6.47914e-07 1.01061e-06 1.50886e-06 2.13876e-06 2.85828e-06 3.58761e-06 4.23165e-06 4.71615e-06 5.01304e-06 5.13501e-06 5.10466e-06 4.92126e-06 4.55582e-06 3.9884e-06 3.25612e-06 2.45758e-06 1.70883e-06 1.09568e-06 6.51009e-07 3.61478e-07 1.90052e-07 9.66219e-08 4.92205e-08 2.6418e-08 1.54706e-08 9.7488e-09 6.35366e-09 4.15821e-09 2.69227e-09 1.71048e-09 1.05914e-09 6.34754e-10 3.65421e-10 1.96841e-10 8.38361e-11 1.12473e-11 
1.89796e-10 6.72971e-10 1.3403e-09 2.22727e-09 3.46551e-09 5.29923e-09 8.15811e-09 1.27904e-08 2.04955e-08 3.351e-08 5.56056e-08 9.2914e-08 1.54836e-07 2.54567e-07 4.08541e-07 6.34033e-07 9.43764e-07 1.33695e-06 1.79057e-06 2.25846e-06 2.68298e-06 3.01574e-06 3.23466e-06 3.34555e-06 3.36793e-06 3.31361e-06 3.17199e-06 2.91705e-06 2.53627e-06 2.05715e-06 1.5441e-06 1.06933e-06 6.84075e-07 4.06244e-07 2.25854e-07 1.19094e-07 6.08259e-08 3.11663e-08 1.68116e-08 9.85882e-09 6.19792e-09 4.02154e-09 2.61697e-09 1.68233e-09 1.05914e-09 6.48004e-10 3.81796e-10 2.13157e-10 1.05094e-10 3.05558e-11 3.05558e-11 
4.47601e-11 3.17444e-10 7.74508e-10 1.38753e-09 2.23194e-09 3.46551e-09 5.36933e-09 8.428e-09 1.34724e-08 2.19167e-08 3.61196e-08 5.98766e-08 9.89588e-08 1.61434e-07 2.57358e-07 3.97367e-07 5.89531e-07 8.34213e-07 1.11887e-06 1.41693e-06 1.6938e-06 1.91855e-06 2.07469e-06 2.16331e-06 2.19731e-06 2.18971e-06 2.14192e-06 2.03986e-06 1.86399e-06 1.60871e-06 1.29524e-06 9.65991e-07 6.65736e-07 4.24627e-07 2.5193e-07 1.40218e-07 7.41774e-08 3.80891e-08 1.96492e-08 1.06565e-08 6.25303e-09 3.91542e-09 2.52482e-09 1.63115e-09 1.03985e-09 6.48004e-10 3.91114e-10 2.25474e-10 1.19743e-10 4.95239e-11 6.5961e-12 
1.16012e-10 4.14191e-10 8.34973e-10 1.40827e-09 2.23194e-09 3.48885e-09 5.49213e-09 8.77116e-09 1.42168e-08 2.32998e-08 3.83636e-08 6.29425e-08 1.01953e-07 1.6152e-07 2.48147e-07 3.66883e-07 5.18373e-07 6.95791e-07 8.83913e-07 1.06217e-06 1.21117e-06 1.31924e-06 1.38532e-06 1.41685e-06 1.42393e-06 1.41198e-06 1.37665e-06 1.30499e-06 1.18435e-06 1.01385e-06 8.09684e-07 5.99603e-07 4.11006e-07 2.61275e-07 1.54841e-07 8.62928e-08 4.58276e-08 2.36861e-08 1.23184e-08 6.72071e-09 3.943e-09 2.4549e-09 1.57019e-09 1.0054e-09 6.34754e-10 3.91114e-10 2.32387e-10 1.29909e-10 6.30532e-11 1.79023e-11 1.79023e-11 
2.75462e-11 1.93903e-10 4.77476e-10 8.64139e-10 1.40827e-09 2.22727e-09 3.52245e-09 5.62851e-09 9.10229e-09 1.48544e-08 2.4323e-08 3.96595e-08 6.38418e-08 1.00572e-07 1.53787e-07 2.26596e-07 3.19587e-07 4.29039e-07 5.46258e-07 6.59124e-07 7.55689e-07 8.281e-07 8.74707e-07 8.99485e-07 9.09217e-07 9.09392e-07 9.00341e-07 8.75893e-07 8.26249e-07 7.44261e-07 6.31543e-07 5.00033e-07 3.67544e-07 2.50518e-07 1.58707e-07 9.39677e-08 5.24654e-08 2.80019e-08 1.4591e-08 7.66229e-09 4.20831e-09 2.46678e-09 1.52439e-09 9.65155e-10 6.11409e-10 3.81796e-10 2.32387e-10 1.35484e-10 7.21171e-11 2.93612e-11 3.95373e-12 
7.03787e-11 2.52178e-10 5.10071e-10 8.64139e-10 1.38753e-09 2.20863e-09 3.53616e-09 5.71326e-09 9.29634e-09 1.51571e-08 2.45904e-08 3.93789e-08 6.17322e-08 9.39996e-08 1.38055e-07 1.9433e-07 2.60786e-07 3.32477e-07 4.02328e-07 4.63116e-07 5.09762e-07 5.40761e-07 5.5816e-07 5.66238e-07 5.69297e-07 5.6921e-07 5.63838e-07 5.475e-07 5.13718e-07 4.59058e-07 3.86009e-07 3.02959e-07 2.21027e-07 1.4982e-07 9.46156e-08 5.60013e-08 3.13585e-08 1.68473e-08 8.86814e-09 4.71047e-09 2.60584e-09 1.52493e-09 9.3377e-10 5.84058e-10 3.65421e-10 2.25474e-10 1.35484e-10 7.70358e-11 3.75711e-11 1.05585e-11 1.05585e-11 
1.68374e-11 1.16439e-10 2.84698e-10 5.10071e-10 8.34973e-10 1.3403e-09 2.15328e-09 3.48031e-09 5.65356e-09 9.18999e-09 1.48528e-08 2.36875e-08 3.69852e-08 5.61159e-08 8.21755e-08 1.15441e-07 1.54789e-07 1.97421e-07 2.39263e-07 2.76036e-07 3.04579e-07 3.23757e-07 3.34617e-07 3.39788e-07 3.42328e-07 3.44256e-07 3.45322e-07 3.42745e-07 3.3225e-07 3.10036e-07 2.7483e-07 2.29044e-07 1.78251e-07 1.29131e-07 8.70952e-08 5.48737e-08 3.25046e-08 1.82836e-08 9.90826e-09 5.28008e-09 2.8409e-09 1.58324e-09 9.2418e-10 5.59943e-10 3.45413e-10 2.13157e-10 1.29909e-10 7.70358e-11 4.21704e-11 1.73409e-11 2.40926e-12 
4.17789e-11 1.46011e-10 2.84698e-10 4.77476e-10 7.74508e-10 1.25041e-09 2.02439e-09 3.28711e-09 5.33376e-09 8.598e-09 1.36713e-08 2.12815e-08 3.21979e-08 4.70339e-08 6.59464e-08 8.83149e-08 1.12583e-07 1.36454e-07 1.57466e-07 1.73726e-07 1.84468e-07 1.90224e-07 1.92582e-07 1.93607e-07 1.95005e-07 1.97258e-07 1.99216e-07 1.98439e-07 1.92155e-07 1.78403e-07 1.56976e-07 1.29764e-07 1.00226e-07 7.21687e-08 4.84891e-08 3.05199e-08 1.81234e-08 1.02614e-08 5.62165e-09 3.03823e-09 1.65684e-09 9.29668e-10 5.40804e-10 3.23881e-10 1.96841e-10 1.19743e-10 7.21171e-11 4.21704e-11 2.16085e-11 6.22125e-12 6.22125e-12 
1.01245e-11 6.52975e-11 1.46011e-10 2.52178e-10 4.14191e-10 6.72971e-10 1.09272e-09 1.77568e-09 2.8796e-09 4.63546e-09 7.35727e-09 1.14302e-08 1.72593e-08 2.51651e-08 3.52248e-08 4.71045e-08 5.99719e-08 7.25905e-08 8.36104e-08 9.19573e-08 9.71511e-08 9.94403e-08 9.97359e-08 9.93578e-08 9.95895e-08 1.01113e-07 1.0361e-07 1.05821e-07 1.06041e-07 1.02722e-07 9.50136e-08 8.31012e-08 6.82422e-08 5.23939e-08 3.75598e-08 2.51822e-08 1.58636e-08 9.46251e-09 5.40382e-09 2.99773e-09 1.64404e-09 9.07915e-10 5.12155e-10 2.96607e-10 1.75522e-10 1.05094e-10 6.30532e-11 3.75711e-11 2.16085e-11 9.77249e-12 1.47507e-12 
2.29864e-11 6.52975e-11 1.16439e-10 1.93903e-10 3.17444e-10 5.17487e-10 8.42428e-10 1.36685e-09 2.19979e-09 3.48935e-09 5.41684e-09 8.17251e-09 1.19054e-08 1.66487e-08 2.22392e-08 2.82752e-08 3.41556e-08 3.92126e-08 4.2894e-08 4.49217e-08 4.53755e-08 4.46962e-08 4.36141e-08 4.29696e-08 4.3391e-08 4.49542e-08 4.71061e-08 4.8923e-08 4.94618e-08 4.8026e-08 4.43364e-08 3.86193e-08 3.1567e-08 2.41387e-08 1.72605e-08 1.15685e-08 7.30581e-09 4.38348e-09 2.527e-09 1.41918e-09 7.88481e-10 4.39733e-10 2.4876e-10 1.43295e-10 8.38361e-11 4.95239e-11 2.93612e-11 1.73409e-11 9.77249e-12 3.46788e-12 3.46788e-12 
5.87598e-12 2.29864e-11 4.17789e-11 7.03787e-11 1.16012e-10 1.89796e-10 3.09496e-10 5.02534e-10 8.0909e-10 1.28387e-09 1.99413e-09 3.01082e-09 4.3902e-09 6.14594e-09 8.21896e-09 1.04602e-08 1.26431e-08 1.45097e-08 1.58363e-08 1.64921e-08 1.64732e-08 1.59144e-08 1.50845e-08 1.43586e-08 1.4119e-08 1.45638e-08 1.55648e-08 1.67467e-08 1.7678e-08 1.80024e-08 1.74996e-08 1.61174e-08 1.39843e-08 1.13829e-08 8.67308e-09 6.18722e-09 4.14448e-09 2.62168e-09 1.57955e-09 9.16533e-10 5.18835e-10 2.904e-10 1.62656e-10 9.19537e-11 5.26715e-11 3.05558e-11 1.79023e-11 1.05585e-11 6.22125e-12 3.46788e-12 8.77945e-13 
5.87598e-12 1.01245e-11 1.68374e-11 2.75462e-11 4.47601e-11 7.25566e-11 1.1727e-10 1.88245e-10 2.98383e-10 4.63918e-10 7.02751e-10 1.03066e-09 1.45532e-09 1.96939e-09 2.54597e-09 3.1399e-09 3.69627e-09 4.16312e-09 4.50296e-09 4.69941e-09 4.7588e-09 4.70909e-09 4.59702e-09 4.48121e-09 4.41729e-09 4.43546e-09 4.5226e-09 4.62445e-09 4.66685e-09 4.58117e-09 4.32378e-09 3.88796e-09 3.3073e-09 2.648e-09 1.98999e-09 1.40339e-09 9.31086e-10 5.84229e-10 3.49478e-10 2.01372e-10 1.1314e-10 6.28041e-11 3.48928e-11 1.96186e-11 1.12473e-11 6.5961e-12 3.95373e-12 2.40926e-12 1.47507e-12 8.77945e-13 8.77945e-13 
