1 100 50
4.66306e-14 7.19095e-14 1.12062e-13 1.7819e-13 2.91322e-13 4.85375e-13 8.20915e-13 1.39692e-12 2.37537e-12 4.01362e-12 6.69357e-12 1.09616e-11 1.75465e-11 2.7358e-11 4.14276e-11 6.07877e-11 8.62767e-11 1.18277e-10 1.56446e-10 1.99488e-10 2.45077e-10 2.89975e-10 3.30395e-10 3.6253e-10 3.83179e-10 3.9028e-10 3.83254e-10 3.63076e-10 3.32048e-10 2.93382e-10 2.50657e-10 2.07289e-10 1.66123e-10 1.29192e-10 9.7651e-11 7.18709e-11 5.1615e-11 3.62562e-11 2.49753e-11 1.69206e-11 1.13092e-11 7.48044e-12 4.91134e-12 3.20954e-12 2.09049e-12 1.3578e-12 8.78502e-13 5.62326e-13 3.46016e-13 1.80787e-13 
4.66306e-14 7.65879e-14 1.19124e-13 1.88537e-13 3.05071e-13 5.05852e-13 8.53774e-13 1.45615e-12 2.48614e-12 4.22579e-12 7.0994e-12 1.17272e-11 1.8959e-11 2.98846e-11 4.57978e-11 6.80943e-11 9.80723e-11 1.36654e-10 1.84035e-10 2.39329e-10 3.00307e-10 3.63336e-10 4.23628e-10 4.758e-10 5.14693e-10 5.36243e-10 5.3822e-10 5.20616e-10 4.85609e-10 4.3711e-10 3.80032e-10 3.19473e-10 2.59994e-10 2.05125e-10 1.5714e-10 1.17101e-10 8.50613e-11 6.03666e-11 4.19643e-11 2.86562e-11 1.92805e-11 1.28232e-11 8.45708e-12 5.54629e-12 3.62729e-12 2.36804e-12 1.54402e-12 1.00317e-12 6.39819e-13 3.72499e-13 
7.65879e-14 1.24514e-13 1.92971e-13 3.07285e-13 5.03885e-13 8.45158e-13 1.43723e-12 2.4614e-12 4.20616e-12 7.12508e-12 1.18945e-11 1.94666e-11 3.11112e-11 4.84049e-11 7.3157e-11 1.0723e-10 1.52236e-10 2.09119e-10 2.77656e-10 3.55987e-10 4.4032e-10 5.2498e-10 6.02905e-10 6.66586e-10 7.09296e-10 7.2633e-10 7.15913e-10 6.79531e-10 6.21572e-10 5.48431e-10 4.67313e-10 3.85069e-10 3.07315e-10 2.3795e-10 1.7909e-10 1.31297e-10 9.39825e-11 6.58505e-11 4.52909e-11 3.06697e-11 2.0514e-11 1.35974e-11 8.95908e-12 5.88449e-12 3.86082e-12 2.53261e-12 1.65902e-12 1.07881e-12 6.7049e-13 3.46016e-13 
7.19095e-14 1.24514e-13 1.93968e-13 3.01613e-13 4.83952e-13 8.00626e-13 1.35233e-12 2.31146e-12 3.96219e-12 6.75946e-12 1.13971e-11 1.88858e-11 3.06222e-11 4.84162e-11 7.44627e-11 1.11199e-10 1.61017e-10 2.25798e-10 3.06277e-10 4.01365e-10 5.07574e-10 6.18779e-10 7.2653e-10 8.20956e-10 8.9225e-10 9.32398e-10 9.36775e-10 9.05107e-10 8.41506e-10 7.53558e-10 6.50754e-10 5.42759e-10 4.37955e-10 3.42534e-10 2.60209e-10 1.9242e-10 1.38846e-10 9.80163e-11 6.78841e-11 4.62648e-11 3.11273e-11 2.0742e-11 1.37344e-11 9.06302e-12 5.97412e-12 3.94034e-12 2.60106e-12 1.71211e-12 1.1034e-12 6.39819e-13 
1.19124e-13 1.93968e-13 2.96986e-13 4.6351e-13 7.49142e-13 1.24568e-12 2.11087e-12 3.61279e-12 6.18507e-12 1.051e-11 1.76124e-11 2.8954e-11 4.65124e-11 7.28029e-11 1.10803e-10 1.6371e-10 2.34466e-10 3.25032e-10 4.3548e-10 5.63109e-10 7.01883e-10 8.42431e-10 9.72825e-10 1.0801e-09 1.15235e-09 1.18101e-09 1.16269e-09 1.09995e-09 1.00075e-09 8.76684e-10 7.40641e-10 6.04539e-10 4.77743e-10 3.66348e-10 2.73254e-10 1.98755e-10 1.41355e-10 9.8581e-11 6.76219e-11 4.57701e-11 3.06714e-11 2.04151e-11 1.35395e-11 8.97052e-12 5.94853e-12 3.95029e-12 2.62383e-12 1.72731e-12 1.07881e-12 5.62326e-13 
1.12062e-13 1.92971e-13 2.96986e-13 4.50925e-13 7.07013e-13 1.14681e-12 1.91169e-12 3.24347e-12 5.54395e-12 9.45814e-12 1.59827e-11 2.65924e-11 4.33526e-11 6.90087e-11 1.06989e-10 1.61244e-10 2.3582e-10 3.34087e-10 4.57625e-10 6.05005e-10 7.70821e-10 9.45352e-10 1.11511e-09 1.26432e-09 1.37714e-09 1.44041e-09 1.4463e-09 1.39416e-09 1.29079e-09 1.14899e-09 9.84772e-10 8.14221e-10 6.50873e-10 5.04267e-10 3.79636e-10 2.78485e-10 1.99617e-10 1.40229e-10 9.68449e-11 6.59672e-11 4.44691e-11 2.97651e-11 1.98462e-11 1.32189e-11 8.81337e-12 5.88873e-12 3.94075e-12 2.62941e-12 1.71211e-12 1.00317e-12 
1.88537e-13 3.01613e-13 4.50925e-13 6.83992e-13 1.07384e-12 1.74515e-12 2.91062e-12 4.9297e-12 8.3959e-12 1.4247e-11 2.39123e-11 3.94708e-11 6.3791e-11 1.00624e-10 1.5455e-10 2.30655e-10 3.33781e-10 4.67281e-10 6.31438e-10 8.22005e-10 1.02944e-09 1.23923e-09 1.43333e-09 1.59252e-09 1.69922e-09 1.74062e-09 1.71136e-09 1.61504e-09 1.46375e-09 1.27553e-09 1.07055e-09 8.67318e-10 6.8002e-10 5.17434e-10 3.83229e-10 2.77107e-10 1.96236e-10 1.36537e-10 9.36491e-11 6.35384e-11 4.27902e-11 2.86972e-11 1.92223e-11 1.28901e-11 8.66453e-12 5.8393e-12 3.93525e-12 2.62383e-12 1.65902e-12 8.78502e-13 
1.7819e-13 3.07285e-13 4.6351e-13 6.83992e-13 1.03586e-12 1.62713e-12 2.6432e-12 4.39924e-12 7.42357e-12 1.25724e-11 2.11879e-11 3.52826e-11 5.77387e-11 9.24784e-11 1.44531e-10 2.19846e-10 3.24668e-10 4.6424e-10 6.40916e-10 8.52124e-10 1.08899e-09 1.33636e-09 1.57436e-09 1.78109e-09 1.9356e-09 2.02088e-09 2.02661e-09 1.95153e-09 1.80439e-09 1.60268e-09 1.36918e-09 1.12724e-09 8.96606e-10 6.91022e-10 5.17668e-10 3.78178e-10 2.70314e-10 1.89686e-10 1.3113e-10 8.96193e-11 6.07675e-11 4.10194e-11 2.7649e-11 1.86557e-11 1.26205e-11 8.5641e-12 5.821e-12 3.94075e-12 2.60106e-12 1.54402e-12 
3.05071e-13 4.83952e-13 7.07013e-13 1.03586e-12 1.5667e-12 2.45918e-12 3.98548e-12 6.60527e-12 1.10786e-11 1.86259e-11 3.11297e-11 5.13779e-11 8.33024e-11 1.32161e-10 2.04519e-10 3.07792e-10 4.49053e-10 6.32943e-10 8.59049e-10 1.1197e-09 1.39939e-09 1.67651e-09 1.92674e-09 2.12688e-09 2.25769e-09 2.30573e-09 2.26508e-09 2.1391e-09 1.9412e-09 1.69324e-09 1.42136e-09 1.15068e-09 9.0093e-10 6.84443e-10 5.06294e-10 3.6596e-10 2.59413e-10 1.80992e-10 1.24748e-10 8.52535e-11 5.7974e-11 3.93524e-11 2.67356e-11 1.82114e-11 1.24462e-11 8.52919e-12 5.8393e-12 3.95029e-12 2.53261e-12 1.3578e-12 
2.91322e-13 5.03885e-13 7.49142e-13 1.07384e-12 1.5667e-12 2.36605e-12 3.70557e-12 5.97767e-12 9.84279e-12 1.63795e-11 2.72898e-11 4.51736e-11 7.38176e-11 1.18481e-10 1.86036e-10 2.84729e-10 4.23194e-10 6.0836e-10 8.42356e-10 1.11935e-09 1.42395e-09 1.73268e-09 2.01839e-09 2.25582e-09 2.42533e-09 2.51376e-09 2.51372e-09 2.42381e-09 2.2506e-09 2.01022e-09 1.72695e-09 1.42862e-09 1.14069e-09 8.81866e-10 6.62513e-10 4.85512e-10 3.48416e-10 2.45796e-10 1.71128e-10 1.18035e-10 8.09573e-11 5.54005e-11 3.7931e-11 2.60347e-11 1.79311e-11 1.23871e-11 8.5641e-12 5.88873e-12 3.94034e-12 2.36804e-12 
5.05852e-13 8.00626e-13 1.14681e-12 1.62713e-12 2.36605e-12 3.56427e-12 5.55696e-12 8.90757e-12 1.45452e-11 2.39673e-11 3.951e-11 6.46842e-11 1.04532e-10 1.6591e-10 2.57474e-10 3.88986e-10 5.69404e-10 8.03565e-10 1.08812e-09 1.40859e-09 1.7399e-09 2.05139e-09 2.31457e-09 2.50958e-09 2.62649e-09 2.66159e-09 2.61324e-09 2.48194e-09 2.27433e-09 2.00663e-09 1.70369e-09 1.39358e-09 1.10111e-09 8.4338e-10 6.28711e-10 4.58064e-10 3.27545e-10 2.30831e-10 1.60982e-10 1.11539e-10 7.70531e-11 5.32302e-11 3.68526e-11 2.55965e-11 1.78353e-11 1.24462e-11 8.66453e-12 5.94853e-12 3.86082e-12 2.09049e-12 
4.85375e-13 8.45158e-13 1.24568e-12 1.74515e-12 2.45918e-12 3.56427e-12 5.3467e-12 8.28608e-12 1.31725e-11 2.12865e-11 3.46673e-11 5.64486e-11 9.12676e-11 1.45656e-10 2.28243e-10 3.4937e-10 5.19529e-10 7.46113e-10 1.02874e-09 1.3549e-09 1.6989e-09 2.02646e-09 2.30436e-09 2.5106e-09 2.63868e-09 2.69275e-09 2.67783e-09 2.5938e-09 2.43826e-09 2.21465e-09 1.93761e-09 1.63155e-09 1.32405e-09 1.03872e-09 7.909e-10 5.87097e-10 4.26816e-10 3.05266e-10 2.15745e-10 1.51305e-10 1.057e-10 7.37886e-11 5.15952e-11 3.61806e-11 2.54471e-11 1.79311e-11 1.26205e-11 8.81337e-12 5.97412e-12 3.62729e-12 
8.53774e-13 1.35233e-12 1.91169e-12 2.6432e-12 3.70557e-12 5.3467e-12 7.97857e-12 1.22691e-11 1.93029e-11 3.081e-11 4.9496e-11 7.94566e-11 1.26643e-10 1.99235e-10 3.07567e-10 4.63006e-10 6.75041e-10 9.46397e-10 1.26754e-09 1.61371e-09 1.94811e-09 2.23219e-09 2.43925e-09 2.56339e-09 2.61702e-09 2.61721e-09 2.57112e-09 2.47279e-09 2.31282e-09 2.09064e-09 1.81969e-09 1.52409e-09 1.23066e-09 9.61517e-10 7.30199e-10 5.41652e-10 3.94399e-10 2.8325e-10 2.01557e-10 1.42695e-10 1.00853e-10 7.13417e-11 5.05804e-11 3.59533e-11 2.55965e-11 1.82114e-11 1.28901e-11 8.97052e-12 5.88449e-12 3.20954e-12 
8.20915e-13 1.43723e-12 2.11087e-12 2.91062e-12 3.98548e-12 5.55696e-12 7.97857e-12 1.1824e-11 1.80101e-11 2.79877e-11 4.40291e-11 6.96219e-11 1.09952e-10 1.72392e-10 2.66709e-10 4.04411e-10 5.9638e-10 8.48201e-10 1.15398e-09 1.49161e-09 1.82385e-09 2.10784e-09 2.31069e-09 2.42333e-09 2.46296e-09 2.45962e-09 2.43388e-09 2.38365e-09 2.29102e-09 2.14001e-09 1.9292e-09 1.67317e-09 1.39632e-09 1.1243e-09 8.77185e-10 6.66507e-10 4.95818e-10 3.62998e-10 2.62838e-10 1.8906e-10 1.35599e-10 9.72379e-11 6.98293e-11 5.0237e-11 3.61806e-11 2.60347e-11 1.86557e-11 1.32189e-11 9.06302e-12 5.54629e-12 
1.45615e-12 2.31146e-12 3.24347e-12 4.39924e-12 5.97767e-12 8.28608e-12 1.1824e-11 1.73763e-11 2.6167e-11 4.00819e-11 6.20039e-11 9.62676e-11 1.49188e-10 2.29483e-10 3.48075e-10 5.164e-10 7.42307e-10 1.02375e-09 1.3427e-09 1.66393e-09 1.94259e-09 2.1401e-09 2.24154e-09 2.26405e-09 2.24737e-09 2.22735e-09 2.21112e-09 2.1771e-09 2.09688e-09 1.95516e-09 1.75558e-09 1.51612e-09 1.2612e-09 1.01412e-09 7.92012e-10 6.04015e-10 4.52296e-10 3.34297e-10 2.45038e-10 1.78832e-10 1.30329e-10 9.50096e-11 6.93175e-11 5.05804e-11 3.68526e-11 2.67356e-11 1.92223e-11 1.35395e-11 8.95908e-12 4.91134e-12 
1.39692e-12 2.4614e-12 3.61279e-12 4.9297e-12 6.60527e-12 8.90757e-12 1.22691e-11 1.73763e-11 2.52822e-11 3.75653e-11 5.65852e-11 8.5847e-11 1.30498e-10 1.97854e-10 2.97604e-10 4.40849e-10 6.36867e-10 8.87204e-10 1.17883e-09 1.48076e-09 1.7491e-09 1.94162e-09 2.03697e-09 2.04828e-09 2.01994e-09 2.0012e-09 2.01041e-09 2.0247e-09 2.00518e-09 1.92557e-09 1.78165e-09 1.58631e-09 1.36081e-09 1.12783e-09 9.06705e-10 7.1058e-10 5.45787e-10 4.13056e-10 3.09514e-10 2.3057e-10 1.71274e-10 1.27091e-10 9.42581e-11 6.98293e-11 5.15952e-11 3.7931e-11 2.7649e-11 1.98462e-11 1.37344e-11 8.45708e-12 
2.48614e-12 3.96219e-12 5.54395e-12 7.42357e-12 9.84279e-12 1.31725e-11 1.80101e-11 2.52822e-11 3.63519e-11 5.31776e-11 7.85648e-11 1.16543e-10 1.72875e-10 2.55514e-10 3.74362e-10 5.3912e-10 7.54272e-10 1.0121e-09 1.2876e-09 1.54072e-09 1.72849e-09 1.82434e-09 1.83531e-09 1.80555e-09 1.7935e-09 1.82801e-09 1.88559e-09 1.91731e-09 1.88715e-09 1.78607e-09 1.62588e-09 1.42767e-09 1.21332e-09 1.00151e-09 8.06225e-10 6.3594e-10 4.93927e-10 3.79475e-10 2.89497e-10 2.19925e-10 1.66642e-10 1.26e-10 9.50096e-11 7.13417e-11 5.32302e-11 3.93524e-11 2.86972e-11 2.04151e-11 1.35974e-11 7.48044e-12 
2.37537e-12 4.20616e-12 6.18507e-12 8.3959e-12 1.10786e-11 1.45452e-11 1.93029e-11 2.6167e-11 3.63519e-11 5.15492e-11 7.40589e-11 1.06994e-10 1.54649e-10 2.23e-10 3.20015e-10 4.54696e-10 6.33432e-10 8.53555e-10 1.09711e-09 1.33032e-09 1.5127e-09 1.61479e-09 1.63743e-09 1.62061e-09 1.62612e-09 1.68982e-09 1.78843e-09 1.86517e-09 1.87517e-09 1.80462e-09 1.66561e-09 1.48227e-09 1.27916e-09 1.07561e-09 8.84903e-10 7.15146e-10 5.7005e-10 4.49849e-10 3.52495e-10 2.74827e-10 2.1342e-10 1.65083e-10 1.27091e-10 9.72379e-11 7.37886e-11 5.54005e-11 4.10194e-11 2.97651e-11 2.0742e-11 1.28232e-11 
4.22579e-12 6.75946e-12 9.45814e-12 1.25724e-11 1.63795e-11 2.12865e-11 2.79877e-11 3.75653e-11 5.15492e-11 7.1931e-11 1.012e-10 1.42484e-10 1.99893e-10 2.79044e-10 3.87133e-10 5.31056e-10 7.12283e-10 9.20218e-10 1.12918e-09 1.30415e-09 1.41591e-09 1.46037e-09 1.47085e-09 1.50564e-09 1.60164e-09 1.73666e-09 1.85147e-09 1.89562e-09 1.84988e-09 1.72436e-09 1.54553e-09 1.34245e-09 1.1383e-09 9.48006e-10 7.79332e-10 6.34968e-10 5.14218e-10 4.14539e-10 3.32772e-10 2.6588e-10 2.11232e-10 1.66642e-10 1.30329e-10 1.00853e-10 7.70531e-11 5.7974e-11 4.27902e-11 3.06714e-11 2.0514e-11 1.13092e-11 
4.01362e-12 7.12508e-12 1.051e-11 1.4247e-11 1.86259e-11 2.39673e-11 3.081e-11 4.00819e-11 5.31776e-11 7.1931e-11 9.85013e-11 1.35276e-10 1.84925e-10 2.50798e-10 3.37543e-10 4.50925e-10 5.94888e-10 7.65582e-10 9.46451e-10 1.11045e-09 1.23184e-09 1.3039e-09 1.35208e-09 1.42504e-09 1.55397e-09 1.71817e-09 1.86178e-09 1.93372e-09 1.91042e-09 1.79787e-09 1.62177e-09 1.41386e-09 1.2016e-09 1.00384e-09 8.3083e-10 6.85762e-10 5.66811e-10 4.69447e-10 3.88735e-10 3.20754e-10 2.62874e-10 2.1342e-10 1.71274e-10 1.35599e-10 1.057e-10 8.09573e-11 6.07675e-11 4.44691e-11 3.11273e-11 1.92805e-11 
7.0994e-12 1.13971e-11 1.59827e-11 2.11879e-11 2.72898e-11 3.46673e-11 4.40291e-11 5.65852e-11 7.40589e-11 9.85013e-11 1.3198e-10 1.76317e-10 2.33149e-10 3.04532e-10 3.93803e-10 5.05075e-10 6.39409e-10 7.89269e-10 9.37334e-10 1.0643e-09 1.16355e-09 1.25287e-09 1.36746e-09 1.52803e-09 1.71458e-09 1.87799e-09 1.97057e-09 1.96685e-09 1.86864e-09 1.69869e-09 1.48875e-09 1.26849e-09 1.05984e-09 8.76514e-10 7.25038e-10 6.05294e-10 5.11773e-10 4.36617e-10 3.73e-10 3.16717e-10 2.6588e-10 2.19925e-10 1.78832e-10 1.42695e-10 1.11539e-10 8.52535e-11 6.35384e-11 4.57701e-11 3.06697e-11 1.69206e-11 
6.69357e-12 1.18945e-11 1.76124e-11 2.39123e-11 3.11297e-11 3.951e-11 4.9496e-11 6.20039e-11 7.85648e-11 1.012e-10 1.3198e-10 1.7247e-10 2.23374e-10 2.84795e-10 3.57297e-10 4.43062e-10 5.45029e-10 6.62875e-10 7.89543e-10 9.14471e-10 1.03394e-09 1.1598e-09 1.31334e-09 1.50282e-09 1.70718e-09 1.88404e-09 1.99112e-09 2.00335e-09 1.91963e-09 1.75941e-09 1.55292e-09 1.33021e-09 1.11434e-09 9.20606e-10 7.58514e-10 6.3228e-10 5.39398e-10 4.7107e-10 4.16522e-10 3.67709e-10 3.20754e-10 2.74827e-10 2.3057e-10 1.8906e-10 1.51305e-10 1.18035e-10 8.96193e-11 6.59672e-11 4.62648e-11 2.86562e-11 
1.17272e-11 1.88858e-11 2.65924e-11 3.52826e-11 4.51736e-11 5.64486e-11 6.96219e-11 8.5847e-11 1.06994e-10 1.35276e-10 1.7247e-10 2.19136e-10 2.74389e-10 3.36645e-10 4.05284e-10 4.8204e-10 5.70127e-10 6.71184e-10 7.84569e-10 9.12167e-10 1.06293e-09 1.24702e-09 1.46106e-09 1.68062e-09 1.86767e-09 1.98519e-09 2.0101e-09 1.93989e-09 1.79133e-09 1.59268e-09 1.3736e-09 1.15742e-09 9.59201e-10 7.8865e-10 6.52844e-10 5.54859e-10 4.89962e-10 4.45962e-10 4.09751e-10 3.73e-10 3.32772e-10 2.89497e-10 2.45038e-10 2.01557e-10 1.60982e-10 1.24748e-10 9.36491e-11 6.76219e-11 4.52909e-11 2.49753e-11 
1.09616e-11 1.94666e-11 2.8954e-11 3.94708e-11 5.13779e-11 6.46842e-11 7.94566e-11 9.62676e-11 1.16543e-10 1.42484e-10 1.76317e-10 2.19136e-10 2.70066e-10 3.26473e-10 3.85392e-10 4.45756e-10 5.10206e-10 5.84964e-10 6.78219e-10 7.9957e-10 9.59067e-10 1.16057e-09 1.39218e-09 1.62478e-09 1.82103e-09 1.94721e-09 1.98258e-09 1.92459e-09 1.78826e-09 1.6e-09 1.38874e-09 1.17806e-09 9.82714e-10 8.10861e-10 6.68842e-10 5.63036e-10 4.95716e-10 4.59091e-10 4.3746e-10 4.16522e-10 3.88735e-10 3.52495e-10 3.09514e-10 2.62838e-10 2.15745e-10 1.71128e-10 1.3113e-10 9.68449e-11 6.78841e-11 4.19643e-11 
1.8959e-11 3.06222e-11 4.33526e-11 5.77387e-11 7.38176e-11 9.12676e-11 1.09952e-10 1.30498e-10 1.54649e-10 1.84925e-10 2.23374e-10 2.70066e-10 3.22515e-10 3.76544e-10 4.284e-10 4.7772e-10 5.30317e-10 5.99025e-10 7.01197e-10 8.51995e-10 1.05464e-09 1.29339e-09 1.53528e-09 1.74072e-09 1.87592e-09 1.92122e-09 1.87457e-09 1.75032e-09 1.57348e-09 1.37204e-09 1.16988e-09 9.82352e-10 8.16515e-10 6.75967e-10 5.65992e-10 4.93281e-10 4.58215e-10 4.48564e-10 4.45962e-10 4.36617e-10 4.14539e-10 3.79475e-10 3.34297e-10 2.8325e-10 2.30831e-10 1.80992e-10 1.36537e-10 9.8581e-11 6.58505e-11 3.62562e-11 
1.75465e-11 3.11112e-11 4.65124e-11 6.3791e-11 8.33024e-11 1.04532e-10 1.26643e-10 1.49188e-10 1.72875e-10 1.99893e-10 2.33149e-10 2.74389e-10 3.22515e-10 3.7348e-10 4.21884e-10 4.64021e-10 5.02051e-10 5.479e-10 6.23176e-10 7.50244e-10 9.372e-10 1.16961e-09 1.41377e-09 1.62747e-09 1.77369e-09 1.83086e-09 1.7963e-09 1.68412e-09 1.51869e-09 1.32719e-09 1.13362e-09 9.5484e-10 7.98721e-10 6.66708e-10 5.60251e-10 4.85332e-10 4.48393e-10 4.45309e-10 4.59091e-10 4.7107e-10 4.69447e-10 4.49849e-10 4.13056e-10 3.62998e-10 3.05266e-10 2.45796e-10 1.89686e-10 1.40229e-10 9.80163e-11 6.03666e-11 
2.98846e-11 4.84162e-11 6.90087e-11 9.24784e-11 1.18481e-10 1.45656e-10 1.72392e-10 1.97854e-10 2.23e-10 2.50798e-10 2.84795e-10 3.26473e-10 3.7348e-10 4.20164e-10 4.60298e-10 4.91571e-10 5.21121e-10 5.69174e-10 6.63343e-10 8.20359e-10 1.03207e-09 1.26808e-09 1.48615e-09 1.64545e-09 1.71922e-09 1.70099e-09 1.60303e-09 1.44913e-09 1.26613e-09 1.07833e-09 9.04769e-10 7.56532e-10 6.35569e-10 5.39433e-10 4.69486e-10 4.32903e-10 4.32797e-10 4.58215e-10 4.89962e-10 5.11773e-10 5.14218e-10 4.93927e-10 4.52296e-10 3.94399e-10 3.27545e-10 2.59413e-10 1.96236e-10 1.41355e-10 9.39825e-11 5.1615e-11 
2.7358e-11 4.84049e-11 7.28029e-11 1.00624e-10 1.32161e-10 1.6591e-10 1.99235e-10 2.29483e-10 2.55514e-10 2.79044e-10 3.04532e-10 3.36645e-10 3.76544e-10 4.20164e-10 4.60071e-10 4.90042e-10 5.11182e-10 5.37915e-10 5.97843e-10 7.16236e-10 8.95185e-10 1.1113e-09 1.32627e-09 1.49836e-09 1.59485e-09 1.60167e-09 1.52517e-09 1.38604e-09 1.21032e-09 1.02307e-09 8.46459e-10 6.97485e-10 5.82954e-10 4.98975e-10 4.40461e-10 4.10333e-10 4.14553e-10 4.48393e-10 4.95716e-10 5.39398e-10 5.66811e-10 5.7005e-10 5.45787e-10 4.95818e-10 4.26816e-10 3.48416e-10 2.70314e-10 1.99617e-10 1.38846e-10 8.50613e-11 
4.57978e-11 7.44627e-11 1.06989e-10 1.44531e-10 1.86036e-10 2.28243e-10 2.66709e-10 2.97604e-10 3.20015e-10 3.37543e-10 3.57297e-10 3.85392e-10 4.21884e-10 4.60071e-10 4.90933e-10 5.0985e-10 5.23667e-10 5.54838e-10 6.33022e-10 7.72074e-10 9.58595e-10 1.16133e-09 1.34226e-09 1.46586e-09 1.50914e-09 1.46753e-09 1.35319e-09 1.18788e-09 9.9664e-10 8.05529e-10 6.40054e-10 5.17853e-10 4.39696e-10 3.94382e-10 3.76324e-10 3.89559e-10 4.32903e-10 4.93281e-10 5.54859e-10 6.05294e-10 6.34968e-10 6.3594e-10 6.04015e-10 5.41652e-10 4.58064e-10 3.6596e-10 2.77107e-10 1.98755e-10 1.31297e-10 7.18709e-11 
4.14276e-11 7.3157e-11 1.10803e-10 1.5455e-10 2.04519e-10 2.57474e-10 3.07567e-10 3.48075e-10 3.74362e-10 3.87133e-10 3.93803e-10 4.05284e-10 4.284e-10 4.60298e-10 4.90933e-10 5.10815e-10 5.1917e-10 5.3044e-10 5.7303e-10 6.70802e-10 8.2249e-10 1.0055e-09 1.18887e-09 1.33967e-09 1.42874e-09 1.43812e-09 1.36516e-09 1.22128e-09 1.02799e-09 8.14268e-10 6.1429e-10 4.60826e-10 3.70322e-10 3.32021e-10 3.27607e-10 3.53845e-10 4.10333e-10 4.85332e-10 5.63036e-10 6.3228e-10 6.85762e-10 7.15146e-10 7.1058e-10 6.66507e-10 5.87097e-10 4.85512e-10 3.78178e-10 2.78485e-10 1.9242e-10 1.17101e-10 
6.80943e-11 1.11199e-10 1.61244e-10 2.19846e-10 2.84729e-10 3.4937e-10 4.04411e-10 4.40849e-10 4.54696e-10 4.50925e-10 4.43062e-10 4.45756e-10 4.64021e-10 4.90042e-10 5.10815e-10 5.18503e-10 5.18632e-10 5.33742e-10 5.93239e-10 7.09101e-10 8.68561e-10 1.0483e-09 1.2219e-09 1.35948e-09 1.43138e-09 1.41681e-09 1.31086e-09 1.12655e-09 8.92855e-10 6.50263e-10 4.43608e-10 3.10792e-10 2.60675e-10 2.6503e-10 3.04429e-10 3.76324e-10 4.69486e-10 5.65992e-10 6.52844e-10 7.25038e-10 7.79332e-10 8.06225e-10 7.92012e-10 7.30199e-10 6.28711e-10 5.06294e-10 3.83229e-10 2.73254e-10 1.7909e-10 9.7651e-11 
6.07877e-11 1.0723e-10 1.6371e-10 2.30655e-10 3.07792e-10 3.88986e-10 4.63006e-10 5.164e-10 5.3912e-10 5.31056e-10 5.05075e-10 4.8204e-10 4.7772e-10 4.91571e-10 5.0985e-10 5.18503e-10 5.1417e-10 5.1075e-10 5.37358e-10 6.1823e-10 7.52728e-10 9.24407e-10 1.1137e-09 1.29452e-09 1.43071e-09 1.48465e-09 1.43218e-09 1.27295e-09 1.03194e-09 7.53517e-10 4.90422e-10 2.92451e-10 1.96858e-10 1.94759e-10 2.4231e-10 3.27607e-10 4.40461e-10 5.60251e-10 6.68842e-10 7.58514e-10 8.3083e-10 8.84903e-10 9.06705e-10 8.77185e-10 7.909e-10 6.62513e-10 5.17668e-10 3.79636e-10 2.60209e-10 1.5714e-10 
9.80723e-11 1.61017e-10 2.3582e-10 3.24668e-10 4.23194e-10 5.19529e-10 5.9638e-10 6.36867e-10 6.33432e-10 5.94888e-10 5.45029e-10 5.10206e-10 5.02051e-10 5.11182e-10 5.1917e-10 5.1417e-10 5.0027e-10 5.00761e-10 5.47485e-10 6.54742e-10 8.13847e-10 1.01003e-09 1.22265e-09 1.4149e-09 1.53775e-09 1.54879e-09 1.43093e-09 1.2002e-09 9.01192e-10 5.93411e-10 3.34266e-10 1.69308e-10 1.28959e-10 1.73457e-10 2.6503e-10 3.94382e-10 5.39433e-10 6.75967e-10 7.8865e-10 8.76514e-10 9.48006e-10 1.00151e-09 1.01412e-09 9.61517e-10 8.4338e-10 6.84443e-10 5.17434e-10 3.66348e-10 2.3795e-10 1.29192e-10 
8.62767e-11 1.52236e-10 2.34466e-10 3.33781e-10 4.49053e-10 5.69404e-10 6.75041e-10 7.42307e-10 7.54272e-10 7.12283e-10 6.39409e-10 5.70127e-10 5.30317e-10 5.21121e-10 5.23667e-10 5.18632e-10 5.0027e-10 4.82463e-10 4.9685e-10 5.72041e-10 7.11221e-10 9.03104e-10 1.13169e-09 1.36424e-09 1.54736e-09 1.62476e-09 1.56178e-09 1.36071e-09 1.06074e-09 7.24869e-10 4.19538e-10 1.95864e-10 8.89013e-11 1.08412e-10 1.94759e-10 3.32021e-10 4.98975e-10 6.66708e-10 8.10861e-10 9.20606e-10 1.00384e-09 1.07561e-09 1.12783e-09 1.1243e-09 1.03872e-09 8.81866e-10 6.91022e-10 5.04267e-10 3.42534e-10 2.05125e-10 
1.36654e-10 2.25798e-10 3.34087e-10 4.6424e-10 6.0836e-10 7.46113e-10 8.48201e-10 8.87204e-10 8.53555e-10 7.65582e-10 6.62875e-10 5.84964e-10 5.479e-10 5.37915e-10 5.3044e-10 5.1075e-10 4.82463e-10 4.69707e-10 5.0791e-10 6.16241e-10 7.89588e-10 1.01495e-09 1.26627e-09 1.49294e-09 1.63128e-09 1.63127e-09 1.4784e-09 1.20028e-09 8.5718e-10 5.21728e-10 2.55544e-10 9.44353e-11 6.22282e-11 1.28959e-10 2.60675e-10 4.39696e-10 6.35569e-10 8.16515e-10 9.59201e-10 1.05984e-09 1.1383e-09 1.21332e-09 1.2612e-09 1.23066e-09 1.10111e-09 9.0093e-10 6.8002e-10 4.77743e-10 3.07315e-10 1.66123e-10 
1.18277e-10 2.09119e-10 3.25032e-10 4.67281e-10 6.32943e-10 8.03565e-10 9.46397e-10 1.02375e-09 1.0121e-09 9.20218e-10 7.89269e-10 6.71184e-10 5.99025e-10 5.69174e-10 5.54838e-10 5.33742e-10 5.00761e-10 4.69707e-10 4.71491e-10 5.37578e-10 6.75885e-10 8.77003e-10 1.12161e-09 1.36765e-09 1.55194e-09 1.6142e-09 1.52319e-09 1.2901e-09 9.65134e-10 6.20477e-10 3.25917e-10 1.27504e-10 5.11331e-11 8.89013e-11 1.96858e-10 3.70322e-10 5.82954e-10 7.98721e-10 9.82714e-10 1.11434e-09 1.2016e-09 1.27916e-09 1.36081e-09 1.39632e-09 1.32405e-09 1.14069e-09 8.96606e-10 6.50873e-10 4.37955e-10 2.59994e-10 
1.84035e-10 3.06277e-10 4.57625e-10 6.40916e-10 8.42356e-10 1.02874e-09 1.15398e-09 1.17883e-09 1.09711e-09 9.46451e-10 7.89543e-10 6.78219e-10 6.23176e-10 5.97843e-10 5.7303e-10 5.37358e-10 4.9685e-10 4.71491e-10 4.91142e-10 5.78544e-10 7.34756e-10 9.46595e-10 1.18307e-09 1.38893e-09 1.50117e-09 1.47565e-09 1.30546e-09 1.02467e-09 6.97105e-10 3.9439e-10 1.71289e-10 6.69129e-11 9.44353e-11 1.69308e-10 3.10792e-10 5.17853e-10 7.56532e-10 9.82352e-10 1.15742e-09 1.26849e-09 1.34245e-09 1.42767e-09 1.51612e-09 1.52409e-09 1.39358e-09 1.15068e-09 8.67318e-10 6.04539e-10 3.85069e-10 2.07289e-10 
1.56446e-10 2.77656e-10 4.3548e-10 6.31438e-10 8.59049e-10 1.08812e-09 1.26754e-09 1.3427e-09 1.2876e-09 1.12918e-09 9.37334e-10 7.84569e-10 7.01197e-10 6.63343e-10 6.33022e-10 5.93239e-10 5.47485e-10 5.0791e-10 4.91142e-10 5.20414e-10 6.13738e-10 7.69721e-10 9.68104e-10 1.16599e-09 1.3052e-09 1.33539e-09 1.2343e-09 1.01709e-09 7.32695e-10 4.47381e-10 2.20161e-10 9.93913e-11 1.27504e-10 1.95864e-10 2.92451e-10 4.60826e-10 6.97485e-10 9.5484e-10 1.17806e-09 1.33021e-09 1.41386e-09 1.48227e-09 1.58631e-09 1.67317e-09 1.63155e-09 1.42862e-09 1.12724e-09 8.14221e-10 5.42759e-10 3.19473e-10 
2.39329e-10 4.01365e-10 6.05005e-10 8.52124e-10 1.11935e-09 1.3549e-09 1.49161e-09 1.48076e-09 1.33032e-09 1.11045e-09 9.14471e-10 7.9957e-10 7.50244e-10 7.16236e-10 6.70802e-10 6.1823e-10 5.72041e-10 5.37578e-10 5.20414e-10 5.4242e-10 6.24084e-10 7.60704e-10 9.22423e-10 1.0607e-09 1.12557e-09 1.08527e-09 9.37891e-10 7.14213e-10 4.69271e-10 2.6184e-10 1.44714e-10 1.71289e-10 2.55544e-10 3.34266e-10 4.43608e-10 6.40054e-10 9.04769e-10 1.16988e-09 1.3736e-09 1.48875e-09 1.54553e-09 1.62588e-09 1.75558e-09 1.81969e-09 1.70369e-09 1.42136e-09 1.07055e-09 7.40641e-10 4.67313e-10 2.50657e-10 
1.99488e-10 3.55987e-10 5.63109e-10 8.22005e-10 1.1197e-09 1.40859e-09 1.61371e-09 1.66393e-09 1.54072e-09 1.30415e-09 1.0643e-09 9.12167e-10 8.51995e-10 8.20359e-10 7.72074e-10 7.09101e-10 6.54742e-10 6.16241e-10 5.78544e-10 5.4242e-10 5.40635e-10 5.974e-10 7.00397e-10 8.11938e-10 8.8635e-10 8.87759e-10 8.02176e-10 6.43189e-10 4.51031e-10 2.80279e-10 1.86639e-10 2.20161e-10 3.25917e-10 4.19538e-10 4.90422e-10 6.1429e-10 8.46459e-10 1.13362e-09 1.38874e-09 1.55292e-09 1.62177e-09 1.66561e-09 1.78165e-09 1.9292e-09 1.93761e-09 1.72695e-09 1.36918e-09 9.84772e-10 6.50754e-10 3.80032e-10 
3.00307e-10 5.07574e-10 7.70821e-10 1.08899e-09 1.42395e-09 1.6989e-09 1.82385e-09 1.7491e-09 1.5127e-09 1.23184e-09 1.03394e-09 9.59067e-10 9.372e-10 8.95185e-10 8.2249e-10 7.52728e-10 7.11221e-10 6.75885e-10 6.13738e-10 5.40635e-10 5.0702e-10 5.3393e-10 5.98256e-10 6.59506e-10 6.8049e-10 6.39618e-10 5.37113e-10 3.97869e-10 2.68185e-10 2.06933e-10 2.6184e-10 3.9439e-10 5.21728e-10 5.93411e-10 6.50263e-10 8.05529e-10 1.07833e-09 1.37204e-09 1.59268e-09 1.69869e-09 1.72436e-09 1.78607e-09 1.95516e-09 2.09064e-09 2.00663e-09 1.69324e-09 1.27553e-09 8.76684e-10 5.48431e-10 2.93382e-10 
2.45077e-10 4.4032e-10 7.01883e-10 1.02944e-09 1.39939e-09 1.7399e-09 1.94811e-09 1.94259e-09 1.72849e-09 1.41591e-09 1.16355e-09 1.06293e-09 1.05464e-09 1.03207e-09 9.58595e-10 8.68561e-10 8.13847e-10 7.89588e-10 7.34756e-10 6.24084e-10 5.0702e-10 4.45131e-10 4.45684e-10 4.75509e-10 4.96418e-10 4.81341e-10 4.20815e-10 3.26405e-10 2.32849e-10 1.99058e-10 2.80279e-10 4.47381e-10 6.20477e-10 7.24869e-10 7.53517e-10 8.14268e-10 1.02307e-09 1.32719e-09 1.6e-09 1.75941e-09 1.79787e-09 1.80462e-09 1.92557e-09 2.14001e-09 2.21465e-09 2.01022e-09 1.60268e-09 1.14899e-09 7.53558e-10 4.3711e-10 
3.63336e-10 6.18779e-10 9.45352e-10 1.33636e-09 1.73268e-09 2.02646e-09 2.10784e-09 1.94162e-09 1.61479e-09 1.3039e-09 1.1598e-09 1.16057e-09 1.16961e-09 1.1113e-09 1.0055e-09 9.24407e-10 9.03104e-10 8.77003e-10 7.69721e-10 5.974e-10 4.45131e-10 3.67157e-10 3.49912e-10 3.5462e-10 3.48786e-10 3.15124e-10 2.54539e-10 1.89346e-10 1.71641e-10 2.68185e-10 4.69271e-10 6.97105e-10 8.5718e-10 9.01192e-10 8.92855e-10 9.9664e-10 1.26613e-09 1.57348e-09 1.79133e-09 1.86864e-09 1.84988e-09 1.88715e-09 2.09688e-09 2.31282e-09 2.27433e-09 1.9412e-09 1.46375e-09 1.00075e-09 6.21572e-10 3.32048e-10 
2.89975e-10 5.2498e-10 8.42431e-10 1.23923e-09 1.67651e-09 2.05139e-09 2.23219e-09 2.1401e-09 1.82434e-09 1.46037e-09 1.25287e-09 1.24702e-09 1.29339e-09 1.26808e-09 1.16133e-09 1.0483e-09 1.01003e-09 1.01495e-09 9.46595e-10 7.60704e-10 5.3393e-10 3.67157e-10 2.87233e-10 2.61359e-10 2.50959e-10 2.31047e-10 1.93638e-10 1.49877e-10 1.39513e-10 2.32849e-10 4.51031e-10 7.32695e-10 9.65134e-10 1.06074e-09 1.03194e-09 1.02799e-09 1.21032e-09 1.51869e-09 1.78826e-09 1.91963e-09 1.91042e-09 1.87517e-09 2.00518e-09 2.29102e-09 2.43826e-09 2.2506e-09 1.80439e-09 1.29079e-09 8.41506e-10 4.85609e-10 
4.23628e-10 7.2653e-10 1.11511e-09 1.57436e-09 2.01839e-09 2.30436e-09 2.31069e-09 2.03697e-09 1.63743e-09 1.35208e-09 1.31334e-09 1.39218e-09 1.41377e-09 1.32627e-09 1.18887e-09 1.1137e-09 1.13169e-09 1.12161e-09 9.68104e-10 7.00397e-10 4.45684e-10 2.87233e-10 2.15811e-10 1.88213e-10 1.70872e-10 1.47314e-10 1.1919e-10 1.12714e-10 1.89346e-10 3.97869e-10 7.14213e-10 1.02467e-09 1.20028e-09 1.2002e-09 1.12655e-09 1.18788e-09 1.44913e-09 1.75032e-09 1.93989e-09 1.96685e-09 1.89562e-09 1.91731e-09 2.1771e-09 2.47279e-09 2.48194e-09 2.1391e-09 1.61504e-09 1.09995e-09 6.79531e-10 3.63076e-10 
3.30395e-10 6.02905e-10 9.72825e-10 1.43333e-09 1.92674e-09 2.31457e-09 2.43925e-09 2.24154e-09 1.83531e-09 1.47085e-09 1.36746e-09 1.46106e-09 1.53528e-09 1.48615e-09 1.34226e-09 1.2219e-09 1.22265e-09 1.26627e-09 1.18307e-09 9.22423e-10 5.98256e-10 3.49912e-10 2.15811e-10 1.57817e-10 1.32557e-10 1.14512e-10 9.66419e-11 9.33121e-11 1.49877e-10 3.26405e-10 6.43189e-10 1.01709e-09 1.2901e-09 1.36071e-09 1.27295e-09 1.22128e-09 1.38604e-09 1.68412e-09 1.92459e-09 2.00335e-09 1.93372e-09 1.86517e-09 2.0247e-09 2.38365e-09 2.5938e-09 2.42381e-09 1.95153e-09 1.39416e-09 9.05107e-10 5.20616e-10 
4.758e-10 8.20956e-10 1.26432e-09 1.78109e-09 2.25582e-09 2.5106e-09 2.42333e-09 2.04828e-09 1.62061e-09 1.42504e-09 1.50282e-09 1.62478e-09 1.62747e-09 1.49836e-09 1.33967e-09 1.29452e-09 1.36424e-09 1.36765e-09 1.16599e-09 8.11938e-10 4.75509e-10 2.61359e-10 1.57817e-10 1.13819e-10 9.31847e-11 8.01888e-11 7.91653e-11 1.1919e-10 2.54539e-10 5.37113e-10 9.37891e-10 1.30546e-09 1.4784e-09 1.43093e-09 1.31086e-09 1.35319e-09 1.60303e-09 1.87457e-09 2.0101e-09 1.97057e-09 1.85147e-09 1.88559e-09 2.21112e-09 2.57112e-09 2.61324e-09 2.26508e-09 1.71136e-09 1.16269e-09 7.15913e-10 3.83254e-10 
3.6253e-10 6.66586e-10 1.0801e-09 1.59252e-09 2.12688e-09 2.50958e-09 2.56339e-09 2.26405e-09 1.80555e-09 1.50564e-09 1.52803e-09 1.68062e-09 1.74072e-09 1.64545e-09 1.46586e-09 1.35948e-09 1.4149e-09 1.49294e-09 1.38893e-09 1.0607e-09 6.59506e-10 3.5462e-10 1.88213e-10 1.13819e-10 8.24254e-11 6.87823e-11 6.82626e-11 9.66419e-11 1.93638e-10 4.20815e-10 8.02176e-10 1.2343e-09 1.52319e-09 1.56178e-09 1.43218e-09 1.36516e-09 1.52517e-09 1.7963e-09 1.98258e-09 1.99112e-09 1.86178e-09 1.78843e-09 2.01041e-09 2.43388e-09 2.67783e-09 2.51372e-09 2.02661e-09 1.4463e-09 9.36775e-10 5.3822e-10 
5.14693e-10 8.9225e-10 1.37714e-09 1.9356e-09 2.42533e-09 2.63868e-09 2.46296e-09 2.01994e-09 1.62612e-09 1.55397e-09 1.70718e-09 1.82103e-09 1.77369e-09 1.59485e-09 1.42874e-09 1.43071e-09 1.54736e-09 1.55194e-09 1.3052e-09 8.8635e-10 4.96418e-10 2.50959e-10 1.32557e-10 8.24254e-11 6.27129e-11 6.0197e-11 8.01888e-11 1.47314e-10 3.15124e-10 6.39618e-10 1.08527e-09 1.47565e-09 1.63127e-09 1.54879e-09 1.41681e-09 1.46753e-09 1.70099e-09 1.92122e-09 1.98519e-09 1.87799e-09 1.73666e-09 1.82801e-09 2.22735e-09 2.61721e-09 2.66159e-09 2.30573e-09 1.74062e-09 1.18101e-09 7.2633e-10 3.9028e-10 
3.83179e-10 7.09296e-10 1.15235e-09 1.69922e-09 2.25769e-09 2.62649e-09 2.61702e-09 2.24737e-09 1.7935e-09 1.60164e-09 1.71458e-09 1.86767e-09 1.87592e-09 1.71922e-09 1.50914e-09 1.43138e-09 1.53775e-09 1.63128e-09 1.50117e-09 1.12557e-09 6.8049e-10 3.48786e-10 1.70872e-10 9.31847e-11 6.27129e-11 5.57281e-11 6.87823e-11 1.14512e-10 2.31047e-10 4.81341e-10 8.87759e-10 1.33539e-09 1.6142e-09 1.62476e-09 1.48465e-09 1.43812e-09 1.60167e-09 1.83086e-09 1.94721e-09 1.88404e-09 1.71817e-09 1.68982e-09 2.0012e-09 2.45962e-09 2.69275e-09 2.51376e-09 2.02088e-09 1.44041e-09 9.32398e-10 5.36243e-10 
5.36243e-10 9.32398e-10 1.44041e-09 2.02088e-09 2.51376e-09 2.69275e-09 2.45962e-09 2.0012e-09 1.68982e-09 1.71817e-09 1.88404e-09 1.94721e-09 1.83086e-09 1.60167e-09 1.43812e-09 1.48465e-09 1.62476e-09 1.6142e-09 1.33539e-09 8.87759e-10 4.81341e-10 2.31047e-10 1.14512e-10 6.87823e-11 5.57281e-11 6.27129e-11 9.31847e-11 1.70872e-10 3.48786e-10 6.8049e-10 1.12557e-09 1.50117e-09 1.63128e-09 1.53775e-09 1.43138e-09 1.50914e-09 1.71922e-09 1.87592e-09 1.86767e-09 1.71458e-09 1.60164e-09 1.7935e-09 2.24737e-09 2.61702e-09 2.62649e-09 2.25769e-09 1.69922e-09 1.15235e-09 7.09296e-10 3.83179e-10 
3.9028e-10 7.2633e-10 1.18101e-09 1.74062e-09 2.30573e-09 2.66159e-09 2.61721e-09 2.22735e-09 1.82801e-09 1.73666e-09 1.87799e-09 1.98519e-09 1.92122e-09 1.70099e-09 1.46753e-09 1.41681e-09 1.54879e-09 1.63127e-09 1.47565e-09 1.08527e-09 6.39618e-10 3.15124e-10 1.47314e-10 8.01888e-11 6.0197e-11 6.27129e-11 8.24254e-11 1.32557e-10 2.50959e-10 4.96418e-10 8.8635e-10 1.3052e-09 1.55194e-09 1.54736e-09 1.43071e-09 1.42874e-09 1.59485e-09 1.77369e-09 1.82103e-09 1.70718e-09 1.55397e-09 1.62612e-09 2.01994e-09 2.46296e-09 2.63868e-09 2.42533e-09 1.9356e-09 1.37714e-09 8.9225e-10 5.14693e-10 
5.3822e-10 9.36775e-10 1.4463e-09 2.02661e-09 2.51372e-09 2.67783e-09 2.43388e-09 2.01041e-09 1.78843e-09 1.86178e-09 1.99112e-09 1.98258e-09 1.7963e-09 1.52517e-09 1.36516e-09 1.43218e-09 1.56178e-09 1.52319e-09 1.2343e-09 8.02176e-10 4.20815e-10 1.93638e-10 9.66419e-11 6.82626e-11 6.87823e-11 8.24254e-11 1.13819e-10 1.88213e-10 3.5462e-10 6.59506e-10 1.0607e-09 1.38893e-09 1.49294e-09 1.4149e-09 1.35948e-09 1.46586e-09 1.64545e-09 1.74072e-09 1.68062e-09 1.52803e-09 1.50564e-09 1.80555e-09 2.26405e-09 2.56339e-09 2.50958e-09 2.12688e-09 1.59252e-09 1.0801e-09 6.66586e-10 3.6253e-10 
3.83254e-10 7.15913e-10 1.16269e-09 1.71136e-09 2.26508e-09 2.61324e-09 2.57112e-09 2.21112e-09 1.88559e-09 1.85147e-09 1.97057e-09 2.0101e-09 1.87457e-09 1.60303e-09 1.35319e-09 1.31086e-09 1.43093e-09 1.4784e-09 1.30546e-09 9.37891e-10 5.37113e-10 2.54539e-10 1.1919e-10 7.91653e-11 8.01888e-11 9.31847e-11 1.13819e-10 1.57817e-10 2.61359e-10 4.75509e-10 8.11938e-10 1.16599e-09 1.36765e-09 1.36424e-09 1.29452e-09 1.33967e-09 1.49836e-09 1.62747e-09 1.62478e-09 1.50282e-09 1.42504e-09 1.62061e-09 2.04828e-09 2.42333e-09 2.5106e-09 2.25582e-09 1.78109e-09 1.26432e-09 8.20956e-10 4.758e-10 
5.20616e-10 9.05107e-10 1.39416e-09 1.95153e-09 2.42381e-09 2.5938e-09 2.38365e-09 2.0247e-09 1.86517e-09 1.93372e-09 2.00335e-09 1.92459e-09 1.68412e-09 1.38604e-09 1.22128e-09 1.27295e-09 1.36071e-09 1.2901e-09 1.01709e-09 6.43189e-10 3.26405e-10 1.49877e-10 9.33121e-11 9.66419e-11 1.14512e-10 1.32557e-10 1.57817e-10 2.15811e-10 3.49912e-10 5.98256e-10 9.22423e-10 1.18307e-09 1.26627e-09 1.22265e-09 1.2219e-09 1.34226e-09 1.48615e-09 1.53528e-09 1.46106e-09 1.36746e-09 1.47085e-09 1.83531e-09 2.24154e-09 2.43925e-09 2.31457e-09 1.92674e-09 1.43333e-09 9.72825e-10 6.02905e-10 3.30395e-10 
3.63076e-10 6.79531e-10 1.09995e-09 1.61504e-09 2.1391e-09 2.48194e-09 2.47279e-09 2.1771e-09 1.91731e-09 1.89562e-09 1.96685e-09 1.93989e-09 1.75032e-09 1.44913e-09 1.18788e-09 1.12655e-09 1.2002e-09 1.20028e-09 1.02467e-09 7.14213e-10 3.97869e-10 1.89346e-10 1.12714e-10 1.1919e-10 1.47314e-10 1.70872e-10 1.88213e-10 2.15811e-10 2.87233e-10 4.45684e-10 7.00397e-10 9.68104e-10 1.12161e-09 1.13169e-09 1.1137e-09 1.18887e-09 1.32627e-09 1.41377e-09 1.39218e-09 1.31334e-09 1.35208e-09 1.63743e-09 2.03697e-09 2.31069e-09 2.30436e-09 2.01839e-09 1.57436e-09 1.11511e-09 7.2653e-10 4.23628e-10 
4.85609e-10 8.41506e-10 1.29079e-09 1.80439e-09 2.2506e-09 2.43826e-09 2.29102e-09 2.00518e-09 1.87517e-09 1.91042e-09 1.91963e-09 1.78826e-09 1.51869e-09 1.21032e-09 1.02799e-09 1.03194e-09 1.06074e-09 9.65134e-10 7.32695e-10 4.51031e-10 2.32849e-10 1.39513e-10 1.49877e-10 1.93638e-10 2.31047e-10 2.50959e-10 2.61359e-10 2.87233e-10 3.67157e-10 5.3393e-10 7.60704e-10 9.46595e-10 1.01495e-09 1.01003e-09 1.0483e-09 1.16133e-09 1.26808e-09 1.29339e-09 1.24702e-09 1.25287e-09 1.46037e-09 1.82434e-09 2.1401e-09 2.23219e-09 2.05139e-09 1.67651e-09 1.23923e-09 8.42431e-10 5.2498e-10 2.89975e-10 
3.32048e-10 6.21572e-10 1.00075e-09 1.46375e-09 1.9412e-09 2.27433e-09 2.31282e-09 2.09688e-09 1.88715e-09 1.84988e-09 1.86864e-09 1.79133e-09 1.57348e-09 1.26613e-09 9.9664e-10 8.92855e-10 9.01192e-10 8.5718e-10 6.97105e-10 4.69271e-10 2.68185e-10 1.71641e-10 1.89346e-10 2.54539e-10 3.15124e-10 3.48786e-10 3.5462e-10 3.49912e-10 3.67157e-10 4.45131e-10 5.974e-10 7.69721e-10 8.77003e-10 9.03104e-10 9.24407e-10 1.0055e-09 1.1113e-09 1.16961e-09 1.16057e-09 1.1598e-09 1.3039e-09 1.61479e-09 1.94162e-09 2.10784e-09 2.02646e-09 1.73268e-09 1.33636e-09 9.45352e-10 6.18779e-10 3.63336e-10 
4.3711e-10 7.53558e-10 1.14899e-09 1.60268e-09 2.01022e-09 2.21465e-09 2.14001e-09 1.92557e-09 1.80462e-09 1.79787e-09 1.75941e-09 1.6e-09 1.32719e-09 1.02307e-09 8.14268e-10 7.53517e-10 7.24869e-10 6.20477e-10 4.47381e-10 2.80279e-10 1.99058e-10 2.32849e-10 3.26405e-10 4.20815e-10 4.81341e-10 4.96418e-10 4.75509e-10 4.45684e-10 4.45131e-10 5.0702e-10 6.24084e-10 7.34756e-10 7.89588e-10 8.13847e-10 8.68561e-10 9.58595e-10 1.03207e-09 1.05464e-09 1.06293e-09 1.16355e-09 1.41591e-09 1.72849e-09 1.94259e-09 1.94811e-09 1.7399e-09 1.39939e-09 1.02944e-09 7.01883e-10 4.4032e-10 2.45077e-10 
2.93382e-10 5.48431e-10 8.76684e-10 1.27553e-09 1.69324e-09 2.00663e-09 2.09064e-09 1.95516e-09 1.78607e-09 1.72436e-09 1.69869e-09 1.59268e-09 1.37204e-09 1.07833e-09 8.05529e-10 6.50263e-10 5.93411e-10 5.21728e-10 3.9439e-10 2.6184e-10 2.06933e-10 2.68185e-10 3.97869e-10 5.37113e-10 6.39618e-10 6.8049e-10 6.59506e-10 5.98256e-10 5.3393e-10 5.0702e-10 5.40635e-10 6.13738e-10 6.75885e-10 7.11221e-10 7.52728e-10 8.2249e-10 8.95185e-10 9.372e-10 9.59067e-10 1.03394e-09 1.23184e-09 1.5127e-09 1.7491e-09 1.82385e-09 1.6989e-09 1.42395e-09 1.08899e-09 7.70821e-10 5.07574e-10 3.00307e-10 
3.80032e-10 6.50754e-10 9.84772e-10 1.36918e-09 1.72695e-09 1.93761e-09 1.9292e-09 1.78165e-09 1.66561e-09 1.62177e-09 1.55292e-09 1.38874e-09 1.13362e-09 8.46459e-10 6.1429e-10 4.90422e-10 4.19538e-10 3.25917e-10 2.20161e-10 1.86639e-10 2.80279e-10 4.51031e-10 6.43189e-10 8.02176e-10 8.87759e-10 8.8635e-10 8.11938e-10 7.00397e-10 5.974e-10 5.40635e-10 5.4242e-10 5.78544e-10 6.16241e-10 6.54742e-10 7.09101e-10 7.72074e-10 8.20359e-10 8.51995e-10 9.12167e-10 1.0643e-09 1.30415e-09 1.54072e-09 1.66393e-09 1.61371e-09 1.40859e-09 1.1197e-09 8.22005e-10 5.63109e-10 3.55987e-10 1.99488e-10 
2.50657e-10 4.67313e-10 7.40641e-10 1.07055e-09 1.42136e-09 1.70369e-09 1.81969e-09 1.75558e-09 1.62588e-09 1.54553e-09 1.48875e-09 1.3736e-09 1.16988e-09 9.04769e-10 6.40054e-10 4.43608e-10 3.34266e-10 2.55544e-10 1.71289e-10 1.44714e-10 2.6184e-10 4.69271e-10 7.14213e-10 9.37891e-10 1.08527e-09 1.12557e-09 1.0607e-09 9.22423e-10 7.60704e-10 6.24084e-10 5.4242e-10 5.20414e-10 5.37578e-10 5.72041e-10 6.1823e-10 6.70802e-10 7.16236e-10 7.50244e-10 7.9957e-10 9.14471e-10 1.11045e-09 1.33032e-09 1.48076e-09 1.49161e-09 1.3549e-09 1.11935e-09 8.52124e-10 6.05005e-10 4.01365e-10 2.39329e-10 
3.19473e-10 5.42759e-10 8.14221e-10 1.12724e-09 1.42862e-09 1.63155e-09 1.67317e-09 1.58631e-09 1.48227e-09 1.41386e-09 1.33021e-09 1.17806e-09 9.5484e-10 6.97485e-10 4.60826e-10 2.92451e-10 1.95864e-10 1.27504e-10 9.93913e-11 2.20161e-10 4.47381e-10 7.32695e-10 1.01709e-09 1.2343e-09 1.33539e-09 1.3052e-09 1.16599e-09 9.68104e-10 7.69721e-10 6.13738e-10 5.20414e-10 4.91142e-10 5.0791e-10 5.47485e-10 5.93239e-10 6.33022e-10 6.63343e-10 7.01197e-10 7.84569e-10 9.37334e-10 1.12918e-09 1.2876e-09 1.3427e-09 1.26754e-09 1.08812e-09 8.59049e-10 6.31438e-10 4.3548e-10 2.77656e-10 1.56446e-10 
2.07289e-10 3.85069e-10 6.04539e-10 8.67318e-10 1.15068e-09 1.39358e-09 1.52409e-09 1.51612e-09 1.42767e-09 1.34245e-09 1.26849e-09 1.15742e-09 9.82352e-10 7.56532e-10 5.17853e-10 3.10792e-10 1.69308e-10 9.44353e-11 6.69129e-11 1.71289e-10 3.9439e-10 6.97105e-10 1.02467e-09 1.30546e-09 1.47565e-09 1.50117e-09 1.38893e-09 1.18307e-09 9.46595e-10 7.34756e-10 5.78544e-10 4.91142e-10 4.71491e-10 4.9685e-10 5.37358e-10 5.7303e-10 5.97843e-10 6.23176e-10 6.78219e-10 7.89543e-10 9.46451e-10 1.09711e-09 1.17883e-09 1.15398e-09 1.02874e-09 8.42356e-10 6.40916e-10 4.57625e-10 3.06277e-10 1.84035e-10 
2.59994e-10 4.37955e-10 6.50873e-10 8.96606e-10 1.14069e-09 1.32405e-09 1.39632e-09 1.36081e-09 1.27916e-09 1.2016e-09 1.11434e-09 9.82714e-10 7.98721e-10 5.82954e-10 3.70322e-10 1.96858e-10 8.89013e-11 5.11331e-11 1.27504e-10 3.25917e-10 6.20477e-10 9.65134e-10 1.2901e-09 1.52319e-09 1.6142e-09 1.55194e-09 1.36765e-09 1.12161e-09 8.77003e-10 6.75885e-10 5.37578e-10 4.71491e-10 4.69707e-10 5.00761e-10 5.33742e-10 5.54838e-10 5.69174e-10 5.99025e-10 6.71184e-10 7.89269e-10 9.20218e-10 1.0121e-09 1.02375e-09 9.46397e-10 8.03565e-10 6.32943e-10 4.67281e-10 3.25032e-10 2.09119e-10 1.18277e-10 
1.66123e-10 3.07315e-10 4.77743e-10 6.8002e-10 9.0093e-10 1.10111e-09 1.23066e-09 1.2612e-09 1.21332e-09 1.1383e-09 1.05984e-09 9.59201e-10 8.16515e-10 6.35569e-10 4.39696e-10 2.60675e-10 1.28959e-10 6.22282e-11 9.44353e-11 2.55544e-10 5.21728e-10 8.5718e-10 1.20028e-09 1.4784e-09 1.63127e-09 1.63128e-09 1.49294e-09 1.26627e-09 1.01495e-09 7.89588e-10 6.16241e-10 5.0791e-10 4.69707e-10 4.82463e-10 5.1075e-10 5.3044e-10 5.37915e-10 5.479e-10 5.84964e-10 6.62875e-10 7.65582e-10 8.53555e-10 8.87204e-10 8.48201e-10 7.46113e-10 6.0836e-10 4.6424e-10 3.34087e-10 2.25798e-10 1.36654e-10 
2.05125e-10 3.42534e-10 5.04267e-10 6.91022e-10 8.81866e-10 1.03872e-09 1.1243e-09 1.12783e-09 1.07561e-09 1.00384e-09 9.20606e-10 8.10861e-10 6.66708e-10 4.98975e-10 3.32021e-10 1.94759e-10 1.08412e-10 8.89013e-11 1.95864e-10 4.19538e-10 7.24869e-10 1.06074e-09 1.36071e-09 1.56178e-09 1.62476e-09 1.54736e-09 1.36424e-09 1.13169e-09 9.03104e-10 7.11221e-10 5.72041e-10 4.9685e-10 4.82463e-10 5.0027e-10 5.18632e-10 5.23667e-10 5.21121e-10 5.30317e-10 5.70127e-10 6.39409e-10 7.12283e-10 7.54272e-10 7.42307e-10 6.75041e-10 5.69404e-10 4.49053e-10 3.33781e-10 2.34466e-10 1.52236e-10 8.62767e-11 
1.29192e-10 2.3795e-10 3.66348e-10 5.17434e-10 6.84443e-10 8.4338e-10 9.61517e-10 1.01412e-09 1.00151e-09 9.48006e-10 8.76514e-10 7.8865e-10 6.75967e-10 5.39433e-10 3.94382e-10 2.6503e-10 1.73457e-10 1.28959e-10 1.69308e-10 3.34266e-10 5.93411e-10 9.01192e-10 1.2002e-09 1.43093e-09 1.54879e-09 1.53775e-09 1.4149e-09 1.22265e-09 1.01003e-09 8.13847e-10 6.54742e-10 5.47485e-10 5.00761e-10 5.0027e-10 5.1417e-10 5.1917e-10 5.11182e-10 5.02051e-10 5.10206e-10 5.45029e-10 5.94888e-10 6.33432e-10 6.36867e-10 5.9638e-10 5.19529e-10 4.23194e-10 3.24668e-10 2.3582e-10 1.61017e-10 9.80723e-11 
1.5714e-10 2.60209e-10 3.79636e-10 5.17668e-10 6.62513e-10 7.909e-10 8.77185e-10 9.06705e-10 8.84903e-10 8.3083e-10 7.58514e-10 6.68842e-10 5.60251e-10 4.40461e-10 3.27607e-10 2.4231e-10 1.94759e-10 1.96858e-10 2.92451e-10 4.90422e-10 7.53517e-10 1.03194e-09 1.27295e-09 1.43218e-09 1.48465e-09 1.43071e-09 1.29452e-09 1.1137e-09 9.24407e-10 7.52728e-10 6.1823e-10 5.37358e-10 5.1075e-10 5.1417e-10 5.18503e-10 5.0985e-10 4.91571e-10 4.7772e-10 4.8204e-10 5.05075e-10 5.31056e-10 5.3912e-10 5.164e-10 4.63006e-10 3.88986e-10 3.07792e-10 2.30655e-10 1.6371e-10 1.0723e-10 6.07877e-11 
9.7651e-11 1.7909e-10 2.73254e-10 3.83229e-10 5.06294e-10 6.28711e-10 7.30199e-10 7.92012e-10 8.06225e-10 7.79332e-10 7.25038e-10 6.52844e-10 5.65992e-10 4.69486e-10 3.76324e-10 3.04429e-10 2.6503e-10 2.60675e-10 3.10792e-10 4.43608e-10 6.50263e-10 8.92855e-10 1.12655e-09 1.31086e-09 1.41681e-09 1.43138e-09 1.35948e-09 1.2219e-09 1.0483e-09 8.68561e-10 7.09101e-10 5.93239e-10 5.33742e-10 5.18632e-10 5.18503e-10 5.10815e-10 4.90042e-10 4.64021e-10 4.45756e-10 4.43062e-10 4.50925e-10 4.54696e-10 4.40849e-10 4.04411e-10 3.4937e-10 2.84729e-10 2.19846e-10 1.61244e-10 1.11199e-10 6.80943e-11 
1.17101e-10 1.9242e-10 2.78485e-10 3.78178e-10 4.85512e-10 5.87097e-10 6.66507e-10 7.1058e-10 7.15146e-10 6.85762e-10 6.3228e-10 5.63036e-10 4.85332e-10 4.10333e-10 3.53845e-10 3.27607e-10 3.32021e-10 3.70322e-10 4.60826e-10 6.1429e-10 8.14268e-10 1.02799e-09 1.22128e-09 1.36516e-09 1.43812e-09 1.42874e-09 1.33967e-09 1.18887e-09 1.0055e-09 8.2249e-10 6.70802e-10 5.7303e-10 5.3044e-10 5.1917e-10 5.10815e-10 4.90933e-10 4.60298e-10 4.284e-10 4.05284e-10 3.93803e-10 3.87133e-10 3.74362e-10 3.48075e-10 3.07567e-10 2.57474e-10 2.04519e-10 1.5455e-10 1.10803e-10 7.3157e-11 4.14276e-11 
7.18709e-11 1.31297e-10 1.98755e-10 2.77107e-10 3.6596e-10 4.58064e-10 5.41652e-10 6.04015e-10 6.3594e-10 6.34968e-10 6.05294e-10 5.54859e-10 4.93281e-10 4.32903e-10 3.89559e-10 3.76324e-10 3.94382e-10 4.39696e-10 5.17853e-10 6.40054e-10 8.05529e-10 9.9664e-10 1.18788e-09 1.35319e-09 1.46753e-09 1.50914e-09 1.46586e-09 1.34226e-09 1.16133e-09 9.58595e-10 7.72074e-10 6.33022e-10 5.54838e-10 5.23667e-10 5.0985e-10 4.90933e-10 4.60071e-10 4.21884e-10 3.85392e-10 3.57297e-10 3.37543e-10 3.20015e-10 2.97604e-10 2.66709e-10 2.28243e-10 1.86036e-10 1.44531e-10 1.06989e-10 7.44627e-11 4.57978e-11 
8.50613e-11 1.38846e-10 1.99617e-10 2.70314e-10 3.48416e-10 4.26816e-10 4.95818e-10 5.45787e-10 5.7005e-10 5.66811e-10 5.39398e-10 4.95716e-10 4.48393e-10 4.14553e-10 4.10333e-10 4.40461e-10 4.98975e-10 5.82954e-10 6.97485e-10 8.46459e-10 1.02307e-09 1.21032e-09 1.38604e-09 1.52517e-09 1.60167e-09 1.59485e-09 1.49836e-09 1.32627e-09 1.1113e-09 8.95185e-10 7.16236e-10 5.97843e-10 5.37915e-10 5.11182e-10 4.90042e-10 4.60071e-10 4.20164e-10 3.76544e-10 3.36645e-10 3.04532e-10 2.79044e-10 2.55514e-10 2.29483e-10 1.99235e-10 1.6591e-10 1.32161e-10 1.00624e-10 7.28029e-11 4.84049e-11 2.7358e-11 
5.1615e-11 9.39825e-11 1.41355e-10 1.96236e-10 2.59413e-10 3.27545e-10 3.94399e-10 4.52296e-10 4.93927e-10 5.14218e-10 5.11773e-10 4.89962e-10 4.58215e-10 4.32797e-10 4.32903e-10 4.69486e-10 5.39433e-10 6.35569e-10 7.56532e-10 9.04769e-10 1.07833e-09 1.26613e-09 1.44913e-09 1.60303e-09 1.70099e-09 1.71922e-09 1.64545e-09 1.48615e-09 1.26808e-09 1.03207e-09 8.20359e-10 6.63343e-10 5.69174e-10 5.21121e-10 4.91571e-10 4.60298e-10 4.20164e-10 3.7348e-10 3.26473e-10 2.84795e-10 2.50798e-10 2.23e-10 1.97854e-10 1.72392e-10 1.45656e-10 1.18481e-10 9.24784e-11 6.90087e-11 4.84162e-11 2.98846e-11 
6.03666e-11 9.80163e-11 1.40229e-10 1.89686e-10 2.45796e-10 3.05266e-10 3.62998e-10 4.13056e-10 4.49849e-10 4.69447e-10 4.7107e-10 4.59091e-10 4.45309e-10 4.48393e-10 4.85332e-10 5.60251e-10 6.66708e-10 7.98721e-10 9.5484e-10 1.13362e-09 1.32719e-09 1.51869e-09 1.68412e-09 1.7963e-09 1.83086e-09 1.77369e-09 1.62747e-09 1.41377e-09 1.16961e-09 9.372e-10 7.50244e-10 6.23176e-10 5.479e-10 5.02051e-10 4.64021e-10 4.21884e-10 3.7348e-10 3.22515e-10 2.74389e-10 2.33149e-10 1.99893e-10 1.72875e-10 1.49188e-10 1.26643e-10 1.04532e-10 8.33024e-11 6.3791e-11 4.65124e-11 3.11112e-11 1.75465e-11 
3.62562e-11 6.58505e-11 9.8581e-11 1.36537e-10 1.80992e-10 2.30831e-10 2.8325e-10 3.34297e-10 3.79475e-10 4.14539e-10 4.36617e-10 4.45962e-10 4.48564e-10 4.58215e-10 4.93281e-10 5.65992e-10 6.75967e-10 8.16515e-10 9.82352e-10 1.16988e-09 1.37204e-09 1.57348e-09 1.75032e-09 1.87457e-09 1.92122e-09 1.87592e-09 1.74072e-09 1.53528e-09 1.29339e-09 1.05464e-09 8.51995e-10 7.01197e-10 5.99025e-10 5.30317e-10 4.7772e-10 4.284e-10 3.76544e-10 3.22515e-10 2.70066e-10 2.23374e-10 1.84925e-10 1.54649e-10 1.30498e-10 1.09952e-10 9.12676e-11 7.38176e-11 5.77387e-11 4.33526e-11 3.06222e-11 1.8959e-11 
4.19643e-11 6.78841e-11 9.68449e-11 1.3113e-10 1.71128e-10 2.15745e-10 2.62838e-10 3.09514e-10 3.52495e-10 3.88735e-10 4.16522e-10 4.3746e-10 4.59091e-10 4.95716e-10 5.63036e-10 6.68842e-10 8.10861e-10 9.82714e-10 1.17806e-09 1.38874e-09 1.6e-09 1.78826e-09 1.92459e-09 1.98258e-09 1.94721e-09 1.82103e-09 1.62478e-09 1.39218e-09 1.16057e-09 9.59067e-10 7.9957e-10 6.78219e-10 5.84964e-10 5.10206e-10 4.45756e-10 3.85392e-10 3.26473e-10 2.70066e-10 2.19136e-10 1.76317e-10 1.42484e-10 1.16543e-10 9.62676e-11 7.94566e-11 6.46842e-11 5.13779e-11 3.94708e-11 2.8954e-11 1.94666e-11 1.09616e-11 
2.49753e-11 4.52909e-11 6.76219e-11 9.36491e-11 1.24748e-10 1.60982e-10 2.01557e-10 2.45038e-10 2.89497e-10 3.32772e-10 3.73e-10 4.09751e-10 4.45962e-10 4.89962e-10 5.54859e-10 6.52844e-10 7.8865e-10 9.59201e-10 1.15742e-09 1.3736e-09 1.59268e-09 1.79133e-09 1.93989e-09 2.0101e-09 1.98519e-09 1.86767e-09 1.68062e-09 1.46106e-09 1.24702e-09 1.06293e-09 9.12167e-10 7.84569e-10 6.71184e-10 5.70127e-10 4.8204e-10 4.05284e-10 3.36645e-10 2.74389e-10 2.19136e-10 1.7247e-10 1.35276e-10 1.06994e-10 8.5847e-11 6.96219e-11 5.64486e-11 4.51736e-11 3.52826e-11 2.65924e-11 1.88858e-11 1.17272e-11 
2.86562e-11 4.62648e-11 6.59672e-11 8.96193e-11 1.18035e-10 1.51305e-10 1.8906e-10 2.3057e-10 2.74827e-10 3.20754e-10 3.67709e-10 4.16522e-10 4.7107e-10 5.39398e-10 6.3228e-10 7.58514e-10 9.20606e-10 1.11434e-09 1.33021e-09 1.55292e-09 1.75941e-09 1.91963e-09 2.00335e-09 1.99112e-09 1.88404e-09 1.70718e-09 1.50282e-09 1.31334e-09 1.1598e-09 1.03394e-09 9.14471e-10 7.89543e-10 6.62875e-10 5.45029e-10 4.43062e-10 3.57297e-10 2.84795e-10 2.23374e-10 1.7247e-10 1.3198e-10 1.012e-10 7.85648e-11 6.20039e-11 4.9496e-11 3.951e-11 3.11297e-11 2.39123e-11 1.76124e-11 1.18945e-11 6.69357e-12 
1.69206e-11 3.06697e-11 4.57701e-11 6.35384e-11 8.52535e-11 1.11539e-10 1.42695e-10 1.78832e-10 2.19925e-10 2.6588e-10 3.16717e-10 3.73e-10 4.36617e-10 5.11773e-10 6.05294e-10 7.25038e-10 8.76514e-10 1.05984e-09 1.26849e-09 1.48875e-09 1.69869e-09 1.86864e-09 1.96685e-09 1.97057e-09 1.87799e-09 1.71458e-09 1.52803e-09 1.36746e-09 1.25287e-09 1.16355e-09 1.0643e-09 9.37334e-10 7.89269e-10 6.39409e-10 5.05075e-10 3.93803e-10 3.04532e-10 2.33149e-10 1.76317e-10 1.3198e-10 9.85013e-11 7.40589e-11 5.65852e-11 4.40291e-11 3.46673e-11 2.72898e-11 2.11879e-11 1.59827e-11 1.13971e-11 7.0994e-12 
1.92805e-11 3.11273e-11 4.44691e-11 6.07675e-11 8.09573e-11 1.057e-10 1.35599e-10 1.71274e-10 2.1342e-10 2.62874e-10 3.20754e-10 3.88735e-10 4.69447e-10 5.66811e-10 6.85762e-10 8.3083e-10 1.00384e-09 1.2016e-09 1.41386e-09 1.62177e-09 1.79787e-09 1.91042e-09 1.93372e-09 1.86178e-09 1.71817e-09 1.55397e-09 1.42504e-09 1.35208e-09 1.3039e-09 1.23184e-09 1.11045e-09 9.46451e-10 7.65582e-10 5.94888e-10 4.50925e-10 3.37543e-10 2.50798e-10 1.84925e-10 1.35276e-10 9.85013e-11 7.1931e-11 5.31776e-11 4.00819e-11 3.081e-11 2.39673e-11 1.86259e-11 1.4247e-11 1.051e-11 7.12508e-12 4.01362e-12 
1.13092e-11 2.0514e-11 3.06714e-11 4.27902e-11 5.7974e-11 7.70531e-11 1.00853e-10 1.30329e-10 1.66642e-10 2.11232e-10 2.6588e-10 3.32772e-10 4.14539e-10 5.14218e-10 6.34968e-10 7.79332e-10 9.48006e-10 1.1383e-09 1.34245e-09 1.54553e-09 1.72436e-09 1.84988e-09 1.89562e-09 1.85147e-09 1.73666e-09 1.60164e-09 1.50564e-09 1.47085e-09 1.46037e-09 1.41591e-09 1.30415e-09 1.12918e-09 9.20218e-10 7.12283e-10 5.31056e-10 3.87133e-10 2.79044e-10 1.99893e-10 1.42484e-10 1.012e-10 7.1931e-11 5.15492e-11 3.75653e-11 2.79877e-11 2.12865e-11 1.63795e-11 1.25724e-11 9.45814e-12 6.75946e-12 4.22579e-12 
1.28232e-11 2.0742e-11 2.97651e-11 4.10194e-11 5.54005e-11 7.37886e-11 9.72379e-11 1.27091e-10 1.65083e-10 2.1342e-10 2.74827e-10 3.52495e-10 4.49849e-10 5.7005e-10 7.15146e-10 8.84903e-10 1.07561e-09 1.27916e-09 1.48227e-09 1.66561e-09 1.80462e-09 1.87517e-09 1.86517e-09 1.78843e-09 1.68982e-09 1.62612e-09 1.62061e-09 1.63743e-09 1.61479e-09 1.5127e-09 1.33032e-09 1.09711e-09 8.53555e-10 6.33432e-10 4.54696e-10 3.20015e-10 2.23e-10 1.54649e-10 1.06994e-10 7.40589e-11 5.15492e-11 3.63519e-11 2.6167e-11 1.93029e-11 1.45452e-11 1.10786e-11 8.3959e-12 6.18507e-12 4.20616e-12 2.37537e-12 
7.48044e-12 1.35974e-11 2.04151e-11 2.86972e-11 3.93524e-11 5.32302e-11 7.13417e-11 9.50096e-11 1.26e-10 1.66642e-10 2.19925e-10 2.89497e-10 3.79475e-10 4.93927e-10 6.3594e-10 8.06225e-10 1.00151e-09 1.21332e-09 1.42767e-09 1.62588e-09 1.78607e-09 1.88715e-09 1.91731e-09 1.88559e-09 1.82801e-09 1.7935e-09 1.80555e-09 1.83531e-09 1.82434e-09 1.72849e-09 1.54072e-09 1.2876e-09 1.0121e-09 7.54272e-10 5.3912e-10 3.74362e-10 2.55514e-10 1.72875e-10 1.16543e-10 7.85648e-11 5.31776e-11 3.63519e-11 2.52822e-11 1.80101e-11 1.31725e-11 9.84279e-12 7.42357e-12 5.54395e-12 3.96219e-12 2.48614e-12 
8.45708e-12 1.37344e-11 1.98462e-11 2.7649e-11 3.7931e-11 5.15952e-11 6.98293e-11 9.42581e-11 1.27091e-10 1.71274e-10 2.3057e-10 3.09514e-10 4.13056e-10 5.45787e-10 7.1058e-10 9.06705e-10 1.12783e-09 1.36081e-09 1.58631e-09 1.78165e-09 1.92557e-09 2.00518e-09 2.0247e-09 2.01041e-09 2.0012e-09 2.01994e-09 2.04828e-09 2.03697e-09 1.94162e-09 1.7491e-09 1.48076e-09 1.17883e-09 8.87204e-10 6.36867e-10 4.40849e-10 2.97604e-10 1.97854e-10 1.30498e-10 8.5847e-11 5.65852e-11 3.75653e-11 2.52822e-11 1.73763e-11 1.22691e-11 8.90757e-12 6.60527e-12 4.9297e-12 3.61279e-12 2.4614e-12 1.39692e-12 
4.91134e-12 8.95908e-12 1.35395e-11 1.92223e-11 2.67356e-11 3.68526e-11 5.05804e-11 6.93175e-11 9.50096e-11 1.30329e-10 1.78832e-10 2.45038e-10 3.34297e-10 4.52296e-10 6.04015e-10 7.92012e-10 1.01412e-09 1.2612e-09 1.51612e-09 1.75558e-09 1.95516e-09 2.09688e-09 2.1771e-09 2.21112e-09 2.22735e-09 2.24737e-09 2.26405e-09 2.24154e-09 2.1401e-09 1.94259e-09 1.66393e-09 1.3427e-09 1.02375e-09 7.42307e-10 5.164e-10 3.48075e-10 2.29483e-10 1.49188e-10 9.62676e-11 6.20039e-11 4.00819e-11 2.6167e-11 1.73763e-11 1.1824e-11 8.28608e-12 5.97767e-12 4.39924e-12 3.24347e-12 2.31146e-12 1.45615e-12 
5.54629e-12 9.06302e-12 1.32189e-11 1.86557e-11 2.60347e-11 3.61806e-11 5.0237e-11 6.98293e-11 9.72379e-11 1.35599e-10 1.8906e-10 2.62838e-10 3.62998e-10 4.95818e-10 6.66507e-10 8.77185e-10 1.1243e-09 1.39632e-09 1.67317e-09 1.9292e-09 2.14001e-09 2.29102e-09 2.38365e-09 2.43388e-09 2.45962e-09 2.46296e-09 2.42333e-09 2.31069e-09 2.10784e-09 1.82385e-09 1.49161e-09 1.15398e-09 8.48201e-10 5.9638e-10 4.04411e-10 2.66709e-10 1.72392e-10 1.09952e-10 6.96219e-11 4.40291e-11 2.79877e-11 1.80101e-11 1.1824e-11 7.97857e-12 5.55696e-12 3.98548e-12 2.91062e-12 2.11087e-12 1.43723e-12 8.20915e-13 
3.20954e-12 5.88449e-12 8.97052e-12 1.28901e-11 1.82114e-11 2.55965e-11 3.59533e-11 5.05804e-11 7.13417e-11 1.00853e-10 1.42695e-10 2.01557e-10 2.8325e-10 3.94399e-10 5.41652e-10 7.30199e-10 9.61517e-10 1.23066e-09 1.52409e-09 1.81969e-09 2.09064e-09 2.31282e-09 2.47279e-09 2.57112e-09 2.61721e-09 2.61702e-09 2.56339e-09 2.43925e-09 2.23219e-09 1.94811e-09 1.61371e-09 1.26754e-09 9.46397e-10 6.75041e-10 4.63006e-10 3.07567e-10 1.99235e-10 1.26643e-10 7.94566e-11 4.9496e-11 3.081e-11 1.93029e-11 1.22691e-11 7.97857e-12 5.3467e-12 3.70557e-12 2.6432e-12 1.91169e-12 1.35233e-12 8.53774e-13 
3.62729e-12 5.97412e-12 8.81337e-12 1.26205e-11 1.79311e-11 2.54471e-11 3.61806e-11 5.15952e-11 7.37886e-11 1.057e-10 1.51305e-10 2.15745e-10 3.05266e-10 4.26816e-10 5.87097e-10 7.909e-10 1.03872e-09 1.32405e-09 1.63155e-09 1.93761e-09 2.21465e-09 2.43826e-09 2.5938e-09 2.67783e-09 2.69275e-09 2.63868e-09 2.5106e-09 2.30436e-09 2.02646e-09 1.6989e-09 1.3549e-09 1.02874e-09 7.46113e-10 5.19529e-10 3.4937e-10 2.28243e-10 1.45656e-10 9.12676e-11 5.64486e-11 3.46673e-11 2.12865e-11 1.31725e-11 8.28608e-12 5.3467e-12 3.56427e-12 2.45918e-12 1.74515e-12 1.24568e-12 8.45158e-13 4.85375e-13 
2.09049e-12 3.86082e-12 5.94853e-12 8.66453e-12 1.24462e-11 1.78353e-11 2.55965e-11 3.68526e-11 5.32302e-11 7.70531e-11 1.11539e-10 1.60982e-10 2.30831e-10 3.27545e-10 4.58064e-10 6.28711e-10 8.4338e-10 1.10111e-09 1.39358e-09 1.70369e-09 2.00663e-09 2.27433e-09 2.48194e-09 2.61324e-09 2.66159e-09 2.62649e-09 2.50958e-09 2.31457e-09 2.05139e-09 1.7399e-09 1.40859e-09 1.08812e-09 8.03565e-10 5.69404e-10 3.88986e-10 2.57474e-10 1.6591e-10 1.04532e-10 6.46842e-11 3.951e-11 2.39673e-11 1.45452e-11 8.90757e-12 5.55696e-12 3.56427e-12 2.36605e-12 1.62713e-12 1.14681e-12 8.00626e-13 5.05852e-13 
2.36804e-12 3.94034e-12 5.88873e-12 8.5641e-12 1.23871e-11 1.79311e-11 2.60347e-11 3.7931e-11 5.54005e-11 8.09573e-11 1.18035e-10 1.71128e-10 2.45796e-10 3.48416e-10 4.85512e-10 6.62513e-10 8.81866e-10 1.14069e-09 1.42862e-09 1.72695e-09 2.01022e-09 2.2506e-09 2.42381e-09 2.51372e-09 2.51376e-09 2.42533e-09 2.25582e-09 2.01839e-09 1.73268e-09 1.42395e-09 1.11935e-09 8.42356e-10 6.0836e-10 4.23194e-10 2.84729e-10 1.86036e-10 1.18481e-10 7.38176e-11 4.51736e-11 2.72898e-11 1.63795e-11 9.84279e-12 5.97767e-12 3.70557e-12 2.36605e-12 1.5667e-12 1.07384e-12 7.49142e-13 5.03885e-13 2.91322e-13 
1.3578e-12 2.53261e-12 3.95029e-12 5.8393e-12 8.52919e-12 1.24462e-11 1.82114e-11 2.67356e-11 3.93524e-11 5.7974e-11 8.52535e-11 1.24748e-10 1.80992e-10 2.59413e-10 3.6596e-10 5.06294e-10 6.84443e-10 9.0093e-10 1.15068e-09 1.42136e-09 1.69324e-09 1.9412e-09 2.1391e-09 2.26508e-09 2.30573e-09 2.25769e-09 2.12688e-09 1.92674e-09 1.67651e-09 1.39939e-09 1.1197e-09 8.59049e-10 6.32943e-10 4.49053e-10 3.07792e-10 2.04519e-10 1.32161e-10 8.33024e-11 5.13779e-11 3.11297e-11 1.86259e-11 1.10786e-11 6.60527e-12 3.98548e-12 2.45918e-12 1.5667e-12 1.03586e-12 7.07013e-13 4.83952e-13 3.05071e-13 
1.54402e-12 2.60106e-12 3.94075e-12 5.821e-12 8.5641e-12 1.26205e-11 1.86557e-11 2.7649e-11 4.10194e-11 6.07675e-11 8.96193e-11 1.3113e-10 1.89686e-10 2.70314e-10 3.78178e-10 5.17668e-10 6.91022e-10 8.96606e-10 1.12724e-09 1.36918e-09 1.60268e-09 1.80439e-09 1.95153e-09 2.02661e-09 2.02088e-09 1.9356e-09 1.78109e-09 1.57436e-09 1.33636e-09 1.08899e-09 8.52124e-10 6.40916e-10 4.6424e-10 3.24668e-10 2.19846e-10 1.44531e-10 9.24784e-11 5.77387e-11 3.52826e-11 2.11879e-11 1.25724e-11 7.42357e-12 4.39924e-12 2.6432e-12 1.62713e-12 1.03586e-12 6.83992e-13 4.6351e-13 3.07285e-13 1.7819e-13 
8.78502e-13 1.65902e-12 2.62383e-12 3.93525e-12 5.8393e-12 8.66453e-12 1.28901e-11 1.92223e-11 2.86972e-11 4.27902e-11 6.35384e-11 9.36491e-11 1.36537e-10 1.96236e-10 2.77107e-10 3.83229e-10 5.17434e-10 6.8002e-10 8.67318e-10 1.07055e-09 1.27553e-09 1.46375e-09 1.61504e-09 1.71136e-09 1.74062e-09 1.69922e-09 1.59252e-09 1.43333e-09 1.23923e-09 1.02944e-09 8.22005e-10 6.31438e-10 4.67281e-10 3.33781e-10 2.30655e-10 1.5455e-10 1.00624e-10 6.3791e-11 3.94708e-11 2.39123e-11 1.4247e-11 8.3959e-12 4.9297e-12 2.91062e-12 1.74515e-12 1.07384e-12 6.83992e-13 4.50925e-13 3.01613e-13 1.88537e-13 
1.00317e-12 1.71211e-12 2.62941e-12 3.94075e-12 5.88873e-12 8.81337e-12 1.32189e-11 1.98462e-11 2.97651e-11 4.44691e-11 6.59672e-11 9.68449e-11 1.40229e-10 1.99617e-10 2.78485e-10 3.79636e-10 5.04267e-10 6.50873e-10 8.14221e-10 9.84772e-10 1.14899e-09 1.29079e-09 1.39416e-09 1.4463e-09 1.44041e-09 1.37714e-09 1.26432e-09 1.11511e-09 9.45352e-10 7.70821e-10 6.05005e-10 4.57625e-10 3.34087e-10 2.3582e-10 1.61244e-10 1.06989e-10 6.90087e-11 4.33526e-11 2.65924e-11 1.59827e-11 9.45814e-12 5.54395e-12 3.24347e-12 1.91169e-12 1.14681e-12 7.07013e-13 4.50925e-13 2.96986e-13 1.92971e-13 1.12062e-13 
5.62326e-13 1.07881e-12 1.72731e-12 2.62383e-12 3.95029e-12 5.94853e-12 8.97052e-12 1.35395e-11 2.04151e-11 3.06714e-11 4.57701e-11 6.76219e-11 9.8581e-11 1.41355e-10 1.98755e-10 2.73254e-10 3.66348e-10 4.77743e-10 6.04539e-10 7.40641e-10 8.76684e-10 1.00075e-09 1.09995e-09 1.16269e-09 1.18101e-09 1.15235e-09 1.0801e-09 9.72825e-10 8.42431e-10 7.01883e-10 5.63109e-10 4.3548e-10 3.25032e-10 2.34466e-10 1.6371e-10 1.10803e-10 7.28029e-11 4.65124e-11 2.8954e-11 1.76124e-11 1.051e-11 6.18507e-12 3.61279e-12 2.11087e-12 1.24568e-12 7.49142e-13 4.6351e-13 2.96986e-13 1.93968e-13 1.19124e-13 
6.39819e-13 1.1034e-12 1.71211e-12 2.60106e-12 3.94034e-12 5.97412e-12 9.06302e-12 1.37344e-11 2.0742e-11 3.11273e-11 4.62648e-11 6.78841e-11 9.80163e-11 1.38846e-10 1.9242e-10 2.60209e-10 3.42534e-10 4.37955e-10 5.42759e-10 6.50754e-10 7.53558e-10 8.41506e-10 9.05107e-10 9.36775e-10 9.32398e-10 8.9225e-10 8.20956e-10 7.2653e-10 6.18779e-10 5.07574e-10 4.01365e-10 3.06277e-10 2.25798e-10 1.61017e-10 1.11199e-10 7.44627e-11 4.84162e-11 3.06222e-11 1.88858e-11 1.13971e-11 6.75946e-12 3.96219e-12 2.31146e-12 1.35233e-12 8.00626e-13 4.83952e-13 3.01613e-13 1.93968e-13 1.24514e-13 7.19095e-14 
3.46016e-13 6.7049e-13 1.07881e-12 1.65902e-12 2.53261e-12 3.86082e-12 5.88449e-12 8.95908e-12 1.35974e-11 2.0514e-11 3.06697e-11 4.52909e-11 6.58505e-11 9.39825e-11 1.31297e-10 1.7909e-10 2.3795e-10 3.07315e-10 3.85069e-10 4.67313e-10 5.48431e-10 6.21572e-10 6.79531e-10 7.15913e-10 7.2633e-10 7.09296e-10 6.66586e-10 6.02905e-10 5.2498e-10 4.4032e-10 3.55987e-10 2.77656e-10 2.09119e-10 1.52236e-10 1.0723e-10 7.3157e-11 4.84049e-11 3.11112e-11 1.94666e-11 1.18945e-11 7.12508e-12 4.20616e-12 2.4614e-12 1.43723e-12 8.45158e-13 5.03885e-13 3.07285e-13 1.92971e-13 1.24514e-13 7.65879e-14 
3.72499e-13 6.39819e-13 1.00317e-12 1.54402e-12 2.36804e-12 3.62729e-12 5.54629e-12 8.45708e-12 1.28232e-11 1.92805e-11 2.86562e-11 4.19643e-11 6.03666e-11 8.50613e-11 1.17101e-10 1.5714e-10 2.05125e-10 2.59994e-10 3.19473e-10 3.80032e-10 4.3711e-10 4.85609e-10 5.20616e-10 5.3822e-10 5.36243e-10 5.14693e-10 4.758e-10 4.23628e-10 3.63336e-10 3.00307e-10 2.39329e-10 1.84035e-10 1.36654e-10 9.80723e-11 6.80943e-11 4.57978e-11 2.98846e-11 1.8959e-11 1.17272e-11 7.0994e-12 4.22579e-12 2.48614e-12 1.45615e-12 8.53774e-13 5.05852e-13 3.05071e-13 1.88537e-13 1.19124e-13 7.65879e-14 4.66306e-14 
1.80787e-13 3.46016e-13 5.62326e-13 8.78502e-13 1.3578e-12 2.09049e-12 3.20954e-12 4.91134e-12 7.48044e-12 1.13092e-11 1.69206e-11 2.49753e-11 3.62562e-11 5.1615e-11 7.18709e-11 9.7651e-11 1.29192e-10 1.66123e-10 2.07289e-10 2.50657e-10 2.93382e-10 3.32048e-10 3.63076e-10 3.83254e-10 3.9028e-10 3.83179e-10 3.6253e-10 3.30395e-10 2.89975e-10 2.45077e-10 1.99488e-10 1.56446e-10 1.18277e-10 8.62767e-11 6.07877e-11 4.14276e-11 2.7358e-11 1.75465e-11 1.09616e-11 6.69357e-12 4.01362e-12 2.37537e-12 1.39692e-12 8.20915e-13 4.85375e-13 2.91322e-13 1.7819e-13 1.12062e-13 7.19095e-14 4.66306e-14 
