1 100 50
3.42474e-13 5.56575e-13 8.45991e-13 1.30563e-12 2.07765e-12 3.40358e-12 5.6907e-12 9.66381e-12 1.66159e-11 2.88072e-11 5.00532e-11 8.64068e-11 1.46729e-10 2.42785e-10 3.88394e-10 5.97329e-10 8.80044e-10 1.23986e-09 1.6698e-09 2.15139e-09 2.65614e-09 3.1495e-09 3.59587e-09 3.9633e-09 4.22671e-09 4.36965e-09 4.38487e-09 4.27406e-09 4.04714e-09 3.72122e-09 3.31931e-09 2.8686e-09 2.39838e-09 1.93736e-09 1.51062e-09 1.13683e-09 8.26409e-10 5.81415e-10 3.97045e-10 2.64185e-10 1.72041e-10 1.10191e-10 6.97656e-11 4.38744e-11 2.75234e-11 1.72843e-11 1.08931e-11 6.88149e-12 4.29628e-12 2.50352e-12 
5.82565e-13 9.19035e-13 1.41668e-12 2.24434e-12 3.67522e-12 6.15514e-12 1.04504e-11 1.79096e-11 3.08924e-11 5.34142e-11 9.19882e-11 1.56472e-10 2.60565e-10 4.2147e-10 6.58304e-10 9.89045e-10 1.42618e-09 1.97171e-09 2.6129e-09 3.32052e-09 4.05109e-09 4.7529e-09 5.37386e-09 5.86848e-09 6.20253e-09 6.35507e-09 6.31875e-09 6.09915e-09 5.71379e-09 5.19073e-09 4.56679e-09 3.88503e-09 3.19093e-09 2.52752e-09 1.93003e-09 1.42165e-09 1.01188e-09 6.97872e-10 4.68106e-10 3.06737e-10 1.97334e-10 1.25291e-10 7.89128e-11 4.9532e-11 3.11012e-11 1.95908e-11 1.23949e-11 7.8308e-12 4.78734e-12 2.50352e-12 
5.56575e-13 9.54623e-13 1.48879e-12 2.31856e-12 3.74923e-12 6.25103e-12 1.06061e-11 1.81777e-11 3.13569e-11 5.42543e-11 9.36638e-11 1.60178e-10 2.69146e-10 4.41029e-10 7.00758e-10 1.07572e-09 1.5919e-09 2.26767e-09 3.10532e-09 4.08292e-09 5.15079e-09 6.23595e-09 7.25395e-09 8.12324e-09 8.77677e-09 9.16834e-09 9.27431e-09 9.09279e-09 8.64174e-09 7.95696e-09 7.08974e-09 6.10365e-09 5.06927e-09 4.05673e-09 3.12665e-09 2.32217e-09 1.66476e-09 1.15519e-09 7.78764e-10 5.12336e-10 3.30589e-10 2.10347e-10 1.3268e-10 8.33713e-11 5.2399e-11 3.30373e-11 2.09348e-11 1.33134e-11 8.35581e-12 4.78734e-12 
9.19035e-13 1.51045e-12 2.32418e-12 3.66178e-12 6.01429e-12 1.01461e-11 1.7366e-11 2.99808e-11 5.20231e-11 9.02996e-11 1.55728e-10 2.64687e-10 4.39963e-10 7.11015e-10 1.11348e-09 1.68763e-09 2.47395e-09 3.50285e-09 4.77813e-09 6.26059e-09 7.86234e-09 9.45793e-09 1.09085e-08 1.20879e-08 1.29007e-08 1.32896e-08 1.32354e-08 1.27531e-08 1.18877e-08 1.07105e-08 9.31435e-09 7.8066e-09 6.29804e-09 4.88839e-09 3.65244e-09 2.6315e-09 1.83342e-09 1.23993e-09 8.17705e-10 5.28557e-10 3.36724e-10 2.12589e-10 1.33694e-10 8.41101e-11 5.3103e-11 3.37094e-11 2.152e-11 1.3708e-11 8.35581e-12 4.29628e-12 
8.45991e-13 1.48879e-12 2.31982e-12 3.54542e-12 5.65417e-12 9.38975e-12 1.59612e-11 2.75015e-11 4.78029e-11 8.34473e-11 1.4534e-10 2.50455e-10 4.23313e-10 6.96817e-10 1.11271e-09 1.72252e-09 2.5883e-09 3.77728e-09 5.34191e-09 7.28615e-09 9.53492e-09 1.19289e-08 1.42521e-08 1.62793e-08 1.78209e-08 1.87483e-08 1.90007e-08 1.85791e-08 1.75374e-08 1.59742e-08 1.40251e-08 1.18526e-08 9.62987e-09 7.51824e-09 5.64353e-09 4.08047e-09 2.85024e-09 1.93095e-09 1.27475e-09 8.24427e-10 5.2532e-10 3.31693e-10 2.0865e-10 1.31354e-10 8.30364e-11 5.28147e-11 3.382e-11 2.173e-11 1.3708e-11 7.8308e-12 
1.41668e-12 2.32418e-12 3.49521e-12 5.35002e-12 8.61759e-12 1.44074e-11 2.46204e-11 4.26809e-11 7.47099e-11 1.31232e-10 2.29357e-10 3.94913e-10 6.63887e-10 1.08304e-09 1.71143e-09 2.62559e-09 3.92557e-09 5.72628e-09 8.11584e-09 1.1089e-08 1.4497e-08 1.80513e-08 2.13865e-08 2.41467e-08 2.60582e-08 2.69618e-08 2.6813e-08 2.56656e-08 2.3653e-08 2.09731e-08 1.78722e-08 1.46202e-08 1.14763e-08 8.64959e-09 6.27147e-09 4.38809e-09 2.9751e-09 1.96416e-09 1.2697e-09 8.08455e-10 5.10092e-10 3.20726e-10 2.01935e-10 1.27774e-10 8.14232e-11 5.22876e-11 3.37834e-11 2.173e-11 1.33134e-11 6.88149e-12 
1.30563e-12 2.31856e-12 3.54542e-12 5.23312e-12 8.05531e-12 1.30562e-11 2.19067e-11 3.75908e-11 6.55678e-11 1.15599e-10 2.04315e-10 3.58193e-10 6.16059e-10 1.03016e-09 1.66658e-09 2.60986e-09 3.97759e-09 5.93629e-09 8.68188e-09 1.23525e-08 1.69066e-08 2.20503e-08 2.72718e-08 3.19672e-08 3.55923e-08 3.77718e-08 3.83349e-08 3.7299e-08 3.48329e-08 3.12235e-08 2.6844e-08 2.21164e-08 1.74558e-08 1.32083e-08 9.60106e-09 6.72645e-09 4.56159e-09 3.00978e-09 1.94333e-09 1.23553e-09 7.78392e-10 4.88857e-10 3.07638e-10 1.94742e-10 1.24293e-10 8.00345e-11 5.19364e-11 3.37834e-11 2.152e-11 1.23949e-11 
2.24434e-12 3.66178e-12 5.35002e-12 7.85052e-12 1.2151e-11 1.9748e-11 3.31908e-11 5.71634e-11 1.0032e-10 1.78112e-10 3.16568e-10 5.56324e-10 9.55336e-10 1.58912e-09 2.55134e-09 3.96565e-09 6.01898e-09 8.99224e-09 1.3211e-08 1.88715e-08 2.58333e-08 3.35329e-08 4.10851e-08 4.75196e-08 5.20341e-08 5.41501e-08 5.37408e-08 5.09796e-08 4.62689e-08 4.01746e-08 3.3357e-08 2.64828e-08 2.01222e-08 1.4665e-08 1.02869e-08 6.97653e-09 4.59902e-09 2.96468e-09 1.88107e-09 1.18262e-09 7.41413e-10 4.66058e-10 2.94994e-10 1.88493e-10 1.21676e-10 7.92657e-11 5.19364e-11 3.382e-11 2.09348e-11 1.08931e-11 
2.07765e-12 3.74923e-12 5.65417e-12 8.05531e-12 1.18331e-11 1.83751e-11 2.98764e-11 5.02491e-11 8.68411e-11 1.53299e-10 2.73897e-10 4.89068e-10 8.60771e-10 1.47516e-09 2.44131e-09 3.89327e-09 6.01705e-09 9.11796e-09 1.36683e-08 2.01877e-08 2.89161e-08 3.94894e-08 5.08647e-08 6.15531e-08 7.00419e-08 7.52004e-08 7.649e-08 7.39595e-08 6.81251e-08 5.98317e-08 5.01151e-08 4.00481e-08 3.05699e-08 2.23441e-08 1.56958e-08 1.06463e-08 7.01157e-09 4.51183e-09 2.85611e-09 1.79117e-09 1.12041e-09 7.0317e-10 4.44808e-10 2.84414e-10 1.83989e-10 1.20295e-10 7.92657e-11 5.22876e-11 3.37094e-11 1.95908e-11 
3.67522e-12 6.01429e-12 8.61759e-12 1.2151e-11 1.79063e-11 2.78428e-11 4.52265e-11 7.60921e-11 1.31925e-10 2.3411e-10 4.20494e-10 7.53424e-10 1.32685e-09 2.2684e-09 3.73591e-09 5.92399e-09 9.12117e-09 1.38339e-08 2.08428e-08 3.09343e-08 4.4326e-08 6.01994e-08 7.66922e-08 9.13731e-08 1.01962e-07 1.06963e-07 1.05929e-07 9.93633e-08 8.84703e-08 7.48643e-08 6.02754e-08 4.62527e-08 3.39218e-08 2.38716e-08 1.61987e-08 1.06601e-08 6.84778e-09 4.32448e-09 2.70479e-09 1.6876e-09 1.05706e-09 6.67999e-10 4.27249e-10 2.76889e-10 1.81649e-10 1.20295e-10 8.00345e-11 5.28147e-11 3.30373e-11 1.72843e-11 
3.40358e-12 6.25103e-12 9.38975e-12 1.30562e-11 1.83751e-11 2.71606e-11 4.22236e-11 6.84817e-11 1.15241e-10 2.00368e-10 3.57133e-10 6.44073e-10 1.15664e-09 2.03645e-09 3.47196e-09 5.69214e-09 8.98491e-09 1.38099e-08 2.1009e-08 3.18354e-08 4.74004e-08 6.77301e-08 9.11496e-08 1.14451e-07 1.33786e-07 1.45864e-07 1.48908e-07 1.42936e-07 1.29457e-07 1.10917e-07 9.0102e-08 6.95709e-08 5.12323e-08 3.61384e-08 2.45442e-08 1.61458e-08 1.03565e-08 6.52557e-09 4.07061e-09 2.53306e-09 1.58318e-09 9.9922e-10 6.39102e-10 4.14817e-10 2.72994e-10 1.81649e-10 1.21676e-10 8.14232e-11 5.3103e-11 3.11012e-11 
6.15514e-12 1.01461e-11 1.44074e-11 1.9748e-11 2.78428e-11 4.12303e-11 6.40209e-11 1.03657e-10 1.74453e-10 3.04024e-10 5.43714e-10 9.8334e-10 1.76791e-09 3.10949e-09 5.28517e-09 8.62842e-09 1.35739e-08 2.08673e-08 3.18913e-08 4.85753e-08 7.23479e-08 1.02689e-07 1.36405e-07 1.6817e-07 1.92123e-07 2.03796e-07 2.01517e-07 1.86571e-07 1.62398e-07 1.33395e-07 1.0379e-07 7.68218e-08 5.43593e-08 3.69764e-08 2.43284e-08 1.55897e-08 9.8044e-09 6.10096e-09 3.7868e-09 2.36161e-09 1.48851e-09 9.51929e-10 6.18705e-10 4.08393e-10 2.72994e-10 1.83989e-10 1.24293e-10 8.30364e-11 5.2399e-11 2.75234e-11 
5.6907e-12 1.06061e-11 1.59612e-11 2.19067e-11 2.98764e-11 4.22236e-11 6.25613e-11 9.69718e-11 1.56728e-10 2.63749e-10 4.60401e-10 8.25251e-10 1.4949e-09 2.68778e-09 4.71887e-09 7.99354e-09 1.29995e-08 2.04055e-08 3.1427e-08 4.82747e-08 7.37555e-08 1.09442e-07 1.53608e-07 2.00523e-07 2.41707e-07 2.6868e-07 2.75955e-07 2.6297e-07 2.33724e-07 1.94799e-07 1.5308e-07 1.14063e-07 8.10596e-08 5.52767e-08 3.64058e-08 2.33227e-08 1.46487e-08 9.09721e-09 5.63386e-09 3.5065e-09 2.20734e-09 1.4115e-09 9.18655e-10 6.0818e-10 4.08393e-10 2.76889e-10 1.88493e-10 1.27774e-10 8.41101e-11 4.9532e-11 
1.04504e-11 1.7366e-11 2.46204e-11 3.31908e-11 4.52265e-11 6.40209e-11 9.48028e-11 1.46621e-10 2.36528e-10 3.97875e-10 6.95124e-10 1.24738e-09 2.26037e-09 4.05973e-09 7.1088e-09 1.19966e-08 1.94395e-08 3.04792e-08 4.70735e-08 7.26044e-08 1.10845e-07 1.63012e-07 2.25061e-07 2.87314e-07 3.36971e-07 3.62654e-07 3.58816e-07 3.28002e-07 2.78876e-07 2.22161e-07 1.67066e-07 1.19458e-07 8.17816e-08 5.39813e-08 3.46093e-08 2.17289e-08 1.34772e-08 8.33237e-09 5.17786e-09 3.25637e-09 2.0826e-09 1.35753e-09 9.01523e-10 6.0818e-10 4.14817e-10 2.84414e-10 1.94742e-10 1.31354e-10 8.33713e-11 4.38744e-11 
9.66381e-12 1.81777e-11 2.75015e-11 3.75908e-11 5.02491e-11 6.84817e-11 9.69718e-11 1.43364e-10 2.21148e-10 3.56012e-10 5.98327e-10 1.04526e-09 1.87548e-09 3.39518e-09 6.08381e-09 1.06144e-08 1.78353e-08 2.88012e-08 4.51342e-08 6.98865e-08 1.079e-07 1.63668e-07 2.37001e-07 3.1991e-07 3.97151e-07 4.50801e-07 4.67353e-07 4.43521e-07 3.87725e-07 3.1497e-07 2.40051e-07 1.73212e-07 1.19312e-07 7.90687e-08 5.08109e-08 3.19299e-08 1.98012e-08 1.22326e-08 7.59488e-09 4.77458e-09 3.0554e-09 1.99553e-09 1.3298e-09 9.01523e-10 6.18705e-10 4.27249e-10 2.94994e-10 2.01935e-10 1.33694e-10 7.89128e-11 
1.79096e-11 2.99808e-11 4.26809e-11 5.71634e-11 7.60921e-11 1.03657e-10 1.46621e-10 2.16216e-10 3.32523e-10 5.34011e-10 8.96105e-10 1.56368e-09 2.80134e-09 5.05836e-09 9.02949e-09 1.56767e-08 2.62075e-08 4.21664e-08 6.60287e-08 1.02276e-07 1.57172e-07 2.35003e-07 3.32403e-07 4.35546e-07 5.22568e-07 5.71106e-07 5.68203e-07 5.16094e-07 4.31384e-07 3.35486e-07 2.4549e-07 1.70747e-07 1.13921e-07 7.35431e-08 4.63459e-08 2.87829e-08 1.77908e-08 1.1048e-08 6.94881e-09 4.45273e-09 2.91575e-09 1.95091e-09 1.3298e-09 9.18655e-10 6.39102e-10 4.44808e-10 3.07638e-10 2.0865e-10 1.3268e-10 6.97656e-11 
1.66159e-11 3.13569e-11 4.78029e-11 6.55678e-11 8.68411e-11 1.15241e-10 1.56728e-10 2.21148e-10 3.25017e-10 4.98111e-10 7.97614e-10 1.33527e-09 2.32427e-09 4.1504e-09 7.46094e-09 1.3242e-08 2.28397e-08 3.79407e-08 6.07632e-08 9.4893e-08 1.46283e-07 2.21768e-07 3.23456e-07 4.42544e-07 5.58327e-07 6.43647e-07 6.7515e-07 6.44247e-07 5.60974e-07 4.49971e-07 3.36642e-07 2.37833e-07 1.60461e-07 1.04425e-07 6.61816e-08 4.12585e-08 2.55651e-08 1.5904e-08 1.00208e-08 6.4369e-09 4.23015e-09 2.84438e-09 1.95091e-09 1.35753e-09 9.51929e-10 6.67999e-10 4.66058e-10 3.20726e-10 2.12589e-10 1.25291e-10 
3.08924e-11 5.20231e-11 7.47099e-11 1.0032e-10 1.31925e-10 1.74453e-10 2.36528e-10 3.32523e-10 4.86668e-10 7.42838e-10 1.18523e-09 1.97726e-09 3.42752e-09 6.08726e-09 1.0867e-08 1.91285e-08 3.27e-08 5.38641e-08 8.56543e-08 1.32762e-07 2.01817e-07 2.98003e-07 4.18339e-07 5.47257e-07 6.59616e-07 7.28471e-07 7.34327e-07 6.75078e-07 5.67144e-07 4.39563e-07 3.18585e-07 2.18946e-07 1.44432e-07 9.2456e-08 5.80593e-08 3.61659e-08 2.25901e-08 1.42855e-08 9.21311e-09 6.08467e-09 4.11672e-09 2.84438e-09 1.99553e-09 1.4115e-09 9.9922e-10 7.0317e-10 4.88857e-10 3.31693e-10 2.10347e-10 1.10191e-10 
2.88072e-11 5.42543e-11 8.34473e-11 1.15599e-10 1.53299e-10 2.00368e-10 2.63749e-10 3.56012e-10 4.98111e-10 7.25402e-10 1.10197e-09 1.75025e-09 2.90529e-09 5.00426e-09 8.81417e-09 1.5575e-08 2.7097e-08 4.57546e-08 7.44613e-08 1.16952e-07 1.78257e-07 2.63434e-07 3.72482e-07 4.95235e-07 6.12332e-07 7.01984e-07 7.44615e-07 7.27004e-07 6.50641e-07 5.32719e-07 4.02672e-07 2.85381e-07 1.92559e-07 1.25345e-07 7.97023e-08 5.01173e-08 3.15353e-08 2.00683e-08 1.30234e-08 8.66036e-09 5.9057e-09 4.11672e-09 2.91575e-09 2.0826e-09 1.48851e-09 1.05706e-09 7.41413e-10 5.10092e-10 3.36724e-10 1.97334e-10 
5.34142e-11 9.02996e-11 1.31232e-10 1.78112e-10 2.3411e-10 3.04024e-10 3.97875e-10 5.34011e-10 7.42838e-10 1.07548e-09 1.6244e-09 2.56471e-09 4.22705e-09 7.21308e-09 1.25516e-08 2.18561e-08 3.74014e-08 6.2054e-08 9.91263e-08 1.52282e-07 2.24851e-07 3.16856e-07 4.20604e-07 5.21511e-07 6.04861e-07 6.60482e-07 6.79684e-07 6.5218e-07 5.76316e-07 4.65841e-07 3.47597e-07 2.43555e-07 1.62975e-07 1.0578e-07 6.75577e-08 4.3029e-08 2.76617e-08 1.81199e-08 1.21647e-08 8.38039e-09 5.9057e-09 4.23015e-09 3.0554e-09 2.20734e-09 1.58318e-09 1.12041e-09 7.78392e-10 5.2532e-10 3.30589e-10 1.72041e-10 
5.00532e-11 9.36638e-11 1.4534e-10 2.04315e-10 2.73897e-10 3.57133e-10 4.60401e-10 5.98327e-10 7.97614e-10 1.10197e-09 1.58434e-09 2.37581e-09 3.72111e-09 6.07124e-09 1.02212e-08 1.74798e-08 2.98093e-08 4.98238e-08 8.05539e-08 1.24923e-07 1.84809e-07 2.59084e-07 3.40938e-07 4.18048e-07 4.7898e-07 5.20263e-07 5.45628e-07 5.53693e-07 5.31288e-07 4.71345e-07 3.82116e-07 2.8516e-07 1.99683e-07 1.3397e-07 8.77102e-08 5.69473e-08 3.71872e-08 2.46988e-08 1.68025e-08 1.17312e-08 8.38039e-09 6.08467e-09 4.45273e-09 3.25637e-09 2.36161e-09 1.6876e-09 1.18262e-09 8.08455e-10 5.28557e-10 3.06737e-10 
9.19882e-11 1.55728e-10 2.29357e-10 3.16568e-10 4.20494e-10 5.43714e-10 6.95124e-10 8.96105e-10 1.18523e-09 1.6244e-09 2.31557e-09 3.4399e-09 5.32824e-09 8.56873e-09 1.41503e-08 2.36096e-08 3.90871e-08 6.31507e-08 9.82353e-08 1.45528e-07 2.03307e-07 2.65457e-07 3.22098e-07 3.6303e-07 3.84082e-07 3.92515e-07 4.00449e-07 4.07881e-07 3.98673e-07 3.61194e-07 2.97692e-07 2.24535e-07 1.58865e-07 1.08132e-07 7.23129e-08 4.83516e-08 3.27701e-08 2.27098e-08 1.614e-08 1.17312e-08 8.66036e-09 6.4369e-09 4.77458e-09 3.5065e-09 2.53306e-09 1.79117e-09 1.23553e-09 8.24427e-10 5.12336e-10 2.64185e-10 
8.64068e-11 1.60178e-10 2.50455e-10 3.58193e-10 4.89068e-10 6.44073e-10 8.25251e-10 1.04526e-09 1.33527e-09 1.75025e-09 2.37581e-09 3.34998e-09 4.9137e-09 7.49213e-09 1.18013e-08 1.89601e-08 3.05488e-08 4.84949e-08 7.46518e-08 1.09951e-07 1.52925e-07 1.98751e-07 2.40258e-07 2.69879e-07 2.81953e-07 2.77971e-07 2.69726e-07 2.71127e-07 2.82024e-07 2.845e-07 2.64861e-07 2.23121e-07 1.7163e-07 1.24061e-07 8.67597e-08 6.00854e-08 4.19366e-08 2.9828e-08 2.17134e-08 1.614e-08 1.21647e-08 9.21311e-09 6.94881e-09 5.17786e-09 3.7868e-09 2.70479e-09 1.88107e-09 1.2697e-09 8.17705e-10 4.68106e-10 
1.56472e-10 2.64687e-10 3.94913e-10 5.56324e-10 7.53424e-10 9.8334e-10 1.24738e-09 1.56368e-09 1.97726e-09 2.56471e-09 3.4399e-09 4.78065e-09 6.88819e-09 1.02665e-08 1.56946e-08 2.42481e-08 3.72058e-08 5.57734e-08 8.0663e-08 1.11171e-07 1.44171e-07 1.75085e-07 1.99121e-07 2.11624e-07 2.09727e-07 1.96439e-07 1.83104e-07 1.82838e-07 1.94368e-07 2.00076e-07 1.89343e-07 1.63079e-07 1.28889e-07 9.62854e-08 7.01783e-08 5.10957e-08 3.77015e-08 2.83605e-08 2.17134e-08 1.68025e-08 1.30234e-08 1.00208e-08 7.59488e-09 5.63386e-09 4.07061e-09 2.85611e-09 1.94333e-09 1.27475e-09 7.78764e-10 3.97045e-10 
1.46729e-10 2.69146e-10 4.23313e-10 6.16059e-10 8.60771e-10 1.15664e-09 1.4949e-09 1.87548e-09 2.32427e-09 2.90529e-09 3.72111e-09 4.9137e-09 6.69345e-09 9.39962e-09 1.35514e-08 1.98408e-08 2.90282e-08 4.17899e-08 5.86615e-08 7.96596e-08 1.03565e-07 1.27902e-07 1.50069e-07 1.66582e-07 1.7339e-07 1.67761e-07 1.52507e-07 1.37246e-07 1.33278e-07 1.39237e-07 1.4144e-07 1.33958e-07 1.17641e-07 9.62017e-08 7.53034e-08 5.81898e-08 4.52182e-08 3.55987e-08 2.83605e-08 2.27098e-08 1.81199e-08 1.42855e-08 1.1048e-08 8.33237e-09 6.10096e-09 4.32448e-09 2.96468e-09 1.96416e-09 1.23993e-09 6.97872e-10 
2.60565e-10 4.39963e-10 6.63887e-10 9.55336e-10 1.32685e-09 1.76791e-09 2.26037e-09 2.80134e-09 3.42752e-09 4.22705e-09 5.32824e-09 6.88819e-09 9.1186e-09 1.23315e-08 1.69314e-08 2.33269e-08 3.18667e-08 4.31021e-08 5.76629e-08 7.5812e-08 9.70343e-08 1.20239e-07 1.42899e-07 1.6021e-07 1.66296e-07 1.58148e-07 1.39038e-07 1.17889e-07 1.05753e-07 1.03196e-07 1.00765e-07 9.44316e-08 8.44571e-08 7.22044e-08 6.0393e-08 5.04298e-08 4.23134e-08 3.55987e-08 2.9828e-08 2.46988e-08 2.00683e-08 1.5904e-08 1.22326e-08 9.09721e-09 6.52557e-09 4.51183e-09 3.00978e-09 1.93095e-09 1.15519e-09 5.81415e-10 
2.42785e-10 4.41029e-10 6.96817e-10 1.03016e-09 1.47516e-09 2.03645e-09 2.68778e-09 3.39518e-09 4.1504e-09 5.00426e-09 6.07124e-09 7.49213e-09 9.39962e-09 1.19339e-08 1.52616e-08 1.95319e-08 2.49426e-08 3.22299e-08 4.26524e-08 5.74571e-08 7.74732e-08 1.03229e-07 1.33607e-07 1.63512e-07 1.84385e-07 1.87302e-07 1.7087e-07 1.40753e-07 1.08557e-07 8.63845e-08 7.67038e-08 7.13388e-08 6.62268e-08 6.06581e-08 5.53887e-08 5.08209e-08 4.66093e-08 4.23134e-08 3.77015e-08 3.27701e-08 2.76617e-08 2.25901e-08 1.77908e-08 1.34772e-08 9.8044e-09 6.84778e-09 4.59902e-09 2.9751e-09 1.83342e-09 1.01188e-09 
4.2147e-10 7.11015e-10 1.08304e-09 1.58912e-09 2.2684e-09 3.10949e-09 4.05973e-09 5.05836e-09 6.08726e-09 7.21308e-09 8.56873e-09 1.02665e-08 1.23315e-08 1.47145e-08 1.73311e-08 2.02542e-08 2.45105e-08 3.19971e-08 4.46039e-08 6.39058e-08 9.16575e-08 1.29174e-07 1.72559e-07 2.11196e-07 2.31232e-07 2.22946e-07 1.90011e-07 1.43644e-07 9.87872e-08 6.83521e-08 5.46777e-08 4.92409e-08 4.59198e-08 4.40253e-08 4.46125e-08 4.61128e-08 4.66093e-08 4.52182e-08 4.19366e-08 3.71872e-08 3.15353e-08 2.55651e-08 1.98012e-08 1.46487e-08 1.03565e-08 7.01157e-09 4.56159e-09 2.85024e-09 1.66476e-09 8.26409e-10 
3.88394e-10 7.00758e-10 1.11271e-09 1.66658e-09 2.44131e-09 3.47196e-09 4.71887e-09 6.08381e-09 7.46094e-09 8.81417e-09 1.02212e-08 1.18013e-08 1.35514e-08 1.52616e-08 1.66056e-08 1.74796e-08 1.90739e-08 2.40483e-08 3.47738e-08 5.28357e-08 8.08755e-08 1.21713e-07 1.74589e-07 2.29435e-07 2.69622e-07 2.78865e-07 2.51705e-07 1.99741e-07 1.38289e-07 8.41985e-08 4.93121e-08 3.54828e-08 3.26965e-08 3.14568e-08 3.32578e-08 3.92799e-08 4.61128e-08 5.04298e-08 5.10957e-08 4.83516e-08 4.3029e-08 3.61659e-08 2.87829e-08 2.17289e-08 1.55897e-08 1.06601e-08 6.97653e-09 4.38809e-09 2.6315e-09 1.42165e-09 
6.58304e-10 1.11348e-09 1.71143e-09 2.55134e-09 3.73591e-09 5.28517e-09 7.1088e-09 9.02949e-09 1.0867e-08 1.25516e-08 1.41503e-08 1.56946e-08 1.69314e-08 1.73311e-08 1.65539e-08 1.57004e-08 1.81422e-08 2.68829e-08 4.30702e-08 6.89288e-08 1.08354e-07 1.6222e-07 2.24279e-07 2.79072e-07 3.08507e-07 2.99735e-07 2.5536e-07 1.90447e-07 1.21738e-07 6.52047e-08 2.97207e-08 1.99079e-08 2.1008e-08 2.19534e-08 2.78482e-08 3.92799e-08 5.08209e-08 5.81898e-08 6.00854e-08 5.69473e-08 5.01173e-08 4.12585e-08 3.19299e-08 2.33227e-08 1.61458e-08 1.06463e-08 6.72645e-09 4.08047e-09 2.32217e-09 1.13683e-09 
5.97329e-10 1.07572e-09 1.72252e-09 2.60986e-09 3.89327e-09 5.69214e-09 7.99354e-09 1.06144e-08 1.3242e-08 1.5575e-08 1.74798e-08 1.89601e-08 1.98408e-08 1.95319e-08 1.74796e-08 1.45352e-08 1.42556e-08 2.08232e-08 3.44246e-08 5.63992e-08 9.00527e-08 1.3758e-07 1.94785e-07 2.51e-07 2.91212e-07 3.02355e-07 2.79407e-07 2.2826e-07 1.62193e-07 9.70195e-08 4.48414e-08 1.272e-08 1.00449e-08 1.4219e-08 1.71837e-08 2.78482e-08 4.46125e-08 6.0393e-08 7.01783e-08 7.23129e-08 6.75577e-08 5.80593e-08 4.63459e-08 3.46093e-08 2.43284e-08 1.61987e-08 1.02869e-08 6.27147e-09 3.65244e-09 1.93003e-09 
9.89045e-10 1.68763e-09 2.62559e-09 3.96565e-09 5.92399e-09 8.62842e-09 1.19966e-08 1.56767e-08 1.91285e-08 2.18561e-08 2.36096e-08 2.42481e-08 2.33269e-08 2.02542e-08 1.57004e-08 1.28422e-08 1.68126e-08 2.7529e-08 4.44885e-08 7.04527e-08 1.07094e-07 1.52472e-07 1.98473e-07 2.35843e-07 2.55617e-07 2.5243e-07 2.25303e-07 1.78891e-07 1.22793e-07 6.94377e-08 2.91423e-08 7.05846e-09 9.50099e-09 1.17953e-08 1.71837e-08 3.32578e-08 5.53887e-08 7.53034e-08 8.67597e-08 8.77102e-08 7.97023e-08 6.61816e-08 5.08109e-08 3.64058e-08 2.45442e-08 1.56958e-08 9.60106e-09 5.64353e-09 3.12665e-09 1.51062e-09 
8.80044e-10 1.5919e-09 2.5883e-09 3.97759e-09 6.01705e-09 8.98491e-09 1.29995e-08 1.78353e-08 2.28397e-08 2.7097e-08 2.98093e-08 3.05488e-08 2.90282e-08 2.49426e-08 1.90739e-08 1.42556e-08 1.53568e-08 2.29868e-08 3.49025e-08 5.26091e-08 7.80143e-08 1.09282e-07 1.41923e-07 1.69367e-07 1.87203e-07 1.92239e-07 1.82593e-07 1.58445e-07 1.22743e-07 8.1921e-08 4.67465e-08 2.3495e-08 1.44733e-08 1.20745e-08 1.17953e-08 2.19534e-08 4.40253e-08 7.22044e-08 9.62854e-08 1.08132e-07 1.0578e-07 9.2456e-08 7.35431e-08 5.39813e-08 3.69764e-08 2.38716e-08 1.4665e-08 8.64959e-09 4.88839e-09 2.52752e-09 
1.42618e-09 2.47395e-09 3.92557e-09 6.01898e-09 9.12117e-09 1.35739e-08 1.94395e-08 2.62075e-08 3.27e-08 3.74014e-08 3.90871e-08 3.72058e-08 3.18667e-08 2.45105e-08 1.81422e-08 1.68126e-08 2.13668e-08 2.86876e-08 3.90404e-08 5.42268e-08 7.36895e-08 9.39445e-08 1.11963e-07 1.24602e-07 1.30416e-07 1.28029e-07 1.169e-07 9.78318e-08 7.34024e-08 4.98781e-08 3.38923e-08 2.55209e-08 1.8998e-08 1.20745e-08 1.4219e-08 3.14568e-08 6.06581e-08 9.62017e-08 1.24061e-07 1.3397e-07 1.25345e-07 1.04425e-07 7.90687e-08 5.52767e-08 3.61384e-08 2.23441e-08 1.32083e-08 7.51824e-09 4.05673e-09 1.93736e-09 
1.23986e-09 2.26767e-09 3.77728e-09 5.93629e-09 9.11796e-09 1.38099e-08 2.04055e-08 2.88012e-08 3.79407e-08 4.57546e-08 4.98238e-08 4.84949e-08 4.17899e-08 3.22299e-08 2.40483e-08 2.08232e-08 2.29868e-08 2.65059e-08 3.06278e-08 3.76326e-08 4.78519e-08 5.95009e-08 7.0041e-08 7.82864e-08 8.28163e-08 8.27281e-08 7.73769e-08 6.70023e-08 5.30966e-08 3.92701e-08 3.08421e-08 3.00941e-08 2.80205e-08 1.8998e-08 9.50099e-09 2.1008e-08 4.59198e-08 8.44571e-08 1.28889e-07 1.58865e-07 1.62975e-07 1.44432e-07 1.13921e-07 8.17816e-08 5.43593e-08 3.39218e-08 2.01222e-08 1.14763e-08 6.29804e-09 3.19093e-09 
1.97171e-09 3.50285e-09 5.72628e-09 8.99224e-09 1.38339e-08 2.08673e-08 3.04792e-08 4.21664e-08 5.38641e-08 6.2054e-08 6.31507e-08 5.57734e-08 4.31021e-08 3.19971e-08 2.68829e-08 2.7529e-08 2.86876e-08 2.77531e-08 2.79225e-08 3.13694e-08 3.69759e-08 4.29156e-08 4.77008e-08 5.08165e-08 5.13473e-08 4.87188e-08 4.28045e-08 3.4333e-08 2.54769e-08 2.04996e-08 2.38531e-08 3.01297e-08 2.80205e-08 1.44733e-08 1.00449e-08 3.26965e-08 6.62268e-08 1.17641e-07 1.7163e-07 1.99683e-07 1.92559e-07 1.60461e-07 1.19312e-07 8.10596e-08 5.12323e-08 3.05699e-08 1.74558e-08 9.62987e-09 5.06927e-09 2.39838e-09 
1.6698e-09 3.10532e-09 5.34191e-09 8.68188e-09 1.36683e-08 2.1009e-08 3.1427e-08 4.51342e-08 6.07632e-08 7.44613e-08 8.05539e-08 7.46518e-08 5.86615e-08 4.26524e-08 3.47738e-08 3.44246e-08 3.49025e-08 3.06278e-08 2.47158e-08 2.22619e-08 2.35946e-08 2.63815e-08 2.91037e-08 3.09148e-08 3.14408e-08 3.01479e-08 2.67838e-08 2.15214e-08 1.53804e-08 1.14855e-08 1.48396e-08 2.30747e-08 3.01297e-08 2.55209e-08 7.05846e-09 1.99079e-08 4.92409e-08 9.44316e-08 1.63079e-07 2.24535e-07 2.43555e-07 2.18946e-07 1.70747e-07 1.19458e-07 7.68218e-08 4.62527e-08 2.64828e-08 1.46202e-08 7.8066e-09 3.88503e-09 
2.6129e-09 4.77813e-09 8.11584e-09 1.3211e-08 2.08428e-08 3.18913e-08 4.70735e-08 6.60287e-08 8.56543e-08 9.91263e-08 9.82353e-08 8.0663e-08 5.76629e-08 4.46039e-08 4.30702e-08 4.44885e-08 3.90404e-08 2.79225e-08 1.93484e-08 1.65146e-08 1.6977e-08 1.82099e-08 1.92168e-08 1.94959e-08 1.88032e-08 1.68778e-08 1.36694e-08 9.55943e-09 6.50264e-09 9.0439e-09 1.5171e-08 2.30747e-08 3.00941e-08 2.3495e-08 1.272e-08 3.54828e-08 7.13388e-08 1.33958e-07 2.23121e-07 2.8516e-07 2.85381e-07 2.37833e-07 1.73212e-07 1.14063e-07 6.95709e-08 4.00481e-08 2.21164e-08 1.18526e-08 6.10365e-09 2.8686e-09 
2.15139e-09 4.08292e-09 7.28615e-09 1.23525e-08 2.01877e-08 3.18354e-08 4.82747e-08 6.98865e-08 9.4893e-08 1.16952e-07 1.24923e-07 1.09951e-07 7.96596e-08 5.74571e-08 5.28357e-08 5.63992e-08 5.26091e-08 3.76326e-08 2.22619e-08 1.43014e-08 1.21454e-08 1.21733e-08 1.25295e-08 1.26173e-08 1.21573e-08 1.10096e-08 9.08153e-09 6.54694e-09 4.66156e-09 6.41913e-09 1.0482e-08 1.5171e-08 2.38531e-08 3.38923e-08 2.91423e-08 2.97207e-08 5.46777e-08 1.00765e-07 1.89343e-07 2.97692e-07 3.47597e-07 3.18585e-07 2.4549e-07 1.67066e-07 1.0379e-07 6.02754e-08 3.3357e-08 1.78722e-08 9.31435e-09 4.56679e-09 
3.32052e-09 6.26059e-09 1.1089e-08 1.88715e-08 3.09343e-08 4.85753e-08 7.26044e-08 1.02276e-07 1.32762e-07 1.52282e-07 1.45528e-07 1.11171e-07 7.5812e-08 6.39058e-08 6.89288e-08 7.04527e-08 5.42268e-08 3.13694e-08 1.65146e-08 1.06638e-08 9.15009e-09 8.90254e-09 8.76317e-09 8.3958e-09 7.65355e-09 6.48973e-09 5.03227e-09 4.09923e-09 5.27982e-09 7.95029e-09 1.0482e-08 1.48396e-08 3.08421e-08 4.67465e-08 4.48414e-08 4.93121e-08 7.67038e-08 1.4144e-07 2.64861e-07 3.82116e-07 4.02672e-07 3.36642e-07 2.40051e-07 1.5308e-07 9.0102e-08 5.01151e-08 2.6844e-08 1.40251e-08 7.08974e-09 3.31931e-09 
2.65614e-09 5.15079e-09 9.53492e-09 1.69066e-08 2.89161e-08 4.74004e-08 7.37555e-08 1.079e-07 1.46283e-07 1.78257e-07 1.84809e-07 1.52925e-07 1.03565e-07 7.74732e-08 8.08755e-08 9.00527e-08 7.80143e-08 4.78519e-08 2.35946e-08 1.21454e-08 8.24184e-09 7.13154e-09 6.71414e-09 6.32423e-09 5.78135e-09 5.03754e-09 4.19861e-09 3.75542e-09 4.53943e-09 6.34963e-09 7.95029e-09 9.0439e-09 2.04996e-08 4.98781e-08 6.94377e-08 6.52047e-08 6.83521e-08 1.03196e-07 2.00076e-07 3.61194e-07 4.65841e-07 4.39563e-07 3.35486e-07 2.22161e-07 1.33395e-07 7.48643e-08 4.01746e-08 2.09731e-08 1.07105e-08 5.19073e-09 
4.05109e-09 7.86234e-09 1.4497e-08 2.58333e-08 4.4326e-08 7.23479e-08 1.10845e-07 1.57172e-07 2.01817e-07 2.24851e-07 2.03307e-07 1.44171e-07 9.70343e-08 9.16575e-08 1.08354e-07 1.07094e-07 7.36895e-08 3.69759e-08 1.6977e-08 9.15009e-09 6.60913e-09 5.73129e-09 5.23076e-09 4.74432e-09 4.19785e-09 3.65306e-09 3.39408e-09 3.88983e-09 5.13854e-09 6.34963e-09 6.41913e-09 1.14855e-08 3.92701e-08 8.1921e-08 9.70195e-08 8.41985e-08 8.63845e-08 1.39237e-07 2.845e-07 4.71345e-07 5.32719e-07 4.49971e-07 3.1497e-07 1.94799e-07 1.10917e-07 5.98317e-08 3.12235e-08 1.59742e-08 7.95696e-09 3.72122e-09 
3.1495e-09 6.23595e-09 1.19289e-08 2.20503e-08 3.94894e-08 6.77301e-08 1.09442e-07 1.63668e-07 2.21768e-07 2.63434e-07 2.59084e-07 1.98751e-07 1.27902e-07 1.03229e-07 1.21713e-07 1.3758e-07 1.09282e-07 5.95009e-08 2.63815e-08 1.21733e-08 7.13154e-09 5.44358e-09 4.70329e-09 4.17737e-09 3.68829e-09 3.25108e-09 3.02721e-09 3.30278e-09 4.15657e-09 5.13854e-09 5.27982e-09 6.50264e-09 2.54769e-08 7.34024e-08 1.22793e-07 1.21738e-07 9.87872e-08 1.05753e-07 1.94368e-07 3.98673e-07 5.76316e-07 5.67144e-07 4.31384e-07 2.78876e-07 1.62398e-07 8.84703e-08 4.62689e-08 2.3653e-08 1.18877e-08 5.71379e-09 
4.7529e-09 9.45793e-09 1.80513e-08 3.35329e-08 6.01994e-08 1.02689e-07 1.63012e-07 2.35003e-07 2.98003e-07 3.16856e-07 2.65457e-07 1.75085e-07 1.20239e-07 1.29174e-07 1.6222e-07 1.52472e-07 9.39445e-08 4.29156e-08 1.82099e-08 8.90254e-09 5.73129e-09 4.54717e-09 3.89094e-09 3.3776e-09 2.95043e-09 2.69612e-09 2.79872e-09 3.36188e-09 4.15657e-09 4.53943e-09 4.66156e-09 1.53804e-08 5.30966e-08 1.22743e-07 1.62193e-07 1.38289e-07 1.08557e-07 1.33278e-07 2.82024e-07 5.31288e-07 6.50641e-07 5.60974e-07 3.87725e-07 2.33724e-07 1.29457e-07 6.81251e-08 3.48329e-08 1.75374e-08 8.64174e-09 4.04714e-09 
3.59587e-09 7.25395e-09 1.42521e-08 2.72718e-08 5.08647e-08 9.11496e-08 1.53608e-07 2.37001e-07 3.23456e-07 3.72482e-07 3.40938e-07 2.40258e-07 1.50069e-07 1.33607e-07 1.74589e-07 1.94785e-07 1.41923e-07 7.0041e-08 2.91037e-08 1.25295e-08 6.71414e-09 4.70329e-09 3.80336e-09 3.20681e-09 2.74051e-09 2.42846e-09 2.39185e-09 2.7355e-09 3.36188e-09 3.88983e-09 4.09923e-09 9.55943e-09 3.4333e-08 9.78318e-08 1.78891e-07 1.90447e-07 1.43644e-07 1.17889e-07 1.82838e-07 4.07881e-07 6.5218e-07 6.75078e-07 5.16094e-07 3.28002e-07 1.86571e-07 9.93633e-08 5.09796e-08 2.56656e-08 1.27531e-08 6.09915e-09 
5.37386e-09 1.09085e-08 2.13865e-08 4.10851e-08 7.66922e-08 1.36405e-07 2.25061e-07 3.32403e-07 4.18339e-07 4.20604e-07 3.22098e-07 1.99121e-07 1.42899e-07 1.72559e-07 2.24279e-07 1.98473e-07 1.11963e-07 4.77008e-08 1.92168e-08 8.76317e-09 5.23076e-09 3.89094e-09 3.15222e-09 2.61655e-09 2.2364e-09 2.08487e-09 2.25886e-09 2.7355e-09 3.30278e-09 3.75542e-09 6.54694e-09 2.15214e-08 6.70023e-08 1.58445e-07 2.2826e-07 1.99741e-07 1.40753e-07 1.37246e-07 2.71127e-07 5.53693e-07 7.27004e-07 6.44247e-07 4.43521e-07 2.6297e-07 1.42936e-07 7.39595e-08 3.7299e-08 1.85791e-08 9.09279e-09 4.27406e-09 
3.9633e-09 8.12324e-09 1.62793e-08 3.19672e-08 6.15531e-08 1.14451e-07 2.00523e-07 3.1991e-07 4.42544e-07 4.95235e-07 4.18048e-07 2.69879e-07 1.66582e-07 1.63512e-07 2.29435e-07 2.51e-07 1.69367e-07 7.82864e-08 3.09148e-08 1.26173e-08 6.32423e-09 4.17737e-09 3.20681e-09 2.57567e-09 2.12213e-09 1.87329e-09 1.91249e-09 2.25886e-09 2.79872e-09 3.39408e-09 5.03227e-09 1.36694e-08 4.28045e-08 1.169e-07 2.25303e-07 2.5536e-07 1.90011e-07 1.39038e-07 1.83104e-07 4.00449e-07 6.79684e-07 7.34327e-07 5.68203e-07 3.58816e-07 2.01517e-07 1.05929e-07 5.37408e-08 2.6813e-08 1.32354e-08 6.31875e-09 
5.86848e-09 1.20879e-08 2.41467e-08 4.75196e-08 9.13731e-08 1.6817e-07 2.87314e-07 4.35546e-07 5.47257e-07 5.21511e-07 3.6303e-07 2.11624e-07 1.6021e-07 2.11196e-07 2.79072e-07 2.35843e-07 1.24602e-07 5.08165e-08 1.94959e-08 8.3958e-09 4.74432e-09 3.3776e-09 2.61655e-09 2.08436e-09 1.75015e-09 1.67876e-09 1.91249e-09 2.39185e-09 3.02721e-09 4.19861e-09 9.08153e-09 2.67838e-08 7.73769e-08 1.82593e-07 2.79407e-07 2.51705e-07 1.7087e-07 1.52507e-07 2.69726e-07 5.45628e-07 7.44615e-07 6.7515e-07 4.67353e-07 2.75955e-07 1.48908e-07 7.649e-08 3.83349e-08 1.90007e-08 9.27431e-09 4.38487e-09 
4.22671e-09 8.77677e-09 1.78209e-08 3.55923e-08 7.00419e-08 1.33786e-07 2.41707e-07 3.97151e-07 5.58327e-07 6.12332e-07 4.7898e-07 2.81953e-07 1.7339e-07 1.84385e-07 2.69622e-07 2.91212e-07 1.87203e-07 8.28163e-08 3.14408e-08 1.21573e-08 5.78135e-09 3.68829e-09 2.74051e-09 2.12213e-09 1.70982e-09 1.5441e-09 1.67876e-09 2.08487e-09 2.69612e-09 3.65306e-09 6.48973e-09 1.68778e-08 4.87188e-08 1.28029e-07 2.5243e-07 2.99735e-07 2.22946e-07 1.58148e-07 1.96439e-07 3.92515e-07 6.60482e-07 7.28471e-07 5.71106e-07 3.62654e-07 2.03796e-07 1.06963e-07 5.41501e-08 2.69618e-08 1.32896e-08 6.35507e-09 
6.20253e-09 1.29007e-08 2.60582e-08 5.20341e-08 1.01962e-07 1.92123e-07 3.36971e-07 5.22568e-07 6.59616e-07 6.04861e-07 3.84082e-07 2.09727e-07 1.66296e-07 2.31232e-07 3.08507e-07 2.55617e-07 1.30416e-07 5.13473e-08 1.88032e-08 7.65355e-09 4.19785e-09 2.95043e-09 2.2364e-09 1.75015e-09 1.50016e-09 1.5441e-09 1.87329e-09 2.42846e-09 3.25108e-09 5.03754e-09 1.10096e-08 3.01479e-08 8.27281e-08 1.92239e-07 3.02355e-07 2.78865e-07 1.87302e-07 1.67761e-07 2.77971e-07 5.20263e-07 7.01984e-07 6.43647e-07 4.50801e-07 2.6868e-07 1.45864e-07 7.52004e-08 3.77718e-08 1.87483e-08 9.16834e-09 4.36965e-09 
4.36965e-09 9.16834e-09 1.87483e-08 3.77718e-08 7.52004e-08 1.45864e-07 2.6868e-07 4.50801e-07 6.43647e-07 7.01984e-07 5.20263e-07 2.77971e-07 1.67761e-07 1.87302e-07 2.78865e-07 3.02355e-07 1.92239e-07 8.27281e-08 3.01479e-08 1.10096e-08 5.03754e-09 3.25108e-09 2.42846e-09 1.87329e-09 1.5441e-09 1.50016e-09 1.75015e-09 2.2364e-09 2.95043e-09 4.19785e-09 7.65355e-09 1.88032e-08 5.13473e-08 1.30416e-07 2.55617e-07 3.08507e-07 2.31232e-07 1.66296e-07 2.09727e-07 3.84082e-07 6.04861e-07 6.59616e-07 5.22568e-07 3.36971e-07 1.92123e-07 1.01962e-07 5.20341e-08 2.60582e-08 1.29007e-08 6.20253e-09 
6.35507e-09 1.32896e-08 2.69618e-08 5.41501e-08 1.06963e-07 2.03796e-07 3.62654e-07 5.71106e-07 7.28471e-07 6.60482e-07 3.92515e-07 1.96439e-07 1.58148e-07 2.22946e-07 2.99735e-07 2.5243e-07 1.28029e-07 4.87188e-08 1.68778e-08 6.48973e-09 3.65306e-09 2.69612e-09 2.08487e-09 1.67876e-09 1.5441e-09 1.70982e-09 2.12213e-09 2.74051e-09 3.68829e-09 5.78135e-09 1.21573e-08 3.14408e-08 8.28163e-08 1.87203e-07 2.91212e-07 2.69622e-07 1.84385e-07 1.7339e-07 2.81953e-07 4.7898e-07 6.12332e-07 5.58327e-07 3.97151e-07 2.41707e-07 1.33786e-07 7.00419e-08 3.55923e-08 1.78209e-08 8.77677e-09 4.22671e-09 
4.38487e-09 9.27431e-09 1.90007e-08 3.83349e-08 7.649e-08 1.48908e-07 2.75955e-07 4.67353e-07 6.7515e-07 7.44615e-07 5.45628e-07 2.69726e-07 1.52507e-07 1.7087e-07 2.51705e-07 2.79407e-07 1.82593e-07 7.73769e-08 2.67838e-08 9.08153e-09 4.19861e-09 3.02721e-09 2.39185e-09 1.91249e-09 1.67876e-09 1.75015e-09 2.08436e-09 2.61655e-09 3.3776e-09 4.74432e-09 8.3958e-09 1.94959e-08 5.08165e-08 1.24602e-07 2.35843e-07 2.79072e-07 2.11196e-07 1.6021e-07 2.11624e-07 3.6303e-07 5.21511e-07 5.47257e-07 4.35546e-07 2.87314e-07 1.6817e-07 9.13731e-08 4.75196e-08 2.41467e-08 1.20879e-08 5.86848e-09 
6.31875e-09 1.32354e-08 2.6813e-08 5.37408e-08 1.05929e-07 2.01517e-07 3.58816e-07 5.68203e-07 7.34327e-07 6.79684e-07 4.00449e-07 1.83104e-07 1.39038e-07 1.90011e-07 2.5536e-07 2.25303e-07 1.169e-07 4.28045e-08 1.36694e-08 5.03227e-09 3.39408e-09 2.79872e-09 2.25886e-09 1.91249e-09 1.87329e-09 2.12213e-09 2.57567e-09 3.20681e-09 4.17737e-09 6.32423e-09 1.26173e-08 3.09148e-08 7.82864e-08 1.69367e-07 2.51e-07 2.29435e-07 1.63512e-07 1.66582e-07 2.69879e-07 4.18048e-07 4.95235e-07 4.42544e-07 3.1991e-07 2.00523e-07 1.14451e-07 6.15531e-08 3.19672e-08 1.62793e-08 8.12324e-09 3.9633e-09 
4.27406e-09 9.09279e-09 1.85791e-08 3.7299e-08 7.39595e-08 1.42936e-07 2.6297e-07 4.43521e-07 6.44247e-07 7.27004e-07 5.53693e-07 2.71127e-07 1.37246e-07 1.40753e-07 1.99741e-07 2.2826e-07 1.58445e-07 6.70023e-08 2.15214e-08 6.54694e-09 3.75542e-09 3.30278e-09 2.7355e-09 2.25886e-09 2.08487e-09 2.2364e-09 2.61655e-09 3.15222e-09 3.89094e-09 5.23076e-09 8.76317e-09 1.92168e-08 4.77008e-08 1.11963e-07 1.98473e-07 2.24279e-07 1.72559e-07 1.42899e-07 1.99121e-07 3.22098e-07 4.20604e-07 4.18339e-07 3.32403e-07 2.25061e-07 1.36405e-07 7.66922e-08 4.10851e-08 2.13865e-08 1.09085e-08 5.37386e-09 
6.09915e-09 1.27531e-08 2.56656e-08 5.09796e-08 9.93633e-08 1.86571e-07 3.28002e-07 5.16094e-07 6.75078e-07 6.5218e-07 4.07881e-07 1.82838e-07 1.17889e-07 1.43644e-07 1.90447e-07 1.78891e-07 9.78318e-08 3.4333e-08 9.55943e-09 4.09923e-09 3.88983e-09 3.36188e-09 2.7355e-09 2.39185e-09 2.42846e-09 2.74051e-09 3.20681e-09 3.80336e-09 4.70329e-09 6.71414e-09 1.25295e-08 2.91037e-08 7.0041e-08 1.41923e-07 1.94785e-07 1.74589e-07 1.33607e-07 1.50069e-07 2.40258e-07 3.40938e-07 3.72482e-07 3.23456e-07 2.37001e-07 1.53608e-07 9.11496e-08 5.08647e-08 2.72718e-08 1.42521e-08 7.25395e-09 3.59587e-09 
4.04714e-09 8.64174e-09 1.75374e-08 3.48329e-08 6.81251e-08 1.29457e-07 2.33724e-07 3.87725e-07 5.60974e-07 6.50641e-07 5.31288e-07 2.82024e-07 1.33278e-07 1.08557e-07 1.38289e-07 1.62193e-07 1.22743e-07 5.30966e-08 1.53804e-08 4.66156e-09 4.53943e-09 4.15657e-09 3.36188e-09 2.79872e-09 2.69612e-09 2.95043e-09 3.3776e-09 3.89094e-09 4.54717e-09 5.73129e-09 8.90254e-09 1.82099e-08 4.29156e-08 9.39445e-08 1.52472e-07 1.6222e-07 1.29174e-07 1.20239e-07 1.75085e-07 2.65457e-07 3.16856e-07 2.98003e-07 2.35003e-07 1.63012e-07 1.02689e-07 6.01994e-08 3.35329e-08 1.80513e-08 9.45793e-09 4.7529e-09 
5.71379e-09 1.18877e-08 2.3653e-08 4.62689e-08 8.84703e-08 1.62398e-07 2.78876e-07 4.31384e-07 5.67144e-07 5.76316e-07 3.98673e-07 1.94368e-07 1.05753e-07 9.87872e-08 1.21738e-07 1.22793e-07 7.34024e-08 2.54769e-08 6.50264e-09 5.27982e-09 5.13854e-09 4.15657e-09 3.30278e-09 3.02721e-09 3.25108e-09 3.68829e-09 4.17737e-09 4.70329e-09 5.44358e-09 7.13154e-09 1.21733e-08 2.63815e-08 5.95009e-08 1.09282e-07 1.3758e-07 1.21713e-07 1.03229e-07 1.27902e-07 1.98751e-07 2.59084e-07 2.63434e-07 2.21768e-07 1.63668e-07 1.09442e-07 6.77301e-08 3.94894e-08 2.20503e-08 1.19289e-08 6.23595e-09 3.1495e-09 
3.72122e-09 7.95696e-09 1.59742e-08 3.12235e-08 5.98317e-08 1.10917e-07 1.94799e-07 3.1497e-07 4.49971e-07 5.32719e-07 4.71345e-07 2.845e-07 1.39237e-07 8.63845e-08 8.41985e-08 9.70195e-08 8.1921e-08 3.92701e-08 1.14855e-08 6.41913e-09 6.34963e-09 5.13854e-09 3.88983e-09 3.39408e-09 3.65306e-09 4.19785e-09 4.74432e-09 5.23076e-09 5.73129e-09 6.60913e-09 9.15009e-09 1.6977e-08 3.69759e-08 7.36895e-08 1.07094e-07 1.08354e-07 9.16575e-08 9.70343e-08 1.44171e-07 2.03307e-07 2.24851e-07 2.01817e-07 1.57172e-07 1.10845e-07 7.23479e-08 4.4326e-08 2.58333e-08 1.4497e-08 7.86234e-09 4.05109e-09 
5.19073e-09 1.07105e-08 2.09731e-08 4.01746e-08 7.48643e-08 1.33395e-07 2.22161e-07 3.35486e-07 4.39563e-07 4.65841e-07 3.61194e-07 2.00076e-07 1.03196e-07 6.83521e-08 6.52047e-08 6.94377e-08 4.98781e-08 2.04996e-08 9.0439e-09 7.95029e-09 6.34963e-09 4.53943e-09 3.75542e-09 4.19861e-09 5.03754e-09 5.78135e-09 6.32423e-09 6.71414e-09 7.13154e-09 8.24184e-09 1.21454e-08 2.35946e-08 4.78519e-08 7.80143e-08 9.00527e-08 8.08755e-08 7.74732e-08 1.03565e-07 1.52925e-07 1.84809e-07 1.78257e-07 1.46283e-07 1.079e-07 7.37555e-08 4.74004e-08 2.89161e-08 1.69066e-08 9.53492e-09 5.15079e-09 2.65614e-09 
3.31931e-09 7.08974e-09 1.40251e-08 2.6844e-08 5.01151e-08 9.0102e-08 1.5308e-07 2.40051e-07 3.36642e-07 4.02672e-07 3.82116e-07 2.64861e-07 1.4144e-07 7.67038e-08 4.93121e-08 4.48414e-08 4.67465e-08 3.08421e-08 1.48396e-08 1.0482e-08 7.95029e-09 5.27982e-09 4.09923e-09 5.03227e-09 6.48973e-09 7.65355e-09 8.3958e-09 8.76317e-09 8.90254e-09 9.15009e-09 1.06638e-08 1.65146e-08 3.13694e-08 5.42268e-08 7.04527e-08 6.89288e-08 6.39058e-08 7.5812e-08 1.11171e-07 1.45528e-07 1.52282e-07 1.32762e-07 1.02276e-07 7.26044e-08 4.85753e-08 3.09343e-08 1.88715e-08 1.1089e-08 6.26059e-09 3.32052e-09 
4.56679e-09 9.31435e-09 1.78722e-08 3.3357e-08 6.02754e-08 1.0379e-07 1.67066e-07 2.4549e-07 3.18585e-07 3.47597e-07 2.97692e-07 1.89343e-07 1.00765e-07 5.46777e-08 2.97207e-08 2.91423e-08 3.38923e-08 2.38531e-08 1.5171e-08 1.0482e-08 6.41913e-09 4.66156e-09 6.54694e-09 9.08153e-09 1.10096e-08 1.21573e-08 1.26173e-08 1.25295e-08 1.21733e-08 1.21454e-08 1.43014e-08 2.22619e-08 3.76326e-08 5.26091e-08 5.63992e-08 5.28357e-08 5.74571e-08 7.96596e-08 1.09951e-07 1.24923e-07 1.16952e-07 9.4893e-08 6.98865e-08 4.82747e-08 3.18354e-08 2.01877e-08 1.23525e-08 7.28615e-09 4.08292e-09 2.15139e-09 
2.8686e-09 6.10365e-09 1.18526e-08 2.21164e-08 4.00481e-08 6.95709e-08 1.14063e-07 1.73212e-07 2.37833e-07 2.85381e-07 2.8516e-07 2.23121e-07 1.33958e-07 7.13388e-08 3.54828e-08 1.272e-08 2.3495e-08 3.00941e-08 2.30747e-08 1.5171e-08 9.0439e-09 6.50264e-09 9.55943e-09 1.36694e-08 1.68778e-08 1.88032e-08 1.94959e-08 1.92168e-08 1.82099e-08 1.6977e-08 1.65146e-08 1.93484e-08 2.79225e-08 3.90404e-08 4.44885e-08 4.30702e-08 4.46039e-08 5.76629e-08 8.0663e-08 9.82353e-08 9.91263e-08 8.56543e-08 6.60287e-08 4.70735e-08 3.18913e-08 2.08428e-08 1.3211e-08 8.11584e-09 4.77813e-09 2.6129e-09 
3.88503e-09 7.8066e-09 1.46202e-08 2.64828e-08 4.62527e-08 7.68218e-08 1.19458e-07 1.70747e-07 2.18946e-07 2.43555e-07 2.24535e-07 1.63079e-07 9.44316e-08 4.92409e-08 1.99079e-08 7.05846e-09 2.55209e-08 3.01297e-08 2.30747e-08 1.48396e-08 1.14855e-08 1.53804e-08 2.15214e-08 2.67838e-08 3.01479e-08 3.14408e-08 3.09148e-08 2.91037e-08 2.63815e-08 2.35946e-08 2.22619e-08 2.47158e-08 3.06278e-08 3.49025e-08 3.44246e-08 3.47738e-08 4.26524e-08 5.86615e-08 7.46518e-08 8.05539e-08 7.44613e-08 6.07632e-08 4.51342e-08 3.1427e-08 2.1009e-08 1.36683e-08 8.68188e-09 5.34191e-09 3.10532e-09 1.6698e-09 
2.39838e-09 5.06927e-09 9.62987e-09 1.74558e-08 3.05699e-08 5.12323e-08 8.10596e-08 1.19312e-07 1.60461e-07 1.92559e-07 1.99683e-07 1.7163e-07 1.17641e-07 6.62268e-08 3.26965e-08 1.00449e-08 1.44733e-08 2.80205e-08 3.01297e-08 2.38531e-08 2.04996e-08 2.54769e-08 3.4333e-08 4.28045e-08 4.87188e-08 5.13473e-08 5.08165e-08 4.77008e-08 4.29156e-08 3.69759e-08 3.13694e-08 2.79225e-08 2.77531e-08 2.86876e-08 2.7529e-08 2.68829e-08 3.19971e-08 4.31021e-08 5.57734e-08 6.31507e-08 6.2054e-08 5.38641e-08 4.21664e-08 3.04792e-08 2.08673e-08 1.38339e-08 8.99224e-09 5.72628e-09 3.50285e-09 1.97171e-09 
3.19093e-09 6.29804e-09 1.14763e-08 2.01222e-08 3.39218e-08 5.43593e-08 8.17816e-08 1.13921e-07 1.44432e-07 1.62975e-07 1.58865e-07 1.28889e-07 8.44571e-08 4.59198e-08 2.1008e-08 9.50099e-09 1.8998e-08 2.80205e-08 3.00941e-08 3.08421e-08 3.92701e-08 5.30966e-08 6.70023e-08 7.73769e-08 8.27281e-08 8.28163e-08 7.82864e-08 7.0041e-08 5.95009e-08 4.78519e-08 3.76326e-08 3.06278e-08 2.65059e-08 2.29868e-08 2.08232e-08 2.40483e-08 3.22299e-08 4.17899e-08 4.84949e-08 4.98238e-08 4.57546e-08 3.79407e-08 2.88012e-08 2.04055e-08 1.38099e-08 9.11796e-09 5.93629e-09 3.77728e-09 2.26767e-09 1.23986e-09 
1.93736e-09 4.05673e-09 7.51824e-09 1.32083e-08 2.23441e-08 3.61384e-08 5.52767e-08 7.90687e-08 1.04425e-07 1.25345e-07 1.3397e-07 1.24061e-07 9.62017e-08 6.06581e-08 3.14568e-08 1.4219e-08 1.20745e-08 1.8998e-08 2.55209e-08 3.38923e-08 4.98781e-08 7.34024e-08 9.78318e-08 1.169e-07 1.28029e-07 1.30416e-07 1.24602e-07 1.11963e-07 9.39445e-08 7.36895e-08 5.42268e-08 3.90404e-08 2.86876e-08 2.13668e-08 1.68126e-08 1.81422e-08 2.45105e-08 3.18667e-08 3.72058e-08 3.90871e-08 3.74014e-08 3.27e-08 2.62075e-08 1.94395e-08 1.35739e-08 9.12117e-09 6.01898e-09 3.92557e-09 2.47395e-09 1.42618e-09 
2.52752e-09 4.88839e-09 8.64959e-09 1.4665e-08 2.38716e-08 3.69764e-08 5.39813e-08 7.35431e-08 9.2456e-08 1.0578e-07 1.08132e-07 9.62854e-08 7.22044e-08 4.40253e-08 2.19534e-08 1.17953e-08 1.20745e-08 1.44733e-08 2.3495e-08 4.67465e-08 8.1921e-08 1.22743e-07 1.58445e-07 1.82593e-07 1.92239e-07 1.87203e-07 1.69367e-07 1.41923e-07 1.09282e-07 7.80143e-08 5.26091e-08 3.49025e-08 2.29868e-08 1.53568e-08 1.42556e-08 1.90739e-08 2.49426e-08 2.90282e-08 3.05488e-08 2.98093e-08 2.7097e-08 2.28397e-08 1.78353e-08 1.29995e-08 8.98491e-09 6.01705e-09 3.97759e-09 2.5883e-09 1.5919e-09 8.80044e-10 
1.51062e-09 3.12665e-09 5.64353e-09 9.60106e-09 1.56958e-08 2.45442e-08 3.64058e-08 5.08109e-08 6.61816e-08 7.97023e-08 8.77102e-08 8.67597e-08 7.53034e-08 5.53887e-08 3.32578e-08 1.71837e-08 1.17953e-08 9.50099e-09 7.05846e-09 2.91423e-08 6.94377e-08 1.22793e-07 1.78891e-07 2.25303e-07 2.5243e-07 2.55617e-07 2.35843e-07 1.98473e-07 1.52472e-07 1.07094e-07 7.04527e-08 4.44885e-08 2.7529e-08 1.68126e-08 1.28422e-08 1.57004e-08 2.02542e-08 2.33269e-08 2.42481e-08 2.36096e-08 2.18561e-08 1.91285e-08 1.56767e-08 1.19966e-08 8.62842e-09 5.92399e-09 3.96565e-09 2.62559e-09 1.68763e-09 9.89045e-10 
1.93003e-09 3.65244e-09 6.27147e-09 1.02869e-08 1.61987e-08 2.43284e-08 3.46093e-08 4.63459e-08 5.80593e-08 6.75577e-08 7.23129e-08 7.01783e-08 6.0393e-08 4.46125e-08 2.78482e-08 1.71837e-08 1.4219e-08 1.00449e-08 1.272e-08 4.48414e-08 9.70195e-08 1.62193e-07 2.2826e-07 2.79407e-07 3.02355e-07 2.91212e-07 2.51e-07 1.94785e-07 1.3758e-07 9.00527e-08 5.63992e-08 3.44246e-08 2.08232e-08 1.42556e-08 1.45352e-08 1.74796e-08 1.95319e-08 1.98408e-08 1.89601e-08 1.74798e-08 1.5575e-08 1.3242e-08 1.06144e-08 7.99354e-09 5.69214e-09 3.89327e-09 2.60986e-09 1.72252e-09 1.07572e-09 5.97329e-10 
1.13683e-09 2.32217e-09 4.08047e-09 6.72645e-09 1.06463e-08 1.61458e-08 2.33227e-08 3.19299e-08 4.12585e-08 5.01173e-08 5.69473e-08 6.00854e-08 5.81898e-08 5.08209e-08 3.92799e-08 2.78482e-08 2.19534e-08 2.1008e-08 1.99079e-08 2.97207e-08 6.52047e-08 1.21738e-07 1.90447e-07 2.5536e-07 2.99735e-07 3.08507e-07 2.79072e-07 2.24279e-07 1.6222e-07 1.08354e-07 6.89288e-08 4.30702e-08 2.68829e-08 1.81422e-08 1.57004e-08 1.65539e-08 1.73311e-08 1.69314e-08 1.56946e-08 1.41503e-08 1.25516e-08 1.0867e-08 9.02949e-09 7.1088e-09 5.28517e-09 3.73591e-09 2.55134e-09 1.71143e-09 1.11348e-09 6.58304e-10 
1.42165e-09 2.6315e-09 4.38809e-09 6.97653e-09 1.06601e-08 1.55897e-08 2.17289e-08 2.87829e-08 3.61659e-08 4.3029e-08 4.83516e-08 5.10957e-08 5.04298e-08 4.61128e-08 3.92799e-08 3.32578e-08 3.14568e-08 3.26965e-08 3.54828e-08 4.93121e-08 8.41985e-08 1.38289e-07 1.99741e-07 2.51705e-07 2.78865e-07 2.69622e-07 2.29435e-07 1.74589e-07 1.21713e-07 8.08755e-08 5.28357e-08 3.47738e-08 2.40483e-08 1.90739e-08 1.74796e-08 1.66056e-08 1.52616e-08 1.35514e-08 1.18013e-08 1.02212e-08 8.81417e-09 7.46094e-09 6.08381e-09 4.71887e-09 3.47196e-09 2.44131e-09 1.66658e-09 1.11271e-09 7.00758e-10 3.88394e-10 
8.26409e-10 1.66476e-09 2.85024e-09 4.56159e-09 7.01157e-09 1.03565e-08 1.46487e-08 1.98012e-08 2.55651e-08 3.15353e-08 3.71872e-08 4.19366e-08 4.52182e-08 4.66093e-08 4.61128e-08 4.46125e-08 4.40253e-08 4.59198e-08 4.92409e-08 5.46777e-08 6.83521e-08 9.87872e-08 1.43644e-07 1.90011e-07 2.22946e-07 2.31232e-07 2.11196e-07 1.72559e-07 1.29174e-07 9.16575e-08 6.39058e-08 4.46039e-08 3.19971e-08 2.45105e-08 2.02542e-08 1.73311e-08 1.47145e-08 1.23315e-08 1.02665e-08 8.56873e-09 7.21308e-09 6.08726e-09 5.05836e-09 4.05973e-09 3.10949e-09 2.2684e-09 1.58912e-09 1.08304e-09 7.11015e-10 4.2147e-10 
1.01188e-09 1.83342e-09 2.9751e-09 4.59902e-09 6.84778e-09 9.8044e-09 1.34772e-08 1.77908e-08 2.25901e-08 2.76617e-08 3.27701e-08 3.77015e-08 4.23134e-08 4.66093e-08 5.08209e-08 5.53887e-08 6.06581e-08 6.62268e-08 7.13388e-08 7.67038e-08 8.63845e-08 1.08557e-07 1.40753e-07 1.7087e-07 1.87302e-07 1.84385e-07 1.63512e-07 1.33607e-07 1.03229e-07 7.74732e-08 5.74571e-08 4.26524e-08 3.22299e-08 2.49426e-08 1.95319e-08 1.52616e-08 1.19339e-08 9.39962e-09 7.49213e-09 6.07124e-09 5.00426e-09 4.1504e-09 3.39518e-09 2.68778e-09 2.03645e-09 1.47516e-09 1.03016e-09 6.96817e-10 4.41029e-10 2.42785e-10 
5.81415e-10 1.15519e-09 1.93095e-09 3.00978e-09 4.51183e-09 6.52557e-09 9.09721e-09 1.22326e-08 1.5904e-08 2.00683e-08 2.46988e-08 2.9828e-08 3.55987e-08 4.23134e-08 5.04298e-08 6.0393e-08 7.22044e-08 8.44571e-08 9.44316e-08 1.00765e-07 1.03196e-07 1.05753e-07 1.17889e-07 1.39038e-07 1.58148e-07 1.66296e-07 1.6021e-07 1.42899e-07 1.20239e-07 9.70343e-08 7.5812e-08 5.76629e-08 4.31021e-08 3.18667e-08 2.33269e-08 1.69314e-08 1.23315e-08 9.1186e-09 6.88819e-09 5.32824e-09 4.22705e-09 3.42752e-09 2.80134e-09 2.26037e-09 1.76791e-09 1.32685e-09 9.55336e-10 6.63887e-10 4.39963e-10 2.60565e-10 
6.97872e-10 1.23993e-09 1.96416e-09 2.96468e-09 4.32448e-09 6.10096e-09 8.33237e-09 1.1048e-08 1.42855e-08 1.81199e-08 2.27098e-08 2.83605e-08 3.55987e-08 4.52182e-08 5.81898e-08 7.53034e-08 9.62017e-08 1.17641e-07 1.33958e-07 1.4144e-07 1.39237e-07 1.33278e-07 1.37246e-07 1.52507e-07 1.67761e-07 1.7339e-07 1.66582e-07 1.50069e-07 1.27902e-07 1.03565e-07 7.96596e-08 5.86615e-08 4.17899e-08 2.90282e-08 1.98408e-08 1.35514e-08 9.39962e-09 6.69345e-09 4.9137e-09 3.72111e-09 2.90529e-09 2.32427e-09 1.87548e-09 1.4949e-09 1.15664e-09 8.60771e-10 6.16059e-10 4.23313e-10 2.69146e-10 1.46729e-10 
3.97045e-10 7.78764e-10 1.27475e-09 1.94333e-09 2.85611e-09 4.07061e-09 5.63386e-09 7.59488e-09 1.00208e-08 1.30234e-08 1.68025e-08 2.17134e-08 2.83605e-08 3.77015e-08 5.10957e-08 7.01783e-08 9.62854e-08 1.28889e-07 1.63079e-07 1.89343e-07 2.00076e-07 1.94368e-07 1.82838e-07 1.83104e-07 1.96439e-07 2.09727e-07 2.11624e-07 1.99121e-07 1.75085e-07 1.44171e-07 1.11171e-07 8.0663e-08 5.57734e-08 3.72058e-08 2.42481e-08 1.56946e-08 1.02665e-08 6.88819e-09 4.78065e-09 3.4399e-09 2.56471e-09 1.97726e-09 1.56368e-09 1.24738e-09 9.8334e-10 7.53424e-10 5.56324e-10 3.94913e-10 2.64687e-10 1.56472e-10 
4.68106e-10 8.17705e-10 1.2697e-09 1.88107e-09 2.70479e-09 3.7868e-09 5.17786e-09 6.94881e-09 9.21311e-09 1.21647e-08 1.614e-08 2.17134e-08 2.9828e-08 4.19366e-08 6.00854e-08 8.67597e-08 1.24061e-07 1.7163e-07 2.23121e-07 2.64861e-07 2.845e-07 2.82024e-07 2.71127e-07 2.69726e-07 2.77971e-07 2.81953e-07 2.69879e-07 2.40258e-07 1.98751e-07 1.52925e-07 1.09951e-07 7.46518e-08 4.84949e-08 3.05488e-08 1.89601e-08 1.18013e-08 7.49213e-09 4.9137e-09 3.34998e-09 2.37581e-09 1.75025e-09 1.33527e-09 1.04526e-09 8.25251e-10 6.44073e-10 4.89068e-10 3.58193e-10 2.50455e-10 1.60178e-10 8.64068e-11 
2.64185e-10 5.12336e-10 8.24427e-10 1.23553e-09 1.79117e-09 2.53306e-09 3.5065e-09 4.77458e-09 6.4369e-09 8.66036e-09 1.17312e-08 1.614e-08 2.27098e-08 3.27701e-08 4.83516e-08 7.23129e-08 1.08132e-07 1.58865e-07 2.24535e-07 2.97692e-07 3.61194e-07 3.98673e-07 4.07881e-07 4.00449e-07 3.92515e-07 3.84082e-07 3.6303e-07 3.22098e-07 2.65457e-07 2.03307e-07 1.45528e-07 9.82353e-08 6.31507e-08 3.90871e-08 2.36096e-08 1.41503e-08 8.56873e-09 5.32824e-09 3.4399e-09 2.31557e-09 1.6244e-09 1.18523e-09 8.96105e-10 6.95124e-10 5.43714e-10 4.20494e-10 3.16568e-10 2.29357e-10 1.55728e-10 9.19882e-11 
3.06737e-10 5.28557e-10 8.08455e-10 1.18262e-09 1.6876e-09 2.36161e-09 3.25637e-09 4.45273e-09 6.08467e-09 8.38039e-09 1.17312e-08 1.68025e-08 2.46988e-08 3.71872e-08 5.69473e-08 8.77102e-08 1.3397e-07 1.99683e-07 2.8516e-07 3.82116e-07 4.71345e-07 5.31288e-07 5.53693e-07 5.45628e-07 5.20263e-07 4.7898e-07 4.18048e-07 3.40938e-07 2.59084e-07 1.84809e-07 1.24923e-07 8.05539e-08 4.98238e-08 2.98093e-08 1.74798e-08 1.02212e-08 6.07124e-09 3.72111e-09 2.37581e-09 1.58434e-09 1.10197e-09 7.97614e-10 5.98327e-10 4.60401e-10 3.57133e-10 2.73897e-10 2.04315e-10 1.4534e-10 9.36638e-11 5.00532e-11 
1.72041e-10 3.30589e-10 5.2532e-10 7.78392e-10 1.12041e-09 1.58318e-09 2.20734e-09 3.0554e-09 4.23015e-09 5.9057e-09 8.38039e-09 1.21647e-08 1.81199e-08 2.76617e-08 4.3029e-08 6.75577e-08 1.0578e-07 1.62975e-07 2.43555e-07 3.47597e-07 4.65841e-07 5.76316e-07 6.5218e-07 6.79684e-07 6.60482e-07 6.04861e-07 5.21511e-07 4.20604e-07 3.16856e-07 2.24851e-07 1.52282e-07 9.91263e-08 6.2054e-08 3.74014e-08 2.18561e-08 1.25516e-08 7.21308e-09 4.22705e-09 2.56471e-09 1.6244e-09 1.07548e-09 7.42838e-10 5.34011e-10 3.97875e-10 3.04024e-10 2.3411e-10 1.78112e-10 1.31232e-10 9.02996e-11 5.34142e-11 
1.97334e-10 3.36724e-10 5.10092e-10 7.41413e-10 1.05706e-09 1.48851e-09 2.0826e-09 2.91575e-09 4.11672e-09 5.9057e-09 8.66036e-09 1.30234e-08 2.00683e-08 3.15353e-08 5.01173e-08 7.97023e-08 1.25345e-07 1.92559e-07 2.85381e-07 4.02672e-07 5.32719e-07 6.50641e-07 7.27004e-07 7.44615e-07 7.01984e-07 6.12332e-07 4.95235e-07 3.72482e-07 2.63434e-07 1.78257e-07 1.16952e-07 7.44613e-08 4.57546e-08 2.7097e-08 1.5575e-08 8.81417e-09 5.00426e-09 2.90529e-09 1.75025e-09 1.10197e-09 7.25402e-10 4.98111e-10 3.56012e-10 2.63749e-10 2.00368e-10 1.53299e-10 1.15599e-10 8.34473e-11 5.42543e-11 2.88072e-11 
1.10191e-10 2.10347e-10 3.31693e-10 4.88857e-10 7.0317e-10 9.9922e-10 1.4115e-09 1.99553e-09 2.84438e-09 4.11672e-09 6.08467e-09 9.21311e-09 1.42855e-08 2.25901e-08 3.61659e-08 5.80593e-08 9.2456e-08 1.44432e-07 2.18946e-07 3.18585e-07 4.39563e-07 5.67144e-07 6.75078e-07 7.34327e-07 7.28471e-07 6.59616e-07 5.47257e-07 4.18339e-07 2.98003e-07 2.01817e-07 1.32762e-07 8.56543e-08 5.38641e-08 3.27e-08 1.91285e-08 1.0867e-08 6.08726e-09 3.42752e-09 1.97726e-09 1.18523e-09 7.42838e-10 4.86668e-10 3.32523e-10 2.36528e-10 1.74453e-10 1.31925e-10 1.0032e-10 7.47099e-11 5.20231e-11 3.08924e-11 
1.25291e-10 2.12589e-10 3.20726e-10 4.66058e-10 6.67999e-10 9.51929e-10 1.35753e-09 1.95091e-09 2.84438e-09 4.23015e-09 6.4369e-09 1.00208e-08 1.5904e-08 2.55651e-08 4.12585e-08 6.61816e-08 1.04425e-07 1.60461e-07 2.37833e-07 3.36642e-07 4.49971e-07 5.60974e-07 6.44247e-07 6.7515e-07 6.43647e-07 5.58327e-07 4.42544e-07 3.23456e-07 2.21768e-07 1.46283e-07 9.4893e-08 6.07632e-08 3.79407e-08 2.28397e-08 1.3242e-08 7.46094e-09 4.1504e-09 2.32427e-09 1.33527e-09 7.97614e-10 4.98111e-10 3.25017e-10 2.21148e-10 1.56728e-10 1.15241e-10 8.68411e-11 6.55678e-11 4.78029e-11 3.13569e-11 1.66159e-11 
6.97656e-11 1.3268e-10 2.0865e-10 3.07638e-10 4.44808e-10 6.39102e-10 9.18655e-10 1.3298e-09 1.95091e-09 2.91575e-09 4.45273e-09 6.94881e-09 1.1048e-08 1.77908e-08 2.87829e-08 4.63459e-08 7.35431e-08 1.13921e-07 1.70747e-07 2.4549e-07 3.35486e-07 4.31384e-07 5.16094e-07 5.68203e-07 5.71106e-07 5.22568e-07 4.35546e-07 3.32403e-07 2.35003e-07 1.57172e-07 1.02276e-07 6.60287e-08 4.21664e-08 2.62075e-08 1.56767e-08 9.02949e-09 5.05836e-09 2.80134e-09 1.56368e-09 8.96105e-10 5.34011e-10 3.32523e-10 2.16216e-10 1.46621e-10 1.03657e-10 7.60921e-11 5.71634e-11 4.26809e-11 2.99808e-11 1.79096e-11 
7.89128e-11 1.33694e-10 2.01935e-10 2.94994e-10 4.27249e-10 6.18705e-10 9.01523e-10 1.3298e-09 1.99553e-09 3.0554e-09 4.77458e-09 7.59488e-09 1.22326e-08 1.98012e-08 3.19299e-08 5.08109e-08 7.90687e-08 1.19312e-07 1.73212e-07 2.40051e-07 3.1497e-07 3.87725e-07 4.43521e-07 4.67353e-07 4.50801e-07 3.97151e-07 3.1991e-07 2.37001e-07 1.63668e-07 1.079e-07 6.98865e-08 4.51342e-08 2.88012e-08 1.78353e-08 1.06144e-08 6.08381e-09 3.39518e-09 1.87548e-09 1.04526e-09 5.98327e-10 3.56012e-10 2.21148e-10 1.43364e-10 9.69718e-11 6.84817e-11 5.02491e-11 3.75908e-11 2.75015e-11 1.81777e-11 9.66381e-12 
4.38744e-11 8.33713e-11 1.31354e-10 1.94742e-10 2.84414e-10 4.14817e-10 6.0818e-10 9.01523e-10 1.35753e-09 2.0826e-09 3.25637e-09 5.17786e-09 8.33237e-09 1.34772e-08 2.17289e-08 3.46093e-08 5.39813e-08 8.17816e-08 1.19458e-07 1.67066e-07 2.22161e-07 2.78876e-07 3.28002e-07 3.58816e-07 3.62654e-07 3.36971e-07 2.87314e-07 2.25061e-07 1.63012e-07 1.10845e-07 7.26044e-08 4.70735e-08 3.04792e-08 1.94395e-08 1.19966e-08 7.1088e-09 4.05973e-09 2.26037e-09 1.24738e-09 6.95124e-10 3.97875e-10 2.36528e-10 1.46621e-10 9.48028e-11 6.40209e-11 4.52265e-11 3.31908e-11 2.46204e-11 1.7366e-11 1.04504e-11 
4.9532e-11 8.41101e-11 1.27774e-10 1.88493e-10 2.76889e-10 4.08393e-10 6.0818e-10 9.18655e-10 1.4115e-09 2.20734e-09 3.5065e-09 5.63386e-09 9.09721e-09 1.46487e-08 2.33227e-08 3.64058e-08 5.52767e-08 8.10596e-08 1.14063e-07 1.5308e-07 1.94799e-07 2.33724e-07 2.6297e-07 2.75955e-07 2.6868e-07 2.41707e-07 2.00523e-07 1.53608e-07 1.09442e-07 7.37555e-08 4.82747e-08 3.1427e-08 2.04055e-08 1.29995e-08 7.99354e-09 4.71887e-09 2.68778e-09 1.4949e-09 8.25251e-10 4.60401e-10 2.63749e-10 1.56728e-10 9.69718e-11 6.25613e-11 4.22236e-11 2.98764e-11 2.19067e-11 1.59612e-11 1.06061e-11 5.6907e-12 
2.75234e-11 5.2399e-11 8.30364e-11 1.24293e-10 1.83989e-10 2.72994e-10 4.08393e-10 6.18705e-10 9.51929e-10 1.48851e-09 2.36161e-09 3.7868e-09 6.10096e-09 9.8044e-09 1.55897e-08 2.43284e-08 3.69764e-08 5.43593e-08 7.68218e-08 1.0379e-07 1.33395e-07 1.62398e-07 1.86571e-07 2.01517e-07 2.03796e-07 1.92123e-07 1.6817e-07 1.36405e-07 1.02689e-07 7.23479e-08 4.85753e-08 3.18913e-08 2.08673e-08 1.35739e-08 8.62842e-09 5.28517e-09 3.10949e-09 1.76791e-09 9.8334e-10 5.43714e-10 3.04024e-10 1.74453e-10 1.03657e-10 6.40209e-11 4.12303e-11 2.78428e-11 1.9748e-11 1.44074e-11 1.01461e-11 6.15514e-12 
3.11012e-11 5.3103e-11 8.14232e-11 1.21676e-10 1.81649e-10 2.72994e-10 4.14817e-10 6.39102e-10 9.9922e-10 1.58318e-09 2.53306e-09 4.07061e-09 6.52557e-09 1.03565e-08 1.61458e-08 2.45442e-08 3.61384e-08 5.12323e-08 6.95709e-08 9.0102e-08 1.10917e-07 1.29457e-07 1.42936e-07 1.48908e-07 1.45864e-07 1.33786e-07 1.14451e-07 9.11496e-08 6.77301e-08 4.74004e-08 3.18354e-08 2.1009e-08 1.38099e-08 8.98491e-09 5.69214e-09 3.47196e-09 2.03645e-09 1.15664e-09 6.44073e-10 3.57133e-10 2.00368e-10 1.15241e-10 6.84817e-11 4.22236e-11 2.71606e-11 1.83751e-11 1.30562e-11 9.38975e-12 6.25103e-12 3.40358e-12 
1.72843e-11 3.30373e-11 5.28147e-11 8.00345e-11 1.20295e-10 1.81649e-10 2.76889e-10 4.27249e-10 6.67999e-10 1.05706e-09 1.6876e-09 2.70479e-09 4.32448e-09 6.84778e-09 1.06601e-08 1.61987e-08 2.38716e-08 3.39218e-08 4.62527e-08 6.02754e-08 7.48643e-08 8.84703e-08 9.93633e-08 1.05929e-07 1.06963e-07 1.01962e-07 9.13731e-08 7.66922e-08 6.01994e-08 4.4326e-08 3.09343e-08 2.08428e-08 1.38339e-08 9.12117e-09 5.92399e-09 3.73591e-09 2.2684e-09 1.32685e-09 7.53424e-10 4.20494e-10 2.3411e-10 1.31925e-10 7.60921e-11 4.52265e-11 2.78428e-11 1.79063e-11 1.2151e-11 8.61759e-12 6.01429e-12 3.67522e-12 
1.95908e-11 3.37094e-11 5.22876e-11 7.92657e-11 1.20295e-10 1.83989e-10 2.84414e-10 4.44808e-10 7.0317e-10 1.12041e-09 1.79117e-09 2.85611e-09 4.51183e-09 7.01157e-09 1.06463e-08 1.56958e-08 2.23441e-08 3.05699e-08 4.00481e-08 5.01151e-08 5.98317e-08 6.81251e-08 7.39595e-08 7.649e-08 7.52004e-08 7.00419e-08 6.15531e-08 5.08647e-08 3.94894e-08 2.89161e-08 2.01877e-08 1.36683e-08 9.11796e-09 6.01705e-09 3.89327e-09 2.44131e-09 1.47516e-09 8.60771e-10 4.89068e-10 2.73897e-10 1.53299e-10 8.68411e-11 5.02491e-11 2.98764e-11 1.83751e-11 1.18331e-11 8.05531e-12 5.65417e-12 3.74923e-12 2.07765e-12 
1.08931e-11 2.09348e-11 3.382e-11 5.19364e-11 7.92657e-11 1.21676e-10 1.88493e-10 2.94994e-10 4.66058e-10 7.41413e-10 1.18262e-09 1.88107e-09 2.96468e-09 4.59902e-09 6.97653e-09 1.02869e-08 1.4665e-08 2.01222e-08 2.64828e-08 3.3357e-08 4.01746e-08 4.62689e-08 5.09796e-08 5.37408e-08 5.41501e-08 5.20341e-08 4.75196e-08 4.10851e-08 3.35329e-08 2.58333e-08 1.88715e-08 1.3211e-08 8.99224e-09 6.01898e-09 3.96565e-09 2.55134e-09 1.58912e-09 9.55336e-10 5.56324e-10 3.16568e-10 1.78112e-10 1.0032e-10 5.71634e-11 3.31908e-11 1.9748e-11 1.2151e-11 7.85052e-12 5.35002e-12 3.66178e-12 2.24434e-12 
1.23949e-11 2.152e-11 3.37834e-11 5.19364e-11 8.00345e-11 1.24293e-10 1.94742e-10 3.07638e-10 4.88857e-10 7.78392e-10 1.23553e-09 1.94333e-09 3.00978e-09 4.56159e-09 6.72645e-09 9.60106e-09 1.32083e-08 1.74558e-08 2.21164e-08 2.6844e-08 3.12235e-08 3.48329e-08 3.7299e-08 3.83349e-08 3.77718e-08 3.55923e-08 3.19672e-08 2.72718e-08 2.20503e-08 1.69066e-08 1.23525e-08 8.68188e-09 5.93629e-09 3.97759e-09 2.60986e-09 1.66658e-09 1.03016e-09 6.16059e-10 3.58193e-10 2.04315e-10 1.15599e-10 6.55678e-11 3.75908e-11 2.19067e-11 1.30562e-11 8.05531e-12 5.23312e-12 3.54542e-12 2.31856e-12 1.30563e-12 
6.88149e-12 1.33134e-11 2.173e-11 3.37834e-11 5.22876e-11 8.14232e-11 1.27774e-10 2.01935e-10 3.20726e-10 5.10092e-10 8.08455e-10 1.2697e-09 1.96416e-09 2.9751e-09 4.38809e-09 6.27147e-09 8.64959e-09 1.14763e-08 1.46202e-08 1.78722e-08 2.09731e-08 2.3653e-08 2.56656e-08 2.6813e-08 2.69618e-08 2.60582e-08 2.41467e-08 2.13865e-08 1.80513e-08 1.4497e-08 1.1089e-08 8.11584e-09 5.72628e-09 3.92557e-09 2.62559e-09 1.71143e-09 1.08304e-09 6.63887e-10 3.94913e-10 2.29357e-10 1.31232e-10 7.47099e-11 4.26809e-11 2.46204e-11 1.44074e-11 8.61759e-12 5.35002e-12 3.49521e-12 2.32418e-12 1.41668e-12 
7.8308e-12 1.3708e-11 2.173e-11 3.382e-11 5.28147e-11 8.30364e-11 1.31354e-10 2.0865e-10 3.31693e-10 5.2532e-10 8.24427e-10 1.27475e-09 1.93095e-09 2.85024e-09 4.08047e-09 5.64353e-09 7.51824e-09 9.62987e-09 1.18526e-08 1.40251e-08 1.59742e-08 1.75374e-08 1.85791e-08 1.90007e-08 1.87483e-08 1.78209e-08 1.62793e-08 1.42521e-08 1.19289e-08 9.53492e-09 7.28615e-09 5.34191e-09 3.77728e-09 2.5883e-09 1.72252e-09 1.11271e-09 6.96817e-10 4.23313e-10 2.50455e-10 1.4534e-10 8.34473e-11 4.78029e-11 2.75015e-11 1.59612e-11 9.38975e-12 5.65417e-12 3.54542e-12 2.31982e-12 1.48879e-12 8.45991e-13 
4.29628e-12 8.35581e-12 1.3708e-11 2.152e-11 3.37094e-11 5.3103e-11 8.41101e-11 1.33694e-10 2.12589e-10 3.36724e-10 5.28557e-10 8.17705e-10 1.23993e-09 1.83342e-09 2.6315e-09 3.65244e-09 4.88839e-09 6.29804e-09 7.8066e-09 9.31435e-09 1.07105e-08 1.18877e-08 1.27531e-08 1.32354e-08 1.32896e-08 1.29007e-08 1.20879e-08 1.09085e-08 9.45793e-09 7.86234e-09 6.26059e-09 4.77813e-09 3.50285e-09 2.47395e-09 1.68763e-09 1.11348e-09 7.11015e-10 4.39963e-10 2.64687e-10 1.55728e-10 9.02996e-11 5.20231e-11 2.99808e-11 1.7366e-11 1.01461e-11 6.01429e-12 3.66178e-12 2.32418e-12 1.51045e-12 9.19035e-13 
4.78734e-12 8.35581e-12 1.33134e-11 2.09348e-11 3.30373e-11 5.2399e-11 8.33713e-11 1.3268e-10 2.10347e-10 3.30589e-10 5.12336e-10 7.78764e-10 1.15519e-09 1.66476e-09 2.32217e-09 3.12665e-09 4.05673e-09 5.06927e-09 6.10365e-09 7.08974e-09 7.95696e-09 8.64174e-09 9.09279e-09 9.27431e-09 9.16834e-09 8.77677e-09 8.12324e-09 7.25395e-09 6.23595e-09 5.15079e-09 4.08292e-09 3.10532e-09 2.26767e-09 1.5919e-09 1.07572e-09 7.00758e-10 4.41029e-10 2.69146e-10 1.60178e-10 9.36638e-11 5.42543e-11 3.13569e-11 1.81777e-11 1.06061e-11 6.25103e-12 3.74923e-12 2.31856e-12 1.48879e-12 9.54623e-13 5.56575e-13 
2.50352e-12 4.78734e-12 7.8308e-12 1.23949e-11 1.95908e-11 3.11012e-11 4.9532e-11 7.89128e-11 1.25291e-10 1.97334e-10 3.06737e-10 4.68106e-10 6.97872e-10 1.01188e-09 1.42165e-09 1.93003e-09 2.52752e-09 3.19093e-09 3.88503e-09 4.56679e-09 5.19073e-09 5.71379e-09 6.09915e-09 6.31875e-09 6.35507e-09 6.20253e-09 5.86848e-09 5.37386e-09 4.7529e-09 4.05109e-09 3.32052e-09 2.6129e-09 1.97171e-09 1.42618e-09 9.89045e-10 6.58304e-10 4.2147e-10 2.60565e-10 1.56472e-10 9.19882e-11 5.34142e-11 3.08924e-11 1.79096e-11 1.04504e-11 6.15514e-12 3.67522e-12 2.24434e-12 1.41668e-12 9.19035e-13 5.82565e-13 
2.50352e-12 4.29628e-12 6.88149e-12 1.08931e-11 1.72843e-11 2.75234e-11 4.38744e-11 6.97656e-11 1.10191e-10 1.72041e-10 2.64185e-10 3.97045e-10 5.81415e-10 8.26409e-10 1.13683e-09 1.51062e-09 1.93736e-09 2.39838e-09 2.8686e-09 3.31931e-09 3.72122e-09 4.04714e-09 4.27406e-09 4.38487e-09 4.36965e-09 4.22671e-09 3.9633e-09 3.59587e-09 3.1495e-09 2.65614e-09 2.15139e-09 1.6698e-09 1.23986e-09 8.80044e-10 5.97329e-10 3.88394e-10 2.42785e-10 1.46729e-10 8.64068e-11 5.00532e-11 2.88072e-11 1.66159e-11 9.66381e-12 5.6907e-12 3.40358e-12 2.07765e-12 1.30563e-12 8.45991e-13 5.56575e-13 3.42474e-13 
