1 100 50
3.64591e-13 6.17087e-13 9.66896e-13 1.50626e-12 2.40493e-12 3.96245e-12 6.71752e-12 1.16386e-11 2.04297e-11 3.59935e-11 6.30562e-11 1.08829e-10 1.83433e-10 2.99602e-10 4.71173e-10 7.1022e-10 1.02339e-09 1.4087e-09 1.85421e-09 2.33907e-09 2.83636e-09 3.31639e-09 3.74936e-09 4.10737e-09 4.36613e-09 4.50662e-09 4.51681e-09 4.39326e-09 4.14241e-09 3.781e-09 3.33537e-09 2.83906e-09 2.32879e-09 1.83944e-09 1.3991e-09 1.02573e-09 7.26235e-10 4.98022e-10 3.32054e-10 2.16256e-10 1.38303e-10 8.73617e-11 5.48342e-11 3.44045e-11 2.17007e-11 1.38337e-11 8.94995e-12 5.86522e-12 3.83286e-12 2.3409e-12 
3.64591e-13 6.9838e-13 1.12205e-12 1.74303e-12 2.7466e-12 4.46278e-12 7.47882e-12 1.28504e-11 2.24516e-11 3.95402e-11 6.95662e-11 1.21195e-10 2.07273e-10 3.45161e-10 5.55594e-10 8.59326e-10 1.27168e-09 1.79639e-09 2.42138e-09 3.1185e-09 3.84764e-09 4.56308e-09 5.21921e-09 5.77424e-09 6.19228e-09 6.44487e-09 6.5128e-09 6.3882e-09 6.07654e-09 5.5979e-09 4.98668e-09 4.28894e-09 3.55712e-09 2.8428e-09 2.18921e-09 1.62579e-09 1.16622e-09 8.10017e-10 5.46519e-10 3.59619e-10 2.31879e-10 1.47301e-10 9.27367e-11 5.82212e-11 3.66734e-11 2.33111e-11 1.50269e-11 9.82667e-12 6.41403e-12 4.01374e-12 
6.9838e-13 1.20727e-12 1.88413e-12 2.92606e-12 4.66567e-12 7.68914e-12 1.30444e-11 2.26065e-11 3.96892e-11 6.99858e-11 1.22915e-10 2.13241e-10 3.62479e-10 5.99038e-10 9.55669e-10 1.46313e-09 2.1406e-09 2.98578e-09 3.9693e-09 5.03693e-09 6.11888e-09 7.14167e-09 8.03722e-09 8.74726e-09 9.22495e-09 9.43622e-09 9.3623e-09 9.00309e-09 8.38026e-09 7.53852e-09 6.54312e-09 5.47276e-09 4.40829e-09 3.42015e-09 2.55843e-09 1.84861e-09 1.29344e-09 8.79037e-10 5.82392e-10 3.77766e-10 2.41091e-10 1.52239e-10 9.57001e-11 6.02655e-11 3.82517e-11 2.4605e-11 1.60837e-11 1.05708e-11 6.70713e-12 3.83286e-12 
6.17087e-13 1.20727e-12 1.94378e-12 2.99166e-12 4.67517e-12 7.54512e-12 1.25769e-11 2.15218e-11 3.75043e-11 6.6015e-11 1.16445e-10 2.04237e-10 3.53429e-10 5.98702e-10 9.85153e-10 1.56338e-09 2.37828e-09 3.45282e-09 4.77246e-09 6.27823e-09 7.87371e-09 9.4435e-09 1.08736e-08 1.20647e-08 1.29367e-08 1.34293e-08 1.35031e-08 1.3145e-08 1.23733e-08 1.12431e-08 9.84486e-09 8.29589e-09 6.72299e-09 5.24136e-09 3.9363e-09 2.8541e-09 2.00375e-09 1.3666e-09 9.0874e-10 5.9153e-10 3.78647e-10 2.396e-10 1.50761e-10 9.49234e-11 6.01822e-11 3.86467e-11 2.52414e-11 1.66992e-11 1.0843e-11 6.41403e-12 
1.12205e-12 1.94378e-12 3.01072e-12 4.61799e-12 7.27916e-12 1.18712e-11 1.99556e-11 3.43367e-11 6.00197e-11 1.05791e-10 1.86671e-10 3.27341e-10 5.66141e-10 9.58128e-10 1.57416e-09 2.492e-09 3.77699e-09 5.455e-09 7.48804e-09 9.76635e-09 1.21247e-08 1.43764e-08 1.63469e-08 1.78925e-08 1.89035e-08 1.93032e-08 1.90519e-08 1.81557e-08 1.6677e-08 1.4738e-08 1.25115e-08 1.01951e-08 7.97718e-09 6.00305e-09 4.35651e-09 3.05952e-09 2.08724e-09 1.38867e-09 9.04642e-10 5.79548e-10 3.66916e-10 2.30855e-10 1.45242e-10 9.19587e-11 5.89482e-11 3.84453e-11 2.55162e-11 1.69149e-11 1.05708e-11 5.86522e-12 
9.66896e-13 1.88413e-12 3.01072e-12 4.5723e-12 7.03935e-12 1.11972e-11 1.84087e-11 3.11138e-11 5.36963e-11 9.40021e-11 1.65842e-10 2.92893e-10 5.14165e-10 8.90323e-10 1.50833e-09 2.47926e-09 3.92261e-09 5.9332e-09 8.53643e-09 1.16502e-08 1.50771e-08 1.85389e-08 2.17367e-08 2.44047e-08 2.63356e-08 2.7381e-08 2.74503e-08 2.65203e-08 2.4653e-08 2.20078e-08 1.88341e-08 1.54374e-08 1.21225e-08 9.13587e-09 6.62819e-09 4.64822e-09 3.16497e-09 2.10172e-09 1.367e-09 8.74641e-10 5.53083e-10 3.47508e-10 2.18256e-10 1.37903e-10 8.82028e-11 5.7408e-11 3.81154e-11 2.55919e-11 1.66992e-11 9.82667e-12 
1.74303e-12 2.99166e-12 4.5723e-12 6.90415e-12 1.07002e-11 1.71544e-11 2.8356e-11 4.80558e-11 8.30291e-11 1.45445e-10 2.56836e-10 4.54308e-10 7.99268e-10 1.38748e-09 2.35619e-09 3.87957e-09 6.1413e-09 9.27821e-09 1.33061e-08 1.80605e-08 2.31934e-08 2.82396e-08 3.27225e-08 3.62398e-08 3.84951e-08 3.92967e-08 3.85596e-08 3.63276e-08 3.27993e-08 2.83283e-08 2.3379e-08 1.84399e-08 1.39245e-08 1.01005e-08 7.07009e-09 4.80007e-09 3.17709e-09 2.05987e-09 1.31414e-09 8.28775e-10 5.19346e-10 3.25271e-10 2.04912e-10 1.30673e-10 8.48183e-11 5.62335e-11 3.79724e-11 2.55162e-11 1.60837e-11 8.94995e-12 
1.50626e-12 2.92606e-12 4.61799e-12 6.90415e-12 1.04424e-11 1.63044e-11 2.6288e-11 4.3572e-11 7.38909e-11 1.2765e-10 2.23647e-10 3.95349e-10 7.0078e-10 1.23647e-09 2.15353e-09 3.66859e-09 6.05488e-09 9.59449e-09 1.44825e-08 2.07041e-08 2.7943e-08 3.55905e-08 4.28731e-08 4.9034e-08 5.34684e-08 5.57664e-08 5.57108e-08 5.32901e-08 4.87362e-08 4.25395e-08 3.53958e-08 2.80774e-08 2.12694e-08 1.54403e-08 1.0794e-08 7.30804e-09 4.81951e-09 3.11248e-09 1.97799e-09 1.24279e-09 7.75926e-10 4.84147e-10 3.03831e-10 1.93018e-10 1.24847e-10 8.25496e-11 5.58037e-11 3.81154e-11 2.52414e-11 1.50269e-11 
2.7466e-12 4.67517e-12 7.03935e-12 1.04424e-11 1.58816e-11 2.49472e-11 4.03533e-11 6.69224e-11 1.13394e-10 1.95711e-10 3.42854e-10 6.06753e-10 1.07802e-09 1.90826e-09 3.33575e-09 5.70236e-09 9.43649e-09 1.49702e-08 2.25762e-08 3.21635e-08 4.31381e-08 5.44417e-08 6.47915e-08 7.29933e-08 7.81576e-08 7.97615e-08 7.76499e-08 7.20638e-08 6.36674e-08 5.34894e-08 4.27349e-08 3.25234e-08 2.36615e-08 1.65402e-08 1.11773e-08 7.34778e-09 4.72672e-09 2.99124e-09 1.8714e-09 1.16333e-09 7.22647e-10 4.51437e-10 2.85489e-10 1.83873e-10 1.2114e-10 8.17606e-11 5.62335e-11 3.84453e-11 2.4605e-11 1.38337e-11 
2.40493e-12 4.66567e-12 7.27916e-12 1.07002e-11 1.58816e-11 2.42969e-11 3.832e-11 6.20432e-11 1.02775e-10 1.73818e-10 2.99558e-10 5.24591e-10 9.29335e-10 1.65502e-09 2.93935e-09 5.15761e-09 8.84868e-09 1.46831e-08 2.33196e-08 3.51266e-08 4.98445e-08 6.63726e-08 8.28776e-08 9.72415e-08 1.07606e-07 1.12727e-07 1.12066e-07 1.0579e-07 9.47736e-08 8.05205e-08 6.48909e-08 4.96908e-08 3.6286e-08 2.54013e-08 1.71551e-08 1.12525e-08 7.21443e-09 4.54732e-09 2.83256e-09 1.75274e-09 1.08353e-09 6.73486e-10 4.23761e-10 2.71607e-10 1.7817e-10 1.19875e-10 8.25496e-11 5.7408e-11 3.86467e-11 2.33111e-11 
4.46278e-12 7.54512e-12 1.11972e-11 1.63044e-11 2.42969e-11 3.73458e-11 5.90053e-11 9.54466e-11 1.57733e-10 2.66074e-10 4.57692e-10 8.01014e-10 1.42021e-09 2.53477e-09 4.51644e-09 7.95501e-09 1.36981e-08 2.27922e-08 3.62334e-08 5.44928e-08 7.69547e-08 1.01598e-07 1.25258e-07 1.4447e-07 1.56432e-07 1.59588e-07 1.53743e-07 1.39983e-07 1.20482e-07 9.80908e-08 7.56928e-08 5.55657e-08 3.90139e-08 2.63716e-08 1.72813e-08 1.10532e-08 6.9433e-09 4.30755e-09 2.65345e-09 1.63236e-09 1.00938e-09 6.31745e-10 4.02819e-10 2.62986e-10 1.76236e-10 1.2114e-10 8.48183e-11 5.89482e-11 3.82517e-11 2.17007e-11 
3.96245e-12 7.68914e-12 1.18712e-11 1.71544e-11 2.49472e-11 3.73458e-11 5.75598e-11 9.09167e-11 1.46719e-10 2.41682e-10 4.06425e-10 6.97555e-10 1.21966e-09 2.16365e-09 3.86927e-09 6.91595e-09 1.22276e-08 2.11331e-08 3.52575e-08 5.60895e-08 8.4168e-08 1.18149e-07 1.54342e-07 1.87324e-07 2.11543e-07 2.23039e-07 2.20361e-07 2.04568e-07 1.78754e-07 1.47273e-07 1.14694e-07 8.47701e-08 5.97898e-08 4.0513e-08 2.65604e-08 1.69672e-08 1.06315e-08 6.57305e-09 4.03242e-09 2.46924e-09 1.51923e-09 9.45866e-10 5.9997e-10 3.89778e-10 2.60065e-10 1.7817e-10 1.24847e-10 8.82028e-11 6.01822e-11 3.66734e-11 
7.47882e-12 1.25769e-11 1.84087e-11 2.6288e-11 3.832e-11 5.75598e-11 8.87689e-11 1.39939e-10 2.25055e-10 3.69294e-10 6.1886e-10 1.05943e-09 1.84999e-09 3.28248e-09 5.88019e-09 1.05421e-08 1.87094e-08 3.24555e-08 5.42848e-08 8.63791e-08 1.29198e-07 1.79933e-07 2.31905e-07 2.75953e-07 3.03553e-07 3.09804e-07 2.94656e-07 2.622e-07 2.19052e-07 1.72451e-07 1.28524e-07 9.12051e-08 6.20483e-08 4.07595e-08 2.60405e-08 1.62934e-08 1.00475e-08 6.14269e-09 3.74602e-09 2.29421e-09 1.42139e-09 8.97145e-10 5.80084e-10 3.85351e-10 2.62986e-10 1.83873e-10 1.30673e-10 9.19587e-11 6.02655e-11 3.44045e-11 
6.71752e-12 1.30444e-11 1.99556e-11 2.8356e-11 4.03533e-11 5.90053e-11 8.87689e-11 1.36728e-10 2.14837e-10 3.44051e-10 5.62119e-10 9.38389e-10 1.60172e-09 2.79216e-09 4.9532e-09 8.88579e-09 1.59768e-08 2.84617e-08 4.95532e-08 8.30641e-08 1.32088e-07 1.96582e-07 2.70864e-07 3.43008e-07 3.98024e-07 4.23812e-07 4.16004e-07 3.78745e-07 3.21776e-07 2.56576e-07 1.93136e-07 1.38118e-07 9.44995e-08 6.2302e-08 3.98669e-08 2.49405e-08 1.53562e-08 9.36391e-09 5.69113e-09 3.4717e-09 2.14166e-09 1.34582e-09 8.66493e-10 5.73313e-10 3.89778e-10 2.71607e-10 1.93018e-10 1.37903e-10 9.49234e-11 5.82212e-11 
1.28504e-11 2.15218e-11 3.11138e-11 4.3572e-11 6.20432e-11 9.09167e-11 1.36728e-10 2.09999e-10 3.28542e-10 5.23597e-10 8.5143e-10 1.41542e-09 2.40789e-09 4.18836e-09 7.4251e-09 1.3335e-08 2.40431e-08 4.29902e-08 7.51028e-08 1.26073e-07 2.00034e-07 2.95417e-07 4.01057e-07 4.96262e-07 5.57844e-07 5.70984e-07 5.35748e-07 4.64921e-07 3.76472e-07 2.86773e-07 2.07027e-07 1.42713e-07 9.46026e-08 6.07343e-08 3.80451e-08 2.34183e-08 1.42581e-08 8.64431e-09 5.25673e-09 3.23144e-09 2.02327e-09 1.29808e-09 8.5603e-10 5.80084e-10 4.02819e-10 2.85489e-10 2.04912e-10 1.45242e-10 9.57001e-11 5.48342e-11 
1.16386e-11 2.26065e-11 3.43367e-11 4.80558e-11 6.69224e-11 9.54466e-11 1.39939e-10 2.09999e-10 3.21193e-10 4.99909e-10 7.92407e-10 1.28195e-09 2.12137e-09 3.59516e-09 6.2366e-09 1.10434e-08 1.98484e-08 3.58801e-08 6.43796e-08 1.12783e-07 1.89314e-07 2.98912e-07 4.36244e-07 5.80259e-07 6.96764e-07 7.53117e-07 7.36071e-07 6.57061e-07 5.425e-07 4.19204e-07 3.06093e-07 2.13016e-07 1.42274e-07 9.18168e-08 5.76925e-08 3.5556e-08 2.16429e-08 1.31037e-08 7.95159e-09 4.87552e-09 3.04446e-09 1.94826e-09 1.28175e-09 8.66493e-10 5.9997e-10 4.23761e-10 3.03831e-10 2.18256e-10 1.50761e-10 9.27367e-11 
2.24516e-11 3.75043e-11 5.36963e-11 7.38909e-11 1.02775e-10 1.46719e-10 2.14837e-10 3.21193e-10 4.88665e-10 7.56044e-10 1.19127e-09 1.91646e-09 3.15549e-09 5.32479e-09 9.20698e-09 1.62761e-08 2.92653e-08 5.3029e-08 9.5432e-08 1.67427e-07 2.80278e-07 4.38549e-07 6.28871e-07 8.13819e-07 9.41051e-07 9.71046e-07 9.01275e-07 7.63646e-07 6.007e-07 4.44613e-07 3.13058e-07 2.11178e-07 1.37309e-07 8.67248e-08 5.36142e-08 3.2679e-08 1.97853e-08 1.1995e-08 7.3441e-09 4.57864e-09 2.92581e-09 1.92256e-09 1.29808e-09 8.97145e-10 6.31745e-10 4.51437e-10 3.25271e-10 2.30855e-10 1.52239e-10 8.73617e-11 
2.04297e-11 3.96892e-11 6.00197e-11 8.30291e-11 1.13394e-10 1.57733e-10 2.25055e-10 3.28542e-10 4.88665e-10 7.38747e-10 1.13525e-09 1.77695e-09 2.84116e-09 4.65239e-09 7.81357e-09 1.34601e-08 2.37461e-08 4.27006e-08 7.75284e-08 1.39775e-07 2.44984e-07 4.07273e-07 6.27871e-07 8.78415e-07 1.09756e-06 1.2132e-06 1.18744e-06 1.04305e-06 8.39703e-07 6.31648e-07 4.51032e-07 3.08103e-07 2.02363e-07 1.28803e-07 8.0058e-08 4.89602e-08 2.96926e-08 1.80108e-08 1.10258e-08 6.87158e-09 4.39024e-09 2.88515e-09 1.94826e-09 1.34582e-09 9.45866e-10 6.73486e-10 4.84147e-10 3.47508e-10 2.396e-10 1.47301e-10 
3.95402e-11 6.6015e-11 9.40021e-11 1.2765e-10 1.73818e-10 2.41682e-10 3.44051e-10 4.99909e-10 7.38747e-10 1.10852e-09 1.69041e-09 2.62634e-09 4.17092e-09 6.78966e-09 1.13462e-08 1.94702e-08 3.42745e-08 6.16229e-08 1.12027e-07 2.01895e-07 3.52143e-07 5.78015e-07 8.721e-07 1.1819e-06 1.41608e-06 1.48542e-06 1.37167e-06 1.13974e-06 8.74003e-07 6.34207e-07 4.39855e-07 2.92618e-07 1.88247e-07 1.17973e-07 7.25712e-08 4.41801e-08 2.68611e-08 1.64672e-08 1.0274e-08 6.57203e-09 4.32567e-09 2.92581e-09 2.02327e-09 1.42139e-09 1.00938e-09 7.22647e-10 5.19346e-10 3.66916e-10 2.41091e-10 1.38303e-10 
3.59935e-11 6.99858e-11 1.05791e-10 1.45445e-10 1.95711e-10 2.66074e-10 3.69294e-10 5.23596e-10 7.56044e-10 1.10852e-09 1.649e-09 2.49244e-09 3.84004e-09 6.05339e-09 9.79449e-09 1.62908e-08 2.78615e-08 4.89606e-08 8.79884e-08 1.59941e-07 2.87116e-07 4.95895e-07 7.9887e-07 1.17293e-06 1.53124e-06 1.74558e-06 1.72411e-06 1.49706e-06 1.17578e-06 8.67928e-07 6.1199e-07 4.13157e-07 2.69473e-07 1.70839e-07 1.06042e-07 6.49805e-08 3.96908e-08 2.44145e-08 1.52748e-08 9.79837e-09 6.46944e-09 4.39024e-09 3.04446e-09 2.14166e-09 1.51923e-09 1.08353e-09 7.75926e-10 5.53083e-10 3.78647e-10 2.31879e-10 
6.95662e-11 1.16445e-10 1.65842e-10 2.23647e-10 2.99558e-10 4.06425e-10 5.62119e-10 7.92407e-10 1.13525e-09 1.649e-09 2.42811e-09 3.63254e-09 5.54347e-09 8.66992e-09 1.39501e-08 2.31254e-08 3.94852e-08 6.9344e-08 1.24494e-07 2.25785e-07 4.02008e-07 6.84867e-07 1.07819e-06 1.53469e-06 1.91345e-06 2.05327e-06 1.89835e-06 1.54144e-06 1.15962e-06 8.29488e-07 5.67393e-07 3.75947e-07 2.41913e-07 1.52085e-07 9.413e-08 5.79338e-08 3.58445e-08 2.2535e-08 1.45227e-08 9.63567e-09 6.57203e-09 4.57864e-09 3.23144e-09 2.29421e-09 1.63236e-09 1.16333e-09 8.28775e-10 5.79548e-10 3.77766e-10 2.16256e-10 
6.30562e-11 1.22915e-10 1.86671e-10 2.56836e-10 3.42854e-10 4.57692e-10 6.1886e-10 8.5143e-10 1.19127e-09 1.69041e-09 2.42811e-09 3.53245e-09 5.22148e-09 7.88317e-09 1.22324e-08 1.96079e-08 3.25005e-08 5.55865e-08 9.77208e-08 1.75044e-07 3.16113e-07 5.56595e-07 9.3242e-07 1.42625e-06 1.9448e-06 2.2802e-06 2.29025e-06 1.97102e-06 1.52782e-06 1.10544e-06 7.58889e-07 5.09478e-07 3.33233e-07 2.1298e-07 1.33692e-07 8.32241e-08 5.19576e-08 3.29094e-08 2.1354e-08 1.42659e-08 9.79837e-09 6.87158e-09 4.87552e-09 3.4717e-09 2.46924e-09 1.75274e-09 1.24279e-09 8.74641e-10 5.9153e-10 3.59619e-10 
1.21195e-10 2.04237e-10 2.92893e-10 3.95349e-10 5.24591e-10 6.97555e-10 9.38389e-10 1.28195e-09 1.77695e-09 2.49244e-09 3.53245e-09 5.06548e-09 7.38261e-09 1.10158e-08 1.69793e-08 2.72258e-08 4.53815e-08 7.81178e-08 1.37646e-07 2.45588e-07 4.41382e-07 7.61447e-07 1.24109e-06 1.80922e-06 2.30814e-06 2.54169e-06 2.4014e-06 1.9898e-06 1.46987e-06 1.00199e-06 6.7367e-07 4.45167e-07 2.89696e-07 1.85189e-07 1.17133e-07 7.40881e-08 4.74341e-08 3.10737e-08 2.09515e-08 1.45227e-08 1.0274e-08 7.3441e-09 5.25673e-09 3.74602e-09 2.65345e-09 1.8714e-09 1.31414e-09 9.04642e-10 5.82392e-10 3.32054e-10 
1.08829e-10 2.13241e-10 3.27341e-10 4.54308e-10 6.06753e-10 8.01014e-10 1.05943e-09 1.41542e-09 1.91646e-09 2.62634e-09 3.63254e-09 5.06548e-09 7.13907e-09 1.02357e-08 1.50911e-08 2.31864e-08 3.74715e-08 6.33104e-08 1.10175e-07 1.94536e-07 3.43747e-07 6.04331e-07 9.98912e-07 1.55964e-06 2.13156e-06 2.5668e-06 2.69982e-06 2.49004e-06 1.94795e-06 1.32589e-06 8.86797e-07 5.80174e-07 3.81778e-07 2.48872e-07 1.60679e-07 1.03469e-07 6.72407e-08 4.4621e-08 3.04499e-08 2.1354e-08 1.52748e-08 1.10258e-08 7.95159e-09 5.69113e-09 4.03242e-09 2.83256e-09 1.97799e-09 1.367e-09 9.0874e-10 5.46519e-10 
2.07273e-10 3.53429e-10 5.14165e-10 7.0078e-10 9.29335e-10 1.21966e-09 1.60172e-09 2.12137e-09 2.84116e-09 3.84004e-09 5.22148e-09 7.13907e-09 9.85478e-09 1.38718e-08 2.02426e-08 3.12287e-08 5.14388e-08 8.87487e-08 1.56307e-07 2.73013e-07 4.5731e-07 7.77049e-07 1.2159e-06 1.83975e-06 2.45788e-06 2.841e-06 2.93517e-06 2.50198e-06 1.77363e-06 1.1844e-06 7.52126e-07 4.91617e-07 3.23947e-07 2.13791e-07 1.40832e-07 9.33528e-08 6.3012e-08 4.36685e-08 3.10737e-08 2.2535e-08 1.64672e-08 1.1995e-08 8.64431e-09 6.14269e-09 4.30755e-09 2.99124e-09 2.05987e-09 1.38867e-09 8.79037e-10 4.98022e-10 
1.83433e-10 3.62479e-10 5.66141e-10 7.99268e-10 1.07802e-09 1.42021e-09 1.84999e-09 2.40789e-09 3.15549e-09 4.17092e-09 5.54347e-09 7.38261e-09 9.85478e-09 1.32745e-08 1.83306e-08 2.66228e-08 4.17482e-08 7.09655e-08 1.25071e-07 2.17143e-07 3.53467e-07 5.42126e-07 9.24235e-07 1.43862e-06 2.24698e-06 2.92026e-06 3.25902e-06 2.97067e-06 2.3751e-06 1.66077e-06 9.91896e-07 6.33787e-07 4.13237e-07 2.75873e-07 1.86049e-07 1.26369e-07 8.71607e-08 6.15878e-08 4.4621e-08 3.29094e-08 2.44145e-08 1.80108e-08 1.31037e-08 9.36391e-09 6.57305e-09 4.54732e-09 3.11248e-09 2.10172e-09 1.3666e-09 8.10017e-10 
3.45161e-10 5.98702e-10 8.90323e-10 1.23647e-09 1.65502e-09 2.16365e-09 2.79216e-09 3.59516e-09 4.65239e-09 6.05339e-09 7.88317e-09 1.02357e-08 1.32745e-08 1.73915e-08 2.36196e-08 3.45539e-08 5.5931e-08 9.85414e-08 1.69304e-07 2.66233e-07 3.97582e-07 5.60232e-07 1.13288e-06 1.75078e-06 2.39485e-06 3.20764e-06 3.40947e-06 3.24609e-06 2.48768e-06 1.42611e-06 8.66612e-07 5.3189e-07 3.50505e-07 2.38889e-07 1.66257e-07 1.1762e-07 8.50929e-08 6.3012e-08 4.74341e-08 3.58445e-08 2.68611e-08 1.97853e-08 1.42581e-08 1.00475e-08 6.9433e-09 4.72672e-09 3.17709e-09 2.08724e-09 1.29344e-09 7.26235e-10 
2.99602e-10 5.99038e-10 9.58128e-10 1.38748e-09 1.90826e-09 2.53477e-09 3.28248e-09 4.18836e-09 5.32479e-09 6.78966e-09 8.66992e-09 1.10158e-08 1.38718e-08 1.73915e-08 2.21404e-08 2.98528e-08 4.48322e-08 7.51361e-08 1.30421e-07 1.99254e-07 2.62025e-07 4.03211e-07 5.81866e-07 1.48856e-06 2.80984e-06 3.9569e-06 4.38558e-06 4.13588e-06 3.71933e-06 2.39289e-06 1.40078e-06 7.3818e-07 4.50204e-07 3.03019e-07 2.13268e-07 1.54482e-07 1.14741e-07 8.71607e-08 6.72407e-08 5.19576e-08 3.96908e-08 2.96926e-08 2.16429e-08 1.53562e-08 1.06315e-08 7.21443e-09 4.81951e-09 3.16497e-09 2.00375e-09 1.16622e-09 
5.55594e-10 9.85153e-10 1.50833e-09 2.15353e-09 2.93935e-09 3.86927e-09 4.9532e-09 6.2366e-09 7.81357e-09 9.79449e-09 1.22324e-08 1.50911e-08 1.83306e-08 2.21404e-08 2.75256e-08 3.75855e-08 5.8585e-08 9.65789e-08 1.55242e-07 1.98963e-07 1.04415e-07 3.96214e-07 1.82288e-06 3.46363e-06 5.15564e-06 6.66909e-06 7.47835e-06 8.05698e-06 4.19546e-06 2.49818e-06 1.21373e-06 6.26649e-07 3.85692e-07 2.71395e-07 1.98398e-07 1.50721e-07 1.1762e-07 9.33528e-08 7.40881e-08 5.79338e-08 4.41801e-08 3.2679e-08 2.34183e-08 1.62934e-08 1.10532e-08 7.34778e-09 4.80007e-09 3.05952e-09 1.84861e-09 1.02573e-09 
4.71173e-10 9.55669e-10 1.57416e-09 2.35619e-09 3.33575e-09 4.51644e-09 5.88019e-09 7.4251e-09 9.20698e-09 1.13462e-08 1.39501e-08 1.69793e-08 2.02426e-08 2.36196e-08 2.75256e-08 3.39734e-08 4.77859e-08 7.66813e-08 1.11982e-07 1.31109e-07 1.74145e-07 4.87514e-07 1.42318e-06 3.10735e-06 4.93936e-06 6.69137e-06 7.80165e-06 8.04325e-06 7.7114e-06 6.56486e-06 2.63033e-06 1.11795e-06 5.29593e-07 3.4452e-07 2.53666e-07 1.93968e-07 1.54482e-07 1.26369e-07 1.03469e-07 8.32241e-08 6.49805e-08 4.89602e-08 3.5556e-08 2.49405e-08 1.69672e-08 1.12525e-08 7.30804e-09 4.64822e-09 2.8541e-09 1.62579e-09 
8.59326e-10 1.56338e-09 2.47926e-09 3.66859e-09 5.15761e-09 6.91595e-09 8.88579e-09 1.10434e-08 1.34601e-08 1.62908e-08 1.96079e-08 2.31864e-08 2.66228e-08 2.98528e-08 3.39734e-08 4.24504e-08 6.11177e-08 7.78137e-08 8.35005e-08 1.83496e-07 5.19464e-07 1.26235e-06 2.64726e-06 4.66981e-06 6.53318e-06 7.94615e-06 8.63067e-06 8.29588e-06 7.35426e-06 5.48499e-06 2.21577e-06 9.18006e-07 4.74337e-07 3.22066e-07 2.49245e-07 1.98398e-07 1.66257e-07 1.40832e-07 1.17133e-07 9.413e-08 7.25712e-08 5.36142e-08 3.80451e-08 2.60405e-08 1.72813e-08 1.11773e-08 7.07009e-09 4.35651e-09 2.55843e-09 1.3991e-09 
7.1022e-10 1.46313e-09 2.492e-09 3.87957e-09 5.70236e-09 7.95501e-09 1.05421e-08 1.3335e-08 1.62761e-08 1.94702e-08 2.31254e-08 2.72258e-08 3.12287e-08 3.45539e-08 3.75855e-08 4.24504e-08 5.16467e-08 6.58074e-08 7.71785e-08 1.85465e-07 5.66885e-07 1.2375e-06 2.41908e-06 3.958e-06 5.85085e-06 7.36385e-06 8.39248e-06 8.63437e-06 8.16269e-06 6.96396e-06 4.81832e-06 1.94454e-06 8.01474e-07 4.53449e-07 3.17686e-07 2.53666e-07 2.13268e-07 1.86049e-07 1.60679e-07 1.33692e-07 1.06042e-07 8.0058e-08 5.76925e-08 3.98669e-08 2.65604e-08 1.71551e-08 1.0794e-08 6.62819e-09 3.9363e-09 2.18921e-09 
1.27168e-09 2.37828e-09 3.92261e-09 6.05488e-09 8.84868e-09 1.22276e-08 1.59768e-08 1.98484e-08 2.37461e-08 2.78615e-08 3.25005e-08 3.74715e-08 4.17482e-08 4.48322e-08 4.77859e-08 5.16467e-08 6.14069e-08 4.6071e-08 1.81385e-07 5.89506e-07 1.23847e-06 2.13034e-06 3.44302e-06 4.9025e-06 6.40057e-06 7.52494e-06 8.23513e-06 8.33648e-06 7.62899e-06 6.18537e-06 4.23072e-06 2.45418e-06 7.48002e-07 4.52011e-07 3.22066e-07 2.71395e-07 2.38889e-07 2.13791e-07 1.85189e-07 1.52085e-07 1.17973e-07 8.67248e-08 6.07343e-08 4.07595e-08 2.63716e-08 1.65402e-08 1.01005e-08 6.00305e-09 3.42015e-09 1.83944e-09 
1.02339e-09 2.1406e-09 3.77699e-09 6.1413e-09 9.43649e-09 1.36981e-08 1.87094e-08 2.40431e-08 2.92653e-08 3.42745e-08 3.94852e-08 4.53815e-08 5.14388e-08 5.5931e-08 5.8585e-08 6.11177e-08 6.14069e-08 4.32222e-08 1.94015e-07 5.8804e-07 1.18344e-06 1.95962e-06 2.92247e-06 4.11925e-06 5.34345e-06 6.47872e-06 7.3002e-06 7.74842e-06 7.5978e-06 6.85191e-06 5.47146e-06 3.79983e-06 2.24639e-06 7.37841e-07 4.53449e-07 3.4452e-07 3.03019e-07 2.75873e-07 2.48872e-07 2.1298e-07 1.70839e-07 1.28803e-07 9.18168e-08 6.2302e-08 4.0513e-08 2.54013e-08 1.54403e-08 9.13587e-09 5.24136e-09 2.8428e-09 
1.79639e-09 3.45282e-09 5.9332e-09 9.59449e-09 1.46831e-08 2.11331e-08 2.84617e-08 3.58801e-08 4.27006e-08 4.89606e-08 5.55865e-08 6.33104e-08 7.09655e-08 7.51361e-08 7.66813e-08 6.58074e-08 4.32222e-08 2.01285e-07 5.82243e-07 1.10616e-06 1.78033e-06 2.57352e-06 3.47215e-06 4.46865e-06 5.43594e-06 6.28116e-06 6.85337e-06 7.05788e-06 6.83338e-06 6.11031e-06 5.00352e-06 3.56114e-06 2.18956e-06 7.48002e-07 4.74337e-07 3.85692e-07 3.50505e-07 3.23947e-07 2.89696e-07 2.41913e-07 1.88247e-07 1.37309e-07 9.46026e-08 6.20483e-08 3.90139e-08 2.36615e-08 1.39245e-08 7.97718e-09 4.40829e-09 2.32879e-09 
1.4087e-09 2.98578e-09 5.455e-09 9.27821e-09 1.49702e-08 2.27922e-08 3.24555e-08 4.29902e-08 5.3029e-08 6.16229e-08 6.9344e-08 7.81178e-08 8.87487e-08 9.85414e-08 9.65789e-08 7.78137e-08 4.6071e-08 2.01285e-07 5.64367e-07 1.04244e-06 1.61562e-06 2.29016e-06 3.01693e-06 3.7946e-06 4.59239e-06 5.3372e-06 5.94976e-06 6.31101e-06 6.39858e-06 6.14782e-06 5.58333e-06 4.6427e-06 3.49496e-06 2.24639e-06 8.01474e-07 5.29593e-07 4.50204e-07 4.13237e-07 3.81778e-07 3.33233e-07 2.69473e-07 2.02363e-07 1.42274e-07 9.44995e-08 5.97898e-08 3.6286e-08 2.12694e-08 1.21225e-08 6.72299e-09 3.55712e-09 
2.42138e-09 4.77246e-09 8.53643e-09 1.44825e-08 2.33196e-08 3.52575e-08 4.95532e-08 6.43796e-08 7.75284e-08 8.79884e-08 9.77208e-08 1.10175e-07 1.25071e-07 1.30421e-07 1.11982e-07 7.71785e-08 1.94015e-07 5.64367e-07 1.00242e-06 1.49656e-06 2.05948e-06 2.67401e-06 3.30535e-06 3.94996e-06 4.57733e-06 5.13938e-06 5.56636e-06 5.80819e-06 5.84231e-06 5.65019e-06 5.21857e-06 4.53136e-06 3.56114e-06 2.45418e-06 9.18006e-07 6.26649e-07 5.3189e-07 4.91617e-07 4.45167e-07 3.75947e-07 2.92618e-07 2.11178e-07 1.42713e-07 9.12051e-08 5.55657e-08 3.25234e-08 1.84399e-08 1.01951e-08 5.47276e-09 2.83906e-09 
1.85421e-09 3.9693e-09 7.48804e-09 1.33061e-08 2.25762e-08 3.62334e-08 5.42848e-08 7.51028e-08 9.5432e-08 1.12027e-07 1.24494e-07 1.37646e-07 1.56307e-07 1.69304e-07 1.55242e-07 8.35005e-08 1.81385e-07 5.82243e-07 1.00242e-06 1.43034e-06 1.90146e-06 2.41195e-06 2.94391e-06 3.4738e-06 3.99442e-06 4.48302e-06 4.90061e-06 5.21289e-06 5.39348e-06 5.43881e-06 5.33798e-06 5.09536e-06 4.6427e-06 3.79983e-06 1.94454e-06 1.11795e-06 7.3818e-07 6.33787e-07 5.80174e-07 5.09478e-07 4.13157e-07 3.08103e-07 2.13016e-07 1.38118e-07 8.47701e-08 4.96908e-08 2.80774e-08 1.54374e-08 8.29589e-09 4.28894e-09 
3.1185e-09 6.27823e-09 1.16502e-08 2.07041e-08 3.51266e-08 5.60895e-08 8.30641e-08 1.12783e-07 1.39775e-07 1.59941e-07 1.75044e-07 1.94536e-07 2.17143e-07 1.99254e-07 1.31109e-07 1.85465e-07 5.8804e-07 1.04244e-06 1.43034e-06 1.81993e-06 2.23622e-06 2.67602e-06 3.12278e-06 3.55713e-06 3.97303e-06 4.35198e-06 4.67343e-06 4.92076e-06 5.09034e-06 5.18988e-06 5.23291e-06 5.21857e-06 5.00352e-06 4.23072e-06 2.21577e-06 1.21373e-06 8.66612e-07 7.52126e-07 6.7367e-07 5.67393e-07 4.39855e-07 3.13058e-07 2.07027e-07 1.28524e-07 7.56928e-08 4.27349e-08 2.3379e-08 1.25115e-08 6.54312e-09 3.33537e-09 
2.33907e-09 5.03693e-09 9.76635e-09 1.80605e-08 3.21635e-08 5.44928e-08 8.63791e-08 1.26073e-07 1.67427e-07 2.01895e-07 2.25785e-07 2.45588e-07 2.73013e-07 2.66233e-07 1.98963e-07 1.83496e-07 5.89506e-07 1.10616e-06 1.49656e-06 1.81993e-06 2.14758e-06 2.49943e-06 2.86671e-06 3.23294e-06 3.58538e-06 3.91717e-06 4.21851e-06 4.48113e-06 4.70506e-06 4.90319e-06 5.10611e-06 5.33798e-06 5.58333e-06 5.47146e-06 4.81832e-06 2.63033e-06 1.40078e-06 9.91896e-07 8.86797e-07 7.58889e-07 6.1199e-07 4.51032e-07 3.06093e-07 1.93136e-07 1.14694e-07 6.48909e-08 3.53958e-08 1.88341e-08 9.84486e-09 4.98668e-09 
3.84764e-09 7.87371e-09 1.50771e-08 2.7943e-08 4.98445e-08 8.4168e-08 1.32088e-07 1.89314e-07 2.44984e-07 2.87116e-07 3.16113e-07 3.43747e-07 3.53467e-07 2.62025e-07 1.74145e-07 5.66885e-07 1.18344e-06 1.61562e-06 1.90146e-06 2.14758e-06 2.41156e-06 2.69907e-06 2.99838e-06 3.29577e-06 3.58127e-06 3.8505e-06 4.10108e-06 4.33654e-06 4.57158e-06 4.84047e-06 5.18988e-06 5.65019e-06 6.11031e-06 6.18537e-06 5.48499e-06 2.49818e-06 1.42611e-06 1.1844e-06 1.00199e-06 8.29488e-07 6.34207e-07 4.44613e-07 2.86773e-07 1.72451e-07 9.80908e-08 5.34894e-08 2.83283e-08 1.4738e-08 7.53852e-09 3.781e-09 
2.83636e-09 6.11888e-09 1.21247e-08 2.31934e-08 4.31381e-08 7.69547e-08 1.29198e-07 2.00034e-07 2.80278e-07 3.52143e-07 4.02008e-07 4.41382e-07 4.5731e-07 3.97582e-07 1.04415e-07 5.19464e-07 1.23847e-06 1.78033e-06 2.05948e-06 2.23622e-06 2.41156e-06 2.6164e-06 2.84537e-06 3.0866e-06 3.32773e-06 3.5615e-06 3.78701e-06 4.01024e-06 4.24625e-06 4.52631e-06 4.90319e-06 5.43881e-06 6.14782e-06 6.85191e-06 6.96396e-06 6.56486e-06 2.39289e-06 1.66077e-06 1.32589e-06 1.10544e-06 8.67928e-07 6.31648e-07 4.19204e-07 2.56576e-07 1.47273e-07 8.05205e-08 4.25395e-08 2.20078e-08 1.12431e-08 5.5979e-09 
4.56308e-09 9.4435e-09 1.85389e-08 3.55905e-08 6.63726e-08 1.18149e-07 1.96582e-07 2.98912e-07 4.07273e-07 4.95895e-07 5.56595e-07 6.04331e-07 5.42126e-07 4.03211e-07 4.87514e-07 1.2375e-06 1.95962e-06 2.29016e-06 2.41195e-06 2.49943e-06 2.6164e-06 2.77007e-06 2.95038e-06 3.14427e-06 3.341e-06 3.53658e-06 3.73553e-06 3.95269e-06 4.21553e-06 4.57158e-06 5.09034e-06 5.84231e-06 6.83338e-06 7.62899e-06 7.35426e-06 4.19546e-06 2.48768e-06 1.77363e-06 1.46987e-06 1.15962e-06 8.74003e-07 6.007e-07 3.76472e-07 2.19052e-07 1.20482e-07 6.36674e-08 3.27993e-08 1.6677e-08 8.38026e-09 4.14241e-09 
3.31639e-09 7.14167e-09 1.43764e-08 2.82396e-08 5.44417e-08 1.01598e-07 1.79933e-07 2.95417e-07 4.38549e-07 5.78015e-07 6.84867e-07 7.61447e-07 7.77049e-07 5.60232e-07 3.96214e-07 1.26235e-06 2.13034e-06 2.57352e-06 2.67401e-06 2.67602e-06 2.69907e-06 2.77007e-06 2.88333e-06 3.02476e-06 3.1809e-06 3.34367e-06 3.51366e-06 3.70202e-06 3.93296e-06 4.24625e-06 4.70506e-06 5.39348e-06 6.39858e-06 7.5978e-06 8.16269e-06 7.7114e-06 3.71933e-06 2.3751e-06 1.94795e-06 1.52782e-06 1.17578e-06 8.39703e-07 5.425e-07 3.21776e-07 1.78754e-07 9.47736e-08 4.87362e-08 2.4653e-08 1.23733e-08 6.07654e-09 
5.21921e-09 1.08736e-08 2.17367e-08 4.28731e-08 8.28776e-08 1.54342e-07 2.70864e-07 4.36244e-07 6.27871e-07 7.9887e-07 9.3242e-07 9.98912e-07 9.24235e-07 5.81866e-07 1.42318e-06 2.41908e-06 2.92247e-06 3.01693e-06 2.94391e-06 2.86671e-06 2.84537e-06 2.88333e-06 2.96585e-06 3.07647e-06 3.20304e-06 3.34147e-06 3.49778e-06 3.69037e-06 3.95269e-06 4.33654e-06 4.92076e-06 5.80819e-06 7.05788e-06 8.33648e-06 8.29588e-06 8.05698e-06 3.24609e-06 2.50198e-06 1.9898e-06 1.54144e-06 1.13974e-06 7.63646e-07 4.64921e-07 2.622e-07 1.39983e-07 7.20638e-08 3.63276e-08 1.81557e-08 9.00309e-09 4.39326e-09 
3.74936e-09 8.03722e-09 1.63469e-08 3.27225e-08 6.47915e-08 1.25258e-07 2.31905e-07 4.01057e-07 6.28871e-07 8.721e-07 1.07819e-06 1.24109e-06 1.2159e-06 1.13288e-06 1.82288e-06 2.64726e-06 3.44302e-06 3.47215e-06 3.30535e-06 3.12278e-06 2.99838e-06 2.95038e-06 2.96585e-06 3.02488e-06 3.1111e-06 3.21544e-06 3.33846e-06 3.49211e-06 3.70202e-06 4.01024e-06 4.48113e-06 5.21289e-06 6.31101e-06 7.74842e-06 8.63437e-06 8.04325e-06 4.13588e-06 2.97067e-06 2.49004e-06 1.97102e-06 1.49706e-06 1.04305e-06 6.57061e-07 3.78745e-07 2.04568e-07 1.0579e-07 5.32901e-08 2.65203e-08 1.3145e-08 6.3882e-09 
5.77424e-09 1.20647e-08 2.44047e-08 4.9034e-08 9.72415e-08 1.87324e-07 3.43008e-07 5.80259e-07 8.78415e-07 1.17293e-06 1.42625e-06 1.55964e-06 1.43862e-06 1.48856e-06 3.10735e-06 3.958e-06 4.11925e-06 3.7946e-06 3.4738e-06 3.23294e-06 3.0866e-06 3.02476e-06 3.02488e-06 3.06559e-06 3.13283e-06 3.22149e-06 3.33716e-06 3.49778e-06 3.73553e-06 4.10108e-06 4.67343e-06 5.56636e-06 6.85337e-06 8.23513e-06 8.63067e-06 7.47835e-06 3.40947e-06 2.93517e-06 2.4014e-06 1.89835e-06 1.37167e-06 9.01275e-07 5.35748e-07 2.94656e-07 1.53743e-07 7.76499e-08 3.85596e-08 1.90519e-08 9.3623e-09 4.51681e-09 
4.10737e-09 8.74726e-09 1.78925e-08 3.62398e-08 7.29933e-08 1.4447e-07 2.75953e-07 4.96262e-07 8.13819e-07 1.1819e-06 1.53469e-06 1.80922e-06 1.83975e-06 1.75078e-06 3.46363e-06 4.66981e-06 4.9025e-06 4.46865e-06 3.94996e-06 3.55713e-06 3.29577e-06 3.14427e-06 3.07647e-06 3.06559e-06 3.09186e-06 3.14466e-06 3.22327e-06 3.33846e-06 3.51366e-06 3.78701e-06 4.21851e-06 4.90061e-06 5.94976e-06 7.3002e-06 8.39248e-06 7.80165e-06 4.38558e-06 3.25902e-06 2.69982e-06 2.29025e-06 1.72411e-06 1.18744e-06 7.36071e-07 4.16004e-07 2.20361e-07 1.12066e-07 5.57108e-08 2.74503e-08 1.35031e-08 6.5128e-09 
6.19228e-09 1.29367e-08 2.63356e-08 5.34684e-08 1.07606e-07 2.11543e-07 3.98024e-07 6.96764e-07 1.09756e-06 1.53124e-06 1.9448e-06 2.13156e-06 2.24698e-06 2.80984e-06 4.93936e-06 5.85085e-06 5.34345e-06 4.59239e-06 3.99442e-06 3.58538e-06 3.32773e-06 3.1809e-06 3.1111e-06 3.09186e-06 3.10651e-06 3.1484e-06 3.22149e-06 3.34147e-06 3.53658e-06 3.8505e-06 4.35198e-06 5.13938e-06 6.28116e-06 7.52494e-06 7.94615e-06 6.66909e-06 3.20764e-06 2.841e-06 2.54169e-06 2.05327e-06 1.48542e-06 9.71046e-07 5.70984e-07 3.09804e-07 1.59588e-07 7.97615e-08 3.92967e-08 1.93032e-08 9.43622e-09 4.50662e-09 
4.36613e-09 9.22495e-09 1.89035e-08 3.84951e-08 7.81576e-08 1.56432e-07 3.03553e-07 5.57844e-07 9.41051e-07 1.41608e-06 1.91345e-06 2.30814e-06 2.45788e-06 2.39485e-06 5.15564e-06 6.53318e-06 6.40057e-06 5.43594e-06 4.57733e-06 3.97303e-06 3.58127e-06 3.341e-06 3.20304e-06 3.13283e-06 3.10651e-06 3.1112e-06 3.14466e-06 3.21544e-06 3.34367e-06 3.5615e-06 3.91717e-06 4.48302e-06 5.3372e-06 6.47872e-06 7.36385e-06 6.69137e-06 3.9569e-06 2.92026e-06 2.5668e-06 2.2802e-06 1.74558e-06 1.2132e-06 7.53117e-07 4.23812e-07 2.23039e-07 1.12727e-07 5.57664e-08 2.7381e-08 1.34293e-08 6.44487e-09 
6.44487e-09 1.34293e-08 2.7381e-08 5.57664e-08 1.12727e-07 2.23039e-07 4.23812e-07 7.53117e-07 1.2132e-06 1.74558e-06 2.2802e-06 2.5668e-06 2.92026e-06 3.9569e-06 6.69137e-06 7.36385e-06 6.47872e-06 5.3372e-06 4.48302e-06 3.91717e-06 3.5615e-06 3.34367e-06 3.21544e-06 3.14466e-06 3.1112e-06 3.10651e-06 3.13283e-06 3.20304e-06 3.341e-06 3.58127e-06 3.97303e-06 4.57733e-06 5.43594e-06 6.40057e-06 6.53318e-06 5.15564e-06 2.39485e-06 2.45788e-06 2.30814e-06 1.91345e-06 1.41608e-06 9.41051e-07 5.57844e-07 3.03553e-07 1.56432e-07 7.81576e-08 3.84951e-08 1.89035e-08 9.22495e-09 4.36613e-09 
4.50662e-09 9.43622e-09 1.93032e-08 3.92967e-08 7.97615e-08 1.59588e-07 3.09804e-07 5.70984e-07 9.71046e-07 1.48542e-06 2.05327e-06 2.54169e-06 2.841e-06 3.20764e-06 6.66909e-06 7.94615e-06 7.52494e-06 6.28116e-06 5.13938e-06 4.35198e-06 3.8505e-06 3.53658e-06 3.34147e-06 3.22149e-06 3.1484e-06 3.10651e-06 3.09186e-06 3.1111e-06 3.1809e-06 3.32773e-06 3.58538e-06 3.99442e-06 4.59239e-06 5.34345e-06 5.85085e-06 4.93936e-06 2.80984e-06 2.24698e-06 2.13156e-06 1.9448e-06 1.53124e-06 1.09756e-06 6.96764e-07 3.98024e-07 2.11543e-07 1.07606e-07 5.34684e-08 2.63356e-08 1.29367e-08 6.19228e-09 
6.5128e-09 1.35031e-08 2.74503e-08 5.57108e-08 1.12066e-07 2.20361e-07 4.16004e-07 7.36071e-07 1.18744e-06 1.72411e-06 2.29025e-06 2.69982e-06 3.25902e-06 4.38558e-06 7.80165e-06 8.39248e-06 7.3002e-06 5.94976e-06 4.90061e-06 4.21851e-06 3.78701e-06 3.51366e-06 3.33846e-06 3.22327e-06 3.14466e-06 3.09186e-06 3.06559e-06 3.07647e-06 3.14427e-06 3.29577e-06 3.55713e-06 3.94996e-06 4.46865e-06 4.9025e-06 4.66981e-06 3.46363e-06 1.75078e-06 1.83975e-06 1.80922e-06 1.53469e-06 1.1819e-06 8.13819e-07 4.96262e-07 2.75953e-07 1.4447e-07 7.29933e-08 3.62398e-08 1.78925e-08 8.74726e-09 4.10737e-09 
4.51681e-09 9.3623e-09 1.90519e-08 3.85596e-08 7.76499e-08 1.53743e-07 2.94656e-07 5.35748e-07 9.01275e-07 1.37167e-06 1.89835e-06 2.4014e-06 2.93517e-06 3.40947e-06 7.47835e-06 8.63067e-06 8.23513e-06 6.85337e-06 5.56636e-06 4.67343e-06 4.10108e-06 3.73553e-06 3.49778e-06 3.33716e-06 3.22149e-06 3.13283e-06 3.06559e-06 3.02488e-06 3.02476e-06 3.0866e-06 3.23294e-06 3.4738e-06 3.7946e-06 4.11925e-06 3.958e-06 3.10735e-06 1.48856e-06 1.43862e-06 1.55964e-06 1.42625e-06 1.17293e-06 8.78415e-07 5.80259e-07 3.43008e-07 1.87324e-07 9.72415e-08 4.9034e-08 2.44047e-08 1.20647e-08 5.77424e-09 
6.3882e-09 1.3145e-08 2.65203e-08 5.32901e-08 1.0579e-07 2.04568e-07 3.78745e-07 6.57061e-07 1.04305e-06 1.49706e-06 1.97102e-06 2.49004e-06 2.97067e-06 4.13588e-06 8.04325e-06 8.63437e-06 7.74842e-06 6.31101e-06 5.21289e-06 4.48113e-06 4.01024e-06 3.70202e-06 3.49211e-06 3.33846e-06 3.21544e-06 3.1111e-06 3.02488e-06 2.96585e-06 2.95038e-06 2.99838e-06 3.12278e-06 3.30535e-06 3.47215e-06 3.44302e-06 2.64726e-06 1.82288e-06 1.13288e-06 1.2159e-06 1.24109e-06 1.07819e-06 8.721e-07 6.28871e-07 4.01057e-07 2.31905e-07 1.25258e-07 6.47915e-08 3.27225e-08 1.63469e-08 8.03722e-09 3.74936e-09 
4.39326e-09 9.00309e-09 1.81557e-08 3.63276e-08 7.20638e-08 1.39983e-07 2.622e-07 4.64921e-07 7.63646e-07 1.13974e-06 1.54144e-06 1.9898e-06 2.50198e-06 3.24609e-06 8.05698e-06 8.29588e-06 8.33648e-06 7.05788e-06 5.80819e-06 4.92076e-06 4.33654e-06 3.95269e-06 3.69037e-06 3.49778e-06 3.34147e-06 3.20304e-06 3.07647e-06 2.96585e-06 2.88333e-06 2.84537e-06 2.86671e-06 2.94391e-06 3.01693e-06 2.92247e-06 2.41908e-06 1.42318e-06 5.81866e-07 9.24235e-07 9.98912e-07 9.3242e-07 7.9887e-07 6.27871e-07 4.36244e-07 2.70864e-07 1.54342e-07 8.28776e-08 4.28731e-08 2.17367e-08 1.08736e-08 5.21921e-09 
6.07654e-09 1.23733e-08 2.4653e-08 4.87362e-08 9.47736e-08 1.78754e-07 3.21776e-07 5.425e-07 8.39703e-07 1.17578e-06 1.52782e-06 1.94795e-06 2.3751e-06 3.71933e-06 7.7114e-06 8.16269e-06 7.5978e-06 6.39858e-06 5.39348e-06 4.70506e-06 4.24625e-06 3.93296e-06 3.70202e-06 3.51366e-06 3.34367e-06 3.1809e-06 3.02476e-06 2.88333e-06 2.77007e-06 2.69907e-06 2.67602e-06 2.67401e-06 2.57352e-06 2.13034e-06 1.26235e-06 3.96214e-07 5.60232e-07 7.77049e-07 7.61447e-07 6.84867e-07 5.78015e-07 4.38549e-07 2.95417e-07 1.79933e-07 1.01598e-07 5.44417e-08 2.82396e-08 1.43764e-08 7.14167e-09 3.31639e-09 
4.14241e-09 8.38026e-09 1.6677e-08 3.27993e-08 6.36674e-08 1.20482e-07 2.19052e-07 3.76472e-07 6.007e-07 8.74003e-07 1.15962e-06 1.46987e-06 1.77363e-06 2.48768e-06 4.19546e-06 7.35426e-06 7.62899e-06 6.83338e-06 5.84231e-06 5.09034e-06 4.57158e-06 4.21553e-06 3.95269e-06 3.73553e-06 3.53658e-06 3.341e-06 3.14427e-06 2.95038e-06 2.77007e-06 2.6164e-06 2.49943e-06 2.41195e-06 2.29016e-06 1.95962e-06 1.2375e-06 4.87514e-07 4.03211e-07 5.42126e-07 6.04331e-07 5.56595e-07 4.95895e-07 4.07273e-07 2.98912e-07 1.96582e-07 1.18149e-07 6.63726e-08 3.55905e-08 1.85389e-08 9.4435e-09 4.56308e-09 
5.5979e-09 1.12431e-08 2.20078e-08 4.25395e-08 8.05205e-08 1.47273e-07 2.56576e-07 4.19204e-07 6.31648e-07 8.67928e-07 1.10544e-06 1.32589e-06 1.66077e-06 2.39289e-06 6.56486e-06 6.96396e-06 6.85191e-06 6.14782e-06 5.43881e-06 4.90319e-06 4.52631e-06 4.24625e-06 4.01024e-06 3.78701e-06 3.5615e-06 3.32773e-06 3.0866e-06 2.84537e-06 2.6164e-06 2.41156e-06 2.23622e-06 2.05948e-06 1.78033e-06 1.23847e-06 5.19464e-07 1.04415e-07 3.97582e-07 4.5731e-07 4.41382e-07 4.02008e-07 3.52143e-07 2.80278e-07 2.00034e-07 1.29198e-07 7.69547e-08 4.31381e-08 2.31934e-08 1.21247e-08 6.11888e-09 2.83636e-09 
3.781e-09 7.53852e-09 1.4738e-08 2.83283e-08 5.34894e-08 9.80908e-08 1.72451e-07 2.86773e-07 4.44613e-07 6.34207e-07 8.29488e-07 1.00199e-06 1.1844e-06 1.42611e-06 2.49818e-06 5.48499e-06 6.18537e-06 6.11031e-06 5.65019e-06 5.18988e-06 4.84047e-06 4.57158e-06 4.33654e-06 4.10108e-06 3.8505e-06 3.58127e-06 3.29577e-06 2.99838e-06 2.69907e-06 2.41156e-06 2.14758e-06 1.90146e-06 1.61562e-06 1.18344e-06 5.66885e-07 1.74145e-07 2.62025e-07 3.53467e-07 3.43747e-07 3.16113e-07 2.87116e-07 2.44984e-07 1.89314e-07 1.32088e-07 8.4168e-08 4.98445e-08 2.7943e-08 1.50771e-08 7.87371e-09 3.84764e-09 
4.98668e-09 9.84486e-09 1.88341e-08 3.53958e-08 6.48909e-08 1.14694e-07 1.93136e-07 3.06093e-07 4.51032e-07 6.1199e-07 7.58889e-07 8.86797e-07 9.91896e-07 1.40078e-06 2.63033e-06 4.81832e-06 5.47146e-06 5.58333e-06 5.33798e-06 5.10611e-06 4.90319e-06 4.70506e-06 4.48113e-06 4.21851e-06 3.91717e-06 3.58538e-06 3.23294e-06 2.86671e-06 2.49943e-06 2.14758e-06 1.81993e-06 1.49656e-06 1.10616e-06 5.89506e-07 1.83496e-07 1.98963e-07 2.66233e-07 2.73013e-07 2.45588e-07 2.25785e-07 2.01895e-07 1.67427e-07 1.26073e-07 8.63791e-08 5.44928e-08 3.21635e-08 1.80605e-08 9.76635e-09 5.03693e-09 2.33907e-09 
3.33537e-09 6.54312e-09 1.25115e-08 2.3379e-08 4.27349e-08 7.56928e-08 1.28524e-07 2.07027e-07 3.13058e-07 4.39855e-07 5.67393e-07 6.7367e-07 7.52126e-07 8.66612e-07 1.21373e-06 2.21577e-06 4.23072e-06 5.00352e-06 5.21857e-06 5.23291e-06 5.18988e-06 5.09034e-06 4.92076e-06 4.67343e-06 4.35198e-06 3.97303e-06 3.55713e-06 3.12278e-06 2.67602e-06 2.23622e-06 1.81993e-06 1.43034e-06 1.04244e-06 5.8804e-07 1.85465e-07 1.31109e-07 1.99254e-07 2.17143e-07 1.94536e-07 1.75044e-07 1.59941e-07 1.39775e-07 1.12783e-07 8.30641e-08 5.60895e-08 3.51266e-08 2.07041e-08 1.16502e-08 6.27823e-09 3.1185e-09 
4.28894e-09 8.29589e-09 1.54374e-08 2.80774e-08 4.96908e-08 8.47701e-08 1.38118e-07 2.13016e-07 3.08103e-07 4.13157e-07 5.09478e-07 5.80174e-07 6.33787e-07 7.3818e-07 1.11795e-06 1.94454e-06 3.79983e-06 4.6427e-06 5.09536e-06 5.33798e-06 5.43881e-06 5.39348e-06 5.21289e-06 4.90061e-06 4.48302e-06 3.99442e-06 3.4738e-06 2.94391e-06 2.41195e-06 1.90146e-06 1.43034e-06 1.00242e-06 5.82243e-07 1.81385e-07 8.35005e-08 1.55242e-07 1.69304e-07 1.56307e-07 1.37646e-07 1.24494e-07 1.12027e-07 9.5432e-08 7.51028e-08 5.42848e-08 3.62334e-08 2.25762e-08 1.33061e-08 7.48804e-09 3.9693e-09 1.85421e-09 
2.83906e-09 5.47276e-09 1.01951e-08 1.84399e-08 3.25234e-08 5.55657e-08 9.12051e-08 1.42713e-07 2.11178e-07 2.92618e-07 3.75947e-07 4.45167e-07 4.91617e-07 5.3189e-07 6.26649e-07 9.18006e-07 2.45418e-06 3.56114e-06 4.53136e-06 5.21857e-06 5.65019e-06 5.84231e-06 5.80819e-06 5.56636e-06 5.13938e-06 4.57733e-06 3.94996e-06 3.30535e-06 2.67401e-06 2.05948e-06 1.49656e-06 1.00242e-06 5.64367e-07 1.94015e-07 7.71785e-08 1.11982e-07 1.30421e-07 1.25071e-07 1.10175e-07 9.77208e-08 8.79884e-08 7.75284e-08 6.43796e-08 4.95532e-08 3.52575e-08 2.33196e-08 1.44825e-08 8.53643e-09 4.77246e-09 2.42138e-09 
3.55712e-09 6.72299e-09 1.21225e-08 2.12694e-08 3.6286e-08 5.97898e-08 9.44995e-08 1.42274e-07 2.02363e-07 2.69473e-07 3.33233e-07 3.81778e-07 4.13237e-07 4.50204e-07 5.29593e-07 8.01474e-07 2.24639e-06 3.49496e-06 4.6427e-06 5.58333e-06 6.14782e-06 6.39858e-06 6.31101e-06 5.94976e-06 5.3372e-06 4.59239e-06 3.7946e-06 3.01693e-06 2.29016e-06 1.61562e-06 1.04244e-06 5.64367e-07 2.01285e-07 4.6071e-08 7.78137e-08 9.65789e-08 9.85414e-08 8.87487e-08 7.81178e-08 6.9344e-08 6.16229e-08 5.3029e-08 4.29902e-08 3.24555e-08 2.27922e-08 1.49702e-08 9.27821e-09 5.455e-09 2.98578e-09 1.4087e-09 
2.32879e-09 4.40829e-09 7.97718e-09 1.39245e-08 2.36615e-08 3.90139e-08 6.20483e-08 9.46026e-08 1.37309e-07 1.88247e-07 2.41913e-07 2.89696e-07 3.23947e-07 3.50505e-07 3.85692e-07 4.74337e-07 7.48002e-07 2.18956e-06 3.56114e-06 5.00352e-06 6.11031e-06 6.83338e-06 7.05788e-06 6.85337e-06 6.28116e-06 5.43594e-06 4.46865e-06 3.47215e-06 2.57352e-06 1.78033e-06 1.10616e-06 5.82243e-07 2.01285e-07 4.32222e-08 6.58074e-08 7.66813e-08 7.51361e-08 7.09655e-08 6.33104e-08 5.55865e-08 4.89606e-08 4.27006e-08 3.58801e-08 2.84617e-08 2.11331e-08 1.46831e-08 9.59449e-09 5.9332e-09 3.45282e-09 1.79639e-09 
2.8428e-09 5.24136e-09 9.13587e-09 1.54403e-08 2.54013e-08 4.0513e-08 6.2302e-08 9.18168e-08 1.28803e-07 1.70839e-07 2.1298e-07 2.48872e-07 2.75873e-07 3.03019e-07 3.4452e-07 4.53449e-07 7.37841e-07 2.24639e-06 3.79983e-06 5.47146e-06 6.85191e-06 7.5978e-06 7.74842e-06 7.3002e-06 6.47872e-06 5.34345e-06 4.11925e-06 2.92247e-06 1.95962e-06 1.18344e-06 5.8804e-07 1.94015e-07 4.32222e-08 6.14069e-08 6.11177e-08 5.8585e-08 5.5931e-08 5.14388e-08 4.53815e-08 3.94852e-08 3.42745e-08 2.92653e-08 2.40431e-08 1.87094e-08 1.36981e-08 9.43649e-09 6.1413e-09 3.77699e-09 2.1406e-09 1.02339e-09 
1.83944e-09 3.42015e-09 6.00305e-09 1.01005e-08 1.65402e-08 2.63716e-08 4.07595e-08 6.07343e-08 8.67248e-08 1.17973e-07 1.52085e-07 1.85189e-07 2.13791e-07 2.38889e-07 2.71395e-07 3.22066e-07 4.52011e-07 7.48002e-07 2.45418e-06 4.23072e-06 6.18537e-06 7.62899e-06 8.33648e-06 8.23513e-06 7.52494e-06 6.40057e-06 4.9025e-06 3.44302e-06 2.13034e-06 1.23847e-06 5.89506e-07 1.81385e-07 4.6071e-08 6.14069e-08 5.16467e-08 4.77859e-08 4.48322e-08 4.17482e-08 3.74715e-08 3.25005e-08 2.78615e-08 2.37461e-08 1.98484e-08 1.59768e-08 1.22276e-08 8.84868e-09 6.05488e-09 3.92261e-09 2.37828e-09 1.27168e-09 
2.18921e-09 3.9363e-09 6.62819e-09 1.0794e-08 1.71551e-08 2.65604e-08 3.98669e-08 5.76925e-08 8.0058e-08 1.06042e-07 1.33692e-07 1.60679e-07 1.86049e-07 2.13268e-07 2.53666e-07 3.17686e-07 4.53449e-07 8.01474e-07 1.94454e-06 4.81832e-06 6.96396e-06 8.16269e-06 8.63437e-06 8.39248e-06 7.36385e-06 5.85085e-06 3.958e-06 2.41908e-06 1.2375e-06 5.66885e-07 1.85465e-07 7.71785e-08 6.58074e-08 5.16467e-08 4.24504e-08 3.75855e-08 3.45539e-08 3.12287e-08 2.72258e-08 2.31254e-08 1.94702e-08 1.62761e-08 1.3335e-08 1.05421e-08 7.95501e-09 5.70236e-09 3.87957e-09 2.492e-09 1.46313e-09 7.1022e-10 
1.3991e-09 2.55843e-09 4.35651e-09 7.07009e-09 1.11773e-08 1.72813e-08 2.60405e-08 3.80451e-08 5.36142e-08 7.25712e-08 9.413e-08 1.17133e-07 1.40832e-07 1.66257e-07 1.98398e-07 2.49245e-07 3.22066e-07 4.74337e-07 9.18006e-07 2.21577e-06 5.48499e-06 7.35426e-06 8.29588e-06 8.63067e-06 7.94615e-06 6.53318e-06 4.66981e-06 2.64726e-06 1.26235e-06 5.19464e-07 1.83496e-07 8.35005e-08 7.78137e-08 6.11177e-08 4.24504e-08 3.39734e-08 2.98528e-08 2.66228e-08 2.31864e-08 1.96079e-08 1.62908e-08 1.34601e-08 1.10434e-08 8.88579e-09 6.91595e-09 5.15761e-09 3.66859e-09 2.47926e-09 1.56338e-09 8.59326e-10 
1.62579e-09 2.8541e-09 4.64822e-09 7.30804e-09 1.12525e-08 1.69672e-08 2.49405e-08 3.5556e-08 4.89602e-08 6.49805e-08 8.32241e-08 1.03469e-07 1.26369e-07 1.54482e-07 1.93968e-07 2.53666e-07 3.4452e-07 5.29593e-07 1.11795e-06 2.63033e-06 6.56486e-06 7.7114e-06 8.04325e-06 7.80165e-06 6.69137e-06 4.93936e-06 3.10735e-06 1.42318e-06 4.87514e-07 1.74145e-07 1.31109e-07 1.11982e-07 7.66813e-08 4.77859e-08 3.39734e-08 2.75256e-08 2.36196e-08 2.02426e-08 1.69793e-08 1.39501e-08 1.13462e-08 9.20698e-09 7.4251e-09 5.88019e-09 4.51644e-09 3.33575e-09 2.35619e-09 1.57416e-09 9.55669e-10 4.71173e-10 
1.02573e-09 1.84861e-09 3.05952e-09 4.80007e-09 7.34778e-09 1.10532e-08 1.62934e-08 2.34183e-08 3.2679e-08 4.41801e-08 5.79338e-08 7.40881e-08 9.33528e-08 1.1762e-07 1.50721e-07 1.98398e-07 2.71395e-07 3.85692e-07 6.26649e-07 1.21373e-06 2.49818e-06 4.19546e-06 8.05698e-06 7.47835e-06 6.66909e-06 5.15564e-06 3.46363e-06 1.82288e-06 3.96214e-07 1.04415e-07 1.98963e-07 1.55242e-07 9.65789e-08 5.8585e-08 3.75855e-08 2.75256e-08 2.21404e-08 1.83306e-08 1.50911e-08 1.22324e-08 9.79449e-09 7.81357e-09 6.2366e-09 4.9532e-09 3.86927e-09 2.93935e-09 2.15353e-09 1.50833e-09 9.85153e-10 5.55594e-10 
1.16622e-09 2.00375e-09 3.16497e-09 4.81951e-09 7.21443e-09 1.06315e-08 1.53562e-08 2.16429e-08 2.96926e-08 3.96908e-08 5.19576e-08 6.72407e-08 8.71607e-08 1.14741e-07 1.54482e-07 2.13268e-07 3.03019e-07 4.50204e-07 7.3818e-07 1.40078e-06 2.39289e-06 3.71933e-06 4.13588e-06 4.38558e-06 3.9569e-06 2.80984e-06 1.48856e-06 5.81866e-07 4.03211e-07 2.62025e-07 1.99254e-07 1.30421e-07 7.51361e-08 4.48322e-08 2.98528e-08 2.21404e-08 1.73915e-08 1.38718e-08 1.10158e-08 8.66992e-09 6.78966e-09 5.32479e-09 4.18836e-09 3.28248e-09 2.53477e-09 1.90826e-09 1.38748e-09 9.58128e-10 5.99038e-10 2.99602e-10 
7.26235e-10 1.29344e-09 2.08724e-09 3.17709e-09 4.72672e-09 6.9433e-09 1.00475e-08 1.42581e-08 1.97853e-08 2.68611e-08 3.58445e-08 4.74341e-08 6.3012e-08 8.50929e-08 1.1762e-07 1.66257e-07 2.38889e-07 3.50505e-07 5.3189e-07 8.66612e-07 1.42611e-06 2.48768e-06 3.24609e-06 3.40947e-06 3.20764e-06 2.39485e-06 1.75078e-06 1.13288e-06 5.60232e-07 3.97582e-07 2.66233e-07 1.69304e-07 9.85414e-08 5.5931e-08 3.45539e-08 2.36196e-08 1.73915e-08 1.32745e-08 1.02357e-08 7.88317e-09 6.05339e-09 4.65239e-09 3.59516e-09 2.79216e-09 2.16365e-09 1.65502e-09 1.23647e-09 8.90323e-10 5.98702e-10 3.45161e-10 
8.10017e-10 1.3666e-09 2.10172e-09 3.11248e-09 4.54732e-09 6.57305e-09 9.36391e-09 1.31037e-08 1.80108e-08 2.44145e-08 3.29094e-08 4.4621e-08 6.15878e-08 8.71607e-08 1.26369e-07 1.86049e-07 2.75873e-07 4.13237e-07 6.33787e-07 9.91896e-07 1.66077e-06 2.3751e-06 2.97067e-06 3.25902e-06 2.92026e-06 2.24698e-06 1.43862e-06 9.24235e-07 5.42126e-07 3.53467e-07 2.17143e-07 1.25071e-07 7.09655e-08 4.17482e-08 2.66228e-08 1.83306e-08 1.32745e-08 9.85478e-09 7.38261e-09 5.54347e-09 4.17092e-09 3.15549e-09 2.40789e-09 1.84999e-09 1.42021e-09 1.07802e-09 7.99268e-10 5.66141e-10 3.62479e-10 1.83433e-10 
4.98022e-10 8.79037e-10 1.38867e-09 2.05987e-09 2.99124e-09 4.30755e-09 6.14269e-09 8.64431e-09 1.1995e-08 1.64672e-08 2.2535e-08 3.10737e-08 4.36685e-08 6.3012e-08 9.33528e-08 1.40832e-07 2.13791e-07 3.23947e-07 4.91617e-07 7.52126e-07 1.1844e-06 1.77363e-06 2.50198e-06 2.93517e-06 2.841e-06 2.45788e-06 1.83975e-06 1.2159e-06 7.77049e-07 4.5731e-07 2.73013e-07 1.56307e-07 8.87487e-08 5.14388e-08 3.12287e-08 2.02426e-08 1.38718e-08 9.85478e-09 7.13907e-09 5.22148e-09 3.84004e-09 2.84116e-09 2.12137e-09 1.60172e-09 1.21966e-09 9.29335e-10 7.0078e-10 5.14165e-10 3.53429e-10 2.07273e-10 
5.46519e-10 9.0874e-10 1.367e-09 1.97799e-09 2.83256e-09 4.03242e-09 5.69113e-09 7.95159e-09 1.10258e-08 1.52748e-08 2.1354e-08 3.04499e-08 4.4621e-08 6.72407e-08 1.03469e-07 1.60679e-07 2.48872e-07 3.81778e-07 5.80174e-07 8.86797e-07 1.32589e-06 1.94795e-06 2.49004e-06 2.69982e-06 2.5668e-06 2.13156e-06 1.55964e-06 9.98912e-07 6.04331e-07 3.43747e-07 1.94536e-07 1.10175e-07 6.33104e-08 3.74715e-08 2.31864e-08 1.50911e-08 1.02357e-08 7.13907e-09 5.06548e-09 3.63254e-09 2.62634e-09 1.91646e-09 1.41542e-09 1.05943e-09 8.01014e-10 6.06753e-10 4.54308e-10 3.27341e-10 2.13241e-10 1.08829e-10 
3.32054e-10 5.82392e-10 9.04642e-10 1.31414e-09 1.8714e-09 2.65345e-09 3.74602e-09 5.25673e-09 7.3441e-09 1.0274e-08 1.45227e-08 2.09515e-08 3.10737e-08 4.74341e-08 7.40881e-08 1.17133e-07 1.85189e-07 2.89696e-07 4.45167e-07 6.7367e-07 1.00199e-06 1.46987e-06 1.9898e-06 2.4014e-06 2.54169e-06 2.30814e-06 1.80922e-06 1.24109e-06 7.61447e-07 4.41382e-07 2.45588e-07 1.37646e-07 7.81178e-08 4.53815e-08 2.72258e-08 1.69793e-08 1.10158e-08 7.38261e-09 5.06548e-09 3.53245e-09 2.49244e-09 1.77695e-09 1.28195e-09 9.38389e-10 6.97555e-10 5.24591e-10 3.95349e-10 2.92893e-10 2.04237e-10 1.21195e-10 
3.59619e-10 5.9153e-10 8.74641e-10 1.24279e-09 1.75274e-09 2.46924e-09 3.4717e-09 4.87552e-09 6.87158e-09 9.79837e-09 1.42659e-08 2.1354e-08 3.29094e-08 5.19576e-08 8.32241e-08 1.33692e-07 2.1298e-07 3.33233e-07 5.09478e-07 7.58889e-07 1.10544e-06 1.52782e-06 1.97102e-06 2.29025e-06 2.2802e-06 1.9448e-06 1.42625e-06 9.3242e-07 5.56595e-07 3.16113e-07 1.75044e-07 9.77208e-08 5.55865e-08 3.25005e-08 1.96079e-08 1.22324e-08 7.88317e-09 5.22148e-09 3.53245e-09 2.42811e-09 1.69041e-09 1.19127e-09 8.5143e-10 6.1886e-10 4.57692e-10 3.42854e-10 2.56836e-10 1.86671e-10 1.22915e-10 6.30562e-11 
2.16256e-10 3.77766e-10 5.79548e-10 8.28775e-10 1.16333e-09 1.63236e-09 2.29421e-09 3.23144e-09 4.57864e-09 6.57203e-09 9.63567e-09 1.45227e-08 2.2535e-08 3.58445e-08 5.79338e-08 9.413e-08 1.52085e-07 2.41913e-07 3.75947e-07 5.67393e-07 8.29488e-07 1.15962e-06 1.54144e-06 1.89835e-06 2.05327e-06 1.91345e-06 1.53469e-06 1.07819e-06 6.84867e-07 4.02008e-07 2.25785e-07 1.24494e-07 6.9344e-08 3.94852e-08 2.31254e-08 1.39501e-08 8.66992e-09 5.54347e-09 3.63254e-09 2.42811e-09 1.649e-09 1.13525e-09 7.92407e-10 5.62119e-10 4.06425e-10 2.99558e-10 2.23647e-10 1.65842e-10 1.16445e-10 6.95662e-11 
2.31879e-10 3.78647e-10 5.53083e-10 7.75926e-10 1.08353e-09 1.51923e-09 2.14166e-09 3.04446e-09 4.39024e-09 6.46944e-09 9.79837e-09 1.52748e-08 2.44145e-08 3.96908e-08 6.49805e-08 1.06042e-07 1.70839e-07 2.69473e-07 4.13157e-07 6.1199e-07 8.67928e-07 1.17578e-06 1.49706e-06 1.72411e-06 1.74558e-06 1.53124e-06 1.17293e-06 7.9887e-07 4.95895e-07 2.87116e-07 1.59941e-07 8.79884e-08 4.89606e-08 2.78615e-08 1.62908e-08 9.79449e-09 6.05339e-09 3.84004e-09 2.49244e-09 1.649e-09 1.10852e-09 7.56044e-10 5.23596e-10 3.69294e-10 2.66074e-10 1.95711e-10 1.45445e-10 1.05791e-10 6.99858e-11 3.59935e-11 
1.38303e-10 2.41091e-10 3.66916e-10 5.19346e-10 7.22647e-10 1.00938e-09 1.42139e-09 2.02327e-09 2.92581e-09 4.32567e-09 6.57203e-09 1.0274e-08 1.64672e-08 2.68611e-08 4.41801e-08 7.25712e-08 1.17973e-07 1.88247e-07 2.92618e-07 4.39855e-07 6.34207e-07 8.74003e-07 1.13974e-06 1.37167e-06 1.48542e-06 1.41608e-06 1.1819e-06 8.721e-07 5.78015e-07 3.52143e-07 2.01895e-07 1.12027e-07 6.16229e-08 3.42745e-08 1.94702e-08 1.13462e-08 6.78966e-09 4.17092e-09 2.62634e-09 1.69041e-09 1.10852e-09 7.38747e-10 4.99909e-10 3.44051e-10 2.41682e-10 1.73818e-10 1.2765e-10 9.40021e-11 6.6015e-11 3.95402e-11 
1.47301e-10 2.396e-10 3.47508e-10 4.84147e-10 6.73486e-10 9.45866e-10 1.34582e-09 1.94826e-09 2.88515e-09 4.39024e-09 6.87158e-09 1.10258e-08 1.80108e-08 2.96926e-08 4.89602e-08 8.0058e-08 1.28803e-07 2.02363e-07 3.08103e-07 4.51032e-07 6.31648e-07 8.39703e-07 1.04305e-06 1.18744e-06 1.2132e-06 1.09756e-06 8.78415e-07 6.27871e-07 4.07273e-07 2.44984e-07 1.39775e-07 7.75284e-08 4.27006e-08 2.37461e-08 1.34601e-08 7.81357e-09 4.65239e-09 2.84116e-09 1.77695e-09 1.13525e-09 7.38747e-10 4.88665e-10 3.28542e-10 2.25055e-10 1.57733e-10 1.13394e-10 8.30291e-11 6.00197e-11 3.96892e-11 2.04297e-11 
8.73617e-11 1.52239e-10 2.30855e-10 3.25271e-10 4.51437e-10 6.31745e-10 8.97145e-10 1.29808e-09 1.92256e-09 2.92581e-09 4.57864e-09 7.3441e-09 1.1995e-08 1.97853e-08 3.2679e-08 5.36142e-08 8.67248e-08 1.37309e-07 2.11178e-07 3.13058e-07 4.44613e-07 6.007e-07 7.63646e-07 9.01275e-07 9.71046e-07 9.41051e-07 8.13819e-07 6.28871e-07 4.38549e-07 2.80278e-07 1.67427e-07 9.5432e-08 5.3029e-08 2.92653e-08 1.62761e-08 9.20698e-09 5.32479e-09 3.15549e-09 1.91646e-09 1.19127e-09 7.56044e-10 4.88665e-10 3.21193e-10 2.14837e-10 1.46719e-10 1.02775e-10 7.38909e-11 5.36963e-11 3.75043e-11 2.24516e-11 
9.27367e-11 1.50761e-10 2.18256e-10 3.03831e-10 4.23761e-10 5.9997e-10 8.66493e-10 1.28175e-09 1.94826e-09 3.04446e-09 4.87552e-09 7.95159e-09 1.31037e-08 2.16429e-08 3.5556e-08 5.76925e-08 9.18168e-08 1.42274e-07 2.13016e-07 3.06093e-07 4.19204e-07 5.425e-07 6.57061e-07 7.36071e-07 7.53117e-07 6.96764e-07 5.80259e-07 4.36244e-07 2.98912e-07 1.89314e-07 1.12783e-07 6.43796e-08 3.58801e-08 1.98484e-08 1.10434e-08 6.2366e-09 3.59516e-09 2.12137e-09 1.28195e-09 7.92407e-10 4.99909e-10 3.21193e-10 2.09999e-10 1.39939e-10 9.54466e-11 6.69224e-11 4.80558e-11 3.43367e-11 2.26065e-11 1.16386e-11 
5.48342e-11 9.57001e-11 1.45242e-10 2.04912e-10 2.85489e-10 4.02819e-10 5.80084e-10 8.5603e-10 1.29808e-09 2.02327e-09 3.23144e-09 5.25673e-09 8.64431e-09 1.42581e-08 2.34183e-08 3.80451e-08 6.07343e-08 9.46026e-08 1.42713e-07 2.07027e-07 2.86773e-07 3.76472e-07 4.64921e-07 5.35748e-07 5.70984e-07 5.57844e-07 4.96262e-07 4.01057e-07 2.95417e-07 2.00034e-07 1.26073e-07 7.51028e-08 4.29902e-08 2.40431e-08 1.3335e-08 7.4251e-09 4.18836e-09 2.40789e-09 1.41542e-09 8.5143e-10 5.23596e-10 3.28542e-10 2.09999e-10 1.36728e-10 9.09167e-11 6.20432e-11 4.3572e-11 3.11138e-11 2.15218e-11 1.28504e-11 
5.82212e-11 9.49234e-11 1.37903e-10 1.93018e-10 2.71607e-10 3.89778e-10 5.73313e-10 8.66493e-10 1.34582e-09 2.14166e-09 3.4717e-09 5.69113e-09 9.36391e-09 1.53562e-08 2.49405e-08 3.98669e-08 6.2302e-08 9.44995e-08 1.38118e-07 1.93136e-07 2.56576e-07 3.21776e-07 3.78745e-07 4.16004e-07 4.23812e-07 3.98024e-07 3.43008e-07 2.70864e-07 1.96582e-07 1.32088e-07 8.30641e-08 4.95532e-08 2.84617e-08 1.59768e-08 8.88579e-09 4.9532e-09 2.79216e-09 1.60172e-09 9.38389e-10 5.62119e-10 3.44051e-10 2.14837e-10 1.36728e-10 8.87689e-11 5.90053e-11 4.03533e-11 2.8356e-11 1.99556e-11 1.30444e-11 6.71752e-12 
3.44045e-11 6.02655e-11 9.19587e-11 1.30673e-10 1.83873e-10 2.62986e-10 3.85351e-10 5.80084e-10 8.97145e-10 1.42139e-09 2.29421e-09 3.74602e-09 6.14269e-09 1.00475e-08 1.62934e-08 2.60405e-08 4.07595e-08 6.20483e-08 9.12051e-08 1.28524e-07 1.72451e-07 2.19052e-07 2.622e-07 2.94656e-07 3.09804e-07 3.03553e-07 2.75953e-07 2.31905e-07 1.79933e-07 1.29198e-07 8.63791e-08 5.42848e-08 3.24555e-08 1.87094e-08 1.05421e-08 5.88019e-09 3.28248e-09 1.84999e-09 1.05943e-09 6.1886e-10 3.69294e-10 2.25055e-10 1.39939e-10 8.87689e-11 5.75598e-11 3.832e-11 2.6288e-11 1.84087e-11 1.25769e-11 7.47882e-12 
3.66734e-11 6.01822e-11 8.82028e-11 1.24847e-10 1.7817e-10 2.60065e-10 3.89778e-10 5.9997e-10 9.45866e-10 1.51923e-09 2.46924e-09 4.03242e-09 6.57305e-09 1.06315e-08 1.69672e-08 2.65604e-08 4.0513e-08 5.97898e-08 8.47701e-08 1.14694e-07 1.47273e-07 1.78754e-07 2.04568e-07 2.20361e-07 2.23039e-07 2.11543e-07 1.87324e-07 1.54342e-07 1.18149e-07 8.4168e-08 5.60895e-08 3.52575e-08 2.11331e-08 1.22276e-08 6.91595e-09 3.86927e-09 2.16365e-09 1.21966e-09 6.97555e-10 4.06425e-10 2.41682e-10 1.46719e-10 9.09167e-11 5.75598e-11 3.73458e-11 2.49472e-11 1.71544e-11 1.18712e-11 7.68914e-12 3.96245e-12 
2.17007e-11 3.82517e-11 5.89482e-11 8.48183e-11 1.2114e-10 1.76236e-10 2.62986e-10 4.02819e-10 6.31745e-10 1.00938e-09 1.63236e-09 2.65345e-09 4.30755e-09 6.9433e-09 1.10532e-08 1.72813e-08 2.63716e-08 3.90139e-08 5.55657e-08 7.56928e-08 9.80908e-08 1.20482e-07 1.39983e-07 1.53743e-07 1.59588e-07 1.56432e-07 1.4447e-07 1.25258e-07 1.01598e-07 7.69547e-08 5.44928e-08 3.62334e-08 2.27922e-08 1.36981e-08 7.95501e-09 4.51644e-09 2.53477e-09 1.42021e-09 8.01014e-10 4.57692e-10 2.66074e-10 1.57733e-10 9.54466e-11 5.90053e-11 3.73458e-11 2.42969e-11 1.63044e-11 1.11972e-11 7.54512e-12 4.46278e-12 
2.33111e-11 3.86467e-11 5.7408e-11 8.25496e-11 1.19875e-10 1.7817e-10 2.71607e-10 4.23761e-10 6.73486e-10 1.08353e-09 1.75274e-09 2.83256e-09 4.54732e-09 7.21443e-09 1.12525e-08 1.71551e-08 2.54013e-08 3.6286e-08 4.96908e-08 6.48909e-08 8.05205e-08 9.47736e-08 1.0579e-07 1.12066e-07 1.12727e-07 1.07606e-07 9.72415e-08 8.28776e-08 6.63726e-08 4.98445e-08 3.51266e-08 2.33196e-08 1.46831e-08 8.84868e-09 5.15761e-09 2.93935e-09 1.65502e-09 9.29335e-10 5.24591e-10 2.99558e-10 1.73818e-10 1.02775e-10 6.20432e-11 3.832e-11 2.42969e-11 1.58816e-11 1.07002e-11 7.27916e-12 4.66567e-12 2.40493e-12 
1.38337e-11 2.4605e-11 3.84453e-11 5.62335e-11 8.17606e-11 1.2114e-10 1.83873e-10 2.85489e-10 4.51437e-10 7.22647e-10 1.16333e-09 1.8714e-09 2.99124e-09 4.72672e-09 7.34778e-09 1.11773e-08 1.65402e-08 2.36615e-08 3.25234e-08 4.27349e-08 5.34894e-08 6.36674e-08 7.20638e-08 7.76499e-08 7.97615e-08 7.81576e-08 7.29933e-08 6.47915e-08 5.44417e-08 4.31381e-08 3.21635e-08 2.25762e-08 1.49702e-08 9.43649e-09 5.70236e-09 3.33575e-09 1.90826e-09 1.07802e-09 6.06753e-10 3.42854e-10 1.95711e-10 1.13394e-10 6.69224e-11 4.03533e-11 2.49472e-11 1.58816e-11 1.04424e-11 7.03935e-12 4.67517e-12 2.7466e-12 
1.50269e-11 2.52414e-11 3.81154e-11 5.58037e-11 8.25496e-11 1.24847e-10 1.93018e-10 3.03831e-10 4.84147e-10 7.75926e-10 1.24279e-09 1.97799e-09 3.11248e-09 4.81951e-09 7.30804e-09 1.0794e-08 1.54403e-08 2.12694e-08 2.80774e-08 3.53958e-08 4.25395e-08 4.87362e-08 5.32901e-08 5.57108e-08 5.57664e-08 5.34684e-08 4.9034e-08 4.28731e-08 3.55905e-08 2.7943e-08 2.07041e-08 1.44825e-08 9.59449e-09 6.05488e-09 3.66859e-09 2.15353e-09 1.23647e-09 7.0078e-10 3.95349e-10 2.23647e-10 1.2765e-10 7.38909e-11 4.3572e-11 2.6288e-11 1.63044e-11 1.04424e-11 6.90415e-12 4.61799e-12 2.92606e-12 1.50626e-12 
8.94995e-12 1.60837e-11 2.55162e-11 3.79724e-11 5.62335e-11 8.48183e-11 1.30673e-10 2.04912e-10 3.25271e-10 5.19346e-10 8.28775e-10 1.31414e-09 2.05987e-09 3.17709e-09 4.80007e-09 7.07009e-09 1.01005e-08 1.39245e-08 1.84399e-08 2.3379e-08 2.83283e-08 3.27993e-08 3.63276e-08 3.85596e-08 3.92967e-08 3.84951e-08 3.62398e-08 3.27225e-08 2.82396e-08 2.31934e-08 1.80605e-08 1.33061e-08 9.27821e-09 6.1413e-09 3.87957e-09 2.35619e-09 1.38748e-09 7.99268e-10 4.54308e-10 2.56836e-10 1.45445e-10 8.30291e-11 4.80558e-11 2.8356e-11 1.71544e-11 1.07002e-11 6.90415e-12 4.5723e-12 2.99166e-12 1.74303e-12 
9.82667e-12 1.66992e-11 2.55919e-11 3.81154e-11 5.7408e-11 8.82028e-11 1.37903e-10 2.18256e-10 3.47508e-10 5.53083e-10 8.74641e-10 1.367e-09 2.10172e-09 3.16497e-09 4.64822e-09 6.62819e-09 9.13587e-09 1.21225e-08 1.54374e-08 1.88341e-08 2.20078e-08 2.4653e-08 2.65203e-08 2.74503e-08 2.7381e-08 2.63356e-08 2.44047e-08 2.17367e-08 1.85389e-08 1.50771e-08 1.16502e-08 8.53643e-09 5.9332e-09 3.92261e-09 2.47926e-09 1.50833e-09 8.90323e-10 5.14165e-10 2.92893e-10 1.65842e-10 9.40021e-11 5.36963e-11 3.11138e-11 1.84087e-11 1.11972e-11 7.03935e-12 4.5723e-12 3.01072e-12 1.88413e-12 9.66896e-13 
5.86522e-12 1.05708e-11 1.69149e-11 2.55162e-11 3.84453e-11 5.89482e-11 9.19587e-11 1.45242e-10 2.30855e-10 3.66916e-10 5.79548e-10 9.04642e-10 1.38867e-09 2.08724e-09 3.05952e-09 4.35651e-09 6.00305e-09 7.97718e-09 1.01951e-08 1.25115e-08 1.4738e-08 1.6677e-08 1.81557e-08 1.90519e-08 1.93032e-08 1.89035e-08 1.78925e-08 1.63469e-08 1.43764e-08 1.21247e-08 9.76635e-09 7.48804e-09 5.455e-09 3.77699e-09 2.492e-09 1.57416e-09 9.58128e-10 5.66141e-10 3.27341e-10 1.86671e-10 1.05791e-10 6.00197e-11 3.43367e-11 1.99556e-11 1.18712e-11 7.27916e-12 4.61799e-12 3.01072e-12 1.94378e-12 1.12205e-12 
6.41403e-12 1.0843e-11 1.66992e-11 2.52414e-11 3.86467e-11 6.01822e-11 9.49234e-11 1.50761e-10 2.396e-10 3.78647e-10 5.9153e-10 9.0874e-10 1.3666e-09 2.00375e-09 2.8541e-09 3.9363e-09 5.24136e-09 6.72299e-09 8.29589e-09 9.84486e-09 1.12431e-08 1.23733e-08 1.3145e-08 1.35031e-08 1.34293e-08 1.29367e-08 1.20647e-08 1.08736e-08 9.4435e-09 7.87371e-09 6.27823e-09 4.77246e-09 3.45282e-09 2.37828e-09 1.56338e-09 9.85153e-10 5.98702e-10 3.53429e-10 2.04237e-10 1.16445e-10 6.6015e-11 3.75043e-11 2.15218e-11 1.25769e-11 7.54512e-12 4.67517e-12 2.99166e-12 1.94378e-12 1.20727e-12 6.17087e-13 
3.83286e-12 6.70713e-12 1.05708e-11 1.60837e-11 2.4605e-11 3.82517e-11 6.02655e-11 9.57001e-11 1.52239e-10 2.41091e-10 3.77766e-10 5.82392e-10 8.79037e-10 1.29344e-09 1.84861e-09 2.55843e-09 3.42015e-09 4.40829e-09 5.47276e-09 6.54312e-09 7.53852e-09 8.38026e-09 9.00309e-09 9.3623e-09 9.43622e-09 9.22495e-09 8.74726e-09 8.03722e-09 7.14167e-09 6.11888e-09 5.03693e-09 3.9693e-09 2.98578e-09 2.1406e-09 1.46313e-09 9.55669e-10 5.99038e-10 3.62479e-10 2.13241e-10 1.22915e-10 6.99858e-11 3.96892e-11 2.26065e-11 1.30444e-11 7.68914e-12 4.66567e-12 2.92606e-12 1.88413e-12 1.20727e-12 6.9838e-13 
4.01374e-12 6.41403e-12 9.82667e-12 1.50269e-11 2.33111e-11 3.66734e-11 5.82212e-11 9.27367e-11 1.47301e-10 2.31879e-10 3.59619e-10 5.46519e-10 8.10017e-10 1.16622e-09 1.62579e-09 2.18921e-09 2.8428e-09 3.55712e-09 4.28894e-09 4.98668e-09 5.5979e-09 6.07654e-09 6.3882e-09 6.5128e-09 6.44487e-09 6.19228e-09 5.77424e-09 5.21921e-09 4.56308e-09 3.84764e-09 3.1185e-09 2.42138e-09 1.79639e-09 1.27168e-09 8.59326e-10 5.55594e-10 3.45161e-10 2.07273e-10 1.21195e-10 6.95662e-11 3.95402e-11 2.24516e-11 1.28504e-11 7.47882e-12 4.46278e-12 2.7466e-12 1.74303e-12 1.12205e-12 6.9838e-13 3.64591e-13 
2.3409e-12 3.83286e-12 5.86522e-12 8.94995e-12 1.38337e-11 2.17007e-11 3.44045e-11 5.48342e-11 8.73617e-11 1.38303e-10 2.16256e-10 3.32054e-10 4.98022e-10 7.26235e-10 1.02573e-09 1.3991e-09 1.83944e-09 2.32879e-09 2.83906e-09 3.33537e-09 3.781e-09 4.14241e-09 4.39326e-09 4.51681e-09 4.50662e-09 4.36613e-09 4.10737e-09 3.74936e-09 3.31639e-09 2.83636e-09 2.33907e-09 1.85421e-09 1.4087e-09 1.02339e-09 7.1022e-10 4.71173e-10 2.99602e-10 1.83433e-10 1.08829e-10 6.30562e-11 3.59935e-11 2.04297e-11 1.16386e-11 6.71752e-12 3.96245e-12 2.40493e-12 1.50626e-12 9.66896e-13 6.17087e-13 3.64591e-13 
