1 101 51
0 0 8.80779e-16 1.70509e-15 1.66837e-15 3.31266e-15 5.02201e-15 6.87644e-15 1.15835e-14 1.85012e-14 3.05856e-14 4.89639e-14 7.75007e-14 1.21841e-13 1.88223e-13 2.85344e-13 4.26342e-13 6.22168e-13 8.90901e-13 1.24766e-12 1.70615e-12 2.27212e-12 2.94289e-12 3.698e-12 4.49993e-12 5.29592e-12 6.01931e-12 6.60279e-12 6.98672e-12 7.12974e-12 7.01775e-12 6.66492e-12 6.11057e-12 5.41252e-12 4.6371e-12 3.84883e-12 3.09897e-12 2.42499e-12 1.84925e-12 1.37685e-12 1.00454e-12 7.19773e-13 5.07819e-13 3.53802e-13 2.44775e-13 1.67757e-13 1.14754e-13 7.77731e-14 5.18235e-14 3.29117e-14 1.59993e-14 
9.38831e-16 1.77566e-15 2.54355e-15 4.08277e-15 6.37716e-15 9.52116e-15 1.53069e-14 2.40762e-14 3.87785e-14 6.17425e-14 9.99208e-14 1.59608e-13 2.50679e-13 3.89332e-13 5.91834e-13 8.7983e-13 1.27718e-12 1.80828e-12 2.49526e-12 3.354e-12 4.38962e-12 5.5914e-12 6.92735e-12 8.33898e-12 9.74377e-12 1.10408e-11 1.21166e-11 1.28686e-11 1.32171e-11 1.31215e-11 1.25881e-11 1.167e-11 1.04606e-11 9.07256e-12 7.62103e-12 6.20979e-12 4.9169e-12 3.79147e-12 2.85274e-12 2.10152e-12 1.5182e-12 1.07951e-12 7.5776e-13 5.26908e-13 3.6265e-13 2.48433e-13 1.69599e-13 1.13423e-13 7.40691e-14 4.07344e-14 4.07344e-14 
0 2.69708e-15 4.28703e-15 7.38364e-15 1.03279e-14 1.56616e-14 2.4404e-14 3.86175e-14 6.06349e-14 9.72714e-14 1.55065e-13 2.47167e-13 3.88982e-13 6.05162e-13 9.23413e-13 1.37916e-12 2.01065e-12 2.85338e-12 3.93851e-12 5.28314e-12 6.88446e-12 8.71491e-12 1.07179e-11 1.2807e-11 1.48708e-11 1.67726e-11 1.83684e-11 1.95187e-11 2.01096e-11 2.00744e-11 1.94035e-11 1.81538e-11 1.64404e-11 1.44148e-11 1.22469e-11 1.00937e-11 8.08269e-12 6.30092e-12 4.79285e-12 3.56566e-12 2.60113e-12 1.8663e-12 1.32127e-12 9.24365e-13 6.41944e-13 4.41868e-13 3.02352e-13 2.05308e-13 1.35473e-13 8.14445e-14 3.29117e-14 
1.77566e-15 5.16119e-15 9.00802e-15 1.33683e-14 1.99609e-14 3.0581e-14 4.65271e-14 7.33192e-14 1.15463e-13 1.83818e-13 2.91929e-13 4.61235e-13 7.20198e-13 1.10641e-12 1.66644e-12 2.4532e-12 3.51936e-12 4.90848e-12 6.64899e-12 8.73922e-12 1.11431e-11 1.37869e-11 1.65571e-11 1.931e-11 2.18785e-11 2.40857e-11 2.57594e-11 2.67495e-11 2.69555e-11 2.63389e-11 2.49404e-11 2.28773e-11 2.03268e-11 1.75019e-11 1.46173e-11 1.18573e-11 9.35971e-12 7.20434e-12 5.42008e-12 3.99763e-12 2.89741e-12 2.06948e-12 1.46048e-12 1.02153e-12 7.08539e-13 4.88218e-13 3.33533e-13 2.23924e-13 1.4261e-13 7.40691e-14 7.40691e-14 
8.80779e-16 4.28703e-15 9.8185e-15 1.48148e-14 2.18506e-14 3.34096e-14 5.00008e-14 7.7751e-14 1.21125e-13 1.91596e-13 3.03556e-13 4.78611e-13 7.48465e-13 1.15753e-12 1.75927e-12 2.61978e-12 3.80685e-12 5.38347e-12 7.39592e-12 9.85602e-12 1.27332e-11 1.59458e-11 1.93652e-11 2.28186e-11 2.61068e-11 2.90189e-11 3.13466e-11 3.29057e-11 3.35529e-11 3.32109e-11 3.18851e-11 2.96736e-11 2.67597e-11 2.33859e-11 1.98187e-11 1.63057e-11 1.30467e-11 1.0172e-11 7.74742e-12 5.77922e-12 4.23432e-12 3.0547e-12 2.17627e-12 1.53486e-12 1.07415e-12 7.46042e-13 5.14903e-13 3.50264e-13 2.30035e-13 1.35473e-13 5.18235e-14 
2.54355e-15 9.00802e-15 1.5549e-14 2.30695e-14 3.40794e-14 5.12062e-14 7.8181e-14 1.20004e-13 1.87714e-13 2.95289e-13 4.63155e-13 7.24591e-13 1.12465e-12 1.72224e-12 2.59035e-12 3.81245e-12 5.47135e-12 7.63434e-12 1.03393e-11 1.35727e-11 1.72616e-11 2.12717e-11 2.54113e-11 2.94495e-11 3.31394e-11 3.62356e-11 3.8513e-11 3.97872e-11 3.99329e-11 3.89086e-11 3.67721e-11 3.36876e-11 2.9909e-11 2.57433e-11 2.15017e-11 1.74523e-11 1.37946e-11 1.06434e-11 8.03605e-12 5.95457e-12 4.34217e-12 3.12503e-12 2.22466e-12 1.56949e-12 1.10012e-12 7.65136e-13 5.27296e-13 3.55503e-13 2.23924e-13 1.13423e-13 1.13423e-13 
1.70509e-15 7.38364e-15 1.48148e-14 2.37137e-14 3.50033e-14 5.12843e-14 7.68263e-14 1.16373e-13 1.78974e-13 2.78613e-13 4.3416e-13 6.76375e-13 1.04816e-12 1.61161e-12 2.44225e-12 3.6345e-12 5.28795e-12 7.49671e-12 1.03253e-11 1.37911e-11 1.78465e-11 2.23638e-11 2.71457e-11 3.19368e-11 3.64528e-11 4.04066e-11 4.35298e-11 4.55936e-11 4.64246e-11 4.59234e-11 4.40941e-11 4.10588e-11 3.70572e-11 3.24162e-11 2.75036e-11 2.2663e-11 1.81715e-11 1.42112e-11 1.08674e-11 8.1504e-12 6.01059e-12 4.37099e-12 3.14263e-12 2.23877e-12 1.58288e-12 1.11217e-12 7.74461e-13 5.30818e-13 3.50264e-13 2.05308e-13 7.77731e-14 
4.08277e-15 1.33683e-14 2.30695e-14 3.48276e-14 5.11476e-14 7.4787e-14 1.12327e-13 1.70279e-13 2.60323e-13 4.01606e-13 6.19594e-13 9.56427e-13 1.46921e-12 2.23594e-12 3.35346e-12 4.9368e-12 7.09943e-12 9.94094e-12 1.35157e-11 1.78105e-11 2.2727e-11 2.80745e-11 3.35867e-11 3.89447e-11 4.38181e-11 4.78887e-11 5.08817e-11 5.25708e-11 5.28024e-11 5.15139e-11 4.87665e-11 4.4757e-11 3.98114e-11 3.43334e-11 2.87377e-11 2.33881e-11 1.85499e-11 1.43768e-11 1.09179e-11 8.14767e-12 5.9924e-12 4.35367e-12 3.13353e-12 2.23746e-12 1.58642e-12 1.11675e-12 7.77301e-13 5.27296e-13 3.33533e-13 1.69599e-13 1.69599e-13 
1.66837e-15 1.03279e-14 2.18506e-14 3.50033e-14 5.08683e-14 7.42435e-14 1.08801e-13 1.62059e-13 2.45021e-13 3.7207e-13 5.67574e-13 8.68302e-13 1.32507e-12 2.01351e-12 3.03142e-12 4.49749e-12 6.54562e-12 9.30344e-12 1.28655e-11 1.72657e-11 2.24494e-11 2.82519e-11 3.44126e-11 4.05913e-11 4.64117e-11 5.15038e-11 5.55373e-11 5.82344e-11 5.93858e-11 5.88613e-11 5.66486e-11 5.28799e-11 4.78438e-11 4.19568e-11 3.56917e-11 2.95011e-11 2.37445e-11 1.86593e-11 1.4357e-11 1.08483e-11 8.07325e-12 5.93147e-12 4.31407e-12 3.11168e-12 2.22915e-12 1.58553e-12 1.11802e-12 7.74461e-13 5.14903e-13 3.02352e-13 1.14754e-13 
6.37716e-15 1.99609e-14 3.40794e-14 5.11476e-14 7.38367e-14 1.06477e-13 1.56386e-13 2.32723e-13 3.48206e-13 5.24765e-13 7.92157e-13 1.19705e-12 1.80695e-12 2.71432e-12 4.03895e-12 5.92344e-12 8.51972e-12 1.19598e-11 1.63315e-11 2.16318e-11 2.77476e-11 3.44421e-11 4.13727e-11 4.8127e-11 5.42812e-11 5.94397e-11 6.3268e-11 6.54995e-11 6.59439e-11 6.45077e-11 6.12399e-11 5.63667e-11 5.02808e-11 4.34904e-11 3.65251e-11 2.9848e-11 2.37963e-11 1.85619e-11 1.42082e-11 1.07042e-11 7.95855e-12 5.85438e-12 4.26888e-12 3.09019e-12 2.2221e-12 1.5853e-12 1.11675e-12 7.65136e-13 4.88218e-13 2.48433e-13 2.48433e-13 
3.31266e-15 1.56616e-14 3.34096e-14 5.12843e-14 7.42435e-14 1.05937e-13 1.53003e-13 2.23707e-13 3.30828e-13 4.92229e-13 7.33189e-13 1.09379e-12 1.63306e-12 2.43399e-12 3.61025e-12 5.30593e-12 7.68632e-12 1.09169e-11 1.5133e-11 2.03953e-11 2.66564e-11 3.3731e-11 4.12953e-11 4.89233e-11 5.61363e-11 6.24727e-11 6.75275e-11 7.09739e-11 7.256e-11 7.21211e-11 6.96161e-11 6.51795e-11 5.915e-11 5.20345e-11 4.4422e-11 3.68746e-11 2.98398e-11 2.36081e-11 1.83171e-11 1.39787e-11 1.05224e-11 7.83278e-12 5.7768e-12 4.22835e-12 3.07449e-12 2.2195e-12 1.58553e-12 1.11217e-12 7.46042e-13 4.41868e-13 1.67757e-13 
9.52116e-15 3.0581e-14 5.12062e-14 7.4787e-14 1.06477e-13 1.51685e-13 2.19405e-13 3.1953e-13 4.69104e-13 6.90344e-13 1.01668e-12 1.49785e-12 2.2067e-12 3.24427e-12 4.74828e-12 6.88696e-12 9.84702e-12 1.38038e-11 1.88828e-11 2.51114e-11 3.23776e-11 4.04093e-11 4.87913e-11 5.70112e-11 6.45373e-11 7.08828e-11 7.56489e-11 7.85211e-11 7.92704e-11 7.77676e-11 7.40464e-11 6.83564e-11 6.1167e-11 5.30947e-11 4.47853e-11 3.6801e-11 2.95457e-11 2.32473e-11 1.79806e-11 1.37115e-11 1.03337e-11 7.71425e-12 5.71358e-12 4.20165e-12 3.06869e-12 2.2221e-12 1.58642e-12 1.10012e-12 7.08539e-13 3.6265e-13 3.6265e-13 
5.02201e-15 2.4404e-14 5.00008e-14 7.68263e-14 1.08801e-13 1.53003e-13 2.1736e-13 3.13241e-13 4.54814e-13 6.62012e-13 9.63362e-13 1.40176e-12 2.03711e-12 2.95752e-12 4.28746e-12 6.18617e-12 8.84732e-12 1.24743e-11 1.72482e-11 2.32743e-11 3.05287e-11 3.88199e-11 4.7779e-11 5.68908e-11 6.55646e-11 7.32291e-11 7.9391e-11 8.36651e-11 8.57582e-11 8.54646e-11 8.27168e-11 7.76567e-11 7.06768e-11 6.23834e-11 5.34827e-11 4.46411e-11 3.63811e-11 2.90413e-11 2.27773e-11 1.76033e-11 1.34408e-11 1.01615e-11 7.61937e-12 5.67181e-12 4.19282e-12 3.07449e-12 2.22915e-12 1.58288e-12 1.07415e-12 6.41944e-13 2.44775e-13 
1.53069e-14 4.65271e-14 7.8181e-14 1.12327e-13 1.56386e-13 2.19405e-13 3.11231e-13 4.46966e-13 6.44349e-13 9.28827e-13 1.33655e-12 1.91967e-12 2.75092e-12 3.93715e-12 5.62182e-12 7.99124e-12 1.12594e-11 1.56456e-11 2.13255e-11 2.83708e-11 3.66914e-11 4.60025e-11 5.58235e-11 6.55395e-11 7.4496e-11 8.20965e-11 8.78597e-11 9.14203e-11 9.2506e-11 9.09571e-11 8.67995e-11 8.03225e-11 7.20834e-11 6.28118e-11 5.32613e-11 4.40747e-11 3.57051e-11 2.8407e-11 2.22612e-11 1.72294e-11 1.31983e-11 1.00246e-11 7.55781e-12 5.65734e-12 4.20165e-12 3.09019e-12 2.23746e-12 1.56949e-12 1.02153e-12 5.26908e-13 5.26908e-13 
6.87644e-15 3.86175e-14 7.7751e-14 1.16373e-13 1.62059e-13 2.23707e-13 3.13241e-13 4.44473e-13 6.34887e-13 9.07768e-13 1.29541e-12 1.84288e-12 2.61201e-12 3.69164e-12 5.20557e-12 7.31978e-12 1.02431e-11 1.42106e-11 1.94492e-11 2.61179e-11 3.4242e-11 4.36475e-11 5.39369e-11 6.45148e-11 7.46714e-11 8.37023e-11 9.10092e-11 9.6134e-11 9.87329e-11 9.85662e-11 9.55512e-11 8.98576e-11 8.19585e-11 7.25727e-11 6.2513e-11 5.25285e-11 4.31941e-11 3.48699e-11 2.7719e-11 2.17554e-11 1.68971e-11 1.30087e-11 9.9379e-12 7.53613e-12 5.67181e-12 4.22835e-12 3.11168e-12 2.23877e-12 1.53486e-12 9.24365e-13 3.53802e-13 
2.40762e-14 7.33192e-14 1.20004e-13 1.70279e-13 2.32723e-13 3.1953e-13 4.46966e-13 6.31433e-13 8.96837e-13 1.27131e-12 1.79608e-12 2.52415e-12 3.53187e-12 4.92152e-12 6.83705e-12 9.46571e-12 1.30362e-11 1.78006e-11 2.39838e-11 3.17184e-11 4.0963e-11 5.14413e-11 6.26313e-11 7.3814e-11 8.4201e-11 9.3063e-11 9.98187e-11 1.04033e-10 1.05393e-10 1.03718e-10 9.90548e-11 9.17722e-11 8.25394e-11 7.22015e-11 6.15969e-11 5.14115e-11 4.21185e-11 3.39709e-11 2.70487e-11 2.13087e-11 1.66372e-11 1.28871e-11 9.90756e-12 7.55781e-12 5.71358e-12 4.26888e-12 3.13353e-12 2.22466e-12 1.46048e-12 7.5776e-13 7.5776e-13 
1.15835e-14 6.06349e-14 1.21125e-13 1.78974e-13 2.45021e-13 3.30828e-13 4.54814e-13 6.34887e-13 8.93399e-13 1.25852e-12 1.76814e-12 2.47089e-12 3.43273e-12 4.74119e-12 6.51752e-12 8.92057e-12 1.21596e-11 1.64808e-11 2.21449e-11 2.9366e-11 3.82322e-11 4.86169e-11 6.01202e-11 7.20808e-11 8.36672e-11 9.40302e-11 1.02441e-10 1.08344e-10 1.11339e-10 1.11157e-10 1.0773e-10 1.01308e-10 9.2487e-11 8.21127e-11 7.10903e-11 6.02115e-11 5.0054e-11 4.09667e-11 3.30998e-11 2.64601e-11 2.09615e-11 1.64723e-11 1.28458e-11 9.9379e-12 7.61937e-12 5.7768e-12 4.31407e-12 3.14263e-12 2.17627e-12 1.32127e-12 5.07819e-13 
3.87785e-14 1.15463e-13 1.87714e-13 2.60323e-13 3.48206e-13 4.69104e-13 6.44349e-13 8.96837e-13 1.25474e-12 1.75396e-12 2.44072e-12 3.37391e-12 4.63158e-12 6.31751e-12 8.56838e-12 1.15616e-11 1.5522e-11 2.07085e-11 2.73808e-11 3.57303e-11 4.57794e-11 5.72919e-11 6.97254e-11 8.22722e-11 9.40025e-11 1.04034e-10 1.11659e-10 1.16361e-10 1.17782e-10 1.15752e-10 1.10394e-10 1.02214e-10 9.2031e-11 8.08018e-11 6.94076e-11 5.85283e-11 4.86031e-11 3.98519e-11 3.23356e-11 2.60018e-11 2.07407e-11 1.6416e-11 1.28871e-11 1.00246e-11 7.71425e-12 5.85438e-12 4.35367e-12 3.12503e-12 2.06948e-12 1.07951e-12 1.07951e-12 
1.85012e-14 9.72714e-14 1.91596e-13 2.78613e-13 3.7207e-13 4.92229e-13 6.62012e-13 9.07768e-13 1.25852e-12 1.74949e-12 2.42494e-12 3.34009e-12 4.56637e-12 6.19791e-12 8.35236e-12 1.11837e-11 1.48845e-11 1.96925e-11 2.58703e-11 3.36673e-11 4.32305e-11 5.44935e-11 6.70831e-11 8.02933e-11 9.31753e-11 1.04719e-10 1.14042e-10 1.20479e-10 1.23572e-10 1.23048e-10 1.18913e-10 1.1156e-10 1.01769e-10 9.0526e-11 7.87971e-11 6.7358e-11 5.673e-11 4.71994e-11 3.88753e-11 3.17415e-11 2.57118e-11 2.06656e-11 1.64723e-11 1.30087e-11 1.01615e-11 7.83278e-12 5.93147e-12 4.37099e-12 3.0547e-12 1.8663e-12 7.19773e-13 
6.17425e-14 1.83818e-13 2.95289e-13 4.01606e-13 5.24765e-13 6.90344e-13 9.28827e-13 1.27131e-12 1.75396e-12 2.42017e-12 3.32234e-12 4.52931e-12 6.12619e-12 8.22203e-12 1.0954e-11 1.44891e-11 1.9036e-11 2.48352e-11 3.21472e-11 4.11912e-11 5.20456e-11 6.45257e-11 7.80878e-11 9.18475e-11 1.04721e-10 1.15651e-10 1.23798e-10 1.28576e-10 1.29617e-10 1.26808e-10 1.20427e-10 1.11184e-10 1.00087e-10 8.81817e-11 7.63394e-11 6.51611e-11 5.49886e-11 4.597e-11 3.81173e-11 3.13658e-11 2.56132e-11 2.07407e-11 1.66372e-11 1.31983e-11 1.03337e-11 7.95855e-12 5.9924e-12 4.34217e-12 2.89741e-12 1.5182e-12 1.5182e-12 
3.05856e-14 1.55065e-13 3.03556e-13 4.3416e-13 5.67574e-13 7.33189e-13 9.63362e-13 1.29541e-12 1.76814e-12 2.42494e-12 3.31686e-12 4.50967e-12 6.08381e-12 8.1428e-12 1.0813e-11 1.42494e-11 1.86351e-11 2.41867e-11 3.11452e-11 3.97506e-11 5.01716e-11 6.23841e-11 7.6041e-11 9.03935e-11 1.04361e-10 1.16749e-10 1.26523e-10 1.32941e-10 1.35538e-10 1.34101e-10 1.28779e-10 1.20196e-10 1.09358e-10 9.73933e-11 8.52764e-11 7.36907e-11 6.30289e-11 5.34611e-11 4.50153e-11 3.7638e-11 3.12371e-11 2.57118e-11 2.09615e-11 1.68971e-11 1.34408e-11 1.05224e-11 8.07325e-12 6.01059e-12 4.23432e-12 2.60113e-12 1.00454e-12 
9.99208e-14 2.91929e-13 4.63155e-13 6.19594e-13 7.92157e-13 1.01668e-12 1.33655e-12 1.79608e-12 2.44072e-12 3.32234e-12 4.5037e-12 6.06084e-12 8.09298e-12 1.07218e-11 1.40956e-11 1.83878e-11 2.37972e-11 3.05426e-11 3.88557e-11 4.89366e-11 6.08705e-11 7.44819e-11 8.92002e-11 1.04025e-10 1.17686e-10 1.28959e-10 1.36923e-10 1.41002e-10 1.40903e-10 1.36664e-10 1.28797e-10 1.18282e-10 1.0632e-10 9.40052e-11 8.21214e-11 7.11116e-11 6.11559e-11 5.22754e-11 4.44116e-11 3.74738e-11 3.13658e-11 2.60018e-11 2.13087e-11 1.72294e-11 1.37115e-11 1.07042e-11 8.14767e-12 5.95457e-12 3.99763e-12 2.10152e-12 2.10152e-12 
4.89639e-14 2.47167e-13 4.78611e-13 6.76375e-13 8.68302e-13 1.09379e-12 1.40176e-12 1.84288e-12 2.47089e-12 3.34009e-12 4.50967e-12 6.05355e-12 8.06491e-12 1.06616e-11 1.39888e-11 1.8219e-11 2.35462e-11 3.01837e-11 3.83495e-11 4.82496e-11 6.00167e-11 7.35964e-11 8.85818e-11 1.04097e-10 1.18861e-10 1.31498e-10 1.40886e-10 1.46323e-10 1.47453e-10 1.44236e-10 1.3707e-10 1.2688e-10 1.14921e-10 1.02421e-10 9.02894e-11 7.90339e-11 6.88397e-11 5.97e-11 5.15254e-11 4.42053e-11 3.7638e-11 3.17415e-11 2.64601e-11 2.17554e-11 1.76033e-11 1.39787e-11 1.08483e-11 8.1504e-12 5.77922e-12 3.56566e-12 1.37685e-12 
1.59608e-13 4.61235e-13 7.24591e-13 9.56427e-13 1.19705e-12 1.49785e-12 1.91967e-12 2.52415e-12 3.37391e-12 4.52931e-12 6.06084e-12 8.05585e-12 1.06249e-11 1.39119e-11 1.80887e-11 2.33555e-11 2.99335e-11 3.80484e-11 4.79108e-11 5.96799e-11 7.33683e-11 8.8685e-11 1.04869e-10 1.20667e-10 1.34583e-10 1.45294e-10 1.51944e-10 1.54134e-10 1.51787e-10 1.45219e-10 1.35276e-10 1.23248e-10 1.10498e-10 9.80895e-11 8.66263e-11 7.63029e-11 6.70705e-11 5.87789e-11 5.1269e-11 4.44116e-11 3.81173e-11 3.23356e-11 2.70487e-11 2.22612e-11 1.79806e-11 1.42082e-11 1.09179e-11 8.03605e-12 5.42008e-12 2.85274e-12 2.85274e-12 
7.75007e-14 3.88982e-13 7.48465e-13 1.04816e-12 1.32507e-12 1.63306e-12 2.03711e-12 2.61201e-12 3.43273e-12 4.56637e-12 6.08381e-12 8.06491e-12 1.06131e-11 1.38634e-11 1.79861e-11 2.31906e-11 2.97136e-11 3.78061e-11 4.77094e-11 5.9616e-11 7.35931e-11 8.94284e-11 1.06439e-10 1.23386e-10 1.38652e-10 1.50691e-10 1.58459e-10 1.61502e-10 1.59786e-10 1.53604e-10 1.43732e-10 1.31467e-10 1.18306e-10 1.05497e-10 9.37746e-11 8.33664e-11 7.41707e-11 6.59495e-11 5.84639e-11 5.15254e-11 4.50153e-11 3.88753e-11 3.30998e-11 2.7719e-11 2.27773e-11 1.83171e-11 1.4357e-11 1.08674e-11 7.74742e-12 4.79285e-12 1.84925e-12 
2.50679e-13 7.20198e-13 1.12465e-12 1.46921e-12 1.80695e-12 2.2067e-12 2.75092e-12 3.53187e-12 4.63158e-12 6.12619e-12 8.09298e-12 1.06249e-11 1.38461e-11 1.79188e-11 2.30514e-11 2.94994e-11 3.75483e-11 4.74911e-11 5.95841e-11 7.39741e-11 9.05318e-11 1.08645e-10 1.27063e-10 1.4401e-10 1.57634e-10 1.66592e-10 1.70334e-10 1.68934e-10 1.62797e-10 1.52687e-10 1.39893e-10 1.26042e-10 1.1259e-10 1.00446e-10 8.99037e-11 8.08101e-11 7.28176e-11 6.55662e-11 5.87789e-11 5.22754e-11 4.597e-11 3.98519e-11 3.39709e-11 2.8407e-11 2.32473e-11 1.85619e-11 1.43768e-11 1.06434e-11 7.20434e-12 3.79147e-12 3.79147e-12 
1.21841e-13 6.05162e-13 1.15753e-12 1.61161e-12 2.01351e-12 2.43399e-12 2.95752e-12 3.69164e-12 4.74119e-12 6.19791e-12 8.1428e-12 1.06616e-11 1.38634e-11 1.78948e-11 2.29565e-11 2.93088e-11 3.72699e-11 4.71937e-11 5.94305e-11 7.4242e-11 9.16359e-11 1.11112e-10 1.31436e-10 1.50655e-10 1.66502e-10 1.77109e-10 1.81628e-10 1.80247e-10 1.73672e-10 1.62834e-10 1.4905e-10 1.34063e-10 1.19572e-10 1.06705e-10 9.58595e-11 8.68455e-11 7.9182e-11 7.23537e-11 6.59495e-11 5.97e-11 5.34611e-11 4.71994e-11 4.09667e-11 3.48699e-11 2.90413e-11 2.36081e-11 1.86593e-11 1.42112e-11 1.0172e-11 6.30092e-12 2.42499e-12 
3.89332e-13 1.10641e-12 1.72224e-12 2.23594e-12 2.71432e-12 3.24427e-12 3.93715e-12 4.92152e-12 6.31751e-12 8.22203e-12 1.07218e-11 1.39119e-11 1.79188e-11 2.29218e-11 2.91736e-11 3.70107e-11 4.68403e-11 5.91143e-11 7.42462e-11 9.24385e-11 1.13395e-10 1.36003e-10 1.58199e-10 1.77254e-10 1.90521e-10 1.96434e-10 1.95039e-10 1.87496e-10 1.75221e-10 1.59749e-10 1.42961e-10 1.26821e-10 1.12743e-10 1.01271e-10 9.21968e-11 8.48871e-11 7.86234e-11 7.28176e-11 6.70705e-11 6.11559e-11 5.49886e-11 4.86031e-11 4.21185e-11 3.57051e-11 2.95457e-11 2.37963e-11 1.85499e-11 1.37946e-11 9.35971e-12 4.9169e-12 4.9169e-12 
1.88223e-13 9.23413e-13 1.75927e-12 2.44225e-12 3.03142e-12 3.61025e-12 4.28746e-12 5.20557e-12 6.51752e-12 8.35236e-12 1.0813e-11 1.39888e-11 1.79861e-11 2.29565e-11 2.91254e-11 3.6825e-11 4.65012e-11 5.86938e-11 7.39754e-11 9.27876e-11 1.15138e-10 1.40197e-10 1.65973e-10 1.8936e-10 2.06776e-10 2.15466e-10 2.14705e-10 2.059e-10 1.91346e-10 1.73206e-10 1.53659e-10 1.34974e-10 1.1893e-10 1.06295e-10 9.68654e-11 8.98315e-11 8.42131e-11 7.9182e-11 7.41707e-11 6.88397e-11 6.30289e-11 5.673e-11 5.0054e-11 4.31941e-11 3.63811e-11 2.98398e-11 2.37445e-11 1.81715e-11 1.30467e-11 8.08269e-12 3.09897e-12 
5.91834e-13 1.66644e-12 2.59035e-12 3.35346e-12 4.03895e-12 4.74828e-12 5.62182e-12 6.83705e-12 8.56838e-12 1.0954e-11 1.40956e-11 1.80887e-11 2.30514e-11 2.91736e-11 3.6758e-11 4.62573e-11 5.82768e-11 7.3529e-11 9.26982e-11 1.1617e-10 1.43566e-10 1.7323e-10 2.01939e-10 2.25224e-10 2.3874e-10 2.40241e-10 2.30641e-10 2.13116e-10 1.91107e-10 1.6752e-10 1.45043e-10 1.25923e-10 1.11277e-10 1.00967e-10 9.39863e-11 8.90133e-11 8.48871e-11 8.08101e-11 7.63029e-11 7.11116e-11 6.51611e-11 5.85283e-11 5.14115e-11 4.40747e-11 3.6801e-11 2.9848e-11 2.33881e-11 1.74523e-11 1.18573e-11 6.20979e-12 6.20979e-12 
2.85344e-13 1.37916e-12 2.61978e-12 3.6345e-12 4.49749e-12 5.30593e-12 6.18617e-12 7.31978e-12 8.92057e-12 1.11837e-11 1.42494e-11 1.8219e-11 2.31906e-11 2.93088e-11 3.6825e-11 4.6168e-11 5.79732e-11 7.30557e-11 9.23127e-11 1.1652e-10 1.45883e-10 1.79358e-10 2.13998e-10 2.44765e-10 2.65596e-10 2.71896e-10 2.63105e-10 2.42647e-10 2.15578e-10 1.86388e-10 1.58531e-10 1.34805e-10 1.16874e-10 1.0481e-10 9.74313e-11 9.29837e-11 8.98315e-11 8.68455e-11 8.33664e-11 7.90339e-11 7.36907e-11 6.7358e-11 6.02115e-11 5.25285e-11 4.46411e-11 3.68746e-11 2.95011e-11 2.2663e-11 1.63057e-11 1.00937e-11 3.84883e-12 
8.7983e-13 2.4532e-12 3.81245e-12 4.9368e-12 5.92344e-12 6.88696e-12 7.99124e-12 9.46571e-12 1.15616e-11 1.44891e-11 1.83878e-11 2.33555e-11 2.94994e-11 3.70107e-11 4.62573e-11 5.78619e-11 7.27021e-11 9.18328e-11 1.16376e-10 1.47166e-10 1.84009e-10 2.24671e-10 2.64095e-10 2.94774e-10 3.09224e-10 3.04019e-10 2.81837e-10 2.49101e-10 2.12596e-10 1.7745e-10 1.47222e-10 1.24235e-10 1.0905e-10 1.00448e-10 9.61901e-11 9.39863e-11 9.21968e-11 8.99037e-11 8.66263e-11 8.21214e-11 7.63394e-11 6.94076e-11 6.15969e-11 5.32613e-11 4.47853e-11 3.65251e-11 2.87377e-11 2.15017e-11 1.46173e-11 7.62103e-12 7.62103e-12 
4.26342e-13 2.01065e-12 3.80685e-12 5.28795e-12 6.54562e-12 7.68632e-12 8.84732e-12 1.02431e-11 1.21596e-11 1.48845e-11 1.86351e-11 2.35462e-11 2.97136e-11 3.72699e-11 4.65012e-11 5.79732e-11 7.25714e-11 9.1451e-11 1.15997e-10 1.47634e-10 1.87135e-10 2.33367e-10 2.8195e-10 3.24636e-10 3.50964e-10 3.53442e-10 3.32145e-10 2.94192e-10 2.49008e-10 2.04379e-10 1.65395e-10 1.3515e-10 1.14893e-10 1.03688e-10 9.89028e-11 9.74313e-11 9.68654e-11 9.58595e-11 9.37746e-11 9.02894e-11 8.52764e-11 7.87971e-11 7.10903e-11 6.2513e-11 5.34827e-11 4.4422e-11 3.56917e-11 2.75036e-11 1.98187e-11 1.22469e-11 4.6371e-12 
1.27718e-12 3.51936e-12 5.47135e-12 7.09943e-12 8.51972e-12 9.84702e-12 1.12594e-11 1.30362e-11 1.5522e-11 1.9036e-11 2.37972e-11 2.99335e-11 3.75483e-11 4.68403e-11 5.82768e-11 7.27021e-11 9.13081e-11 1.15646e-10 1.47615e-10 1.8895e-10 2.39857e-10 2.97313e-10 3.53366e-10 3.95224e-10 4.10373e-10 3.94395e-10 3.53209e-10 2.98815e-10 2.42587e-10 1.92209e-10 1.52083e-10 1.24268e-10 1.08402e-10 1.01772e-10 1.00448e-10 1.00967e-10 1.01271e-10 1.00446e-10 9.80895e-11 9.40052e-11 8.81817e-11 8.08018e-11 7.22015e-11 6.28118e-11 5.30947e-11 4.34904e-11 3.43334e-11 2.57433e-11 1.75019e-11 9.07256e-12 9.07256e-12 
6.22168e-13 2.85338e-12 5.38347e-12 7.49671e-12 9.30344e-12 1.09169e-11 1.24743e-11 1.42106e-11 1.64808e-11 1.96925e-11 2.41867e-11 3.01837e-11 3.78061e-11 4.71937e-11 5.86938e-11 7.30557e-11 9.1451e-11 1.15506e-10 1.47447e-10 1.89831e-10 2.44265e-10 3.09581e-10 3.79309e-10 4.39586e-10 4.73014e-10 4.68319e-10 4.2795e-10 3.65234e-10 2.95846e-10 2.31287e-10 1.78243e-10 1.39866e-10 1.1662e-10 1.06066e-10 1.03688e-10 1.0481e-10 1.06295e-10 1.06705e-10 1.05497e-10 1.02421e-10 9.73933e-11 9.0526e-11 8.21127e-11 7.25727e-11 6.23834e-11 5.20345e-11 4.19568e-11 3.24162e-11 2.33859e-11 1.44148e-11 5.41252e-12 
1.80828e-12 4.90848e-12 7.63434e-12 9.94094e-12 1.19598e-11 1.38038e-11 1.56456e-11 1.78006e-11 2.07085e-11 2.48352e-11 3.05426e-11 3.80484e-11 4.74911e-11 5.91143e-11 7.3529e-11 9.18328e-11 1.15646e-10 1.47364e-10 1.90177e-10 2.46956e-10 3.18614e-10 4.01216e-10 4.81586e-10 5.38555e-10 5.52874e-10 5.19478e-10 4.5111e-10 3.67994e-10 2.86734e-10 2.17468e-10 1.65179e-10 1.31196e-10 1.13853e-10 1.08402e-10 1.0905e-10 1.11277e-10 1.12743e-10 1.1259e-10 1.10498e-10 1.0632e-10 1.00087e-10 9.2031e-11 8.25394e-11 7.20834e-11 6.1167e-11 5.02808e-11 3.98114e-11 2.9909e-11 2.03268e-11 1.04606e-11 1.04606e-11 
8.90901e-13 3.93851e-12 7.39592e-12 1.03253e-11 1.28655e-11 1.5133e-11 1.72482e-11 1.94492e-11 2.21449e-11 2.58703e-11 3.11452e-11 3.83495e-11 4.77094e-11 5.94305e-11 7.39754e-11 9.23127e-11 1.15997e-10 1.47447e-10 1.9026e-10 2.48359e-10 3.24635e-10 4.18353e-10 5.18939e-10 6.03658e-10 6.45222e-10 6.2801e-10 5.59077e-10 4.6279e-10 3.62704e-10 2.7387e-10 2.04075e-10 1.55806e-10 1.28044e-10 1.1662e-10 1.14893e-10 1.16874e-10 1.1893e-10 1.19572e-10 1.18306e-10 1.14921e-10 1.09358e-10 1.01769e-10 9.2487e-11 8.19585e-11 7.06768e-11 5.915e-11 4.78438e-11 3.70572e-11 2.67597e-11 1.64404e-11 6.11057e-12 
2.49526e-12 6.64899e-12 1.03393e-11 1.35157e-11 1.63315e-11 1.88828e-11 2.13255e-11 2.39838e-11 2.73808e-11 3.21472e-11 3.88557e-11 4.79108e-11 5.95841e-11 7.42462e-11 9.26982e-11 1.16376e-10 1.47615e-10 1.90177e-10 2.48787e-10 3.28028e-10 4.3047e-10 5.49745e-10 6.64582e-10 7.41029e-10 7.50926e-10 6.90633e-10 5.84093e-10 4.63701e-10 3.51805e-10 2.60446e-10 1.94251e-10 1.5238e-10 1.31196e-10 1.24268e-10 1.24235e-10 1.25923e-10 1.26821e-10 1.26042e-10 1.23248e-10 1.18282e-10 1.11184e-10 1.02214e-10 9.17722e-11 8.03225e-11 6.83564e-11 5.63667e-11 4.4757e-11 3.36876e-11 2.28773e-11 1.167e-11 1.167e-11 
1.24766e-12 5.28314e-12 9.85602e-12 1.37911e-11 1.72657e-11 2.03953e-11 2.32743e-11 2.61179e-11 2.9366e-11 3.36673e-11 3.97506e-11 4.82496e-11 5.9616e-11 7.4242e-11 9.27876e-11 1.1652e-10 1.47634e-10 1.89831e-10 2.48359e-10 3.29112e-10 4.37632e-10 5.72595e-10 7.17419e-10 8.34842e-10 8.83306e-10 8.443e-10 7.3476e-10 5.94258e-10 4.56403e-10 3.38898e-10 2.50175e-10 1.90626e-10 1.55806e-10 1.39866e-10 1.3515e-10 1.34805e-10 1.34974e-10 1.34063e-10 1.31467e-10 1.2688e-10 1.20196e-10 1.1156e-10 1.01308e-10 8.98576e-11 7.76567e-11 6.51795e-11 5.28799e-11 4.10588e-11 2.96736e-11 1.81538e-11 6.66492e-12 
3.354e-12 8.73922e-12 1.35727e-11 1.78105e-11 2.16318e-11 2.51114e-11 2.83708e-11 3.17184e-11 3.57303e-11 4.11912e-11 4.89366e-11 5.96799e-11 7.39741e-11 9.24385e-11 1.1617e-10 1.47166e-10 1.8895e-10 2.46956e-10 3.28028e-10 4.39982e-10 5.8657e-10 7.58373e-10 9.19898e-10 1.01846e-09 1.01618e-09 9.1612e-10 7.58859e-10 5.92459e-10 4.45092e-10 3.28476e-10 2.46326e-10 1.94251e-10 1.65179e-10 1.52083e-10 1.47222e-10 1.45043e-10 1.42961e-10 1.39893e-10 1.35276e-10 1.28797e-10 1.20427e-10 1.10394e-10 9.90548e-11 8.67995e-11 7.40464e-11 6.12399e-11 4.87665e-11 3.67721e-11 2.49404e-11 1.25881e-11 1.25881e-11 
1.70615e-12 6.88446e-12 1.27332e-11 1.78465e-11 2.24494e-11 2.66564e-11 3.05287e-11 3.4242e-11 3.82322e-11 4.32305e-11 5.01716e-11 6.00167e-11 7.35931e-11 9.16359e-11 1.15138e-10 1.45883e-10 1.87135e-10 2.44265e-10 3.24635e-10 4.37632e-10 5.9124e-10 7.84189e-10 9.88351e-10 1.14615e-09 1.19879e-09 1.12643e-09 9.62272e-10 7.66045e-10 5.8389e-10 4.35163e-10 3.24512e-10 2.50175e-10 2.04075e-10 1.78243e-10 1.65395e-10 1.58531e-10 1.53659e-10 1.4905e-10 1.43732e-10 1.3707e-10 1.28779e-10 1.18913e-10 1.0773e-10 9.55512e-11 8.27168e-11 6.96161e-11 5.66486e-11 4.40941e-11 3.18851e-11 1.94035e-11 7.01775e-12 
4.38962e-12 1.11431e-11 1.72616e-11 2.2727e-11 2.77476e-11 3.23776e-11 3.66914e-11 4.0963e-11 4.57794e-11 5.20456e-11 6.08705e-11 7.33683e-11 9.05318e-11 1.13395e-10 1.43566e-10 1.84009e-10 2.39857e-10 3.18614e-10 4.3047e-10 5.8657e-10 7.92984e-10 1.03261e-09 1.25258e-09 1.37777e-09 1.35653e-09 1.20402e-09 9.84352e-10 7.62535e-10 5.75083e-10 4.31294e-10 3.28476e-10 2.60446e-10 2.17468e-10 1.92209e-10 1.7745e-10 1.6752e-10 1.59749e-10 1.52687e-10 1.45219e-10 1.36664e-10 1.26808e-10 1.15752e-10 1.03718e-10 9.09571e-11 7.77676e-11 6.45077e-11 5.15139e-11 3.89086e-11 2.63389e-11 1.31215e-11 1.31215e-11 
2.27212e-12 8.71491e-12 1.59458e-11 2.23638e-11 2.82519e-11 3.3731e-11 3.88199e-11 4.36475e-11 4.86169e-11 5.44935e-11 6.23841e-11 7.35964e-11 8.94284e-11 1.11112e-10 1.40197e-10 1.79358e-10 2.33367e-10 3.09581e-10 4.18353e-10 5.72595e-10 7.84189e-10 1.04796e-09 1.32308e-09 1.53166e-09 1.588e-09 1.47281e-09 1.24665e-09 9.89307e-10 7.56153e-10 5.71493e-10 4.35163e-10 3.38898e-10 2.7387e-10 2.31287e-10 2.04379e-10 1.86388e-10 1.73206e-10 1.62834e-10 1.53604e-10 1.44236e-10 1.34101e-10 1.23048e-10 1.11157e-10 9.85662e-11 8.54646e-11 7.21211e-11 5.88613e-11 4.59234e-11 3.32109e-11 2.00744e-11 7.12974e-12 
5.5914e-12 1.37869e-11 2.12717e-11 2.80745e-11 3.44421e-11 4.04093e-11 4.60025e-11 5.14413e-11 5.72919e-11 6.45257e-11 7.44819e-11 8.8685e-11 1.08645e-10 1.36003e-10 1.7323e-10 2.24671e-10 2.97313e-10 4.01216e-10 5.49745e-10 7.58373e-10 1.03261e-09 1.3479e-09 1.6357e-09 1.79136e-09 1.7475e-09 1.54085e-09 1.26214e-09 9.87017e-10 7.53243e-10 5.75083e-10 4.45092e-10 3.51805e-10 2.86734e-10 2.42587e-10 2.12596e-10 1.91107e-10 1.75221e-10 1.62797e-10 1.51787e-10 1.40903e-10 1.29617e-10 1.17782e-10 1.05393e-10 9.2506e-11 7.92704e-11 6.59439e-11 5.28024e-11 3.99329e-11 2.69555e-11 1.32171e-11 1.32171e-11 
2.94289e-12 1.07179e-11 1.93652e-11 2.71457e-11 3.44126e-11 4.12953e-11 4.7779e-11 5.39369e-11 6.01202e-11 6.70831e-11 7.6041e-11 8.85818e-11 1.06439e-10 1.31436e-10 1.65973e-10 2.13998e-10 2.8195e-10 3.79309e-10 5.18939e-10 7.17419e-10 9.88351e-10 1.32308e-09 1.67266e-09 1.93068e-09 1.99232e-09 1.84406e-09 1.56963e-09 1.26409e-09 9.85283e-10 7.56153e-10 5.8389e-10 4.56403e-10 3.62704e-10 2.95846e-10 2.49008e-10 2.15578e-10 1.91346e-10 1.73672e-10 1.59786e-10 1.47453e-10 1.35538e-10 1.23572e-10 1.11339e-10 9.87329e-11 8.57582e-11 7.256e-11 5.93858e-11 4.64246e-11 3.35529e-11 2.01096e-11 6.98672e-12 
6.92735e-12 1.65571e-11 2.54113e-11 3.35867e-11 4.13727e-11 4.87913e-11 5.58235e-11 6.26313e-11 6.97254e-11 7.80878e-11 8.92002e-11 1.04869e-10 1.27063e-10 1.58199e-10 2.01939e-10 2.64095e-10 3.53366e-10 4.81586e-10 6.64582e-10 9.19898e-10 1.25258e-09 1.6357e-09 1.9804e-09 2.16198e-09 2.11673e-09 1.88803e-09 1.57745e-09 1.26328e-09 9.87017e-10 7.62535e-10 5.92459e-10 4.63701e-10 3.67994e-10 2.98815e-10 2.49101e-10 2.13116e-10 1.87496e-10 1.68934e-10 1.54134e-10 1.41002e-10 1.28576e-10 1.16361e-10 1.04033e-10 9.14203e-11 7.85211e-11 6.54995e-11 5.25708e-11 3.97872e-11 2.67495e-11 1.28686e-11 1.28686e-11 
3.698e-12 1.2807e-11 2.28186e-11 3.19368e-11 4.05913e-11 4.89233e-11 5.68908e-11 6.45148e-11 7.20808e-11 8.02933e-11 9.03935e-11 1.04097e-10 1.23386e-10 1.50655e-10 1.8936e-10 2.44765e-10 3.24636e-10 4.39586e-10 6.03658e-10 8.34842e-10 1.14615e-09 1.53166e-09 1.93068e-09 2.22258e-09 2.30748e-09 2.17643e-09 1.90366e-09 1.57815e-09 1.26409e-09 9.89307e-10 7.66045e-10 5.94258e-10 4.6279e-10 3.65234e-10 2.94192e-10 2.42647e-10 2.059e-10 1.80247e-10 1.61502e-10 1.46323e-10 1.32941e-10 1.20479e-10 1.08344e-10 9.6134e-11 8.36651e-11 7.09739e-11 5.82344e-11 4.55936e-11 3.29057e-11 1.95187e-11 6.60279e-12 
8.33898e-12 1.931e-11 2.94495e-11 3.89447e-11 4.8127e-11 5.70112e-11 6.55395e-11 7.3814e-11 8.22722e-11 9.18475e-11 1.04025e-10 1.20667e-10 1.4401e-10 1.77254e-10 2.25224e-10 2.94774e-10 3.95224e-10 5.38555e-10 7.41029e-10 1.01846e-09 1.37777e-09 1.79136e-09 2.16198e-09 2.37498e-09 2.37997e-09 2.20146e-09 1.90704e-09 1.57745e-09 1.26214e-09 9.84352e-10 7.58859e-10 5.84093e-10 4.5111e-10 3.53209e-10 2.81837e-10 2.30641e-10 1.95039e-10 1.70334e-10 1.51944e-10 1.36923e-10 1.23798e-10 1.11659e-10 9.98187e-11 8.78597e-11 7.56489e-11 6.3268e-11 5.08817e-11 3.8513e-11 2.57594e-11 1.21166e-11 1.21166e-11 
4.49993e-12 1.48708e-11 2.61068e-11 3.64528e-11 4.64117e-11 5.61363e-11 6.55646e-11 7.46714e-11 8.36672e-11 9.31753e-11 1.04361e-10 1.18861e-10 1.38652e-10 1.66502e-10 2.06776e-10 2.65596e-10 3.50964e-10 4.73014e-10 6.45222e-10 8.83306e-10 1.19879e-09 1.588e-09 1.99232e-09 2.30748e-09 2.45072e-09 2.41348e-09 2.2088e-09 1.90366e-09 1.56963e-09 1.24665e-09 9.62272e-10 7.3476e-10 5.59077e-10 4.2795e-10 3.32145e-10 2.63105e-10 2.14705e-10 1.81628e-10 1.58459e-10 1.40886e-10 1.26523e-10 1.14042e-10 1.02441e-10 9.10092e-11 7.9391e-11 6.75275e-11 5.55373e-11 4.35298e-11 3.13466e-11 1.83684e-11 6.01931e-12 
9.74377e-12 2.18785e-11 3.31394e-11 4.38181e-11 5.42812e-11 6.45373e-11 7.4496e-11 8.4201e-11 9.40025e-11 1.04721e-10 1.17686e-10 1.34583e-10 1.57634e-10 1.90521e-10 2.3874e-10 3.09224e-10 4.10373e-10 5.52874e-10 7.50926e-10 1.01618e-09 1.35653e-09 1.7475e-09 2.11673e-09 2.37997e-09 2.48591e-09 2.4249e-09 2.20146e-09 1.88803e-09 1.54085e-09 1.20402e-09 9.1612e-10 6.90633e-10 5.19478e-10 3.94395e-10 3.04019e-10 2.40241e-10 1.96434e-10 1.66592e-10 1.45294e-10 1.28959e-10 1.15651e-10 1.04034e-10 9.3063e-11 8.20965e-11 7.08828e-11 5.94397e-11 4.78887e-11 3.62356e-11 2.40857e-11 1.10408e-11 1.10408e-11 
5.29592e-12 1.67726e-11 2.90189e-11 4.04066e-11 5.15038e-11 6.24727e-11 7.32291e-11 8.37023e-11 9.40302e-11 1.04719e-10 1.16749e-10 1.31498e-10 1.50691e-10 1.77109e-10 2.15466e-10 2.71896e-10 3.53442e-10 4.68319e-10 6.2801e-10 8.443e-10 1.12643e-09 1.47281e-09 1.84406e-09 2.17643e-09 2.41348e-09 2.49831e-09 2.41348e-09 2.17643e-09 1.84406e-09 1.47281e-09 1.12643e-09 8.443e-10 6.2801e-10 4.68319e-10 3.53442e-10 2.71896e-10 2.15466e-10 1.77109e-10 1.50691e-10 1.31498e-10 1.16749e-10 1.04719e-10 9.40302e-11 8.37023e-11 7.32291e-11 6.24727e-11 5.15038e-11 4.04066e-11 2.90189e-11 1.67726e-11 5.29592e-12 
1.10408e-11 2.40857e-11 3.62356e-11 4.78887e-11 5.94397e-11 7.08828e-11 8.20965e-11 9.3063e-11 1.04034e-10 1.15651e-10 1.28959e-10 1.45294e-10 1.66592e-10 1.96434e-10 2.40241e-10 3.04019e-10 3.94395e-10 5.19478e-10 6.90633e-10 9.1612e-10 1.20402e-09 1.54085e-09 1.88803e-09 2.20146e-09 2.4249e-09 2.48591e-09 2.37997e-09 2.11673e-09 1.7475e-09 1.35653e-09 1.01618e-09 7.50926e-10 5.52874e-10 4.10373e-10 3.09224e-10 2.3874e-10 1.90521e-10 1.57634e-10 1.34583e-10 1.17686e-10 1.04721e-10 9.40025e-11 8.4201e-11 7.4496e-11 6.45373e-11 5.42812e-11 4.38181e-11 3.31394e-11 2.18785e-11 9.74377e-12 9.74377e-12 
6.01931e-12 1.83684e-11 3.13466e-11 4.35298e-11 5.55373e-11 6.75275e-11 7.9391e-11 9.10092e-11 1.02441e-10 1.14042e-10 1.26523e-10 1.40886e-10 1.58459e-10 1.81628e-10 2.14705e-10 2.63105e-10 3.32145e-10 4.2795e-10 5.59077e-10 7.3476e-10 9.62272e-10 1.24665e-09 1.56963e-09 1.90366e-09 2.2088e-09 2.41348e-09 2.45072e-09 2.30748e-09 1.99232e-09 1.588e-09 1.19879e-09 8.83306e-10 6.45222e-10 4.73014e-10 3.50964e-10 2.65596e-10 2.06776e-10 1.66502e-10 1.38652e-10 1.18861e-10 1.04361e-10 9.31753e-11 8.36672e-11 7.46714e-11 6.55646e-11 5.61363e-11 4.64117e-11 3.64528e-11 2.61068e-11 1.48708e-11 4.49993e-12 
1.21166e-11 2.57594e-11 3.8513e-11 5.08817e-11 6.3268e-11 7.56489e-11 8.78597e-11 9.98187e-11 1.11659e-10 1.23798e-10 1.36923e-10 1.51944e-10 1.70334e-10 1.95039e-10 2.30641e-10 2.81837e-10 3.53209e-10 4.5111e-10 5.84093e-10 7.58859e-10 9.84352e-10 1.26214e-09 1.57745e-09 1.90704e-09 2.20146e-09 2.37997e-09 2.37498e-09 2.16198e-09 1.79136e-09 1.37777e-09 1.01846e-09 7.41029e-10 5.38555e-10 3.95224e-10 2.94774e-10 2.25224e-10 1.77254e-10 1.4401e-10 1.20667e-10 1.04025e-10 9.18475e-11 8.22722e-11 7.3814e-11 6.55395e-11 5.70112e-11 4.8127e-11 3.89447e-11 2.94495e-11 1.931e-11 8.33898e-12 8.33898e-12 
6.60279e-12 1.95187e-11 3.29057e-11 4.55936e-11 5.82344e-11 7.09739e-11 8.36651e-11 9.6134e-11 1.08344e-10 1.20479e-10 1.32941e-10 1.46323e-10 1.61502e-10 1.80247e-10 2.059e-10 2.42647e-10 2.94192e-10 3.65234e-10 4.6279e-10 5.94258e-10 7.66045e-10 9.89307e-10 1.26409e-09 1.57815e-09 1.90366e-09 2.17643e-09 2.30748e-09 2.22258e-09 1.93068e-09 1.53166e-09 1.14615e-09 8.34842e-10 6.03658e-10 4.39586e-10 3.24636e-10 2.44765e-10 1.8936e-10 1.50655e-10 1.23386e-10 1.04097e-10 9.03935e-11 8.02933e-11 7.20808e-11 6.45148e-11 5.68908e-11 4.89233e-11 4.05913e-11 3.19368e-11 2.28186e-11 1.2807e-11 3.698e-12 
1.28686e-11 2.67495e-11 3.97872e-11 5.25708e-11 6.54995e-11 7.85211e-11 9.14203e-11 1.04033e-10 1.16361e-10 1.28576e-10 1.41002e-10 1.54134e-10 1.68934e-10 1.87496e-10 2.13116e-10 2.49101e-10 2.98815e-10 3.67994e-10 4.63701e-10 5.92459e-10 7.62535e-10 9.87017e-10 1.26328e-09 1.57745e-09 1.88803e-09 2.11673e-09 2.16198e-09 1.9804e-09 1.6357e-09 1.25258e-09 9.19898e-10 6.64582e-10 4.81586e-10 3.53366e-10 2.64095e-10 2.01939e-10 1.58199e-10 1.27063e-10 1.04869e-10 8.92002e-11 7.80878e-11 6.97254e-11 6.26313e-11 5.58235e-11 4.87913e-11 4.13727e-11 3.35867e-11 2.54113e-11 1.65571e-11 6.92735e-12 6.92735e-12 
6.98672e-12 2.01096e-11 3.35529e-11 4.64246e-11 5.93858e-11 7.256e-11 8.57582e-11 9.87329e-11 1.11339e-10 1.23572e-10 1.35538e-10 1.47453e-10 1.59786e-10 1.73672e-10 1.91346e-10 2.15578e-10 2.49008e-10 2.95846e-10 3.62704e-10 4.56403e-10 5.8389e-10 7.56153e-10 9.85283e-10 1.26409e-09 1.56963e-09 1.84406e-09 1.99232e-09 1.93068e-09 1.67266e-09 1.32308e-09 9.88351e-10 7.17419e-10 5.18939e-10 3.79309e-10 2.8195e-10 2.13998e-10 1.65973e-10 1.31436e-10 1.06439e-10 8.85818e-11 7.6041e-11 6.70831e-11 6.01202e-11 5.39369e-11 4.7779e-11 4.12953e-11 3.44126e-11 2.71457e-11 1.93652e-11 1.07179e-11 2.94289e-12 
1.32171e-11 2.69555e-11 3.99329e-11 5.28024e-11 6.59439e-11 7.92704e-11 9.2506e-11 1.05393e-10 1.17782e-10 1.29617e-10 1.40903e-10 1.51787e-10 1.62797e-10 1.75221e-10 1.91107e-10 2.12596e-10 2.42587e-10 2.86734e-10 3.51805e-10 4.45092e-10 5.75083e-10 7.53243e-10 9.87017e-10 1.26214e-09 1.54085e-09 1.7475e-09 1.79136e-09 1.6357e-09 1.3479e-09 1.03261e-09 7.58373e-10 5.49745e-10 4.01216e-10 2.97313e-10 2.24671e-10 1.7323e-10 1.36003e-10 1.08645e-10 8.8685e-11 7.44819e-11 6.45257e-11 5.72919e-11 5.14413e-11 4.60025e-11 4.04093e-11 3.44421e-11 2.80745e-11 2.12717e-11 1.37869e-11 5.5914e-12 5.5914e-12 
7.12974e-12 2.00744e-11 3.32109e-11 4.59234e-11 5.88613e-11 7.21211e-11 8.54646e-11 9.85662e-11 1.11157e-10 1.23048e-10 1.34101e-10 1.44236e-10 1.53604e-10 1.62834e-10 1.73206e-10 1.86388e-10 2.04379e-10 2.31287e-10 2.7387e-10 3.38898e-10 4.35163e-10 5.71493e-10 7.56153e-10 9.89307e-10 1.24665e-09 1.47281e-09 1.588e-09 1.53166e-09 1.32308e-09 1.04796e-09 7.84189e-10 5.72595e-10 4.18353e-10 3.09581e-10 2.33367e-10 1.79358e-10 1.40197e-10 1.11112e-10 8.94284e-11 7.35964e-11 6.23841e-11 5.44935e-11 4.86169e-11 4.36475e-11 3.88199e-11 3.3731e-11 2.82519e-11 2.23638e-11 1.59458e-11 8.71491e-12 2.27212e-12 
1.31215e-11 2.63389e-11 3.89086e-11 5.15139e-11 6.45077e-11 7.77676e-11 9.09571e-11 1.03718e-10 1.15752e-10 1.26808e-10 1.36664e-10 1.45219e-10 1.52687e-10 1.59749e-10 1.6752e-10 1.7745e-10 1.92209e-10 2.17468e-10 2.60446e-10 3.28476e-10 4.31294e-10 5.75083e-10 7.62535e-10 9.84352e-10 1.20402e-09 1.35653e-09 1.37777e-09 1.25258e-09 1.03261e-09 7.92984e-10 5.8657e-10 4.3047e-10 3.18614e-10 2.39857e-10 1.84009e-10 1.43566e-10 1.13395e-10 9.05318e-11 7.33683e-11 6.08705e-11 5.20456e-11 4.57794e-11 4.0963e-11 3.66914e-11 3.23776e-11 2.77476e-11 2.2727e-11 1.72616e-11 1.11431e-11 4.38962e-12 4.38962e-12 
7.01775e-12 1.94035e-11 3.18851e-11 4.40941e-11 5.66486e-11 6.96161e-11 8.27168e-11 9.55512e-11 1.0773e-10 1.18913e-10 1.28779e-10 1.3707e-10 1.43732e-10 1.4905e-10 1.53659e-10 1.58531e-10 1.65395e-10 1.78243e-10 2.04075e-10 2.50175e-10 3.24512e-10 4.35163e-10 5.8389e-10 7.66045e-10 9.62272e-10 1.12643e-09 1.19879e-09 1.14615e-09 9.88351e-10 7.84189e-10 5.9124e-10 4.37632e-10 3.24635e-10 2.44265e-10 1.87135e-10 1.45883e-10 1.15138e-10 9.16359e-11 7.35931e-11 6.00167e-11 5.01716e-11 4.32305e-11 3.82322e-11 3.4242e-11 3.05287e-11 2.66564e-11 2.24494e-11 1.78465e-11 1.27332e-11 6.88446e-12 1.70615e-12 
1.25881e-11 2.49404e-11 3.67721e-11 4.87665e-11 6.12399e-11 7.40464e-11 8.67995e-11 9.90548e-11 1.10394e-10 1.20427e-10 1.28797e-10 1.35276e-10 1.39893e-10 1.42961e-10 1.45043e-10 1.47222e-10 1.52083e-10 1.65179e-10 1.94251e-10 2.46326e-10 3.28476e-10 4.45092e-10 5.92459e-10 7.58859e-10 9.1612e-10 1.01618e-09 1.01846e-09 9.19898e-10 7.58373e-10 5.8657e-10 4.39982e-10 3.28028e-10 2.46956e-10 1.8895e-10 1.47166e-10 1.1617e-10 9.24385e-11 7.39741e-11 5.96799e-11 4.89366e-11 4.11912e-11 3.57303e-11 3.17184e-11 2.83708e-11 2.51114e-11 2.16318e-11 1.78105e-11 1.35727e-11 8.73922e-12 3.354e-12 3.354e-12 
6.66492e-12 1.81538e-11 2.96736e-11 4.10588e-11 5.28799e-11 6.51795e-11 7.76567e-11 8.98576e-11 1.01308e-10 1.1156e-10 1.20196e-10 1.2688e-10 1.31467e-10 1.34063e-10 1.34974e-10 1.34805e-10 1.3515e-10 1.39866e-10 1.55806e-10 1.90626e-10 2.50175e-10 3.38898e-10 4.56403e-10 5.94258e-10 7.3476e-10 8.443e-10 8.83306e-10 8.34842e-10 7.17419e-10 5.72595e-10 4.37632e-10 3.29112e-10 2.48359e-10 1.89831e-10 1.47634e-10 1.1652e-10 9.27876e-11 7.4242e-11 5.9616e-11 4.82496e-11 3.97506e-11 3.36673e-11 2.9366e-11 2.61179e-11 2.32743e-11 2.03953e-11 1.72657e-11 1.37911e-11 9.85602e-12 5.28314e-12 1.24766e-12 
1.167e-11 2.28773e-11 3.36876e-11 4.4757e-11 5.63667e-11 6.83564e-11 8.03225e-11 9.17722e-11 1.02214e-10 1.11184e-10 1.18282e-10 1.23248e-10 1.26042e-10 1.26821e-10 1.25923e-10 1.24235e-10 1.24268e-10 1.31196e-10 1.5238e-10 1.94251e-10 2.60446e-10 3.51805e-10 4.63701e-10 5.84093e-10 6.90633e-10 7.50926e-10 7.41029e-10 6.64582e-10 5.49745e-10 4.3047e-10 3.28028e-10 2.48787e-10 1.90177e-10 1.47615e-10 1.16376e-10 9.26982e-11 7.42462e-11 5.95841e-11 4.79108e-11 3.88557e-11 3.21472e-11 2.73808e-11 2.39838e-11 2.13255e-11 1.88828e-11 1.63315e-11 1.35157e-11 1.03393e-11 6.64899e-12 2.49526e-12 2.49526e-12 
6.11057e-12 1.64404e-11 2.67597e-11 3.70572e-11 4.78438e-11 5.915e-11 7.06768e-11 8.19585e-11 9.2487e-11 1.01769e-10 1.09358e-10 1.14921e-10 1.18306e-10 1.19572e-10 1.1893e-10 1.16874e-10 1.14893e-10 1.1662e-10 1.28044e-10 1.55806e-10 2.04075e-10 2.7387e-10 3.62704e-10 4.6279e-10 5.59077e-10 6.2801e-10 6.45222e-10 6.03658e-10 5.18939e-10 4.18353e-10 3.24635e-10 2.48359e-10 1.9026e-10 1.47447e-10 1.15997e-10 9.23127e-11 7.39754e-11 5.94305e-11 4.77094e-11 3.83495e-11 3.11452e-11 2.58703e-11 2.21449e-11 1.94492e-11 1.72482e-11 1.5133e-11 1.28655e-11 1.03253e-11 7.39592e-12 3.93851e-12 8.90901e-13 
1.04606e-11 2.03268e-11 2.9909e-11 3.98114e-11 5.02808e-11 6.1167e-11 7.20834e-11 8.25394e-11 9.2031e-11 1.00087e-10 1.0632e-10 1.10498e-10 1.1259e-10 1.12743e-10 1.11277e-10 1.0905e-10 1.08402e-10 1.13853e-10 1.31196e-10 1.65179e-10 2.17468e-10 2.86734e-10 3.67994e-10 4.5111e-10 5.19478e-10 5.52874e-10 5.38555e-10 4.81586e-10 4.01216e-10 3.18614e-10 2.46956e-10 1.90177e-10 1.47364e-10 1.15646e-10 9.18328e-11 7.3529e-11 5.91143e-11 4.74911e-11 3.80484e-11 3.05426e-11 2.48352e-11 2.07085e-11 1.78006e-11 1.56456e-11 1.38038e-11 1.19598e-11 9.94094e-12 7.63434e-12 4.90848e-12 1.80828e-12 1.80828e-12 
5.41252e-12 1.44148e-11 2.33859e-11 3.24162e-11 4.19568e-11 5.20345e-11 6.23834e-11 7.25727e-11 8.21127e-11 9.0526e-11 9.73933e-11 1.02421e-10 1.05497e-10 1.06705e-10 1.06295e-10 1.0481e-10 1.03688e-10 1.06066e-10 1.1662e-10 1.39866e-10 1.78243e-10 2.31287e-10 2.95846e-10 3.65234e-10 4.2795e-10 4.68319e-10 4.73014e-10 4.39586e-10 3.79309e-10 3.09581e-10 2.44265e-10 1.89831e-10 1.47447e-10 1.15506e-10 9.1451e-11 7.30557e-11 5.86938e-11 4.71937e-11 3.78061e-11 3.01837e-11 2.41867e-11 1.96925e-11 1.64808e-11 1.42106e-11 1.24743e-11 1.09169e-11 9.30344e-12 7.49671e-12 5.38347e-12 2.85338e-12 6.22168e-13 
9.07256e-12 1.75019e-11 2.57433e-11 3.43334e-11 4.34904e-11 5.30947e-11 6.28118e-11 7.22015e-11 8.08018e-11 8.81817e-11 9.40052e-11 9.80895e-11 1.00446e-10 1.01271e-10 1.00967e-10 1.00448e-10 1.01772e-10 1.08402e-10 1.24268e-10 1.52083e-10 1.92209e-10 2.42587e-10 2.98815e-10 3.53209e-10 3.94395e-10 4.10373e-10 3.95224e-10 3.53366e-10 2.97313e-10 2.39857e-10 1.8895e-10 1.47615e-10 1.15646e-10 9.13081e-11 7.27021e-11 5.82768e-11 4.68403e-11 3.75483e-11 2.99335e-11 2.37972e-11 1.9036e-11 1.5522e-11 1.30362e-11 1.12594e-11 9.84702e-12 8.51972e-12 7.09943e-12 5.47135e-12 3.51936e-12 1.27718e-12 1.27718e-12 
4.6371e-12 1.22469e-11 1.98187e-11 2.75036e-11 3.56917e-11 4.4422e-11 5.34827e-11 6.2513e-11 7.10903e-11 7.87971e-11 8.52764e-11 9.02894e-11 9.37746e-11 9.58595e-11 9.68654e-11 9.74313e-11 9.89028e-11 1.03688e-10 1.14893e-10 1.3515e-10 1.65395e-10 2.04379e-10 2.49008e-10 2.94192e-10 3.32145e-10 3.53442e-10 3.50964e-10 3.24636e-10 2.8195e-10 2.33367e-10 1.87135e-10 1.47634e-10 1.15997e-10 9.1451e-11 7.25714e-11 5.79732e-11 4.65012e-11 3.72699e-11 2.97136e-11 2.35462e-11 1.86351e-11 1.48845e-11 1.21596e-11 1.02431e-11 8.84732e-12 7.68632e-12 6.54562e-12 5.28795e-12 3.80685e-12 2.01065e-12 4.26342e-13 
7.62103e-12 1.46173e-11 2.15017e-11 2.87377e-11 3.65251e-11 4.47853e-11 5.32613e-11 6.15969e-11 6.94076e-11 7.63394e-11 8.21214e-11 8.66263e-11 8.99037e-11 9.21968e-11 9.39863e-11 9.61901e-11 1.00448e-10 1.0905e-10 1.24235e-10 1.47222e-10 1.7745e-10 2.12596e-10 2.49101e-10 2.81837e-10 3.04019e-10 3.09224e-10 2.94774e-10 2.64095e-10 2.24671e-10 1.84009e-10 1.47166e-10 1.16376e-10 9.18328e-11 7.27021e-11 5.78619e-11 4.62573e-11 3.70107e-11 2.94994e-11 2.33555e-11 1.83878e-11 1.44891e-11 1.15616e-11 9.46571e-12 7.99124e-12 6.88696e-12 5.92344e-12 4.9368e-12 3.81245e-12 2.4532e-12 8.7983e-13 8.7983e-13 
3.84883e-12 1.00937e-11 1.63057e-11 2.2663e-11 2.95011e-11 3.68746e-11 4.46411e-11 5.25285e-11 6.02115e-11 6.7358e-11 7.36907e-11 7.90339e-11 8.33664e-11 8.68455e-11 8.98315e-11 9.29837e-11 9.74313e-11 1.0481e-10 1.16874e-10 1.34805e-10 1.58531e-10 1.86388e-10 2.15578e-10 2.42647e-10 2.63105e-10 2.71896e-10 2.65596e-10 2.44765e-10 2.13998e-10 1.79358e-10 1.45883e-10 1.1652e-10 9.23127e-11 7.30557e-11 5.79732e-11 4.6168e-11 3.6825e-11 2.93088e-11 2.31906e-11 1.8219e-11 1.42494e-11 1.11837e-11 8.92057e-12 7.31978e-12 6.18617e-12 5.30593e-12 4.49749e-12 3.6345e-12 2.61978e-12 1.37916e-12 2.85344e-13 
6.20979e-12 1.18573e-11 1.74523e-11 2.33881e-11 2.9848e-11 3.6801e-11 4.40747e-11 5.14115e-11 5.85283e-11 6.51611e-11 7.11116e-11 7.63029e-11 8.08101e-11 8.48871e-11 8.90133e-11 9.39863e-11 1.00967e-10 1.11277e-10 1.25923e-10 1.45043e-10 1.6752e-10 1.91107e-10 2.13116e-10 2.30641e-10 2.40241e-10 2.3874e-10 2.25224e-10 2.01939e-10 1.7323e-10 1.43566e-10 1.1617e-10 9.26982e-11 7.3529e-11 5.82768e-11 4.62573e-11 3.6758e-11 2.91736e-11 2.30514e-11 1.80887e-11 1.40956e-11 1.0954e-11 8.56838e-12 6.83705e-12 5.62182e-12 4.74828e-12 4.03895e-12 3.35346e-12 2.59035e-12 1.66644e-12 5.91834e-13 5.91834e-13 
3.09897e-12 8.08269e-12 1.30467e-11 1.81715e-11 2.37445e-11 2.98398e-11 3.63811e-11 4.31941e-11 5.0054e-11 5.673e-11 6.30289e-11 6.88397e-11 7.41707e-11 7.9182e-11 8.42131e-11 8.98315e-11 9.68654e-11 1.06295e-10 1.1893e-10 1.34974e-10 1.53659e-10 1.73206e-10 1.91346e-10 2.059e-10 2.14705e-10 2.15466e-10 2.06776e-10 1.8936e-10 1.65973e-10 1.40197e-10 1.15138e-10 9.27876e-11 7.39754e-11 5.86938e-11 4.65012e-11 3.6825e-11 2.91254e-11 2.29565e-11 1.79861e-11 1.39888e-11 1.0813e-11 8.35236e-12 6.51752e-12 5.20557e-12 4.28746e-12 3.61025e-12 3.03142e-12 2.44225e-12 1.75927e-12 9.23413e-13 1.88223e-13 
4.9169e-12 9.35971e-12 1.37946e-11 1.85499e-11 2.37963e-11 2.95457e-11 3.57051e-11 4.21185e-11 4.86031e-11 5.49886e-11 6.11559e-11 6.70705e-11 7.28176e-11 7.86234e-11 8.48871e-11 9.21968e-11 1.01271e-10 1.12743e-10 1.26821e-10 1.42961e-10 1.59749e-10 1.75221e-10 1.87496e-10 1.95039e-10 1.96434e-10 1.90521e-10 1.77254e-10 1.58199e-10 1.36003e-10 1.13395e-10 9.24385e-11 7.42462e-11 5.91143e-11 4.68403e-11 3.70107e-11 2.91736e-11 2.29218e-11 1.79188e-11 1.39119e-11 1.07218e-11 8.22203e-12 6.31751e-12 4.92152e-12 3.93715e-12 3.24427e-12 2.71432e-12 2.23594e-12 1.72224e-12 1.10641e-12 3.89332e-13 3.89332e-13 
2.42499e-12 6.30092e-12 1.0172e-11 1.42112e-11 1.86593e-11 2.36081e-11 2.90413e-11 3.48699e-11 4.09667e-11 4.71994e-11 5.34611e-11 5.97e-11 6.59495e-11 7.23537e-11 7.9182e-11 8.68455e-11 9.58595e-11 1.06705e-10 1.19572e-10 1.34063e-10 1.4905e-10 1.62834e-10 1.73672e-10 1.80247e-10 1.81628e-10 1.77109e-10 1.66502e-10 1.50655e-10 1.31436e-10 1.11112e-10 9.16359e-11 7.4242e-11 5.94305e-11 4.71937e-11 3.72699e-11 2.93088e-11 2.29565e-11 1.78948e-11 1.38634e-11 1.06616e-11 8.1428e-12 6.19791e-12 4.74119e-12 3.69164e-12 2.95752e-12 2.43399e-12 2.01351e-12 1.61161e-12 1.15753e-12 6.05162e-13 1.21841e-13 
3.79147e-12 7.20434e-12 1.06434e-11 1.43768e-11 1.85619e-11 2.32473e-11 2.8407e-11 3.39709e-11 3.98519e-11 4.597e-11 5.22754e-11 5.87789e-11 6.55662e-11 7.28176e-11 8.08101e-11 8.99037e-11 1.00446e-10 1.1259e-10 1.26042e-10 1.39893e-10 1.52687e-10 1.62797e-10 1.68934e-10 1.70334e-10 1.66592e-10 1.57634e-10 1.4401e-10 1.27063e-10 1.08645e-10 9.05318e-11 7.39741e-11 5.95841e-11 4.74911e-11 3.75483e-11 2.94994e-11 2.30514e-11 1.79188e-11 1.38461e-11 1.06249e-11 8.09298e-12 6.12619e-12 4.63158e-12 3.53187e-12 2.75092e-12 2.2067e-12 1.80695e-12 1.46921e-12 1.12465e-12 7.20198e-13 2.50679e-13 2.50679e-13 
1.84925e-12 4.79285e-12 7.74742e-12 1.08674e-11 1.4357e-11 1.83171e-11 2.27773e-11 2.7719e-11 3.30998e-11 3.88753e-11 4.50153e-11 5.15254e-11 5.84639e-11 6.59495e-11 7.41707e-11 8.33664e-11 9.37746e-11 1.05497e-10 1.18306e-10 1.31467e-10 1.43732e-10 1.53604e-10 1.59786e-10 1.61502e-10 1.58459e-10 1.50691e-10 1.38652e-10 1.23386e-10 1.06439e-10 8.94284e-11 7.35931e-11 5.9616e-11 4.77094e-11 3.78061e-11 2.97136e-11 2.31906e-11 1.79861e-11 1.38634e-11 1.06131e-11 8.06491e-12 6.08381e-12 4.56637e-12 3.43273e-12 2.61201e-12 2.03711e-12 1.63306e-12 1.32507e-12 1.04816e-12 7.48465e-13 3.88982e-13 7.75007e-14 
2.85274e-12 5.42008e-12 8.03605e-12 1.09179e-11 1.42082e-11 1.79806e-11 2.22612e-11 2.70487e-11 3.23356e-11 3.81173e-11 4.44116e-11 5.1269e-11 5.87789e-11 6.70705e-11 7.63029e-11 8.66263e-11 9.80895e-11 1.10498e-10 1.23248e-10 1.35276e-10 1.45219e-10 1.51787e-10 1.54134e-10 1.51944e-10 1.45294e-10 1.34583e-10 1.20667e-10 1.04869e-10 8.8685e-11 7.33683e-11 5.96799e-11 4.79108e-11 3.80484e-11 2.99335e-11 2.33555e-11 1.80887e-11 1.39119e-11 1.06249e-11 8.05585e-12 6.06084e-12 4.52931e-12 3.37391e-12 2.52415e-12 1.91967e-12 1.49785e-12 1.19705e-12 9.56427e-13 7.24591e-13 4.61235e-13 1.59608e-13 1.59608e-13 
1.37685e-12 3.56566e-12 5.77922e-12 8.1504e-12 1.08483e-11 1.39787e-11 1.76033e-11 2.17554e-11 2.64601e-11 3.17415e-11 3.7638e-11 4.42053e-11 5.15254e-11 5.97e-11 6.88397e-11 7.90339e-11 9.02894e-11 1.02421e-10 1.14921e-10 1.2688e-10 1.3707e-10 1.44236e-10 1.47453e-10 1.46323e-10 1.40886e-10 1.31498e-10 1.18861e-10 1.04097e-10 8.85818e-11 7.35964e-11 6.00167e-11 4.82496e-11 3.83495e-11 3.01837e-11 2.35462e-11 1.8219e-11 1.39888e-11 1.06616e-11 8.06491e-12 6.05355e-12 4.50967e-12 3.34009e-12 2.47089e-12 1.84288e-12 1.40176e-12 1.09379e-12 8.68302e-13 6.76375e-13 4.78611e-13 2.47167e-13 4.89639e-14 
2.10152e-12 3.99763e-12 5.95457e-12 8.14767e-12 1.07042e-11 1.37115e-11 1.72294e-11 2.13087e-11 2.60018e-11 3.13658e-11 3.74738e-11 4.44116e-11 5.22754e-11 6.11559e-11 7.11116e-11 8.21214e-11 9.40052e-11 1.0632e-10 1.18282e-10 1.28797e-10 1.36664e-10 1.40903e-10 1.41002e-10 1.36923e-10 1.28959e-10 1.17686e-10 1.04025e-10 8.92002e-11 7.44819e-11 6.08705e-11 4.89366e-11 3.88557e-11 3.05426e-11 2.37972e-11 1.83878e-11 1.40956e-11 1.07218e-11 8.09298e-12 6.06084e-12 4.5037e-12 3.32234e-12 2.44072e-12 1.79608e-12 1.33655e-12 1.01668e-12 7.92157e-13 6.19594e-13 4.63155e-13 2.91929e-13 9.99208e-14 9.99208e-14 
1.00454e-12 2.60113e-12 4.23432e-12 6.01059e-12 8.07325e-12 1.05224e-11 1.34408e-11 1.68971e-11 2.09615e-11 2.57118e-11 3.12371e-11 3.7638e-11 4.50153e-11 5.34611e-11 6.30289e-11 7.36907e-11 8.52764e-11 9.73933e-11 1.09358e-10 1.20196e-10 1.28779e-10 1.34101e-10 1.35538e-10 1.32941e-10 1.26523e-10 1.16749e-10 1.04361e-10 9.03935e-11 7.6041e-11 6.23841e-11 5.01716e-11 3.97506e-11 3.11452e-11 2.41867e-11 1.86351e-11 1.42494e-11 1.0813e-11 8.1428e-12 6.08381e-12 4.50967e-12 3.31686e-12 2.42494e-12 1.76814e-12 1.29541e-12 9.63362e-13 7.33189e-13 5.67574e-13 4.3416e-13 3.03556e-13 1.55065e-13 3.05856e-14 
1.5182e-12 2.89741e-12 4.34217e-12 5.9924e-12 7.95855e-12 1.03337e-11 1.31983e-11 1.66372e-11 2.07407e-11 2.56132e-11 3.13658e-11 3.81173e-11 4.597e-11 5.49886e-11 6.51611e-11 7.63394e-11 8.81817e-11 1.00087e-10 1.11184e-10 1.20427e-10 1.26808e-10 1.29617e-10 1.28576e-10 1.23798e-10 1.15651e-10 1.04721e-10 9.18475e-11 7.80878e-11 6.45257e-11 5.20456e-11 4.11912e-11 3.21472e-11 2.48352e-11 1.9036e-11 1.44891e-11 1.0954e-11 8.22203e-12 6.12619e-12 4.52931e-12 3.32234e-12 2.42017e-12 1.75396e-12 1.27131e-12 9.28827e-13 6.90344e-13 5.24765e-13 4.01606e-13 2.95289e-13 1.83818e-13 6.17425e-14 6.17425e-14 
7.19773e-13 1.8663e-12 3.0547e-12 4.37099e-12 5.93147e-12 7.83278e-12 1.01615e-11 1.30087e-11 1.64723e-11 2.06656e-11 2.57118e-11 3.17415e-11 3.88753e-11 4.71994e-11 5.673e-11 6.7358e-11 7.87971e-11 9.0526e-11 1.01769e-10 1.1156e-10 1.18913e-10 1.23048e-10 1.23572e-10 1.20479e-10 1.14042e-10 1.04719e-10 9.31753e-11 8.02933e-11 6.70831e-11 5.44935e-11 4.32305e-11 3.36673e-11 2.58703e-11 1.96925e-11 1.48845e-11 1.11837e-11 8.35236e-12 6.19791e-12 4.56637e-12 3.34009e-12 2.42494e-12 1.74949e-12 1.25852e-12 9.07768e-13 6.62012e-13 4.92229e-13 3.7207e-13 2.78613e-13 1.91596e-13 9.72714e-14 1.85012e-14 
1.07951e-12 2.06948e-12 3.12503e-12 4.35367e-12 5.85438e-12 7.71425e-12 1.00246e-11 1.28871e-11 1.6416e-11 2.07407e-11 2.60018e-11 3.23356e-11 3.98519e-11 4.86031e-11 5.85283e-11 6.94076e-11 8.08018e-11 9.2031e-11 1.02214e-10 1.10394e-10 1.15752e-10 1.17782e-10 1.16361e-10 1.11659e-10 1.04034e-10 9.40025e-11 8.22722e-11 6.97254e-11 5.72919e-11 4.57794e-11 3.57303e-11 2.73808e-11 2.07085e-11 1.5522e-11 1.15616e-11 8.56838e-12 6.31751e-12 4.63158e-12 3.37391e-12 2.44072e-12 1.75396e-12 1.25474e-12 8.96837e-13 6.44349e-13 4.69104e-13 3.48206e-13 2.60323e-13 1.87714e-13 1.15463e-13 3.87785e-14 3.87785e-14 
5.07819e-13 1.32127e-12 2.17627e-12 3.14263e-12 4.31407e-12 5.7768e-12 7.61937e-12 9.9379e-12 1.28458e-11 1.64723e-11 2.09615e-11 2.64601e-11 3.30998e-11 4.09667e-11 5.0054e-11 6.02115e-11 7.10903e-11 8.21127e-11 9.2487e-11 1.01308e-10 1.0773e-10 1.11157e-10 1.11339e-10 1.08344e-10 1.02441e-10 9.40302e-11 8.36672e-11 7.20808e-11 6.01202e-11 4.86169e-11 3.82322e-11 2.9366e-11 2.21449e-11 1.64808e-11 1.21596e-11 8.92057e-12 6.51752e-12 4.74119e-12 3.43273e-12 2.47089e-12 1.76814e-12 1.25852e-12 8.93399e-13 6.34887e-13 4.54814e-13 3.30828e-13 2.45021e-13 1.78974e-13 1.21125e-13 6.06349e-14 1.15835e-14 
7.5776e-13 1.46048e-12 2.22466e-12 3.13353e-12 4.26888e-12 5.71358e-12 7.55781e-12 9.90756e-12 1.28871e-11 1.66372e-11 2.13087e-11 2.70487e-11 3.39709e-11 4.21185e-11 5.14115e-11 6.15969e-11 7.22015e-11 8.25394e-11 9.17722e-11 9.90548e-11 1.03718e-10 1.05393e-10 1.04033e-10 9.98187e-11 9.3063e-11 8.4201e-11 7.3814e-11 6.26313e-11 5.14413e-11 4.0963e-11 3.17184e-11 2.39838e-11 1.78006e-11 1.30362e-11 9.46571e-12 6.83705e-12 4.92152e-12 3.53187e-12 2.52415e-12 1.79608e-12 1.27131e-12 8.96837e-13 6.31433e-13 4.46966e-13 3.1953e-13 2.32723e-13 1.70279e-13 1.20004e-13 7.33192e-14 2.40762e-14 2.40762e-14 
3.53802e-13 9.24365e-13 1.53486e-12 2.23877e-12 3.11168e-12 4.22835e-12 5.67181e-12 7.53613e-12 9.9379e-12 1.30087e-11 1.68971e-11 2.17554e-11 2.7719e-11 3.48699e-11 4.31941e-11 5.25285e-11 6.2513e-11 7.25727e-11 8.19585e-11 8.98576e-11 9.55512e-11 9.85662e-11 9.87329e-11 9.6134e-11 9.10092e-11 8.37023e-11 7.46714e-11 6.45148e-11 5.39369e-11 4.36475e-11 3.4242e-11 2.61179e-11 1.94492e-11 1.42106e-11 1.02431e-11 7.31978e-12 5.20557e-12 3.69164e-12 2.61201e-12 1.84288e-12 1.29541e-12 9.07768e-13 6.34887e-13 4.44473e-13 3.13241e-13 2.23707e-13 1.62059e-13 1.16373e-13 7.7751e-14 3.86175e-14 6.87644e-15 
5.26908e-13 1.02153e-12 1.56949e-12 2.23746e-12 3.09019e-12 4.20165e-12 5.65734e-12 7.55781e-12 1.00246e-11 1.31983e-11 1.72294e-11 2.22612e-11 2.8407e-11 3.57051e-11 4.40747e-11 5.32613e-11 6.28118e-11 7.20834e-11 8.03225e-11 8.67995e-11 9.09571e-11 9.2506e-11 9.14203e-11 8.78597e-11 8.20965e-11 7.4496e-11 6.55395e-11 5.58235e-11 4.60025e-11 3.66914e-11 2.83708e-11 2.13255e-11 1.56456e-11 1.12594e-11 7.99124e-12 5.62182e-12 3.93715e-12 2.75092e-12 1.91967e-12 1.33655e-12 9.28827e-13 6.44349e-13 4.46966e-13 3.11231e-13 2.19405e-13 1.56386e-13 1.12327e-13 7.8181e-14 4.65271e-14 1.53069e-14 1.53069e-14 
2.44775e-13 6.41944e-13 1.07415e-12 1.58288e-12 2.22915e-12 3.07449e-12 4.19282e-12 5.67181e-12 7.61937e-12 1.01615e-11 1.34408e-11 1.76033e-11 2.27773e-11 2.90413e-11 3.63811e-11 4.46411e-11 5.34827e-11 6.23834e-11 7.06768e-11 7.76567e-11 8.27168e-11 8.54646e-11 8.57582e-11 8.36651e-11 7.9391e-11 7.32291e-11 6.55646e-11 5.68908e-11 4.7779e-11 3.88199e-11 3.05287e-11 2.32743e-11 1.72482e-11 1.24743e-11 8.84732e-12 6.18617e-12 4.28746e-12 2.95752e-12 2.03711e-12 1.40176e-12 9.63362e-13 6.62012e-13 4.54814e-13 3.13241e-13 2.1736e-13 1.53003e-13 1.08801e-13 7.68263e-14 5.00008e-14 2.4404e-14 5.02201e-15 
3.6265e-13 7.08539e-13 1.10012e-12 1.58642e-12 2.2221e-12 3.06869e-12 4.20165e-12 5.71358e-12 7.71425e-12 1.03337e-11 1.37115e-11 1.79806e-11 2.32473e-11 2.95457e-11 3.6801e-11 4.47853e-11 5.30947e-11 6.1167e-11 6.83564e-11 7.40464e-11 7.77676e-11 7.92704e-11 7.85211e-11 7.56489e-11 7.08828e-11 6.45373e-11 5.70112e-11 4.87913e-11 4.04093e-11 3.23776e-11 2.51114e-11 1.88828e-11 1.38038e-11 9.84702e-12 6.88696e-12 4.74828e-12 3.24427e-12 2.2067e-12 1.49785e-12 1.01668e-12 6.90344e-13 4.69104e-13 3.1953e-13 2.19405e-13 1.51685e-13 1.06477e-13 7.4787e-14 5.12062e-14 3.0581e-14 9.52116e-15 9.52116e-15 
1.67757e-13 4.41868e-13 7.46042e-13 1.11217e-12 1.58553e-12 2.2195e-12 3.07449e-12 4.22835e-12 5.7768e-12 7.83278e-12 1.05224e-11 1.39787e-11 1.83171e-11 2.36081e-11 2.98398e-11 3.68746e-11 4.4422e-11 5.20345e-11 5.915e-11 6.51795e-11 6.96161e-11 7.21211e-11 7.256e-11 7.09739e-11 6.75275e-11 6.24727e-11 5.61363e-11 4.89233e-11 4.12953e-11 3.3731e-11 2.66564e-11 2.03953e-11 1.5133e-11 1.09169e-11 7.68632e-12 5.30593e-12 3.61025e-12 2.43399e-12 1.63306e-12 1.09379e-12 7.33189e-13 4.92229e-13 3.30828e-13 2.23707e-13 1.53003e-13 1.05937e-13 7.42435e-14 5.12843e-14 3.34096e-14 1.56616e-14 3.31266e-15 
2.48433e-13 4.88218e-13 7.65136e-13 1.11675e-12 1.5853e-12 2.2221e-12 3.09019e-12 4.26888e-12 5.85438e-12 7.95855e-12 1.07042e-11 1.42082e-11 1.85619e-11 2.37963e-11 2.9848e-11 3.65251e-11 4.34904e-11 5.02808e-11 5.63667e-11 6.12399e-11 6.45077e-11 6.59439e-11 6.54995e-11 6.3268e-11 5.94397e-11 5.42812e-11 4.8127e-11 4.13727e-11 3.44421e-11 2.77476e-11 2.16318e-11 1.63315e-11 1.19598e-11 8.51972e-12 5.92344e-12 4.03895e-12 2.71432e-12 1.80695e-12 1.19705e-12 7.92157e-13 5.24765e-13 3.48206e-13 2.32723e-13 1.56386e-13 1.06477e-13 7.38367e-14 5.11476e-14 3.40794e-14 1.99609e-14 6.37716e-15 6.37716e-15 
1.14754e-13 3.02352e-13 5.14903e-13 7.74461e-13 1.11802e-12 1.58553e-12 2.22915e-12 3.11168e-12 4.31407e-12 5.93147e-12 8.07325e-12 1.08483e-11 1.4357e-11 1.86593e-11 2.37445e-11 2.95011e-11 3.56917e-11 4.19568e-11 4.78438e-11 5.28799e-11 5.66486e-11 5.88613e-11 5.93858e-11 5.82344e-11 5.55373e-11 5.15038e-11 4.64117e-11 4.05913e-11 3.44126e-11 2.82519e-11 2.24494e-11 1.72657e-11 1.28655e-11 9.30344e-12 6.54562e-12 4.49749e-12 3.03142e-12 2.01351e-12 1.32507e-12 8.68302e-13 5.67574e-13 3.7207e-13 2.45021e-13 1.62059e-13 1.08801e-13 7.42435e-14 5.08683e-14 3.50033e-14 2.18506e-14 1.03279e-14 1.66837e-15 
1.69599e-13 3.33533e-13 5.27296e-13 7.77301e-13 1.11675e-12 1.58642e-12 2.23746e-12 3.13353e-12 4.35367e-12 5.9924e-12 8.14767e-12 1.09179e-11 1.43768e-11 1.85499e-11 2.33881e-11 2.87377e-11 3.43334e-11 3.98114e-11 4.4757e-11 4.87665e-11 5.15139e-11 5.28024e-11 5.25708e-11 5.08817e-11 4.78887e-11 4.38181e-11 3.89447e-11 3.35867e-11 2.80745e-11 2.2727e-11 1.78105e-11 1.35157e-11 9.94094e-12 7.09943e-12 4.9368e-12 3.35346e-12 2.23594e-12 1.46921e-12 9.56427e-13 6.19594e-13 4.01606e-13 2.60323e-13 1.70279e-13 1.12327e-13 7.4787e-14 5.11476e-14 3.48276e-14 2.30695e-14 1.33683e-14 4.08277e-15 4.08277e-15 
7.77731e-14 2.05308e-13 3.50264e-13 5.30818e-13 7.74461e-13 1.11217e-12 1.58288e-12 2.23877e-12 3.14263e-12 4.37099e-12 6.01059e-12 8.1504e-12 1.08674e-11 1.42112e-11 1.81715e-11 2.2663e-11 2.75036e-11 3.24162e-11 3.70572e-11 4.10588e-11 4.40941e-11 4.59234e-11 4.64246e-11 4.55936e-11 4.35298e-11 4.04066e-11 3.64528e-11 3.19368e-11 2.71457e-11 2.23638e-11 1.78465e-11 1.37911e-11 1.03253e-11 7.49671e-12 5.28795e-12 3.6345e-12 2.44225e-12 1.61161e-12 1.04816e-12 6.76375e-13 4.3416e-13 2.78613e-13 1.78974e-13 1.16373e-13 7.68263e-14 5.12843e-14 3.50033e-14 2.37137e-14 1.48148e-14 7.38364e-15 1.70509e-15 
1.13423e-13 2.23924e-13 3.55503e-13 5.27296e-13 7.65136e-13 1.10012e-12 1.56949e-12 2.22466e-12 3.12503e-12 4.34217e-12 5.95457e-12 8.03605e-12 1.06434e-11 1.37946e-11 1.74523e-11 2.15017e-11 2.57433e-11 2.9909e-11 3.36876e-11 3.67721e-11 3.89086e-11 3.99329e-11 3.97872e-11 3.8513e-11 3.62356e-11 3.31394e-11 2.94495e-11 2.54113e-11 2.12717e-11 1.72616e-11 1.35727e-11 1.03393e-11 7.63434e-12 5.47135e-12 3.81245e-12 2.59035e-12 1.72224e-12 1.12465e-12 7.24591e-13 4.63155e-13 2.95289e-13 1.87714e-13 1.20004e-13 7.8181e-14 5.12062e-14 3.40794e-14 2.30695e-14 1.5549e-14 9.00802e-15 2.54355e-15 2.54355e-15 
5.18235e-14 1.35473e-13 2.30035e-13 3.50264e-13 5.14903e-13 7.46042e-13 1.07415e-12 1.53486e-12 2.17627e-12 3.0547e-12 4.23432e-12 5.77922e-12 7.74742e-12 1.0172e-11 1.30467e-11 1.63057e-11 1.98187e-11 2.33859e-11 2.67597e-11 2.96736e-11 3.18851e-11 3.32109e-11 3.35529e-11 3.29057e-11 3.13466e-11 2.90189e-11 2.61068e-11 2.28186e-11 1.93652e-11 1.59458e-11 1.27332e-11 9.85602e-12 7.39592e-12 5.38347e-12 3.80685e-12 2.61978e-12 1.75927e-12 1.15753e-12 7.48465e-13 4.78611e-13 3.03556e-13 1.91596e-13 1.21125e-13 7.7751e-14 5.00008e-14 3.34096e-14 2.18506e-14 1.48148e-14 9.8185e-15 4.28703e-15 8.80779e-16 
7.40691e-14 1.4261e-13 2.23924e-13 3.33533e-13 4.88218e-13 7.08539e-13 1.02153e-12 1.46048e-12 2.06948e-12 2.89741e-12 3.99763e-12 5.42008e-12 7.20434e-12 9.35971e-12 1.18573e-11 1.46173e-11 1.75019e-11 2.03268e-11 2.28773e-11 2.49404e-11 2.63389e-11 2.69555e-11 2.67495e-11 2.57594e-11 2.40857e-11 2.18785e-11 1.931e-11 1.65571e-11 1.37869e-11 1.11431e-11 8.73922e-12 6.64899e-12 4.90848e-12 3.51936e-12 2.4532e-12 1.66644e-12 1.10641e-12 7.20198e-13 4.61235e-13 2.91929e-13 1.83818e-13 1.15463e-13 7.33192e-14 4.65271e-14 3.0581e-14 1.99609e-14 1.33683e-14 9.00802e-15 5.16119e-15 1.77566e-15 1.77566e-15 
3.29117e-14 8.14445e-14 1.35473e-13 2.05308e-13 3.02352e-13 4.41868e-13 6.41944e-13 9.24365e-13 1.32127e-12 1.8663e-12 2.60113e-12 3.56566e-12 4.79285e-12 6.30092e-12 8.08269e-12 1.00937e-11 1.22469e-11 1.44148e-11 1.64404e-11 1.81538e-11 1.94035e-11 2.00744e-11 2.01096e-11 1.95187e-11 1.83684e-11 1.67726e-11 1.48708e-11 1.2807e-11 1.07179e-11 8.71491e-12 6.88446e-12 5.28314e-12 3.93851e-12 2.85338e-12 2.01065e-12 1.37916e-12 9.23413e-13 6.05162e-13 3.88982e-13 2.47167e-13 1.55065e-13 9.72714e-14 6.06349e-14 3.86175e-14 2.4404e-14 1.56616e-14 1.03279e-14 7.38364e-15 4.28703e-15 2.69708e-15 0 
4.07344e-14 7.40691e-14 1.13423e-13 1.69599e-13 2.48433e-13 3.6265e-13 5.26908e-13 7.5776e-13 1.07951e-12 1.5182e-12 2.10152e-12 2.85274e-12 3.79147e-12 4.9169e-12 6.20979e-12 7.62103e-12 9.07256e-12 1.04606e-11 1.167e-11 1.25881e-11 1.31215e-11 1.32171e-11 1.28686e-11 1.21166e-11 1.10408e-11 9.74377e-12 8.33898e-12 6.92735e-12 5.5914e-12 4.38962e-12 3.354e-12 2.49526e-12 1.80828e-12 1.27718e-12 8.7983e-13 5.91834e-13 3.89332e-13 2.50679e-13 1.59608e-13 9.99208e-14 6.17425e-14 3.87785e-14 2.40762e-14 1.53069e-14 9.52116e-15 6.37716e-15 4.08277e-15 2.54355e-15 1.77566e-15 9.38831e-16 9.38831e-16 
1.59993e-14 3.29117e-14 5.18235e-14 7.77731e-14 1.14754e-13 1.67757e-13 2.44775e-13 3.53802e-13 5.07819e-13 7.19773e-13 1.00454e-12 1.37685e-12 1.84925e-12 2.42499e-12 3.09897e-12 3.84883e-12 4.6371e-12 5.41252e-12 6.11057e-12 6.66492e-12 7.01775e-12 7.12974e-12 6.98672e-12 6.60279e-12 6.01931e-12 5.29592e-12 4.49993e-12 3.698e-12 2.94289e-12 2.27212e-12 1.70615e-12 1.24766e-12 8.90901e-13 6.22168e-13 4.26342e-13 2.85344e-13 1.88223e-13 1.21841e-13 7.75007e-14 4.89639e-14 3.05856e-14 1.85012e-14 1.15835e-14 6.87644e-15 5.02201e-15 3.31266e-15 1.66837e-15 1.70509e-15 8.80779e-16 0 0 
