1 101 51
2.99827e-15 4.42564e-15 7.32171e-15 1.16609e-14 1.74978e-14 2.76141e-14 4.54177e-14 7.66963e-14 1.30479e-13 2.2352e-13 3.80406e-13 6.43168e-13 1.07033e-12 1.7509e-12 2.80731e-12 4.40556e-12 6.76083e-12 1.01461e-11 1.48903e-11 2.13582e-11 2.98996e-11 4.07597e-11 5.39508e-11 6.91287e-11 8.55165e-11 1.01913e-10 1.16814e-10 1.28641e-10 1.36014e-10 1.38026e-10 1.34424e-10 1.25662e-10 1.12805e-10 9.73133e-11 8.07582e-11 6.45698e-11 4.98349e-11 3.7216e-11 2.69691e-11 1.90256e-11 1.31132e-11 8.86619e-12 5.90488e-12 3.89006e-12 2.54552e-12 1.66022e-12 1.08229e-12 7.03938e-13 4.54386e-13 2.79846e-13 1.33992e-13 
7.21596e-15 1.58351e-14 2.5103e-14 3.91815e-14 6.10928e-14 9.88981e-14 1.64559e-13 2.78185e-13 4.75458e-13 8.09504e-13 1.37068e-12 2.29121e-12 3.77102e-12 6.08354e-12 9.5934e-12 1.47479e-11 2.20586e-11 3.20737e-11 4.53306e-11 6.22865e-11 8.32271e-11 1.08119e-10 1.36436e-10 1.66983e-10 1.97834e-10 2.26433e-10 2.49908e-10 2.65561e-10 2.71396e-10 2.66547e-10 2.51494e-10 2.27969e-10 1.98613e-10 1.66457e-10 1.34378e-10 1.04683e-10 7.8874e-11 5.76354e-11 4.09735e-11 2.84396e-11 1.93465e-11 1.29506e-11 8.56759e-12 5.62405e-12 3.67725e-12 2.40062e-12 1.56501e-12 1.015e-12 6.39493e-13 3.4877e-13 3.4877e-13 
4.42564e-15 2.21576e-14 4.17269e-14 6.55714e-14 1.01113e-13 1.60853e-13 2.63453e-13 4.40607e-13 7.44735e-13 1.26359e-12 2.13375e-12 3.57184e-12 5.90325e-12 9.59412e-12 1.52686e-11 2.37117e-11 3.58183e-11 5.25089e-11 7.46039e-11 1.02685e-10 1.36952e-10 1.77094e-10 2.22147e-10 2.70343e-10 3.18994e-10 3.64529e-10 4.02789e-10 4.29606e-10 4.41587e-10 4.36864e-10 4.15589e-10 3.79997e-10 3.3398e-10 2.82329e-10 2.2982e-10 1.80458e-10 1.36994e-10 1.0082e-10 7.21567e-11 5.03986e-11 3.44834e-11 2.32057e-11 1.54238e-11 1.0165e-11 6.66887e-12 4.36634e-12 2.85785e-12 1.8642e-12 1.19497e-12 7.07184e-13 2.79846e-13 
1.58351e-14 4.84361e-14 8.20949e-14 1.26162e-13 1.97186e-13 3.16469e-13 5.2176e-13 8.75162e-13 1.47714e-12 2.49019e-12 4.17588e-12 6.93501e-12 1.13638e-11 1.8295e-11 2.88195e-11 4.42493e-11 6.60015e-11 9.54058e-11 1.33456e-10 1.80563e-10 2.36348e-10 2.99511e-10 3.67724e-10 4.37546e-10 5.04409e-10 5.6282e-10 6.0692e-10 6.31419e-10 6.32711e-10 6.0983e-10 5.64867e-10 5.02679e-10 4.29931e-10 3.53767e-10 2.80533e-10 2.14882e-10 1.59437e-10 1.14963e-10 8.08444e-11 5.56593e-11 3.76684e-11 2.51624e-11 1.66578e-11 1.09713e-11 7.21092e-12 4.73704e-12 3.1071e-12 2.0185e-12 1.25397e-12 6.39493e-13 6.39493e-13 
7.32171e-15 4.17269e-14 8.80216e-14 1.39068e-13 2.13067e-13 3.35435e-13 5.4366e-13 9.0063e-13 1.50919e-12 2.53623e-12 4.25168e-12 7.08257e-12 1.16817e-11 1.9004e-11 3.03621e-11 4.74307e-11 7.21568e-11 1.06535e-10 1.52268e-10 2.10372e-10 2.80805e-10 3.62245e-10 4.51977e-10 5.45876e-10 6.3842e-10 7.22794e-10 7.91325e-10 8.36407e-10 8.51911e-10 8.34698e-10 7.85686e-10 7.09985e-10 6.15953e-10 5.13467e-10 4.11959e-10 3.18856e-10 2.38786e-10 1.73607e-10 1.22993e-10 8.52437e-11 5.80356e-11 3.89762e-11 2.59272e-11 1.71506e-11 1.13171e-11 7.46602e-12 4.92384e-12 3.23087e-12 2.06707e-12 1.19497e-12 4.54386e-13 
2.5103e-14 8.20949e-14 1.43185e-13 2.19728e-13 3.3742e-13 5.34287e-13 8.70957e-13 1.44503e-12 2.41425e-12 4.03535e-12 6.72234e-12 1.11253e-11 1.82335e-11 2.94757e-11 4.67832e-11 7.25667e-11 1.09528e-10 1.60287e-10 2.26839e-10 3.09979e-10 4.08831e-10 5.20629e-10 6.40722e-10 7.62684e-10 8.78442e-10 9.78538e-10 1.05288e-09 1.0922e-09 1.09011e-09 1.04498e-09 9.60952e-10 8.47421e-10 7.17045e-10 5.83044e-10 4.56655e-10 3.45569e-10 2.53563e-10 1.81105e-10 1.2643e-10 8.66323e-11 5.85161e-11 3.91272e-11 2.60022e-11 1.72334e-11 1.14195e-11 7.57132e-12 5.00906e-12 3.26891e-12 2.0185e-12 1.015e-12 1.015e-12 
1.16609e-14 6.55714e-14 1.39068e-13 2.21023e-13 3.34354e-13 5.15966e-13 8.22795e-13 1.34486e-12 2.22604e-12 3.69829e-12 6.1398e-12 1.01574e-11 1.67017e-11 2.72084e-11 4.37305e-11 6.90028e-11 1.06355e-10 1.59379e-10 2.31334e-10 3.24343e-10 4.38592e-10 5.71813e-10 7.19149e-10 8.73373e-10 1.02518e-09 1.16343e-09 1.27563e-09 1.34915e-09 1.37341e-09 1.34279e-09 1.25874e-09 1.13034e-09 9.72543e-10 8.02781e-10 6.37203e-10 4.87878e-10 3.61675e-10 2.6066e-10 1.8342e-10 1.26571e-10 8.60305e-11 5.78486e-11 3.86398e-11 2.57316e-11 1.71303e-11 1.14163e-11 7.60682e-12 5.0332e-12 3.23087e-12 1.8642e-12 7.03938e-13 
3.91815e-14 1.26162e-13 2.19728e-13 3.33039e-13 5.00772e-13 7.76882e-13 1.24399e-12 2.03106e-12 3.34328e-12 5.51356e-12 9.08078e-12 1.49094e-11 2.43513e-11 3.9437e-11 6.30393e-11 9.89224e-11 1.51551e-10 2.25535e-10 3.24709e-10 4.50994e-10 6.03388e-10 7.77454e-10 9.65447e-10 1.15685e-09 1.33888e-09 1.49683e-09 1.61484e-09 1.67782e-09 1.67479e-09 1.60251e-09 1.46767e-09 1.28619e-09 1.07955e-09 8.6973e-10 6.74699e-10 5.05944e-10 3.68324e-10 2.61484e-10 1.81858e-10 1.24473e-10 8.42195e-11 5.65717e-11 3.78701e-11 2.53389e-11 1.69781e-11 1.13882e-11 7.61526e-12 5.00906e-12 3.1071e-12 1.56501e-12 1.56501e-12 
1.74978e-14 1.01113e-13 2.13067e-13 3.34354e-13 4.94969e-13 7.4569e-13 1.16207e-12 1.86098e-12 3.02433e-12 4.93986e-12 8.07173e-12 1.31726e-11 2.14487e-11 3.47854e-11 5.5994e-11 8.90155e-11 1.38917e-10 2.11522e-10 3.12527e-10 4.46138e-10 6.13528e-10 8.11662e-10 1.03296e-09 1.26589e-09 1.49593e-09 1.70626e-09 1.87817e-09 1.99227e-09 2.03156e-09 1.98615e-09 1.85771e-09 1.66073e-09 1.41968e-09 1.16273e-09 9.15241e-10 6.95173e-10 5.11807e-10 3.66967e-10 2.57471e-10 1.77608e-10 1.21015e-10 8.18039e-11 5.50798e-11 3.70609e-11 2.49718e-11 1.68581e-11 1.13743e-11 7.60682e-12 4.92384e-12 2.85785e-12 1.08229e-12 
6.10928e-14 1.97186e-13 3.3742e-13 5.00772e-13 7.3415e-13 1.10938e-12 1.73298e-12 2.76777e-12 4.46327e-12 7.21509e-12 1.16624e-11 1.88365e-11 3.03933e-11 4.89135e-11 7.82295e-11 1.23644e-10 1.91828e-10 2.90168e-10 4.25402e-10 6.01684e-10 8.18611e-10 1.07e-09 1.34399e-09 1.62438e-09 1.89201e-09 2.12559e-09 2.30209e-09 2.3987e-09 2.39768e-09 2.2928e-09 2.09384e-09 1.82582e-09 1.52257e-09 1.21791e-09 9.38299e-10 6.99515e-10 5.07145e-10 3.59347e-10 2.50078e-10 1.71748e-10 1.16933e-10 7.92524e-11 5.36575e-11 3.63778e-11 2.47196e-11 1.68133e-11 1.13882e-11 7.57132e-12 4.73704e-12 2.40062e-12 2.40062e-12 
2.76141e-14 1.60853e-13 3.35435e-13 5.15966e-13 7.4569e-13 1.09093e-12 1.65398e-12 2.58156e-12 4.09649e-12 6.53863e-12 1.04456e-11 1.66771e-11 2.66291e-11 4.2537e-11 6.78808e-11 1.07794e-10 1.69279e-10 2.60917e-10 3.91783e-10 5.69425e-10 7.97237e-10 1.07208e-09 1.38327e-09 1.7135e-09 2.04111e-09 2.34197e-09 2.59002e-09 2.75768e-09 2.8193e-09 2.75857e-09 2.57665e-09 2.29527e-09 1.95188e-09 1.58899e-09 1.24344e-09 9.39912e-10 6.8987e-10 4.94232e-10 3.47373e-10 2.40713e-10 1.65228e-10 1.12827e-10 7.69263e-11 5.25088e-11 3.59294e-11 2.46297e-11 1.68581e-11 1.14163e-11 7.46602e-12 4.36634e-12 1.66022e-12 
9.88981e-14 3.16469e-13 5.34287e-13 7.76882e-13 1.10938e-12 1.62711e-12 2.47025e-12 3.84044e-12 6.03849e-12 9.52184e-12 1.50075e-11 2.36424e-11 3.72804e-11 5.88946e-11 9.31039e-11 1.46665e-10 2.28633e-10 3.4977e-10 5.20821e-10 7.49652e-10 1.03783e-09 1.37801e-09 1.7535e-09 2.14054e-09 2.51163e-09 2.83757e-09 3.08721e-09 3.22839e-09 3.23398e-09 3.09286e-09 2.81845e-09 2.44787e-09 2.03111e-09 1.61665e-09 1.24063e-09 9.22976e-10 6.6933e-10 4.75665e-10 3.32952e-10 2.30659e-10 1.58852e-10 1.09171e-10 7.50877e-11 5.17686e-11 3.5773e-11 2.47196e-11 1.69781e-11 1.14195e-11 7.21092e-12 3.67725e-12 3.67725e-12 
4.54177e-14 2.63453e-13 5.4366e-13 8.22795e-13 1.16207e-12 1.65398e-12 2.43268e-12 3.69029e-12 5.69841e-12 8.86e-12 1.37822e-11 2.14134e-11 3.32578e-11 5.17435e-11 8.07589e-11 1.26327e-10 1.97169e-10 3.04738e-10 4.62143e-10 6.81569e-10 9.70362e-10 1.32683e-09 1.73768e-09 2.17883e-09 2.61947e-09 3.02638e-09 3.36522e-09 3.59936e-09 3.69229e-09 3.61855e-09 3.37774e-09 3.00071e-09 2.5416e-09 2.06052e-09 1.60735e-09 1.21346e-09 8.9175e-10 6.4148e-10 4.54074e-10 3.17844e-10 2.21011e-10 1.53264e-10 1.0632e-10 7.39163e-11 5.15136e-11 3.59294e-11 2.49718e-11 1.71303e-11 1.13171e-11 6.66887e-12 2.54552e-12 
1.64559e-13 5.2176e-13 8.70957e-13 1.24399e-12 1.73298e-12 2.47025e-12 3.6404e-12 5.50181e-12 8.42024e-12 1.29276e-11 1.98274e-11 3.03531e-11 4.64557e-11 7.12648e-11 1.09778e-10 1.69692e-10 2.62027e-10 4.00902e-10 6.01777e-10 8.77744e-10 1.23441e-09 1.66506e-09 2.14872e-09 2.65292e-09 3.13985e-09 3.57096e-09 3.90648e-09 4.10362e-09 4.12329e-09 3.94707e-09 3.59219e-09 3.11082e-09 2.57256e-09 2.04247e-09 1.56645e-09 1.16774e-09 8.51164e-10 6.09939e-10 4.31877e-10 3.03554e-10 2.12648e-10 1.48944e-10 1.04516e-10 7.35145e-11 5.17686e-11 3.63778e-11 2.53389e-11 1.72334e-11 1.09713e-11 5.62405e-12 5.62405e-12 
7.66963e-14 4.40607e-13 9.0063e-13 1.34486e-12 1.86098e-12 2.58156e-12 3.69029e-12 5.43764e-12 8.16935e-12 1.23704e-11 1.87443e-11 2.83387e-11 4.27515e-11 6.4478e-11 9.74859e-11 1.48071e-10 2.25854e-10 3.44409e-10 5.20663e-10 7.72176e-10 1.11208e-09 1.5427e-09 2.05039e-09 2.60502e-09 3.16538e-09 3.68727e-09 4.12713e-09 4.43885e-09 4.57346e-09 4.49338e-09 4.19524e-09 3.72069e-09 3.14358e-09 2.54365e-09 1.98402e-09 1.50179e-09 1.11019e-09 8.06156e-10 5.78009e-10 4.11127e-10 2.9128e-10 2.06231e-10 1.46224e-10 1.03899e-10 7.39163e-11 5.25088e-11 3.70609e-11 2.57316e-11 1.71506e-11 1.0165e-11 3.89006e-12 
2.78185e-13 8.75162e-13 1.44503e-12 2.03106e-12 2.76777e-12 3.84044e-12 5.50181e-12 8.08823e-12 1.20568e-11 1.80477e-11 2.69861e-11 4.02347e-11 5.98468e-11 8.89784e-11 1.32575e-10 1.98388e-10 2.98122e-10 4.4803e-10 6.67762e-10 9.76466e-10 1.38616e-09 1.89413e-09 2.47803e-09 3.09752e-09 3.70285e-09 4.24457e-09 4.67395e-09 4.93714e-09 4.98043e-09 4.77565e-09 4.34441e-09 3.75627e-09 3.10221e-09 2.46382e-09 1.89547e-09 1.4223e-09 1.04743e-09 7.61177e-10 5.4846e-10 3.93445e-10 2.81916e-10 2.02206e-10 1.45297e-10 1.04516e-10 7.50877e-11 5.36575e-11 3.78701e-11 2.60022e-11 1.66578e-11 8.56759e-12 8.56759e-12 
1.30479e-13 7.44735e-13 1.50919e-12 2.22604e-12 3.02433e-12 4.09649e-12 5.69841e-12 8.16935e-12 1.19555e-11 1.76578e-11 2.61209e-11 3.85562e-11 5.67357e-11 8.32855e-11 1.22154e-10 1.79389e-10 2.64275e-10 3.90617e-10 5.77245e-10 8.46218e-10 1.21754e-09 1.70079e-09 2.28645e-09 2.94166e-09 3.61523e-09 4.25029e-09 4.79345e-09 5.18928e-09 5.3744e-09 5.29621e-09 4.94831e-09 4.38516e-09 3.70201e-09 2.99765e-09 2.34627e-09 1.78852e-09 1.33678e-09 9.85384e-10 7.19914e-10 5.23454e-10 3.80023e-10 2.76065e-10 2.00837e-10 1.46224e-10 1.0632e-10 7.69263e-11 5.50798e-11 3.86398e-11 2.59272e-11 1.54238e-11 5.90488e-12 
4.75458e-13 1.47714e-12 2.41425e-12 3.34328e-12 4.46327e-12 6.03849e-12 8.42024e-12 1.20568e-11 1.75327e-11 2.56368e-11 3.74779e-11 5.46482e-11 7.94507e-11 1.15233e-10 1.66881e-10 2.41618e-10 3.50218e-10 5.08392e-10 7.37222e-10 1.06068e-09 1.49875e-09 2.05711e-09 2.71728e-09 3.43405e-09 4.14617e-09 4.79248e-09 5.31558e-09 5.64924e-09 5.72227e-09 5.496e-09 4.99863e-09 4.31961e-09 3.57063e-09 2.84634e-09 2.20601e-09 1.67459e-09 1.25295e-09 9.28877e-10 6.85199e-10 5.04558e-10 3.71663e-10 2.74077e-10 2.02206e-10 1.48944e-10 1.09171e-10 7.92524e-11 5.65717e-11 3.91272e-11 2.51624e-11 1.29506e-11 1.29506e-11 
2.2352e-13 1.26359e-12 2.53623e-12 3.69829e-12 4.93986e-12 6.53863e-12 8.86e-12 1.23704e-11 1.76578e-11 2.54803e-11 3.68701e-11 5.32856e-11 7.68189e-11 1.1047e-10 1.58481e-10 2.26804e-10 3.23844e-10 4.61671e-10 6.57527e-10 9.34256e-10 1.3171e-09 1.82494e-09 2.45737e-09 3.18414e-09 3.94702e-09 4.6781e-09 5.31447e-09 5.79081e-09 6.02678e-09 5.9534e-09 5.56278e-09 4.9265e-09 4.16174e-09 3.38204e-09 2.66715e-09 2.05765e-09 1.56365e-09 1.17705e-09 8.81572e-10 6.5907e-10 4.92822e-10 3.68828e-10 2.76065e-10 2.06231e-10 1.53264e-10 1.12827e-10 8.18039e-11 5.78486e-11 3.89762e-11 2.32057e-11 8.86619e-12 
8.09504e-13 2.49019e-12 4.03535e-12 5.51356e-12 7.21509e-12 9.52184e-12 1.29276e-11 1.80477e-11 2.56368e-11 3.66727e-11 5.25041e-11 7.50496e-11 1.07065e-10 1.52438e-10 2.16493e-10 3.0634e-10 4.31481e-10 6.05012e-10 8.45267e-10 1.17626e-09 1.62353e-09 2.2028e-09 2.9041e-09 3.68309e-09 4.47078e-09 5.19766e-09 5.79893e-09 6.19451e-09 6.2932e-09 6.04577e-09 5.49256e-09 4.74603e-09 3.93471e-09 3.15933e-09 2.47841e-09 1.91385e-09 1.46365e-09 1.11376e-09 8.46077e-10 6.42879e-10 4.88845e-10 3.71663e-10 2.81916e-10 2.12648e-10 1.58852e-10 1.16933e-10 8.42195e-11 5.85161e-11 3.76684e-11 1.93465e-11 1.93465e-11 
3.80406e-13 2.13375e-12 4.25168e-12 6.1398e-12 8.07173e-12 1.04456e-11 1.37822e-11 1.87443e-11 2.61209e-11 3.68701e-11 5.22481e-11 7.40094e-11 1.04682e-10 1.47875e-10 2.08577e-10 2.93359e-10 4.1054e-10 5.70635e-10 7.87536e-10 1.08026e-09 1.47312e-09 1.98992e-09 2.63925e-09 3.39745e-09 4.20582e-09 4.99054e-09 5.68746e-09 6.22399e-09 6.49869e-09 6.4216e-09 5.9897e-09 5.29771e-09 4.48285e-09 3.66593e-09 2.92498e-09 2.29589e-09 1.78457e-09 1.38047e-09 1.06637e-09 8.24119e-10 6.37398e-10 4.92822e-10 3.80023e-10 2.9128e-10 2.21011e-10 1.65228e-10 1.21015e-10 8.60305e-11 5.80356e-11 3.44834e-11 1.31132e-11 
1.37068e-12 4.17588e-12 6.72234e-12 9.08078e-12 1.16624e-11 1.50075e-11 1.98274e-11 2.69861e-11 3.74779e-11 5.25041e-11 7.36641e-11 1.0324e-10 1.44537e-10 2.0223e-10 2.82613e-10 3.93649e-10 5.44942e-10 7.48051e-10 1.01759e-09 1.37276e-09 1.83632e-09 2.42612e-09 3.13773e-09 3.92938e-09 4.7324e-09 5.48403e-09 6.12715e-09 6.56544e-09 6.67328e-09 6.39514e-09 5.79327e-09 5.00469e-09 4.16814e-09 3.38214e-09 2.69827e-09 2.13194e-09 1.67716e-09 1.31825e-09 1.03708e-09 8.1669e-10 6.42879e-10 5.04558e-10 3.93445e-10 3.03554e-10 2.30659e-10 1.71748e-10 1.24473e-10 8.66323e-11 5.56593e-11 2.84396e-11 2.84396e-11 
6.43168e-13 3.57184e-12 7.08257e-12 1.01574e-11 1.31726e-11 1.66771e-11 2.14134e-11 2.83387e-11 3.85562e-11 5.32856e-11 7.40094e-11 1.02755e-10 1.42465e-10 1.97405e-10 2.73529e-10 3.78636e-10 5.22272e-10 7.15545e-10 9.7129e-10 1.30484e-09 1.73431e-09 2.27708e-09 2.93796e-09 3.68978e-09 4.47212e-09 5.23036e-09 5.92954e-09 6.49971e-09 6.79362e-09 6.69372e-09 6.21441e-09 5.48118e-09 4.64734e-09 3.83289e-09 3.10655e-09 2.49436e-09 1.99567e-09 1.59681e-09 1.27981e-09 1.02718e-09 8.24119e-10 6.5907e-10 5.23454e-10 4.11127e-10 3.17844e-10 2.40713e-10 1.77608e-10 1.26571e-10 8.52437e-11 5.03986e-11 1.90256e-11 
2.29121e-12 6.93501e-12 1.11253e-11 1.49094e-11 1.88365e-11 2.36424e-11 3.03531e-11 4.02347e-11 5.46482e-11 7.50496e-11 1.0324e-10 1.41759e-10 1.94348e-10 2.66428e-10 3.65456e-10 5.01002e-10 6.84521e-10 9.29047e-10 1.24909e-09 1.66018e-09 2.17655e-09 2.80307e-09 3.51683e-09 4.2599e-09 4.9799e-09 5.67256e-09 6.32028e-09 6.78154e-09 6.87756e-09 6.54969e-09 5.89881e-09 5.08811e-09 4.26066e-09 3.50473e-09 2.85768e-09 2.32446e-09 1.89357e-09 1.54711e-09 1.2668e-09 1.03708e-09 8.46077e-10 6.85199e-10 5.4846e-10 4.31877e-10 3.32952e-10 2.50078e-10 1.81858e-10 1.2643e-10 8.08444e-11 4.09735e-11 4.09735e-11 
1.07033e-12 5.90325e-12 1.16817e-11 1.67017e-11 2.14487e-11 2.66291e-11 3.32578e-11 4.27515e-11 5.67357e-11 7.68189e-11 1.04682e-10 1.42465e-10 1.93298e-10 2.61873e-10 3.54989e-10 4.81921e-10 6.54411e-10 8.86319e-10 1.1932e-09 1.59136e-09 2.09506e-09 2.70867e-09 3.40685e-09 4.12316e-09 4.79039e-09 5.41623e-09 6.06318e-09 6.64553e-09 6.939e-09 6.79287e-09 6.25089e-09 5.48134e-09 4.65261e-09 3.87744e-09 3.20639e-09 2.64944e-09 2.19677e-09 1.83029e-09 1.53029e-09 1.27981e-09 1.06637e-09 8.81572e-10 7.19914e-10 5.78009e-10 4.54074e-10 3.47373e-10 2.57471e-10 1.8342e-10 1.22993e-10 7.21567e-11 2.69691e-11 
3.77102e-12 1.13638e-11 1.82335e-11 2.43513e-11 3.03933e-11 3.72804e-11 4.64557e-11 5.98468e-11 7.94507e-11 1.07065e-10 1.44537e-10 1.94348e-10 2.60301e-10 3.48234e-10 4.66667e-10 6.27155e-10 8.4413e-10 1.13448e-09 1.51677e-09 2.00897e-09 2.62e-09 3.32594e-09 4.05011e-09 4.69309e-09 5.2328e-09 5.79144e-09 6.40879e-09 6.87559e-09 6.93206e-09 6.53494e-09 5.82531e-09 5.003e-09 4.21352e-09 3.52599e-09 2.9554e-09 2.49221e-09 2.11736e-09 1.80883e-09 1.54711e-09 1.31825e-09 1.11376e-09 9.28877e-10 7.61177e-10 6.09939e-10 4.75665e-10 3.59347e-10 2.61484e-10 1.81105e-10 1.14963e-10 5.76354e-11 5.76354e-11 
1.7509e-12 9.59412e-12 1.9004e-11 2.72084e-11 3.47854e-11 4.2537e-11 5.17435e-11 6.4478e-11 8.32855e-11 1.1047e-10 1.47875e-10 1.97405e-10 2.61873e-10 3.45898e-10 4.56806e-10 6.05349e-10 8.05889e-10 1.07611e-09 1.43655e-09 1.9098e-09 2.51366e-09 3.23375e-09 3.99545e-09 4.67007e-09 5.1668e-09 5.5917e-09 6.12713e-09 6.69364e-09 6.95697e-09 6.73892e-09 6.1235e-09 5.31465e-09 4.50952e-09 3.80662e-09 3.22858e-09 2.76484e-09 2.39397e-09 2.09037e-09 1.83029e-09 1.59681e-09 1.38047e-09 1.17705e-09 9.85384e-10 8.06156e-10 6.4148e-10 4.94232e-10 3.66967e-10 2.6066e-10 1.73607e-10 1.0082e-10 3.7216e-11 
6.08354e-12 1.8295e-11 2.94757e-11 3.9437e-11 4.89135e-11 5.88946e-11 7.12648e-11 8.89784e-11 1.15233e-10 1.52438e-10 2.0223e-10 2.66428e-10 3.48234e-10 4.53394e-10 5.91254e-10 7.75335e-10 1.02326e-09 1.35657e-09 1.80137e-09 2.38483e-09 3.10755e-09 3.91042e-09 4.66013e-09 5.19803e-09 5.52849e-09 5.89057e-09 6.43306e-09 6.85975e-09 6.85115e-09 6.36995e-09 5.59849e-09 4.77178e-09 4.04667e-09 3.46053e-09 3.00161e-09 2.64514e-09 2.36048e-09 2.11736e-09 1.89357e-09 1.67716e-09 1.46365e-09 1.25295e-09 1.04743e-09 8.51164e-10 6.6933e-10 5.07145e-10 3.68324e-10 2.53563e-10 1.59437e-10 7.8874e-11 7.8874e-11 
2.80731e-12 1.52686e-11 3.03621e-11 4.37305e-11 5.5994e-11 6.78808e-11 8.07589e-11 9.74859e-11 1.22154e-10 1.58481e-10 2.08577e-10 2.73529e-10 3.54989e-10 4.56806e-10 5.86378e-10 7.55587e-10 9.8106e-10 1.28411e-09 1.69262e-09 2.24107e-09 2.94648e-09 3.77123e-09 4.60035e-09 5.24687e-09 5.58543e-09 5.77624e-09 6.16981e-09 6.66472e-09 6.85723e-09 6.56041e-09 5.86044e-09 5.0182e-09 4.25526e-09 3.65186e-09 3.19547e-09 2.8582e-09 2.60416e-09 2.39397e-09 2.19677e-09 1.99567e-09 1.78457e-09 1.56365e-09 1.33678e-09 1.11019e-09 8.9175e-10 6.8987e-10 5.11807e-10 3.61675e-10 2.38786e-10 1.36994e-10 4.98349e-11 
9.5934e-12 2.88195e-11 4.67832e-11 6.30393e-11 7.82295e-11 9.31039e-11 1.09778e-10 1.32575e-10 1.66881e-10 2.16493e-10 2.82613e-10 3.65456e-10 4.66667e-10 5.91254e-10 7.48748e-10 9.53727e-10 1.22607e-09 1.59335e-09 2.09432e-09 2.7608e-09 3.57998e-09 4.46461e-09 5.22989e-09 5.67106e-09 5.78445e-09 5.96443e-09 6.41969e-09 6.77267e-09 6.68406e-09 6.11184e-09 5.26867e-09 4.45563e-09 3.81483e-09 3.34948e-09 3.02706e-09 2.80887e-09 2.64514e-09 2.49221e-09 2.32446e-09 2.13194e-09 1.91385e-09 1.67459e-09 1.4223e-09 1.16774e-09 9.22976e-10 6.99515e-10 5.05944e-10 3.45569e-10 2.14882e-10 1.04683e-10 1.04683e-10 
4.40556e-12 2.37117e-11 4.74307e-11 6.90028e-11 8.90155e-11 1.07794e-10 1.26327e-10 1.48071e-10 1.79389e-10 2.26804e-10 2.93359e-10 3.78636e-10 4.81921e-10 6.05349e-10 7.55587e-10 9.44232e-10 1.18821e-09 1.51298e-09 1.95781e-09 2.5644e-09 3.34814e-09 4.25517e-09 5.11824e-09 5.69222e-09 5.81764e-09 5.81066e-09 6.14139e-09 6.62316e-09 6.75215e-09 6.35403e-09 5.55423e-09 4.67953e-09 3.97732e-09 3.47983e-09 3.15667e-09 2.96879e-09 2.8582e-09 2.76484e-09 2.64944e-09 2.49436e-09 2.29589e-09 2.05765e-09 1.78852e-09 1.50179e-09 1.21346e-09 9.39912e-10 6.95173e-10 4.87878e-10 3.18856e-10 1.80458e-10 6.45698e-11 
1.47479e-11 4.42493e-11 7.25667e-11 9.89224e-11 1.23644e-10 1.46665e-10 1.69692e-10 1.98388e-10 2.41618e-10 3.0634e-10 3.93649e-10 5.01002e-10 6.27155e-10 7.75335e-10 9.53727e-10 1.17497e-09 1.4598e-09 1.84511e-09 2.3758e-09 3.09114e-09 3.98272e-09 4.91646e-09 5.60947e-09 5.8168e-09 5.64915e-09 5.8199e-09 6.39076e-09 6.77606e-09 6.59506e-09 5.89792e-09 4.97585e-09 4.17926e-09 3.61959e-09 3.26656e-09 3.08946e-09 3.02706e-09 3.00161e-09 2.9554e-09 2.85768e-09 2.69827e-09 2.47841e-09 2.20601e-09 1.89547e-09 1.56645e-09 1.24063e-09 9.38299e-10 6.74699e-10 4.56655e-10 2.80533e-10 1.34378e-10 1.34378e-10 
6.76083e-12 3.58183e-11 7.21568e-11 1.06355e-10 1.38917e-10 1.69279e-10 1.97169e-10 2.25854e-10 2.64275e-10 3.23844e-10 4.1054e-10 5.22272e-10 6.54411e-10 8.05889e-10 9.8106e-10 1.18821e-09 1.44096e-09 1.76866e-09 2.21597e-09 2.83762e-09 3.66954e-09 4.62123e-09 5.41997e-09 5.7695e-09 5.54971e-09 5.48741e-09 6.10648e-09 6.75469e-09 6.84627e-09 6.31548e-09 5.39251e-09 4.47808e-09 3.81533e-09 3.39494e-09 3.19159e-09 3.15667e-09 3.19547e-09 3.22858e-09 3.20639e-09 3.10655e-09 2.92498e-09 2.66715e-09 2.34627e-09 1.98402e-09 1.60735e-09 1.24344e-09 9.15241e-10 6.37203e-10 4.11959e-10 2.2982e-10 8.07582e-11 
2.20586e-11 6.60015e-11 1.09528e-10 1.51551e-10 1.91828e-10 2.28633e-10 2.62027e-10 2.98122e-10 3.50218e-10 4.31481e-10 5.44942e-10 6.84521e-10 8.4413e-10 1.02326e-09 1.22607e-09 1.4598e-09 1.74101e-09 2.10433e-09 2.6195e-09 3.36153e-09 4.27676e-09 5.12271e-09 5.60533e-09 5.46656e-09 5.29978e-09 5.85788e-09 6.76393e-09 7.16951e-09 6.81949e-09 5.96572e-09 4.93402e-09 4.12367e-09 3.5953e-09 3.31538e-09 3.26656e-09 3.34948e-09 3.46053e-09 3.52599e-09 3.50473e-09 3.38214e-09 3.15933e-09 2.84634e-09 2.46382e-09 2.04247e-09 1.61665e-09 1.21791e-09 8.6973e-10 5.83044e-10 3.53767e-10 1.66457e-10 1.66457e-10 
1.01461e-11 5.25089e-11 1.06535e-10 1.59379e-10 2.11522e-10 2.60917e-10 3.04738e-10 3.44409e-10 3.90617e-10 4.61671e-10 5.70635e-10 7.15545e-10 8.86319e-10 1.07611e-09 1.28411e-09 1.51298e-09 1.76866e-09 2.06319e-09 2.46631e-09 3.10012e-09 3.94975e-09 4.84043e-09 5.32577e-09 5.32316e-09 5.32622e-09 5.83131e-09 6.90525e-09 7.70331e-09 7.49771e-09 6.72127e-09 5.60565e-09 4.59151e-09 3.92454e-09 3.51751e-09 3.39494e-09 3.47983e-09 3.65186e-09 3.80662e-09 3.87744e-09 3.83289e-09 3.66593e-09 3.38204e-09 2.99765e-09 2.54365e-09 2.06052e-09 1.58899e-09 1.16273e-09 8.02781e-10 5.13467e-10 2.82329e-10 9.73133e-11 
3.20737e-11 9.54058e-11 1.60287e-10 2.25535e-10 2.90168e-10 3.4977e-10 4.00902e-10 4.4803e-10 5.08392e-10 6.05012e-10 7.48051e-10 9.29047e-10 1.13448e-09 1.35657e-09 1.59335e-09 1.84511e-09 2.10433e-09 2.4099e-09 2.92496e-09 3.68694e-09 4.56871e-09 5.14892e-09 5.26837e-09 5.29743e-09 6.09737e-09 7.32513e-09 8.41429e-09 8.51722e-09 7.74272e-09 6.56126e-09 5.26353e-09 4.41117e-09 3.8561e-09 3.5953e-09 3.61959e-09 3.81483e-09 4.04667e-09 4.21352e-09 4.26066e-09 4.16814e-09 3.93471e-09 3.57063e-09 3.10221e-09 2.57256e-09 2.03111e-09 1.52257e-09 1.07955e-09 7.17045e-10 4.29931e-10 1.98613e-10 1.98613e-10 
1.48903e-11 7.46039e-11 1.52268e-10 2.31334e-10 3.12527e-10 3.91783e-10 4.62143e-10 5.20663e-10 5.77245e-10 6.57527e-10 7.87536e-10 9.7129e-10 1.1932e-09 1.43655e-09 1.69262e-09 1.95781e-09 2.21597e-09 2.46631e-09 2.86049e-09 3.54104e-09 4.35352e-09 4.9915e-09 5.28196e-09 5.44788e-09 6.51006e-09 8.22774e-09 9.41368e-09 9.57529e-09 9.17062e-09 7.89141e-09 6.23238e-09 5.06119e-09 4.3536e-09 3.92454e-09 3.81533e-09 3.97732e-09 4.25526e-09 4.50952e-09 4.65261e-09 4.64734e-09 4.48285e-09 4.16174e-09 3.70201e-09 3.14358e-09 2.5416e-09 1.95188e-09 1.41968e-09 9.72543e-10 6.15953e-10 3.3398e-10 1.12805e-10 
4.53306e-11 1.33456e-10 2.26839e-10 3.24709e-10 4.25402e-10 5.20821e-10 6.01777e-10 6.67762e-10 7.37222e-10 8.45267e-10 1.01759e-09 1.24909e-09 1.51677e-09 1.80137e-09 2.09432e-09 2.3758e-09 2.6195e-09 2.92496e-09 3.48841e-09 4.30705e-09 4.95114e-09 5.44819e-09 5.90663e-09 7.36641e-09 9.26607e-09 1.04122e-08 1.10477e-08 1.0922e-08 9.45213e-09 7.69864e-09 5.94542e-09 5.00306e-09 4.41117e-09 4.12367e-09 4.17926e-09 4.45563e-09 4.77178e-09 5.003e-09 5.08811e-09 5.00469e-09 4.74603e-09 4.31961e-09 3.75627e-09 3.11082e-09 2.44787e-09 1.82582e-09 1.28619e-09 8.47421e-10 5.02679e-10 2.27969e-10 2.27969e-10 
2.13582e-11 1.02685e-10 2.10372e-10 3.24343e-10 4.46138e-10 5.69425e-10 6.81569e-10 7.72176e-10 8.46218e-10 9.34256e-10 1.08026e-09 1.30484e-09 1.59136e-09 1.9098e-09 2.24107e-09 2.5644e-09 2.83762e-09 3.10012e-09 3.54104e-09 4.32441e-09 5.0455e-09 5.88249e-09 7.11986e-09 9.00174e-09 1.08048e-08 1.22727e-08 1.27382e-08 1.21232e-08 1.15045e-08 9.39321e-09 7.36496e-09 5.85014e-09 5.06119e-09 4.59151e-09 4.47808e-09 4.67953e-09 5.0182e-09 5.31465e-09 5.48134e-09 5.48118e-09 5.29771e-09 4.9265e-09 4.38516e-09 3.72069e-09 3.00071e-09 2.29527e-09 1.66073e-09 1.13034e-09 7.09985e-10 3.79997e-10 1.25662e-10 
6.22865e-11 1.80563e-10 3.09979e-10 4.50994e-10 6.01684e-10 7.49652e-10 8.77744e-10 9.76466e-10 1.06068e-09 1.17626e-09 1.37276e-09 1.66018e-09 2.00897e-09 2.38483e-09 2.7608e-09 3.09114e-09 3.36153e-09 3.68694e-09 4.30705e-09 5.17013e-09 6.29286e-09 8.44043e-09 1.14129e-08 1.47411e-08 1.79953e-08 1.74083e-08 1.39972e-08 1.32624e-08 1.13253e-08 9.03116e-09 7.22524e-09 5.94542e-09 5.26353e-09 4.93402e-09 4.97585e-09 5.26867e-09 5.59849e-09 5.82531e-09 5.89881e-09 5.79327e-09 5.49256e-09 4.99863e-09 4.34441e-09 3.59219e-09 2.81845e-09 2.09384e-09 1.46767e-09 9.60952e-10 5.64867e-10 2.51494e-10 2.51494e-10 
2.98996e-11 1.36952e-10 2.80805e-10 4.38592e-10 6.13528e-10 7.97237e-10 9.70362e-10 1.11208e-09 1.21754e-09 1.3171e-09 1.47312e-09 1.73431e-09 2.09506e-09 2.51366e-09 2.94648e-09 3.34814e-09 3.66954e-09 3.94975e-09 4.35352e-09 5.0455e-09 6.53659e-09 9.44061e-09 1.45042e-08 2.01426e-08 2.44844e-08 2.4371e-08 2.10619e-08 1.7978e-08 1.36308e-08 1.10661e-08 8.84753e-09 7.36496e-09 6.23238e-09 5.60565e-09 5.39251e-09 5.55423e-09 5.86044e-09 6.1235e-09 6.25089e-09 6.21441e-09 5.9897e-09 5.56278e-09 4.94831e-09 4.19524e-09 3.37774e-09 2.57665e-09 1.85771e-09 1.25874e-09 7.85686e-10 4.15589e-10 1.34424e-10 
8.32271e-11 2.36348e-10 4.08831e-10 6.03388e-10 8.18611e-10 1.03783e-09 1.23441e-09 1.38616e-09 1.49875e-09 1.62353e-09 1.83632e-09 2.17655e-09 2.62e-09 3.10755e-09 3.57998e-09 3.98272e-09 4.27676e-09 4.56871e-09 4.95114e-09 6.29286e-09 9.7703e-09 1.63967e-08 2.6674e-08 3.16978e-08 3.28241e-08 2.93515e-08 2.48316e-08 1.97079e-08 1.63561e-08 1.07975e-08 9.03116e-09 7.69864e-09 6.56126e-09 5.96572e-09 5.89792e-09 6.11184e-09 6.36995e-09 6.53494e-09 6.54969e-09 6.39514e-09 6.04577e-09 5.496e-09 4.77565e-09 3.94707e-09 3.09286e-09 2.2928e-09 1.60251e-09 1.04498e-09 6.0983e-10 2.66547e-10 2.66547e-10 
4.07597e-11 1.77094e-10 3.62245e-10 5.71813e-10 8.11662e-10 1.07208e-09 1.32683e-09 1.5427e-09 1.70079e-09 1.82494e-09 1.98992e-09 2.27708e-09 2.70867e-09 3.23375e-09 3.77123e-09 4.25517e-09 4.62123e-09 4.84043e-09 4.9915e-09 5.88249e-09 9.44061e-09 1.70842e-08 3.07191e-08 3.90673e-08 4.19567e-08 4.07079e-08 3.63922e-08 2.64036e-08 2.07635e-08 1.64202e-08 1.10661e-08 9.39321e-09 7.89141e-09 6.72127e-09 6.31548e-09 6.35403e-09 6.56041e-09 6.73892e-09 6.79287e-09 6.69372e-09 6.4216e-09 5.9534e-09 5.29621e-09 4.49338e-09 3.61855e-09 2.75857e-09 1.98615e-09 1.34279e-09 8.34698e-10 4.36864e-10 1.38026e-10 
1.08119e-10 2.99511e-10 5.20629e-10 7.77454e-10 1.07e-09 1.37801e-09 1.66506e-09 1.89413e-09 2.05711e-09 2.2028e-09 2.42612e-09 2.80307e-09 3.32594e-09 3.91042e-09 4.46461e-09 4.91646e-09 5.12271e-09 5.14892e-09 5.44819e-09 8.44043e-09 1.63967e-08 3.1929e-08 4.23212e-08 4.50163e-08 4.7333e-08 4.52015e-08 3.91612e-08 2.89518e-08 2.11322e-08 1.63561e-08 1.13253e-08 9.45213e-09 7.74272e-09 6.81949e-09 6.59506e-09 6.68406e-09 6.85115e-09 6.93206e-09 6.87756e-09 6.67328e-09 6.2932e-09 5.72227e-09 4.98043e-09 4.12329e-09 3.23398e-09 2.39768e-09 1.67479e-09 1.09011e-09 6.32711e-10 2.71396e-10 2.71396e-10 
5.39508e-11 2.22147e-10 4.51977e-10 7.19149e-10 1.03296e-09 1.38327e-09 1.73768e-09 2.05039e-09 2.28645e-09 2.45737e-09 2.63925e-09 2.93796e-09 3.40685e-09 3.99545e-09 4.60035e-09 5.11824e-09 5.41997e-09 5.32577e-09 5.28196e-09 7.11986e-09 1.45042e-08 3.07191e-08 4.35181e-08 4.89285e-08 5.43698e-08 5.53946e-08 5.09435e-08 4.30969e-08 2.94964e-08 2.07635e-08 1.36308e-08 1.15045e-08 9.17062e-09 7.49771e-09 6.84627e-09 6.75215e-09 6.85723e-09 6.95697e-09 6.939e-09 6.79362e-09 6.49869e-09 6.02678e-09 5.3744e-09 4.57346e-09 3.69229e-09 2.8193e-09 2.03156e-09 1.37341e-09 8.51911e-10 4.41587e-10 1.36014e-10 
1.36436e-10 3.67724e-10 6.40722e-10 9.65447e-10 1.34399e-09 1.7535e-09 2.14872e-09 2.47803e-09 2.71728e-09 2.9041e-09 3.13773e-09 3.51683e-09 4.05011e-09 4.66013e-09 5.22989e-09 5.60947e-09 5.60533e-09 5.26837e-09 5.90663e-09 1.14129e-08 2.6674e-08 4.23212e-08 5.04288e-08 5.85465e-08 6.19143e-08 6.0872e-08 5.48316e-08 4.43532e-08 2.89518e-08 1.97079e-08 1.32624e-08 1.0922e-08 8.51722e-09 7.16951e-09 6.77606e-09 6.77267e-09 6.85975e-09 6.87559e-09 6.78154e-09 6.56544e-09 6.19451e-09 5.64924e-09 4.93714e-09 4.10362e-09 3.22839e-09 2.3987e-09 1.67782e-09 1.0922e-09 6.31419e-10 2.65561e-10 2.65561e-10 
6.91287e-11 2.70343e-10 5.45876e-10 8.73373e-10 1.26589e-09 1.7135e-09 2.17883e-09 2.60502e-09 2.94166e-09 3.18414e-09 3.39745e-09 3.68978e-09 4.12316e-09 4.67007e-09 5.24687e-09 5.69222e-09 5.7695e-09 5.32316e-09 5.44788e-09 9.00174e-09 2.01426e-08 3.90673e-08 4.89285e-08 6.00657e-08 6.58015e-08 6.60342e-08 6.34077e-08 5.61919e-08 4.30969e-08 2.64036e-08 1.7978e-08 1.21232e-08 9.57529e-09 7.70331e-09 6.75469e-09 6.62316e-09 6.66472e-09 6.69364e-09 6.64553e-09 6.49971e-09 6.22399e-09 5.79081e-09 5.18928e-09 4.43885e-09 3.59936e-09 2.75768e-09 1.99227e-09 1.34915e-09 8.36407e-10 4.29606e-10 1.28641e-10 
1.66983e-10 4.37546e-10 7.62684e-10 1.15685e-09 1.62438e-09 2.14054e-09 2.65292e-09 3.09752e-09 3.43405e-09 3.68309e-09 3.92938e-09 4.2599e-09 4.69309e-09 5.19803e-09 5.67106e-09 5.8168e-09 5.46656e-09 5.29743e-09 7.36641e-09 1.47411e-08 3.16978e-08 4.50163e-08 5.85465e-08 6.73139e-08 6.94215e-08 6.8978e-08 6.48385e-08 5.48316e-08 3.91612e-08 2.48316e-08 1.39972e-08 1.10477e-08 8.41429e-09 6.76393e-09 6.39076e-09 6.41969e-09 6.43306e-09 6.40879e-09 6.32028e-09 6.12715e-09 5.79893e-09 5.31558e-09 4.67395e-09 3.90648e-09 3.08721e-09 2.30209e-09 1.61484e-09 1.05288e-09 6.0692e-10 2.49908e-10 2.49908e-10 
8.55165e-11 3.18994e-10 6.3842e-10 1.02518e-09 1.49593e-09 2.04111e-09 2.61947e-09 3.16538e-09 3.61523e-09 3.94702e-09 4.20582e-09 4.47212e-09 4.79039e-09 5.1668e-09 5.58543e-09 5.81764e-09 5.54971e-09 5.32622e-09 6.51006e-09 1.08048e-08 2.44844e-08 4.19567e-08 5.43698e-08 6.58015e-08 7.09961e-08 7.40829e-08 7.06418e-08 6.34077e-08 5.09435e-08 3.63922e-08 2.10619e-08 1.27382e-08 9.41368e-09 6.90525e-09 6.10648e-09 6.14139e-09 6.16981e-09 6.12713e-09 6.06318e-09 5.92954e-09 5.68746e-09 5.31447e-09 4.79345e-09 4.12713e-09 3.36522e-09 2.59002e-09 1.87817e-09 1.27563e-09 7.91325e-10 4.02789e-10 1.16814e-10 
1.97834e-10 5.04409e-10 8.78442e-10 1.33888e-09 1.89201e-09 2.51163e-09 3.13985e-09 3.70285e-09 4.14617e-09 4.47078e-09 4.7324e-09 4.9799e-09 5.2328e-09 5.52849e-09 5.78445e-09 5.64915e-09 5.29978e-09 6.09737e-09 9.26607e-09 1.79953e-08 3.28241e-08 4.7333e-08 6.19143e-08 6.94215e-08 7.5886e-08 7.58804e-08 6.8978e-08 6.0872e-08 4.52015e-08 2.93515e-08 1.74083e-08 1.04122e-08 7.32513e-09 5.85788e-09 5.8199e-09 5.96443e-09 5.89057e-09 5.79144e-09 5.67256e-09 5.48403e-09 5.19766e-09 4.79248e-09 4.24457e-09 3.57096e-09 2.83757e-09 2.12559e-09 1.49683e-09 9.78538e-10 5.6282e-10 2.26433e-10 2.26433e-10 
1.01913e-10 3.64529e-10 7.22794e-10 1.16343e-09 1.70626e-09 2.34197e-09 3.02638e-09 3.68727e-09 4.25029e-09 4.6781e-09 4.99054e-09 5.23036e-09 5.41623e-09 5.5917e-09 5.77624e-09 5.81066e-09 5.48741e-09 5.83131e-09 8.22774e-09 1.22727e-08 2.4371e-08 4.07079e-08 5.53946e-08 6.60342e-08 7.40829e-08 7.77207e-08 7.40829e-08 6.60342e-08 5.53946e-08 4.07079e-08 2.4371e-08 1.22727e-08 8.22774e-09 5.83131e-09 5.48741e-09 5.81066e-09 5.77624e-09 5.5917e-09 5.41623e-09 5.23036e-09 4.99054e-09 4.6781e-09 4.25029e-09 3.68727e-09 3.02638e-09 2.34197e-09 1.70626e-09 1.16343e-09 7.22794e-10 3.64529e-10 1.01913e-10 
2.26433e-10 5.6282e-10 9.78538e-10 1.49683e-09 2.12559e-09 2.83757e-09 3.57096e-09 4.24457e-09 4.79248e-09 5.19766e-09 5.48403e-09 5.67256e-09 5.79144e-09 5.89057e-09 5.96443e-09 5.8199e-09 5.85788e-09 7.32513e-09 1.04122e-08 1.74083e-08 2.93515e-08 4.52015e-08 6.0872e-08 6.8978e-08 7.58804e-08 7.5886e-08 6.94215e-08 6.19143e-08 4.7333e-08 3.28241e-08 1.79953e-08 9.26607e-09 6.09737e-09 5.29978e-09 5.64915e-09 5.78445e-09 5.52849e-09 5.2328e-09 4.9799e-09 4.7324e-09 4.47078e-09 4.14617e-09 3.70285e-09 3.13985e-09 2.51163e-09 1.89201e-09 1.33888e-09 8.78442e-10 5.04409e-10 1.97834e-10 1.97834e-10 
1.16814e-10 4.02789e-10 7.91325e-10 1.27563e-09 1.87817e-09 2.59002e-09 3.36522e-09 4.12713e-09 4.79345e-09 5.31447e-09 5.68746e-09 5.92954e-09 6.06318e-09 6.12713e-09 6.16981e-09 6.14139e-09 6.10648e-09 6.90525e-09 9.41368e-09 1.27382e-08 2.10619e-08 3.63922e-08 5.09435e-08 6.34077e-08 7.06418e-08 7.40829e-08 7.09961e-08 6.58015e-08 5.43698e-08 4.19567e-08 2.44844e-08 1.08048e-08 6.51006e-09 5.32622e-09 5.54971e-09 5.81764e-09 5.58543e-09 5.1668e-09 4.79039e-09 4.47212e-09 4.20582e-09 3.94702e-09 3.61523e-09 3.16538e-09 2.61947e-09 2.04111e-09 1.49593e-09 1.02518e-09 6.3842e-10 3.18994e-10 8.55165e-11 
2.49908e-10 6.0692e-10 1.05288e-09 1.61484e-09 2.30209e-09 3.08721e-09 3.90648e-09 4.67395e-09 5.31558e-09 5.79893e-09 6.12715e-09 6.32028e-09 6.40879e-09 6.43306e-09 6.41969e-09 6.39076e-09 6.76393e-09 8.41429e-09 1.10477e-08 1.39972e-08 2.48316e-08 3.91612e-08 5.48316e-08 6.48385e-08 6.8978e-08 6.94215e-08 6.73139e-08 5.85465e-08 4.50163e-08 3.16978e-08 1.47411e-08 7.36641e-09 5.29743e-09 5.46656e-09 5.8168e-09 5.67106e-09 5.19803e-09 4.69309e-09 4.2599e-09 3.92938e-09 3.68309e-09 3.43405e-09 3.09752e-09 2.65292e-09 2.14054e-09 1.62438e-09 1.15685e-09 7.62684e-10 4.37546e-10 1.66983e-10 1.66983e-10 
1.28641e-10 4.29606e-10 8.36407e-10 1.34915e-09 1.99227e-09 2.75768e-09 3.59936e-09 4.43885e-09 5.18928e-09 5.79081e-09 6.22399e-09 6.49971e-09 6.64553e-09 6.69364e-09 6.66472e-09 6.62316e-09 6.75469e-09 7.70331e-09 9.57529e-09 1.21232e-08 1.7978e-08 2.64036e-08 4.30969e-08 5.61919e-08 6.34077e-08 6.60342e-08 6.58015e-08 6.00657e-08 4.89285e-08 3.90673e-08 2.01426e-08 9.00174e-09 5.44788e-09 5.32316e-09 5.7695e-09 5.69222e-09 5.24687e-09 4.67007e-09 4.12316e-09 3.68978e-09 3.39745e-09 3.18414e-09 2.94166e-09 2.60502e-09 2.17883e-09 1.7135e-09 1.26589e-09 8.73373e-10 5.45876e-10 2.70343e-10 6.91287e-11 
2.65561e-10 6.31419e-10 1.0922e-09 1.67782e-09 2.3987e-09 3.22839e-09 4.10362e-09 4.93714e-09 5.64924e-09 6.19451e-09 6.56544e-09 6.78154e-09 6.87559e-09 6.85975e-09 6.77267e-09 6.77606e-09 7.16951e-09 8.51722e-09 1.0922e-08 1.32624e-08 1.97079e-08 2.89518e-08 4.43532e-08 5.48316e-08 6.0872e-08 6.19143e-08 5.85465e-08 5.04288e-08 4.23212e-08 2.6674e-08 1.14129e-08 5.90663e-09 5.26837e-09 5.60533e-09 5.60947e-09 5.22989e-09 4.66013e-09 4.05011e-09 3.51683e-09 3.13773e-09 2.9041e-09 2.71728e-09 2.47803e-09 2.14872e-09 1.7535e-09 1.34399e-09 9.65447e-10 6.40722e-10 3.67724e-10 1.36436e-10 1.36436e-10 
1.36014e-10 4.41587e-10 8.51911e-10 1.37341e-09 2.03156e-09 2.8193e-09 3.69229e-09 4.57346e-09 5.3744e-09 6.02678e-09 6.49869e-09 6.79362e-09 6.939e-09 6.95697e-09 6.85723e-09 6.75215e-09 6.84627e-09 7.49771e-09 9.17062e-09 1.15045e-08 1.36308e-08 2.07635e-08 2.94964e-08 4.30969e-08 5.09435e-08 5.53946e-08 5.43698e-08 4.89285e-08 4.35181e-08 3.07191e-08 1.45042e-08 7.11986e-09 5.28196e-09 5.32577e-09 5.41997e-09 5.11824e-09 4.60035e-09 3.99545e-09 3.40685e-09 2.93796e-09 2.63925e-09 2.45737e-09 2.28645e-09 2.05039e-09 1.73768e-09 1.38327e-09 1.03296e-09 7.19149e-10 4.51977e-10 2.22147e-10 5.39508e-11 
2.71396e-10 6.32711e-10 1.09011e-09 1.67479e-09 2.39768e-09 3.23398e-09 4.12329e-09 4.98043e-09 5.72227e-09 6.2932e-09 6.67328e-09 6.87756e-09 6.93206e-09 6.85115e-09 6.68406e-09 6.59506e-09 6.81949e-09 7.74272e-09 9.45213e-09 1.13253e-08 1.63561e-08 2.11322e-08 2.89518e-08 3.91612e-08 4.52015e-08 4.7333e-08 4.50163e-08 4.23212e-08 3.1929e-08 1.63967e-08 8.44043e-09 5.44819e-09 5.14892e-09 5.12271e-09 4.91646e-09 4.46461e-09 3.91042e-09 3.32594e-09 2.80307e-09 2.42612e-09 2.2028e-09 2.05711e-09 1.89413e-09 1.66506e-09 1.37801e-09 1.07e-09 7.77454e-10 5.20629e-10 2.99511e-10 1.08119e-10 1.08119e-10 
1.38026e-10 4.36864e-10 8.34698e-10 1.34279e-09 1.98615e-09 2.75857e-09 3.61855e-09 4.49338e-09 5.29621e-09 5.9534e-09 6.4216e-09 6.69372e-09 6.79287e-09 6.73892e-09 6.56041e-09 6.35403e-09 6.31548e-09 6.72127e-09 7.89141e-09 9.39321e-09 1.10661e-08 1.64202e-08 2.07635e-08 2.64036e-08 3.63922e-08 4.07079e-08 4.19567e-08 3.90673e-08 3.07191e-08 1.70842e-08 9.44061e-09 5.88249e-09 4.9915e-09 4.84043e-09 4.62123e-09 4.25517e-09 3.77123e-09 3.23375e-09 2.70867e-09 2.27708e-09 1.98992e-09 1.82494e-09 1.70079e-09 1.5427e-09 1.32683e-09 1.07208e-09 8.11662e-10 5.71813e-10 3.62245e-10 1.77094e-10 4.07597e-11 
2.66547e-10 6.0983e-10 1.04498e-09 1.60251e-09 2.2928e-09 3.09286e-09 3.94707e-09 4.77565e-09 5.496e-09 6.04577e-09 6.39514e-09 6.54969e-09 6.53494e-09 6.36995e-09 6.11184e-09 5.89792e-09 5.96572e-09 6.56126e-09 7.69864e-09 9.03116e-09 1.07975e-08 1.63561e-08 1.97079e-08 2.48316e-08 2.93515e-08 3.28241e-08 3.16978e-08 2.6674e-08 1.63967e-08 9.7703e-09 6.29286e-09 4.95114e-09 4.56871e-09 4.27676e-09 3.98272e-09 3.57998e-09 3.10755e-09 2.62e-09 2.17655e-09 1.83632e-09 1.62353e-09 1.49875e-09 1.38616e-09 1.23441e-09 1.03783e-09 8.18611e-10 6.03388e-10 4.08831e-10 2.36348e-10 8.32271e-11 8.32271e-11 
1.34424e-10 4.15589e-10 7.85686e-10 1.25874e-09 1.85771e-09 2.57665e-09 3.37774e-09 4.19524e-09 4.94831e-09 5.56278e-09 5.9897e-09 6.21441e-09 6.25089e-09 6.1235e-09 5.86044e-09 5.55423e-09 5.39251e-09 5.60565e-09 6.23238e-09 7.36496e-09 8.84753e-09 1.10661e-08 1.36308e-08 1.7978e-08 2.10619e-08 2.4371e-08 2.44844e-08 2.01426e-08 1.45042e-08 9.44061e-09 6.53659e-09 5.0455e-09 4.35352e-09 3.94975e-09 3.66954e-09 3.34814e-09 2.94648e-09 2.51366e-09 2.09506e-09 1.73431e-09 1.47312e-09 1.3171e-09 1.21754e-09 1.11208e-09 9.70362e-10 7.97237e-10 6.13528e-10 4.38592e-10 2.80805e-10 1.36952e-10 2.98996e-11 
2.51494e-10 5.64867e-10 9.60952e-10 1.46767e-09 2.09384e-09 2.81845e-09 3.59219e-09 4.34441e-09 4.99863e-09 5.49256e-09 5.79327e-09 5.89881e-09 5.82531e-09 5.59849e-09 5.26867e-09 4.97585e-09 4.93402e-09 5.26353e-09 5.94542e-09 7.22524e-09 9.03116e-09 1.13253e-08 1.32624e-08 1.39972e-08 1.74083e-08 1.79953e-08 1.47411e-08 1.14129e-08 8.44043e-09 6.29286e-09 5.17013e-09 4.30705e-09 3.68694e-09 3.36153e-09 3.09114e-09 2.7608e-09 2.38483e-09 2.00897e-09 1.66018e-09 1.37276e-09 1.17626e-09 1.06068e-09 9.76466e-10 8.77744e-10 7.49652e-10 6.01684e-10 4.50994e-10 3.09979e-10 1.80563e-10 6.22865e-11 6.22865e-11 
1.25662e-10 3.79997e-10 7.09985e-10 1.13034e-09 1.66073e-09 2.29527e-09 3.00071e-09 3.72069e-09 4.38516e-09 4.9265e-09 5.29771e-09 5.48118e-09 5.48134e-09 5.31465e-09 5.0182e-09 4.67953e-09 4.47808e-09 4.59151e-09 5.06119e-09 5.85014e-09 7.36496e-09 9.39321e-09 1.15045e-08 1.21232e-08 1.27382e-08 1.22727e-08 1.08048e-08 9.00174e-09 7.11986e-09 5.88249e-09 5.0455e-09 4.32441e-09 3.54104e-09 3.10012e-09 2.83762e-09 2.5644e-09 2.24107e-09 1.9098e-09 1.59136e-09 1.30484e-09 1.08026e-09 9.34256e-10 8.46218e-10 7.72176e-10 6.81569e-10 5.69425e-10 4.46138e-10 3.24343e-10 2.10372e-10 1.02685e-10 2.13582e-11 
2.27969e-10 5.02679e-10 8.47421e-10 1.28619e-09 1.82582e-09 2.44787e-09 3.11082e-09 3.75627e-09 4.31961e-09 4.74603e-09 5.00469e-09 5.08811e-09 5.003e-09 4.77178e-09 4.45563e-09 4.17926e-09 4.12367e-09 4.41117e-09 5.00306e-09 5.94542e-09 7.69864e-09 9.45213e-09 1.0922e-08 1.10477e-08 1.04122e-08 9.26607e-09 7.36641e-09 5.90663e-09 5.44819e-09 4.95114e-09 4.30705e-09 3.48841e-09 2.92496e-09 2.6195e-09 2.3758e-09 2.09432e-09 1.80137e-09 1.51677e-09 1.24909e-09 1.01759e-09 8.45267e-10 7.37222e-10 6.67762e-10 6.01777e-10 5.20821e-10 4.25402e-10 3.24709e-10 2.26839e-10 1.33456e-10 4.53306e-11 4.53306e-11 
1.12805e-10 3.3398e-10 6.15953e-10 9.72543e-10 1.41968e-09 1.95188e-09 2.5416e-09 3.14358e-09 3.70201e-09 4.16174e-09 4.48285e-09 4.64734e-09 4.65261e-09 4.50952e-09 4.25526e-09 3.97732e-09 3.81533e-09 3.92454e-09 4.3536e-09 5.06119e-09 6.23238e-09 7.89141e-09 9.17062e-09 9.57529e-09 9.41368e-09 8.22774e-09 6.51006e-09 5.44788e-09 5.28196e-09 4.9915e-09 4.35352e-09 3.54104e-09 2.86049e-09 2.46631e-09 2.21597e-09 1.95781e-09 1.69262e-09 1.43655e-09 1.1932e-09 9.7129e-10 7.87536e-10 6.57527e-10 5.77245e-10 5.20663e-10 4.62143e-10 3.91783e-10 3.12527e-10 2.31334e-10 1.52268e-10 7.46039e-11 1.48903e-11 
1.98613e-10 4.29931e-10 7.17045e-10 1.07955e-09 1.52257e-09 2.03111e-09 2.57256e-09 3.10221e-09 3.57063e-09 3.93471e-09 4.16814e-09 4.26066e-09 4.21352e-09 4.04667e-09 3.81483e-09 3.61959e-09 3.5953e-09 3.8561e-09 4.41117e-09 5.26353e-09 6.56126e-09 7.74272e-09 8.51722e-09 8.41429e-09 7.32513e-09 6.09737e-09 5.29743e-09 5.26837e-09 5.14892e-09 4.56871e-09 3.68694e-09 2.92496e-09 2.4099e-09 2.10433e-09 1.84511e-09 1.59335e-09 1.35657e-09 1.13448e-09 9.29047e-10 7.48051e-10 6.05012e-10 5.08392e-10 4.4803e-10 4.00902e-10 3.4977e-10 2.90168e-10 2.25535e-10 1.60287e-10 9.54058e-11 3.20737e-11 3.20737e-11 
9.73133e-11 2.82329e-10 5.13467e-10 8.02781e-10 1.16273e-09 1.58899e-09 2.06052e-09 2.54365e-09 2.99765e-09 3.38204e-09 3.66593e-09 3.83289e-09 3.87744e-09 3.80662e-09 3.65186e-09 3.47983e-09 3.39494e-09 3.51751e-09 3.92454e-09 4.59151e-09 5.60565e-09 6.72127e-09 7.49771e-09 7.70331e-09 6.90525e-09 5.83131e-09 5.32622e-09 5.32316e-09 5.32577e-09 4.84043e-09 3.94975e-09 3.10012e-09 2.46631e-09 2.06319e-09 1.76866e-09 1.51298e-09 1.28411e-09 1.07611e-09 8.86319e-10 7.15545e-10 5.70635e-10 4.61671e-10 3.90617e-10 3.44409e-10 3.04738e-10 2.60917e-10 2.11522e-10 1.59379e-10 1.06535e-10 5.25089e-11 1.01461e-11 
1.66457e-10 3.53767e-10 5.83044e-10 8.6973e-10 1.21791e-09 1.61665e-09 2.04247e-09 2.46382e-09 2.84634e-09 3.15933e-09 3.38214e-09 3.50473e-09 3.52599e-09 3.46053e-09 3.34948e-09 3.26656e-09 3.31538e-09 3.5953e-09 4.12367e-09 4.93402e-09 5.96572e-09 6.81949e-09 7.16951e-09 6.76393e-09 5.85788e-09 5.29978e-09 5.46656e-09 5.60533e-09 5.12271e-09 4.27676e-09 3.36153e-09 2.6195e-09 2.10433e-09 1.74101e-09 1.4598e-09 1.22607e-09 1.02326e-09 8.4413e-10 6.84521e-10 5.44942e-10 4.31481e-10 3.50218e-10 2.98122e-10 2.62027e-10 2.28633e-10 1.91828e-10 1.51551e-10 1.09528e-10 6.60015e-11 2.20586e-11 2.20586e-11 
8.07582e-11 2.2982e-10 4.11959e-10 6.37203e-10 9.15241e-10 1.24344e-09 1.60735e-09 1.98402e-09 2.34627e-09 2.66715e-09 2.92498e-09 3.10655e-09 3.20639e-09 3.22858e-09 3.19547e-09 3.15667e-09 3.19159e-09 3.39494e-09 3.81533e-09 4.47808e-09 5.39251e-09 6.31548e-09 6.84627e-09 6.75469e-09 6.10648e-09 5.48741e-09 5.54971e-09 5.7695e-09 5.41997e-09 4.62123e-09 3.66954e-09 2.83762e-09 2.21597e-09 1.76866e-09 1.44096e-09 1.18821e-09 9.8106e-10 8.05889e-10 6.54411e-10 5.22272e-10 4.1054e-10 3.23844e-10 2.64275e-10 2.25854e-10 1.97169e-10 1.69279e-10 1.38917e-10 1.06355e-10 7.21568e-11 3.58183e-11 6.76083e-12 
1.34378e-10 2.80533e-10 4.56655e-10 6.74699e-10 9.38299e-10 1.24063e-09 1.56645e-09 1.89547e-09 2.20601e-09 2.47841e-09 2.69827e-09 2.85768e-09 2.9554e-09 3.00161e-09 3.02706e-09 3.08946e-09 3.26656e-09 3.61959e-09 4.17926e-09 4.97585e-09 5.89792e-09 6.59506e-09 6.77606e-09 6.39076e-09 5.8199e-09 5.64915e-09 5.8168e-09 5.60947e-09 4.91646e-09 3.98272e-09 3.09114e-09 2.3758e-09 1.84511e-09 1.4598e-09 1.17497e-09 9.53727e-10 7.75335e-10 6.27155e-10 5.01002e-10 3.93649e-10 3.0634e-10 2.41618e-10 1.98388e-10 1.69692e-10 1.46665e-10 1.23644e-10 9.89224e-11 7.25667e-11 4.42493e-11 1.47479e-11 1.47479e-11 
6.45698e-11 1.80458e-10 3.18856e-10 4.87878e-10 6.95173e-10 9.39912e-10 1.21346e-09 1.50179e-09 1.78852e-09 2.05765e-09 2.29589e-09 2.49436e-09 2.64944e-09 2.76484e-09 2.8582e-09 2.96879e-09 3.15667e-09 3.47983e-09 3.97732e-09 4.67953e-09 5.55423e-09 6.35403e-09 6.75215e-09 6.62316e-09 6.14139e-09 5.81066e-09 5.81764e-09 5.69222e-09 5.11824e-09 4.25517e-09 3.34814e-09 2.5644e-09 1.95781e-09 1.51298e-09 1.18821e-09 9.44232e-10 7.55587e-10 6.05349e-10 4.81921e-10 3.78636e-10 2.93359e-10 2.26804e-10 1.79389e-10 1.48071e-10 1.26327e-10 1.07794e-10 8.90155e-11 6.90028e-11 4.74307e-11 2.37117e-11 4.40556e-12 
1.04683e-10 2.14882e-10 3.45569e-10 5.05944e-10 6.99515e-10 9.22976e-10 1.16774e-09 1.4223e-09 1.67459e-09 1.91385e-09 2.13194e-09 2.32446e-09 2.49221e-09 2.64514e-09 2.80887e-09 3.02706e-09 3.34948e-09 3.81483e-09 4.45563e-09 5.26867e-09 6.11184e-09 6.68406e-09 6.77267e-09 6.41969e-09 5.96443e-09 5.78445e-09 5.67106e-09 5.22989e-09 4.46461e-09 3.57998e-09 2.7608e-09 2.09432e-09 1.59335e-09 1.22607e-09 9.53727e-10 7.48748e-10 5.91254e-10 4.66667e-10 3.65456e-10 2.82613e-10 2.16493e-10 1.66881e-10 1.32575e-10 1.09778e-10 9.31039e-11 7.82295e-11 6.30393e-11 4.67832e-11 2.88195e-11 9.5934e-12 9.5934e-12 
4.98349e-11 1.36994e-10 2.38786e-10 3.61675e-10 5.11807e-10 6.8987e-10 8.9175e-10 1.11019e-09 1.33678e-09 1.56365e-09 1.78457e-09 1.99567e-09 2.19677e-09 2.39397e-09 2.60416e-09 2.8582e-09 3.19547e-09 3.65186e-09 4.25526e-09 5.0182e-09 5.86044e-09 6.56041e-09 6.85723e-09 6.66472e-09 6.16981e-09 5.77624e-09 5.58543e-09 5.24687e-09 4.60035e-09 3.77123e-09 2.94648e-09 2.24107e-09 1.69262e-09 1.28411e-09 9.8106e-10 7.55587e-10 5.86378e-10 4.56806e-10 3.54989e-10 2.73529e-10 2.08577e-10 1.58481e-10 1.22154e-10 9.74859e-11 8.07589e-11 6.78808e-11 5.5994e-11 4.37305e-11 3.03621e-11 1.52686e-11 2.80731e-12 
7.8874e-11 1.59437e-10 2.53563e-10 3.68324e-10 5.07145e-10 6.6933e-10 8.51164e-10 1.04743e-09 1.25295e-09 1.46365e-09 1.67716e-09 1.89357e-09 2.11736e-09 2.36048e-09 2.64514e-09 3.00161e-09 3.46053e-09 4.04667e-09 4.77178e-09 5.59849e-09 6.36995e-09 6.85115e-09 6.85975e-09 6.43306e-09 5.89057e-09 5.52849e-09 5.19803e-09 4.66013e-09 3.91042e-09 3.10755e-09 2.38483e-09 1.80137e-09 1.35657e-09 1.02326e-09 7.75335e-10 5.91254e-10 4.53394e-10 3.48234e-10 2.66428e-10 2.0223e-10 1.52438e-10 1.15233e-10 8.89784e-11 7.12648e-11 5.88946e-11 4.89135e-11 3.9437e-11 2.94757e-11 1.8295e-11 6.08354e-12 6.08354e-12 
3.7216e-11 1.0082e-10 1.73607e-10 2.6066e-10 3.66967e-10 4.94232e-10 6.4148e-10 8.06156e-10 9.85384e-10 1.17705e-09 1.38047e-09 1.59681e-09 1.83029e-09 2.09037e-09 2.39397e-09 2.76484e-09 3.22858e-09 3.80662e-09 4.50952e-09 5.31465e-09 6.1235e-09 6.73892e-09 6.95697e-09 6.69364e-09 6.12713e-09 5.5917e-09 5.1668e-09 4.67007e-09 3.99545e-09 3.23375e-09 2.51366e-09 1.9098e-09 1.43655e-09 1.07611e-09 8.05889e-10 6.05349e-10 4.56806e-10 3.45898e-10 2.61873e-10 1.97405e-10 1.47875e-10 1.1047e-10 8.32855e-11 6.4478e-11 5.17435e-11 4.2537e-11 3.47854e-11 2.72084e-11 1.9004e-11 9.59412e-12 1.7509e-12 
5.76354e-11 1.14963e-10 1.81105e-10 2.61484e-10 3.59347e-10 4.75665e-10 6.09939e-10 7.61177e-10 9.28877e-10 1.11376e-09 1.31825e-09 1.54711e-09 1.80883e-09 2.11736e-09 2.49221e-09 2.9554e-09 3.52599e-09 4.21352e-09 5.003e-09 5.82531e-09 6.53494e-09 6.93206e-09 6.87559e-09 6.40879e-09 5.79144e-09 5.2328e-09 4.69309e-09 4.05011e-09 3.32594e-09 2.62e-09 2.00897e-09 1.51677e-09 1.13448e-09 8.4413e-10 6.27155e-10 4.66667e-10 3.48234e-10 2.60301e-10 1.94348e-10 1.44537e-10 1.07065e-10 7.94507e-11 5.98468e-11 4.64557e-11 3.72804e-11 3.03933e-11 2.43513e-11 1.82335e-11 1.13638e-11 3.77102e-12 3.77102e-12 
2.69691e-11 7.21567e-11 1.22993e-10 1.8342e-10 2.57471e-10 3.47373e-10 4.54074e-10 5.78009e-10 7.19914e-10 8.81572e-10 1.06637e-09 1.27981e-09 1.53029e-09 1.83029e-09 2.19677e-09 2.64944e-09 3.20639e-09 3.87744e-09 4.65261e-09 5.48134e-09 6.25089e-09 6.79287e-09 6.939e-09 6.64553e-09 6.06318e-09 5.41623e-09 4.79039e-09 4.12316e-09 3.40685e-09 2.70867e-09 2.09506e-09 1.59136e-09 1.1932e-09 8.86319e-10 6.54411e-10 4.81921e-10 3.54989e-10 2.61873e-10 1.93298e-10 1.42465e-10 1.04682e-10 7.68189e-11 5.67357e-11 4.27515e-11 3.32578e-11 2.66291e-11 2.14487e-11 1.67017e-11 1.16817e-11 5.90325e-12 1.07033e-12 
4.09735e-11 8.08444e-11 1.2643e-10 1.81858e-10 2.50078e-10 3.32952e-10 4.31877e-10 5.4846e-10 6.85199e-10 8.46077e-10 1.03708e-09 1.2668e-09 1.54711e-09 1.89357e-09 2.32446e-09 2.85768e-09 3.50473e-09 4.26066e-09 5.08811e-09 5.89881e-09 6.54969e-09 6.87756e-09 6.78154e-09 6.32028e-09 5.67256e-09 4.9799e-09 4.2599e-09 3.51683e-09 2.80307e-09 2.17655e-09 1.66018e-09 1.24909e-09 9.29047e-10 6.84521e-10 5.01002e-10 3.65456e-10 2.66428e-10 1.94348e-10 1.41759e-10 1.0324e-10 7.50496e-11 5.46482e-11 4.02347e-11 3.03531e-11 2.36424e-11 1.88365e-11 1.49094e-11 1.11253e-11 6.93501e-12 2.29121e-12 2.29121e-12 
1.90256e-11 5.03986e-11 8.52437e-11 1.26571e-10 1.77608e-10 2.40713e-10 3.17844e-10 4.11127e-10 5.23454e-10 6.5907e-10 8.24119e-10 1.02718e-09 1.27981e-09 1.59681e-09 1.99567e-09 2.49436e-09 3.10655e-09 3.83289e-09 4.64734e-09 5.48118e-09 6.21441e-09 6.69372e-09 6.79362e-09 6.49971e-09 5.92954e-09 5.23036e-09 4.47212e-09 3.68978e-09 2.93796e-09 2.27708e-09 1.73431e-09 1.30484e-09 9.7129e-10 7.15545e-10 5.22272e-10 3.78636e-10 2.73529e-10 1.97405e-10 1.42465e-10 1.02755e-10 7.40094e-11 5.32856e-11 3.85562e-11 2.83387e-11 2.14134e-11 1.66771e-11 1.31726e-11 1.01574e-11 7.08257e-12 3.57184e-12 6.43168e-13 
2.84396e-11 5.56593e-11 8.66323e-11 1.24473e-10 1.71748e-10 2.30659e-10 3.03554e-10 3.93445e-10 5.04558e-10 6.42879e-10 8.1669e-10 1.03708e-09 1.31825e-09 1.67716e-09 2.13194e-09 2.69827e-09 3.38214e-09 4.16814e-09 5.00469e-09 5.79327e-09 6.39514e-09 6.67328e-09 6.56544e-09 6.12715e-09 5.48403e-09 4.7324e-09 3.92938e-09 3.13773e-09 2.42612e-09 1.83632e-09 1.37276e-09 1.01759e-09 7.48051e-10 5.44942e-10 3.93649e-10 2.82613e-10 2.0223e-10 1.44537e-10 1.0324e-10 7.36641e-11 5.25041e-11 3.74779e-11 2.69861e-11 1.98274e-11 1.50075e-11 1.16624e-11 9.08078e-12 6.72234e-12 4.17588e-12 1.37068e-12 1.37068e-12 
1.31132e-11 3.44834e-11 5.80356e-11 8.60305e-11 1.21015e-10 1.65228e-10 2.21011e-10 2.9128e-10 3.80023e-10 4.92822e-10 6.37398e-10 8.24119e-10 1.06637e-09 1.38047e-09 1.78457e-09 2.29589e-09 2.92498e-09 3.66593e-09 4.48285e-09 5.29771e-09 5.9897e-09 6.4216e-09 6.49869e-09 6.22399e-09 5.68746e-09 4.99054e-09 4.20582e-09 3.39745e-09 2.63925e-09 1.98992e-09 1.47312e-09 1.08026e-09 7.87536e-10 5.70635e-10 4.1054e-10 2.93359e-10 2.08577e-10 1.47875e-10 1.04682e-10 7.40094e-11 5.22481e-11 3.68701e-11 2.61209e-11 1.87443e-11 1.37822e-11 1.04456e-11 8.07173e-12 6.1398e-12 4.25168e-12 2.13375e-12 3.80406e-13 
1.93465e-11 3.76684e-11 5.85161e-11 8.42195e-11 1.16933e-10 1.58852e-10 2.12648e-10 2.81916e-10 3.71663e-10 4.88845e-10 6.42879e-10 8.46077e-10 1.11376e-09 1.46365e-09 1.91385e-09 2.47841e-09 3.15933e-09 3.93471e-09 4.74603e-09 5.49256e-09 6.04577e-09 6.2932e-09 6.19451e-09 5.79893e-09 5.19766e-09 4.47078e-09 3.68309e-09 2.9041e-09 2.2028e-09 1.62353e-09 1.17626e-09 8.45267e-10 6.05012e-10 4.31481e-10 3.0634e-10 2.16493e-10 1.52438e-10 1.07065e-10 7.50496e-11 5.25041e-11 3.66727e-11 2.56368e-11 1.80477e-11 1.29276e-11 9.52184e-12 7.21509e-12 5.51356e-12 4.03535e-12 2.49019e-12 8.09504e-13 8.09504e-13 
8.86619e-12 2.32057e-11 3.89762e-11 5.78486e-11 8.18039e-11 1.12827e-10 1.53264e-10 2.06231e-10 2.76065e-10 3.68828e-10 4.92822e-10 6.5907e-10 8.81572e-10 1.17705e-09 1.56365e-09 2.05765e-09 2.66715e-09 3.38204e-09 4.16174e-09 4.9265e-09 5.56278e-09 5.9534e-09 6.02678e-09 5.79081e-09 5.31447e-09 4.6781e-09 3.94702e-09 3.18414e-09 2.45737e-09 1.82494e-09 1.3171e-09 9.34256e-10 6.57527e-10 4.61671e-10 3.23844e-10 2.26804e-10 1.58481e-10 1.1047e-10 7.68189e-11 5.32856e-11 3.68701e-11 2.54803e-11 1.76578e-11 1.23704e-11 8.86e-12 6.53863e-12 4.93986e-12 3.69829e-12 2.53623e-12 1.26359e-12 2.2352e-13 
1.29506e-11 2.51624e-11 3.91272e-11 5.65717e-11 7.92524e-11 1.09171e-10 1.48944e-10 2.02206e-10 2.74077e-10 3.71663e-10 5.04558e-10 6.85199e-10 9.28877e-10 1.25295e-09 1.67459e-09 2.20601e-09 2.84634e-09 3.57063e-09 4.31961e-09 4.99863e-09 5.496e-09 5.72227e-09 5.64924e-09 5.31558e-09 4.79248e-09 4.14617e-09 3.43405e-09 2.71728e-09 2.05711e-09 1.49875e-09 1.06068e-09 7.37222e-10 5.08392e-10 3.50218e-10 2.41618e-10 1.66881e-10 1.15233e-10 7.94507e-11 5.46482e-11 3.74779e-11 2.56368e-11 1.75327e-11 1.20568e-11 8.42024e-12 6.03849e-12 4.46327e-12 3.34328e-12 2.41425e-12 1.47714e-12 4.75458e-13 4.75458e-13 
5.90488e-12 1.54238e-11 2.59272e-11 3.86398e-11 5.50798e-11 7.69263e-11 1.0632e-10 1.46224e-10 2.00837e-10 2.76065e-10 3.80023e-10 5.23454e-10 7.19914e-10 9.85384e-10 1.33678e-09 1.78852e-09 2.34627e-09 2.99765e-09 3.70201e-09 4.38516e-09 4.94831e-09 5.29621e-09 5.3744e-09 5.18928e-09 4.79345e-09 4.25029e-09 3.61523e-09 2.94166e-09 2.28645e-09 1.70079e-09 1.21754e-09 8.46218e-10 5.77245e-10 3.90617e-10 2.64275e-10 1.79389e-10 1.22154e-10 8.32855e-11 5.67357e-11 3.85562e-11 2.61209e-11 1.76578e-11 1.19555e-11 8.16935e-12 5.69841e-12 4.09649e-12 3.02433e-12 2.22604e-12 1.50919e-12 7.44735e-13 1.30479e-13 
8.56759e-12 1.66578e-11 2.60022e-11 3.78701e-11 5.36575e-11 7.50877e-11 1.04516e-10 1.45297e-10 2.02206e-10 2.81916e-10 3.93445e-10 5.4846e-10 7.61177e-10 1.04743e-09 1.4223e-09 1.89547e-09 2.46382e-09 3.10221e-09 3.75627e-09 4.34441e-09 4.77565e-09 4.98043e-09 4.93714e-09 4.67395e-09 4.24457e-09 3.70285e-09 3.09752e-09 2.47803e-09 1.89413e-09 1.38616e-09 9.76466e-10 6.67762e-10 4.4803e-10 2.98122e-10 1.98388e-10 1.32575e-10 8.89784e-11 5.98468e-11 4.02347e-11 2.69861e-11 1.80477e-11 1.20568e-11 8.08823e-12 5.50181e-12 3.84044e-12 2.76777e-12 2.03106e-12 1.44503e-12 8.75162e-13 2.78185e-13 2.78185e-13 
3.89006e-12 1.0165e-11 1.71506e-11 2.57316e-11 3.70609e-11 5.25088e-11 7.39163e-11 1.03899e-10 1.46224e-10 2.06231e-10 2.9128e-10 4.11127e-10 5.78009e-10 8.06156e-10 1.11019e-09 1.50179e-09 1.98402e-09 2.54365e-09 3.14358e-09 3.72069e-09 4.19524e-09 4.49338e-09 4.57346e-09 4.43885e-09 4.12713e-09 3.68727e-09 3.16538e-09 2.60502e-09 2.05039e-09 1.5427e-09 1.11208e-09 7.72176e-10 5.20663e-10 3.44409e-10 2.25854e-10 1.48071e-10 9.74859e-11 6.4478e-11 4.27515e-11 2.83387e-11 1.87443e-11 1.23704e-11 8.16935e-12 5.43764e-12 3.69029e-12 2.58156e-12 1.86098e-12 1.34486e-12 9.0063e-13 4.40607e-13 7.66963e-14 
5.62405e-12 1.09713e-11 1.72334e-11 2.53389e-11 3.63778e-11 5.17686e-11 7.35145e-11 1.04516e-10 1.48944e-10 2.12648e-10 3.03554e-10 4.31877e-10 6.09939e-10 8.51164e-10 1.16774e-09 1.56645e-09 2.04247e-09 2.57256e-09 3.11082e-09 3.59219e-09 3.94707e-09 4.12329e-09 4.10362e-09 3.90648e-09 3.57096e-09 3.13985e-09 2.65292e-09 2.14872e-09 1.66506e-09 1.23441e-09 8.77744e-10 6.01777e-10 4.00902e-10 2.62027e-10 1.69692e-10 1.09778e-10 7.12648e-11 4.64557e-11 3.03531e-11 1.98274e-11 1.29276e-11 8.42024e-12 5.50181e-12 3.6404e-12 2.47025e-12 1.73298e-12 1.24399e-12 8.70957e-13 5.2176e-13 1.64559e-13 1.64559e-13 
2.54552e-12 6.66887e-12 1.13171e-11 1.71303e-11 2.49718e-11 3.59294e-11 5.15136e-11 7.39163e-11 1.0632e-10 1.53264e-10 2.21011e-10 3.17844e-10 4.54074e-10 6.4148e-10 8.9175e-10 1.21346e-09 1.60735e-09 2.06052e-09 2.5416e-09 3.00071e-09 3.37774e-09 3.61855e-09 3.69229e-09 3.59936e-09 3.36522e-09 3.02638e-09 2.61947e-09 2.17883e-09 1.73768e-09 1.32683e-09 9.70362e-10 6.81569e-10 4.62143e-10 3.04738e-10 1.97169e-10 1.26327e-10 8.07589e-11 5.17435e-11 3.32578e-11 2.14134e-11 1.37822e-11 8.86e-12 5.69841e-12 3.69029e-12 2.43268e-12 1.65398e-12 1.16207e-12 8.22795e-13 5.4366e-13 2.63453e-13 4.54177e-14 
3.67725e-12 7.21092e-12 1.14195e-11 1.69781e-11 2.47196e-11 3.5773e-11 5.17686e-11 7.50877e-11 1.09171e-10 1.58852e-10 2.30659e-10 3.32952e-10 4.75665e-10 6.6933e-10 9.22976e-10 1.24063e-09 1.61665e-09 2.03111e-09 2.44787e-09 2.81845e-09 3.09286e-09 3.23398e-09 3.22839e-09 3.08721e-09 2.83757e-09 2.51163e-09 2.14054e-09 1.7535e-09 1.37801e-09 1.03783e-09 7.49652e-10 5.20821e-10 3.4977e-10 2.28633e-10 1.46665e-10 9.31039e-11 5.88946e-11 3.72804e-11 2.36424e-11 1.50075e-11 9.52184e-12 6.03849e-12 3.84044e-12 2.47025e-12 1.62711e-12 1.10938e-12 7.76882e-13 5.34287e-13 3.16469e-13 9.88981e-14 9.88981e-14 
1.66022e-12 4.36634e-12 7.46602e-12 1.14163e-11 1.68581e-11 2.46297e-11 3.59294e-11 5.25088e-11 7.69263e-11 1.12827e-10 1.65228e-10 2.40713e-10 3.47373e-10 4.94232e-10 6.8987e-10 9.39912e-10 1.24344e-09 1.58899e-09 1.95188e-09 2.29527e-09 2.57665e-09 2.75857e-09 2.8193e-09 2.75768e-09 2.59002e-09 2.34197e-09 2.04111e-09 1.7135e-09 1.38327e-09 1.07208e-09 7.97237e-10 5.69425e-10 3.91783e-10 2.60917e-10 1.69279e-10 1.07794e-10 6.78808e-11 4.2537e-11 2.66291e-11 1.66771e-11 1.04456e-11 6.53863e-12 4.09649e-12 2.58156e-12 1.65398e-12 1.09093e-12 7.4569e-13 5.15966e-13 3.35435e-13 1.60853e-13 2.76141e-14 
2.40062e-12 4.73704e-12 7.57132e-12 1.13882e-11 1.68133e-11 2.47196e-11 3.63778e-11 5.36575e-11 7.92524e-11 1.16933e-10 1.71748e-10 2.50078e-10 3.59347e-10 5.07145e-10 6.99515e-10 9.38299e-10 1.21791e-09 1.52257e-09 1.82582e-09 2.09384e-09 2.2928e-09 2.39768e-09 2.3987e-09 2.30209e-09 2.12559e-09 1.89201e-09 1.62438e-09 1.34399e-09 1.07e-09 8.18611e-10 6.01684e-10 4.25402e-10 2.90168e-10 1.91828e-10 1.23644e-10 7.82295e-11 4.89135e-11 3.03933e-11 1.88365e-11 1.16624e-11 7.21509e-12 4.46327e-12 2.76777e-12 1.73298e-12 1.10938e-12 7.3415e-13 5.00772e-13 3.3742e-13 1.97186e-13 6.10928e-14 6.10928e-14 
1.08229e-12 2.85785e-12 4.92384e-12 7.60682e-12 1.13743e-11 1.68581e-11 2.49718e-11 3.70609e-11 5.50798e-11 8.18039e-11 1.21015e-10 1.77608e-10 2.57471e-10 3.66967e-10 5.11807e-10 6.95173e-10 9.15241e-10 1.16273e-09 1.41968e-09 1.66073e-09 1.85771e-09 1.98615e-09 2.03156e-09 1.99227e-09 1.87817e-09 1.70626e-09 1.49593e-09 1.26589e-09 1.03296e-09 8.11662e-10 6.13528e-10 4.46138e-10 3.12527e-10 2.11522e-10 1.38917e-10 8.90155e-11 5.5994e-11 3.47854e-11 2.14487e-11 1.31726e-11 8.07173e-12 4.93986e-12 3.02433e-12 1.86098e-12 1.16207e-12 7.4569e-13 4.94969e-13 3.34354e-13 2.13067e-13 1.01113e-13 1.74978e-14 
1.56501e-12 3.1071e-12 5.00906e-12 7.61526e-12 1.13882e-11 1.69781e-11 2.53389e-11 3.78701e-11 5.65717e-11 8.42195e-11 1.24473e-10 1.81858e-10 2.61484e-10 3.68324e-10 5.05944e-10 6.74699e-10 8.6973e-10 1.07955e-09 1.28619e-09 1.46767e-09 1.60251e-09 1.67479e-09 1.67782e-09 1.61484e-09 1.49683e-09 1.33888e-09 1.15685e-09 9.65447e-10 7.77454e-10 6.03388e-10 4.50994e-10 3.24709e-10 2.25535e-10 1.51551e-10 9.89224e-11 6.30393e-11 3.9437e-11 2.43513e-11 1.49094e-11 9.08078e-12 5.51356e-12 3.34328e-12 2.03106e-12 1.24399e-12 7.76882e-13 5.00772e-13 3.33039e-13 2.19728e-13 1.26162e-13 3.91815e-14 3.91815e-14 
7.03938e-13 1.8642e-12 3.23087e-12 5.0332e-12 7.60682e-12 1.14163e-11 1.71303e-11 2.57316e-11 3.86398e-11 5.78486e-11 8.60305e-11 1.26571e-10 1.8342e-10 2.6066e-10 3.61675e-10 4.87878e-10 6.37203e-10 8.02781e-10 9.72543e-10 1.13034e-09 1.25874e-09 1.34279e-09 1.37341e-09 1.34915e-09 1.27563e-09 1.16343e-09 1.02518e-09 8.73373e-10 7.19149e-10 5.71813e-10 4.38592e-10 3.24343e-10 2.31334e-10 1.59379e-10 1.06355e-10 6.90028e-11 4.37305e-11 2.72084e-11 1.67017e-11 1.01574e-11 6.1398e-12 3.69829e-12 2.22604e-12 1.34486e-12 8.22795e-13 5.15966e-13 3.34354e-13 2.21023e-13 1.39068e-13 6.55714e-14 1.16609e-14 
1.015e-12 2.0185e-12 3.26891e-12 5.00906e-12 7.57132e-12 1.14195e-11 1.72334e-11 2.60022e-11 3.91272e-11 5.85161e-11 8.66323e-11 1.2643e-10 1.81105e-10 2.53563e-10 3.45569e-10 4.56655e-10 5.83044e-10 7.17045e-10 8.47421e-10 9.60952e-10 1.04498e-09 1.09011e-09 1.0922e-09 1.05288e-09 9.78538e-10 8.78442e-10 7.62684e-10 6.40722e-10 5.20629e-10 4.08831e-10 3.09979e-10 2.26839e-10 1.60287e-10 1.09528e-10 7.25667e-11 4.67832e-11 2.94757e-11 1.82335e-11 1.11253e-11 6.72234e-12 4.03535e-12 2.41425e-12 1.44503e-12 8.70957e-13 5.34287e-13 3.3742e-13 2.19728e-13 1.43185e-13 8.20949e-14 2.5103e-14 2.5103e-14 
4.54386e-13 1.19497e-12 2.06707e-12 3.23087e-12 4.92384e-12 7.46602e-12 1.13171e-11 1.71506e-11 2.59272e-11 3.89762e-11 5.80356e-11 8.52437e-11 1.22993e-10 1.73607e-10 2.38786e-10 3.18856e-10 4.11959e-10 5.13467e-10 6.15953e-10 7.09985e-10 7.85686e-10 8.34698e-10 8.51911e-10 8.36407e-10 7.91325e-10 7.22794e-10 6.3842e-10 5.45876e-10 4.51977e-10 3.62245e-10 2.80805e-10 2.10372e-10 1.52268e-10 1.06535e-10 7.21568e-11 4.74307e-11 3.03621e-11 1.9004e-11 1.16817e-11 7.08257e-12 4.25168e-12 2.53623e-12 1.50919e-12 9.0063e-13 5.4366e-13 3.35435e-13 2.13067e-13 1.39068e-13 8.80216e-14 4.17269e-14 7.32171e-15 
6.39493e-13 1.25397e-12 2.0185e-12 3.1071e-12 4.73704e-12 7.21092e-12 1.09713e-11 1.66578e-11 2.51624e-11 3.76684e-11 5.56593e-11 8.08444e-11 1.14963e-10 1.59437e-10 2.14882e-10 2.80533e-10 3.53767e-10 4.29931e-10 5.02679e-10 5.64867e-10 6.0983e-10 6.32711e-10 6.31419e-10 6.0692e-10 5.6282e-10 5.04409e-10 4.37546e-10 3.67724e-10 2.99511e-10 2.36348e-10 1.80563e-10 1.33456e-10 9.54058e-11 6.60015e-11 4.42493e-11 2.88195e-11 1.8295e-11 1.13638e-11 6.93501e-12 4.17588e-12 2.49019e-12 1.47714e-12 8.75162e-13 5.2176e-13 3.16469e-13 1.97186e-13 1.26162e-13 8.20949e-14 4.84361e-14 1.58351e-14 1.58351e-14 
2.79846e-13 7.07184e-13 1.19497e-12 1.8642e-12 2.85785e-12 4.36634e-12 6.66887e-12 1.0165e-11 1.54238e-11 2.32057e-11 3.44834e-11 5.03986e-11 7.21567e-11 1.0082e-10 1.36994e-10 1.80458e-10 2.2982e-10 2.82329e-10 3.3398e-10 3.79997e-10 4.15589e-10 4.36864e-10 4.41587e-10 4.29606e-10 4.02789e-10 3.64529e-10 3.18994e-10 2.70343e-10 2.22147e-10 1.77094e-10 1.36952e-10 1.02685e-10 7.46039e-11 5.25089e-11 3.58183e-11 2.37117e-11 1.52686e-11 9.59412e-12 5.90325e-12 3.57184e-12 2.13375e-12 1.26359e-12 7.44735e-13 4.40607e-13 2.63453e-13 1.60853e-13 1.01113e-13 6.55714e-14 4.17269e-14 2.21576e-14 4.42564e-15 
3.4877e-13 6.39493e-13 1.015e-12 1.56501e-12 2.40062e-12 3.67725e-12 5.62405e-12 8.56759e-12 1.29506e-11 1.93465e-11 2.84396e-11 4.09735e-11 5.76354e-11 7.8874e-11 1.04683e-10 1.34378e-10 1.66457e-10 1.98613e-10 2.27969e-10 2.51494e-10 2.66547e-10 2.71396e-10 2.65561e-10 2.49908e-10 2.26433e-10 1.97834e-10 1.66983e-10 1.36436e-10 1.08119e-10 8.32271e-11 6.22865e-11 4.53306e-11 3.20737e-11 2.20586e-11 1.47479e-11 9.5934e-12 6.08354e-12 3.77102e-12 2.29121e-12 1.37068e-12 8.09504e-13 4.75458e-13 2.78185e-13 1.64559e-13 9.88981e-14 6.10928e-14 3.91815e-14 2.5103e-14 1.58351e-14 7.21596e-15 7.21596e-15 
1.33992e-13 2.79846e-13 4.54386e-13 7.03938e-13 1.08229e-12 1.66022e-12 2.54552e-12 3.89006e-12 5.90488e-12 8.86619e-12 1.31132e-11 1.90256e-11 2.69691e-11 3.7216e-11 4.98349e-11 6.45698e-11 8.07582e-11 9.73133e-11 1.12805e-10 1.25662e-10 1.34424e-10 1.38026e-10 1.36014e-10 1.28641e-10 1.16814e-10 1.01913e-10 8.55165e-11 6.91287e-11 5.39508e-11 4.07597e-11 2.98996e-11 2.13582e-11 1.48903e-11 1.01461e-11 6.76083e-12 4.40556e-12 2.80731e-12 1.7509e-12 1.07033e-12 6.43168e-13 3.80406e-13 2.2352e-13 1.30479e-13 7.66963e-14 4.54177e-14 2.76141e-14 1.74978e-14 1.16609e-14 7.32171e-15 4.42564e-15 2.99827e-15 
