1 101 51
1.22238e-14 2.04006e-14 3.33495e-14 5.24095e-14 8.25777e-14 1.35972e-13 2.321e-13 4.06938e-13 7.20755e-13 1.26838e-12 2.20645e-12 3.76978e-12 6.30549e-12 1.02966e-11 1.63895e-11 2.54163e-11 3.84234e-11 5.66965e-11 8.17392e-11 1.15144e-10 1.58266e-10 2.11735e-10 2.74896e-10 3.45407e-10 4.19107e-10 4.90283e-10 5.52311e-10 5.98603e-10 6.23678e-10 6.24186e-10 5.99632e-10 5.52588e-10 4.88313e-10 4.13781e-10 3.36394e-10 2.62691e-10 1.97418e-10 1.43159e-10 1.00503e-10 6.85805e-11 4.56913e-11 2.987e-11 1.92612e-11 1.23158e-11 7.84689e-12 5.0014e-12 3.19625e-12 2.04181e-12 1.28288e-12 7.31326e-13 7.31326e-13 
1.22238e-14 4.39666e-14 7.563e-14 1.1789e-13 1.84094e-13 2.98219e-13 5.03821e-13 8.75708e-13 1.5392e-12 2.70443e-12 4.71238e-12 8.09941e-12 1.36702e-11 2.25667e-11 3.63103e-11 5.678e-11 8.61244e-11 1.26629e-10 1.80569e-10 2.50061e-10 3.36834e-10 4.41756e-10 5.64042e-10 7.00315e-10 8.43895e-10 9.84766e-10 1.11045e-09 1.2077e-09 1.26479e-09 1.27375e-09 1.23214e-09 1.14383e-09 1.01846e-09 8.69656e-10 7.12455e-10 5.60587e-10 4.24408e-10 3.09934e-10 2.19019e-10 1.5034e-10 1.00681e-10 6.6098e-11 4.27615e-11 2.74044e-11 1.74861e-11 1.11557e-11 7.13506e-12 4.56955e-12 2.89944e-12 1.73778e-12 7.31326e-13 
4.39666e-14 1.20822e-13 1.96998e-13 3.06168e-13 4.8748e-13 8.06925e-13 1.38019e-12 2.40139e-12 4.19547e-12 7.30195e-12 1.25851e-11 2.13852e-11 3.56749e-11 5.8179e-11 9.2381e-11 1.42344e-10 2.12308e-10 3.06159e-10 4.26893e-10 5.76219e-10 7.54235e-10 9.589e-10 1.18509e-09 1.42341e-09 1.65935e-09 1.87376e-09 2.04495e-09 2.15225e-09 2.1802e-09 2.12218e-09 1.98249e-09 1.77593e-09 1.52516e-09 1.25614e-09 9.93273e-10 7.55459e-10 5.54084e-10 3.93151e-10 2.709e-10 1.82054e-10 1.19894e-10 7.77721e-11 4.99538e-11 3.19348e-11 2.04099e-11 1.30795e-11 8.4065e-12 5.383e-12 3.3373e-12 1.73778e-12 1.73778e-12 
2.04006e-14 1.20822e-13 2.42622e-13 3.81538e-13 5.94844e-13 9.63326e-13 1.61905e-12 2.78954e-12 4.85129e-12 8.43833e-12 1.45888e-11 2.49581e-11 4.20832e-11 6.96442e-11 1.12628e-10 1.77241e-10 2.7045e-10 3.991e-10 5.68818e-10 7.82994e-10 1.04212e-09 1.3434e-09 1.68007e-09 2.04014e-09 2.40475e-09 2.74745e-09 3.03587e-09 3.23631e-09 3.32039e-09 3.27191e-09 3.09163e-09 2.79827e-09 2.42511e-09 2.01309e-09 1.60248e-09 1.2257e-09 9.03299e-10 6.43587e-10 4.45062e-10 3.00042e-10 1.98139e-10 1.28828e-10 8.29086e-11 5.30886e-11 3.39821e-11 2.18184e-11 1.40659e-11 9.07172e-12 5.75331e-12 3.3373e-12 1.28288e-12 
7.563e-14 2.42622e-13 4.16486e-13 6.43954e-13 1.01318e-12 1.66574e-12 2.82933e-12 4.88973e-12 8.48879e-12 1.46976e-11 2.52668e-11 4.29771e-11 7.20567e-11 1.18584e-10 1.90683e-10 2.9827e-10 4.52151e-10 6.62444e-10 9.36696e-10 1.27826e-09 1.68534e-09 2.15055e-09 2.65988e-09 3.19069e-09 3.70945e-09 4.17168e-09 4.52637e-09 4.72518e-09 4.73384e-09 4.54209e-09 4.16821e-09 3.65624e-09 3.06643e-09 2.46193e-09 1.89626e-09 1.40537e-09 1.00588e-09 6.98181e-10 4.7212e-10 3.12561e-10 2.03642e-10 1.31274e-10 8.41733e-11 5.39473e-11 3.46899e-11 2.24222e-11 1.45404e-11 9.36243e-12 5.75331e-12 2.89944e-12 2.89944e-12 
3.33495e-14 1.96998e-13 4.16486e-13 6.61808e-13 1.01559e-12 1.61971e-12 2.69638e-12 4.60953e-12 7.96669e-12 1.37818e-11 2.37432e-11 4.06095e-11 6.87552e-11 1.1481e-10 1.88246e-10 3.01596e-10 4.69924e-10 7.09209e-10 1.03373e-09 1.45304e-09 1.96956e-09 2.57741e-09 3.26171e-09 3.99696e-09 4.74362e-09 5.44533e-09 6.03099e-09 6.42493e-09 6.5637e-09 6.41398e-09 5.98451e-09 5.3268e-09 4.52379e-09 3.67002e-09 2.85074e-09 2.12699e-09 1.5304e-09 1.06663e-09 7.23588e-10 4.80247e-10 3.13508e-10 2.02404e-10 1.29936e-10 8.33647e-11 5.36736e-11 3.47636e-11 2.26393e-11 1.47301e-11 9.36243e-12 5.383e-12 2.04181e-12 
1.1789e-13 3.81538e-13 6.61808e-13 1.00883e-12 1.55435e-12 2.51148e-12 4.21976e-12 7.23044e-12 1.24618e-11 2.1449e-11 3.67538e-11 6.2567e-11 1.05538e-10 1.75738e-10 2.87501e-10 4.59637e-10 7.14406e-10 1.07478e-09 1.56018e-09 2.18183e-09 2.9394e-09 3.81959e-09 4.79525e-09 5.82231e-09 6.83441e-09 7.74042e-09 8.43193e-09 8.80396e-09 8.78326e-09 8.35298e-09 7.56258e-09 6.51773e-09 5.35334e-09 4.20036e-09 3.15917e-09 2.2873e-09 1.60183e-09 1.09065e-09 7.25872e-10 4.74841e-10 3.07039e-10 1.97341e-10 1.26735e-10 8.16878e-11 5.30001e-11 3.46311e-11 2.2701e-11 1.47301e-11 9.07172e-12 4.56955e-12 4.56955e-12 
5.24095e-14 3.06168e-13 6.43954e-13 1.00883e-12 1.51272e-12 2.35228e-12 3.84488e-12 6.49004e-12 1.1101e-11 1.90293e-11 3.25456e-11 5.54451e-11 9.39605e-11 1.58005e-10 2.62609e-10 4.29094e-10 6.85209e-10 1.06322e-09 1.59532e-09 2.30683e-09 3.20928e-09 4.296e-09 5.54075e-09 6.8963e-09 8.28897e-09 9.61092e-09 1.07203e-08 1.14604e-08 1.16978e-08 1.13656e-08 1.04918e-08 9.19721e-09 7.66385e-09 6.08513e-09 4.62061e-09 3.37057e-09 2.37413e-09 1.6236e-09 1.08414e-09 7.10948e-10 4.60543e-10 2.96404e-10 1.90564e-10 1.22967e-10 7.99087e-11 5.23588e-11 3.45164e-11 2.2701e-11 1.45404e-11 8.4065e-12 3.19625e-12 
1.84094e-13 5.94844e-13 1.01559e-12 1.51272e-12 2.26218e-12 3.55876e-12 5.86168e-12 9.89288e-12 1.68273e-11 2.86257e-11 4.85882e-11 8.22514e-11 1.38753e-10 2.32691e-10 3.86218e-10 6.3066e-10 1.00636e-09 1.55921e-09 2.333e-09 3.35884e-09 4.64522e-09 6.17279e-09 7.89361e-09 9.72869e-09 1.15585e-08 1.32134e-08 1.44817e-08 1.51515e-08 1.5074e-08 1.42222e-08 1.27117e-08 1.07706e-08 8.67173e-09 6.65952e-09 4.9017e-09 3.47691e-09 2.39061e-09 1.60285e-09 1.05434e-09 6.84562e-10 4.4135e-10 2.84151e-10 1.83601e-10 1.19505e-10 7.85013e-11 5.19863e-11 3.45164e-11 2.26393e-11 1.40659e-11 7.13506e-12 7.13506e-12 
8.25777e-14 4.8748e-13 1.01318e-12 1.55435e-12 2.26218e-12 3.40496e-12 5.41073e-12 8.93461e-12 1.50042e-11 2.52992e-11 4.26253e-11 7.17152e-11 1.2055e-10 2.02381e-10 3.38474e-10 5.61143e-10 9.15861e-10 1.46038e-09 2.25848e-09 3.36754e-09 4.82236e-09 6.62176e-09 8.72365e-09 1.10457e-08 1.34606e-08 1.57802e-08 1.77464e-08 1.90595e-08 1.94562e-08 1.88077e-08 1.71835e-08 1.4841e-08 1.21437e-08 9.45062e-09 7.03094e-09 5.02973e-09 3.48132e-09 2.34618e-09 1.5494e-09 1.00904e-09 6.52071e-10 4.2062e-10 2.72249e-10 1.7754e-10 1.16918e-10 7.77352e-11 5.19863e-11 3.46311e-11 2.24222e-11 1.30795e-11 5.0014e-12 
2.98219e-13 9.63326e-13 1.61971e-12 2.35228e-12 3.40496e-12 5.17564e-12 8.27362e-12 1.36218e-11 2.26723e-11 3.77992e-11 6.29692e-11 1.04891e-10 1.74938e-10 2.92119e-10 4.87103e-10 8.06505e-10 1.31544e-09 2.09505e-09 3.23156e-09 4.79633e-09 6.82232e-09 9.28755e-09 1.21127e-08 1.51643e-08 1.82438e-08 2.10633e-08 2.32444e-08 2.43881e-08 2.42099e-08 2.26691e-08 2.00097e-08 1.66807e-08 1.31842e-08 9.93334e-09 7.17869e-09 5.00919e-09 3.3976e-09 2.25511e-09 1.47447e-09 9.55862e-10 6.18192e-10 4.01061e-10 2.62157e-10 1.73121e-10 1.15545e-10 7.77352e-11 5.23588e-11 3.47636e-11 2.18184e-11 1.11557e-11 1.11557e-11 
1.35972e-13 8.06925e-13 1.66574e-12 2.51148e-12 3.55876e-12 5.17564e-12 7.93715e-12 1.26978e-11 2.07482e-11 3.41245e-11 5.61497e-11 9.23637e-11 1.52155e-10 2.51535e-10 4.17472e-10 6.93693e-10 1.1466e-09 1.86793e-09 2.96915e-09 4.56279e-09 6.73159e-09 9.49612e-09 1.27973e-08 1.65002e-08 2.03983e-08 2.41899e-08 2.74443e-08 2.9631e-08 3.02659e-08 2.91168e-08 2.63369e-08 2.24259e-08 1.80445e-08 1.37971e-08 1.00917e-08 7.11094e-09 4.86139e-09 3.24727e-09 2.1341e-09 1.3893e-09 9.01676e-10 5.86804e-10 3.84731e-10 2.54899e-10 1.70804e-10 1.15545e-10 7.85013e-11 5.30001e-11 3.46899e-11 2.04099e-11 7.84689e-12 
5.03821e-13 1.61905e-12 2.69638e-12 3.84488e-12 5.41073e-12 7.93715e-12 1.22357e-11 1.94954e-11 3.15113e-11 5.11149e-11 8.29043e-11 1.34517e-10 2.18915e-10 3.58338e-10 5.90563e-10 9.77137e-10 1.61124e-09 2.61969e-09 4.15153e-09 6.34749e-09 9.29443e-09 1.29842e-08 1.72997e-08 2.20281e-08 2.68597e-08 3.13413e-08 3.48461e-08 3.6678e-08 3.63335e-08 3.37652e-08 2.94446e-08 2.41778e-08 1.88026e-08 1.39467e-08 9.94131e-09 6.86132e-09 4.61927e-09 3.05555e-09 1.99997e-09 1.30403e-09 8.52149e-10 5.6088e-10 3.73088e-10 2.51117e-10 1.70804e-10 1.16918e-10 7.99087e-11 5.36736e-11 3.39821e-11 1.74861e-11 1.74861e-11 
2.321e-13 1.38019e-12 2.82933e-12 4.21976e-12 5.86168e-12 8.27362e-12 1.22357e-11 1.88789e-11 2.98454e-11 4.76205e-11 7.61054e-11 1.21586e-10 1.94447e-10 3.12312e-10 5.05627e-10 8.26547e-10 1.36044e-09 2.23581e-09 3.62417e-09 5.71881e-09 8.68718e-09 1.26073e-08 1.74206e-08 2.29268e-08 2.88062e-08 3.45984e-08 3.96305e-08 4.30304e-08 4.39746e-08 4.20882e-08 3.76845e-08 3.16551e-08 2.50929e-08 1.89119e-08 1.36615e-08 9.53503e-09 6.48017e-09 4.3209e-09 2.84755e-09 1.8677e-09 1.22697e-09 8.11594e-10 5.42515e-10 3.67047e-10 2.51117e-10 1.73121e-10 1.19505e-10 8.16878e-11 5.39473e-11 3.19348e-11 1.23158e-11 
8.75708e-13 2.78954e-12 4.60953e-12 6.49004e-12 8.93461e-12 1.26978e-11 1.88789e-11 2.90365e-11 4.54325e-11 7.14813e-11 1.12505e-10 1.76993e-10 2.7886e-10 4.41701e-10 7.06525e-10 1.1442e-09 1.87114e-09 3.06121e-09 4.94077e-09 7.75246e-09 1.16846e-08 1.67876e-08 2.29249e-08 2.97812e-08 3.68861e-08 4.35574e-08 4.88227e-08 5.1553e-08 5.09334e-08 4.69436e-08 4.04367e-08 3.27427e-08 2.51211e-08 1.84216e-08 1.30232e-08 8.9489e-09 6.02432e-09 4.00342e-09 2.64528e-09 1.7494e-09 1.16436e-09 7.83025e-10 5.3302e-10 3.67047e-10 2.54899e-10 1.7754e-10 1.22967e-10 8.33647e-11 5.30886e-11 2.74044e-11 2.74044e-11 
4.06938e-13 2.40139e-12 4.88973e-12 7.23044e-12 9.89288e-12 1.36218e-11 1.94954e-11 2.90365e-11 4.43814e-11 6.86233e-11 1.0642e-10 1.64959e-10 2.55575e-10 3.96674e-10 6.19357e-10 9.7794e-10 1.56703e-09 2.54242e-09 4.13444e-09 6.63445e-09 1.0337e-08 1.54403e-08 2.19403e-08 2.95868e-08 3.79054e-08 4.62122e-08 5.35108e-08 5.8458e-08 5.97528e-08 5.6842e-08 5.03397e-08 4.17285e-08 3.26488e-08 2.43411e-08 1.74546e-08 1.21444e-08 8.26638e-09 5.54803e-09 3.6988e-09 2.46617e-09 1.65398e-09 1.12047e-09 7.683e-10 5.3302e-10 3.73088e-10 2.62157e-10 1.83601e-10 1.26735e-10 8.41733e-11 4.99538e-11 1.92612e-11 
1.5392e-12 4.85129e-12 7.96669e-12 1.1101e-11 1.50042e-11 2.07482e-11 2.98454e-11 4.43814e-11 6.72604e-11 1.02687e-10 1.56957e-10 2.39702e-10 3.65934e-10 5.59761e-10 8.6164e-10 1.34231e-09 2.12564e-09 3.41584e-09 5.5113e-09 8.77764e-09 1.35598e-08 2.00466e-08 2.81415e-08 3.74335e-08 4.72355e-08 5.6568e-08 6.40012e-08 6.78193e-08 6.67837e-08 6.09924e-08 5.18936e-08 4.14857e-08 3.14895e-08 2.29307e-08 1.6173e-08 1.11451e-08 7.56536e-09 5.09695e-09 3.43172e-09 2.32276e-09 1.58744e-09 1.09792e-09 7.683e-10 5.42515e-10 3.84731e-10 2.72249e-10 1.90564e-10 1.29936e-10 8.29086e-11 4.27615e-11 4.27615e-11 
7.20755e-13 4.19547e-12 8.48879e-12 1.24618e-11 1.68273e-11 2.26723e-11 3.15113e-11 4.54325e-11 6.72604e-11 1.0091e-10 1.52047e-10 2.29127e-10 3.44999e-10 5.19505e-10 7.84109e-10 1.19097e-09 1.83073e-09 2.86221e-09 4.54694e-09 7.26216e-09 1.14541e-08 1.75088e-08 2.55748e-08 3.54112e-08 4.63976e-08 5.75718e-08 6.75234e-08 7.42889e-08 7.59379e-08 7.17744e-08 6.28892e-08 5.15022e-08 3.98675e-08 2.95126e-08 2.11169e-08 1.47453e-08 1.01348e-08 6.9098e-09 4.70535e-09 3.21946e-09 2.22327e-09 1.55336e-09 1.09792e-09 7.83025e-10 5.6088e-10 4.01061e-10 2.84151e-10 1.97341e-10 1.31274e-10 7.77721e-11 2.987e-11 
2.70443e-12 8.43833e-12 1.37818e-11 1.90293e-11 2.52992e-11 3.41245e-11 4.76205e-11 6.86233e-11 1.0091e-10 1.49705e-10 2.22581e-10 3.30847e-10 4.91691e-10 7.31518e-10 1.0916e-09 1.63895e-09 2.48796e-09 3.8375e-09 6.01352e-09 9.47941e-09 1.47621e-08 2.22692e-08 3.20647e-08 4.37054e-08 5.63134e-08 6.85341e-08 7.83632e-08 8.33314e-08 8.18008e-08 7.41074e-08 6.23832e-08 4.93691e-08 3.72041e-08 2.70241e-08 1.91294e-08 1.33222e-08 9.20144e-09 6.34625e-09 4.39645e-09 3.07297e-09 2.17246e-09 1.55336e-09 1.12047e-09 8.11594e-10 5.86804e-10 4.2062e-10 2.96404e-10 2.02404e-10 1.28828e-10 6.6098e-11 6.6098e-11 
1.26838e-12 7.30195e-12 1.46976e-11 2.1449e-11 2.86257e-11 3.77992e-11 5.11149e-11 7.14813e-11 1.02687e-10 1.49705e-10 2.1943e-10 3.21916e-10 4.72332e-10 6.93922e-10 1.02238e-09 1.51252e-09 2.25046e-09 3.37835e-09 5.13838e-09 7.92364e-09 1.2285e-08 1.88239e-08 2.79346e-08 3.9537e-08 5.29169e-08 6.68601e-08 7.94733e-08 8.80618e-08 9.0054e-08 8.46876e-08 7.35736e-08 5.97212e-08 4.59159e-08 3.38935e-08 2.43291e-08 1.71714e-08 1.20218e-08 8.40666e-09 5.90503e-09 4.18441e-09 2.99839e-09 2.17246e-09 1.58744e-09 1.16436e-09 8.52149e-10 6.18192e-10 4.4135e-10 3.07039e-10 2.03642e-10 1.19894e-10 4.56913e-11 
4.71238e-12 1.45888e-11 2.37432e-11 3.25456e-11 4.26253e-11 5.61497e-11 7.61054e-11 1.0642e-10 1.52047e-10 2.1943e-10 3.17555e-10 4.59764e-10 6.66602e-10 9.70075e-10 1.41938e-09 2.08833e-09 3.08738e-09 4.58971e-09 6.8812e-09 1.04213e-08 1.58468e-08 2.38125e-08 3.46258e-08 4.79681e-08 6.2781e-08 7.74736e-08 8.94895e-08 9.56033e-08 9.36672e-08 8.43097e-08 7.04514e-08 5.54153e-08 4.16406e-08 3.033e-08 2.16967e-08 1.53995e-08 1.09244e-08 7.78892e-09 5.60378e-09 4.07681e-09 2.99839e-09 2.22327e-09 1.65398e-09 1.22697e-09 9.01676e-10 6.52071e-10 4.60543e-10 3.13508e-10 1.98139e-10 1.00681e-10 1.00681e-10 
2.20645e-12 1.25851e-11 2.52668e-11 3.67538e-11 4.85882e-11 6.29692e-11 8.29043e-11 1.12505e-10 1.56957e-10 2.22581e-10 3.17555e-10 4.53511e-10 6.48249e-10 9.30044e-10 1.3438e-09 1.95828e-09 2.87307e-09 4.22822e-09 6.22997e-09 9.20976e-09 1.36981e-08 2.04023e-08 2.9956e-08 4.24097e-08 5.71212e-08 7.27822e-08 8.7455e-08 9.77396e-08 1.00153e-07 9.37616e-08 8.0935e-08 6.53192e-08 5.00635e-08 3.70418e-08 2.68676e-08 1.93336e-08 1.39161e-08 1.00772e-08 7.36934e-09 5.45143e-09 4.07681e-09 3.07297e-09 2.32276e-09 1.7494e-09 1.30403e-09 9.55862e-10 6.84562e-10 4.74841e-10 3.12561e-10 1.82054e-10 6.85805e-11 
8.09941e-12 2.49581e-11 4.06095e-11 5.54451e-11 7.17152e-11 9.23637e-11 1.21586e-10 1.64959e-10 2.29127e-10 3.21916e-10 4.53511e-10 6.38936e-10 9.02226e-10 1.28291e-09 1.84454e-09 2.68281e-09 3.92983e-09 5.75956e-09 8.41747e-09 1.22959e-08 1.7999e-08 2.62317e-08 3.73809e-08 5.1016e-08 6.63992e-08 8.23855e-08 9.61918e-08 1.03385e-07 1.01133e-07 9.0508e-08 7.51478e-08 5.88645e-08 4.42864e-08 3.25858e-08 2.37799e-08 1.73689e-08 1.27776e-08 9.50458e-09 7.15785e-09 5.45143e-09 4.18441e-09 3.21946e-09 2.46617e-09 1.8677e-09 1.3893e-09 1.00904e-09 7.10948e-10 4.80247e-10 3.00042e-10 1.5034e-10 1.5034e-10 
3.76978e-12 2.13852e-11 4.29771e-11 6.2567e-11 8.22514e-11 1.04891e-10 1.34517e-10 1.76993e-10 2.39702e-10 3.30847e-10 4.59764e-10 6.38936e-10 8.87862e-10 1.23942e-09 1.74914e-09 2.50589e-09 3.63915e-09 5.31888e-09 7.76108e-09 1.12723e-08 1.63293e-08 2.35707e-08 3.3437e-08 4.57018e-08 5.96244e-08 7.53482e-08 9.12766e-08 1.02993e-07 1.0569e-07 9.85155e-08 8.44139e-08 6.77146e-08 5.18464e-08 3.86955e-08 2.86365e-08 2.12286e-08 1.58681e-08 1.20111e-08 9.2168e-09 7.15785e-09 5.60378e-09 4.39645e-09 3.43172e-09 2.64528e-09 1.99997e-09 1.47447e-09 1.05434e-09 7.25872e-10 4.7212e-10 2.709e-10 1.00503e-10 
1.36702e-11 4.20832e-11 6.87552e-11 9.39605e-11 1.2055e-10 1.52155e-10 1.94447e-10 2.55575e-10 3.44999e-10 4.72332e-10 6.48249e-10 8.87862e-10 1.21668e-09 1.67979e-09 2.35392e-09 3.35882e-09 4.86224e-09 7.07964e-09 1.02914e-08 1.48991e-08 2.14637e-08 3.04171e-08 4.14316e-08 5.38068e-08 6.78326e-08 8.40441e-08 9.9187e-08 1.06997e-07 1.04392e-07 9.26646e-08 7.63289e-08 5.95325e-08 4.50455e-08 3.37701e-08 2.53914e-08 1.92856e-08 1.48604e-08 1.16269e-08 9.2168e-09 7.36934e-09 5.90503e-09 4.70535e-09 3.6988e-09 2.84755e-09 2.1341e-09 1.5494e-09 1.08414e-09 7.23588e-10 4.45062e-10 2.19019e-10 2.19019e-10 
6.30549e-12 3.56749e-11 7.20567e-11 1.05538e-10 1.38753e-10 1.74938e-10 2.18915e-10 2.7886e-10 3.65934e-10 4.91691e-10 6.66602e-10 9.02226e-10 1.21668e-09 1.64325e-09 2.2426e-09 3.11633e-09 4.41758e-09 6.35721e-09 9.21449e-09 1.33692e-08 1.93403e-08 2.75792e-08 3.77349e-08 4.88438e-08 6.11903e-08 7.58728e-08 9.26692e-08 1.05292e-07 1.07907e-07 9.96022e-08 8.45195e-08 6.72256e-08 5.15365e-08 3.90743e-08 2.97397e-08 2.2922e-08 1.79819e-08 1.43562e-08 1.16269e-08 9.50458e-09 7.78892e-09 6.34625e-09 5.09695e-09 4.00342e-09 3.05555e-09 2.25511e-09 1.60285e-09 1.09065e-09 6.98181e-10 3.93151e-10 1.43159e-10 
2.25667e-11 6.96442e-11 1.1481e-10 1.58005e-10 2.02381e-10 2.51535e-10 3.12312e-10 3.96674e-10 5.19505e-10 6.93922e-10 9.30044e-10 1.23942e-09 1.64325e-09 2.18378e-09 2.93877e-09 4.03547e-09 5.66238e-09 8.08375e-09 1.16693e-08 1.69328e-08 2.43531e-08 3.37184e-08 4.41061e-08 5.49902e-08 6.79247e-08 8.4567e-08 1.01075e-07 1.09727e-07 1.05152e-07 9.23452e-08 7.49454e-08 5.81315e-08 4.44972e-08 3.41858e-08 2.66613e-08 2.12617e-08 1.73301e-08 1.43562e-08 1.20111e-08 1.00772e-08 8.40666e-09 6.9098e-09 5.54803e-09 4.3209e-09 3.24727e-09 2.34618e-09 1.6236e-09 1.06663e-09 6.43587e-10 3.09934e-10 3.09934e-10 
1.02966e-11 5.8179e-11 1.18584e-10 1.75738e-10 2.32691e-10 2.92119e-10 3.58338e-10 4.41701e-10 5.59761e-10 7.31518e-10 9.70075e-10 1.28291e-09 1.67979e-09 2.18378e-09 2.84489e-09 3.75705e-09 5.07469e-09 7.02609e-09 9.93544e-09 1.42937e-08 2.06283e-08 2.89335e-08 3.8489e-08 4.86634e-08 6.04076e-08 7.65049e-08 9.57232e-08 1.10091e-07 1.10493e-07 1.00108e-07 8.3115e-08 6.49801e-08 5.00574e-08 3.86999e-08 3.04073e-08 2.45771e-08 2.04308e-08 1.73301e-08 1.48604e-08 1.27776e-08 1.09244e-08 9.20144e-09 7.56536e-09 6.02432e-09 4.61927e-09 3.3976e-09 2.39061e-09 1.60183e-09 1.00588e-09 5.54084e-10 1.97418e-10 
3.63103e-11 1.12628e-10 1.88246e-10 2.62609e-10 3.38474e-10 4.17472e-10 5.05627e-10 6.19357e-10 7.84109e-10 1.02238e-09 1.3438e-09 1.74914e-09 2.2426e-09 2.84489e-09 3.60981e-09 4.64915e-09 6.15047e-09 8.37324e-09 1.16981e-08 1.66396e-08 2.33387e-08 3.17298e-08 4.10206e-08 5.30334e-08 6.9928e-08 9.06958e-08 1.11615e-07 1.1644e-07 1.09899e-07 9.26916e-08 7.27445e-08 5.60338e-08 4.33634e-08 3.41224e-08 2.7813e-08 2.35306e-08 2.04308e-08 1.79819e-08 1.58681e-08 1.39161e-08 1.20218e-08 1.01348e-08 8.26638e-09 6.48017e-09 4.86139e-09 3.48132e-09 2.37413e-09 1.5304e-09 9.03299e-10 4.24408e-10 4.24408e-10 
1.63895e-11 9.2381e-11 1.90683e-10 2.87501e-10 3.86218e-10 4.87103e-10 5.90563e-10 7.06525e-10 8.6164e-10 1.0916e-09 1.41938e-09 1.84454e-09 2.35392e-09 2.93877e-09 3.60981e-09 4.42357e-09 5.51978e-09 7.11014e-09 9.44727e-09 1.28445e-08 1.74728e-08 2.38657e-08 3.27719e-08 4.71633e-08 6.76264e-08 9.05441e-08 1.17749e-07 1.26699e-07 1.22052e-07 1.06844e-07 8.25328e-08 6.328e-08 4.86085e-08 3.79122e-08 3.09136e-08 2.65025e-08 2.35306e-08 2.12617e-08 1.92856e-08 1.73689e-08 1.53995e-08 1.33222e-08 1.11451e-08 8.9489e-09 6.86132e-09 5.00919e-09 3.47691e-09 2.2873e-09 1.40537e-09 7.55459e-10 2.62691e-10 
5.678e-11 1.77241e-10 3.01596e-10 4.29094e-10 5.61143e-10 6.93693e-10 8.26547e-10 9.7794e-10 1.19097e-09 1.51252e-09 1.95828e-09 2.50589e-09 3.11633e-09 3.75705e-09 4.42357e-09 5.18357e-09 6.20235e-09 7.66202e-09 9.61323e-09 1.2117e-08 1.65077e-08 2.65219e-08 4.51973e-08 7.38741e-08 1.01784e-07 1.32685e-07 1.43322e-07 1.42117e-07 1.27354e-07 9.78749e-08 7.30262e-08 5.55429e-08 4.2261e-08 3.3985e-08 2.92809e-08 2.65025e-08 2.45771e-08 2.2922e-08 2.12286e-08 1.93336e-08 1.71714e-08 1.47453e-08 1.21444e-08 9.53503e-09 7.11094e-09 5.02973e-09 3.37057e-09 2.12699e-09 1.2257e-09 5.60587e-10 5.60587e-10 
2.54163e-11 1.42344e-10 2.9827e-10 4.59637e-10 6.3066e-10 8.06505e-10 9.77137e-10 1.1442e-09 1.34231e-09 1.63895e-09 2.08833e-09 2.68281e-09 3.35882e-09 4.03547e-09 4.64915e-09 5.18357e-09 5.7143e-09 6.37357e-09 7.08352e-09 7.98493e-09 1.21961e-08 2.56012e-08 5.29587e-08 9.00616e-08 1.24956e-07 1.63889e-07 1.72309e-07 1.72823e-07 1.58976e-07 1.22194e-07 8.82412e-08 6.60385e-08 4.83603e-08 3.74974e-08 3.19713e-08 2.92809e-08 2.7813e-08 2.66613e-08 2.53914e-08 2.37799e-08 2.16967e-08 1.91294e-08 1.6173e-08 1.30232e-08 9.94131e-09 7.17869e-09 4.9017e-09 3.15917e-09 1.89626e-09 9.93273e-10 3.36394e-10 
8.61244e-11 2.7045e-10 4.69924e-10 6.85209e-10 9.15861e-10 1.1466e-09 1.36044e-09 1.56703e-09 1.83073e-09 2.25046e-09 2.87307e-09 3.63915e-09 4.41758e-09 5.07469e-09 5.51978e-09 5.7143e-09 5.67621e-09 5.3284e-09 5.37701e-09 1.22719e-08 3.32072e-08 6.69133e-08 1.16524e-07 1.6893e-07 2.22751e-07 2.40403e-07 2.10463e-07 2.04409e-07 1.63872e-07 1.12761e-07 8.38804e-08 5.83452e-08 4.26017e-08 3.50446e-08 3.19713e-08 3.09136e-08 3.04073e-08 2.97397e-08 2.86365e-08 2.68676e-08 2.43291e-08 2.11169e-08 1.74546e-08 1.36615e-08 1.00917e-08 7.03094e-09 4.62061e-09 2.85074e-09 1.60248e-09 7.12455e-10 7.12455e-10 
3.84234e-11 2.12308e-10 4.52151e-10 7.14406e-10 1.00636e-09 1.31544e-09 1.61124e-09 1.87114e-09 2.12564e-09 2.48796e-09 3.08738e-09 3.92983e-09 4.86224e-09 5.66238e-09 6.15047e-09 6.20235e-09 5.67621e-09 4.45018e-09 5.19438e-09 1.59201e-08 4.28213e-08 9.06312e-08 1.54678e-07 2.3148e-07 3.26442e-07 3.66847e-07 3.02218e-07 2.86001e-07 2.45739e-07 1.55365e-07 1.12749e-07 7.67613e-08 5.15104e-08 3.96413e-08 3.50446e-08 3.3985e-08 3.41224e-08 3.41858e-08 3.37701e-08 3.25858e-08 3.033e-08 2.70241e-08 2.29307e-08 1.84216e-08 1.39467e-08 9.93334e-09 6.65952e-09 4.20036e-09 2.46193e-09 1.25614e-09 4.13781e-10 
1.26629e-10 3.991e-10 7.09209e-10 1.06322e-09 1.46038e-09 1.86793e-09 2.23581e-09 2.54242e-09 2.86221e-09 3.37835e-09 4.22822e-09 5.31888e-09 6.35721e-09 7.02609e-09 7.11014e-09 6.37357e-09 4.45018e-09 5.88589e-09 2.03807e-08 5.35858e-08 1.14952e-07 2.07639e-07 3.34647e-07 4.3446e-07 4.70806e-07 4.54596e-07 4.51706e-07 3.77323e-07 2.33544e-07 1.59396e-07 1.11454e-07 6.85347e-08 4.79196e-08 3.96413e-08 3.74974e-08 3.79122e-08 3.86999e-08 3.90743e-08 3.86955e-08 3.70418e-08 3.38935e-08 2.95126e-08 2.43411e-08 1.89119e-08 1.37971e-08 9.45062e-09 6.08513e-09 3.67002e-09 2.01309e-09 8.69656e-10 8.69656e-10 
5.66965e-11 3.06159e-10 6.62444e-10 1.07478e-09 1.55921e-09 2.09505e-09 2.61969e-09 3.06121e-09 3.41584e-09 3.8375e-09 4.58971e-09 5.75956e-09 7.07964e-09 8.08375e-09 8.37324e-09 7.66202e-09 5.3284e-09 5.88589e-09 2.25627e-08 6.34031e-08 1.36233e-07 2.77492e-07 4.09188e-07 4.80596e-07 5.60242e-07 5.78927e-07 5.60619e-07 5.12858e-07 3.89968e-07 2.37769e-07 1.86711e-07 1.02193e-07 6.41067e-08 4.79196e-08 4.26017e-08 4.2261e-08 4.33634e-08 4.44972e-08 4.50455e-08 4.42864e-08 4.16406e-08 3.72041e-08 3.14895e-08 2.51211e-08 1.88026e-08 1.31842e-08 8.67173e-09 5.35334e-09 3.06643e-09 1.52516e-09 4.88313e-10 
1.80569e-10 5.68818e-10 1.03373e-09 1.59532e-09 2.25848e-09 2.96915e-09 3.62417e-09 4.13444e-09 4.54694e-09 5.13838e-09 6.22997e-09 7.76108e-09 9.21449e-09 9.93544e-09 9.44727e-09 7.08352e-09 5.19438e-09 2.25627e-08 6.73205e-08 1.53301e-07 3.23976e-07 4.28503e-07 5.49344e-07 6.18677e-07 6.66317e-07 6.66675e-07 6.26158e-07 5.28168e-07 4.06062e-07 2.78181e-07 1.79206e-07 9.70635e-08 6.41067e-08 5.15104e-08 4.83603e-08 4.86085e-08 5.00574e-08 5.15365e-08 5.18464e-08 5.00635e-08 4.59159e-08 3.98675e-08 3.26488e-08 2.50929e-08 1.80445e-08 1.21437e-08 7.66385e-09 4.52379e-09 2.42511e-09 1.01846e-09 1.01846e-09 
8.17392e-11 4.26893e-10 9.36696e-10 1.56018e-09 2.333e-09 3.23156e-09 4.15153e-09 4.94077e-09 5.5113e-09 6.01352e-09 6.8812e-09 8.41747e-09 1.02914e-08 1.16693e-08 1.16981e-08 9.61323e-09 5.37701e-09 2.03807e-08 6.73205e-08 1.58479e-07 3.4804e-07 4.61751e-07 5.94051e-07 6.77519e-07 7.3767e-07 7.61112e-07 7.42051e-07 6.66011e-07 5.54248e-07 4.30626e-07 2.80863e-07 1.74774e-07 9.70635e-08 6.85347e-08 5.83452e-08 5.55429e-08 5.60338e-08 5.81315e-08 5.95325e-08 5.88645e-08 5.54153e-08 4.93691e-08 4.14857e-08 3.27427e-08 2.41778e-08 1.66807e-08 1.07706e-08 6.51773e-09 3.65624e-09 1.77593e-09 5.52588e-10 
2.50061e-10 7.82994e-10 1.45304e-09 2.30683e-09 3.36754e-09 4.56279e-09 5.71881e-09 6.63445e-09 7.26216e-09 7.92364e-09 9.20976e-09 1.12723e-08 1.33692e-08 1.42937e-08 1.28445e-08 7.98493e-09 1.59201e-08 6.34031e-08 1.58479e-07 3.58884e-07 4.82251e-07 6.18043e-07 7.21997e-07 8.0101e-07 8.39172e-07 8.44199e-07 7.98641e-07 7.07431e-07 5.91512e-07 4.4682e-07 2.89881e-07 1.74774e-07 1.02193e-07 7.67613e-08 6.60385e-08 6.328e-08 6.49801e-08 6.72256e-08 6.77146e-08 6.53192e-08 5.97212e-08 5.15022e-08 4.17285e-08 3.16551e-08 2.24259e-08 1.4841e-08 9.19721e-09 5.3268e-09 2.79827e-09 1.14383e-09 1.14383e-09 
1.15144e-10 5.76219e-10 1.27826e-09 2.18183e-09 3.35884e-09 4.79633e-09 6.34749e-09 7.75246e-09 8.77764e-09 9.47941e-09 1.04213e-08 1.22959e-08 1.48991e-08 1.69328e-08 1.66396e-08 1.2117e-08 1.22719e-08 5.35858e-08 1.53301e-07 3.58884e-07 4.91586e-07 6.21171e-07 7.50613e-07 8.38294e-07 9.00905e-07 9.26471e-07 9.07285e-07 8.48834e-07 7.53511e-07 6.16486e-07 4.56454e-07 2.89881e-07 1.79206e-07 1.11454e-07 8.38804e-08 7.30262e-08 7.27445e-08 7.49454e-08 7.63289e-08 7.51478e-08 7.04514e-08 6.23832e-08 5.18936e-08 4.04367e-08 2.94446e-08 2.00097e-08 1.27117e-08 7.56258e-09 4.16821e-09 1.98249e-09 5.99632e-10 
3.36834e-10 1.04212e-09 1.96956e-09 3.20928e-09 4.82236e-09 6.73159e-09 8.68718e-09 1.0337e-08 1.14541e-08 1.2285e-08 1.36981e-08 1.63293e-08 1.93403e-08 2.06283e-08 1.74728e-08 1.21961e-08 4.28213e-08 1.36233e-07 3.4804e-07 4.91586e-07 6.27083e-07 7.65194e-07 8.59394e-07 9.40817e-07 9.87935e-07 9.95011e-07 9.62519e-07 8.98705e-07 7.80545e-07 6.31669e-07 4.56454e-07 2.80863e-07 1.86711e-07 1.12749e-07 8.82412e-08 8.25328e-08 8.3115e-08 8.45195e-08 8.44139e-08 8.0935e-08 7.35736e-08 6.28892e-08 5.03397e-08 3.76845e-08 2.63369e-08 1.71835e-08 1.04918e-08 5.98451e-09 3.09163e-09 1.23214e-09 1.23214e-09 
1.58266e-10 7.54235e-10 1.68534e-09 2.9394e-09 4.64522e-09 6.82232e-09 9.29443e-09 1.16846e-08 1.35598e-08 1.47621e-08 1.58468e-08 1.7999e-08 2.14637e-08 2.43531e-08 2.33387e-08 1.65077e-08 3.32072e-08 1.14952e-07 3.23976e-07 4.82251e-07 6.27083e-07 7.71318e-07 8.71329e-07 9.6096e-07 1.02551e-06 1.05785e-06 1.0526e-06 1.00942e-06 9.30067e-07 7.97423e-07 6.31669e-07 4.4682e-07 2.78181e-07 1.59396e-07 1.12761e-07 9.78749e-08 9.26916e-08 9.23452e-08 9.26646e-08 9.0508e-08 8.43097e-08 7.41074e-08 6.09924e-08 4.69436e-08 3.37652e-08 2.26691e-08 1.42222e-08 8.35298e-09 4.54209e-09 2.12218e-09 6.24186e-10 
4.41756e-10 1.3434e-09 2.57741e-09 4.296e-09 6.62176e-09 9.49612e-09 1.26073e-08 1.54403e-08 1.75088e-08 1.88239e-08 2.04023e-08 2.35707e-08 2.75792e-08 2.89335e-08 2.38657e-08 2.56012e-08 9.06312e-08 2.77492e-07 4.61751e-07 6.21171e-07 7.71318e-07 8.74551e-07 9.68453e-07 1.04619e-06 1.0968e-06 1.11635e-06 1.09877e-06 1.03964e-06 9.46619e-07 7.97423e-07 6.16486e-07 4.30626e-07 2.37769e-07 1.55365e-07 1.22194e-07 1.06844e-07 1.00108e-07 9.96022e-08 9.85155e-08 9.37616e-08 8.46876e-08 7.17744e-08 5.6842e-08 4.20882e-08 2.91168e-08 1.88077e-08 1.13656e-08 6.41398e-09 3.27191e-09 1.27375e-09 1.27375e-09 
2.11735e-10 9.589e-10 2.15055e-09 3.81959e-09 6.17279e-09 9.28755e-09 1.29842e-08 1.67876e-08 2.00466e-08 2.22692e-08 2.38125e-08 2.62317e-08 3.04171e-08 3.37184e-08 3.17298e-08 2.65219e-08 6.69133e-08 2.07639e-07 4.28503e-07 6.18043e-07 7.65194e-07 8.74551e-07 9.68877e-07 1.05631e-06 1.11823e-06 1.15545e-06 1.16169e-06 1.12876e-06 1.05369e-06 9.46619e-07 7.80545e-07 5.91512e-07 4.06062e-07 2.33544e-07 1.63872e-07 1.27354e-07 1.09899e-07 1.05152e-07 1.04392e-07 1.01133e-07 9.36672e-08 8.18008e-08 6.67837e-08 5.09334e-08 3.63335e-08 2.42099e-08 1.5074e-08 8.78326e-09 4.73384e-09 2.1802e-09 6.23678e-10 
5.64042e-10 1.68007e-09 3.26171e-09 5.54075e-09 8.72365e-09 1.27973e-08 1.74206e-08 2.19403e-08 2.55748e-08 2.79346e-08 2.9956e-08 3.3437e-08 3.77349e-08 3.8489e-08 3.27719e-08 5.29587e-08 1.54678e-07 4.09188e-07 5.94051e-07 7.50613e-07 8.71329e-07 9.68877e-07 1.05857e-06 1.12818e-06 1.17803e-06 1.20113e-06 1.19102e-06 1.14092e-06 1.05369e-06 9.30067e-07 7.53511e-07 5.54248e-07 3.89968e-07 2.45739e-07 1.58976e-07 1.22052e-07 1.10493e-07 1.07907e-07 1.0569e-07 1.00153e-07 9.0054e-08 7.59379e-08 5.97528e-08 4.39746e-08 3.02659e-08 1.94562e-08 1.16978e-08 6.5637e-09 3.32039e-09 1.26479e-09 1.26479e-09 
2.74896e-10 1.18509e-09 2.65988e-09 4.79525e-09 7.89361e-09 1.21127e-08 1.72997e-08 2.29249e-08 2.81415e-08 3.20647e-08 3.46258e-08 3.73809e-08 4.14316e-08 4.41061e-08 4.10206e-08 4.51973e-08 1.16524e-07 3.34647e-07 5.49344e-07 7.21997e-07 8.59394e-07 9.68453e-07 1.05857e-06 1.13041e-06 1.18942e-06 1.22361e-06 1.23091e-06 1.20306e-06 1.14092e-06 1.03964e-06 8.98705e-07 7.07431e-07 5.28168e-07 3.77323e-07 2.04409e-07 1.42117e-07 1.1644e-07 1.09727e-07 1.06997e-07 1.03385e-07 9.56033e-08 8.33314e-08 6.78193e-08 5.1553e-08 3.6678e-08 2.43881e-08 1.51515e-08 8.80396e-09 4.72518e-09 2.15225e-09 5.98603e-10 
7.00315e-10 2.04014e-09 3.99696e-09 6.8963e-09 1.10457e-08 1.65002e-08 2.29268e-08 2.95868e-08 3.54112e-08 3.9537e-08 4.24097e-08 4.57018e-08 4.88438e-08 4.86634e-08 4.71633e-08 9.00616e-08 2.3148e-07 4.80596e-07 6.77519e-07 8.38294e-07 9.6096e-07 1.05631e-06 1.13041e-06 1.19245e-06 1.23445e-06 1.25334e-06 1.24404e-06 1.20306e-06 1.12876e-06 1.00942e-06 8.48834e-07 6.66011e-07 5.12858e-07 2.86001e-07 1.72823e-07 1.26699e-07 1.10091e-07 1.05292e-07 1.02993e-07 9.77396e-08 8.80618e-08 7.42889e-08 5.8458e-08 4.30304e-08 2.9631e-08 1.90595e-08 1.14604e-08 6.42493e-09 3.23631e-09 1.2077e-09 1.2077e-09 
3.45407e-10 1.42341e-09 3.19069e-09 5.82231e-09 9.72869e-09 1.51643e-08 2.20281e-08 2.97812e-08 3.74335e-08 4.37054e-08 4.79681e-08 5.1016e-08 5.38068e-08 5.49902e-08 5.30334e-08 7.38741e-08 1.6893e-07 4.3446e-07 6.18677e-07 8.0101e-07 9.40817e-07 1.04619e-06 1.12818e-06 1.19245e-06 1.23699e-06 1.26497e-06 1.26714e-06 1.24404e-06 1.19102e-06 1.09877e-06 9.62519e-07 7.98641e-07 6.26158e-07 4.51706e-07 2.10463e-07 1.43322e-07 1.11615e-07 1.01075e-07 9.9187e-08 9.61918e-08 8.94895e-08 7.83632e-08 6.40012e-08 4.88227e-08 3.48461e-08 2.32444e-08 1.44817e-08 8.43193e-09 4.52637e-09 2.04495e-09 5.52311e-10 
8.43895e-10 2.40475e-09 4.74362e-09 8.28897e-09 1.34606e-08 2.03983e-08 2.88062e-08 3.79054e-08 4.63976e-08 5.29169e-08 5.71212e-08 5.96244e-08 6.11903e-08 6.04076e-08 6.76264e-08 1.24956e-07 3.26442e-07 5.60242e-07 7.3767e-07 9.00905e-07 1.02551e-06 1.11823e-06 1.18942e-06 1.23699e-06 1.26849e-06 1.28021e-06 1.26714e-06 1.23091e-06 1.16169e-06 1.0526e-06 9.07285e-07 7.42051e-07 5.60619e-07 3.02218e-07 1.72309e-07 1.17749e-07 9.57232e-08 9.26692e-08 9.12766e-08 8.7455e-08 7.94733e-08 6.75234e-08 5.35108e-08 3.96305e-08 2.74443e-08 1.77464e-08 1.07203e-08 6.03099e-09 3.03587e-09 1.11045e-09 1.11045e-09 
4.19107e-10 1.65935e-09 3.70945e-09 6.83441e-09 1.15585e-08 1.82438e-08 2.68597e-08 3.68861e-08 4.72355e-08 5.63134e-08 6.2781e-08 6.63992e-08 6.78326e-08 6.79247e-08 6.9928e-08 1.01784e-07 2.22751e-07 4.70806e-07 6.66317e-07 8.39172e-07 9.87935e-07 1.0968e-06 1.17803e-06 1.23445e-06 1.26849e-06 1.28481e-06 1.28021e-06 1.25334e-06 1.20113e-06 1.11635e-06 9.95011e-07 8.44199e-07 6.66675e-07 4.54596e-07 2.40403e-07 1.32685e-07 9.06958e-08 8.4567e-08 8.40441e-08 8.23855e-08 7.74736e-08 6.85341e-08 5.6568e-08 4.35574e-08 3.13413e-08 2.10633e-08 1.32134e-08 7.74042e-09 4.17168e-09 1.87376e-09 4.90283e-10 
9.84766e-10 2.74745e-09 5.44533e-09 9.61092e-09 1.57802e-08 2.41899e-08 3.45984e-08 4.62122e-08 5.75718e-08 6.68601e-08 7.27822e-08 7.53482e-08 7.58728e-08 7.65049e-08 9.05441e-08 1.63889e-07 3.66847e-07 5.78927e-07 7.61112e-07 9.26471e-07 1.05785e-06 1.15545e-06 1.22361e-06 1.26497e-06 1.28481e-06 1.28481e-06 1.26497e-06 1.22361e-06 1.15545e-06 1.05785e-06 9.26471e-07 7.61112e-07 5.78927e-07 3.66847e-07 1.63889e-07 9.05441e-08 7.65049e-08 7.58728e-08 7.53482e-08 7.27822e-08 6.68601e-08 5.75718e-08 4.62122e-08 3.45984e-08 2.41899e-08 1.57802e-08 9.61092e-09 5.44533e-09 2.74745e-09 9.84766e-10 9.84766e-10 
4.90283e-10 1.87376e-09 4.17168e-09 7.74042e-09 1.32134e-08 2.10633e-08 3.13413e-08 4.35574e-08 5.6568e-08 6.85341e-08 7.74736e-08 8.23855e-08 8.40441e-08 8.4567e-08 9.06958e-08 1.32685e-07 2.40403e-07 4.54596e-07 6.66675e-07 8.44199e-07 9.95011e-07 1.11635e-06 1.20113e-06 1.25334e-06 1.28021e-06 1.28481e-06 1.26849e-06 1.23445e-06 1.17803e-06 1.0968e-06 9.87935e-07 8.39172e-07 6.66317e-07 4.70806e-07 2.22751e-07 1.01784e-07 6.9928e-08 6.79247e-08 6.78326e-08 6.63992e-08 6.2781e-08 5.63134e-08 4.72355e-08 3.68861e-08 2.68597e-08 1.82438e-08 1.15585e-08 6.83441e-09 3.70945e-09 1.65935e-09 4.19107e-10 
1.11045e-09 3.03587e-09 6.03099e-09 1.07203e-08 1.77464e-08 2.74443e-08 3.96305e-08 5.35108e-08 6.75234e-08 7.94733e-08 8.7455e-08 9.12766e-08 9.26692e-08 9.57232e-08 1.17749e-07 1.72309e-07 3.02218e-07 5.60619e-07 7.42051e-07 9.07285e-07 1.0526e-06 1.16169e-06 1.23091e-06 1.26714e-06 1.28021e-06 1.26849e-06 1.23699e-06 1.18942e-06 1.11823e-06 1.02551e-06 9.00905e-07 7.3767e-07 5.60242e-07 3.26442e-07 1.24956e-07 6.76264e-08 6.04076e-08 6.11903e-08 5.96244e-08 5.71212e-08 5.29169e-08 4.63976e-08 3.79054e-08 2.88062e-08 2.03983e-08 1.34606e-08 8.28897e-09 4.74362e-09 2.40475e-09 8.43895e-10 8.43895e-10 
5.52311e-10 2.04495e-09 4.52637e-09 8.43193e-09 1.44817e-08 2.32444e-08 3.48461e-08 4.88227e-08 6.40012e-08 7.83632e-08 8.94895e-08 9.61918e-08 9.9187e-08 1.01075e-07 1.11615e-07 1.43322e-07 2.10463e-07 4.51706e-07 6.26158e-07 7.98641e-07 9.62519e-07 1.09877e-06 1.19102e-06 1.24404e-06 1.26714e-06 1.26497e-06 1.23699e-06 1.19245e-06 1.12818e-06 1.04619e-06 9.40817e-07 8.0101e-07 6.18677e-07 4.3446e-07 1.6893e-07 7.38741e-08 5.30334e-08 5.49902e-08 5.38068e-08 5.1016e-08 4.79681e-08 4.37054e-08 3.74335e-08 2.97812e-08 2.20281e-08 1.51643e-08 9.72869e-09 5.82231e-09 3.19069e-09 1.42341e-09 3.45407e-10 
1.2077e-09 3.23631e-09 6.42493e-09 1.14604e-08 1.90595e-08 2.9631e-08 4.30304e-08 5.8458e-08 7.42889e-08 8.80618e-08 9.77396e-08 1.02993e-07 1.05292e-07 1.10091e-07 1.26699e-07 1.72823e-07 2.86001e-07 5.12858e-07 6.66011e-07 8.48834e-07 1.00942e-06 1.12876e-06 1.20306e-06 1.24404e-06 1.25334e-06 1.23445e-06 1.19245e-06 1.13041e-06 1.05631e-06 9.6096e-07 8.38294e-07 6.77519e-07 4.80596e-07 2.3148e-07 9.00616e-08 4.71633e-08 4.86634e-08 4.88438e-08 4.57018e-08 4.24097e-08 3.9537e-08 3.54112e-08 2.95868e-08 2.29268e-08 1.65002e-08 1.10457e-08 6.8963e-09 3.99696e-09 2.04014e-09 7.00315e-10 7.00315e-10 
5.98603e-10 2.15225e-09 4.72518e-09 8.80396e-09 1.51515e-08 2.43881e-08 3.6678e-08 5.1553e-08 6.78193e-08 8.33314e-08 9.56033e-08 1.03385e-07 1.06997e-07 1.09727e-07 1.1644e-07 1.42117e-07 2.04409e-07 3.77323e-07 5.28168e-07 7.07431e-07 8.98705e-07 1.03964e-06 1.14092e-06 1.20306e-06 1.23091e-06 1.22361e-06 1.18942e-06 1.13041e-06 1.05857e-06 9.68453e-07 8.59394e-07 7.21997e-07 5.49344e-07 3.34647e-07 1.16524e-07 4.51973e-08 4.10206e-08 4.41061e-08 4.14316e-08 3.73809e-08 3.46258e-08 3.20647e-08 2.81415e-08 2.29249e-08 1.72997e-08 1.21127e-08 7.89361e-09 4.79525e-09 2.65988e-09 1.18509e-09 2.74896e-10 
1.26479e-09 3.32039e-09 6.5637e-09 1.16978e-08 1.94562e-08 3.02659e-08 4.39746e-08 5.97528e-08 7.59379e-08 9.0054e-08 1.00153e-07 1.0569e-07 1.07907e-07 1.10493e-07 1.22052e-07 1.58976e-07 2.45739e-07 3.89968e-07 5.54248e-07 7.53511e-07 9.30067e-07 1.05369e-06 1.14092e-06 1.19102e-06 1.20113e-06 1.17803e-06 1.12818e-06 1.05857e-06 9.68877e-07 8.71329e-07 7.50613e-07 5.94051e-07 4.09188e-07 1.54678e-07 5.29587e-08 3.27719e-08 3.8489e-08 3.77349e-08 3.3437e-08 2.9956e-08 2.79346e-08 2.55748e-08 2.19403e-08 1.74206e-08 1.27973e-08 8.72365e-09 5.54075e-09 3.26171e-09 1.68007e-09 5.64042e-10 5.64042e-10 
6.23678e-10 2.1802e-09 4.73384e-09 8.78326e-09 1.5074e-08 2.42099e-08 3.63335e-08 5.09334e-08 6.67837e-08 8.18008e-08 9.36672e-08 1.01133e-07 1.04392e-07 1.05152e-07 1.09899e-07 1.27354e-07 1.63872e-07 2.33544e-07 4.06062e-07 5.91512e-07 7.80545e-07 9.46619e-07 1.05369e-06 1.12876e-06 1.16169e-06 1.15545e-06 1.11823e-06 1.05631e-06 9.68877e-07 8.74551e-07 7.65194e-07 6.18043e-07 4.28503e-07 2.07639e-07 6.69133e-08 2.65219e-08 3.17298e-08 3.37184e-08 3.04171e-08 2.62317e-08 2.38125e-08 2.22692e-08 2.00466e-08 1.67876e-08 1.29842e-08 9.28755e-09 6.17279e-09 3.81959e-09 2.15055e-09 9.589e-10 2.11735e-10 
1.27375e-09 3.27191e-09 6.41398e-09 1.13656e-08 1.88077e-08 2.91168e-08 4.20882e-08 5.6842e-08 7.17744e-08 8.46876e-08 9.37616e-08 9.85155e-08 9.96022e-08 1.00108e-07 1.06844e-07 1.22194e-07 1.55365e-07 2.37769e-07 4.30626e-07 6.16486e-07 7.97423e-07 9.46619e-07 1.03964e-06 1.09877e-06 1.11635e-06 1.0968e-06 1.04619e-06 9.68453e-07 8.74551e-07 7.71318e-07 6.21171e-07 4.61751e-07 2.77492e-07 9.06312e-08 2.56012e-08 2.38657e-08 2.89335e-08 2.75792e-08 2.35707e-08 2.04023e-08 1.88239e-08 1.75088e-08 1.54403e-08 1.26073e-08 9.49612e-09 6.62176e-09 4.296e-09 2.57741e-09 1.3434e-09 4.41756e-10 4.41756e-10 
6.24186e-10 2.12218e-09 4.54209e-09 8.35298e-09 1.42222e-08 2.26691e-08 3.37652e-08 4.69436e-08 6.09924e-08 7.41074e-08 8.43097e-08 9.0508e-08 9.26646e-08 9.23452e-08 9.26916e-08 9.78749e-08 1.12761e-07 1.59396e-07 2.78181e-07 4.4682e-07 6.31669e-07 7.97423e-07 9.30067e-07 1.00942e-06 1.0526e-06 1.05785e-06 1.02551e-06 9.6096e-07 8.71329e-07 7.71318e-07 6.27083e-07 4.82251e-07 3.23976e-07 1.14952e-07 3.32072e-08 1.65077e-08 2.33387e-08 2.43531e-08 2.14637e-08 1.7999e-08 1.58468e-08 1.47621e-08 1.35598e-08 1.16846e-08 9.29443e-09 6.82232e-09 4.64522e-09 2.9394e-09 1.68534e-09 7.54235e-10 1.58266e-10 
1.23214e-09 3.09163e-09 5.98451e-09 1.04918e-08 1.71835e-08 2.63369e-08 3.76845e-08 5.03397e-08 6.28892e-08 7.35736e-08 8.0935e-08 8.44139e-08 8.45195e-08 8.3115e-08 8.25328e-08 8.82412e-08 1.12749e-07 1.86711e-07 2.80863e-07 4.56454e-07 6.31669e-07 7.80545e-07 8.98705e-07 9.62519e-07 9.95011e-07 9.87935e-07 9.40817e-07 8.59394e-07 7.65194e-07 6.27083e-07 4.91586e-07 3.4804e-07 1.36233e-07 4.28213e-08 1.21961e-08 1.74728e-08 2.06283e-08 1.93403e-08 1.63293e-08 1.36981e-08 1.2285e-08 1.14541e-08 1.0337e-08 8.68718e-09 6.73159e-09 4.82236e-09 3.20928e-09 1.96956e-09 1.04212e-09 3.36834e-10 3.36834e-10 
5.99632e-10 1.98249e-09 4.16821e-09 7.56258e-09 1.27117e-08 2.00097e-08 2.94446e-08 4.04367e-08 5.18936e-08 6.23832e-08 7.04514e-08 7.51478e-08 7.63289e-08 7.49454e-08 7.27445e-08 7.30262e-08 8.38804e-08 1.11454e-07 1.79206e-07 2.89881e-07 4.56454e-07 6.16486e-07 7.53511e-07 8.48834e-07 9.07285e-07 9.26471e-07 9.00905e-07 8.38294e-07 7.50613e-07 6.21171e-07 4.91586e-07 3.58884e-07 1.53301e-07 5.35858e-08 1.22719e-08 1.2117e-08 1.66396e-08 1.69328e-08 1.48991e-08 1.22959e-08 1.04213e-08 9.47941e-09 8.77764e-09 7.75246e-09 6.34749e-09 4.79633e-09 3.35884e-09 2.18183e-09 1.27826e-09 5.76219e-10 1.15144e-10 
1.14383e-09 2.79827e-09 5.3268e-09 9.19721e-09 1.4841e-08 2.24259e-08 3.16551e-08 4.17285e-08 5.15022e-08 5.97212e-08 6.53192e-08 6.77146e-08 6.72256e-08 6.49801e-08 6.328e-08 6.60385e-08 7.67613e-08 1.02193e-07 1.74774e-07 2.89881e-07 4.4682e-07 5.91512e-07 7.07431e-07 7.98641e-07 8.44199e-07 8.39172e-07 8.0101e-07 7.21997e-07 6.18043e-07 4.82251e-07 3.58884e-07 1.58479e-07 6.34031e-08 1.59201e-08 7.98493e-09 1.28445e-08 1.42937e-08 1.33692e-08 1.12723e-08 9.20976e-09 7.92364e-09 7.26216e-09 6.63445e-09 5.71881e-09 4.56279e-09 3.36754e-09 2.30683e-09 1.45304e-09 7.82994e-10 2.50061e-10 2.50061e-10 
5.52588e-10 1.77593e-09 3.65624e-09 6.51773e-09 1.07706e-08 1.66807e-08 2.41778e-08 3.27427e-08 4.14857e-08 4.93691e-08 5.54153e-08 5.88645e-08 5.95325e-08 5.81315e-08 5.60338e-08 5.55429e-08 5.83452e-08 6.85347e-08 9.70635e-08 1.74774e-07 2.80863e-07 4.30626e-07 5.54248e-07 6.66011e-07 7.42051e-07 7.61112e-07 7.3767e-07 6.77519e-07 5.94051e-07 4.61751e-07 3.4804e-07 1.58479e-07 6.73205e-08 2.03807e-08 5.37701e-09 9.61323e-09 1.16981e-08 1.16693e-08 1.02914e-08 8.41747e-09 6.8812e-09 6.01352e-09 5.5113e-09 4.94077e-09 4.15153e-09 3.23156e-09 2.333e-09 1.56018e-09 9.36696e-10 4.26893e-10 8.17392e-11 
1.01846e-09 2.42511e-09 4.52379e-09 7.66385e-09 1.21437e-08 1.80445e-08 2.50929e-08 3.26488e-08 3.98675e-08 4.59159e-08 5.00635e-08 5.18464e-08 5.15365e-08 5.00574e-08 4.86085e-08 4.83603e-08 5.15104e-08 6.41067e-08 9.70635e-08 1.79206e-07 2.78181e-07 4.06062e-07 5.28168e-07 6.26158e-07 6.66675e-07 6.66317e-07 6.18677e-07 5.49344e-07 4.28503e-07 3.23976e-07 1.53301e-07 6.73205e-08 2.25627e-08 5.19438e-09 7.08352e-09 9.44727e-09 9.93544e-09 9.21449e-09 7.76108e-09 6.22997e-09 5.13838e-09 4.54694e-09 4.13444e-09 3.62417e-09 2.96915e-09 2.25848e-09 1.59532e-09 1.03373e-09 5.68818e-10 1.80569e-10 1.80569e-10 
4.88313e-10 1.52516e-09 3.06643e-09 5.35334e-09 8.67173e-09 1.31842e-08 1.88026e-08 2.51211e-08 3.14895e-08 3.72041e-08 4.16406e-08 4.42864e-08 4.50455e-08 4.44972e-08 4.33634e-08 4.2261e-08 4.26017e-08 4.79196e-08 6.41067e-08 1.02193e-07 1.86711e-07 2.37769e-07 3.89968e-07 5.12858e-07 5.60619e-07 5.78927e-07 5.60242e-07 4.80596e-07 4.09188e-07 2.77492e-07 1.36233e-07 6.34031e-08 2.25627e-08 5.88589e-09 5.3284e-09 7.66202e-09 8.37324e-09 8.08375e-09 7.07964e-09 5.75956e-09 4.58971e-09 3.8375e-09 3.41584e-09 3.06121e-09 2.61969e-09 2.09505e-09 1.55921e-09 1.07478e-09 6.62444e-10 3.06159e-10 5.66965e-11 
8.69656e-10 2.01309e-09 3.67002e-09 6.08513e-09 9.45062e-09 1.37971e-08 1.89119e-08 2.43411e-08 2.95126e-08 3.38935e-08 3.70418e-08 3.86955e-08 3.90743e-08 3.86999e-08 3.79122e-08 3.74974e-08 3.96413e-08 4.79196e-08 6.85347e-08 1.11454e-07 1.59396e-07 2.33544e-07 3.77323e-07 4.51706e-07 4.54596e-07 4.70806e-07 4.3446e-07 3.34647e-07 2.07639e-07 1.14952e-07 5.35858e-08 2.03807e-08 5.88589e-09 4.45018e-09 6.37357e-09 7.11014e-09 7.02609e-09 6.35721e-09 5.31888e-09 4.22822e-09 3.37835e-09 2.86221e-09 2.54242e-09 2.23581e-09 1.86793e-09 1.46038e-09 1.06322e-09 7.09209e-10 3.991e-10 1.26629e-10 1.26629e-10 
4.13781e-10 1.25614e-09 2.46193e-09 4.20036e-09 6.65952e-09 9.93334e-09 1.39467e-08 1.84216e-08 2.29307e-08 2.70241e-08 3.033e-08 3.25858e-08 3.37701e-08 3.41858e-08 3.41224e-08 3.3985e-08 3.50446e-08 3.96413e-08 5.15104e-08 7.67613e-08 1.12749e-07 1.55365e-07 2.45739e-07 2.86001e-07 3.02218e-07 3.66847e-07 3.26442e-07 2.3148e-07 1.54678e-07 9.06312e-08 4.28213e-08 1.59201e-08 5.19438e-09 4.45018e-09 5.67621e-09 6.20235e-09 6.15047e-09 5.66238e-09 4.86224e-09 3.92983e-09 3.08738e-09 2.48796e-09 2.12564e-09 1.87114e-09 1.61124e-09 1.31544e-09 1.00636e-09 7.14406e-10 4.52151e-10 2.12308e-10 3.84234e-11 
7.12455e-10 1.60248e-09 2.85074e-09 4.62061e-09 7.03094e-09 1.00917e-08 1.36615e-08 1.74546e-08 2.11169e-08 2.43291e-08 2.68676e-08 2.86365e-08 2.97397e-08 3.04073e-08 3.09136e-08 3.19713e-08 3.50446e-08 4.26017e-08 5.83452e-08 8.38804e-08 1.12761e-07 1.63872e-07 2.04409e-07 2.10463e-07 2.40403e-07 2.22751e-07 1.6893e-07 1.16524e-07 6.69133e-08 3.32072e-08 1.22719e-08 5.37701e-09 5.3284e-09 5.67621e-09 5.7143e-09 5.51978e-09 5.07469e-09 4.41758e-09 3.63915e-09 2.87307e-09 2.25046e-09 1.83073e-09 1.56703e-09 1.36044e-09 1.1466e-09 9.15861e-10 6.85209e-10 4.69924e-10 2.7045e-10 8.61244e-11 8.61244e-11 
3.36394e-10 9.93273e-10 1.89626e-09 3.15917e-09 4.9017e-09 7.17869e-09 9.94131e-09 1.30232e-08 1.6173e-08 1.91294e-08 2.16967e-08 2.37799e-08 2.53914e-08 2.66613e-08 2.7813e-08 2.92809e-08 3.19713e-08 3.74974e-08 4.83603e-08 6.60385e-08 8.82412e-08 1.22194e-07 1.58976e-07 1.72823e-07 1.72309e-07 1.63889e-07 1.24956e-07 9.00616e-08 5.29587e-08 2.56012e-08 1.21961e-08 7.98493e-09 7.08352e-09 6.37357e-09 5.7143e-09 5.18357e-09 4.64915e-09 4.03547e-09 3.35882e-09 2.68281e-09 2.08833e-09 1.63895e-09 1.34231e-09 1.1442e-09 9.77137e-10 8.06505e-10 6.3066e-10 4.59637e-10 2.9827e-10 1.42344e-10 2.54163e-11 
5.60587e-10 1.2257e-09 2.12699e-09 3.37057e-09 5.02973e-09 7.11094e-09 9.53503e-09 1.21444e-08 1.47453e-08 1.71714e-08 1.93336e-08 2.12286e-08 2.2922e-08 2.45771e-08 2.65025e-08 2.92809e-08 3.3985e-08 4.2261e-08 5.55429e-08 7.30262e-08 9.78749e-08 1.27354e-07 1.42117e-07 1.43322e-07 1.32685e-07 1.01784e-07 7.38741e-08 4.51973e-08 2.65219e-08 1.65077e-08 1.2117e-08 9.61323e-09 7.66202e-09 6.20235e-09 5.18357e-09 4.42357e-09 3.75705e-09 3.11633e-09 2.50589e-09 1.95828e-09 1.51252e-09 1.19097e-09 9.7794e-10 8.26547e-10 6.93693e-10 5.61143e-10 4.29094e-10 3.01596e-10 1.77241e-10 5.678e-11 5.678e-11 
2.62691e-10 7.55459e-10 1.40537e-09 2.2873e-09 3.47691e-09 5.00919e-09 6.86132e-09 8.9489e-09 1.11451e-08 1.33222e-08 1.53995e-08 1.73689e-08 1.92856e-08 2.12617e-08 2.35306e-08 2.65025e-08 3.09136e-08 3.79122e-08 4.86085e-08 6.328e-08 8.25328e-08 1.06844e-07 1.22052e-07 1.26699e-07 1.17749e-07 9.05441e-08 6.76264e-08 4.71633e-08 3.27719e-08 2.38657e-08 1.74728e-08 1.28445e-08 9.44727e-09 7.11014e-09 5.51978e-09 4.42357e-09 3.60981e-09 2.93877e-09 2.35392e-09 1.84454e-09 1.41938e-09 1.0916e-09 8.6164e-10 7.06525e-10 5.90563e-10 4.87103e-10 3.86218e-10 2.87501e-10 1.90683e-10 9.2381e-11 1.63895e-11 
4.24408e-10 9.03299e-10 1.5304e-09 2.37413e-09 3.48132e-09 4.86139e-09 6.48017e-09 8.26638e-09 1.01348e-08 1.20218e-08 1.39161e-08 1.58681e-08 1.79819e-08 2.04308e-08 2.35306e-08 2.7813e-08 3.41224e-08 4.33634e-08 5.60338e-08 7.27445e-08 9.26916e-08 1.09899e-07 1.1644e-07 1.11615e-07 9.06958e-08 6.9928e-08 5.30334e-08 4.10206e-08 3.17298e-08 2.33387e-08 1.66396e-08 1.16981e-08 8.37324e-09 6.15047e-09 4.64915e-09 3.60981e-09 2.84489e-09 2.2426e-09 1.74914e-09 1.3438e-09 1.02238e-09 7.84109e-10 6.19357e-10 5.05627e-10 4.17472e-10 3.38474e-10 2.62609e-10 1.88246e-10 1.12628e-10 3.63103e-11 3.63103e-11 
1.97418e-10 5.54084e-10 1.00588e-09 1.60183e-09 2.39061e-09 3.3976e-09 4.61927e-09 6.02432e-09 7.56536e-09 9.20144e-09 1.09244e-08 1.27776e-08 1.48604e-08 1.73301e-08 2.04308e-08 2.45771e-08 3.04073e-08 3.86999e-08 5.00574e-08 6.49801e-08 8.3115e-08 1.00108e-07 1.10493e-07 1.10091e-07 9.57232e-08 7.65049e-08 6.04076e-08 4.86634e-08 3.8489e-08 2.89335e-08 2.06283e-08 1.42937e-08 9.93544e-09 7.02609e-09 5.07469e-09 3.75705e-09 2.84489e-09 2.18378e-09 1.67979e-09 1.28291e-09 9.70075e-10 7.31518e-10 5.59761e-10 4.41701e-10 3.58338e-10 2.92119e-10 2.32691e-10 1.75738e-10 1.18584e-10 5.8179e-11 1.02966e-11 
3.09934e-10 6.43587e-10 1.06663e-09 1.6236e-09 2.34618e-09 3.24727e-09 4.3209e-09 5.54803e-09 6.9098e-09 8.40666e-09 1.00772e-08 1.20111e-08 1.43562e-08 1.73301e-08 2.12617e-08 2.66613e-08 3.41858e-08 4.44972e-08 5.81315e-08 7.49454e-08 9.23452e-08 1.05152e-07 1.09727e-07 1.01075e-07 8.4567e-08 6.79247e-08 5.49902e-08 4.41061e-08 3.37184e-08 2.43531e-08 1.69328e-08 1.16693e-08 8.08375e-09 5.66238e-09 4.03547e-09 2.93877e-09 2.18378e-09 1.64325e-09 1.23942e-09 9.30044e-10 6.93922e-10 5.19505e-10 3.96674e-10 3.12312e-10 2.51535e-10 2.02381e-10 1.58005e-10 1.1481e-10 6.96442e-11 2.25667e-11 2.25667e-11 
1.43159e-10 3.93151e-10 6.98181e-10 1.09065e-09 1.60285e-09 2.25511e-09 3.05555e-09 4.00342e-09 5.09695e-09 6.34625e-09 7.78892e-09 9.50458e-09 1.16269e-08 1.43562e-08 1.79819e-08 2.2922e-08 2.97397e-08 3.90743e-08 5.15365e-08 6.72256e-08 8.45195e-08 9.96022e-08 1.07907e-07 1.05292e-07 9.26692e-08 7.58728e-08 6.11903e-08 4.88438e-08 3.77349e-08 2.75792e-08 1.93403e-08 1.33692e-08 9.21449e-09 6.35721e-09 4.41758e-09 3.11633e-09 2.2426e-09 1.64325e-09 1.21668e-09 9.02226e-10 6.66602e-10 4.91691e-10 3.65934e-10 2.7886e-10 2.18915e-10 1.74938e-10 1.38753e-10 1.05538e-10 7.20567e-11 3.56749e-11 6.30549e-12 
2.19019e-10 4.45062e-10 7.23588e-10 1.08414e-09 1.5494e-09 2.1341e-09 2.84755e-09 3.6988e-09 4.70535e-09 5.90503e-09 7.36934e-09 9.2168e-09 1.16269e-08 1.48604e-08 1.92856e-08 2.53914e-08 3.37701e-08 4.50455e-08 5.95325e-08 7.63289e-08 9.26646e-08 1.04392e-07 1.06997e-07 9.9187e-08 8.40441e-08 6.78326e-08 5.38068e-08 4.14316e-08 3.04171e-08 2.14637e-08 1.48991e-08 1.02914e-08 7.07964e-09 4.86224e-09 3.35882e-09 2.35392e-09 1.67979e-09 1.21668e-09 8.87862e-10 6.48249e-10 4.72332e-10 3.44999e-10 2.55575e-10 1.94447e-10 1.52155e-10 1.2055e-10 9.39605e-11 6.87552e-11 4.20832e-11 1.36702e-11 1.36702e-11 
1.00503e-10 2.709e-10 4.7212e-10 7.25872e-10 1.05434e-09 1.47447e-09 1.99997e-09 2.64528e-09 3.43172e-09 4.39645e-09 5.60378e-09 7.15785e-09 9.2168e-09 1.20111e-08 1.58681e-08 2.12286e-08 2.86365e-08 3.86955e-08 5.18464e-08 6.77146e-08 8.44139e-08 9.85155e-08 1.0569e-07 1.02993e-07 9.12766e-08 7.53482e-08 5.96244e-08 4.57018e-08 3.3437e-08 2.35707e-08 1.63293e-08 1.12723e-08 7.76108e-09 5.31888e-09 3.63915e-09 2.50589e-09 1.74914e-09 1.23942e-09 8.87862e-10 6.38936e-10 4.59764e-10 3.30847e-10 2.39702e-10 1.76993e-10 1.34517e-10 1.04891e-10 8.22514e-11 6.2567e-11 4.29771e-11 2.13852e-11 3.76978e-12 
1.5034e-10 3.00042e-10 4.80247e-10 7.10948e-10 1.00904e-09 1.3893e-09 1.8677e-09 2.46617e-09 3.21946e-09 4.18441e-09 5.45143e-09 7.15785e-09 9.50458e-09 1.27776e-08 1.73689e-08 2.37799e-08 3.25858e-08 4.42864e-08 5.88645e-08 7.51478e-08 9.0508e-08 1.01133e-07 1.03385e-07 9.61918e-08 8.23855e-08 6.63992e-08 5.1016e-08 3.73809e-08 2.62317e-08 1.7999e-08 1.22959e-08 8.41747e-09 5.75956e-09 3.92983e-09 2.68281e-09 1.84454e-09 1.28291e-09 9.02226e-10 6.38936e-10 4.53511e-10 3.21916e-10 2.29127e-10 1.64959e-10 1.21586e-10 9.23637e-11 7.17152e-11 5.54451e-11 4.06095e-11 2.49581e-11 8.09941e-12 8.09941e-12 
6.85805e-11 1.82054e-10 3.12561e-10 4.74841e-10 6.84562e-10 9.55862e-10 1.30403e-09 1.7494e-09 2.32276e-09 3.07297e-09 4.07681e-09 5.45143e-09 7.36934e-09 1.00772e-08 1.39161e-08 1.93336e-08 2.68676e-08 3.70418e-08 5.00635e-08 6.53192e-08 8.0935e-08 9.37616e-08 1.00153e-07 9.77396e-08 8.7455e-08 7.27822e-08 5.71212e-08 4.24097e-08 2.9956e-08 2.04023e-08 1.36981e-08 9.20976e-09 6.22997e-09 4.22822e-09 2.87307e-09 1.95828e-09 1.3438e-09 9.30044e-10 6.48249e-10 4.53511e-10 3.17555e-10 2.22581e-10 1.56957e-10 1.12505e-10 8.29043e-11 6.29692e-11 4.85882e-11 3.67538e-11 2.52668e-11 1.25851e-11 2.20645e-12 
1.00681e-10 1.98139e-10 3.13508e-10 4.60543e-10 6.52071e-10 9.01676e-10 1.22697e-09 1.65398e-09 2.22327e-09 2.99839e-09 4.07681e-09 5.60378e-09 7.78892e-09 1.09244e-08 1.53995e-08 2.16967e-08 3.033e-08 4.16406e-08 5.54153e-08 7.04514e-08 8.43097e-08 9.36672e-08 9.56033e-08 8.94895e-08 7.74736e-08 6.2781e-08 4.79681e-08 3.46258e-08 2.38125e-08 1.58468e-08 1.04213e-08 6.8812e-09 4.58971e-09 3.08738e-09 2.08833e-09 1.41938e-09 9.70075e-10 6.66602e-10 4.59764e-10 3.17555e-10 2.1943e-10 1.52047e-10 1.0642e-10 7.61054e-11 5.61497e-11 4.26253e-11 3.25456e-11 2.37432e-11 1.45888e-11 4.71238e-12 4.71238e-12 
4.56913e-11 1.19894e-10 2.03642e-10 3.07039e-10 4.4135e-10 6.18192e-10 8.52149e-10 1.16436e-09 1.58744e-09 2.17246e-09 2.99839e-09 4.18441e-09 5.90503e-09 8.40666e-09 1.20218e-08 1.71714e-08 2.43291e-08 3.38935e-08 4.59159e-08 5.97212e-08 7.35736e-08 8.46876e-08 9.0054e-08 8.80618e-08 7.94733e-08 6.68601e-08 5.29169e-08 3.9537e-08 2.79346e-08 1.88239e-08 1.2285e-08 7.92364e-09 5.13838e-09 3.37835e-09 2.25046e-09 1.51252e-09 1.02238e-09 6.93922e-10 4.72332e-10 3.21916e-10 2.1943e-10 1.49705e-10 1.02687e-10 7.14813e-11 5.11149e-11 3.77992e-11 2.86257e-11 2.1449e-11 1.46976e-11 7.30195e-12 1.26838e-12 
6.6098e-11 1.28828e-10 2.02404e-10 2.96404e-10 4.2062e-10 5.86804e-10 8.11594e-10 1.12047e-09 1.55336e-09 2.17246e-09 3.07297e-09 4.39645e-09 6.34625e-09 9.20144e-09 1.33222e-08 1.91294e-08 2.70241e-08 3.72041e-08 4.93691e-08 6.23832e-08 7.41074e-08 8.18008e-08 8.33314e-08 7.83632e-08 6.85341e-08 5.63134e-08 4.37054e-08 3.20647e-08 2.22692e-08 1.47621e-08 9.47941e-09 6.01352e-09 3.8375e-09 2.48796e-09 1.63895e-09 1.0916e-09 7.31518e-10 4.91691e-10 3.30847e-10 2.22581e-10 1.49705e-10 1.0091e-10 6.86233e-11 4.76205e-11 3.41245e-11 2.52992e-11 1.90293e-11 1.37818e-11 8.43833e-12 2.70443e-12 2.70443e-12 
2.987e-11 7.77721e-11 1.31274e-10 1.97341e-10 2.84151e-10 4.01061e-10 5.6088e-10 7.83025e-10 1.09792e-09 1.55336e-09 2.22327e-09 3.21946e-09 4.70535e-09 6.9098e-09 1.01348e-08 1.47453e-08 2.11169e-08 2.95126e-08 3.98675e-08 5.15022e-08 6.28892e-08 7.17744e-08 7.59379e-08 7.42889e-08 6.75234e-08 5.75718e-08 4.63976e-08 3.54112e-08 2.55748e-08 1.75088e-08 1.14541e-08 7.26216e-09 4.54694e-09 2.86221e-09 1.83073e-09 1.19097e-09 7.84109e-10 5.19505e-10 3.44999e-10 2.29127e-10 1.52047e-10 1.0091e-10 6.72604e-11 4.54325e-11 3.15113e-11 2.26723e-11 1.68273e-11 1.24618e-11 8.48879e-12 4.19547e-12 7.20755e-13 
4.27615e-11 8.29086e-11 1.29936e-10 1.90564e-10 2.72249e-10 3.84731e-10 5.42515e-10 7.683e-10 1.09792e-09 1.58744e-09 2.32276e-09 3.43172e-09 5.09695e-09 7.56536e-09 1.11451e-08 1.6173e-08 2.29307e-08 3.14895e-08 4.14857e-08 5.18936e-08 6.09924e-08 6.67837e-08 6.78193e-08 6.40012e-08 5.6568e-08 4.72355e-08 3.74335e-08 2.81415e-08 2.00466e-08 1.35598e-08 8.77764e-09 5.5113e-09 3.41584e-09 2.12564e-09 1.34231e-09 8.6164e-10 5.59761e-10 3.65934e-10 2.39702e-10 1.56957e-10 1.02687e-10 6.72604e-11 4.43814e-11 2.98454e-11 2.07482e-11 1.50042e-11 1.1101e-11 7.96669e-12 4.85129e-12 1.5392e-12 1.5392e-12 
1.92612e-11 4.99538e-11 8.41733e-11 1.26735e-10 1.83601e-10 2.62157e-10 3.73088e-10 5.3302e-10 7.683e-10 1.12047e-09 1.65398e-09 2.46617e-09 3.6988e-09 5.54803e-09 8.26638e-09 1.21444e-08 1.74546e-08 2.43411e-08 3.26488e-08 4.17285e-08 5.03397e-08 5.6842e-08 5.97528e-08 5.8458e-08 5.35108e-08 4.62122e-08 3.79054e-08 2.95868e-08 2.19403e-08 1.54403e-08 1.0337e-08 6.63445e-09 4.13444e-09 2.54242e-09 1.56703e-09 9.7794e-10 6.19357e-10 3.96674e-10 2.55575e-10 1.64959e-10 1.0642e-10 6.86233e-11 4.43814e-11 2.90365e-11 1.94954e-11 1.36218e-11 9.89288e-12 7.23044e-12 4.88973e-12 2.40139e-12 4.06938e-13 
2.74044e-11 5.30886e-11 8.33647e-11 1.22967e-10 1.7754e-10 2.54899e-10 3.67047e-10 5.3302e-10 7.83025e-10 1.16436e-09 1.7494e-09 2.64528e-09 4.00342e-09 6.02432e-09 8.9489e-09 1.30232e-08 1.84216e-08 2.51211e-08 3.27427e-08 4.04367e-08 4.69436e-08 5.09334e-08 5.1553e-08 4.88227e-08 4.35574e-08 3.68861e-08 2.97812e-08 2.29249e-08 1.67876e-08 1.16846e-08 7.75246e-09 4.94077e-09 3.06121e-09 1.87114e-09 1.1442e-09 7.06525e-10 4.41701e-10 2.7886e-10 1.76993e-10 1.12505e-10 7.14813e-11 4.54325e-11 2.90365e-11 1.88789e-11 1.26978e-11 8.93461e-12 6.49004e-12 4.60953e-12 2.78954e-12 8.75708e-13 8.75708e-13 
1.23158e-11 3.19348e-11 5.39473e-11 8.16878e-11 1.19505e-10 1.73121e-10 2.51117e-10 3.67047e-10 5.42515e-10 8.11594e-10 1.22697e-09 1.8677e-09 2.84755e-09 4.3209e-09 6.48017e-09 9.53503e-09 1.36615e-08 1.89119e-08 2.50929e-08 3.16551e-08 3.76845e-08 4.20882e-08 4.39746e-08 4.30304e-08 3.96305e-08 3.45984e-08 2.88062e-08 2.29268e-08 1.74206e-08 1.26073e-08 8.68718e-09 5.71881e-09 3.62417e-09 2.23581e-09 1.36044e-09 8.26547e-10 5.05627e-10 3.12312e-10 1.94447e-10 1.21586e-10 7.61054e-11 4.76205e-11 2.98454e-11 1.88789e-11 1.22357e-11 8.27362e-12 5.86168e-12 4.21976e-12 2.82933e-12 1.38019e-12 2.321e-13 
1.74861e-11 3.39821e-11 5.36736e-11 7.99087e-11 1.16918e-10 1.70804e-10 2.51117e-10 3.73088e-10 5.6088e-10 8.52149e-10 1.30403e-09 1.99997e-09 3.05555e-09 4.61927e-09 6.86132e-09 9.94131e-09 1.39467e-08 1.88026e-08 2.41778e-08 2.94446e-08 3.37652e-08 3.63335e-08 3.6678e-08 3.48461e-08 3.13413e-08 2.68597e-08 2.20281e-08 1.72997e-08 1.29842e-08 9.29443e-09 6.34749e-09 4.15153e-09 2.61969e-09 1.61124e-09 9.77137e-10 5.90563e-10 3.58338e-10 2.18915e-10 1.34517e-10 8.29043e-11 5.11149e-11 3.15113e-11 1.94954e-11 1.22357e-11 7.93715e-12 5.41073e-12 3.84488e-12 2.69638e-12 1.61905e-12 5.03821e-13 5.03821e-13 
7.84689e-12 2.04099e-11 3.46899e-11 5.30001e-11 7.85013e-11 1.15545e-10 1.70804e-10 2.54899e-10 3.84731e-10 5.86804e-10 9.01676e-10 1.3893e-09 2.1341e-09 3.24727e-09 4.86139e-09 7.11094e-09 1.00917e-08 1.37971e-08 1.80445e-08 2.24259e-08 2.63369e-08 2.91168e-08 3.02659e-08 2.9631e-08 2.74443e-08 2.41899e-08 2.03983e-08 1.65002e-08 1.27973e-08 9.49612e-09 6.73159e-09 4.56279e-09 2.96915e-09 1.86793e-09 1.1466e-09 6.93693e-10 4.17472e-10 2.51535e-10 1.52155e-10 9.23637e-11 5.61497e-11 3.41245e-11 2.07482e-11 1.26978e-11 7.93715e-12 5.17564e-12 3.55876e-12 2.51148e-12 1.66574e-12 8.06925e-13 1.35972e-13 
1.11557e-11 2.18184e-11 3.47636e-11 5.23588e-11 7.77352e-11 1.15545e-10 1.73121e-10 2.62157e-10 4.01061e-10 6.18192e-10 9.55862e-10 1.47447e-09 2.25511e-09 3.3976e-09 5.00919e-09 7.17869e-09 9.93334e-09 1.31842e-08 1.66807e-08 2.00097e-08 2.26691e-08 2.42099e-08 2.43881e-08 2.32444e-08 2.10633e-08 1.82438e-08 1.51643e-08 1.21127e-08 9.28755e-09 6.82232e-09 4.79633e-09 3.23156e-09 2.09505e-09 1.31544e-09 8.06505e-10 4.87103e-10 2.92119e-10 1.74938e-10 1.04891e-10 6.29692e-11 3.77992e-11 2.26723e-11 1.36218e-11 8.27362e-12 5.17564e-12 3.40496e-12 2.35228e-12 1.61971e-12 9.63326e-13 2.98219e-13 2.98219e-13 
5.0014e-12 1.30795e-11 2.24222e-11 3.46311e-11 5.19863e-11 7.77352e-11 1.16918e-10 1.7754e-10 2.72249e-10 4.2062e-10 6.52071e-10 1.00904e-09 1.5494e-09 2.34618e-09 3.48132e-09 5.02973e-09 7.03094e-09 9.45062e-09 1.21437e-08 1.4841e-08 1.71835e-08 1.88077e-08 1.94562e-08 1.90595e-08 1.77464e-08 1.57802e-08 1.34606e-08 1.10457e-08 8.72365e-09 6.62176e-09 4.82236e-09 3.36754e-09 2.25848e-09 1.46038e-09 9.15861e-10 5.61143e-10 3.38474e-10 2.02381e-10 1.2055e-10 7.17152e-11 4.26253e-11 2.52992e-11 1.50042e-11 8.93461e-12 5.41073e-12 3.40496e-12 2.26218e-12 1.55435e-12 1.01318e-12 4.8748e-13 8.25777e-14 
7.13506e-12 1.40659e-11 2.26393e-11 3.45164e-11 5.19863e-11 7.85013e-11 1.19505e-10 1.83601e-10 2.84151e-10 4.4135e-10 6.84562e-10 1.05434e-09 1.60285e-09 2.39061e-09 3.47691e-09 4.9017e-09 6.65952e-09 8.67173e-09 1.07706e-08 1.27117e-08 1.42222e-08 1.5074e-08 1.51515e-08 1.44817e-08 1.32134e-08 1.15585e-08 9.72869e-09 7.89361e-09 6.17279e-09 4.64522e-09 3.35884e-09 2.333e-09 1.55921e-09 1.00636e-09 6.3066e-10 3.86218e-10 2.32691e-10 1.38753e-10 8.22514e-11 4.85882e-11 2.86257e-11 1.68273e-11 9.89288e-12 5.86168e-12 3.55876e-12 2.26218e-12 1.51272e-12 1.01559e-12 5.94844e-13 1.84094e-13 1.84094e-13 
3.19625e-12 8.4065e-12 1.45404e-11 2.2701e-11 3.45164e-11 5.23588e-11 7.99087e-11 1.22967e-10 1.90564e-10 2.96404e-10 4.60543e-10 7.10948e-10 1.08414e-09 1.6236e-09 2.37413e-09 3.37057e-09 4.62061e-09 6.08513e-09 7.66385e-09 9.19721e-09 1.04918e-08 1.13656e-08 1.16978e-08 1.14604e-08 1.07203e-08 9.61092e-09 8.28897e-09 6.8963e-09 5.54075e-09 4.296e-09 3.20928e-09 2.30683e-09 1.59532e-09 1.06322e-09 6.85209e-10 4.29094e-10 2.62609e-10 1.58005e-10 9.39605e-11 5.54451e-11 3.25456e-11 1.90293e-11 1.1101e-11 6.49004e-12 3.84488e-12 2.35228e-12 1.51272e-12 1.00883e-12 6.43954e-13 3.06168e-13 5.24095e-14 
4.56955e-12 9.07172e-12 1.47301e-11 2.2701e-11 3.46311e-11 5.30001e-11 8.16878e-11 1.26735e-10 1.97341e-10 3.07039e-10 4.74841e-10 7.25872e-10 1.09065e-09 1.60183e-09 2.2873e-09 3.15917e-09 4.20036e-09 5.35334e-09 6.51773e-09 7.56258e-09 8.35298e-09 8.78326e-09 8.80396e-09 8.43193e-09 7.74042e-09 6.83441e-09 5.82231e-09 4.79525e-09 3.81959e-09 2.9394e-09 2.18183e-09 1.56018e-09 1.07478e-09 7.14406e-10 4.59637e-10 2.87501e-10 1.75738e-10 1.05538e-10 6.2567e-11 3.67538e-11 2.1449e-11 1.24618e-11 7.23044e-12 4.21976e-12 2.51148e-12 1.55435e-12 1.00883e-12 6.61808e-13 3.81538e-13 1.1789e-13 1.1789e-13 
2.04181e-12 5.383e-12 9.36243e-12 1.47301e-11 2.26393e-11 3.47636e-11 5.36736e-11 8.33647e-11 1.29936e-10 2.02404e-10 3.13508e-10 4.80247e-10 7.23588e-10 1.06663e-09 1.5304e-09 2.12699e-09 2.85074e-09 3.67002e-09 4.52379e-09 5.3268e-09 5.98451e-09 6.41398e-09 6.5637e-09 6.42493e-09 6.03099e-09 5.44533e-09 4.74362e-09 3.99696e-09 3.26171e-09 2.57741e-09 1.96956e-09 1.45304e-09 1.03373e-09 7.09209e-10 4.69924e-10 3.01596e-10 1.88246e-10 1.1481e-10 6.87552e-11 4.06095e-11 2.37432e-11 1.37818e-11 7.96669e-12 4.60953e-12 2.69638e-12 1.61971e-12 1.01559e-12 6.61808e-13 4.16486e-13 1.96998e-13 3.33495e-14 
2.89944e-12 5.75331e-12 9.36243e-12 1.45404e-11 2.24222e-11 3.46899e-11 5.39473e-11 8.41733e-11 1.31274e-10 2.03642e-10 3.12561e-10 4.7212e-10 6.98181e-10 1.00588e-09 1.40537e-09 1.89626e-09 2.46193e-09 3.06643e-09 3.65624e-09 4.16821e-09 4.54209e-09 4.73384e-09 4.72518e-09 4.52637e-09 4.17168e-09 3.70945e-09 3.19069e-09 2.65988e-09 2.15055e-09 1.68534e-09 1.27826e-09 9.36696e-10 6.62444e-10 4.52151e-10 2.9827e-10 1.90683e-10 1.18584e-10 7.20567e-11 4.29771e-11 2.52668e-11 1.46976e-11 8.48879e-12 4.88973e-12 2.82933e-12 1.66574e-12 1.01318e-12 6.43954e-13 4.16486e-13 2.42622e-13 7.563e-14 7.563e-14 
1.28288e-12 3.3373e-12 5.75331e-12 9.07172e-12 1.40659e-11 2.18184e-11 3.39821e-11 5.30886e-11 8.29086e-11 1.28828e-10 1.98139e-10 3.00042e-10 4.45062e-10 6.43587e-10 9.03299e-10 1.2257e-09 1.60248e-09 2.01309e-09 2.42511e-09 2.79827e-09 3.09163e-09 3.27191e-09 3.32039e-09 3.23631e-09 3.03587e-09 2.74745e-09 2.40475e-09 2.04014e-09 1.68007e-09 1.3434e-09 1.04212e-09 7.82994e-10 5.68818e-10 3.991e-10 2.7045e-10 1.77241e-10 1.12628e-10 6.96442e-11 4.20832e-11 2.49581e-11 1.45888e-11 8.43833e-12 4.85129e-12 2.78954e-12 1.61905e-12 9.63326e-13 5.94844e-13 3.81538e-13 2.42622e-13 1.20822e-13 2.04006e-14 
1.73778e-12 3.3373e-12 5.383e-12 8.4065e-12 1.30795e-11 2.04099e-11 3.19348e-11 4.99538e-11 7.77721e-11 1.19894e-10 1.82054e-10 2.709e-10 3.93151e-10 5.54084e-10 7.55459e-10 9.93273e-10 1.25614e-09 1.52516e-09 1.77593e-09 1.98249e-09 2.12218e-09 2.1802e-09 2.15225e-09 2.04495e-09 1.87376e-09 1.65935e-09 1.42341e-09 1.18509e-09 9.589e-10 7.54235e-10 5.76219e-10 4.26893e-10 3.06159e-10 2.12308e-10 1.42344e-10 9.2381e-11 5.8179e-11 3.56749e-11 2.13852e-11 1.25851e-11 7.30195e-12 4.19547e-12 2.40139e-12 1.38019e-12 8.06925e-13 4.8748e-13 3.06168e-13 1.96998e-13 1.20822e-13 4.39666e-14 4.39666e-14 
7.31326e-13 1.73778e-12 2.89944e-12 4.56955e-12 7.13506e-12 1.11557e-11 1.74861e-11 2.74044e-11 4.27615e-11 6.6098e-11 1.00681e-10 1.5034e-10 2.19019e-10 3.09934e-10 4.24408e-10 5.60587e-10 7.12455e-10 8.69656e-10 1.01846e-09 1.14383e-09 1.23214e-09 1.27375e-09 1.26479e-09 1.2077e-09 1.11045e-09 9.84766e-10 8.43895e-10 7.00315e-10 5.64042e-10 4.41756e-10 3.36834e-10 2.50061e-10 1.80569e-10 1.26629e-10 8.61244e-11 5.678e-11 3.63103e-11 2.25667e-11 1.36702e-11 8.09941e-12 4.71238e-12 2.70443e-12 1.5392e-12 8.75708e-13 5.03821e-13 2.98219e-13 1.84094e-13 1.1789e-13 7.563e-14 4.39666e-14 1.22238e-14 
7.31326e-13 1.28288e-12 2.04181e-12 3.19625e-12 5.0014e-12 7.84689e-12 1.23158e-11 1.92612e-11 2.987e-11 4.56913e-11 6.85805e-11 1.00503e-10 1.43159e-10 1.97418e-10 2.62691e-10 3.36394e-10 4.13781e-10 4.88313e-10 5.52588e-10 5.99632e-10 6.24186e-10 6.23678e-10 5.98603e-10 5.52311e-10 4.90283e-10 4.19107e-10 3.45407e-10 2.74896e-10 2.11735e-10 1.58266e-10 1.15144e-10 8.17392e-11 5.66965e-11 3.84234e-11 2.54163e-11 1.63895e-11 1.02966e-11 6.30549e-12 3.76978e-12 2.20645e-12 1.26838e-12 7.20755e-13 4.06938e-13 2.321e-13 1.35972e-13 8.25777e-14 5.24095e-14 3.33495e-14 2.04006e-14 1.22238e-14 1.22238e-14 
