1 101 51
9.99505e-16 1.80192e-15 2.51867e-15 4.04023e-15 6.33257e-15 9.51246e-15 1.46336e-14 2.3752e-14 4.00732e-14 6.61183e-14 1.09935e-13 1.81537e-13 2.97196e-13 4.76757e-13 7.5364e-13 1.169e-12 1.77569e-12 2.64366e-12 3.85169e-12 5.48621e-12 7.6269e-12 1.0323e-11 1.35672e-11 1.72684e-11 2.12375e-11 2.51863e-11 2.87628e-11 3.16007e-11 3.33835e-11 3.3903e-11 3.31024e-11 3.10865e-11 2.80972e-11 2.44643e-11 2.05448e-11 1.66683e-11 1.30885e-11 9.97065e-12 7.38673e-12 5.33834e-12 3.77411e-12 2.62033e-12 1.79249e-12 1.21272e-12 8.14001e-13 5.43297e-13 3.61588e-13 2.39886e-13 1.57225e-13 9.76403e-14 4.69973e-14 
2.74602e-15 5.12514e-15 8.90699e-15 1.32448e-14 1.99142e-14 3.16883e-14 5.10219e-14 8.40483e-14 1.39247e-13 2.30994e-13 3.81615e-13 6.25886e-13 1.01021e-12 1.60141e-12 2.48815e-12 3.77708e-12 5.59027e-12 8.05839e-12 1.13049e-11 1.54301e-11 2.04846e-11 2.64384e-11 3.31422e-11 4.03052e-11 4.74815e-11 5.40985e-11 5.95288e-11 6.31853e-11 6.46347e-11 6.36833e-11 6.04246e-11 5.52195e-11 4.86303e-11 4.13111e-11 3.38956e-11 2.69087e-11 2.07129e-11 1.54968e-11 1.1302e-11 8.05802e-12 5.63661e-12 3.88096e-12 2.63943e-12 1.77917e-12 1.19149e-12 7.95073e-13 5.29148e-13 3.48678e-13 2.22405e-13 1.21968e-13 1.21968e-13 
1.80192e-15 7.83044e-15 1.40104e-14 2.20018e-14 3.36105e-14 5.17735e-14 8.23311e-14 1.33535e-13 2.18703e-13 3.60931e-13 5.94739e-13 9.73475e-13 1.57462e-12 2.50853e-12 3.92177e-12 5.9925e-12 8.92605e-12 1.29266e-11 1.81757e-11 2.47922e-11 3.27963e-11 4.20822e-11 5.23869e-11 6.32738e-11 7.41292e-11 8.41867e-11 9.25907e-11 9.8506e-11 1.01258e-10 1.00469e-10 9.61509e-11 8.87218e-11 7.8942e-11 6.77674e-11 5.61867e-11 4.50626e-11 3.50304e-11 2.64575e-11 1.94684e-11 1.39999e-11 9.86944e-12 6.84404e-12 4.68516e-12 3.17571e-12 2.13855e-12 1.43325e-12 9.57485e-13 6.34706e-13 4.12452e-13 2.46064e-13 9.76403e-14 
5.12514e-15 1.65623e-14 2.74338e-14 4.21375e-14 6.4412e-14 1.0015e-13 1.60006e-13 2.59929e-13 4.26626e-13 6.99462e-13 1.14431e-12 1.85561e-12 2.97389e-12 4.68977e-12 7.24519e-12 1.09275e-11 1.60393e-11 2.28555e-11 3.1568e-11 4.22263e-11 5.46949e-11 6.86222e-11 8.34335e-11 9.83493e-11 1.12412e-10 1.24546e-10 1.33664e-10 1.3881e-10 1.39334e-10 1.35039e-10 1.2627e-10 1.13875e-10 9.90671e-11 8.32047e-11 6.75571e-11 5.31292e-11 4.0566e-11 3.01545e-11 2.18892e-11 1.55674e-11 1.08826e-11 7.50439e-12 5.12118e-12 3.46931e-12 2.33805e-12 1.5705e-12 1.04899e-12 6.90779e-13 4.33291e-13 2.22405e-13 2.22405e-13 
2.51867e-15 1.40104e-14 2.97453e-14 4.67882e-14 7.05436e-14 1.08283e-13 1.69763e-13 2.72163e-13 4.4174e-13 7.20552e-13 1.17569e-12 1.90814e-12 3.07068e-12 4.87922e-12 7.62094e-12 1.16526e-11 1.73744e-11 2.51808e-11 3.53868e-11 4.81435e-11 6.33667e-11 8.0681e-11 9.94215e-11 1.18654e-10 1.37231e-10 1.53857e-10 1.67186e-10 1.75956e-10 1.7917e-10 1.763e-10 1.67452e-10 1.5341e-10 1.35539e-10 1.15537e-10 9.51316e-11 7.57992e-11 5.85806e-11 4.40364e-11 3.22985e-11 2.31898e-11 1.63539e-11 1.13675e-11 7.81483e-12 5.32898e-12 3.61495e-12 2.44182e-12 1.64303e-12 1.09557e-12 7.08503e-13 4.12452e-13 1.57225e-13 
8.90699e-15 2.74338e-14 4.80478e-14 7.3409e-14 1.10027e-13 1.70182e-13 2.68432e-13 4.30122e-13 6.95849e-13 1.12831e-12 1.82722e-12 2.94451e-12 4.7021e-12 7.40943e-12 1.14716e-11 1.737e-11 2.56241e-11 3.67028e-11 5.09226e-11 6.8333e-11 8.86315e-11 1.11128e-10 1.34774e-10 1.58239e-10 1.79998e-10 1.98446e-10 2.12003e-10 2.19294e-10 2.19368e-10 2.11935e-10 1.97527e-10 1.77493e-10 1.53782e-10 1.28583e-10 1.03928e-10 8.13892e-11 6.19302e-11 4.59318e-11 3.33179e-11 2.37196e-11 1.66307e-11 1.15236e-11 7.91613e-12 5.40547e-12 3.67722e-12 2.49146e-12 1.67789e-12 1.10978e-12 6.90779e-13 3.48678e-13 3.48678e-13 
4.04023e-15 2.20018e-14 4.67882e-14 7.36069e-14 1.10817e-13 1.66925e-13 2.5867e-13 4.0764e-13 6.52526e-13 1.04867e-12 1.68846e-12 2.7136e-12 4.33725e-12 6.87037e-12 1.07375e-11 1.64788e-11 2.47192e-11 3.609e-11 5.11117e-11 7.00486e-11 9.27672e-11 1.18657e-10 1.46623e-10 1.75175e-10 2.02556e-10 2.26881e-10 2.46262e-10 2.58941e-10 2.63498e-10 2.59128e-10 2.45917e-10 2.2498e-10 1.98349e-10 1.68613e-10 1.38402e-10 1.09942e-10 8.47586e-11 6.36222e-11 4.66607e-11 3.35558e-11 2.37476e-11 1.65959e-11 1.14913e-11 7.90556e-12 5.41615e-12 3.69839e-12 2.51383e-12 1.68803e-12 1.09557e-12 6.34706e-13 2.39886e-13 
1.32448e-14 4.21375e-14 7.3409e-14 1.1057e-13 1.64595e-13 2.4904e-13 3.85318e-13 6.06202e-13 9.63885e-13 1.53756e-12 2.45474e-12 3.90932e-12 6.19472e-12 9.73074e-12 1.5081e-11 2.29428e-11 3.40921e-11 4.92641e-11 6.89888e-11 9.34039e-11 1.22095e-10 1.54034e-10 1.87639e-10 2.20926e-10 2.51715e-10 2.77789e-10 2.97023e-10 3.0754e-10 3.07955e-10 2.97743e-10 2.77541e-10 2.49223e-10 2.15612e-10 1.79923e-10 1.45122e-10 1.1346e-10 8.62694e-11 6.40223e-11 4.65447e-11 3.32718e-11 2.34687e-11 1.63908e-11 1.13677e-11 7.84756e-12 5.40012e-12 3.70254e-12 2.51927e-12 1.67789e-12 1.04899e-12 5.29148e-13 5.29148e-13 
6.33257e-15 3.36105e-14 7.05436e-14 1.10817e-13 1.63758e-13 2.41928e-13 3.66743e-13 5.67115e-13 8.88455e-13 1.40005e-12 2.21242e-12 3.49581e-12 5.51297e-12 8.65545e-12 1.34758e-11 2.07039e-11 3.1213e-11 4.59332e-11 6.56788e-11 9.09281e-11 1.2159e-10 1.56853e-10 1.95159e-10 2.34362e-10 2.71969e-10 3.05405e-10 3.32175e-10 3.49973e-10 3.56856e-10 3.51588e-10 3.34102e-10 3.05807e-10 2.69504e-10 2.28859e-10 1.87618e-10 1.48898e-10 1.14783e-10 8.62683e-11 6.34541e-11 4.58512e-11 3.26674e-11 2.30287e-11 1.61116e-11 1.12156e-11 7.78184e-12 5.3831e-12 3.70351e-12 2.51383e-12 1.64303e-12 9.57485e-13 3.61588e-13 
1.99142e-14 6.4412e-14 1.10027e-13 1.64595e-13 2.3973e-13 3.55216e-13 5.37326e-13 8.28357e-13 1.28775e-12 2.00952e-12 3.14002e-12 4.90482e-12 7.6521e-12 1.18929e-11 1.83411e-11 2.79157e-11 4.16831e-11 6.07191e-11 8.58699e-11 1.17472e-10 1.55086e-10 1.97362e-10 2.42114e-10 2.86586e-10 3.27802e-10 3.62856e-10 3.89037e-10 4.03904e-10 4.05521e-10 3.92956e-10 3.66841e-10 3.29602e-10 2.85099e-10 2.37784e-10 1.9174e-10 1.49991e-10 1.14262e-10 8.51025e-11 6.22117e-11 4.48065e-11 3.19059e-11 2.25357e-11 1.58305e-11 1.10806e-11 7.73326e-12 5.37608e-12 3.70254e-12 2.49146e-12 1.5705e-12 7.95073e-13 7.95073e-13 
9.51246e-15 5.17735e-14 1.08283e-13 1.66925e-13 2.41928e-13 3.50942e-13 5.19398e-13 7.85616e-13 1.20281e-12 1.85225e-12 2.85665e-12 4.40795e-12 6.8015e-12 1.04873e-11 1.61219e-11 2.46046e-11 3.70686e-11 5.47804e-11 7.89316e-11 1.1033e-10 1.49051e-10 1.94162e-10 2.43647e-10 2.94609e-10 3.43689e-10 3.875e-10 4.22891e-10 4.46987e-10 4.57247e-10 4.51846e-10 4.3039e-10 3.9452e-10 3.47908e-10 2.95494e-10 2.42326e-10 1.92533e-10 1.48791e-10 1.12305e-10 8.31233e-11 6.05677e-11 4.36039e-11 3.1117e-11 2.20741e-11 1.55968e-11 1.09885e-11 7.71571e-12 5.3831e-12 3.69839e-12 2.44182e-12 1.43325e-12 5.43297e-13 
3.16883e-14 1.0015e-13 1.70182e-13 2.4904e-13 3.55216e-13 5.13673e-13 7.60284e-13 1.1443e-12 1.73754e-12 2.64631e-12 4.03041e-12 6.13598e-12 9.34311e-12 1.42236e-11 2.1603e-11 3.25942e-11 4.85589e-11 7.0951e-11 1.01031e-10 1.39466e-10 1.8593e-10 2.38841e-10 2.95403e-10 3.51981e-10 4.04674e-10 4.49796e-10 4.84033e-10 5.0436e-10 5.08175e-10 4.9395e-10 4.62173e-10 4.1584e-10 3.60001e-10 3.00526e-10 2.4273e-10 1.90453e-10 1.45792e-10 1.09343e-10 8.06695e-11 5.87626e-11 4.2405e-11 3.04024e-11 2.17026e-11 1.54441e-11 1.0957e-11 7.73326e-12 5.40012e-12 3.67722e-12 2.33805e-12 1.19149e-12 1.19149e-12 
1.46336e-14 8.23311e-14 1.69763e-13 2.5867e-13 3.66743e-13 5.19398e-13 7.51969e-13 1.11049e-12 1.66165e-12 2.49849e-12 3.75858e-12 5.64746e-12 8.47956e-12 1.27315e-11 1.91179e-11 2.86569e-11 4.26921e-11 6.28165e-11 9.06449e-11 1.27429e-10 1.73568e-10 2.28176e-10 2.88877e-10 3.52019e-10 4.13258e-10 4.68276e-10 5.13212e-10 5.4462e-10 5.59306e-10 5.54698e-10 5.29903e-10 4.86744e-10 4.29855e-10 3.65605e-10 3.00447e-10 2.3954e-10 1.86115e-10 1.41546e-10 1.05815e-10 7.80526e-11 5.70049e-11 4.13416e-11 2.98385e-11 2.14636e-11 1.53919e-11 1.09885e-11 7.78184e-12 5.41615e-12 3.61495e-12 2.13855e-12 8.14001e-13 
5.10219e-14 1.60006e-13 2.68432e-13 3.85318e-13 5.37326e-13 7.60284e-13 1.0999e-12 1.61835e-12 2.40252e-12 3.57388e-12 5.30811e-12 7.8668e-12 1.16429e-11 1.72284e-11 2.54966e-11 3.76736e-11 5.53411e-11 8.03129e-11 1.14311e-10 1.58478e-10 2.12803e-10 2.75673e-10 3.43801e-10 4.12651e-10 4.77276e-10 5.33104e-10 5.7618e-10 6.02879e-10 6.09828e-10 5.9475e-10 5.57905e-10 5.02916e-10 4.36151e-10 3.64973e-10 2.95907e-10 2.33525e-10 1.80225e-10 1.36616e-10 1.02123e-10 7.55444e-11 5.54648e-11 4.05118e-11 2.94793e-11 2.1382e-11 1.54441e-11 1.10806e-11 7.84756e-12 5.40547e-12 3.46931e-12 1.77917e-12 1.77917e-12 
2.3752e-14 1.33535e-13 2.72163e-13 4.0764e-13 5.67115e-13 7.85616e-13 1.11049e-12 1.60475e-12 2.34896e-12 3.45639e-12 5.08217e-12 7.4524e-12 1.08939e-11 1.58932e-11 2.31686e-11 3.37646e-11 4.91199e-11 7.10504e-11 1.01556e-10 1.42395e-10 1.94485e-10 2.5724e-10 3.28174e-10 4.02993e-10 4.76331e-10 5.42805e-10 5.97737e-10 6.37071e-10 6.56907e-10 6.53817e-10 6.26332e-10 5.76514e-10 5.10102e-10 4.34958e-10 3.58867e-10 2.8786e-10 2.25585e-10 1.73507e-10 1.31527e-10 9.86201e-11 7.33652e-11 5.42738e-11 3.99868e-11 2.93564e-11 2.14636e-11 1.55968e-11 1.12156e-11 7.90556e-12 5.32898e-12 3.17571e-12 1.21272e-12 
8.40483e-14 2.59929e-13 4.30122e-13 6.06202e-13 8.28357e-13 1.1443e-12 1.61835e-12 2.3319e-12 3.39149e-12 4.9404e-12 7.18123e-12 1.03982e-11 1.49981e-11 2.15703e-11 3.09712e-11 4.44176e-11 6.35549e-11 9.04068e-11 1.2711e-10 1.75373e-10 2.35745e-10 3.0691e-10 3.85356e-10 4.6576e-10 5.42048e-10 6.08604e-10 6.60725e-10 6.94137e-10 7.04632e-10 6.89121e-10 6.4773e-10 5.8491e-10 5.08459e-10 4.27139e-10 3.48444e-10 2.7743e-10 2.16639e-10 1.66638e-10 1.26736e-10 9.55987e-11 7.16882e-11 5.35219e-11 3.98066e-11 2.94793e-11 2.17026e-11 1.58305e-11 1.13677e-11 7.91613e-12 5.12118e-12 2.63943e-12 2.63943e-12 
4.00732e-14 2.18703e-13 4.4174e-13 6.52526e-13 8.88455e-13 1.20281e-12 1.66165e-12 2.34896e-12 3.37012e-12 4.86276e-12 7.01308e-12 1.00779e-11 1.44132e-11 2.05196e-11 2.91003e-11 4.11514e-11 5.80537e-11 8.16363e-11 1.14091e-10 1.57622e-10 2.13779e-10 2.82591e-10 3.61833e-10 4.46863e-10 5.31364e-10 6.08753e-10 6.73378e-10 7.20488e-10 7.45415e-10 7.43812e-10 7.13747e-10 6.57817e-10 5.83098e-10 4.98906e-10 4.14055e-10 3.35085e-10 2.65777e-10 2.07553e-10 1.60208e-10 1.22622e-10 9.32812e-11 7.06334e-11 5.32662e-11 3.99868e-11 2.98385e-11 2.20741e-11 1.61116e-11 1.14913e-11 7.81483e-12 4.68516e-12 1.79249e-12 
1.39247e-13 4.26626e-13 6.95849e-13 9.63885e-13 1.28775e-12 1.73754e-12 2.40252e-12 3.39149e-12 4.83868e-12 6.92156e-12 9.87853e-12 1.40343e-11 1.98339e-11 2.7882e-11 3.90034e-11 5.43267e-11 7.53795e-11 1.04138e-10 1.42902e-10 1.93851e-10 2.5824e-10 3.354e-10 4.22025e-10 5.12265e-10 5.98939e-10 6.75256e-10 7.35687e-10 7.75215e-10 7.88653e-10 7.72189e-10 7.26183e-10 6.56333e-10 5.71974e-10 4.8299e-10 3.97369e-10 3.20229e-10 2.53991e-10 1.9908e-10 1.54706e-10 1.19476e-10 9.18284e-11 7.02749e-11 5.35219e-11 4.05118e-11 3.04024e-11 2.25357e-11 1.63908e-11 1.15236e-11 7.50439e-12 3.88096e-12 3.88096e-12 
6.61183e-14 3.60931e-13 7.20552e-13 1.04867e-12 1.40005e-12 1.85225e-12 2.49849e-12 3.45639e-12 4.86276e-12 6.89165e-12 9.76876e-12 1.37959e-11 1.93835e-11 2.70769e-11 3.75983e-11 5.18948e-11 7.12197e-11 9.7218e-11 1.3196e-10 1.7777e-10 2.36683e-10 3.09478e-10 3.94577e-10 4.87398e-10 5.80892e-10 6.67359e-10 7.40193e-10 7.93878e-10 8.22721e-10 8.21367e-10 7.87798e-10 7.25761e-10 6.44028e-10 5.53213e-10 4.62654e-10 3.78827e-10 3.05232e-10 2.43026e-10 1.91846e-10 1.50508e-10 1.17508e-10 9.13342e-11 7.06334e-11 5.42738e-11 4.13416e-11 3.1117e-11 2.30287e-11 1.65959e-11 1.13675e-11 6.84404e-12 2.62033e-12 
2.30994e-13 6.99462e-13 1.12831e-12 1.53756e-12 2.00952e-12 2.64631e-12 3.57388e-12 4.9404e-12 6.92156e-12 9.73357e-12 1.3663e-11 1.90925e-11 2.65306e-11 3.66411e-11 5.02718e-11 6.84944e-11 9.26707e-11 1.24524e-10 1.66148e-10 2.19777e-10 2.87127e-10 3.68262e-10 4.60394e-10 5.57513e-10 6.5168e-10 7.35276e-10 8.02037e-10 8.4589e-10 8.60367e-10 8.4109e-10 7.89397e-10 7.12911e-10 6.22603e-10 5.29023e-10 4.39989e-10 3.60101e-10 2.9129e-10 2.33675e-10 1.86335e-10 1.47883e-10 1.16838e-10 9.18284e-11 7.16882e-11 5.54648e-11 4.2405e-11 3.19059e-11 2.34687e-11 1.66307e-11 1.08826e-11 5.63661e-12 5.63661e-12 
1.09935e-13 5.94739e-13 1.17569e-12 1.68846e-12 2.21242e-12 2.85665e-12 3.75858e-12 5.08217e-12 7.01308e-12 9.76876e-12 1.36199e-11 1.89255e-11 2.61632e-11 3.59605e-11 4.91127e-11 6.66054e-11 8.96347e-11 1.1965e-10 1.584e-10 2.07904e-10 2.70151e-10 3.46279e-10 4.35246e-10 5.32724e-10 6.31448e-10 7.23288e-10 8.01233e-10 8.58862e-10 8.89012e-10 8.85178e-10 8.45851e-10 7.76891e-10 6.89227e-10 5.94495e-10 5.01864e-10 4.1703e-10 3.42676e-10 2.794e-10 2.26553e-10 1.8289e-10 1.4699e-10 1.17508e-10 9.32812e-11 7.33652e-11 5.70049e-11 4.36039e-11 3.26674e-11 2.37476e-11 1.63539e-11 9.86944e-12 3.77411e-12 
3.81615e-13 1.14431e-12 1.82722e-12 2.45474e-12 3.14002e-12 4.03041e-12 5.30811e-12 7.18123e-12 9.87853e-12 1.3663e-11 1.88708e-11 2.59466e-11 3.54826e-11 4.82413e-11 6.51735e-11 8.74143e-11 1.16283e-10 1.53283e-10 2.00118e-10 2.58608e-10 3.30255e-10 4.1517e-10 5.10704e-10 6.10929e-10 7.0794e-10 7.94265e-10 8.63362e-10 9.07931e-10 9.1979e-10 8.94329e-10 8.3481e-10 7.51593e-10 6.57307e-10 5.62558e-10 4.74194e-10 3.95609e-10 3.27801e-10 2.70342e-10 2.22102e-10 1.81718e-10 1.47883e-10 1.19476e-10 9.55987e-11 7.55444e-11 5.87626e-11 4.48065e-11 3.32718e-11 2.37196e-11 1.55674e-11 8.05802e-12 8.05802e-12 
1.81537e-13 9.73475e-13 1.90814e-12 2.7136e-12 3.49581e-12 4.40795e-12 5.64746e-12 7.4524e-12 1.00779e-11 1.37959e-11 1.89255e-11 2.58751e-11 3.51924e-11 4.76029e-11 6.40342e-11 8.56145e-11 1.13647e-10 1.49562e-10 1.94876e-10 2.51162e-10 3.19846e-10 4.01487e-10 4.9456e-10 5.94457e-10 6.93948e-10 7.85458e-10 8.62594e-10 9.18845e-10 9.45378e-10 9.34506e-10 8.86039e-10 8.08794e-10 7.16172e-10 6.20418e-10 5.29742e-10 4.48271e-10 3.77286e-10 3.16459e-10 2.6468e-10 2.20589e-10 1.8289e-10 1.50508e-10 1.22622e-10 9.86201e-11 7.80526e-11 6.05677e-11 4.58512e-11 3.35558e-11 2.31898e-11 1.39999e-11 5.33834e-12 
6.25886e-13 1.85561e-12 2.94451e-12 3.90932e-12 4.90482e-12 6.13598e-12 7.8668e-12 1.03982e-11 1.40343e-11 1.90925e-11 2.59466e-11 3.50941e-11 4.72042e-11 6.31659e-11 8.41045e-11 1.11358e-10 1.46408e-10 1.90784e-10 2.45977e-10 3.13294e-10 3.93358e-10 4.85146e-10 5.84878e-10 6.85783e-10 7.80067e-10 8.61474e-10 9.25141e-10 9.63462e-10 9.66669e-10 9.30326e-10 8.60457e-10 7.70432e-10 6.74313e-10 5.82088e-10 4.98824e-10 4.26033e-10 3.63299e-10 3.09365e-10 2.62755e-10 2.22102e-10 1.86335e-10 1.54706e-10 1.26736e-10 1.02123e-10 8.06695e-11 6.22117e-11 4.65447e-11 3.33179e-11 2.18892e-11 1.1302e-11 1.1302e-11 
2.97196e-13 1.57462e-12 3.07068e-12 4.33725e-12 5.51297e-12 6.8015e-12 8.47956e-12 1.08939e-11 1.44132e-11 1.93835e-11 2.61632e-11 3.51924e-11 4.70679e-11 6.26113e-11 8.29141e-11 1.09339e-10 1.43468e-10 1.86979e-10 2.41512e-10 3.08467e-10 3.88554e-10 4.80998e-10 5.82385e-10 6.85882e-10 7.827e-10 8.65778e-10 9.32042e-10 9.77264e-10 9.92053e-10 9.67944e-10 9.06564e-10 8.2003e-10 7.2381e-10 6.30202e-10 5.45717e-10 4.72214e-10 4.09032e-10 3.54544e-10 3.06953e-10 2.6468e-10 2.26553e-10 1.91846e-10 1.60208e-10 1.31527e-10 1.05815e-10 8.31233e-11 6.34541e-11 4.66607e-11 3.22985e-11 1.94684e-11 7.38673e-12 
1.01021e-12 2.97389e-12 4.7021e-12 6.19472e-12 7.6521e-12 9.34311e-12 1.16429e-11 1.49981e-11 1.98339e-11 2.65306e-11 3.54826e-11 4.72042e-11 6.24193e-11 8.21407e-11 1.07704e-10 1.40758e-10 1.83171e-10 2.36886e-10 3.03666e-10 3.84593e-10 4.79307e-10 5.84726e-10 6.93633e-10 7.95386e-10 8.80331e-10 9.45608e-10 9.91803e-10 1.01345e-09 9.99953e-10 9.47609e-10 8.65341e-10 7.69197e-10 6.73834e-10 5.8798e-10 5.14288e-10 4.51835e-10 3.98384e-10 3.51564e-10 3.09365e-10 2.70342e-10 2.33675e-10 1.9908e-10 1.66638e-10 1.36616e-10 1.09343e-10 8.51025e-11 6.40223e-11 4.59318e-11 3.01545e-11 1.54968e-11 1.54968e-11 
4.76757e-13 2.50853e-12 4.87922e-12 6.87037e-12 8.65545e-12 1.04873e-11 1.27315e-11 1.58932e-11 2.05196e-11 2.70769e-11 3.59605e-11 4.76029e-11 6.26113e-11 8.18708e-11 1.06624e-10 1.38504e-10 1.79509e-10 2.3191e-10 2.98001e-10 3.79575e-10 4.77124e-10 5.88351e-10 7.05917e-10 8.1688e-10 9.07166e-10 9.71059e-10 1.01299e-09 1.03519e-09 1.02869e-09 9.84712e-10 9.07302e-10 8.11341e-10 7.13588e-10 6.25476e-10 5.51317e-10 4.90185e-10 4.3907e-10 3.9476e-10 3.54544e-10 3.16459e-10 2.794e-10 2.43026e-10 2.07553e-10 1.73507e-10 1.41546e-10 1.12305e-10 8.62683e-11 6.36222e-11 4.40364e-11 2.64575e-11 9.97065e-12 
1.60141e-12 4.68977e-12 7.40943e-12 9.73074e-12 1.18929e-11 1.42236e-11 1.72284e-11 2.15703e-11 2.7882e-11 3.66411e-11 4.82413e-11 6.31659e-11 8.21407e-11 1.06245e-10 1.36993e-10 1.76387e-10 2.26925e-10 2.91441e-10 3.72618e-10 4.72262e-10 5.89636e-10 7.18251e-10 8.4339e-10 9.45275e-10 1.0115e-09 1.0468e-09 1.06266e-09 1.05764e-09 1.01999e-09 9.47369e-10 8.51767e-10 7.50831e-10 6.59041e-10 5.83208e-10 5.2315e-10 4.75089e-10 4.34727e-10 3.98384e-10 3.63299e-10 3.27801e-10 2.9129e-10 2.53991e-10 2.16639e-10 1.80225e-10 1.45792e-10 1.14262e-10 8.62694e-11 6.19302e-11 4.0566e-11 2.07129e-11 2.07129e-11 
7.5364e-13 3.92177e-12 7.62094e-12 1.07375e-11 1.34758e-11 1.61219e-11 1.91179e-11 2.31686e-11 2.91003e-11 3.75983e-11 4.91127e-11 6.40342e-11 8.29141e-11 1.06624e-10 1.3646e-10 1.74269e-10 2.22584e-10 2.84632e-10 3.6397e-10 4.63926e-10 5.86026e-10 7.26042e-10 8.69339e-10 9.90871e-10 1.06794e-09 1.09908e-09 1.10301e-09 1.09163e-09 1.05645e-09 9.87842e-10 8.92483e-10 7.87703e-10 6.9042e-10 6.10884e-10 5.50634e-10 5.0552e-10 4.69957e-10 4.3907e-10 4.09032e-10 3.77286e-10 3.42676e-10 3.05232e-10 2.65777e-10 2.25585e-10 1.86115e-10 1.48791e-10 1.14783e-10 8.47586e-11 5.85806e-11 3.50304e-11 1.30885e-11 
2.48815e-12 7.24519e-12 1.14716e-11 1.5081e-11 1.83411e-11 2.1603e-11 2.54966e-11 3.09712e-11 3.90034e-11 5.02718e-11 6.51735e-11 8.41045e-11 1.07704e-10 1.36993e-10 1.73518e-10 2.19609e-10 2.78613e-10 3.54756e-10 4.52837e-10 5.7692e-10 7.26216e-10 8.88758e-10 1.03713e-09 1.13765e-09 1.17498e-09 1.16598e-09 1.13915e-09 1.09898e-09 1.03203e-09 9.36312e-10 8.26846e-10 7.22252e-10 6.36245e-10 5.73525e-10 5.3025e-10 4.99534e-10 4.75089e-10 4.51835e-10 4.26033e-10 3.95609e-10 3.60101e-10 3.20229e-10 2.7743e-10 2.33525e-10 1.90453e-10 1.49991e-10 1.1346e-10 8.13892e-11 5.31292e-11 2.69087e-11 2.69087e-11 
1.169e-12 5.9925e-12 1.16526e-11 1.64788e-11 2.07039e-11 2.46046e-11 2.86569e-11 3.37646e-11 4.11514e-11 5.18948e-11 6.66054e-11 8.56145e-11 1.09339e-10 1.38504e-10 1.74269e-10 2.1855e-10 2.7447e-10 3.4657e-10 4.40834e-10 5.63729e-10 7.18364e-10 8.97761e-10 1.07624e-09 1.21242e-09 1.27379e-09 1.26191e-09 1.21332e-09 1.15698e-09 1.08565e-09 9.87475e-10 8.71712e-10 7.57758e-10 6.62136e-10 5.93624e-10 5.50081e-10 5.23338e-10 5.0552e-10 4.90185e-10 4.72214e-10 4.48271e-10 4.1703e-10 3.78827e-10 3.35085e-10 2.8786e-10 2.3954e-10 1.92533e-10 1.48898e-10 1.09942e-10 7.57992e-11 4.50626e-11 1.66683e-11 
3.77708e-12 1.09275e-11 1.737e-11 2.29428e-11 2.79157e-11 3.25942e-11 3.76736e-11 4.44176e-11 5.43267e-11 6.84944e-11 8.74143e-11 1.11358e-10 1.40758e-10 1.76387e-10 2.19609e-10 2.72995e-10 3.40963e-10 4.30246e-10 5.49229e-10 7.04644e-10 8.95664e-10 1.10284e-09 1.2825e-09 1.38601e-09 1.39281e-09 1.3291e-09 1.2447e-09 1.15828e-09 1.0531e-09 9.27523e-10 8.01039e-10 6.92162e-10 6.136e-10 5.66596e-10 5.42126e-10 5.3025e-10 5.2315e-10 5.14288e-10 4.98824e-10 4.74194e-10 4.39989e-10 3.97369e-10 3.48444e-10 2.95907e-10 2.4273e-10 1.9174e-10 1.45122e-10 1.03928e-10 6.75571e-11 3.38956e-11 3.38956e-11 
1.77569e-12 8.92605e-12 1.73744e-11 2.47192e-11 3.1213e-11 3.70686e-11 4.26921e-11 4.91199e-11 5.80537e-11 7.12197e-11 8.96347e-11 1.13647e-10 1.43468e-10 1.79509e-10 2.22584e-10 2.7447e-10 3.38977e-10 4.2309e-10 5.36578e-10 6.88853e-10 8.85041e-10 1.11486e-09 1.34009e-09 1.50056e-09 1.54882e-09 1.4921e-09 1.3794e-09 1.26224e-09 1.14253e-09 1.00274e-09 8.58129e-10 7.31124e-10 6.37053e-10 5.82063e-10 5.57372e-10 5.50081e-10 5.50634e-10 5.51317e-10 5.45717e-10 5.29742e-10 5.01864e-10 4.62654e-10 4.14055e-10 3.58867e-10 3.00447e-10 2.42326e-10 1.87618e-10 1.38402e-10 9.51316e-11 5.61867e-11 2.05448e-11 
5.59027e-12 1.60393e-11 2.56241e-11 3.40921e-11 4.16831e-11 4.85589e-11 5.53411e-11 6.35549e-11 7.53795e-11 9.26707e-11 1.16283e-10 1.46408e-10 1.83171e-10 2.26925e-10 2.78613e-10 3.40963e-10 4.20578e-10 5.28156e-10 6.75015e-10 8.70554e-10 1.1148e-09 1.38091e-09 1.60689e-09 1.72064e-09 1.69372e-09 1.56926e-09 1.41408e-09 1.26466e-09 1.10625e-09 9.38227e-10 7.8602e-10 6.69454e-10 5.99736e-10 5.7112e-10 5.66596e-10 5.73525e-10 5.83208e-10 5.8798e-10 5.82088e-10 5.62558e-10 5.29023e-10 4.8299e-10 4.27139e-10 3.64973e-10 3.00526e-10 2.37784e-10 1.79923e-10 1.28583e-10 8.32047e-11 4.13111e-11 4.13111e-11 
2.64366e-12 1.29266e-11 2.51808e-11 3.609e-11 4.59332e-11 5.47804e-11 6.28165e-11 7.10504e-11 8.16363e-11 9.7218e-11 1.1965e-10 1.49562e-10 1.86979e-10 2.3191e-10 2.84632e-10 3.4657e-10 4.2309e-10 5.25213e-10 6.65773e-10 8.57074e-10 1.10763e-09 1.40716e-09 1.69925e-09 1.89552e-09 1.93086e-09 1.81017e-09 1.62188e-09 1.43242e-09 1.24377e-09 1.04956e-09 8.66542e-10 7.19323e-10 6.2548e-10 5.86399e-10 5.82063e-10 5.93624e-10 6.10884e-10 6.25476e-10 6.30202e-10 6.20418e-10 5.94495e-10 5.53213e-10 4.98906e-10 4.34958e-10 3.65605e-10 2.95494e-10 2.28859e-10 1.68613e-10 1.15537e-10 6.77674e-11 2.44643e-11 
8.05839e-12 2.28555e-11 3.67028e-11 4.92641e-11 6.07191e-11 7.0951e-11 8.03129e-11 9.04068e-11 1.04138e-10 1.24524e-10 1.53283e-10 1.90784e-10 2.36886e-10 2.91441e-10 3.54756e-10 4.30246e-10 5.28156e-10 6.62471e-10 8.47541e-10 1.0987e-09 1.42257e-09 1.77717e-09 2.06675e-09 2.19003e-09 2.11277e-09 1.89324e-09 1.65266e-09 1.42337e-09 1.19673e-09 9.80478e-10 7.97534e-10 6.69611e-10 6.0917e-10 5.99736e-10 6.136e-10 6.36245e-10 6.59041e-10 6.73834e-10 6.74313e-10 6.57307e-10 6.22603e-10 5.71974e-10 5.08459e-10 4.36151e-10 3.60001e-10 2.85099e-10 2.15612e-10 1.53782e-10 9.90671e-11 4.86303e-11 4.86303e-11 
3.85169e-12 1.81757e-11 3.53868e-11 5.11117e-11 6.56788e-11 7.89316e-11 9.06449e-11 1.01556e-10 1.14091e-10 1.3196e-10 1.584e-10 1.94876e-10 2.41512e-10 2.98001e-10 3.6397e-10 4.40834e-10 5.36578e-10 6.65773e-10 8.43863e-10 1.09132e-09 1.43129e-09 1.84054e-09 2.22563e-09 2.46706e-09 2.46143e-09 2.24462e-09 1.94451e-09 1.65497e-09 1.38502e-09 1.13486e-09 9.11691e-10 7.45118e-10 6.50614e-10 6.2548e-10 6.37053e-10 6.62136e-10 6.9042e-10 7.13588e-10 7.2381e-10 7.16172e-10 6.89227e-10 6.44028e-10 5.83098e-10 5.10102e-10 4.29855e-10 3.47908e-10 2.69504e-10 1.98349e-10 1.35539e-10 7.8942e-11 2.80972e-11 
1.13049e-11 3.1568e-11 5.09226e-11 6.89888e-11 8.58699e-11 1.01031e-10 1.14311e-10 1.2711e-10 1.42902e-10 1.66148e-10 2.00118e-10 2.45977e-10 3.03666e-10 3.72618e-10 4.52837e-10 5.49229e-10 6.75015e-10 8.47541e-10 1.08804e-09 1.43573e-09 1.88954e-09 2.36736e-09 2.73774e-09 2.8563e-09 2.65492e-09 2.30919e-09 1.95856e-09 1.62955e-09 1.33491e-09 1.07368e-09 8.59589e-10 7.25025e-10 6.69611e-10 6.69454e-10 6.92162e-10 7.22252e-10 7.50831e-10 7.69197e-10 7.70432e-10 7.51593e-10 7.12911e-10 6.56333e-10 5.8491e-10 5.02916e-10 4.1584e-10 3.29602e-10 2.49223e-10 1.77493e-10 1.13875e-10 5.52195e-11 5.52195e-11 
5.48621e-12 2.47922e-11 4.81435e-11 7.00486e-11 9.09281e-11 1.1033e-10 1.27429e-10 1.42395e-10 1.57622e-10 1.7777e-10 2.07904e-10 2.51162e-10 3.08467e-10 3.79575e-10 4.63926e-10 5.63729e-10 6.88853e-10 8.57074e-10 1.09132e-09 1.43671e-09 1.92169e-09 2.48427e-09 2.99505e-09 3.25285e-09 3.14195e-09 2.74242e-09 2.31917e-09 1.93665e-09 1.59286e-09 1.29014e-09 1.0276e-09 8.40388e-10 7.45118e-10 7.19323e-10 7.31124e-10 7.57758e-10 7.87703e-10 8.11341e-10 8.2003e-10 8.08794e-10 7.76891e-10 7.25761e-10 6.57817e-10 5.76514e-10 4.86744e-10 3.9452e-10 3.05807e-10 2.2498e-10 1.5341e-10 8.87218e-11 3.10865e-11 
1.54301e-11 4.22263e-11 6.8333e-11 9.34039e-11 1.17472e-10 1.39466e-10 1.58478e-10 1.75373e-10 1.93851e-10 2.19777e-10 2.58608e-10 3.13294e-10 3.84593e-10 4.72262e-10 5.7692e-10 7.04644e-10 8.70554e-10 1.0987e-09 1.43573e-09 1.93238e-09 2.56245e-09 3.21744e-09 3.64206e-09 3.66763e-09 3.29219e-09 2.77001e-09 2.29813e-09 1.8965e-09 1.55363e-09 1.25639e-09 1.01199e-09 8.59589e-10 7.97534e-10 7.8602e-10 8.01039e-10 8.26846e-10 8.51767e-10 8.65341e-10 8.60457e-10 8.3481e-10 7.89397e-10 7.26183e-10 6.4773e-10 5.57905e-10 4.62173e-10 3.66841e-10 2.77541e-10 1.97527e-10 1.2627e-10 6.04246e-11 6.04246e-11 
7.6269e-12 3.27963e-11 6.33667e-11 9.27672e-11 1.2159e-10 1.49051e-10 1.73568e-10 1.94485e-10 2.13779e-10 2.36683e-10 2.70151e-10 3.19846e-10 3.88554e-10 4.77124e-10 5.86026e-10 7.18364e-10 8.85041e-10 1.10763e-09 1.43129e-09 1.92169e-09 2.58703e-09 3.37378e-09 3.98302e-09 4.18208e-09 3.90992e-09 3.32274e-09 2.74154e-09 2.26062e-09 1.84643e-09 1.51134e-09 1.24668e-09 1.0276e-09 9.11691e-10 8.66542e-10 8.58129e-10 8.71712e-10 8.92483e-10 9.07302e-10 9.06564e-10 8.86039e-10 8.45851e-10 7.87798e-10 7.13747e-10 6.26332e-10 5.29903e-10 4.3039e-10 3.34102e-10 2.45917e-10 1.67452e-10 9.61509e-11 3.31024e-11 
2.04846e-11 5.46949e-11 8.86315e-11 1.22095e-10 1.55086e-10 1.8593e-10 2.12803e-10 2.35745e-10 2.5824e-10 2.87127e-10 3.30255e-10 3.93358e-10 4.79307e-10 5.89636e-10 7.26216e-10 8.95664e-10 1.1148e-09 1.42257e-09 1.88954e-09 2.56245e-09 3.42645e-09 4.22477e-09 4.6325e-09 4.46517e-09 3.8957e-09 3.2085e-09 2.64904e-09 2.19957e-09 1.79053e-09 1.49473e-09 1.25639e-09 1.07368e-09 9.80478e-10 9.38227e-10 9.27523e-10 9.36312e-10 9.47369e-10 9.47609e-10 9.30326e-10 8.94329e-10 8.4109e-10 7.72189e-10 6.89121e-10 5.9475e-10 4.9395e-10 3.92956e-10 2.97743e-10 2.11935e-10 1.35039e-10 6.36833e-11 6.36833e-11 
1.0323e-11 4.20822e-11 8.0681e-11 1.18657e-10 1.56853e-10 1.94162e-10 2.28176e-10 2.5724e-10 2.82591e-10 3.09478e-10 3.46279e-10 4.01487e-10 4.80998e-10 5.88351e-10 7.26042e-10 8.97761e-10 1.11486e-09 1.40716e-09 1.84054e-09 2.48427e-09 3.37378e-09 4.31625e-09 4.9538e-09 4.94439e-09 4.40336e-09 3.64901e-09 3.00516e-09 2.52149e-09 2.12708e-09 1.76452e-09 1.51134e-09 1.29014e-09 1.13486e-09 1.04956e-09 1.00274e-09 9.87475e-10 9.87842e-10 9.84712e-10 9.67944e-10 9.34506e-10 8.85178e-10 8.21367e-10 7.43812e-10 6.53817e-10 5.54698e-10 4.51846e-10 3.51588e-10 2.59128e-10 1.763e-10 1.00469e-10 3.3903e-11 
2.64384e-11 6.86222e-11 1.11128e-10 1.54034e-10 1.97362e-10 2.38841e-10 2.75673e-10 3.0691e-10 3.354e-10 3.68262e-10 4.1517e-10 4.85146e-10 5.84726e-10 7.18251e-10 8.88758e-10 1.10284e-09 1.38091e-09 1.77717e-09 2.36736e-09 3.21744e-09 4.22477e-09 5.09824e-09 5.28098e-09 4.81721e-09 4.09962e-09 3.37795e-09 2.8092e-09 2.41056e-09 2.0909e-09 1.79053e-09 1.55363e-09 1.33491e-09 1.19673e-09 1.10625e-09 1.0531e-09 1.03203e-09 1.01999e-09 9.99953e-10 9.66669e-10 9.1979e-10 8.60367e-10 7.88653e-10 7.04632e-10 6.09828e-10 5.08175e-10 4.05521e-10 3.07955e-10 2.19368e-10 1.39334e-10 6.46347e-11 6.46347e-11 
1.35672e-11 5.23869e-11 9.94215e-11 1.46623e-10 1.95159e-10 2.43647e-10 2.88877e-10 3.28174e-10 3.61833e-10 3.94577e-10 4.35246e-10 4.9456e-10 5.82385e-10 7.05917e-10 8.69339e-10 1.07624e-09 1.34009e-09 1.69925e-09 2.22563e-09 2.99505e-09 3.98302e-09 4.9538e-09 5.45057e-09 5.1156e-09 4.43675e-09 3.8049e-09 3.14503e-09 2.65693e-09 2.36303e-09 2.12708e-09 1.84643e-09 1.59286e-09 1.38502e-09 1.24377e-09 1.14253e-09 1.08565e-09 1.05645e-09 1.02869e-09 9.92053e-10 9.45378e-10 8.89012e-10 8.22721e-10 7.45415e-10 6.56907e-10 5.59306e-10 4.57247e-10 3.56856e-10 2.63498e-10 1.7917e-10 1.01258e-10 3.33835e-11 
3.31422e-11 8.34335e-11 1.34774e-10 1.87639e-10 2.42114e-10 2.95403e-10 3.43801e-10 3.85356e-10 4.22025e-10 4.60394e-10 5.10704e-10 5.84878e-10 6.93633e-10 8.4339e-10 1.03713e-09 1.2825e-09 1.60689e-09 2.06675e-09 2.73774e-09 3.64206e-09 4.6325e-09 5.28098e-09 5.26111e-09 4.69107e-09 4.06601e-09 3.44308e-09 2.94897e-09 2.59745e-09 2.41056e-09 2.19957e-09 1.8965e-09 1.62955e-09 1.42337e-09 1.26466e-09 1.15828e-09 1.09898e-09 1.05764e-09 1.01345e-09 9.63462e-10 9.07931e-10 8.4589e-10 7.75215e-10 6.94137e-10 6.02879e-10 5.0436e-10 4.03904e-10 3.0754e-10 2.19294e-10 1.3881e-10 6.31853e-11 6.31853e-11 
1.72684e-11 6.32738e-11 1.18654e-10 1.75175e-10 2.34362e-10 2.94609e-10 3.52019e-10 4.02993e-10 4.46863e-10 4.87398e-10 5.32724e-10 5.94457e-10 6.85882e-10 8.1688e-10 9.90871e-10 1.21242e-09 1.50056e-09 1.89552e-09 2.46706e-09 3.25285e-09 4.18208e-09 4.94439e-09 5.1156e-09 4.83909e-09 4.27206e-09 3.62878e-09 3.1495e-09 2.86054e-09 2.65693e-09 2.52149e-09 2.26062e-09 1.93665e-09 1.65497e-09 1.43242e-09 1.26224e-09 1.15698e-09 1.09163e-09 1.03519e-09 9.77264e-10 9.18845e-10 8.58862e-10 7.93878e-10 7.20488e-10 6.37071e-10 5.4462e-10 4.46987e-10 3.49973e-10 2.58941e-10 1.75956e-10 9.8506e-11 3.16007e-11 
4.03052e-11 9.83493e-11 1.58239e-10 2.20926e-10 2.86586e-10 3.51981e-10 4.12651e-10 4.6576e-10 5.12265e-10 5.57513e-10 6.10929e-10 6.85783e-10 7.95386e-10 9.45275e-10 1.13765e-09 1.38601e-09 1.72064e-09 2.19003e-09 2.8563e-09 3.66763e-09 4.46517e-09 4.81721e-09 4.69107e-09 4.42164e-09 3.8898e-09 3.2775e-09 3.03809e-09 2.94897e-09 2.8092e-09 2.64904e-09 2.29813e-09 1.95856e-09 1.65266e-09 1.41408e-09 1.2447e-09 1.13915e-09 1.06266e-09 9.91803e-10 9.25141e-10 8.63362e-10 8.02037e-10 7.35687e-10 6.60725e-10 5.7618e-10 4.84033e-10 3.89037e-10 2.97023e-10 2.12003e-10 1.33664e-10 5.95288e-11 5.95288e-11 
2.12375e-11 7.41292e-11 1.37231e-10 2.02556e-10 2.71969e-10 3.43689e-10 4.13258e-10 4.76331e-10 5.31364e-10 5.80892e-10 6.31448e-10 6.93948e-10 7.827e-10 9.07166e-10 1.06794e-09 1.27379e-09 1.54882e-09 1.93086e-09 2.46143e-09 3.14195e-09 3.90992e-09 4.40336e-09 4.43675e-09 4.27206e-09 3.99734e-09 3.54098e-09 3.14936e-09 3.1495e-09 3.14503e-09 3.00516e-09 2.74154e-09 2.31917e-09 1.94451e-09 1.62188e-09 1.3794e-09 1.21332e-09 1.10301e-09 1.01299e-09 9.32042e-10 8.62594e-10 8.01233e-10 7.40193e-10 6.73378e-10 5.97737e-10 5.13212e-10 4.22891e-10 3.32175e-10 2.46262e-10 1.67186e-10 9.25907e-11 2.87628e-11 
4.74815e-11 1.12412e-10 1.79998e-10 2.51715e-10 3.27802e-10 4.04674e-10 4.77276e-10 5.42048e-10 5.98939e-10 6.5168e-10 7.0794e-10 7.80067e-10 8.80331e-10 1.0115e-09 1.17498e-09 1.39281e-09 1.69372e-09 2.11277e-09 2.65492e-09 3.29219e-09 3.8957e-09 4.09962e-09 4.06601e-09 3.8898e-09 3.58239e-09 3.40416e-09 3.2775e-09 3.44308e-09 3.37795e-09 3.2085e-09 2.77001e-09 2.30919e-09 1.89324e-09 1.56926e-09 1.3291e-09 1.16598e-09 1.0468e-09 9.45608e-10 8.61474e-10 7.94265e-10 7.35276e-10 6.75256e-10 6.08604e-10 5.33104e-10 4.49796e-10 3.62856e-10 2.77789e-10 1.98446e-10 1.24546e-10 5.40985e-11 5.40985e-11 
2.51863e-11 8.41867e-11 1.53857e-10 2.26881e-10 3.05405e-10 3.875e-10 4.68276e-10 5.42805e-10 6.08753e-10 6.67359e-10 7.23288e-10 7.85458e-10 8.65778e-10 9.71059e-10 1.09908e-09 1.26191e-09 1.4921e-09 1.81017e-09 2.24462e-09 2.74242e-09 3.32274e-09 3.64901e-09 3.8049e-09 3.62878e-09 3.54098e-09 3.43758e-09 3.54098e-09 3.62878e-09 3.8049e-09 3.64901e-09 3.32274e-09 2.74242e-09 2.24462e-09 1.81017e-09 1.4921e-09 1.26191e-09 1.09908e-09 9.71059e-10 8.65778e-10 7.85458e-10 7.23288e-10 6.67359e-10 6.08753e-10 5.42805e-10 4.68276e-10 3.875e-10 3.05405e-10 2.26881e-10 1.53857e-10 8.41867e-11 2.51863e-11 
5.40985e-11 1.24546e-10 1.98446e-10 2.77789e-10 3.62856e-10 4.49796e-10 5.33104e-10 6.08604e-10 6.75256e-10 7.35276e-10 7.94265e-10 8.61474e-10 9.45608e-10 1.0468e-09 1.16598e-09 1.3291e-09 1.56926e-09 1.89324e-09 2.30919e-09 2.77001e-09 3.2085e-09 3.37795e-09 3.44308e-09 3.2775e-09 3.40416e-09 3.58239e-09 3.8898e-09 4.06601e-09 4.09962e-09 3.8957e-09 3.29219e-09 2.65492e-09 2.11277e-09 1.69372e-09 1.39281e-09 1.17498e-09 1.0115e-09 8.80331e-10 7.80067e-10 7.0794e-10 6.5168e-10 5.98939e-10 5.42048e-10 4.77276e-10 4.04674e-10 3.27802e-10 2.51715e-10 1.79998e-10 1.12412e-10 4.74815e-11 4.74815e-11 
2.87628e-11 9.25907e-11 1.67186e-10 2.46262e-10 3.32175e-10 4.22891e-10 5.13212e-10 5.97737e-10 6.73378e-10 7.40193e-10 8.01233e-10 8.62594e-10 9.32042e-10 1.01299e-09 1.10301e-09 1.21332e-09 1.3794e-09 1.62188e-09 1.94451e-09 2.31917e-09 2.74154e-09 3.00516e-09 3.14503e-09 3.1495e-09 3.14936e-09 3.54098e-09 3.99734e-09 4.27206e-09 4.43675e-09 4.40336e-09 3.90992e-09 3.14195e-09 2.46143e-09 1.93086e-09 1.54882e-09 1.27379e-09 1.06794e-09 9.07166e-10 7.827e-10 6.93948e-10 6.31448e-10 5.80892e-10 5.31364e-10 4.76331e-10 4.13258e-10 3.43689e-10 2.71969e-10 2.02556e-10 1.37231e-10 7.41292e-11 2.12375e-11 
5.95288e-11 1.33664e-10 2.12003e-10 2.97023e-10 3.89037e-10 4.84033e-10 5.7618e-10 6.60725e-10 7.35687e-10 8.02037e-10 8.63362e-10 9.25141e-10 9.91803e-10 1.06266e-09 1.13915e-09 1.2447e-09 1.41408e-09 1.65266e-09 1.95856e-09 2.29813e-09 2.64904e-09 2.8092e-09 2.94897e-09 3.03809e-09 3.2775e-09 3.8898e-09 4.42164e-09 4.69107e-09 4.81721e-09 4.46517e-09 3.66763e-09 2.8563e-09 2.19003e-09 1.72064e-09 1.38601e-09 1.13765e-09 9.45275e-10 7.95386e-10 6.85783e-10 6.10929e-10 5.57513e-10 5.12265e-10 4.6576e-10 4.12651e-10 3.51981e-10 2.86586e-10 2.20926e-10 1.58239e-10 9.83493e-11 4.03052e-11 4.03052e-11 
3.16007e-11 9.8506e-11 1.75956e-10 2.58941e-10 3.49973e-10 4.46987e-10 5.4462e-10 6.37071e-10 7.20488e-10 7.93878e-10 8.58862e-10 9.18845e-10 9.77264e-10 1.03519e-09 1.09163e-09 1.15698e-09 1.26224e-09 1.43242e-09 1.65497e-09 1.93665e-09 2.26062e-09 2.52149e-09 2.65693e-09 2.86054e-09 3.1495e-09 3.62878e-09 4.27206e-09 4.83909e-09 5.1156e-09 4.94439e-09 4.18208e-09 3.25285e-09 2.46706e-09 1.89552e-09 1.50056e-09 1.21242e-09 9.90871e-10 8.1688e-10 6.85882e-10 5.94457e-10 5.32724e-10 4.87398e-10 4.46863e-10 4.02993e-10 3.52019e-10 2.94609e-10 2.34362e-10 1.75175e-10 1.18654e-10 6.32738e-11 1.72684e-11 
6.31853e-11 1.3881e-10 2.19294e-10 3.0754e-10 4.03904e-10 5.0436e-10 6.02879e-10 6.94137e-10 7.75215e-10 8.4589e-10 9.07931e-10 9.63462e-10 1.01345e-09 1.05764e-09 1.09898e-09 1.15828e-09 1.26466e-09 1.42337e-09 1.62955e-09 1.8965e-09 2.19957e-09 2.41056e-09 2.59745e-09 2.94897e-09 3.44308e-09 4.06601e-09 4.69107e-09 5.26111e-09 5.28098e-09 4.6325e-09 3.64206e-09 2.73774e-09 2.06675e-09 1.60689e-09 1.2825e-09 1.03713e-09 8.4339e-10 6.93633e-10 5.84878e-10 5.10704e-10 4.60394e-10 4.22025e-10 3.85356e-10 3.43801e-10 2.95403e-10 2.42114e-10 1.87639e-10 1.34774e-10 8.34335e-11 3.31422e-11 3.31422e-11 
3.33835e-11 1.01258e-10 1.7917e-10 2.63498e-10 3.56856e-10 4.57247e-10 5.59306e-10 6.56907e-10 7.45415e-10 8.22721e-10 8.89012e-10 9.45378e-10 9.92053e-10 1.02869e-09 1.05645e-09 1.08565e-09 1.14253e-09 1.24377e-09 1.38502e-09 1.59286e-09 1.84643e-09 2.12708e-09 2.36303e-09 2.65693e-09 3.14503e-09 3.8049e-09 4.43675e-09 5.1156e-09 5.45057e-09 4.9538e-09 3.98302e-09 2.99505e-09 2.22563e-09 1.69925e-09 1.34009e-09 1.07624e-09 8.69339e-10 7.05917e-10 5.82385e-10 4.9456e-10 4.35246e-10 3.94577e-10 3.61833e-10 3.28174e-10 2.88877e-10 2.43647e-10 1.95159e-10 1.46623e-10 9.94215e-11 5.23869e-11 1.35672e-11 
6.46347e-11 1.39334e-10 2.19368e-10 3.07955e-10 4.05521e-10 5.08175e-10 6.09828e-10 7.04632e-10 7.88653e-10 8.60367e-10 9.1979e-10 9.66669e-10 9.99953e-10 1.01999e-09 1.03203e-09 1.0531e-09 1.10625e-09 1.19673e-09 1.33491e-09 1.55363e-09 1.79053e-09 2.0909e-09 2.41056e-09 2.8092e-09 3.37795e-09 4.09962e-09 4.81721e-09 5.28098e-09 5.09824e-09 4.22477e-09 3.21744e-09 2.36736e-09 1.77717e-09 1.38091e-09 1.10284e-09 8.88758e-10 7.18251e-10 5.84726e-10 4.85146e-10 4.1517e-10 3.68262e-10 3.354e-10 3.0691e-10 2.75673e-10 2.38841e-10 1.97362e-10 1.54034e-10 1.11128e-10 6.86222e-11 2.64384e-11 2.64384e-11 
3.3903e-11 1.00469e-10 1.763e-10 2.59128e-10 3.51588e-10 4.51846e-10 5.54698e-10 6.53817e-10 7.43812e-10 8.21367e-10 8.85178e-10 9.34506e-10 9.67944e-10 9.84712e-10 9.87842e-10 9.87475e-10 1.00274e-09 1.04956e-09 1.13486e-09 1.29014e-09 1.51134e-09 1.76452e-09 2.12708e-09 2.52149e-09 3.00516e-09 3.64901e-09 4.40336e-09 4.94439e-09 4.9538e-09 4.31625e-09 3.37378e-09 2.48427e-09 1.84054e-09 1.40716e-09 1.11486e-09 8.97761e-10 7.26042e-10 5.88351e-10 4.80998e-10 4.01487e-10 3.46279e-10 3.09478e-10 2.82591e-10 2.5724e-10 2.28176e-10 1.94162e-10 1.56853e-10 1.18657e-10 8.0681e-11 4.20822e-11 1.0323e-11 
6.36833e-11 1.35039e-10 2.11935e-10 2.97743e-10 3.92956e-10 4.9395e-10 5.9475e-10 6.89121e-10 7.72189e-10 8.4109e-10 8.94329e-10 9.30326e-10 9.47609e-10 9.47369e-10 9.36312e-10 9.27523e-10 9.38227e-10 9.80478e-10 1.07368e-09 1.25639e-09 1.49473e-09 1.79053e-09 2.19957e-09 2.64904e-09 3.2085e-09 3.8957e-09 4.46517e-09 4.6325e-09 4.22477e-09 3.42645e-09 2.56245e-09 1.88954e-09 1.42257e-09 1.1148e-09 8.95664e-10 7.26216e-10 5.89636e-10 4.79307e-10 3.93358e-10 3.30255e-10 2.87127e-10 2.5824e-10 2.35745e-10 2.12803e-10 1.8593e-10 1.55086e-10 1.22095e-10 8.86315e-11 5.46949e-11 2.04846e-11 2.04846e-11 
3.31024e-11 9.61509e-11 1.67452e-10 2.45917e-10 3.34102e-10 4.3039e-10 5.29903e-10 6.26332e-10 7.13747e-10 7.87798e-10 8.45851e-10 8.86039e-10 9.06564e-10 9.07302e-10 8.92483e-10 8.71712e-10 8.58129e-10 8.66542e-10 9.11691e-10 1.0276e-09 1.24668e-09 1.51134e-09 1.84643e-09 2.26062e-09 2.74154e-09 3.32274e-09 3.90992e-09 4.18208e-09 3.98302e-09 3.37378e-09 2.58703e-09 1.92169e-09 1.43129e-09 1.10763e-09 8.85041e-10 7.18364e-10 5.86026e-10 4.77124e-10 3.88554e-10 3.19846e-10 2.70151e-10 2.36683e-10 2.13779e-10 1.94485e-10 1.73568e-10 1.49051e-10 1.2159e-10 9.27672e-11 6.33667e-11 3.27963e-11 7.6269e-12 
6.04246e-11 1.2627e-10 1.97527e-10 2.77541e-10 3.66841e-10 4.62173e-10 5.57905e-10 6.4773e-10 7.26183e-10 7.89397e-10 8.3481e-10 8.60457e-10 8.65341e-10 8.51767e-10 8.26846e-10 8.01039e-10 7.8602e-10 7.97534e-10 8.59589e-10 1.01199e-09 1.25639e-09 1.55363e-09 1.8965e-09 2.29813e-09 2.77001e-09 3.29219e-09 3.66763e-09 3.64206e-09 3.21744e-09 2.56245e-09 1.93238e-09 1.43573e-09 1.0987e-09 8.70554e-10 7.04644e-10 5.7692e-10 4.72262e-10 3.84593e-10 3.13294e-10 2.58608e-10 2.19777e-10 1.93851e-10 1.75373e-10 1.58478e-10 1.39466e-10 1.17472e-10 9.34039e-11 6.8333e-11 4.22263e-11 1.54301e-11 1.54301e-11 
3.10865e-11 8.87218e-11 1.5341e-10 2.2498e-10 3.05807e-10 3.9452e-10 4.86744e-10 5.76514e-10 6.57817e-10 7.25761e-10 7.76891e-10 8.08794e-10 8.2003e-10 8.11341e-10 7.87703e-10 7.57758e-10 7.31124e-10 7.19323e-10 7.45118e-10 8.40388e-10 1.0276e-09 1.29014e-09 1.59286e-09 1.93665e-09 2.31917e-09 2.74242e-09 3.14195e-09 3.25285e-09 2.99505e-09 2.48427e-09 1.92169e-09 1.43671e-09 1.09132e-09 8.57074e-10 6.88853e-10 5.63729e-10 4.63926e-10 3.79575e-10 3.08467e-10 2.51162e-10 2.07904e-10 1.7777e-10 1.57622e-10 1.42395e-10 1.27429e-10 1.1033e-10 9.09281e-11 7.00486e-11 4.81435e-11 2.47922e-11 5.48621e-12 
5.52195e-11 1.13875e-10 1.77493e-10 2.49223e-10 3.29602e-10 4.1584e-10 5.02916e-10 5.8491e-10 6.56333e-10 7.12911e-10 7.51593e-10 7.70432e-10 7.69197e-10 7.50831e-10 7.22252e-10 6.92162e-10 6.69454e-10 6.69611e-10 7.25025e-10 8.59589e-10 1.07368e-09 1.33491e-09 1.62955e-09 1.95856e-09 2.30919e-09 2.65492e-09 2.8563e-09 2.73774e-09 2.36736e-09 1.88954e-09 1.43573e-09 1.08804e-09 8.47541e-10 6.75015e-10 5.49229e-10 4.52837e-10 3.72618e-10 3.03666e-10 2.45977e-10 2.00118e-10 1.66148e-10 1.42902e-10 1.2711e-10 1.14311e-10 1.01031e-10 8.58699e-11 6.89888e-11 5.09226e-11 3.1568e-11 1.13049e-11 1.13049e-11 
2.80972e-11 7.8942e-11 1.35539e-10 1.98349e-10 2.69504e-10 3.47908e-10 4.29855e-10 5.10102e-10 5.83098e-10 6.44028e-10 6.89227e-10 7.16172e-10 7.2381e-10 7.13588e-10 6.9042e-10 6.62136e-10 6.37053e-10 6.2548e-10 6.50614e-10 7.45118e-10 9.11691e-10 1.13486e-09 1.38502e-09 1.65497e-09 1.94451e-09 2.24462e-09 2.46143e-09 2.46706e-09 2.22563e-09 1.84054e-09 1.43129e-09 1.09132e-09 8.43863e-10 6.65773e-10 5.36578e-10 4.40834e-10 3.6397e-10 2.98001e-10 2.41512e-10 1.94876e-10 1.584e-10 1.3196e-10 1.14091e-10 1.01556e-10 9.06449e-11 7.89316e-11 6.56788e-11 5.11117e-11 3.53868e-11 1.81757e-11 3.85169e-12 
4.86303e-11 9.90671e-11 1.53782e-10 2.15612e-10 2.85099e-10 3.60001e-10 4.36151e-10 5.08459e-10 5.71974e-10 6.22603e-10 6.57307e-10 6.74313e-10 6.73834e-10 6.59041e-10 6.36245e-10 6.136e-10 5.99736e-10 6.0917e-10 6.69611e-10 7.97534e-10 9.80478e-10 1.19673e-09 1.42337e-09 1.65266e-09 1.89324e-09 2.11277e-09 2.19003e-09 2.06675e-09 1.77717e-09 1.42257e-09 1.0987e-09 8.47541e-10 6.62471e-10 5.28156e-10 4.30246e-10 3.54756e-10 2.91441e-10 2.36886e-10 1.90784e-10 1.53283e-10 1.24524e-10 1.04138e-10 9.04068e-11 8.03129e-11 7.0951e-11 6.07191e-11 4.92641e-11 3.67028e-11 2.28555e-11 8.05839e-12 8.05839e-12 
2.44643e-11 6.77674e-11 1.15537e-10 1.68613e-10 2.28859e-10 2.95494e-10 3.65605e-10 4.34958e-10 4.98906e-10 5.53213e-10 5.94495e-10 6.20418e-10 6.30202e-10 6.25476e-10 6.10884e-10 5.93624e-10 5.82063e-10 5.86399e-10 6.2548e-10 7.19323e-10 8.66542e-10 1.04956e-09 1.24377e-09 1.43242e-09 1.62188e-09 1.81017e-09 1.93086e-09 1.89552e-09 1.69925e-09 1.40716e-09 1.10763e-09 8.57074e-10 6.65773e-10 5.25213e-10 4.2309e-10 3.4657e-10 2.84632e-10 2.3191e-10 1.86979e-10 1.49562e-10 1.1965e-10 9.7218e-11 8.16363e-11 7.10504e-11 6.28165e-11 5.47804e-11 4.59332e-11 3.609e-11 2.51808e-11 1.29266e-11 2.64366e-12 
4.13111e-11 8.32047e-11 1.28583e-10 1.79923e-10 2.37784e-10 3.00526e-10 3.64973e-10 4.27139e-10 4.8299e-10 5.29023e-10 5.62558e-10 5.82088e-10 5.8798e-10 5.83208e-10 5.73525e-10 5.66596e-10 5.7112e-10 5.99736e-10 6.69454e-10 7.8602e-10 9.38227e-10 1.10625e-09 1.26466e-09 1.41408e-09 1.56926e-09 1.69372e-09 1.72064e-09 1.60689e-09 1.38091e-09 1.1148e-09 8.70554e-10 6.75015e-10 5.28156e-10 4.20578e-10 3.40963e-10 2.78613e-10 2.26925e-10 1.83171e-10 1.46408e-10 1.16283e-10 9.26707e-11 7.53795e-11 6.35549e-11 5.53411e-11 4.85589e-11 4.16831e-11 3.40921e-11 2.56241e-11 1.60393e-11 5.59027e-12 5.59027e-12 
2.05448e-11 5.61867e-11 9.51316e-11 1.38402e-10 1.87618e-10 2.42326e-10 3.00447e-10 3.58867e-10 4.14055e-10 4.62654e-10 5.01864e-10 5.29742e-10 5.45717e-10 5.51317e-10 5.50634e-10 5.50081e-10 5.57372e-10 5.82063e-10 6.37053e-10 7.31124e-10 8.58129e-10 1.00274e-09 1.14253e-09 1.26224e-09 1.3794e-09 1.4921e-09 1.54882e-09 1.50056e-09 1.34009e-09 1.11486e-09 8.85041e-10 6.88853e-10 5.36578e-10 4.2309e-10 3.38977e-10 2.7447e-10 2.22584e-10 1.79509e-10 1.43468e-10 1.13647e-10 8.96347e-11 7.12197e-11 5.80537e-11 4.91199e-11 4.26921e-11 3.70686e-11 3.1213e-11 2.47192e-11 1.73744e-11 8.92605e-12 1.77569e-12 
3.38956e-11 6.75571e-11 1.03928e-10 1.45122e-10 1.9174e-10 2.4273e-10 2.95907e-10 3.48444e-10 3.97369e-10 4.39989e-10 4.74194e-10 4.98824e-10 5.14288e-10 5.2315e-10 5.3025e-10 5.42126e-10 5.66596e-10 6.136e-10 6.92162e-10 8.01039e-10 9.27523e-10 1.0531e-09 1.15828e-09 1.2447e-09 1.3291e-09 1.39281e-09 1.38601e-09 1.2825e-09 1.10284e-09 8.95664e-10 7.04644e-10 5.49229e-10 4.30246e-10 3.40963e-10 2.72995e-10 2.19609e-10 1.76387e-10 1.40758e-10 1.11358e-10 8.74143e-11 6.84944e-11 5.43267e-11 4.44176e-11 3.76736e-11 3.25942e-11 2.79157e-11 2.29428e-11 1.737e-11 1.09275e-11 3.77708e-12 3.77708e-12 
1.66683e-11 4.50626e-11 7.57992e-11 1.09942e-10 1.48898e-10 1.92533e-10 2.3954e-10 2.8786e-10 3.35085e-10 3.78827e-10 4.1703e-10 4.48271e-10 4.72214e-10 4.90185e-10 5.0552e-10 5.23338e-10 5.50081e-10 5.93624e-10 6.62136e-10 7.57758e-10 8.71712e-10 9.87475e-10 1.08565e-09 1.15698e-09 1.21332e-09 1.26191e-09 1.27379e-09 1.21242e-09 1.07624e-09 8.97761e-10 7.18364e-10 5.63729e-10 4.40834e-10 3.4657e-10 2.7447e-10 2.1855e-10 1.74269e-10 1.38504e-10 1.09339e-10 8.56145e-11 6.66054e-11 5.18948e-11 4.11514e-11 3.37646e-11 2.86569e-11 2.46046e-11 2.07039e-11 1.64788e-11 1.16526e-11 5.9925e-12 1.169e-12 
2.69087e-11 5.31292e-11 8.13892e-11 1.1346e-10 1.49991e-10 1.90453e-10 2.33525e-10 2.7743e-10 3.20229e-10 3.60101e-10 3.95609e-10 4.26033e-10 4.51835e-10 4.75089e-10 4.99534e-10 5.3025e-10 5.73525e-10 6.36245e-10 7.22252e-10 8.26846e-10 9.36312e-10 1.03203e-09 1.09898e-09 1.13915e-09 1.16598e-09 1.17498e-09 1.13765e-09 1.03713e-09 8.88758e-10 7.26216e-10 5.7692e-10 4.52837e-10 3.54756e-10 2.78613e-10 2.19609e-10 1.73518e-10 1.36993e-10 1.07704e-10 8.41045e-11 6.51735e-11 5.02718e-11 3.90034e-11 3.09712e-11 2.54966e-11 2.1603e-11 1.83411e-11 1.5081e-11 1.14716e-11 7.24519e-12 2.48815e-12 2.48815e-12 
1.30885e-11 3.50304e-11 5.85806e-11 8.47586e-11 1.14783e-10 1.48791e-10 1.86115e-10 2.25585e-10 2.65777e-10 3.05232e-10 3.42676e-10 3.77286e-10 4.09032e-10 4.3907e-10 4.69957e-10 5.0552e-10 5.50634e-10 6.10884e-10 6.9042e-10 7.87703e-10 8.92483e-10 9.87842e-10 1.05645e-09 1.09163e-09 1.10301e-09 1.09908e-09 1.06794e-09 9.90871e-10 8.69339e-10 7.26042e-10 5.86026e-10 4.63926e-10 3.6397e-10 2.84632e-10 2.22584e-10 1.74269e-10 1.3646e-10 1.06624e-10 8.29141e-11 6.40342e-11 4.91127e-11 3.75983e-11 2.91003e-11 2.31686e-11 1.91179e-11 1.61219e-11 1.34758e-11 1.07375e-11 7.62094e-12 3.92177e-12 7.5364e-13 
2.07129e-11 4.0566e-11 6.19302e-11 8.62694e-11 1.14262e-10 1.45792e-10 1.80225e-10 2.16639e-10 2.53991e-10 2.9129e-10 3.27801e-10 3.63299e-10 3.98384e-10 4.34727e-10 4.75089e-10 5.2315e-10 5.83208e-10 6.59041e-10 7.50831e-10 8.51767e-10 9.47369e-10 1.01999e-09 1.05764e-09 1.06266e-09 1.0468e-09 1.0115e-09 9.45275e-10 8.4339e-10 7.18251e-10 5.89636e-10 4.72262e-10 3.72618e-10 2.91441e-10 2.26925e-10 1.76387e-10 1.36993e-10 1.06245e-10 8.21407e-11 6.31659e-11 4.82413e-11 3.66411e-11 2.7882e-11 2.15703e-11 1.72284e-11 1.42236e-11 1.18929e-11 9.73074e-12 7.40943e-12 4.68977e-12 1.60141e-12 1.60141e-12 
9.97065e-12 2.64575e-11 4.40364e-11 6.36222e-11 8.62683e-11 1.12305e-10 1.41546e-10 1.73507e-10 2.07553e-10 2.43026e-10 2.794e-10 3.16459e-10 3.54544e-10 3.9476e-10 4.3907e-10 4.90185e-10 5.51317e-10 6.25476e-10 7.13588e-10 8.11341e-10 9.07302e-10 9.84712e-10 1.02869e-09 1.03519e-09 1.01299e-09 9.71059e-10 9.07166e-10 8.1688e-10 7.05917e-10 5.88351e-10 4.77124e-10 3.79575e-10 2.98001e-10 2.3191e-10 1.79509e-10 1.38504e-10 1.06624e-10 8.18708e-11 6.26113e-11 4.76029e-11 3.59605e-11 2.70769e-11 2.05196e-11 1.58932e-11 1.27315e-11 1.04873e-11 8.65545e-12 6.87037e-12 4.87922e-12 2.50853e-12 4.76757e-13 
1.54968e-11 3.01545e-11 4.59318e-11 6.40223e-11 8.51025e-11 1.09343e-10 1.36616e-10 1.66638e-10 1.9908e-10 2.33675e-10 2.70342e-10 3.09365e-10 3.51564e-10 3.98384e-10 4.51835e-10 5.14288e-10 5.8798e-10 6.73834e-10 7.69197e-10 8.65341e-10 9.47609e-10 9.99953e-10 1.01345e-09 9.91803e-10 9.45608e-10 8.80331e-10 7.95386e-10 6.93633e-10 5.84726e-10 4.79307e-10 3.84593e-10 3.03666e-10 2.36886e-10 1.83171e-10 1.40758e-10 1.07704e-10 8.21407e-11 6.24193e-11 4.72042e-11 3.54826e-11 2.65306e-11 1.98339e-11 1.49981e-11 1.16429e-11 9.34311e-12 7.6521e-12 6.19472e-12 4.7021e-12 2.97389e-12 1.01021e-12 1.01021e-12 
7.38673e-12 1.94684e-11 3.22985e-11 4.66607e-11 6.34541e-11 8.31233e-11 1.05815e-10 1.31527e-10 1.60208e-10 1.91846e-10 2.26553e-10 2.6468e-10 3.06953e-10 3.54544e-10 4.09032e-10 4.72214e-10 5.45717e-10 6.30202e-10 7.2381e-10 8.2003e-10 9.06564e-10 9.67944e-10 9.92053e-10 9.77264e-10 9.32042e-10 8.65778e-10 7.827e-10 6.85882e-10 5.82385e-10 4.80998e-10 3.88554e-10 3.08467e-10 2.41512e-10 1.86979e-10 1.43468e-10 1.09339e-10 8.29141e-11 6.26113e-11 4.70679e-11 3.51924e-11 2.61632e-11 1.93835e-11 1.44132e-11 1.08939e-11 8.47956e-12 6.8015e-12 5.51297e-12 4.33725e-12 3.07068e-12 1.57462e-12 2.97196e-13 
1.1302e-11 2.18892e-11 3.33179e-11 4.65447e-11 6.22117e-11 8.06695e-11 1.02123e-10 1.26736e-10 1.54706e-10 1.86335e-10 2.22102e-10 2.62755e-10 3.09365e-10 3.63299e-10 4.26033e-10 4.98824e-10 5.82088e-10 6.74313e-10 7.70432e-10 8.60457e-10 9.30326e-10 9.66669e-10 9.63462e-10 9.25141e-10 8.61474e-10 7.80067e-10 6.85783e-10 5.84878e-10 4.85146e-10 3.93358e-10 3.13294e-10 2.45977e-10 1.90784e-10 1.46408e-10 1.11358e-10 8.41045e-11 6.31659e-11 4.72042e-11 3.50941e-11 2.59466e-11 1.90925e-11 1.40343e-11 1.03982e-11 7.8668e-12 6.13598e-12 4.90482e-12 3.90932e-12 2.94451e-12 1.85561e-12 6.25886e-13 6.25886e-13 
5.33834e-12 1.39999e-11 2.31898e-11 3.35558e-11 4.58512e-11 6.05677e-11 7.80526e-11 9.86201e-11 1.22622e-10 1.50508e-10 1.8289e-10 2.20589e-10 2.6468e-10 3.16459e-10 3.77286e-10 4.48271e-10 5.29742e-10 6.20418e-10 7.16172e-10 8.08794e-10 8.86039e-10 9.34506e-10 9.45378e-10 9.18845e-10 8.62594e-10 7.85458e-10 6.93948e-10 5.94457e-10 4.9456e-10 4.01487e-10 3.19846e-10 2.51162e-10 1.94876e-10 1.49562e-10 1.13647e-10 8.56145e-11 6.40342e-11 4.76029e-11 3.51924e-11 2.58751e-11 1.89255e-11 1.37959e-11 1.00779e-11 7.4524e-12 5.64746e-12 4.40795e-12 3.49581e-12 2.7136e-12 1.90814e-12 9.73475e-13 1.81537e-13 
8.05802e-12 1.55674e-11 2.37196e-11 3.32718e-11 4.48065e-11 5.87626e-11 7.55444e-11 9.55987e-11 1.19476e-10 1.47883e-10 1.81718e-10 2.22102e-10 2.70342e-10 3.27801e-10 3.95609e-10 4.74194e-10 5.62558e-10 6.57307e-10 7.51593e-10 8.3481e-10 8.94329e-10 9.1979e-10 9.07931e-10 8.63362e-10 7.94265e-10 7.0794e-10 6.10929e-10 5.10704e-10 4.1517e-10 3.30255e-10 2.58608e-10 2.00118e-10 1.53283e-10 1.16283e-10 8.74143e-11 6.51735e-11 4.82413e-11 3.54826e-11 2.59466e-11 1.88708e-11 1.3663e-11 9.87853e-12 7.18123e-12 5.30811e-12 4.03041e-12 3.14002e-12 2.45474e-12 1.82722e-12 1.14431e-12 3.81615e-13 3.81615e-13 
3.77411e-12 9.86944e-12 1.63539e-11 2.37476e-11 3.26674e-11 4.36039e-11 5.70049e-11 7.33652e-11 9.32812e-11 1.17508e-10 1.4699e-10 1.8289e-10 2.26553e-10 2.794e-10 3.42676e-10 4.1703e-10 5.01864e-10 5.94495e-10 6.89227e-10 7.76891e-10 8.45851e-10 8.85178e-10 8.89012e-10 8.58862e-10 8.01233e-10 7.23288e-10 6.31448e-10 5.32724e-10 4.35246e-10 3.46279e-10 2.70151e-10 2.07904e-10 1.584e-10 1.1965e-10 8.96347e-11 6.66054e-11 4.91127e-11 3.59605e-11 2.61632e-11 1.89255e-11 1.36199e-11 9.76876e-12 7.01308e-12 5.08217e-12 3.75858e-12 2.85665e-12 2.21242e-12 1.68846e-12 1.17569e-12 5.94739e-13 1.09935e-13 
5.63661e-12 1.08826e-11 1.66307e-11 2.34687e-11 3.19059e-11 4.2405e-11 5.54648e-11 7.16882e-11 9.18284e-11 1.16838e-10 1.47883e-10 1.86335e-10 2.33675e-10 2.9129e-10 3.60101e-10 4.39989e-10 5.29023e-10 6.22603e-10 7.12911e-10 7.89397e-10 8.4109e-10 8.60367e-10 8.4589e-10 8.02037e-10 7.35276e-10 6.5168e-10 5.57513e-10 4.60394e-10 3.68262e-10 2.87127e-10 2.19777e-10 1.66148e-10 1.24524e-10 9.26707e-11 6.84944e-11 5.02718e-11 3.66411e-11 2.65306e-11 1.90925e-11 1.3663e-11 9.73357e-12 6.92156e-12 4.9404e-12 3.57388e-12 2.64631e-12 2.00952e-12 1.53756e-12 1.12831e-12 6.99462e-13 2.30994e-13 2.30994e-13 
2.62033e-12 6.84404e-12 1.13675e-11 1.65959e-11 2.30287e-11 3.1117e-11 4.13416e-11 5.42738e-11 7.06334e-11 9.13342e-11 1.17508e-10 1.50508e-10 1.91846e-10 2.43026e-10 3.05232e-10 3.78827e-10 4.62654e-10 5.53213e-10 6.44028e-10 7.25761e-10 7.87798e-10 8.21367e-10 8.22721e-10 7.93878e-10 7.40193e-10 6.67359e-10 5.80892e-10 4.87398e-10 3.94577e-10 3.09478e-10 2.36683e-10 1.7777e-10 1.3196e-10 9.7218e-11 7.12197e-11 5.18948e-11 3.75983e-11 2.70769e-11 1.93835e-11 1.37959e-11 9.76876e-12 6.89165e-12 4.86276e-12 3.45639e-12 2.49849e-12 1.85225e-12 1.40005e-12 1.04867e-12 7.20552e-13 3.60931e-13 6.61183e-14 
3.88096e-12 7.50439e-12 1.15236e-11 1.63908e-11 2.25357e-11 3.04024e-11 4.05118e-11 5.35219e-11 7.02749e-11 9.18284e-11 1.19476e-10 1.54706e-10 1.9908e-10 2.53991e-10 3.20229e-10 3.97369e-10 4.8299e-10 5.71974e-10 6.56333e-10 7.26183e-10 7.72189e-10 7.88653e-10 7.75215e-10 7.35687e-10 6.75256e-10 5.98939e-10 5.12265e-10 4.22025e-10 3.354e-10 2.5824e-10 1.93851e-10 1.42902e-10 1.04138e-10 7.53795e-11 5.43267e-11 3.90034e-11 2.7882e-11 1.98339e-11 1.40343e-11 9.87853e-12 6.92156e-12 4.83868e-12 3.39149e-12 2.40252e-12 1.73754e-12 1.28775e-12 9.63885e-13 6.95849e-13 4.26626e-13 1.39247e-13 1.39247e-13 
1.79249e-12 4.68516e-12 7.81483e-12 1.14913e-11 1.61116e-11 2.20741e-11 2.98385e-11 3.99868e-11 5.32662e-11 7.06334e-11 9.32812e-11 1.22622e-10 1.60208e-10 2.07553e-10 2.65777e-10 3.35085e-10 4.14055e-10 4.98906e-10 5.83098e-10 6.57817e-10 7.13747e-10 7.43812e-10 7.45415e-10 7.20488e-10 6.73378e-10 6.08753e-10 5.31364e-10 4.46863e-10 3.61833e-10 2.82591e-10 2.13779e-10 1.57622e-10 1.14091e-10 8.16363e-11 5.80537e-11 4.11514e-11 2.91003e-11 2.05196e-11 1.44132e-11 1.00779e-11 7.01308e-12 4.86276e-12 3.37012e-12 2.34896e-12 1.66165e-12 1.20281e-12 8.88455e-13 6.52526e-13 4.4174e-13 2.18703e-13 4.00732e-14 
2.63943e-12 5.12118e-12 7.91613e-12 1.13677e-11 1.58305e-11 2.17026e-11 2.94793e-11 3.98066e-11 5.35219e-11 7.16882e-11 9.55987e-11 1.26736e-10 1.66638e-10 2.16639e-10 2.7743e-10 3.48444e-10 4.27139e-10 5.08459e-10 5.8491e-10 6.4773e-10 6.89121e-10 7.04632e-10 6.94137e-10 6.60725e-10 6.08604e-10 5.42048e-10 4.6576e-10 3.85356e-10 3.0691e-10 2.35745e-10 1.75373e-10 1.2711e-10 9.04068e-11 6.35549e-11 4.44176e-11 3.09712e-11 2.15703e-11 1.49981e-11 1.03982e-11 7.18123e-12 4.9404e-12 3.39149e-12 2.3319e-12 1.61835e-12 1.1443e-12 8.28357e-13 6.06202e-13 4.30122e-13 2.59929e-13 8.40483e-14 8.40483e-14 
1.21272e-12 3.17571e-12 5.32898e-12 7.90556e-12 1.12156e-11 1.55968e-11 2.14636e-11 2.93564e-11 3.99868e-11 5.42738e-11 7.33652e-11 9.86201e-11 1.31527e-10 1.73507e-10 2.25585e-10 2.8786e-10 3.58867e-10 4.34958e-10 5.10102e-10 5.76514e-10 6.26332e-10 6.53817e-10 6.56907e-10 6.37071e-10 5.97737e-10 5.42805e-10 4.76331e-10 4.02993e-10 3.28174e-10 2.5724e-10 1.94485e-10 1.42395e-10 1.01556e-10 7.10504e-11 4.91199e-11 3.37646e-11 2.31686e-11 1.58932e-11 1.08939e-11 7.4524e-12 5.08217e-12 3.45639e-12 2.34896e-12 1.60475e-12 1.11049e-12 7.85616e-13 5.67115e-13 4.0764e-13 2.72163e-13 1.33535e-13 2.3752e-14 
1.77917e-12 3.46931e-12 5.40547e-12 7.84756e-12 1.10806e-11 1.54441e-11 2.1382e-11 2.94793e-11 4.05118e-11 5.54648e-11 7.55444e-11 1.02123e-10 1.36616e-10 1.80225e-10 2.33525e-10 2.95907e-10 3.64973e-10 4.36151e-10 5.02916e-10 5.57905e-10 5.9475e-10 6.09828e-10 6.02879e-10 5.7618e-10 5.33104e-10 4.77276e-10 4.12651e-10 3.43801e-10 2.75673e-10 2.12803e-10 1.58478e-10 1.14311e-10 8.03129e-11 5.53411e-11 3.76736e-11 2.54966e-11 1.72284e-11 1.16429e-11 7.8668e-12 5.30811e-12 3.57388e-12 2.40252e-12 1.61835e-12 1.0999e-12 7.60284e-13 5.37326e-13 3.85318e-13 2.68432e-13 1.60006e-13 5.10219e-14 5.10219e-14 
8.14001e-13 2.13855e-12 3.61495e-12 5.41615e-12 7.78184e-12 1.09885e-11 1.53919e-11 2.14636e-11 2.98385e-11 4.13416e-11 5.70049e-11 7.80526e-11 1.05815e-10 1.41546e-10 1.86115e-10 2.3954e-10 3.00447e-10 3.65605e-10 4.29855e-10 4.86744e-10 5.29903e-10 5.54698e-10 5.59306e-10 5.4462e-10 5.13212e-10 4.68276e-10 4.13258e-10 3.52019e-10 2.88877e-10 2.28176e-10 1.73568e-10 1.27429e-10 9.06449e-11 6.28165e-11 4.26921e-11 2.86569e-11 1.91179e-11 1.27315e-11 8.47956e-12 5.64746e-12 3.75858e-12 2.49849e-12 1.66165e-12 1.11049e-12 7.51969e-13 5.19398e-13 3.66743e-13 2.5867e-13 1.69763e-13 8.23311e-14 1.46336e-14 
1.19149e-12 2.33805e-12 3.67722e-12 5.40012e-12 7.73326e-12 1.0957e-11 1.54441e-11 2.17026e-11 3.04024e-11 4.2405e-11 5.87626e-11 8.06695e-11 1.09343e-10 1.45792e-10 1.90453e-10 2.4273e-10 3.00526e-10 3.60001e-10 4.1584e-10 4.62173e-10 4.9395e-10 5.08175e-10 5.0436e-10 4.84033e-10 4.49796e-10 4.04674e-10 3.51981e-10 2.95403e-10 2.38841e-10 1.8593e-10 1.39466e-10 1.01031e-10 7.0951e-11 4.85589e-11 3.25942e-11 2.1603e-11 1.42236e-11 9.34311e-12 6.13598e-12 4.03041e-12 2.64631e-12 1.73754e-12 1.1443e-12 7.60284e-13 5.13673e-13 3.55216e-13 2.4904e-13 1.70182e-13 1.0015e-13 3.16883e-14 3.16883e-14 
5.43297e-13 1.43325e-12 2.44182e-12 3.69839e-12 5.3831e-12 7.71571e-12 1.09885e-11 1.55968e-11 2.20741e-11 3.1117e-11 4.36039e-11 6.05677e-11 8.31233e-11 1.12305e-10 1.48791e-10 1.92533e-10 2.42326e-10 2.95494e-10 3.47908e-10 3.9452e-10 4.3039e-10 4.51846e-10 4.57247e-10 4.46987e-10 4.22891e-10 3.875e-10 3.43689e-10 2.94609e-10 2.43647e-10 1.94162e-10 1.49051e-10 1.1033e-10 7.89316e-11 5.47804e-11 3.70686e-11 2.46046e-11 1.61219e-11 1.04873e-11 6.8015e-12 4.40795e-12 2.85665e-12 1.85225e-12 1.20281e-12 7.85616e-13 5.19398e-13 3.50942e-13 2.41928e-13 1.66925e-13 1.08283e-13 5.17735e-14 9.51246e-15 
7.95073e-13 1.5705e-12 2.49146e-12 3.70254e-12 5.37608e-12 7.73326e-12 1.10806e-11 1.58305e-11 2.25357e-11 3.19059e-11 4.48065e-11 6.22117e-11 8.51025e-11 1.14262e-10 1.49991e-10 1.9174e-10 2.37784e-10 2.85099e-10 3.29602e-10 3.66841e-10 3.92956e-10 4.05521e-10 4.03904e-10 3.89037e-10 3.62856e-10 3.27802e-10 2.86586e-10 2.42114e-10 1.97362e-10 1.55086e-10 1.17472e-10 8.58699e-11 6.07191e-11 4.16831e-11 2.79157e-11 1.83411e-11 1.18929e-11 7.6521e-12 4.90482e-12 3.14002e-12 2.00952e-12 1.28775e-12 8.28357e-13 5.37326e-13 3.55216e-13 2.3973e-13 1.64595e-13 1.10027e-13 6.4412e-14 1.99142e-14 1.99142e-14 
3.61588e-13 9.57485e-13 1.64303e-12 2.51383e-12 3.70351e-12 5.3831e-12 7.78184e-12 1.12156e-11 1.61116e-11 2.30287e-11 3.26674e-11 4.58512e-11 6.34541e-11 8.62683e-11 1.14783e-10 1.48898e-10 1.87618e-10 2.28859e-10 2.69504e-10 3.05807e-10 3.34102e-10 3.51588e-10 3.56856e-10 3.49973e-10 3.32175e-10 3.05405e-10 2.71969e-10 2.34362e-10 1.95159e-10 1.56853e-10 1.2159e-10 9.09281e-11 6.56788e-11 4.59332e-11 3.1213e-11 2.07039e-11 1.34758e-11 8.65545e-12 5.51297e-12 3.49581e-12 2.21242e-12 1.40005e-12 8.88455e-13 5.67115e-13 3.66743e-13 2.41928e-13 1.63758e-13 1.10817e-13 7.05436e-14 3.36105e-14 6.33257e-15 
5.29148e-13 1.04899e-12 1.67789e-12 2.51927e-12 3.70254e-12 5.40012e-12 7.84756e-12 1.13677e-11 1.63908e-11 2.34687e-11 3.32718e-11 4.65447e-11 6.40223e-11 8.62694e-11 1.1346e-10 1.45122e-10 1.79923e-10 2.15612e-10 2.49223e-10 2.77541e-10 2.97743e-10 3.07955e-10 3.0754e-10 2.97023e-10 2.77789e-10 2.51715e-10 2.20926e-10 1.87639e-10 1.54034e-10 1.22095e-10 9.34039e-11 6.89888e-11 4.92641e-11 3.40921e-11 2.29428e-11 1.5081e-11 9.73074e-12 6.19472e-12 3.90932e-12 2.45474e-12 1.53756e-12 9.63885e-13 6.06202e-13 3.85318e-13 2.4904e-13 1.64595e-13 1.1057e-13 7.3409e-14 4.21375e-14 1.32448e-14 1.32448e-14 
2.39886e-13 6.34706e-13 1.09557e-12 1.68803e-12 2.51383e-12 3.69839e-12 5.41615e-12 7.90556e-12 1.14913e-11 1.65959e-11 2.37476e-11 3.35558e-11 4.66607e-11 6.36222e-11 8.47586e-11 1.09942e-10 1.38402e-10 1.68613e-10 1.98349e-10 2.2498e-10 2.45917e-10 2.59128e-10 2.63498e-10 2.58941e-10 2.46262e-10 2.26881e-10 2.02556e-10 1.75175e-10 1.46623e-10 1.18657e-10 9.27672e-11 7.00486e-11 5.11117e-11 3.609e-11 2.47192e-11 1.64788e-11 1.07375e-11 6.87037e-12 4.33725e-12 2.7136e-12 1.68846e-12 1.04867e-12 6.52526e-13 4.0764e-13 2.5867e-13 1.66925e-13 1.10817e-13 7.36069e-14 4.67882e-14 2.20018e-14 4.04023e-15 
3.48678e-13 6.90779e-13 1.10978e-12 1.67789e-12 2.49146e-12 3.67722e-12 5.40547e-12 7.91613e-12 1.15236e-11 1.66307e-11 2.37196e-11 3.33179e-11 4.59318e-11 6.19302e-11 8.13892e-11 1.03928e-10 1.28583e-10 1.53782e-10 1.77493e-10 1.97527e-10 2.11935e-10 2.19368e-10 2.19294e-10 2.12003e-10 1.98446e-10 1.79998e-10 1.58239e-10 1.34774e-10 1.11128e-10 8.86315e-11 6.8333e-11 5.09226e-11 3.67028e-11 2.56241e-11 1.737e-11 1.14716e-11 7.40943e-12 4.7021e-12 2.94451e-12 1.82722e-12 1.12831e-12 6.95849e-13 4.30122e-13 2.68432e-13 1.70182e-13 1.10027e-13 7.3409e-14 4.80478e-14 2.74338e-14 8.90699e-15 8.90699e-15 
1.57225e-13 4.12452e-13 7.08503e-13 1.09557e-12 1.64303e-12 2.44182e-12 3.61495e-12 5.32898e-12 7.81483e-12 1.13675e-11 1.63539e-11 2.31898e-11 3.22985e-11 4.40364e-11 5.85806e-11 7.57992e-11 9.51316e-11 1.15537e-10 1.35539e-10 1.5341e-10 1.67452e-10 1.763e-10 1.7917e-10 1.75956e-10 1.67186e-10 1.53857e-10 1.37231e-10 1.18654e-10 9.94215e-11 8.0681e-11 6.33667e-11 4.81435e-11 3.53868e-11 2.51808e-11 1.73744e-11 1.16526e-11 7.62094e-12 4.87922e-12 3.07068e-12 1.90814e-12 1.17569e-12 7.20552e-13 4.4174e-13 2.72163e-13 1.69763e-13 1.08283e-13 7.05436e-14 4.67882e-14 2.97453e-14 1.40104e-14 2.51867e-15 
2.22405e-13 4.33291e-13 6.90779e-13 1.04899e-12 1.5705e-12 2.33805e-12 3.46931e-12 5.12118e-12 7.50439e-12 1.08826e-11 1.55674e-11 2.18892e-11 3.01545e-11 4.0566e-11 5.31292e-11 6.75571e-11 8.32047e-11 9.90671e-11 1.13875e-10 1.2627e-10 1.35039e-10 1.39334e-10 1.3881e-10 1.33664e-10 1.24546e-10 1.12412e-10 9.83493e-11 8.34335e-11 6.86222e-11 5.46949e-11 4.22263e-11 3.1568e-11 2.28555e-11 1.60393e-11 1.09275e-11 7.24519e-12 4.68977e-12 2.97389e-12 1.85561e-12 1.14431e-12 6.99462e-13 4.26626e-13 2.59929e-13 1.60006e-13 1.0015e-13 6.4412e-14 4.21375e-14 2.74338e-14 1.65623e-14 5.12514e-15 5.12514e-15 
9.76403e-14 2.46064e-13 4.12452e-13 6.34706e-13 9.57485e-13 1.43325e-12 2.13855e-12 3.17571e-12 4.68516e-12 6.84404e-12 9.86944e-12 1.39999e-11 1.94684e-11 2.64575e-11 3.50304e-11 4.50626e-11 5.61867e-11 6.77674e-11 7.8942e-11 8.87218e-11 9.61509e-11 1.00469e-10 1.01258e-10 9.8506e-11 9.25907e-11 8.41867e-11 7.41292e-11 6.32738e-11 5.23869e-11 4.20822e-11 3.27963e-11 2.47922e-11 1.81757e-11 1.29266e-11 8.92605e-12 5.9925e-12 3.92177e-12 2.50853e-12 1.57462e-12 9.73475e-13 5.94739e-13 3.60931e-13 2.18703e-13 1.33535e-13 8.23311e-14 5.17735e-14 3.36105e-14 2.20018e-14 1.40104e-14 7.83044e-15 1.80192e-15 
1.21968e-13 2.22405e-13 3.48678e-13 5.29148e-13 7.95073e-13 1.19149e-12 1.77917e-12 2.63943e-12 3.88096e-12 5.63661e-12 8.05802e-12 1.1302e-11 1.54968e-11 2.07129e-11 2.69087e-11 3.38956e-11 4.13111e-11 4.86303e-11 5.52195e-11 6.04246e-11 6.36833e-11 6.46347e-11 6.31853e-11 5.95288e-11 5.40985e-11 4.74815e-11 4.03052e-11 3.31422e-11 2.64384e-11 2.04846e-11 1.54301e-11 1.13049e-11 8.05839e-12 5.59027e-12 3.77708e-12 2.48815e-12 1.60141e-12 1.01021e-12 6.25886e-13 3.81615e-13 2.30994e-13 1.39247e-13 8.40483e-14 5.10219e-14 3.16883e-14 1.99142e-14 1.32448e-14 8.90699e-15 5.12514e-15 2.74602e-15 2.74602e-15 
4.69973e-14 9.76403e-14 1.57225e-13 2.39886e-13 3.61588e-13 5.43297e-13 8.14001e-13 1.21272e-12 1.79249e-12 2.62033e-12 3.77411e-12 5.33834e-12 7.38673e-12 9.97065e-12 1.30885e-11 1.66683e-11 2.05448e-11 2.44643e-11 2.80972e-11 3.10865e-11 3.31024e-11 3.3903e-11 3.33835e-11 3.16007e-11 2.87628e-11 2.51863e-11 2.12375e-11 1.72684e-11 1.35672e-11 1.0323e-11 7.6269e-12 5.48621e-12 3.85169e-12 2.64366e-12 1.77569e-12 1.169e-12 7.5364e-13 4.76757e-13 2.97196e-13 1.81537e-13 1.09935e-13 6.61183e-14 4.00732e-14 2.3752e-14 1.46336e-14 9.51246e-15 6.33257e-15 4.04023e-15 2.51867e-15 1.80192e-15 9.99505e-16 
