1 101 51
3.29923e-14 5.39511e-14 8.58924e-14 1.38829e-13 2.29768e-13 3.87716e-13 6.59677e-13 1.12466e-12 1.90865e-12 3.19865e-12 5.26564e-12 8.4666e-12 1.32434e-11 2.00749e-11 2.94055e-11 4.15273e-11 5.64445e-11 7.3753e-11 9.25745e-11 1.11584e-10 1.29154e-10 1.43582e-10 1.53378e-10 1.57533e-10 1.55691e-10 1.48197e-10 1.36012e-10 1.20503e-10 1.03205e-10 8.55702e-11 6.87985e-11 5.37297e-11 4.08367e-11 3.02654e-11 2.19199e-11 1.55491e-11 1.08291e-11 7.4231e-12 5.02089e-12 3.36076e-12 2.23093e-12 1.47208e-12 9.66334e-13 6.32249e-13 4.1097e-13 2.63274e-13 1.64652e-13 9.74336e-14 4.98322e-14 1.69847e-14 1.69847e-14 
3.29923e-14 7.08558e-14 1.11609e-13 1.77304e-13 2.89991e-13 4.83711e-13 8.18477e-13 1.39627e-12 2.37701e-12 4.01353e-12 6.67755e-12 1.08886e-11 1.73148e-11 2.67426e-11 3.99858e-11 5.77274e-11 8.03037e-11 1.07484e-10 1.38285e-10 1.70919e-10 2.02906e-10 2.31377e-10 2.53511e-10 2.6702e-10 2.70563e-10 2.63969e-10 2.48239e-10 2.25302e-10 1.97636e-10 1.67826e-10 1.38191e-10 1.10534e-10 8.60401e-11 6.52959e-11 4.84031e-11 3.51154e-11 2.49825e-11 1.74658e-11 1.20265e-11 8.17467e-12 5.49832e-12 3.66737e-12 2.4313e-12 1.60458e-12 1.05419e-12 6.89157e-13 4.45194e-13 2.81951e-13 1.70523e-13 9.46637e-14 1.69847e-14 
7.08558e-14 1.21474e-13 1.89936e-13 3.04343e-13 4.99786e-13 8.38296e-13 1.42182e-12 2.41917e-12 4.09891e-12 6.87029e-12 1.1324e-11 1.82579e-11 2.86665e-11 4.36632e-11 6.4316e-11 9.13967e-11 1.25063e-10 1.64569e-10 2.08069e-10 2.52638e-10 2.94552e-10 3.29801e-10 3.54759e-10 3.66835e-10 3.64949e-10 3.49698e-10 3.23172e-10 2.88496e-10 2.49211e-10 2.08704e-10 1.69769e-10 1.34391e-10 1.03719e-10 7.81782e-11 5.76505e-11 4.16626e-11 2.95592e-11 2.06288e-11 1.41901e-11 9.64214e-12 6.48776e-12 4.33315e-12 2.8776e-12 1.90366e-12 1.25471e-12 8.22952e-13 5.3442e-13 3.4061e-13 2.09219e-13 9.46637e-14 9.46637e-14 
5.39511e-14 1.21474e-13 1.92684e-13 3.02674e-13 4.8663e-13 8.0264e-13 1.34668e-12 2.27953e-12 3.86064e-12 6.49792e-12 1.07984e-11 1.76159e-11 2.80689e-11 4.34993e-11 6.53266e-11 9.4789e-11 1.32576e-10 1.78417e-10 2.30742e-10 2.86535e-10 3.41513e-10 3.90634e-10 4.289e-10 4.52249e-10 4.58323e-10 4.46892e-10 4.19826e-10 3.80625e-10 3.33671e-10 2.83419e-10 2.33751e-10 1.87578e-10 1.46741e-10 1.12107e-10 8.37781e-11 6.13356e-11 4.40618e-11 3.11093e-11 2.16282e-11 1.48364e-11 1.00649e-11 6.76834e-12 4.5229e-12 3.00865e-12 1.99549e-12 1.31929e-12 8.68136e-13 5.65562e-13 3.60486e-13 2.09219e-13 4.98322e-14 
1.11609e-13 1.92684e-13 2.99162e-13 4.69314e-13 7.58336e-13 1.2503e-12 2.09299e-12 3.52585e-12 5.93368e-12 9.90421e-12 1.62993e-11 2.62961e-11 4.1392e-11 6.33004e-11 9.37167e-11 1.33935e-10 1.84352e-10 2.43963e-10 3.10019e-10 3.78008e-10 4.42085e-10 4.95907e-10 5.33748e-10 5.51585e-10 5.47864e-10 5.23735e-10 4.8269e-10 4.29743e-10 3.70412e-10 3.09806e-10 2.51992e-10 1.99745e-10 1.5458e-10 1.16984e-10 8.67049e-11 6.3025e-11 4.49989e-11 3.16103e-11 2.18879e-11 1.49728e-11 1.01425e-11 6.82137e-12 4.56435e-12 3.04433e-12 2.02582e-12 1.34495e-12 8.8804e-13 5.78753e-13 3.60486e-13 1.70523e-13 1.70523e-13 
8.58924e-14 1.89936e-13 2.99162e-13 4.59385e-13 7.20997e-13 1.16315e-12 1.91471e-12 3.18908e-12 5.33699e-12 8.90903e-12 1.47307e-11 2.39822e-11 3.82369e-11 5.94131e-11 8.95984e-11 1.3068e-10 1.83811e-10 2.48776e-10 3.23433e-10 4.0345e-10 4.82534e-10 5.53221e-10 6.08125e-10 6.41323e-10 6.49512e-10 6.32578e-10 5.93467e-10 5.37403e-10 4.70741e-10 3.99805e-10 3.29984e-10 2.65245e-10 2.08039e-10 1.5948e-10 1.19668e-10 8.80171e-11 6.35463e-11 4.51057e-11 3.15335e-11 2.17585e-11 1.48534e-11 1.00578e-11 6.77239e-12 4.54365e-12 3.04309e-12 2.03428e-12 1.35631e-12 8.96494e-13 5.78753e-13 3.4061e-13 9.74336e-14 
1.77304e-13 3.02674e-13 4.59385e-13 7.0149e-13 1.10034e-12 1.76889e-12 2.89547e-12 4.79062e-12 7.95068e-12 1.31449e-11 2.15027e-11 3.45956e-11 5.4448e-11 8.3421e-11 1.23907e-10 1.778e-10 2.45779e-10 3.26569e-10 4.16407e-10 5.09005e-10 5.9618e-10 6.69136e-10 7.20092e-10 7.4379e-10 7.38457e-10 7.05948e-10 6.51107e-10 5.80618e-10 5.01699e-10 4.20976e-10 3.4374e-10 2.73641e-10 2.12734e-10 1.61751e-10 1.20455e-10 8.79823e-11 6.31282e-11 4.45759e-11 3.10394e-11 2.13648e-11 1.45745e-11 9.87998e-12 6.67177e-12 4.4963e-12 3.027e-12 2.03443e-12 1.36076e-12 8.96494e-13 5.65562e-13 2.81951e-13 2.81951e-13 
1.38829e-13 3.04343e-13 4.69314e-13 7.0149e-13 1.06805e-12 1.66812e-12 2.66603e-12 4.333e-12 7.1058e-12 1.1678e-11 1.90932e-11 3.08561e-11 4.89929e-11 7.60051e-11 1.14645e-10 1.67431e-10 2.35922e-10 3.19832e-10 4.16271e-10 5.19388e-10 6.2078e-10 7.10683e-10 7.7976e-10 8.20921e-10 8.30634e-10 8.09334e-10 7.6095e-10 6.91823e-10 6.09408e-10 5.21086e-10 4.33272e-10 3.50892e-10 2.77213e-10 2.13948e-10 1.61539e-10 1.19499e-10 8.675e-11 6.1915e-11 4.35378e-11 3.02366e-11 2.07954e-11 1.4203e-11 9.6583e-12 6.5538e-12 4.44279e-12 3.00907e-12 2.03255e-12 1.36076e-12 8.8804e-13 5.3442e-13 1.64652e-13 
2.89991e-13 4.8663e-13 7.20997e-13 1.06805e-12 1.61584e-12 2.50981e-12 3.98198e-12 6.41336e-12 1.04092e-11 1.69077e-11 2.72964e-11 4.35128e-11 6.8067e-11 1.03898e-10 1.5398e-10 2.20621e-10 3.04517e-10 4.03802e-10 5.13408e-10 6.25176e-10 7.28898e-10 8.14155e-10 8.72398e-10 8.98568e-10 8.91721e-10 8.54646e-10 7.92799e-10 7.13088e-10 6.22798e-10 5.28799e-10 4.36962e-10 3.51797e-10 2.76288e-10 2.11957e-10 1.59079e-10 1.17006e-10 8.45069e-11 6.00673e-11 4.21263e-11 2.92319e-11 2.01296e-11 1.37957e-11 9.43129e-12 6.44253e-12 4.39956e-12 2.99936e-12 2.03255e-12 1.35631e-12 8.68136e-13 4.45194e-13 4.45194e-13 
2.29768e-13 4.99786e-13 7.58336e-13 1.10034e-12 1.61584e-12 2.43129e-12 3.74683e-12 5.88896e-12 9.38042e-12 1.50408e-11 2.41074e-11 3.83627e-11 6.02074e-11 9.26015e-11 1.3877e-10 2.01579e-10 2.82588e-10 3.80977e-10 4.92661e-10 6.10097e-10 7.23111e-10 8.2071e-10 8.93367e-10 9.34925e-10 9.43422e-10 9.20693e-10 8.71196e-10 8.00745e-10 7.15626e-10 6.22123e-10 5.262e-10 4.33164e-10 3.47277e-10 2.71457e-10 2.07193e-10 1.54707e-10 1.13249e-10 8.14745e-11 5.77649e-11 4.04829e-11 2.81325e-11 1.94452e-11 1.34045e-11 9.23208e-12 6.35772e-12 4.37468e-12 2.99936e-12 2.03443e-12 1.34495e-12 8.22952e-13 2.63274e-13 
4.83711e-13 8.0264e-13 1.16315e-12 1.66812e-12 2.43129e-12 3.62993e-12 5.54073e-12 8.6105e-12 1.35412e-11 2.14073e-11 3.37916e-11 5.28949e-11 8.15524e-11 1.23037e-10 1.80548e-10 2.56329e-10 3.50525e-10 4.60116e-10 5.78433e-10 6.95719e-10 8.00849e-10 8.83747e-10 9.37588e-10 9.59842e-10 9.51867e-10 9.17465e-10 8.61365e-10 7.88332e-10 7.03064e-10 6.10433e-10 5.15551e-10 4.23425e-10 3.3836e-10 2.6341e-10 2.00155e-10 1.48802e-10 1.08532e-10 7.78973e-11 5.51988e-11 3.87503e-11 2.70397e-11 1.88095e-11 1.30726e-11 9.08559e-12 6.31192e-12 4.37468e-12 3.00907e-12 2.03428e-12 1.31929e-12 6.89157e-13 6.89157e-13 
3.87716e-13 8.38296e-13 1.2503e-12 1.76889e-12 2.50981e-12 3.62993e-12 5.36755e-12 8.10086e-12 1.24254e-11 1.92532e-11 2.99516e-11 4.64617e-11 7.13742e-11 1.07834e-10 1.59148e-10 2.28022e-10 3.15425e-10 4.19409e-10 5.34356e-10 6.51229e-10 7.59118e-10 8.47718e-10 9.09801e-10 9.42581e-10 9.4738e-10 9.2794e-10 8.88428e-10 8.32237e-10 7.62018e-10 6.80515e-10 5.9137e-10 4.99252e-10 4.09272e-10 3.2603e-10 2.5283e-10 1.91349e-10 1.41767e-10 1.03171e-10 7.4022e-11 5.25559e-11 3.70625e-11 2.60434e-11 1.82799e-11 1.28321e-11 9.00787e-12 6.31192e-12 4.39956e-12 3.027e-12 2.02582e-12 1.25471e-12 4.1097e-13 
8.18477e-13 1.34668e-12 1.91471e-12 2.66603e-12 3.74683e-12 5.36755e-12 7.84798e-12 1.16907e-11 1.76619e-11 2.69127e-11 4.1102e-11 6.25018e-11 9.39782e-11 1.38741e-10 1.99715e-10 2.78519e-10 3.74226e-10 4.82393e-10 5.94984e-10 7.01618e-10 7.91985e-10 8.58543e-10 8.98269e-10 9.1261e-10 9.05714e-10 8.81937e-10 8.44032e-10 7.9291e-10 7.28799e-10 6.52837e-10 5.6805e-10 4.79229e-10 3.91913e-10 3.11107e-10 2.40324e-10 1.81259e-10 1.33991e-10 9.74824e-11 7.00923e-11 5.00136e-11 3.5542e-11 2.52233e-11 1.79014e-11 1.27067e-11 9.00787e-12 6.35772e-12 4.44279e-12 3.04309e-12 1.99549e-12 1.05419e-12 1.05419e-12 
6.59677e-13 1.42182e-12 2.09299e-12 2.89547e-12 3.98198e-12 5.54073e-12 7.84798e-12 1.13277e-11 1.66198e-11 2.46812e-11 3.68951e-11 5.51774e-11 8.20234e-11 1.20359e-10 1.73102e-10 2.42289e-10 3.27906e-10 4.26771e-10 5.32118e-10 6.34451e-10 7.23699e-10 7.92008e-10 8.35883e-10 8.56651e-10 8.58926e-10 8.47827e-10 8.26452e-10 7.94912e-10 7.51347e-10 6.94044e-10 6.2336e-10 5.42459e-10 4.56693e-10 3.72168e-10 2.94222e-10 2.26425e-10 1.70344e-10 1.25864e-10 9.17759e-11 6.63447e-11 4.77391e-11 3.42969e-11 2.46399e-11 1.77041e-11 1.27067e-11 9.08559e-12 6.44253e-12 4.4963e-12 3.04433e-12 1.90366e-12 6.32249e-13 
1.39627e-12 2.27953e-12 3.18908e-12 4.333e-12 5.88896e-12 8.10086e-12 1.13277e-11 1.61064e-11 2.32287e-11 3.38297e-11 4.9482e-11 7.2259e-11 1.04683e-10 1.49439e-10 2.08734e-10 2.83272e-10 3.71124e-10 4.6703e-10 5.62773e-10 6.48906e-10 7.17355e-10 7.63863e-10 7.89057e-10 7.97548e-10 7.95313e-10 7.86596e-10 7.71967e-10 7.48576e-10 7.12316e-10 6.60486e-10 5.93568e-10 5.1544e-10 4.32237e-10 3.50563e-10 2.75888e-10 2.11626e-10 1.59053e-10 1.17767e-10 8.63578e-11 6.30023e-11 4.58817e-11 3.34132e-11 2.43368e-11 1.77041e-11 1.28321e-11 9.23208e-12 6.5538e-12 4.54365e-12 3.00865e-12 1.60458e-12 1.60458e-12 
1.12466e-12 2.41917e-12 3.52585e-12 4.79062e-12 6.41336e-12 8.6105e-12 1.16907e-11 1.61064e-11 2.2516e-11 3.18475e-11 4.53704e-11 6.47475e-11 9.20343e-11 1.29523e-10 1.79318e-10 2.4257e-10 3.18454e-10 4.0332e-10 4.90612e-10 5.72e-10 6.39556e-10 6.88173e-10 7.17172e-10 7.30274e-10 7.33718e-10 7.33154e-10 7.3076e-10 7.24212e-10 7.08155e-10 6.7717e-10 6.28534e-10 5.63537e-10 4.87091e-10 4.06101e-10 3.27481e-10 2.56574e-10 1.96418e-10 1.47844e-10 1.1009e-10 8.15276e-11 6.02726e-11 4.45656e-11 3.29552e-11 2.43368e-11 1.79014e-11 1.30726e-11 9.43129e-12 6.67177e-12 4.56435e-12 2.8776e-12 9.66334e-13 
2.37701e-12 3.86064e-12 5.33699e-12 7.1058e-12 9.38042e-12 1.24254e-11 1.66198e-11 2.2516e-11 3.0879e-11 4.27312e-11 5.93839e-11 8.24329e-11 1.13685e-10 1.54925e-10 2.07422e-10 2.7115e-10 3.43963e-10 4.21176e-10 4.96094e-10 5.61532e-10 6.11878e-10 6.449e-10 6.62515e-10 6.70054e-10 6.73956e-10 6.78567e-10 6.83637e-10 6.84247e-10 6.73304e-10 6.44985e-10 5.97273e-10 5.32676e-10 4.5722e-10 3.78437e-10 3.03298e-10 2.36772e-10 1.81319e-10 1.37201e-10 1.03233e-10 7.75774e-11 5.83365e-11 4.3883e-11 3.29552e-11 2.46399e-11 1.82799e-11 1.34045e-11 9.6583e-12 6.77239e-12 4.5229e-12 2.4313e-12 2.4313e-12 
1.90865e-12 4.09891e-12 5.93368e-12 7.95068e-12 1.04092e-11 1.35412e-11 1.76619e-11 2.32287e-11 3.0879e-11 4.14484e-11 5.59741e-11 7.56648e-11 1.0185e-10 1.35857e-10 1.78768e-10 2.30949e-10 2.91406e-10 3.57261e-10 4.2377e-10 4.85165e-10 5.3608e-10 5.73101e-10 5.95934e-10 6.07766e-10 6.14379e-10 6.21732e-10 6.32628e-10 6.44517e-10 6.50353e-10 6.42016e-10 6.13987e-10 5.6545e-10 5.00323e-10 4.2568e-10 3.49469e-10 2.7847e-10 2.17051e-10 1.66919e-10 1.27649e-10 9.75997e-11 7.47674e-11 5.73315e-11 4.3883e-11 3.34132e-11 2.52233e-11 1.88095e-11 1.37957e-11 9.87998e-12 6.82137e-12 4.33315e-12 1.47208e-12 
4.01353e-12 6.49792e-12 8.90903e-12 1.1678e-11 1.50408e-11 1.92532e-11 2.46812e-11 3.18475e-11 4.14484e-11 5.43271e-11 7.14131e-11 9.36422e-11 1.21881e-10 1.56823e-10 1.98812e-10 2.47494e-10 3.01389e-10 3.5767e-10 4.12448e-10 4.61501e-10 5.01207e-10 5.29501e-10 5.46802e-10 5.56581e-10 5.64676e-10 5.76586e-10 5.9364e-10 6.11076e-10 6.20078e-10 6.121e-10 5.82515e-10 5.32045e-10 4.66061e-10 3.92527e-10 3.19582e-10 2.53585e-10 1.98099e-10 1.53891e-10 1.19748e-10 9.35753e-11 7.33048e-11 5.73315e-11 4.45656e-11 3.42969e-11 2.60434e-11 1.94452e-11 1.4203e-11 1.00578e-11 6.76834e-12 3.66737e-12 3.66737e-12 
3.19865e-12 6.87029e-12 9.90421e-12 1.31449e-11 1.69077e-11 2.14073e-11 2.69127e-11 3.38297e-11 4.27312e-11 5.43271e-11 6.93751e-11 8.85603e-11 1.12384e-10 1.41124e-10 1.74818e-10 2.13214e-10 2.55588e-10 3.0056e-10 3.46118e-10 3.89852e-10 4.29172e-10 4.61502e-10 4.84955e-10 4.99708e-10 5.09262e-10 5.19832e-10 5.36694e-10 5.59515e-10 5.81164e-10 5.91388e-10 5.81866e-10 5.49398e-10 4.96456e-10 4.29792e-10 3.58058e-10 2.8936e-10 2.29424e-10 1.80767e-10 1.43011e-10 1.14062e-10 9.1472e-11 7.33048e-11 5.83365e-11 4.58817e-11 3.5542e-11 2.70397e-11 2.01296e-11 1.45745e-11 1.01425e-11 6.48776e-12 2.23093e-12 
6.67755e-12 1.07984e-11 1.47307e-11 1.90932e-11 2.41074e-11 2.99516e-11 3.68951e-11 4.53704e-11 5.59741e-11 6.93751e-11 8.61505e-11 1.06614e-10 1.30735e-10 1.58188e-10 1.88458e-10 2.20919e-10 2.54848e-10 2.8952e-10 3.2438e-10 3.58857e-10 3.91603e-10 4.19994e-10 4.4121e-10 4.54826e-10 4.64874e-10 4.78566e-10 5.00841e-10 5.29016e-10 5.53401e-10 5.62896e-10 5.50183e-10 5.13946e-10 4.58473e-10 3.91727e-10 3.22834e-10 2.59656e-10 2.07028e-10 1.66103e-10 1.35104e-10 1.11076e-10 9.1472e-11 7.47674e-11 6.02726e-11 4.77391e-11 3.70625e-11 2.81325e-11 2.07954e-11 1.48534e-11 1.00649e-11 5.49832e-12 5.49832e-12 
5.26564e-12 1.1324e-11 1.62993e-11 2.15027e-11 2.72964e-11 3.37916e-11 4.1102e-11 4.9482e-11 5.93839e-11 7.14131e-11 8.61505e-11 1.03913e-10 1.24574e-10 1.47563e-10 1.72024e-10 1.97024e-10 2.21736e-10 2.45728e-10 2.69455e-10 2.94449e-10 3.22163e-10 3.51676e-10 3.78904e-10 3.99279e-10 4.12167e-10 4.2316e-10 4.40887e-10 4.69089e-10 5.01778e-10 5.26941e-10 5.33622e-10 5.16309e-10 4.75843e-10 4.18222e-10 3.52398e-10 2.8776e-10 2.31699e-10 1.87778e-10 1.55309e-10 1.30921e-10 1.11076e-10 9.35753e-11 7.75774e-11 6.30023e-11 5.00136e-11 3.87503e-11 2.92319e-11 2.13648e-11 1.49728e-11 9.64214e-12 3.36076e-12 
1.08886e-11 1.76159e-11 2.39822e-11 3.08561e-11 3.83627e-11 4.64617e-11 5.51774e-11 6.47475e-11 7.56648e-11 8.85603e-11 1.03913e-10 1.21741e-10 1.41469e-10 1.62033e-10 1.82135e-10 2.00486e-10 2.16128e-10 2.29144e-10 2.41797e-10 2.58583e-10 2.82982e-10 3.12898e-10 3.41032e-10 3.60898e-10 3.72904e-10 3.85454e-10 4.08272e-10 4.42296e-10 4.77638e-10 5.00968e-10 5.02715e-10 4.79765e-10 4.3511e-10 3.762e-10 3.12749e-10 2.54237e-10 2.07241e-10 1.73378e-10 1.4954e-10 1.30921e-10 1.14062e-10 9.75997e-11 8.15276e-11 6.63447e-11 5.25559e-11 4.04829e-11 3.02366e-11 2.17585e-11 1.48364e-11 8.17467e-12 8.17467e-12 
8.4666e-12 1.82579e-11 2.62961e-11 3.45956e-11 4.35128e-11 5.28949e-11 6.25018e-11 7.2259e-11 8.24329e-11 9.36422e-11 1.06614e-10 1.21741e-10 1.38736e-10 1.56574e-10 1.73745e-10 1.88545e-10 1.9932e-10 2.04956e-10 2.06344e-10 2.08615e-10 2.20566e-10 2.46829e-10 2.80904e-10 3.10709e-10 3.29099e-10 3.39667e-10 3.54468e-10 3.82812e-10 4.2104e-10 4.55874e-10 4.7437e-10 4.69406e-10 4.40401e-10 3.92197e-10 3.33396e-10 2.74338e-10 2.2439e-10 1.88609e-10 1.65585e-10 1.4954e-10 1.35104e-10 1.19748e-10 1.03233e-10 8.63578e-11 7.00923e-11 5.51988e-11 4.21263e-11 3.10394e-11 2.18879e-11 1.41901e-11 5.02089e-12 
1.73148e-11 2.80689e-11 3.82369e-11 4.89929e-11 6.02074e-11 7.13742e-11 8.20234e-11 9.20343e-11 1.0185e-10 1.12384e-10 1.24574e-10 1.38736e-10 1.54212e-10 1.69504e-10 1.82671e-10 1.91625e-10 1.94295e-10 1.89458e-10 1.79485e-10 1.74368e-10 1.88526e-10 2.23408e-10 2.63478e-10 2.92992e-10 3.07446e-10 3.15772e-10 3.33115e-10 3.65721e-10 4.04575e-10 4.34912e-10 4.45898e-10 4.33272e-10 3.9862e-10 3.48173e-10 2.91531e-10 2.39636e-10 2.0123e-10 1.78373e-10 1.65585e-10 1.55309e-10 1.43011e-10 1.27649e-10 1.1009e-10 9.17759e-11 7.4022e-11 5.77649e-11 4.35378e-11 3.15335e-11 2.16282e-11 1.20265e-11 1.20265e-11 
1.32434e-11 2.86665e-11 4.1392e-11 5.4448e-11 6.8067e-11 8.15524e-11 9.39782e-11 1.04683e-10 1.13685e-10 1.21881e-10 1.30735e-10 1.41469e-10 1.54212e-10 1.67781e-10 1.80145e-10 1.8899e-10 1.91889e-10 1.86417e-10 1.71745e-10 1.53518e-10 1.49733e-10 1.77154e-10 2.24024e-10 2.66486e-10 2.90697e-10 2.98174e-10 3.03624e-10 3.22653e-10 3.55979e-10 3.90591e-10 4.12773e-10 4.14734e-10 3.94666e-10 3.55628e-10 3.0496e-10 2.53379e-10 2.12292e-10 1.88307e-10 1.78373e-10 1.73378e-10 1.66103e-10 1.53891e-10 1.37201e-10 1.17767e-10 9.74824e-11 7.78973e-11 6.00673e-11 4.45759e-11 3.16103e-11 2.06288e-11 7.4231e-12 
2.67426e-11 4.34993e-11 5.94131e-11 7.60051e-11 9.26015e-11 1.07834e-10 1.20359e-10 1.29523e-10 1.35857e-10 1.41124e-10 1.47563e-10 1.56574e-10 1.67781e-10 1.79263e-10 1.8849e-10 1.92909e-10 1.89898e-10 1.77199e-10 1.56105e-10 1.39349e-10 1.52348e-10 1.98397e-10 2.51153e-10 2.8812e-10 3.01808e-10 3.00645e-10 3.03006e-10 3.21237e-10 3.50251e-10 3.76139e-10 3.88114e-10 3.81194e-10 3.55033e-10 3.1362e-10 2.65593e-10 2.23077e-10 1.96835e-10 1.88307e-10 1.88609e-10 1.87778e-10 1.80767e-10 1.66919e-10 1.47844e-10 1.25864e-10 1.03171e-10 8.14745e-11 6.1915e-11 4.51057e-11 3.11093e-11 1.74658e-11 1.74658e-11 
2.00749e-11 4.36632e-11 6.33004e-11 8.3421e-11 1.03898e-10 1.23037e-10 1.38741e-10 1.49439e-10 1.54925e-10 1.56823e-10 1.58188e-10 1.62033e-10 1.69504e-10 1.79263e-10 1.8855e-10 1.94505e-10 1.94564e-10 1.86373e-10 1.69295e-10 1.50296e-10 1.51194e-10 1.88933e-10 2.45896e-10 2.94815e-10 3.19834e-10 3.2074e-10 3.11573e-10 3.10592e-10 3.24383e-10 3.44498e-10 3.59267e-10 3.61264e-10 3.47103e-10 3.16949e-10 2.7585e-10 2.34434e-10 2.05836e-10 1.96835e-10 2.0123e-10 2.07241e-10 2.07028e-10 1.98099e-10 1.81319e-10 1.59053e-10 1.33991e-10 1.08532e-10 8.45069e-11 6.31282e-11 4.49989e-11 2.95592e-11 1.08291e-11 
3.99858e-11 6.53266e-11 8.95984e-11 1.14645e-10 1.3877e-10 1.59148e-10 1.73102e-10 1.79318e-10 1.78768e-10 1.74818e-10 1.72024e-10 1.73745e-10 1.80145e-10 1.8855e-10 1.95478e-10 1.98043e-10 1.94081e-10 1.82542e-10 1.67036e-10 1.62869e-10 1.90661e-10 2.46076e-10 3.03782e-10 3.42122e-10 3.52604e-10 3.41816e-10 3.26606e-10 3.21401e-10 3.27334e-10 3.36255e-10 3.40384e-10 3.34561e-10 3.1551e-10 2.83784e-10 2.46524e-10 2.16781e-10 2.05836e-10 2.12292e-10 2.2439e-10 2.31699e-10 2.29424e-10 2.17051e-10 1.96418e-10 1.70344e-10 1.41767e-10 1.13249e-10 8.675e-11 6.35463e-11 4.40618e-11 2.49825e-11 2.49825e-11 
2.94055e-11 6.4316e-11 9.37167e-11 1.23907e-10 1.5398e-10 1.80548e-10 1.99715e-10 2.08734e-10 2.07422e-10 1.98812e-10 1.88458e-10 1.82135e-10 1.82671e-10 1.8849e-10 1.95478e-10 1.99768e-10 1.98887e-10 1.91804e-10 1.8055e-10 1.75409e-10 1.95202e-10 2.45668e-10 3.08309e-10 3.59379e-10 3.83885e-10 3.80655e-10 3.61315e-10 3.41903e-10 3.31206e-10 3.27608e-10 3.26118e-10 3.224e-10 3.11545e-10 2.89717e-10 2.59098e-10 2.30218e-10 2.16781e-10 2.23077e-10 2.39636e-10 2.54237e-10 2.59656e-10 2.53585e-10 2.36772e-10 2.11626e-10 1.81259e-10 1.48802e-10 1.17006e-10 8.79823e-11 6.3025e-11 4.16626e-11 1.55491e-11 
5.77274e-11 9.4789e-11 1.3068e-10 1.67431e-10 2.01579e-10 2.28022e-10 2.42289e-10 2.4257e-10 2.30949e-10 2.13214e-10 1.97024e-10 1.88545e-10 1.8899e-10 1.94505e-10 1.99768e-10 2.0105e-10 1.96916e-10 1.88657e-10 1.8337e-10 1.96701e-10 2.40188e-10 3.03769e-10 3.65046e-10 4.04954e-10 4.15522e-10 4.01899e-10 3.77756e-10 3.55293e-10 3.38416e-10 3.26113e-10 3.17385e-10 3.09143e-10 2.9512e-10 2.72049e-10 2.45889e-10 2.30218e-10 2.34434e-10 2.53379e-10 2.74338e-10 2.8776e-10 2.8936e-10 2.7847e-10 2.56574e-10 2.26425e-10 1.91349e-10 1.54707e-10 1.19499e-10 8.80171e-11 6.13356e-11 3.51154e-11 3.51154e-11 
4.15273e-11 9.13967e-11 1.33935e-10 1.778e-10 2.20621e-10 2.56329e-10 2.78519e-10 2.83272e-10 2.7115e-10 2.47494e-10 2.20919e-10 2.00486e-10 1.91625e-10 1.92909e-10 1.98043e-10 2.0105e-10 1.99013e-10 1.9241e-10 1.8637e-10 1.93525e-10 2.28167e-10 2.88448e-10 3.55867e-10 4.09773e-10 4.37077e-10 4.36495e-10 4.17265e-10 3.91711e-10 3.66864e-10 3.44296e-10 3.2601e-10 3.13641e-10 3.02677e-10 2.85854e-10 2.63279e-10 2.45889e-10 2.46524e-10 2.65593e-10 2.91531e-10 3.12749e-10 3.22834e-10 3.19582e-10 3.03298e-10 2.75888e-10 2.40324e-10 2.00155e-10 1.59079e-10 1.20455e-10 8.67049e-11 5.76505e-11 2.19199e-11 
8.03037e-11 1.32576e-10 1.83811e-10 2.35922e-10 2.82588e-10 3.15425e-10 3.27906e-10 3.18454e-10 2.91406e-10 2.55588e-10 2.21736e-10 1.9932e-10 1.91889e-10 1.94564e-10 1.98887e-10 1.99013e-10 1.93659e-10 1.86347e-10 1.87154e-10 2.11109e-10 2.63627e-10 3.31942e-10 3.96034e-10 4.39712e-10 4.56251e-10 4.49597e-10 4.29884e-10 4.05215e-10 3.78124e-10 3.5109e-10 3.29836e-10 3.15752e-10 3.01667e-10 2.82118e-10 2.63279e-10 2.59098e-10 2.7585e-10 3.0496e-10 3.33396e-10 3.52398e-10 3.58058e-10 3.49469e-10 3.27481e-10 2.94222e-10 2.5283e-10 2.07193e-10 1.61539e-10 1.19668e-10 8.37781e-11 4.84031e-11 4.84031e-11 
5.64445e-11 1.25063e-10 1.84352e-10 2.45779e-10 3.04517e-10 3.50525e-10 3.74226e-10 3.71124e-10 3.43963e-10 3.01389e-10 2.54848e-10 2.16128e-10 1.94295e-10 1.89898e-10 1.94081e-10 1.96916e-10 1.93659e-10 1.8561e-10 1.80485e-10 1.92566e-10 2.33078e-10 2.96385e-10 3.65037e-10 4.21723e-10 4.55908e-10 4.66485e-10 4.59913e-10 4.4354e-10 4.19826e-10 3.89632e-10 3.59408e-10 3.37162e-10 3.20991e-10 3.02576e-10 2.82118e-10 2.72049e-10 2.83784e-10 3.1362e-10 3.48173e-10 3.762e-10 3.91727e-10 3.92527e-10 3.78437e-10 3.50563e-10 3.11107e-10 2.6341e-10 2.11957e-10 1.61751e-10 1.16984e-10 7.81782e-11 3.02654e-11 
1.07484e-10 1.78417e-10 2.48776e-10 3.19832e-10 3.80977e-10 4.19409e-10 4.26771e-10 4.0332e-10 3.57261e-10 3.0056e-10 2.45728e-10 2.04956e-10 1.86417e-10 1.86373e-10 1.91804e-10 1.9241e-10 1.8561e-10 1.76318e-10 1.76879e-10 2.02159e-10 2.54604e-10 3.21197e-10 3.85199e-10 4.34117e-10 4.62949e-10 4.74017e-10 4.72382e-10 4.59551e-10 4.33903e-10 3.99344e-10 3.67568e-10 3.44979e-10 3.25092e-10 3.02576e-10 2.85854e-10 2.89717e-10 3.16949e-10 3.55628e-10 3.92197e-10 4.18222e-10 4.29792e-10 4.2568e-10 4.06101e-10 3.72168e-10 3.2603e-10 2.71457e-10 2.13948e-10 1.5948e-10 1.12107e-10 6.52959e-11 6.52959e-11 
7.3753e-11 1.64569e-10 2.43963e-10 3.26569e-10 4.03802e-10 4.60116e-10 4.82393e-10 4.6703e-10 4.21176e-10 3.5767e-10 2.8952e-10 2.29144e-10 1.89458e-10 1.77199e-10 1.82542e-10 1.88657e-10 1.86347e-10 1.76318e-10 1.67901e-10 1.76788e-10 2.13315e-10 2.71125e-10 3.35438e-10 3.93402e-10 4.37778e-10 4.6735e-10 4.84076e-10 4.87663e-10 4.73909e-10 4.42393e-10 4.0426e-10 3.73458e-10 3.49897e-10 3.25092e-10 3.01667e-10 2.9512e-10 3.1551e-10 3.55033e-10 3.9862e-10 4.3511e-10 4.58473e-10 4.66061e-10 4.5722e-10 4.32237e-10 3.91913e-10 3.3836e-10 2.76288e-10 2.12734e-10 1.5458e-10 1.03719e-10 4.08367e-11 
1.38285e-10 2.30742e-10 3.23433e-10 4.16271e-10 4.92661e-10 5.34356e-10 5.32118e-10 4.90612e-10 4.2377e-10 3.46118e-10 2.69455e-10 2.06344e-10 1.71745e-10 1.69295e-10 1.8055e-10 1.8637e-10 1.80485e-10 1.67901e-10 1.62368e-10 1.79649e-10 2.22502e-10 2.79892e-10 3.3957e-10 3.93621e-10 4.38657e-10 4.73709e-10 4.96195e-10 4.99557e-10 4.78775e-10 4.40975e-10 4.03978e-10 3.76295e-10 3.49897e-10 3.20991e-10 3.02677e-10 3.11545e-10 3.47103e-10 3.94666e-10 4.40401e-10 4.75843e-10 4.96456e-10 5.00323e-10 4.87091e-10 4.56693e-10 4.09272e-10 3.47277e-10 2.77213e-10 2.08039e-10 1.46741e-10 8.60401e-11 8.60401e-11 
9.25745e-11 2.08069e-10 3.10019e-10 4.16407e-10 5.13408e-10 5.78433e-10 5.94984e-10 5.62773e-10 4.96094e-10 4.12448e-10 3.2438e-10 2.41797e-10 1.79485e-10 1.56105e-10 1.67036e-10 1.8337e-10 1.87154e-10 1.76879e-10 1.62368e-10 1.60417e-10 1.83205e-10 2.269e-10 2.80609e-10 3.36532e-10 3.90624e-10 4.40075e-10 4.8022e-10 5.02577e-10 4.98338e-10 4.68894e-10 4.31347e-10 4.01882e-10 3.76295e-10 3.44979e-10 3.15752e-10 3.09143e-10 3.34561e-10 3.81194e-10 4.33272e-10 4.79765e-10 5.13946e-10 5.32045e-10 5.32676e-10 5.1544e-10 4.79229e-10 4.23425e-10 3.51797e-10 2.73641e-10 1.99745e-10 1.34391e-10 5.37297e-11 
1.70919e-10 2.86535e-10 4.0345e-10 5.19388e-10 6.10097e-10 6.51229e-10 6.34451e-10 5.72e-10 4.85165e-10 3.89852e-10 2.94449e-10 2.08615e-10 1.53518e-10 1.50296e-10 1.75409e-10 1.93525e-10 1.92566e-10 1.76788e-10 1.60417e-10 1.6078e-10 1.8468e-10 2.25292e-10 2.74902e-10 3.29638e-10 3.86331e-10 4.39196e-10 4.78537e-10 4.93107e-10 4.78764e-10 4.4824e-10 4.2211e-10 4.01882e-10 3.73458e-10 3.37162e-10 3.13641e-10 3.224e-10 3.61264e-10 4.14734e-10 4.69406e-10 5.16309e-10 5.49398e-10 5.6545e-10 5.63537e-10 5.42459e-10 4.99252e-10 4.33164e-10 3.50892e-10 2.65245e-10 1.87578e-10 1.10534e-10 1.10534e-10 
1.11584e-10 2.52638e-10 3.78008e-10 5.09005e-10 6.25176e-10 6.95719e-10 7.01618e-10 6.48906e-10 5.61532e-10 4.61501e-10 3.58857e-10 2.58583e-10 1.74368e-10 1.39349e-10 1.62869e-10 1.96701e-10 2.11109e-10 2.02159e-10 1.79649e-10 1.6078e-10 1.60831e-10 1.81974e-10 2.17931e-10 2.64705e-10 3.19803e-10 3.77696e-10 4.28478e-10 4.59898e-10 4.63852e-10 4.47153e-10 4.30797e-10 4.2211e-10 4.03978e-10 3.67568e-10 3.29836e-10 3.17385e-10 3.40384e-10 3.88114e-10 4.45898e-10 5.02715e-10 5.50183e-10 5.82515e-10 5.97273e-10 5.93568e-10 5.6805e-10 5.15551e-10 4.36962e-10 3.4374e-10 2.51992e-10 1.69769e-10 6.87985e-11 
2.02906e-10 3.41513e-10 4.82534e-10 6.2078e-10 7.23111e-10 7.59118e-10 7.23699e-10 6.39556e-10 5.3608e-10 4.29172e-10 3.22163e-10 2.20566e-10 1.49733e-10 1.51194e-10 1.95202e-10 2.28167e-10 2.33078e-10 2.13315e-10 1.83205e-10 1.60831e-10 1.57882e-10 1.74106e-10 2.05632e-10 2.50546e-10 3.04737e-10 3.59197e-10 4.01896e-10 4.22775e-10 4.23319e-10 4.21956e-10 4.30797e-10 4.31347e-10 4.0426e-10 3.59408e-10 3.2601e-10 3.26118e-10 3.59267e-10 4.12773e-10 4.7437e-10 5.33622e-10 5.81866e-10 6.13987e-10 6.28534e-10 6.2336e-10 5.9137e-10 5.262e-10 4.33272e-10 3.29984e-10 2.33751e-10 1.38191e-10 1.38191e-10 
1.29154e-10 2.94552e-10 4.42085e-10 5.9618e-10 7.28898e-10 8.00849e-10 7.91985e-10 7.17355e-10 6.11878e-10 5.01207e-10 3.91603e-10 2.82982e-10 1.88526e-10 1.52348e-10 1.90661e-10 2.40188e-10 2.63627e-10 2.54604e-10 2.22502e-10 1.8468e-10 1.57882e-10 1.50167e-10 1.61076e-10 1.88974e-10 2.31497e-10 2.81508e-10 3.28021e-10 3.60632e-10 3.77247e-10 3.92478e-10 4.21956e-10 4.4824e-10 4.40975e-10 3.99344e-10 3.5109e-10 3.26113e-10 3.36255e-10 3.76139e-10 4.34912e-10 5.00968e-10 5.62896e-10 6.121e-10 6.44985e-10 6.60486e-10 6.52837e-10 6.10433e-10 5.28799e-10 4.20976e-10 3.09806e-10 2.08704e-10 8.55702e-11 
2.31377e-10 3.90634e-10 5.53221e-10 7.10683e-10 8.2071e-10 8.47718e-10 7.92008e-10 6.88173e-10 5.73101e-10 4.61502e-10 3.51676e-10 2.46829e-10 1.77154e-10 1.88933e-10 2.45668e-10 2.88448e-10 2.96385e-10 2.71125e-10 2.269e-10 1.81974e-10 1.50167e-10 1.3722e-10 1.43608e-10 1.68398e-10 2.06994e-10 2.49985e-10 2.87373e-10 3.15156e-10 3.44199e-10 3.92478e-10 4.47153e-10 4.68894e-10 4.42393e-10 3.89632e-10 3.44296e-10 3.27608e-10 3.44498e-10 3.90591e-10 4.55874e-10 5.26941e-10 5.91388e-10 6.42016e-10 6.7717e-10 6.94044e-10 6.80515e-10 6.22123e-10 5.21086e-10 3.99805e-10 2.83419e-10 1.67826e-10 1.67826e-10 
1.43582e-10 3.29801e-10 4.95907e-10 6.69136e-10 8.14155e-10 8.83747e-10 8.58543e-10 7.63863e-10 6.449e-10 5.29501e-10 4.19994e-10 3.12898e-10 2.23408e-10 1.98397e-10 2.46076e-10 3.03769e-10 3.31942e-10 3.21197e-10 2.79892e-10 2.25292e-10 1.74106e-10 1.3722e-10 1.19822e-10 1.23046e-10 1.44983e-10 1.78514e-10 2.14135e-10 2.46696e-10 2.83753e-10 3.44199e-10 4.23319e-10 4.78764e-10 4.78775e-10 4.33903e-10 3.78124e-10 3.38416e-10 3.27334e-10 3.50251e-10 4.04575e-10 4.77638e-10 5.53401e-10 6.20078e-10 6.73304e-10 7.12316e-10 7.28799e-10 7.03064e-10 6.22798e-10 5.01699e-10 3.70412e-10 2.49211e-10 1.03205e-10 
2.53511e-10 4.289e-10 6.08125e-10 7.7976e-10 8.93367e-10 9.09801e-10 8.35883e-10 7.17172e-10 5.95934e-10 4.84955e-10 3.78904e-10 2.80904e-10 2.24024e-10 2.45896e-10 3.08309e-10 3.55867e-10 3.65037e-10 3.35438e-10 2.80609e-10 2.17931e-10 1.61076e-10 1.19822e-10 9.96442e-11 1.01247e-10 1.20798e-10 1.49646e-10 1.81292e-10 2.20032e-10 2.83753e-10 3.77247e-10 4.63852e-10 4.98338e-10 4.73909e-10 4.19826e-10 3.66864e-10 3.31206e-10 3.24383e-10 3.55979e-10 4.2104e-10 5.01778e-10 5.81164e-10 6.50353e-10 7.08155e-10 7.51347e-10 7.62018e-10 7.15626e-10 6.09408e-10 4.70741e-10 3.33671e-10 1.97636e-10 1.97636e-10 
1.53378e-10 3.54759e-10 5.33748e-10 7.20092e-10 8.72398e-10 9.37588e-10 8.98269e-10 7.89057e-10 6.62515e-10 5.46802e-10 4.4121e-10 3.41032e-10 2.63478e-10 2.51153e-10 3.03782e-10 3.65046e-10 3.96034e-10 3.85199e-10 3.3957e-10 2.74902e-10 2.05632e-10 1.43608e-10 9.96442e-11 7.86881e-11 8.02772e-11 9.85429e-11 1.25277e-10 1.6087e-10 2.20032e-10 3.15156e-10 4.22775e-10 4.93107e-10 4.99557e-10 4.59551e-10 4.05215e-10 3.55293e-10 3.21401e-10 3.21237e-10 3.65721e-10 4.42296e-10 5.29016e-10 6.11076e-10 6.84247e-10 7.48576e-10 7.9291e-10 7.88332e-10 7.13088e-10 5.80618e-10 4.29743e-10 2.88496e-10 1.20503e-10 
2.6702e-10 4.52249e-10 6.41323e-10 8.20921e-10 9.34925e-10 9.42581e-10 8.56651e-10 7.30274e-10 6.07766e-10 4.99708e-10 3.99279e-10 3.10709e-10 2.66486e-10 2.94815e-10 3.59379e-10 4.09773e-10 4.21723e-10 3.93402e-10 3.36532e-10 2.64705e-10 1.88974e-10 1.23046e-10 7.86881e-11 5.87677e-11 6.20506e-11 8.10686e-11 1.10894e-10 1.6087e-10 2.46696e-10 3.60632e-10 4.59898e-10 5.02577e-10 4.87663e-10 4.4354e-10 3.91711e-10 3.41903e-10 3.10592e-10 3.22653e-10 3.82812e-10 4.69089e-10 5.59515e-10 6.44517e-10 7.24212e-10 7.94912e-10 8.32237e-10 8.00745e-10 6.91823e-10 5.37403e-10 3.80625e-10 2.25302e-10 2.25302e-10 
1.57533e-10 3.66835e-10 5.51585e-10 7.4379e-10 8.98568e-10 9.59842e-10 9.1261e-10 7.97548e-10 6.70054e-10 5.56581e-10 4.54826e-10 3.60898e-10 2.92992e-10 2.8812e-10 3.42122e-10 4.04954e-10 4.39712e-10 4.34117e-10 3.93621e-10 3.29638e-10 2.50546e-10 1.68398e-10 1.01247e-10 5.87677e-11 4.12311e-11 4.82463e-11 7.1225e-11 1.10894e-10 1.81292e-10 2.87373e-10 4.01896e-10 4.78537e-10 4.96195e-10 4.72382e-10 4.29884e-10 3.77756e-10 3.26606e-10 3.03006e-10 3.33115e-10 4.08272e-10 5.00841e-10 5.9364e-10 6.83637e-10 7.71967e-10 8.44032e-10 8.61365e-10 7.92799e-10 6.51107e-10 4.8269e-10 3.23172e-10 1.36012e-10 
2.70563e-10 4.58323e-10 6.49512e-10 8.30634e-10 9.43422e-10 9.4738e-10 8.58926e-10 7.33718e-10 6.14379e-10 5.09262e-10 4.12167e-10 3.29099e-10 2.90697e-10 3.19834e-10 3.83885e-10 4.37077e-10 4.55908e-10 4.37778e-10 3.90624e-10 3.19803e-10 2.31497e-10 1.44983e-10 8.02772e-11 4.12311e-11 2.70716e-11 4.05711e-11 7.1225e-11 1.25277e-10 2.14135e-10 3.28021e-10 4.28478e-10 4.8022e-10 4.84076e-10 4.59913e-10 4.17265e-10 3.61315e-10 3.11573e-10 3.03624e-10 3.54468e-10 4.40887e-10 5.36694e-10 6.32628e-10 7.3076e-10 8.26452e-10 8.88428e-10 8.71196e-10 7.6095e-10 5.93467e-10 4.19826e-10 2.48239e-10 2.48239e-10 
1.55691e-10 3.64949e-10 5.47864e-10 7.38457e-10 8.91721e-10 9.51867e-10 9.05714e-10 7.95313e-10 6.73956e-10 5.64676e-10 4.64874e-10 3.72904e-10 3.07446e-10 3.01808e-10 3.52604e-10 4.15522e-10 4.56251e-10 4.62949e-10 4.38657e-10 3.86331e-10 3.04737e-10 2.06994e-10 1.20798e-10 6.20506e-11 2.70716e-11 1.79543e-11 4.05711e-11 8.10686e-11 1.49646e-10 2.49985e-10 3.59197e-10 4.39196e-10 4.73709e-10 4.74017e-10 4.49597e-10 4.01899e-10 3.41816e-10 3.00645e-10 3.15772e-10 3.85454e-10 4.78566e-10 5.76586e-10 6.78567e-10 7.86596e-10 8.81937e-10 9.17465e-10 8.54646e-10 7.05948e-10 5.23735e-10 3.49698e-10 1.48197e-10 
2.63969e-10 4.46892e-10 6.32578e-10 8.09334e-10 9.20693e-10 9.2794e-10 8.47827e-10 7.33154e-10 6.21732e-10 5.19832e-10 4.2316e-10 3.39667e-10 2.98174e-10 3.2074e-10 3.80655e-10 4.36495e-10 4.66485e-10 4.6735e-10 4.40075e-10 3.77696e-10 2.81508e-10 1.78514e-10 9.85429e-11 4.82463e-11 1.79543e-11 1.79543e-11 4.82463e-11 9.85429e-11 1.78514e-10 2.81508e-10 3.77696e-10 4.40075e-10 4.6735e-10 4.66485e-10 4.36495e-10 3.80655e-10 3.2074e-10 2.98174e-10 3.39667e-10 4.2316e-10 5.19832e-10 6.21732e-10 7.33154e-10 8.47827e-10 9.2794e-10 9.20693e-10 8.09334e-10 6.32578e-10 4.46892e-10 2.63969e-10 2.63969e-10 
1.48197e-10 3.49698e-10 5.23735e-10 7.05948e-10 8.54646e-10 9.17465e-10 8.81937e-10 7.86596e-10 6.78567e-10 5.76586e-10 4.78566e-10 3.85454e-10 3.15772e-10 3.00645e-10 3.41816e-10 4.01899e-10 4.49597e-10 4.74017e-10 4.73709e-10 4.39196e-10 3.59197e-10 2.49985e-10 1.49646e-10 8.10686e-11 4.05711e-11 1.79543e-11 2.70716e-11 6.20506e-11 1.20798e-10 2.06994e-10 3.04737e-10 3.86331e-10 4.38657e-10 4.62949e-10 4.56251e-10 4.15522e-10 3.52604e-10 3.01808e-10 3.07446e-10 3.72904e-10 4.64874e-10 5.64676e-10 6.73956e-10 7.95313e-10 9.05714e-10 9.51867e-10 8.91721e-10 7.38457e-10 5.47864e-10 3.64949e-10 1.55691e-10 
2.48239e-10 4.19826e-10 5.93467e-10 7.6095e-10 8.71196e-10 8.88428e-10 8.26452e-10 7.3076e-10 6.32628e-10 5.36694e-10 4.40887e-10 3.54468e-10 3.03624e-10 3.11573e-10 3.61315e-10 4.17265e-10 4.59913e-10 4.84076e-10 4.8022e-10 4.28478e-10 3.28021e-10 2.14135e-10 1.25277e-10 7.1225e-11 4.05711e-11 2.70716e-11 4.12311e-11 8.02772e-11 1.44983e-10 2.31497e-10 3.19803e-10 3.90624e-10 4.37778e-10 4.55908e-10 4.37077e-10 3.83885e-10 3.19834e-10 2.90697e-10 3.29099e-10 4.12167e-10 5.09262e-10 6.14379e-10 7.33718e-10 8.58926e-10 9.4738e-10 9.43422e-10 8.30634e-10 6.49512e-10 4.58323e-10 2.70563e-10 2.70563e-10 
1.36012e-10 3.23172e-10 4.8269e-10 6.51107e-10 7.92799e-10 8.61365e-10 8.44032e-10 7.71967e-10 6.83637e-10 5.9364e-10 5.00841e-10 4.08272e-10 3.33115e-10 3.03006e-10 3.26606e-10 3.77756e-10 4.29884e-10 4.72382e-10 4.96195e-10 4.78537e-10 4.01896e-10 2.87373e-10 1.81292e-10 1.10894e-10 7.1225e-11 4.82463e-11 4.12311e-11 5.87677e-11 1.01247e-10 1.68398e-10 2.50546e-10 3.29638e-10 3.93621e-10 4.34117e-10 4.39712e-10 4.04954e-10 3.42122e-10 2.8812e-10 2.92992e-10 3.60898e-10 4.54826e-10 5.56581e-10 6.70054e-10 7.97548e-10 9.1261e-10 9.59842e-10 8.98568e-10 7.4379e-10 5.51585e-10 3.66835e-10 1.57533e-10 
2.25302e-10 3.80625e-10 5.37403e-10 6.91823e-10 8.00745e-10 8.32237e-10 7.94912e-10 7.24212e-10 6.44517e-10 5.59515e-10 4.69089e-10 3.82812e-10 3.22653e-10 3.10592e-10 3.41903e-10 3.91711e-10 4.4354e-10 4.87663e-10 5.02577e-10 4.59898e-10 3.60632e-10 2.46696e-10 1.6087e-10 1.10894e-10 8.10686e-11 6.20506e-11 5.87677e-11 7.86881e-11 1.23046e-10 1.88974e-10 2.64705e-10 3.36532e-10 3.93402e-10 4.21723e-10 4.09773e-10 3.59379e-10 2.94815e-10 2.66486e-10 3.10709e-10 3.99279e-10 4.99708e-10 6.07766e-10 7.30274e-10 8.56651e-10 9.42581e-10 9.34925e-10 8.20921e-10 6.41323e-10 4.52249e-10 2.6702e-10 2.6702e-10 
1.20503e-10 2.88496e-10 4.29743e-10 5.80618e-10 7.13088e-10 7.88332e-10 7.9291e-10 7.48576e-10 6.84247e-10 6.11076e-10 5.29016e-10 4.42296e-10 3.65721e-10 3.21237e-10 3.21401e-10 3.55293e-10 4.05215e-10 4.59551e-10 4.99557e-10 4.93107e-10 4.22775e-10 3.15156e-10 2.20032e-10 1.6087e-10 1.25277e-10 9.85429e-11 8.02772e-11 7.86881e-11 9.96442e-11 1.43608e-10 2.05632e-10 2.74902e-10 3.3957e-10 3.85199e-10 3.96034e-10 3.65046e-10 3.03782e-10 2.51153e-10 2.63478e-10 3.41032e-10 4.4121e-10 5.46802e-10 6.62515e-10 7.89057e-10 8.98269e-10 9.37588e-10 8.72398e-10 7.20092e-10 5.33748e-10 3.54759e-10 1.53378e-10 
1.97636e-10 3.33671e-10 4.70741e-10 6.09408e-10 7.15626e-10 7.62018e-10 7.51347e-10 7.08155e-10 6.50353e-10 5.81164e-10 5.01778e-10 4.2104e-10 3.55979e-10 3.24383e-10 3.31206e-10 3.66864e-10 4.19826e-10 4.73909e-10 4.98338e-10 4.63852e-10 3.77247e-10 2.83753e-10 2.20032e-10 1.81292e-10 1.49646e-10 1.20798e-10 1.01247e-10 9.96442e-11 1.19822e-10 1.61076e-10 2.17931e-10 2.80609e-10 3.35438e-10 3.65037e-10 3.55867e-10 3.08309e-10 2.45896e-10 2.24024e-10 2.80904e-10 3.78904e-10 4.84955e-10 5.95934e-10 7.17172e-10 8.35883e-10 9.09801e-10 8.93367e-10 7.7976e-10 6.08125e-10 4.289e-10 2.53511e-10 2.53511e-10 
1.03205e-10 2.49211e-10 3.70412e-10 5.01699e-10 6.22798e-10 7.03064e-10 7.28799e-10 7.12316e-10 6.73304e-10 6.20078e-10 5.53401e-10 4.77638e-10 4.04575e-10 3.50251e-10 3.27334e-10 3.38416e-10 3.78124e-10 4.33903e-10 4.78775e-10 4.78764e-10 4.23319e-10 3.44199e-10 2.83753e-10 2.46696e-10 2.14135e-10 1.78514e-10 1.44983e-10 1.23046e-10 1.19822e-10 1.3722e-10 1.74106e-10 2.25292e-10 2.79892e-10 3.21197e-10 3.31942e-10 3.03769e-10 2.46076e-10 1.98397e-10 2.23408e-10 3.12898e-10 4.19994e-10 5.29501e-10 6.449e-10 7.63863e-10 8.58543e-10 8.83747e-10 8.14155e-10 6.69136e-10 4.95907e-10 3.29801e-10 1.43582e-10 
1.67826e-10 2.83419e-10 3.99805e-10 5.21086e-10 6.22123e-10 6.80515e-10 6.94044e-10 6.7717e-10 6.42016e-10 5.91388e-10 5.26941e-10 4.55874e-10 3.90591e-10 3.44498e-10 3.27608e-10 3.44296e-10 3.89632e-10 4.42393e-10 4.68894e-10 4.47153e-10 3.92478e-10 3.44199e-10 3.15156e-10 2.87373e-10 2.49985e-10 2.06994e-10 1.68398e-10 1.43608e-10 1.3722e-10 1.50167e-10 1.81974e-10 2.269e-10 2.71125e-10 2.96385e-10 2.88448e-10 2.45668e-10 1.88933e-10 1.77154e-10 2.46829e-10 3.51676e-10 4.61502e-10 5.73101e-10 6.88173e-10 7.92008e-10 8.47718e-10 8.2071e-10 7.10683e-10 5.53221e-10 3.90634e-10 2.31377e-10 2.31377e-10 
8.55702e-11 2.08704e-10 3.09806e-10 4.20976e-10 5.28799e-10 6.10433e-10 6.52837e-10 6.60486e-10 6.44985e-10 6.121e-10 5.62896e-10 5.00968e-10 4.34912e-10 3.76139e-10 3.36255e-10 3.26113e-10 3.5109e-10 3.99344e-10 4.40975e-10 4.4824e-10 4.21956e-10 3.92478e-10 3.77247e-10 3.60632e-10 3.28021e-10 2.81508e-10 2.31497e-10 1.88974e-10 1.61076e-10 1.50167e-10 1.57882e-10 1.8468e-10 2.22502e-10 2.54604e-10 2.63627e-10 2.40188e-10 1.90661e-10 1.52348e-10 1.88526e-10 2.82982e-10 3.91603e-10 5.01207e-10 6.11878e-10 7.17355e-10 7.91985e-10 8.00849e-10 7.28898e-10 5.9618e-10 4.42085e-10 2.94552e-10 1.29154e-10 
1.38191e-10 2.33751e-10 3.29984e-10 4.33272e-10 5.262e-10 5.9137e-10 6.2336e-10 6.28534e-10 6.13987e-10 5.81866e-10 5.33622e-10 4.7437e-10 4.12773e-10 3.59267e-10 3.26118e-10 3.2601e-10 3.59408e-10 4.0426e-10 4.31347e-10 4.30797e-10 4.21956e-10 4.23319e-10 4.22775e-10 4.01896e-10 3.59197e-10 3.04737e-10 2.50546e-10 2.05632e-10 1.74106e-10 1.57882e-10 1.60831e-10 1.83205e-10 2.13315e-10 2.33078e-10 2.28167e-10 1.95202e-10 1.51194e-10 1.49733e-10 2.20566e-10 3.22163e-10 4.29172e-10 5.3608e-10 6.39556e-10 7.23699e-10 7.59118e-10 7.23111e-10 6.2078e-10 4.82534e-10 3.41513e-10 2.02906e-10 2.02906e-10 
6.87985e-11 1.69769e-10 2.51992e-10 3.4374e-10 4.36962e-10 5.15551e-10 5.6805e-10 5.93568e-10 5.97273e-10 5.82515e-10 5.50183e-10 5.02715e-10 4.45898e-10 3.88114e-10 3.40384e-10 3.17385e-10 3.29836e-10 3.67568e-10 4.03978e-10 4.2211e-10 4.30797e-10 4.47153e-10 4.63852e-10 4.59898e-10 4.28478e-10 3.77696e-10 3.19803e-10 2.64705e-10 2.17931e-10 1.81974e-10 1.60831e-10 1.6078e-10 1.79649e-10 2.02159e-10 2.11109e-10 1.96701e-10 1.62869e-10 1.39349e-10 1.74368e-10 2.58583e-10 3.58857e-10 4.61501e-10 5.61532e-10 6.48906e-10 7.01618e-10 6.95719e-10 6.25176e-10 5.09005e-10 3.78008e-10 2.52638e-10 1.11584e-10 
1.10534e-10 1.87578e-10 2.65245e-10 3.50892e-10 4.33164e-10 4.99252e-10 5.42459e-10 5.63537e-10 5.6545e-10 5.49398e-10 5.16309e-10 4.69406e-10 4.14734e-10 3.61264e-10 3.224e-10 3.13641e-10 3.37162e-10 3.73458e-10 4.01882e-10 4.2211e-10 4.4824e-10 4.78764e-10 4.93107e-10 4.78537e-10 4.39196e-10 3.86331e-10 3.29638e-10 2.74902e-10 2.25292e-10 1.8468e-10 1.6078e-10 1.60417e-10 1.76788e-10 1.92566e-10 1.93525e-10 1.75409e-10 1.50296e-10 1.53518e-10 2.08615e-10 2.94449e-10 3.89852e-10 4.85165e-10 5.72e-10 6.34451e-10 6.51229e-10 6.10097e-10 5.19388e-10 4.0345e-10 2.86535e-10 1.70919e-10 1.70919e-10 
5.37297e-11 1.34391e-10 1.99745e-10 2.73641e-10 3.51797e-10 4.23425e-10 4.79229e-10 5.1544e-10 5.32676e-10 5.32045e-10 5.13946e-10 4.79765e-10 4.33272e-10 3.81194e-10 3.34561e-10 3.09143e-10 3.15752e-10 3.44979e-10 3.76295e-10 4.01882e-10 4.31347e-10 4.68894e-10 4.98338e-10 5.02577e-10 4.8022e-10 4.40075e-10 3.90624e-10 3.36532e-10 2.80609e-10 2.269e-10 1.83205e-10 1.60417e-10 1.62368e-10 1.76879e-10 1.87154e-10 1.8337e-10 1.67036e-10 1.56105e-10 1.79485e-10 2.41797e-10 3.2438e-10 4.12448e-10 4.96094e-10 5.62773e-10 5.94984e-10 5.78433e-10 5.13408e-10 4.16407e-10 3.10019e-10 2.08069e-10 9.25745e-11 
8.60401e-11 1.46741e-10 2.08039e-10 2.77213e-10 3.47277e-10 4.09272e-10 4.56693e-10 4.87091e-10 5.00323e-10 4.96456e-10 4.75843e-10 4.40401e-10 3.94666e-10 3.47103e-10 3.11545e-10 3.02677e-10 3.20991e-10 3.49897e-10 3.76295e-10 4.03978e-10 4.40975e-10 4.78775e-10 4.99557e-10 4.96195e-10 4.73709e-10 4.38657e-10 3.93621e-10 3.3957e-10 2.79892e-10 2.22502e-10 1.79649e-10 1.62368e-10 1.67901e-10 1.80485e-10 1.8637e-10 1.8055e-10 1.69295e-10 1.71745e-10 2.06344e-10 2.69455e-10 3.46118e-10 4.2377e-10 4.90612e-10 5.32118e-10 5.34356e-10 4.92661e-10 4.16271e-10 3.23433e-10 2.30742e-10 1.38285e-10 1.38285e-10 
4.08367e-11 1.03719e-10 1.5458e-10 2.12734e-10 2.76288e-10 3.3836e-10 3.91913e-10 4.32237e-10 4.5722e-10 4.66061e-10 4.58473e-10 4.3511e-10 3.9862e-10 3.55033e-10 3.1551e-10 2.9512e-10 3.01667e-10 3.25092e-10 3.49897e-10 3.73458e-10 4.0426e-10 4.42393e-10 4.73909e-10 4.87663e-10 4.84076e-10 4.6735e-10 4.37778e-10 3.93402e-10 3.35438e-10 2.71125e-10 2.13315e-10 1.76788e-10 1.67901e-10 1.76318e-10 1.86347e-10 1.88657e-10 1.82542e-10 1.77199e-10 1.89458e-10 2.29144e-10 2.8952e-10 3.5767e-10 4.21176e-10 4.6703e-10 4.82393e-10 4.60116e-10 4.03802e-10 3.26569e-10 2.43963e-10 1.64569e-10 7.3753e-11 
6.52959e-11 1.12107e-10 1.5948e-10 2.13948e-10 2.71457e-10 3.2603e-10 3.72168e-10 4.06101e-10 4.2568e-10 4.29792e-10 4.18222e-10 3.92197e-10 3.55628e-10 3.16949e-10 2.89717e-10 2.85854e-10 3.02576e-10 3.25092e-10 3.44979e-10 3.67568e-10 3.99344e-10 4.33903e-10 4.59551e-10 4.72382e-10 4.74017e-10 4.62949e-10 4.34117e-10 3.85199e-10 3.21197e-10 2.54604e-10 2.02159e-10 1.76879e-10 1.76318e-10 1.8561e-10 1.9241e-10 1.91804e-10 1.86373e-10 1.86417e-10 2.04956e-10 2.45728e-10 3.0056e-10 3.57261e-10 4.0332e-10 4.26771e-10 4.19409e-10 3.80977e-10 3.19832e-10 2.48776e-10 1.78417e-10 1.07484e-10 1.07484e-10 
3.02654e-11 7.81782e-11 1.16984e-10 1.61751e-10 2.11957e-10 2.6341e-10 3.11107e-10 3.50563e-10 3.78437e-10 3.92527e-10 3.91727e-10 3.762e-10 3.48173e-10 3.1362e-10 2.83784e-10 2.72049e-10 2.82118e-10 3.02576e-10 3.20991e-10 3.37162e-10 3.59408e-10 3.89632e-10 4.19826e-10 4.4354e-10 4.59913e-10 4.66485e-10 4.55908e-10 4.21723e-10 3.65037e-10 2.96385e-10 2.33078e-10 1.92566e-10 1.80485e-10 1.8561e-10 1.93659e-10 1.96916e-10 1.94081e-10 1.89898e-10 1.94295e-10 2.16128e-10 2.54848e-10 3.01389e-10 3.43963e-10 3.71124e-10 3.74226e-10 3.50525e-10 3.04517e-10 2.45779e-10 1.84352e-10 1.25063e-10 5.64445e-11 
4.84031e-11 8.37781e-11 1.19668e-10 1.61539e-10 2.07193e-10 2.5283e-10 2.94222e-10 3.27481e-10 3.49469e-10 3.58058e-10 3.52398e-10 3.33396e-10 3.0496e-10 2.7585e-10 2.59098e-10 2.63279e-10 2.82118e-10 3.01667e-10 3.15752e-10 3.29836e-10 3.5109e-10 3.78124e-10 4.05215e-10 4.29884e-10 4.49597e-10 4.56251e-10 4.39712e-10 3.96034e-10 3.31942e-10 2.63627e-10 2.11109e-10 1.87154e-10 1.86347e-10 1.93659e-10 1.99013e-10 1.98887e-10 1.94564e-10 1.91889e-10 1.9932e-10 2.21736e-10 2.55588e-10 2.91406e-10 3.18454e-10 3.27906e-10 3.15425e-10 2.82588e-10 2.35922e-10 1.83811e-10 1.32576e-10 8.03037e-11 8.03037e-11 
2.19199e-11 5.76505e-11 8.67049e-11 1.20455e-10 1.59079e-10 2.00155e-10 2.40324e-10 2.75888e-10 3.03298e-10 3.19582e-10 3.22834e-10 3.12749e-10 2.91531e-10 2.65593e-10 2.46524e-10 2.45889e-10 2.63279e-10 2.85854e-10 3.02677e-10 3.13641e-10 3.2601e-10 3.44296e-10 3.66864e-10 3.91711e-10 4.17265e-10 4.36495e-10 4.37077e-10 4.09773e-10 3.55867e-10 2.88448e-10 2.28167e-10 1.93525e-10 1.8637e-10 1.9241e-10 1.99013e-10 2.0105e-10 1.98043e-10 1.92909e-10 1.91625e-10 2.00486e-10 2.20919e-10 2.47494e-10 2.7115e-10 2.83272e-10 2.78519e-10 2.56329e-10 2.20621e-10 1.778e-10 1.33935e-10 9.13967e-11 4.15273e-11 
3.51154e-11 6.13356e-11 8.80171e-11 1.19499e-10 1.54707e-10 1.91349e-10 2.26425e-10 2.56574e-10 2.7847e-10 2.8936e-10 2.8776e-10 2.74338e-10 2.53379e-10 2.34434e-10 2.30218e-10 2.45889e-10 2.72049e-10 2.9512e-10 3.09143e-10 3.17385e-10 3.26113e-10 3.38416e-10 3.55293e-10 3.77756e-10 4.01899e-10 4.15522e-10 4.04954e-10 3.65046e-10 3.03769e-10 2.40188e-10 1.96701e-10 1.8337e-10 1.88657e-10 1.96916e-10 2.0105e-10 1.99768e-10 1.94505e-10 1.8899e-10 1.88545e-10 1.97024e-10 2.13214e-10 2.30949e-10 2.4257e-10 2.42289e-10 2.28022e-10 2.01579e-10 1.67431e-10 1.3068e-10 9.4789e-11 5.77274e-11 5.77274e-11 
1.55491e-11 4.16626e-11 6.3025e-11 8.79823e-11 1.17006e-10 1.48802e-10 1.81259e-10 2.11626e-10 2.36772e-10 2.53585e-10 2.59656e-10 2.54237e-10 2.39636e-10 2.23077e-10 2.16781e-10 2.30218e-10 2.59098e-10 2.89717e-10 3.11545e-10 3.224e-10 3.26118e-10 3.27608e-10 3.31206e-10 3.41903e-10 3.61315e-10 3.80655e-10 3.83885e-10 3.59379e-10 3.08309e-10 2.45668e-10 1.95202e-10 1.75409e-10 1.8055e-10 1.91804e-10 1.98887e-10 1.99768e-10 1.95478e-10 1.8849e-10 1.82671e-10 1.82135e-10 1.88458e-10 1.98812e-10 2.07422e-10 2.08734e-10 1.99715e-10 1.80548e-10 1.5398e-10 1.23907e-10 9.37167e-11 6.4316e-11 2.94055e-11 
2.49825e-11 4.40618e-11 6.35463e-11 8.675e-11 1.13249e-10 1.41767e-10 1.70344e-10 1.96418e-10 2.17051e-10 2.29424e-10 2.31699e-10 2.2439e-10 2.12292e-10 2.05836e-10 2.16781e-10 2.46524e-10 2.83784e-10 3.1551e-10 3.34561e-10 3.40384e-10 3.36255e-10 3.27334e-10 3.21401e-10 3.26606e-10 3.41816e-10 3.52604e-10 3.42122e-10 3.03782e-10 2.46076e-10 1.90661e-10 1.62869e-10 1.67036e-10 1.82542e-10 1.94081e-10 1.98043e-10 1.95478e-10 1.8855e-10 1.80145e-10 1.73745e-10 1.72024e-10 1.74818e-10 1.78768e-10 1.79318e-10 1.73102e-10 1.59148e-10 1.3877e-10 1.14645e-10 8.95984e-11 6.53266e-11 3.99858e-11 3.99858e-11 
1.08291e-11 2.95592e-11 4.49989e-11 6.31282e-11 8.45069e-11 1.08532e-10 1.33991e-10 1.59053e-10 1.81319e-10 1.98099e-10 2.07028e-10 2.07241e-10 2.0123e-10 1.96835e-10 2.05836e-10 2.34434e-10 2.7585e-10 3.16949e-10 3.47103e-10 3.61264e-10 3.59267e-10 3.44498e-10 3.24383e-10 3.10592e-10 3.11573e-10 3.2074e-10 3.19834e-10 2.94815e-10 2.45896e-10 1.88933e-10 1.51194e-10 1.50296e-10 1.69295e-10 1.86373e-10 1.94564e-10 1.94505e-10 1.8855e-10 1.79263e-10 1.69504e-10 1.62033e-10 1.58188e-10 1.56823e-10 1.54925e-10 1.49439e-10 1.38741e-10 1.23037e-10 1.03898e-10 8.3421e-11 6.33004e-11 4.36632e-11 2.00749e-11 
1.74658e-11 3.11093e-11 4.51057e-11 6.1915e-11 8.14745e-11 1.03171e-10 1.25864e-10 1.47844e-10 1.66919e-10 1.80767e-10 1.87778e-10 1.88609e-10 1.88307e-10 1.96835e-10 2.23077e-10 2.65593e-10 3.1362e-10 3.55033e-10 3.81194e-10 3.88114e-10 3.76139e-10 3.50251e-10 3.21237e-10 3.03006e-10 3.00645e-10 3.01808e-10 2.8812e-10 2.51153e-10 1.98397e-10 1.52348e-10 1.39349e-10 1.56105e-10 1.77199e-10 1.89898e-10 1.92909e-10 1.8849e-10 1.79263e-10 1.67781e-10 1.56574e-10 1.47563e-10 1.41124e-10 1.35857e-10 1.29523e-10 1.20359e-10 1.07834e-10 9.26015e-11 7.60051e-11 5.94131e-11 4.34993e-11 2.67426e-11 2.67426e-11 
7.4231e-12 2.06288e-11 3.16103e-11 4.45759e-11 6.00673e-11 7.78973e-11 9.74824e-11 1.17767e-10 1.37201e-10 1.53891e-10 1.66103e-10 1.73378e-10 1.78373e-10 1.88307e-10 2.12292e-10 2.53379e-10 3.0496e-10 3.55628e-10 3.94666e-10 4.14734e-10 4.12773e-10 3.90591e-10 3.55979e-10 3.22653e-10 3.03624e-10 2.98174e-10 2.90697e-10 2.66486e-10 2.24024e-10 1.77154e-10 1.49733e-10 1.53518e-10 1.71745e-10 1.86417e-10 1.91889e-10 1.8899e-10 1.80145e-10 1.67781e-10 1.54212e-10 1.41469e-10 1.30735e-10 1.21881e-10 1.13685e-10 1.04683e-10 9.39782e-11 8.15524e-11 6.8067e-11 5.4448e-11 4.1392e-11 2.86665e-11 1.32434e-11 
1.20265e-11 2.16282e-11 3.15335e-11 4.35378e-11 5.77649e-11 7.4022e-11 9.17759e-11 1.1009e-10 1.27649e-10 1.43011e-10 1.55309e-10 1.65585e-10 1.78373e-10 2.0123e-10 2.39636e-10 2.91531e-10 3.48173e-10 3.9862e-10 4.33272e-10 4.45898e-10 4.34912e-10 4.04575e-10 3.65721e-10 3.33115e-10 3.15772e-10 3.07446e-10 2.92992e-10 2.63478e-10 2.23408e-10 1.88526e-10 1.74368e-10 1.79485e-10 1.89458e-10 1.94295e-10 1.91625e-10 1.82671e-10 1.69504e-10 1.54212e-10 1.38736e-10 1.24574e-10 1.12384e-10 1.0185e-10 9.20343e-11 8.20234e-11 7.13742e-11 6.02074e-11 4.89929e-11 3.82369e-11 2.80689e-11 1.73148e-11 1.73148e-11 
5.02089e-12 1.41901e-11 2.18879e-11 3.10394e-11 4.21263e-11 5.51988e-11 7.00923e-11 8.63578e-11 1.03233e-10 1.19748e-10 1.35104e-10 1.4954e-10 1.65585e-10 1.88609e-10 2.2439e-10 2.74338e-10 3.33396e-10 3.92197e-10 4.40401e-10 4.69406e-10 4.7437e-10 4.55874e-10 4.2104e-10 3.82812e-10 3.54468e-10 3.39667e-10 3.29099e-10 3.10709e-10 2.80904e-10 2.46829e-10 2.20566e-10 2.08615e-10 2.06344e-10 2.04956e-10 1.9932e-10 1.88545e-10 1.73745e-10 1.56574e-10 1.38736e-10 1.21741e-10 1.06614e-10 9.36422e-11 8.24329e-11 7.2259e-11 6.25018e-11 5.28949e-11 4.35128e-11 3.45956e-11 2.62961e-11 1.82579e-11 8.4666e-12 
8.17467e-12 1.48364e-11 2.17585e-11 3.02366e-11 4.04829e-11 5.25559e-11 6.63447e-11 8.15276e-11 9.75997e-11 1.14062e-10 1.30921e-10 1.4954e-10 1.73378e-10 2.07241e-10 2.54237e-10 3.12749e-10 3.762e-10 4.3511e-10 4.79765e-10 5.02715e-10 5.00968e-10 4.77638e-10 4.42296e-10 4.08272e-10 3.85454e-10 3.72904e-10 3.60898e-10 3.41032e-10 3.12898e-10 2.82982e-10 2.58583e-10 2.41797e-10 2.29144e-10 2.16128e-10 2.00486e-10 1.82135e-10 1.62033e-10 1.41469e-10 1.21741e-10 1.03913e-10 8.85603e-11 7.56648e-11 6.47475e-11 5.51774e-11 4.64617e-11 3.83627e-11 3.08561e-11 2.39822e-11 1.76159e-11 1.08886e-11 1.08886e-11 
3.36076e-12 9.64214e-12 1.49728e-11 2.13648e-11 2.92319e-11 3.87503e-11 5.00136e-11 6.30023e-11 7.75774e-11 9.35753e-11 1.11076e-10 1.30921e-10 1.55309e-10 1.87778e-10 2.31699e-10 2.8776e-10 3.52398e-10 4.18222e-10 4.75843e-10 5.16309e-10 5.33622e-10 5.26941e-10 5.01778e-10 4.69089e-10 4.40887e-10 4.2316e-10 4.12167e-10 3.99279e-10 3.78904e-10 3.51676e-10 3.22163e-10 2.94449e-10 2.69455e-10 2.45728e-10 2.21736e-10 1.97024e-10 1.72024e-10 1.47563e-10 1.24574e-10 1.03913e-10 8.61505e-11 7.14131e-11 5.93839e-11 4.9482e-11 4.1102e-11 3.37916e-11 2.72964e-11 2.15027e-11 1.62993e-11 1.1324e-11 5.26564e-12 
5.49832e-12 1.00649e-11 1.48534e-11 2.07954e-11 2.81325e-11 3.70625e-11 4.77391e-11 6.02726e-11 7.47674e-11 9.1472e-11 1.11076e-10 1.35104e-10 1.66103e-10 2.07028e-10 2.59656e-10 3.22834e-10 3.91727e-10 4.58473e-10 5.13946e-10 5.50183e-10 5.62896e-10 5.53401e-10 5.29016e-10 5.00841e-10 4.78566e-10 4.64874e-10 4.54826e-10 4.4121e-10 4.19994e-10 3.91603e-10 3.58857e-10 3.2438e-10 2.8952e-10 2.54848e-10 2.20919e-10 1.88458e-10 1.58188e-10 1.30735e-10 1.06614e-10 8.61505e-11 6.93751e-11 5.59741e-11 4.53704e-11 3.68951e-11 2.99516e-11 2.41074e-11 1.90932e-11 1.47307e-11 1.07984e-11 6.67755e-12 6.67755e-12 
2.23093e-12 6.48776e-12 1.01425e-11 1.45745e-11 2.01296e-11 2.70397e-11 3.5542e-11 4.58817e-11 5.83365e-11 7.33048e-11 9.1472e-11 1.14062e-10 1.43011e-10 1.80767e-10 2.29424e-10 2.8936e-10 3.58058e-10 4.29792e-10 4.96456e-10 5.49398e-10 5.81866e-10 5.91388e-10 5.81164e-10 5.59515e-10 5.36694e-10 5.19832e-10 5.09262e-10 4.99708e-10 4.84955e-10 4.61502e-10 4.29172e-10 3.89852e-10 3.46118e-10 3.0056e-10 2.55588e-10 2.13214e-10 1.74818e-10 1.41124e-10 1.12384e-10 8.85603e-11 6.93751e-11 5.43271e-11 4.27312e-11 3.38297e-11 2.69127e-11 2.14073e-11 1.69077e-11 1.31449e-11 9.90421e-12 6.87029e-12 3.19865e-12 
3.66737e-12 6.76834e-12 1.00578e-11 1.4203e-11 1.94452e-11 2.60434e-11 3.42969e-11 4.45656e-11 5.73315e-11 7.33048e-11 9.35753e-11 1.19748e-10 1.53891e-10 1.98099e-10 2.53585e-10 3.19582e-10 3.92527e-10 4.66061e-10 5.32045e-10 5.82515e-10 6.121e-10 6.20078e-10 6.11076e-10 5.9364e-10 5.76586e-10 5.64676e-10 5.56581e-10 5.46802e-10 5.29501e-10 5.01207e-10 4.61501e-10 4.12448e-10 3.5767e-10 3.01389e-10 2.47494e-10 1.98812e-10 1.56823e-10 1.21881e-10 9.36422e-11 7.14131e-11 5.43271e-11 4.14484e-11 3.18475e-11 2.46812e-11 1.92532e-11 1.50408e-11 1.1678e-11 8.90903e-12 6.49792e-12 4.01353e-12 4.01353e-12 
1.47208e-12 4.33315e-12 6.82137e-12 9.87998e-12 1.37957e-11 1.88095e-11 2.52233e-11 3.34132e-11 4.3883e-11 5.73315e-11 7.47674e-11 9.75997e-11 1.27649e-10 1.66919e-10 2.17051e-10 2.7847e-10 3.49469e-10 4.2568e-10 5.00323e-10 5.6545e-10 6.13987e-10 6.42016e-10 6.50353e-10 6.44517e-10 6.32628e-10 6.21732e-10 6.14379e-10 6.07766e-10 5.95934e-10 5.73101e-10 5.3608e-10 4.85165e-10 4.2377e-10 3.57261e-10 2.91406e-10 2.30949e-10 1.78768e-10 1.35857e-10 1.0185e-10 7.56648e-11 5.59741e-11 4.14484e-11 3.0879e-11 2.32287e-11 1.76619e-11 1.35412e-11 1.04092e-11 7.95068e-12 5.93368e-12 4.09891e-12 1.90865e-12 
2.4313e-12 4.5229e-12 6.77239e-12 9.6583e-12 1.34045e-11 1.82799e-11 2.46399e-11 3.29552e-11 4.3883e-11 5.83365e-11 7.75774e-11 1.03233e-10 1.37201e-10 1.81319e-10 2.36772e-10 3.03298e-10 3.78437e-10 4.5722e-10 5.32676e-10 5.97273e-10 6.44985e-10 6.73304e-10 6.84247e-10 6.83637e-10 6.78567e-10 6.73956e-10 6.70054e-10 6.62515e-10 6.449e-10 6.11878e-10 5.61532e-10 4.96094e-10 4.21176e-10 3.43963e-10 2.7115e-10 2.07422e-10 1.54925e-10 1.13685e-10 8.24329e-11 5.93839e-11 4.27312e-11 3.0879e-11 2.2516e-11 1.66198e-11 1.24254e-11 9.38042e-12 7.1058e-12 5.33699e-12 3.86064e-12 2.37701e-12 2.37701e-12 
9.66334e-13 2.8776e-12 4.56435e-12 6.67177e-12 9.43129e-12 1.30726e-11 1.79014e-11 2.43368e-11 3.29552e-11 4.45656e-11 6.02726e-11 8.15276e-11 1.1009e-10 1.47844e-10 1.96418e-10 2.56574e-10 3.27481e-10 4.06101e-10 4.87091e-10 5.63537e-10 6.28534e-10 6.7717e-10 7.08155e-10 7.24212e-10 7.3076e-10 7.33154e-10 7.33718e-10 7.30274e-10 7.17172e-10 6.88173e-10 6.39556e-10 5.72e-10 4.90612e-10 4.0332e-10 3.18454e-10 2.4257e-10 1.79318e-10 1.29523e-10 9.20343e-11 6.47475e-11 4.53704e-11 3.18475e-11 2.2516e-11 1.61064e-11 1.16907e-11 8.6105e-12 6.41336e-12 4.79062e-12 3.52585e-12 2.41917e-12 1.12466e-12 
1.60458e-12 3.00865e-12 4.54365e-12 6.5538e-12 9.23208e-12 1.28321e-11 1.77041e-11 2.43368e-11 3.34132e-11 4.58817e-11 6.30023e-11 8.63578e-11 1.17767e-10 1.59053e-10 2.11626e-10 2.75888e-10 3.50563e-10 4.32237e-10 5.1544e-10 5.93568e-10 6.60486e-10 7.12316e-10 7.48576e-10 7.71967e-10 7.86596e-10 7.95313e-10 7.97548e-10 7.89057e-10 7.63863e-10 7.17355e-10 6.48906e-10 5.62773e-10 4.6703e-10 3.71124e-10 2.83272e-10 2.08734e-10 1.49439e-10 1.04683e-10 7.2259e-11 4.9482e-11 3.38297e-11 2.32287e-11 1.61064e-11 1.13277e-11 8.10086e-12 5.88896e-12 4.333e-12 3.18908e-12 2.27953e-12 1.39627e-12 1.39627e-12 
6.32249e-13 1.90366e-12 3.04433e-12 4.4963e-12 6.44253e-12 9.08559e-12 1.27067e-11 1.77041e-11 2.46399e-11 3.42969e-11 4.77391e-11 6.63447e-11 9.17759e-11 1.25864e-10 1.70344e-10 2.26425e-10 2.94222e-10 3.72168e-10 4.56693e-10 5.42459e-10 6.2336e-10 6.94044e-10 7.51347e-10 7.94912e-10 8.26452e-10 8.47827e-10 8.58926e-10 8.56651e-10 8.35883e-10 7.92008e-10 7.23699e-10 6.34451e-10 5.32118e-10 4.26771e-10 3.27906e-10 2.42289e-10 1.73102e-10 1.20359e-10 8.20234e-11 5.51774e-11 3.68951e-11 2.46812e-11 1.66198e-11 1.13277e-11 7.84798e-12 5.54073e-12 3.98198e-12 2.89547e-12 2.09299e-12 1.42182e-12 6.59677e-13 
1.05419e-12 1.99549e-12 3.04309e-12 4.44279e-12 6.35772e-12 9.00787e-12 1.27067e-11 1.79014e-11 2.52233e-11 3.5542e-11 5.00136e-11 7.00923e-11 9.74824e-11 1.33991e-10 1.81259e-10 2.40324e-10 3.11107e-10 3.91913e-10 4.79229e-10 5.6805e-10 6.52837e-10 7.28799e-10 7.9291e-10 8.44032e-10 8.81937e-10 9.05714e-10 9.1261e-10 8.98269e-10 8.58543e-10 7.91985e-10 7.01618e-10 5.94984e-10 4.82393e-10 3.74226e-10 2.78519e-10 1.99715e-10 1.38741e-10 9.39782e-11 6.25018e-11 4.1102e-11 2.69127e-11 1.76619e-11 1.16907e-11 7.84798e-12 5.36755e-12 3.74683e-12 2.66603e-12 1.91471e-12 1.34668e-12 8.18477e-13 8.18477e-13 
4.1097e-13 1.25471e-12 2.02582e-12 3.027e-12 4.39956e-12 6.31192e-12 9.00787e-12 1.28321e-11 1.82799e-11 2.60434e-11 3.70625e-11 5.25559e-11 7.4022e-11 1.03171e-10 1.41767e-10 1.91349e-10 2.5283e-10 3.2603e-10 4.09272e-10 4.99252e-10 5.9137e-10 6.80515e-10 7.62018e-10 8.32237e-10 8.88428e-10 9.2794e-10 9.4738e-10 9.42581e-10 9.09801e-10 8.47718e-10 7.59118e-10 6.51229e-10 5.34356e-10 4.19409e-10 3.15425e-10 2.28022e-10 1.59148e-10 1.07834e-10 7.13742e-11 4.64617e-11 2.99516e-11 1.92532e-11 1.24254e-11 8.10086e-12 5.36755e-12 3.62993e-12 2.50981e-12 1.76889e-12 1.2503e-12 8.38296e-13 3.87716e-13 
6.89157e-13 1.31929e-12 2.03428e-12 3.00907e-12 4.37468e-12 6.31192e-12 9.08559e-12 1.30726e-11 1.88095e-11 2.70397e-11 3.87503e-11 5.51988e-11 7.78973e-11 1.08532e-10 1.48802e-10 2.00155e-10 2.6341e-10 3.3836e-10 4.23425e-10 5.15551e-10 6.10433e-10 7.03064e-10 7.88332e-10 8.61365e-10 9.17465e-10 9.51867e-10 9.59842e-10 9.37588e-10 8.83747e-10 8.00849e-10 6.95719e-10 5.78433e-10 4.60116e-10 3.50525e-10 2.56329e-10 1.80548e-10 1.23037e-10 8.15524e-11 5.28949e-11 3.37916e-11 2.14073e-11 1.35412e-11 8.6105e-12 5.54073e-12 3.62993e-12 2.43129e-12 1.66812e-12 1.16315e-12 8.0264e-13 4.83711e-13 4.83711e-13 
2.63274e-13 8.22952e-13 1.34495e-12 2.03443e-12 2.99936e-12 4.37468e-12 6.35772e-12 9.23208e-12 1.34045e-11 1.94452e-11 2.81325e-11 4.04829e-11 5.77649e-11 8.14745e-11 1.13249e-10 1.54707e-10 2.07193e-10 2.71457e-10 3.47277e-10 4.33164e-10 5.262e-10 6.22123e-10 7.15626e-10 8.00745e-10 8.71196e-10 9.20693e-10 9.43422e-10 9.34925e-10 8.93367e-10 8.2071e-10 7.23111e-10 6.10097e-10 4.92661e-10 3.80977e-10 2.82588e-10 2.01579e-10 1.3877e-10 9.26015e-11 6.02074e-11 3.83627e-11 2.41074e-11 1.50408e-11 9.38042e-12 5.88896e-12 3.74683e-12 2.43129e-12 1.61584e-12 1.10034e-12 7.58336e-13 4.99786e-13 2.29768e-13 
4.45194e-13 8.68136e-13 1.35631e-12 2.03255e-12 2.99936e-12 4.39956e-12 6.44253e-12 9.43129e-12 1.37957e-11 2.01296e-11 2.92319e-11 4.21263e-11 6.00673e-11 8.45069e-11 1.17006e-10 1.59079e-10 2.11957e-10 2.76288e-10 3.51797e-10 4.36962e-10 5.28799e-10 6.22798e-10 7.13088e-10 7.92799e-10 8.54646e-10 8.91721e-10 8.98568e-10 8.72398e-10 8.14155e-10 7.28898e-10 6.25176e-10 5.13408e-10 4.03802e-10 3.04517e-10 2.20621e-10 1.5398e-10 1.03898e-10 6.8067e-11 4.35128e-11 2.72964e-11 1.69077e-11 1.04092e-11 6.41336e-12 3.98198e-12 2.50981e-12 1.61584e-12 1.06805e-12 7.20997e-13 4.8663e-13 2.89991e-13 2.89991e-13 
1.64652e-13 5.3442e-13 8.8804e-13 1.36076e-12 2.03255e-12 3.00907e-12 4.44279e-12 6.5538e-12 9.6583e-12 1.4203e-11 2.07954e-11 3.02366e-11 4.35378e-11 6.1915e-11 8.675e-11 1.19499e-10 1.61539e-10 2.13948e-10 2.77213e-10 3.50892e-10 4.33272e-10 5.21086e-10 6.09408e-10 6.91823e-10 7.6095e-10 8.09334e-10 8.30634e-10 8.20921e-10 7.7976e-10 7.10683e-10 6.2078e-10 5.19388e-10 4.16271e-10 3.19832e-10 2.35922e-10 1.67431e-10 1.14645e-10 7.60051e-11 4.89929e-11 3.08561e-11 1.90932e-11 1.1678e-11 7.1058e-12 4.333e-12 2.66603e-12 1.66812e-12 1.06805e-12 7.0149e-13 4.69314e-13 3.04343e-13 1.38829e-13 
2.81951e-13 5.65562e-13 8.96494e-13 1.36076e-12 2.03443e-12 3.027e-12 4.4963e-12 6.67177e-12 9.87998e-12 1.45745e-11 2.13648e-11 3.10394e-11 4.45759e-11 6.31282e-11 8.79823e-11 1.20455e-10 1.61751e-10 2.12734e-10 2.73641e-10 3.4374e-10 4.20976e-10 5.01699e-10 5.80618e-10 6.51107e-10 7.05948e-10 7.38457e-10 7.4379e-10 7.20092e-10 6.69136e-10 5.9618e-10 5.09005e-10 4.16407e-10 3.26569e-10 2.45779e-10 1.778e-10 1.23907e-10 8.3421e-11 5.4448e-11 3.45956e-11 2.15027e-11 1.31449e-11 7.95068e-12 4.79062e-12 2.89547e-12 1.76889e-12 1.10034e-12 7.0149e-13 4.59385e-13 3.02674e-13 1.77304e-13 1.77304e-13 
9.74336e-14 3.4061e-13 5.78753e-13 8.96494e-13 1.35631e-12 2.03428e-12 3.04309e-12 4.54365e-12 6.77239e-12 1.00578e-11 1.48534e-11 2.17585e-11 3.15335e-11 4.51057e-11 6.35463e-11 8.80171e-11 1.19668e-10 1.5948e-10 2.08039e-10 2.65245e-10 3.29984e-10 3.99805e-10 4.70741e-10 5.37403e-10 5.93467e-10 6.32578e-10 6.49512e-10 6.41323e-10 6.08125e-10 5.53221e-10 4.82534e-10 4.0345e-10 3.23433e-10 2.48776e-10 1.83811e-10 1.3068e-10 8.95984e-11 5.94131e-11 3.82369e-11 2.39822e-11 1.47307e-11 8.90903e-12 5.33699e-12 3.18908e-12 1.91471e-12 1.16315e-12 7.20997e-13 4.59385e-13 2.99162e-13 1.89936e-13 8.58924e-14 
1.70523e-13 3.60486e-13 5.78753e-13 8.8804e-13 1.34495e-12 2.02582e-12 3.04433e-12 4.56435e-12 6.82137e-12 1.01425e-11 1.49728e-11 2.18879e-11 3.16103e-11 4.49989e-11 6.3025e-11 8.67049e-11 1.16984e-10 1.5458e-10 1.99745e-10 2.51992e-10 3.09806e-10 3.70412e-10 4.29743e-10 4.8269e-10 5.23735e-10 5.47864e-10 5.51585e-10 5.33748e-10 4.95907e-10 4.42085e-10 3.78008e-10 3.10019e-10 2.43963e-10 1.84352e-10 1.33935e-10 9.37167e-11 6.33004e-11 4.1392e-11 2.62961e-11 1.62993e-11 9.90421e-12 5.93368e-12 3.52585e-12 2.09299e-12 1.2503e-12 7.58336e-13 4.69314e-13 2.99162e-13 1.92684e-13 1.11609e-13 1.11609e-13 
4.98322e-14 2.09219e-13 3.60486e-13 5.65562e-13 8.68136e-13 1.31929e-12 1.99549e-12 3.00865e-12 4.5229e-12 6.76834e-12 1.00649e-11 1.48364e-11 2.16282e-11 3.11093e-11 4.40618e-11 6.13356e-11 8.37781e-11 1.12107e-10 1.46741e-10 1.87578e-10 2.33751e-10 2.83419e-10 3.33671e-10 3.80625e-10 4.19826e-10 4.46892e-10 4.58323e-10 4.52249e-10 4.289e-10 3.90634e-10 3.41513e-10 2.86535e-10 2.30742e-10 1.78417e-10 1.32576e-10 9.4789e-11 6.53266e-11 4.34993e-11 2.80689e-11 1.76159e-11 1.07984e-11 6.49792e-12 3.86064e-12 2.27953e-12 1.34668e-12 8.0264e-13 4.8663e-13 3.02674e-13 1.92684e-13 1.21474e-13 5.39511e-14 
9.46637e-14 2.09219e-13 3.4061e-13 5.3442e-13 8.22952e-13 1.25471e-12 1.90366e-12 2.8776e-12 4.33315e-12 6.48776e-12 9.64214e-12 1.41901e-11 2.06288e-11 2.95592e-11 4.16626e-11 5.76505e-11 7.81782e-11 1.03719e-10 1.34391e-10 1.69769e-10 2.08704e-10 2.49211e-10 2.88496e-10 3.23172e-10 3.49698e-10 3.64949e-10 3.66835e-10 3.54759e-10 3.29801e-10 2.94552e-10 2.52638e-10 2.08069e-10 1.64569e-10 1.25063e-10 9.13967e-11 6.4316e-11 4.36632e-11 2.86665e-11 1.82579e-11 1.1324e-11 6.87029e-12 4.09891e-12 2.41917e-12 1.42182e-12 8.38296e-13 4.99786e-13 3.04343e-13 1.89936e-13 1.21474e-13 7.08558e-14 7.08558e-14 
1.69847e-14 9.46637e-14 1.70523e-13 2.81951e-13 4.45194e-13 6.89157e-13 1.05419e-12 1.60458e-12 2.4313e-12 3.66737e-12 5.49832e-12 8.17467e-12 1.20265e-11 1.74658e-11 2.49825e-11 3.51154e-11 4.84031e-11 6.52959e-11 8.60401e-11 1.10534e-10 1.38191e-10 1.67826e-10 1.97636e-10 2.25302e-10 2.48239e-10 2.63969e-10 2.70563e-10 2.6702e-10 2.53511e-10 2.31377e-10 2.02906e-10 1.70919e-10 1.38285e-10 1.07484e-10 8.03037e-11 5.77274e-11 3.99858e-11 2.67426e-11 1.73148e-11 1.08886e-11 6.67755e-12 4.01353e-12 2.37701e-12 1.39627e-12 8.18477e-13 4.83711e-13 2.89991e-13 1.77304e-13 1.11609e-13 7.08558e-14 3.29923e-14 
1.69847e-14 4.98322e-14 9.74336e-14 1.64652e-13 2.63274e-13 4.1097e-13 6.32249e-13 9.66334e-13 1.47208e-12 2.23093e-12 3.36076e-12 5.02089e-12 7.4231e-12 1.08291e-11 1.55491e-11 2.19199e-11 3.02654e-11 4.08367e-11 5.37297e-11 6.87985e-11 8.55702e-11 1.03205e-10 1.20503e-10 1.36012e-10 1.48197e-10 1.55691e-10 1.57533e-10 1.53378e-10 1.43582e-10 1.29154e-10 1.11584e-10 9.25745e-11 7.3753e-11 5.64445e-11 4.15273e-11 2.94055e-11 2.00749e-11 1.32434e-11 8.4666e-12 5.26564e-12 3.19865e-12 1.90865e-12 1.12466e-12 6.59677e-13 3.87716e-13 2.29768e-13 1.38829e-13 8.58924e-14 5.39511e-14 3.29923e-14 3.29923e-14 
