1 101 51
6.39471e-14 9.86986e-14 1.59164e-13 2.46829e-13 3.72916e-13 5.86536e-13 9.97041e-13 1.81016e-12 3.37747e-12 6.2871e-12 1.14767e-11 2.03694e-11 3.49748e-11 5.7926e-11 9.24322e-11 1.4224e-10 2.11792e-10 3.06727e-10 4.34383e-10 6.03453e-10 8.22085e-10 1.09485e-09 1.41999e-09 1.78811e-09 2.18228e-09 2.57933e-09 2.95159e-09 3.26925e-09 3.50303e-09 3.62741e-09 3.62432e-09 3.48688e-09 3.22257e-09 2.85436e-09 2.41843e-09 1.95813e-09 1.51535e-09 1.12261e-09 7.98445e-10 5.47434e-10 3.63648e-10 2.35403e-10 1.49443e-10 9.36475e-11 5.82909e-11 3.62408e-11 2.26068e-11 1.41822e-11 8.89826e-12 5.38489e-12 2.56483e-12 
1.76588e-13 3.58508e-13 5.6797e-13 8.65722e-13 1.35463e-12 2.26118e-12 4.00145e-12 7.30102e-12 1.3393e-11 2.43389e-11 4.34237e-11 7.55988e-11 1.27792e-10 2.08853e-10 3.28918e-10 4.98296e-10 7.26393e-10 1.02147e-09 1.39148e-09 1.84474e-09 2.38863e-09 3.02517e-09 3.74539e-09 4.52537e-09 5.32552e-09 6.09311e-09 6.76693e-09 7.28355e-09 7.58481e-09 7.62638e-09 7.38666e-09 6.87442e-09 6.13225e-09 5.23286e-09 4.26684e-09 3.32469e-09 2.47903e-09 1.7737e-09 1.22248e-09 8.1562e-10 5.29771e-10 3.37114e-10 2.11553e-10 1.31777e-10 8.19611e-11 5.11439e-11 3.21116e-11 2.0238e-11 1.25076e-11 6.72849e-12 6.72849e-12 
9.86986e-14 5.17031e-13 9.54364e-13 1.47604e-12 2.27861e-12 3.70583e-12 6.38409e-12 1.14001e-11 2.06367e-11 3.73058e-11 6.67322e-11 1.17353e-10 2.01744e-10 3.37192e-10 5.45111e-10 8.48713e-10 1.26911e-09 1.82133e-09 2.51248e-09 3.34344e-09 4.31245e-09 5.41609e-09 6.64429e-09 7.97075e-09 9.3443e-09 1.06862e-08 1.18947e-08 1.28556e-08 1.34569e-08 1.36071e-08 1.32536e-08 1.24e-08 1.11141e-08 9.52338e-09 7.79257e-09 6.08965e-09 4.55168e-09 3.26312e-09 2.25261e-09 1.50471e-09 9.78138e-10 6.22678e-10 3.90796e-10 2.43431e-10 1.5144e-10 9.4579e-11 5.95012e-11 3.76957e-11 2.37229e-11 1.38508e-11 5.38489e-12 
3.58508e-13 1.11603e-12 1.8602e-12 2.84175e-12 4.48377e-12 7.50871e-12 1.31571e-11 2.3569e-11 4.24504e-11 7.6129e-11 1.35059e-10 2.35735e-10 4.0254e-10 6.68533e-10 1.07375e-09 1.65991e-09 2.46221e-09 3.50116e-09 4.77951e-09 6.28649e-09 8.00635e-09 9.92162e-09 1.20044e-08 1.4198e-08 1.64006e-08 1.84618e-08 2.01938e-08 2.13963e-08 2.18899e-08 2.15537e-08 2.03605e-08 1.83989e-08 1.58698e-08 1.30506e-08 1.02347e-08 7.66721e-09 5.50367e-09 3.8013e-09 2.53909e-09 1.64971e-09 1.04931e-09 6.57862e-10 4.0935e-10 2.54454e-10 1.58886e-10 1.0005e-10 6.35959e-11 4.05093e-11 2.48634e-11 1.25076e-11 1.25076e-11 
1.59164e-13 9.54364e-13 1.99477e-12 3.1237e-12 4.79069e-12 7.75893e-12 1.32851e-11 2.3484e-11 4.20334e-11 7.53313e-11 1.34326e-10 2.37158e-10 4.12445e-10 7.02342e-10 1.1635e-09 1.86338e-09 2.87031e-09 4.23849e-09 5.99441e-09 8.13296e-09 1.06274e-08 1.34451e-08 1.65513e-08 1.98889e-08 2.33426e-08 2.67125e-08 2.97145e-08 3.20132e-08 3.32775e-08 3.32511e-08 3.18228e-08 2.90782e-08 2.53074e-08 2.09534e-08 1.65094e-08 1.24026e-08 8.91419e-09 6.15747e-09 4.10971e-09 2.66644e-09 1.69292e-09 1.05918e-09 6.57687e-10 4.08069e-10 2.54485e-10 1.60209e-10 1.02001e-10 6.5442e-11 4.13979e-11 2.37229e-11 8.89826e-12 
5.6797e-13 1.8602e-12 3.2125e-12 4.88304e-12 7.62734e-12 1.26773e-11 2.2006e-11 3.89733e-11 6.94754e-11 1.23857e-10 2.19956e-10 3.87513e-10 6.73621e-10 1.14758e-09 1.90196e-09 3.04557e-09 4.68587e-09 6.90384e-09 9.73272e-09 1.31552e-08 1.71237e-08 2.15857e-08 2.64806e-08 3.16925e-08 3.6985e-08 4.19656e-08 4.61103e-08 4.88459e-08 4.96716e-08 4.82923e-08 4.47299e-08 3.93651e-08 3.28729e-08 2.60574e-08 1.96481e-08 1.4146e-08 9.77263e-09 6.51568e-09 4.21934e-09 2.67213e-09 1.66707e-09 1.03213e-09 6.38659e-10 3.97418e-10 2.49876e-10 1.59134e-10 1.02499e-10 6.59736e-11 4.05093e-11 2.0238e-11 2.0238e-11 
2.46829e-13 1.47604e-12 3.1237e-12 4.90207e-12 7.43938e-12 1.19311e-11 2.02128e-11 3.52457e-11 6.21689e-11 1.10115e-10 1.95286e-10 3.45942e-10 6.09633e-10 1.062e-09 1.81439e-09 3.01478e-09 4.83523e-09 7.44191e-09 1.09544e-08 1.54143e-08 2.07871e-08 2.69997e-08 3.39738e-08 4.15972e-08 4.96224e-08 5.75589e-08 6.46485e-08 6.99594e-08 7.25787e-08 7.1853e-08 6.76119e-08 6.02902e-08 5.08691e-08 4.06248e-08 3.07795e-08 2.22144e-08 1.53544e-08 1.0227e-08 6.60858e-09 4.17309e-09 2.59471e-09 1.60079e-09 9.87167e-10 6.12491e-10 3.84309e-10 2.44576e-10 1.57826e-10 1.02573e-10 6.5442e-11 3.76957e-11 1.41822e-11 
8.65722e-13 2.84175e-12 4.88304e-12 7.36114e-12 1.13792e-11 1.86956e-11 3.19387e-11 5.54773e-11 9.70345e-11 1.70515e-10 3.00953e-10 5.32583e-10 9.40537e-10 1.6449e-09 2.8225e-09 4.70747e-09 7.56928e-09 1.16631e-08 1.71653e-08 2.41293e-08 3.24992e-08 4.21717e-08 5.3025e-08 6.48235e-08 7.702e-08 8.86088e-08 9.81725e-08 1.04149e-07 1.05236e-07 1.00823e-07 9.12799e-08 7.79552e-08 6.28189e-08 4.78826e-08 3.46747e-08 2.3994e-08 1.59708e-08 1.0299e-08 6.48365e-09 4.01655e-09 2.46822e-09 1.51621e-09 9.37494e-10 5.86674e-10 3.72838e-10 2.40742e-10 1.57297e-10 1.02499e-10 6.35959e-11 3.21116e-11 3.21116e-11 
3.72916e-13 2.27861e-12 4.79069e-12 7.43938e-12 1.11806e-11 1.77277e-11 2.95293e-11 5.03383e-11 8.65783e-11 1.49767e-10 2.60942e-10 4.58569e-10 8.11508e-10 1.43772e-09 2.52657e-09 4.35712e-09 7.29768e-09 1.17684e-08 1.81602e-08 2.67341e-08 3.75634e-08 5.05695e-08 6.56104e-08 8.24651e-08 1.00591e-07 1.18783e-07 1.35044e-07 1.46859e-07 1.51832e-07 1.48458e-07 1.36758e-07 1.18445e-07 9.64687e-08 7.40764e-08 5.3882e-08 3.73573e-08 2.48625e-08 1.60048e-08 1.00457e-08 6.1997e-09 3.79394e-09 2.32088e-09 1.42959e-09 8.91898e-10 5.65748e-10 3.65251e-10 2.39372e-10 1.57826e-10 1.02001e-10 5.95012e-11 2.26068e-11 
1.35463e-12 4.48377e-12 7.62734e-12 1.13792e-11 1.73997e-11 2.81225e-11 4.69388e-11 7.92699e-11 1.34573e-10 2.29992e-10 3.97297e-10 6.9543e-10 1.23117e-09 2.18885e-09 3.86569e-09 6.7003e-09 1.12701e-08 1.82283e-08 2.81727e-08 4.14932e-08 5.83004e-08 7.84977e-08 1.01877e-07 1.27954e-07 1.55447e-07 1.81784e-07 2.0319e-07 2.15536e-07 2.15661e-07 2.02635e-07 1.78364e-07 1.47092e-07 1.13957e-07 8.33608e-08 5.79626e-08 3.85987e-08 2.48152e-08 1.55333e-08 9.55093e-09 5.82006e-09 3.54497e-09 2.17487e-09 1.35242e-09 8.56006e-10 5.52316e-10 3.62619e-10 2.40742e-10 1.59134e-10 1.0005e-10 5.11439e-11 5.11439e-11 
5.86536e-13 3.70583e-12 7.75893e-12 1.19311e-11 1.77277e-11 2.76672e-11 4.50796e-11 7.47661e-11 1.24654e-10 2.08701e-10 3.52443e-10 6.03778e-10 1.05275e-09 1.86423e-09 3.32505e-09 5.89988e-09 1.02758e-08 1.73551e-08 2.81508e-08 4.35763e-08 6.42205e-08 9.02691e-08 1.21619e-07 1.57892e-07 1.97903e-07 2.38691e-07 2.75033e-07 3.00285e-07 3.08424e-07 2.96435e-07 2.65846e-07 2.22449e-07 1.74175e-07 1.2831e-07 8.9574e-08 5.97361e-08 3.83795e-08 2.39686e-08 1.46864e-08 8.91247e-09 5.4051e-09 3.30262e-09 2.04675e-09 1.29249e-09 8.33254e-10 5.47705e-10 3.65251e-10 2.44576e-10 1.60209e-10 9.4579e-11 3.62408e-11 
2.26118e-12 7.50871e-12 1.26773e-11 1.86956e-11 2.81225e-11 4.44972e-11 7.24185e-11 1.18848e-10 1.95477e-10 3.22958e-10 5.39307e-10 9.1655e-10 1.59162e-09 2.81781e-09 5.03936e-09 8.97995e-09 1.5712e-08 2.66411e-08 4.33317e-08 6.7179e-08 9.90866e-08 1.39392e-07 1.8798e-07 2.43962e-07 3.04377e-07 3.6271e-07 4.09067e-07 4.32875e-07 4.27037e-07 3.91353e-07 3.33092e-07 2.64112e-07 1.96252e-07 1.37731e-07 9.20805e-08 5.91693e-08 3.68883e-08 2.25329e-08 1.36207e-08 8.22585e-09 5.00607e-09 3.09203e-09 1.94806e-09 1.25475e-09 8.25478e-10 5.52316e-10 3.72838e-10 2.49876e-10 1.58886e-10 8.19611e-11 8.19611e-11 
9.97041e-13 6.38409e-12 1.32851e-11 2.02128e-11 2.95293e-11 4.50796e-11 7.17007e-11 1.15924e-10 1.88004e-10 3.05255e-10 4.98268e-10 8.23536e-10 1.38884e-09 2.40113e-09 4.24723e-09 7.6116e-09 1.36164e-08 2.39286e-08 4.07271e-08 6.64176e-08 1.0313e-07 1.5228e-07 2.1449e-07 2.895e-07 3.74916e-07 4.63621e-07 5.42241e-07 5.93687e-07 6.03626e-07 5.67348e-07 4.92661e-07 3.96544e-07 2.97779e-07 2.10413e-07 1.412e-07 9.0837e-08 5.65757e-08 3.44707e-08 2.07634e-08 1.24902e-08 7.57228e-09 4.66206e-09 2.93079e-09 1.88617e-09 1.24189e-09 8.33254e-10 5.65748e-10 3.84309e-10 2.54485e-10 1.5144e-10 5.82909e-11 
4.00145e-12 1.31571e-11 2.2006e-11 3.19387e-11 4.69388e-11 7.24185e-11 1.15045e-10 1.84317e-10 2.95445e-10 4.74101e-10 7.65558e-10 1.25341e-09 2.09785e-09 3.6092e-09 6.37395e-09 1.14404e-08 2.05395e-08 3.62486e-08 6.19252e-08 1.01246e-07 1.57466e-07 2.32842e-07 3.28456e-07 4.43271e-07 5.70849e-07 6.95232e-07 7.9133e-07 8.33288e-07 8.06841e-07 7.17476e-07 5.87973e-07 4.47246e-07 3.18784e-07 2.15056e-07 1.3868e-07 8.63722e-08 5.25292e-08 3.15464e-08 1.89098e-08 1.14242e-08 7.01293e-09 4.40009e-09 2.83005e-09 1.86512e-09 1.25475e-09 8.56006e-10 5.86674e-10 3.97418e-10 2.54454e-10 1.31777e-10 1.31777e-10 
1.81016e-12 1.14001e-11 2.3484e-11 3.52457e-11 5.03383e-11 7.47661e-11 1.15924e-10 1.83217e-10 2.9063e-10 4.60744e-10 7.31586e-10 1.16991e-09 1.89862e-09 3.15371e-09 5.3961e-09 9.50753e-09 1.70824e-08 3.0774e-08 5.454e-08 9.35124e-08 1.53269e-07 2.38791e-07 3.53713e-07 4.99569e-07 6.72466e-07 8.56265e-07 1.01831e-06 1.1168e-06 1.12e-06 1.02463e-06 8.58077e-07 6.63051e-07 4.77818e-07 3.24664e-07 2.10185e-07 1.31065e-07 7.96404e-08 4.77204e-08 2.85205e-08 1.71784e-08 1.05185e-08 6.58921e-09 4.23698e-09 2.79584e-09 1.88617e-09 1.29249e-09 8.91898e-10 6.12491e-10 4.08069e-10 2.43431e-10 9.36475e-11 
7.30102e-12 2.3569e-11 3.89733e-11 5.54773e-11 7.92699e-11 1.18848e-10 1.84317e-10 2.89194e-10 4.54125e-10 7.12553e-10 1.12057e-09 1.77605e-09 2.85814e-09 4.71071e-09 8.01075e-09 1.4071e-08 2.5297e-08 4.57257e-08 8.13819e-08 1.40029e-07 2.30054e-07 3.59103e-07 5.32912e-07 7.52532e-07 1.00567e-06 1.25571e-06 1.443e-06 1.50833e-06 1.42761e-06 1.22735e-06 9.66842e-07 7.06417e-07 4.84589e-07 3.15564e-07 1.9732e-07 1.19942e-07 7.17773e-08 4.28054e-08 2.57212e-08 1.57182e-08 9.83609e-09 6.32633e-09 4.18169e-09 2.83005e-09 1.94806e-09 1.35242e-09 9.37494e-10 6.38659e-10 4.0935e-10 2.11553e-10 2.11553e-10 
3.37747e-12 2.06367e-11 4.20334e-11 6.21689e-11 8.65783e-11 1.24654e-10 1.88004e-10 2.9063e-10 4.52128e-10 7.02891e-10 1.09215e-09 1.70212e-09 2.67513e-09 4.26965e-09 6.98045e-09 1.17892e-08 2.06292e-08 3.7098e-08 6.72856e-08 1.20262e-07 2.0763e-07 3.41891e-07 5.34794e-07 7.94747e-07 1.11844e-06 1.47289e-06 1.78412e-06 1.95719e-06 1.92915e-06 1.71202e-06 1.38075e-06 1.02636e-06 7.12869e-07 4.68065e-07 2.94058e-07 1.7909e-07 1.07173e-07 6.38422e-08 3.83039e-08 2.33786e-08 1.46242e-08 9.41425e-09 6.23736e-09 4.23698e-09 2.93079e-09 2.04675e-09 1.42959e-09 9.87167e-10 6.57687e-10 3.90796e-10 1.49443e-10 
1.3393e-11 4.24504e-11 6.94754e-11 9.70345e-11 1.34573e-10 1.95477e-10 2.95445e-10 4.54125e-10 6.99922e-10 1.07723e-09 1.65791e-09 2.56137e-09 3.99265e-09 6.32036e-09 1.02468e-08 1.71764e-08 2.99249e-08 5.38232e-08 9.79693e-08 1.75841e-07 3.04567e-07 5.02714e-07 7.88255e-07 1.17123e-06 1.63299e-06 2.097e-06 2.43098e-06 2.51307e-06 2.31638e-06 1.92196e-06 1.45925e-06 1.02977e-06 6.83697e-07 4.32577e-07 2.64477e-07 1.58531e-07 9.44577e-08 5.66517e-08 3.45681e-08 2.16341e-08 1.39505e-08 9.27177e-09 6.32633e-09 4.40009e-09 3.09203e-09 2.17487e-09 1.51621e-09 1.03213e-09 6.57862e-10 3.37114e-10 3.37114e-10 
6.2871e-12 3.73058e-11 7.53313e-11 1.10115e-10 1.49767e-10 2.08701e-10 3.05255e-10 4.60744e-10 7.02891e-10 1.07255e-09 1.63381e-09 2.49033e-09 3.81374e-09 5.89639e-09 9.2582e-09 1.48836e-08 2.47574e-08 4.29398e-08 7.72599e-08 1.41172e-07 2.54439e-07 4.42234e-07 7.32399e-07 1.15175e-06 1.70516e-06 2.33327e-06 2.87809e-06 3.1418e-06 3.02641e-06 2.59599e-06 2.02162e-06 1.45498e-06 9.79916e-07 6.2611e-07 3.85189e-07 2.31733e-07 1.38346e-07 8.3067e-08 5.07377e-08 3.18043e-08 2.05644e-08 1.37235e-08 9.41425e-09 6.58921e-09 4.66206e-09 3.30262e-09 2.32088e-09 1.60079e-09 1.05918e-09 6.22678e-10 2.35403e-10 
2.43389e-11 7.6129e-11 1.23857e-10 1.70515e-10 2.29992e-10 3.22958e-10 4.74101e-10 7.12553e-10 1.07723e-09 1.62607e-09 2.45015e-09 3.69688e-09 5.61002e-09 8.60275e-09 1.34031e-08 2.13808e-08 3.53192e-08 6.10326e-08 1.0993e-07 2.0174e-07 3.65281e-07 6.38311e-07 1.06365e-06 1.67756e-06 2.45673e-06 3.24576e-06 3.76721e-06 3.81265e-06 3.39474e-06 2.72097e-06 2.00413e-06 1.37328e-06 8.88573e-07 5.51452e-07 3.33755e-07 2.00072e-07 1.20489e-07 7.37901e-08 4.63936e-08 3.01173e-08 2.02046e-08 1.39505e-08 9.83609e-09 7.01293e-09 5.00607e-09 3.54497e-09 2.46822e-09 1.66707e-09 1.04931e-09 5.29771e-10 5.29771e-10 
1.14767e-11 6.67322e-11 1.34326e-10 1.95286e-10 2.60942e-10 3.52443e-10 4.98268e-10 7.31586e-10 1.09215e-09 1.63381e-09 2.437e-09 3.62856e-09 5.41456e-09 8.13741e-09 1.23789e-08 1.9161e-08 3.03952e-08 4.99888e-08 8.62431e-08 1.55692e-07 2.87315e-07 5.24071e-07 9.26121e-07 1.55883e-06 2.45513e-06 3.49483e-06 4.34271e-06 4.64472e-06 4.30667e-06 3.56144e-06 2.68958e-06 1.87788e-06 1.23295e-06 7.73513e-07 4.72084e-07 2.84832e-07 1.72441e-07 1.06103e-07 6.70294e-08 4.37553e-08 2.95512e-08 2.05644e-08 1.46242e-08 1.05185e-08 7.57228e-09 5.4051e-09 3.79394e-09 2.59471e-09 1.69292e-09 9.78138e-10 3.63648e-10 
4.34237e-11 1.35059e-10 2.19956e-10 3.00953e-10 3.97297e-10 5.39307e-10 7.65558e-10 1.12057e-09 1.65791e-09 2.45015e-09 3.60583e-09 5.29699e-09 7.8065e-09 1.16122e-08 1.75394e-08 2.70493e-08 4.28589e-08 7.04969e-08 1.21788e-07 2.20758e-07 4.11463e-07 7.62764e-07 1.37524e-06 2.33229e-06 3.5975e-06 4.81507e-06 5.48017e-06 5.32746e-06 4.56021e-06 3.53354e-06 2.51029e-06 1.67187e-06 1.06069e-06 6.53804e-07 3.97907e-07 2.42779e-07 1.50452e-07 9.57111e-08 6.29465e-08 4.28724e-08 3.01173e-08 2.16341e-08 1.57182e-08 1.14242e-08 8.22585e-09 5.82006e-09 4.01655e-09 2.67213e-09 1.64971e-09 8.1562e-10 8.1562e-10 
2.03694e-11 1.17353e-10 2.37158e-10 3.45942e-10 4.58569e-10 6.03778e-10 8.23536e-10 1.16991e-09 1.70212e-09 2.49033e-09 3.62856e-09 5.25739e-09 7.60282e-09 1.10466e-08 1.62585e-08 2.44394e-08 3.77544e-08 6.01511e-08 9.94373e-08 1.72326e-07 3.15022e-07 6.01634e-07 1.14958e-06 2.11555e-06 3.532e-06 5.11804e-06 6.23209e-06 6.41634e-06 5.74351e-06 4.58004e-06 3.30613e-06 2.22669e-06 1.42337e-06 8.85264e-07 5.43946e-07 3.35199e-07 2.09768e-07 1.34724e-07 8.94748e-08 6.15843e-08 4.37553e-08 3.18043e-08 2.33786e-08 1.71784e-08 1.24902e-08 8.91247e-09 6.1997e-09 4.17309e-09 2.66644e-09 1.50471e-09 5.47434e-10 
7.55988e-11 2.35735e-10 3.87513e-10 5.32583e-10 6.9543e-10 9.1655e-10 1.25341e-09 1.77605e-09 2.56137e-09 3.69688e-09 5.29699e-09 7.53356e-09 1.06923e-08 1.52846e-08 2.22714e-08 3.34763e-08 5.22105e-08 8.41111e-08 1.39688e-07 2.42727e-07 4.55734e-07 9.19074e-07 1.82124e-06 3.34265e-06 5.24123e-06 6.85293e-06 7.49357e-06 7.08479e-06 5.86546e-06 4.31914e-06 2.9452e-06 1.88298e-06 1.17518e-06 7.27097e-07 4.52745e-07 2.86739e-07 1.86421e-07 1.25354e-07 8.74015e-08 6.29465e-08 4.63936e-08 3.45681e-08 2.57212e-08 1.89098e-08 1.36207e-08 9.55093e-09 6.48365e-09 4.21934e-09 2.53909e-09 1.22248e-09 1.22248e-09 
3.49748e-11 2.01744e-10 4.12445e-10 6.09633e-10 8.11508e-10 1.05275e-09 1.38884e-09 1.89862e-09 2.67513e-09 3.81374e-09 5.41456e-09 7.60282e-09 1.0571e-08 1.46664e-08 2.05841e-08 2.97692e-08 4.50869e-08 7.14655e-08 1.15834e-07 1.9082e-07 3.36955e-07 6.89553e-07 1.52482e-06 3.0489e-06 5.30828e-06 7.45683e-06 8.61183e-06 8.57028e-06 7.35508e-06 5.59659e-06 3.88871e-06 2.48214e-06 1.54531e-06 9.54654e-07 5.98244e-07 3.83495e-07 2.52901e-07 1.72629e-07 1.22252e-07 8.94748e-08 6.70294e-08 5.07377e-08 3.83039e-08 2.85205e-08 2.07634e-08 1.46864e-08 1.00457e-08 6.60858e-09 4.10971e-09 2.25261e-09 7.98445e-10 
1.27792e-10 4.0254e-10 6.73621e-10 9.40537e-10 1.23117e-09 1.59162e-09 2.09785e-09 2.85814e-09 3.99265e-09 5.61002e-09 7.8065e-09 1.06923e-08 1.44538e-08 1.95034e-08 2.68375e-08 3.87326e-08 5.95335e-08 9.52456e-08 1.5035e-07 2.4275e-07 4.93149e-07 1.21428e-06 2.82756e-06 5.27857e-06 8.16735e-06 9.84889e-06 1.03006e-05 9.00373e-06 7.17154e-06 5.15445e-06 3.26275e-06 2.03919e-06 1.24751e-06 7.78038e-07 5.02246e-07 3.35835e-07 2.33112e-07 1.68088e-07 1.25354e-07 9.57111e-08 7.37901e-08 5.66517e-08 4.28054e-08 3.15464e-08 2.25329e-08 1.55333e-08 1.0299e-08 6.51568e-09 3.8013e-09 1.7737e-09 1.7737e-09 
5.7926e-11 3.37192e-10 7.02342e-10 1.062e-09 1.43772e-09 1.86423e-09 2.40113e-09 3.15371e-09 4.26965e-09 5.89639e-09 8.13741e-09 1.10466e-08 1.46664e-08 1.91303e-08 2.49453e-08 3.36611e-08 4.8774e-08 7.54044e-08 1.15935e-07 1.65743e-07 3.27213e-07 1.00059e-06 2.55699e-06 5.49066e-06 8.9034e-06 1.12906e-05 1.2176e-05 1.09992e-05 9.17716e-06 6.91526e-06 4.34433e-06 2.72492e-06 1.64584e-06 1.01062e-06 6.4869e-07 4.37219e-07 3.08308e-07 2.26647e-07 1.72629e-07 1.34724e-07 1.06103e-07 8.3067e-08 6.38422e-08 4.77204e-08 3.44707e-08 2.39686e-08 1.60048e-08 1.0227e-08 6.15747e-09 3.26312e-09 1.12261e-09 
2.08853e-10 6.68533e-10 1.14758e-09 1.6449e-09 2.18885e-09 2.81781e-09 3.6092e-09 4.71071e-09 6.32036e-09 8.60275e-09 1.16122e-08 1.52846e-08 1.95034e-08 2.4289e-08 3.03566e-08 4.01855e-08 5.77809e-08 8.31954e-08 1.04697e-07 2.19512e-07 8.20724e-07 2.46371e-06 5.39258e-06 9.54628e-06 1.20797e-05 1.38459e-05 1.30643e-05 1.20589e-05 9.53937e-06 5.94352e-06 3.78876e-06 2.21264e-06 1.32391e-06 8.37809e-07 5.62455e-07 4.00259e-07 2.99415e-07 2.33112e-07 1.86421e-07 1.50452e-07 1.20489e-07 9.44577e-08 7.17773e-08 5.25292e-08 3.68883e-08 2.48152e-08 1.59708e-08 9.77263e-09 5.50367e-09 2.47903e-09 2.47903e-09 
9.24322e-11 5.45111e-10 1.1635e-09 1.81439e-09 2.52657e-09 3.32505e-09 4.24723e-09 5.3961e-09 6.98045e-09 9.2582e-09 1.23789e-08 1.62585e-08 2.05841e-08 2.49453e-08 2.91995e-08 3.45111e-08 4.40346e-08 5.58124e-08 4.90904e-08 1.62776e-07 8.09836e-07 2.15809e-06 5.28132e-06 9.41389e-06 1.33445e-05 1.64014e-05 1.77655e-05 1.61134e-05 1.36053e-05 8.33367e-06 5.58453e-06 3.10799e-06 1.76334e-06 1.0824e-06 7.24143e-07 5.14535e-07 3.88548e-07 3.08308e-07 2.52901e-07 2.09768e-07 1.72441e-07 1.38346e-07 1.07173e-07 7.96404e-08 5.65757e-08 3.83795e-08 2.48625e-08 1.53544e-08 8.91419e-09 4.55168e-09 1.51535e-09 
3.28918e-10 1.07375e-09 1.90196e-09 2.8225e-09 3.86569e-09 5.03936e-09 6.37395e-09 8.01075e-09 1.02468e-08 1.34031e-08 1.75394e-08 2.22714e-08 2.68375e-08 3.03566e-08 3.24873e-08 3.48644e-08 3.68077e-08 1.72028e-08 1.82448e-07 7.40672e-07 2.14753e-06 4.30355e-06 1.04896e-05 1.5721e-05 2.00351e-05 2.26301e-05 2.15158e-05 2.06553e-05 1.47796e-05 8.74812e-06 4.6671e-06 2.46013e-06 1.42006e-06 9.26797e-07 6.63189e-07 4.99927e-07 4.00259e-07 3.35835e-07 2.86739e-07 2.42779e-07 2.00072e-07 1.58531e-07 1.19942e-07 8.63722e-08 5.91693e-08 3.85987e-08 2.3994e-08 1.4146e-08 7.66721e-09 3.32469e-09 3.32469e-09 
1.4224e-10 8.48713e-10 1.86338e-09 3.01478e-09 4.35712e-09 5.89988e-09 7.6116e-09 9.50753e-09 1.17892e-08 1.48836e-08 1.9161e-08 2.44394e-08 2.97692e-08 3.36611e-08 3.45111e-08 3.15087e-08 2.53407e-08 3.06508e-08 2.17419e-07 8.00761e-07 1.76888e-06 5.2105e-06 1.04739e-05 1.66511e-05 2.10617e-05 2.37384e-05 2.39539e-05 2.2544e-05 1.89307e-05 1.53445e-05 8.15988e-06 3.74851e-06 1.96377e-06 1.22013e-06 8.49056e-07 6.46073e-07 5.14535e-07 4.37219e-07 3.83495e-07 3.35199e-07 2.84832e-07 2.31733e-07 1.7909e-07 1.31065e-07 9.0837e-08 5.97361e-08 3.73573e-08 2.22144e-08 1.24026e-08 6.08965e-09 1.95813e-09 
4.98296e-10 1.65991e-09 3.04557e-09 4.70747e-09 6.7003e-09 8.97995e-09 1.14404e-08 1.4071e-08 1.71764e-08 2.13808e-08 2.70493e-08 3.34763e-08 3.87326e-08 4.01855e-08 3.48644e-08 2.13444e-08 4.29904e-08 2.29049e-07 8.37761e-07 2.42687e-06 5.17868e-06 1.02357e-05 1.57785e-05 2.08174e-05 2.37706e-05 2.48818e-05 2.43936e-05 2.18927e-05 1.79349e-05 1.29926e-05 7.34426e-06 2.97771e-06 1.78882e-06 1.14496e-06 8.30549e-07 6.63189e-07 5.62455e-07 5.02246e-07 4.52745e-07 3.97907e-07 3.33755e-07 2.64477e-07 1.9732e-07 1.3868e-07 9.20805e-08 5.79626e-08 3.46747e-08 1.96481e-08 1.02347e-08 4.26684e-09 4.26684e-09 
2.11792e-10 1.26911e-09 2.87031e-09 4.83523e-09 7.29768e-09 1.02758e-08 1.36164e-08 1.70824e-08 2.06292e-08 2.47574e-08 3.03952e-08 3.77544e-08 4.50869e-08 4.8774e-08 4.40346e-08 2.53407e-08 4.65667e-08 2.24278e-07 8.45162e-07 2.74159e-06 5.3189e-06 9.15926e-06 1.4303e-05 1.88192e-05 2.24226e-05 2.42825e-05 2.47183e-05 2.33407e-05 2.01596e-05 1.60437e-05 1.07025e-05 6.09408e-06 3.02264e-06 1.6982e-06 1.14348e-06 8.49056e-07 7.24143e-07 6.4869e-07 5.98244e-07 5.43946e-07 4.72084e-07 3.85189e-07 2.94058e-07 2.10185e-07 1.412e-07 8.9574e-08 5.3882e-08 3.07795e-08 1.65094e-08 7.79257e-09 2.41843e-09 
7.26393e-10 2.46221e-09 4.68587e-09 7.56928e-09 1.12701e-08 1.5712e-08 2.05395e-08 2.5297e-08 2.99249e-08 3.53192e-08 4.28589e-08 5.22105e-08 5.95335e-08 5.77809e-08 3.68077e-08 4.29904e-08 2.21305e-07 8.2285e-07 2.80858e-06 5.19765e-06 8.44091e-06 1.22597e-05 1.63485e-05 1.9802e-05 2.23237e-05 2.349e-05 2.31856e-05 2.12453e-05 1.82849e-05 1.38864e-05 9.42718e-06 5.84084e-06 2.97872e-06 1.68581e-06 1.14496e-06 9.26797e-07 8.37809e-07 7.78038e-07 7.27097e-07 6.53804e-07 5.51452e-07 4.32577e-07 3.15564e-07 2.15056e-07 1.37731e-07 8.33608e-08 4.78826e-08 2.60574e-08 1.30506e-08 5.23286e-09 5.23286e-09 
3.06727e-10 1.82133e-09 4.23849e-09 7.44191e-09 1.17684e-08 1.73551e-08 2.39286e-08 3.0774e-08 3.7098e-08 4.29398e-08 4.99888e-08 6.01511e-08 7.14655e-08 7.54044e-08 5.58124e-08 3.06508e-08 2.24278e-07 8.05322e-07 2.75914e-06 4.93434e-06 7.64715e-06 1.07236e-05 1.38596e-05 1.70079e-05 1.95774e-05 2.13066e-05 2.18265e-05 2.10481e-05 1.91681e-05 1.60945e-05 1.24143e-05 8.67112e-06 5.32499e-06 3.0496e-06 1.6982e-06 1.22013e-06 1.0824e-06 1.01062e-06 9.54654e-07 8.85264e-07 7.73513e-07 6.2611e-07 4.68065e-07 3.24664e-07 2.10413e-07 1.2831e-07 7.40764e-08 4.06248e-08 2.09534e-08 9.52338e-09 2.85436e-09 
1.02147e-09 3.50116e-09 6.90384e-09 1.16631e-08 1.82283e-08 2.66411e-08 3.62486e-08 4.57257e-08 5.38232e-08 6.10326e-08 7.04969e-08 8.41111e-08 9.52456e-08 8.31954e-08 1.72028e-08 2.29049e-07 8.2285e-07 2.73638e-06 4.58869e-06 6.87651e-06 9.46641e-06 1.19904e-05 1.45121e-05 1.68931e-05 1.8767e-05 1.98463e-05 1.99063e-05 1.90202e-05 1.71111e-05 1.44931e-05 1.14508e-05 8.15363e-06 5.33364e-06 2.97872e-06 1.78882e-06 1.42006e-06 1.32391e-06 1.24751e-06 1.17518e-06 1.06069e-06 8.88573e-07 6.83697e-07 4.84589e-07 3.18784e-07 1.96252e-07 1.13957e-07 6.28189e-08 3.28729e-08 1.58698e-08 6.13225e-09 6.13225e-09 
4.34383e-10 2.51248e-09 5.99441e-09 1.09544e-08 1.81602e-08 2.81508e-08 4.07271e-08 5.454e-08 6.72856e-08 7.72599e-08 8.62431e-08 9.94373e-08 1.15834e-07 1.15935e-07 4.90904e-08 2.17419e-07 8.45162e-07 2.75914e-06 4.35962e-06 6.28502e-06 8.4318e-06 1.05627e-05 1.26176e-05 1.46071e-05 1.64024e-05 1.77134e-05 1.83243e-05 1.81783e-05 1.72279e-05 1.55934e-05 1.34816e-05 1.09026e-05 8.11312e-06 5.32499e-06 3.02264e-06 1.96377e-06 1.76334e-06 1.64584e-06 1.54531e-06 1.42337e-06 1.23295e-06 9.79916e-07 7.12869e-07 4.77818e-07 2.97779e-07 1.74175e-07 9.64687e-08 5.08691e-08 2.53074e-08 1.11141e-08 3.22257e-09 
1.39148e-09 4.77951e-09 9.73272e-09 1.71653e-08 2.81727e-08 4.33317e-08 6.19252e-08 8.13819e-08 9.79693e-08 1.0993e-07 1.21788e-07 1.39688e-07 1.5035e-07 1.04697e-07 1.82448e-07 8.37761e-07 2.80858e-06 4.58869e-06 6.03624e-06 7.70671e-06 9.46315e-06 1.12022e-05 1.28596e-05 1.44227e-05 1.57559e-05 1.66486e-05 1.69952e-05 1.67288e-05 1.58914e-05 1.4611e-05 1.28983e-05 1.07824e-05 8.15363e-06 5.84084e-06 2.97771e-06 2.46013e-06 2.21264e-06 2.03919e-06 1.88298e-06 1.67187e-06 1.37328e-06 1.02977e-06 7.06417e-07 4.47246e-07 2.64112e-07 1.47092e-07 7.79552e-08 3.93651e-08 1.83989e-08 6.87442e-09 6.87442e-09 
6.03453e-10 3.34344e-09 8.13296e-09 1.54143e-08 2.67341e-08 4.35763e-08 6.64176e-08 9.35124e-08 1.20262e-07 1.41172e-07 1.55692e-07 1.72326e-07 1.9082e-07 1.65743e-07 1.62776e-07 8.00761e-07 2.74159e-06 4.93434e-06 6.28502e-06 7.42582e-06 8.73614e-06 1.01584e-05 1.15605e-05 1.28895e-05 1.41092e-05 1.5092e-05 1.57155e-05 1.59009e-05 1.56401e-05 1.50078e-05 1.40472e-05 1.2733e-05 1.09026e-05 8.67112e-06 6.09408e-06 3.74851e-06 3.10799e-06 2.72492e-06 2.48214e-06 2.22669e-06 1.87788e-06 1.45498e-06 1.02636e-06 6.63051e-07 3.96544e-07 2.22449e-07 1.18445e-07 6.02902e-08 2.90782e-08 1.24e-08 3.48688e-09 
1.84474e-09 6.28649e-09 1.31552e-08 2.41293e-08 4.14932e-08 6.7179e-08 1.01246e-07 1.40029e-07 1.75841e-07 2.0174e-07 2.20758e-07 2.42727e-07 2.4275e-07 2.19512e-07 7.40672e-07 2.42687e-06 5.19765e-06 6.87651e-06 7.70671e-06 8.472e-06 9.49386e-06 1.06257e-05 1.1744e-05 1.28114e-05 1.376e-05 1.44965e-05 1.49454e-05 1.50714e-05 1.49051e-05 1.45055e-05 1.38754e-05 1.28983e-05 1.14508e-05 9.42718e-06 7.34426e-06 4.6671e-06 3.78876e-06 3.26275e-06 2.9452e-06 2.51029e-06 2.00413e-06 1.45925e-06 9.66842e-07 5.87973e-07 3.33092e-07 1.78364e-07 9.12799e-08 4.47299e-08 2.03605e-08 7.38666e-09 7.38666e-09 
8.22085e-10 4.31245e-09 1.06274e-08 2.07871e-08 3.75634e-08 6.42205e-08 1.0313e-07 1.53269e-07 2.0763e-07 2.54439e-07 2.87315e-07 3.15022e-07 3.36955e-07 3.27213e-07 8.09836e-07 1.76888e-06 5.3189e-06 7.64715e-06 8.4318e-06 8.73614e-06 9.26059e-06 1.00474e-05 1.09292e-05 1.18302e-05 1.2687e-05 1.3429e-05 1.39967e-05 1.43531e-05 1.45005e-05 1.44846e-05 1.43477e-05 1.40472e-05 1.34816e-05 1.24143e-05 1.07025e-05 8.15988e-06 5.58453e-06 4.34433e-06 3.88871e-06 3.30613e-06 2.68958e-06 2.02162e-06 1.38075e-06 8.58077e-07 4.92661e-07 2.65846e-07 1.36758e-07 6.76119e-08 3.18228e-08 1.32536e-08 3.62432e-09 
2.38863e-09 8.00635e-09 1.71237e-08 3.24992e-08 5.83004e-08 9.90866e-08 1.57466e-07 2.30054e-07 3.04567e-07 3.65281e-07 4.11463e-07 4.55734e-07 4.93149e-07 8.20724e-07 2.14753e-06 5.17868e-06 8.44091e-06 9.46641e-06 9.46315e-06 9.49386e-06 9.84892e-06 1.04332e-05 1.11335e-05 1.18637e-05 1.25503e-05 1.31414e-05 1.36052e-05 1.39384e-05 1.41696e-05 1.43513e-05 1.45055e-05 1.4611e-05 1.44931e-05 1.38864e-05 1.29926e-05 8.74812e-06 5.94352e-06 5.15445e-06 4.31914e-06 3.53354e-06 2.72097e-06 1.92196e-06 1.22735e-06 7.17476e-07 3.91353e-07 2.02635e-07 1.00823e-07 4.82923e-08 2.15537e-08 7.62638e-09 7.62638e-09 
1.09485e-09 5.41609e-09 1.34451e-08 2.69997e-08 5.05695e-08 9.02691e-08 1.5228e-07 2.38791e-07 3.41891e-07 4.42234e-07 5.24071e-07 6.01634e-07 6.89553e-07 1.00059e-06 2.15809e-06 5.2105e-06 9.15926e-06 1.07236e-05 1.05627e-05 1.01584e-05 1.00474e-05 1.02654e-05 1.07124e-05 1.12767e-05 1.18666e-05 1.24216e-05 1.29102e-05 1.33262e-05 1.36945e-05 1.4063e-05 1.44846e-05 1.50078e-05 1.55934e-05 1.60945e-05 1.60437e-05 1.53445e-05 8.33367e-06 6.91526e-06 5.59659e-06 4.58004e-06 3.56144e-06 2.59599e-06 1.71202e-06 1.02463e-06 5.67348e-07 2.96435e-07 1.48458e-07 7.1853e-08 3.32511e-08 1.36071e-08 3.62741e-09 
3.02517e-09 9.92162e-09 2.15857e-08 4.21717e-08 7.84977e-08 1.39392e-07 2.32842e-07 3.59103e-07 5.02714e-07 6.38311e-07 7.62764e-07 9.19074e-07 1.21428e-06 2.46371e-06 4.30355e-06 1.02357e-05 1.22597e-05 1.19904e-05 1.12022e-05 1.06257e-05 1.04332e-05 1.05709e-05 1.09224e-05 1.13765e-05 1.18536e-05 1.23134e-05 1.27427e-05 1.31601e-05 1.36149e-05 1.41696e-05 1.49051e-05 1.58914e-05 1.71111e-05 1.82849e-05 1.79349e-05 1.47796e-05 9.53937e-06 7.17154e-06 5.86546e-06 4.56021e-06 3.39474e-06 2.31638e-06 1.42761e-06 8.06841e-07 4.27037e-07 2.15661e-07 1.05236e-07 4.96716e-08 2.18899e-08 7.58481e-09 7.58481e-09 
1.41999e-09 6.64429e-09 1.65513e-08 3.39738e-08 6.56104e-08 1.21619e-07 2.1449e-07 3.53713e-07 5.34794e-07 7.32399e-07 9.26121e-07 1.14958e-06 1.52482e-06 2.55699e-06 5.28132e-06 1.04739e-05 1.4303e-05 1.38596e-05 1.26176e-05 1.15605e-05 1.09292e-05 1.07124e-05 1.08036e-05 1.10804e-05 1.1444e-05 1.18365e-05 1.22334e-05 1.26418e-05 1.31053e-05 1.36945e-05 1.45005e-05 1.56401e-05 1.72279e-05 1.91681e-05 2.01596e-05 1.89307e-05 1.36053e-05 9.17716e-06 7.35508e-06 5.74351e-06 4.30667e-06 3.02641e-06 1.92915e-06 1.12e-06 6.03626e-07 3.08424e-07 1.51832e-07 7.25787e-08 3.32775e-08 1.34569e-08 3.50303e-09 
3.74539e-09 1.20044e-08 2.64806e-08 5.3025e-08 1.01877e-07 1.8798e-07 3.28456e-07 5.32912e-07 7.88255e-07 1.06365e-06 1.37524e-06 1.82124e-06 2.82756e-06 5.39258e-06 1.04896e-05 1.57785e-05 1.63485e-05 1.45121e-05 1.28596e-05 1.1744e-05 1.11335e-05 1.09224e-05 1.09811e-05 1.11959e-05 1.14902e-05 1.1822e-05 1.21845e-05 1.26082e-05 1.31601e-05 1.39384e-05 1.50714e-05 1.67288e-05 1.90202e-05 2.12453e-05 2.18927e-05 2.06553e-05 1.20589e-05 9.00373e-06 7.08479e-06 5.32746e-06 3.81265e-06 2.51307e-06 1.50833e-06 8.33288e-07 4.32875e-07 2.15536e-07 1.04149e-07 4.88459e-08 2.13963e-08 7.28355e-09 7.28355e-09 
1.78811e-09 7.97075e-09 1.98889e-08 4.15972e-08 8.24651e-08 1.57892e-07 2.895e-07 4.99569e-07 7.94747e-07 1.15175e-06 1.55883e-06 2.11555e-06 3.0489e-06 5.49066e-06 9.41389e-06 1.66511e-05 1.88192e-05 1.70079e-05 1.46071e-05 1.28895e-05 1.18302e-05 1.12767e-05 1.10804e-05 1.11126e-05 1.12798e-05 1.15213e-05 1.18124e-05 1.21681e-05 1.26418e-05 1.33262e-05 1.43531e-05 1.59009e-05 1.81783e-05 2.10481e-05 2.33407e-05 2.2544e-05 1.61134e-05 1.09992e-05 8.57028e-06 6.41634e-06 4.64472e-06 3.1418e-06 1.95719e-06 1.1168e-06 5.93687e-07 3.00285e-07 1.46859e-07 6.99594e-08 3.20132e-08 1.28556e-08 3.26925e-09 
4.52537e-09 1.4198e-08 3.16925e-08 6.48235e-08 1.27954e-07 2.43962e-07 4.43271e-07 7.52532e-07 1.17123e-06 1.67756e-06 2.33229e-06 3.34265e-06 5.27857e-06 9.54628e-06 1.5721e-05 2.08174e-05 1.9802e-05 1.68931e-05 1.44227e-05 1.28114e-05 1.18637e-05 1.13765e-05 1.11959e-05 1.12091e-05 1.13379e-05 1.15392e-05 1.18092e-05 1.21845e-05 1.27427e-05 1.36052e-05 1.49454e-05 1.69952e-05 1.99063e-05 2.31856e-05 2.43936e-05 2.15158e-05 1.30643e-05 1.03006e-05 7.49357e-06 5.48017e-06 3.76721e-06 2.43098e-06 1.443e-06 7.9133e-07 4.09067e-07 2.0319e-07 9.81725e-08 4.61103e-08 2.01938e-08 6.76693e-09 6.76693e-09 
2.18228e-09 9.3443e-09 2.33426e-08 4.96224e-08 1.00591e-07 1.97903e-07 3.74916e-07 6.72466e-07 1.11844e-06 1.70516e-06 2.45513e-06 3.532e-06 5.30828e-06 8.9034e-06 1.33445e-05 2.10617e-05 2.24226e-05 1.95774e-05 1.64024e-05 1.41092e-05 1.2687e-05 1.18666e-05 1.1444e-05 1.12798e-05 1.12762e-05 1.13722e-05 1.15452e-05 1.18124e-05 1.22334e-05 1.29102e-05 1.39967e-05 1.57155e-05 1.83243e-05 2.18265e-05 2.47183e-05 2.39539e-05 1.77655e-05 1.2176e-05 8.61183e-06 6.23209e-06 4.34271e-06 2.87809e-06 1.78412e-06 1.01831e-06 5.42241e-07 2.75033e-07 1.35044e-07 6.46485e-08 2.97145e-08 1.18947e-08 2.95159e-09 
5.32552e-09 1.64006e-08 3.6985e-08 7.702e-08 1.55447e-07 3.04377e-07 5.70849e-07 1.00567e-06 1.63299e-06 2.45673e-06 3.5975e-06 5.24123e-06 8.16735e-06 1.20797e-05 2.00351e-05 2.37706e-05 2.23237e-05 1.8767e-05 1.57559e-05 1.376e-05 1.25503e-05 1.18536e-05 1.14902e-05 1.13379e-05 1.13159e-05 1.13836e-05 1.15392e-05 1.1822e-05 1.23134e-05 1.31414e-05 1.44965e-05 1.66486e-05 1.98463e-05 2.349e-05 2.48818e-05 2.26301e-05 1.38459e-05 9.84889e-06 6.85293e-06 4.81507e-06 3.24576e-06 2.097e-06 1.25571e-06 6.95232e-07 3.6271e-07 1.81784e-07 8.86088e-08 4.19656e-08 1.84618e-08 6.09311e-09 6.09311e-09 
2.57933e-09 1.06862e-08 2.67125e-08 5.75589e-08 1.18783e-07 2.38691e-07 4.63621e-07 8.56265e-07 1.47289e-06 2.33327e-06 3.49483e-06 5.11804e-06 7.45683e-06 1.12906e-05 1.64014e-05 2.37384e-05 2.42825e-05 2.13066e-05 1.77134e-05 1.5092e-05 1.3429e-05 1.24216e-05 1.18365e-05 1.15213e-05 1.13722e-05 1.13292e-05 1.13722e-05 1.15213e-05 1.18365e-05 1.24216e-05 1.3429e-05 1.5092e-05 1.77134e-05 2.13066e-05 2.42825e-05 2.37384e-05 1.64014e-05 1.12906e-05 7.45683e-06 5.11804e-06 3.49483e-06 2.33327e-06 1.47289e-06 8.56265e-07 4.63621e-07 2.38691e-07 1.18783e-07 5.75589e-08 2.67125e-08 1.06862e-08 2.57933e-09 
6.09311e-09 1.84618e-08 4.19656e-08 8.86088e-08 1.81784e-07 3.6271e-07 6.95232e-07 1.25571e-06 2.097e-06 3.24576e-06 4.81507e-06 6.85293e-06 9.84889e-06 1.38459e-05 2.26301e-05 2.48818e-05 2.349e-05 1.98463e-05 1.66486e-05 1.44965e-05 1.31414e-05 1.23134e-05 1.1822e-05 1.15392e-05 1.13836e-05 1.13159e-05 1.13379e-05 1.14902e-05 1.18536e-05 1.25503e-05 1.376e-05 1.57559e-05 1.8767e-05 2.23237e-05 2.37706e-05 2.00351e-05 1.20797e-05 8.16735e-06 5.24123e-06 3.5975e-06 2.45673e-06 1.63299e-06 1.00567e-06 5.70849e-07 3.04377e-07 1.55447e-07 7.702e-08 3.6985e-08 1.64006e-08 5.32552e-09 5.32552e-09 
2.95159e-09 1.18947e-08 2.97145e-08 6.46485e-08 1.35044e-07 2.75033e-07 5.42241e-07 1.01831e-06 1.78412e-06 2.87809e-06 4.34271e-06 6.23209e-06 8.61183e-06 1.2176e-05 1.77655e-05 2.39539e-05 2.47183e-05 2.18265e-05 1.83243e-05 1.57155e-05 1.39967e-05 1.29102e-05 1.22334e-05 1.18124e-05 1.15452e-05 1.13722e-05 1.12762e-05 1.12798e-05 1.1444e-05 1.18666e-05 1.2687e-05 1.41092e-05 1.64024e-05 1.95774e-05 2.24226e-05 2.10617e-05 1.33445e-05 8.9034e-06 5.30828e-06 3.532e-06 2.45513e-06 1.70516e-06 1.11844e-06 6.72466e-07 3.74916e-07 1.97903e-07 1.00591e-07 4.96224e-08 2.33426e-08 9.3443e-09 2.18228e-09 
6.76693e-09 2.01938e-08 4.61103e-08 9.81725e-08 2.0319e-07 4.09067e-07 7.9133e-07 1.443e-06 2.43098e-06 3.76721e-06 5.48017e-06 7.49357e-06 1.03006e-05 1.30643e-05 2.15158e-05 2.43936e-05 2.31856e-05 1.99063e-05 1.69952e-05 1.49454e-05 1.36052e-05 1.27427e-05 1.21845e-05 1.18092e-05 1.15392e-05 1.13379e-05 1.12091e-05 1.11959e-05 1.13765e-05 1.18637e-05 1.28114e-05 1.44227e-05 1.68931e-05 1.9802e-05 2.08174e-05 1.5721e-05 9.54628e-06 5.27857e-06 3.34265e-06 2.33229e-06 1.67756e-06 1.17123e-06 7.52532e-07 4.43271e-07 2.43962e-07 1.27954e-07 6.48235e-08 3.16925e-08 1.4198e-08 4.52537e-09 4.52537e-09 
3.26925e-09 1.28556e-08 3.20132e-08 6.99594e-08 1.46859e-07 3.00285e-07 5.93687e-07 1.1168e-06 1.95719e-06 3.1418e-06 4.64472e-06 6.41634e-06 8.57028e-06 1.09992e-05 1.61134e-05 2.2544e-05 2.33407e-05 2.10481e-05 1.81783e-05 1.59009e-05 1.43531e-05 1.33262e-05 1.26418e-05 1.21681e-05 1.18124e-05 1.15213e-05 1.12798e-05 1.11126e-05 1.10804e-05 1.12767e-05 1.18302e-05 1.28895e-05 1.46071e-05 1.70079e-05 1.88192e-05 1.66511e-05 9.41389e-06 5.49066e-06 3.0489e-06 2.11555e-06 1.55883e-06 1.15175e-06 7.94747e-07 4.99569e-07 2.895e-07 1.57892e-07 8.24651e-08 4.15972e-08 1.98889e-08 7.97075e-09 1.78811e-09 
7.28355e-09 2.13963e-08 4.88459e-08 1.04149e-07 2.15536e-07 4.32875e-07 8.33288e-07 1.50833e-06 2.51307e-06 3.81265e-06 5.32746e-06 7.08479e-06 9.00373e-06 1.20589e-05 2.06553e-05 2.18927e-05 2.12453e-05 1.90202e-05 1.67288e-05 1.50714e-05 1.39384e-05 1.31601e-05 1.26082e-05 1.21845e-05 1.1822e-05 1.14902e-05 1.11959e-05 1.09811e-05 1.09224e-05 1.11335e-05 1.1744e-05 1.28596e-05 1.45121e-05 1.63485e-05 1.57785e-05 1.04896e-05 5.39258e-06 2.82756e-06 1.82124e-06 1.37524e-06 1.06365e-06 7.88255e-07 5.32912e-07 3.28456e-07 1.8798e-07 1.01877e-07 5.3025e-08 2.64806e-08 1.20044e-08 3.74539e-09 3.74539e-09 
3.50303e-09 1.34569e-08 3.32775e-08 7.25787e-08 1.51832e-07 3.08424e-07 6.03626e-07 1.12e-06 1.92915e-06 3.02641e-06 4.30667e-06 5.74351e-06 7.35508e-06 9.17716e-06 1.36053e-05 1.89307e-05 2.01596e-05 1.91681e-05 1.72279e-05 1.56401e-05 1.45005e-05 1.36945e-05 1.31053e-05 1.26418e-05 1.22334e-05 1.18365e-05 1.1444e-05 1.10804e-05 1.08036e-05 1.07124e-05 1.09292e-05 1.15605e-05 1.26176e-05 1.38596e-05 1.4303e-05 1.04739e-05 5.28132e-06 2.55699e-06 1.52482e-06 1.14958e-06 9.26121e-07 7.32399e-07 5.34794e-07 3.53713e-07 2.1449e-07 1.21619e-07 6.56104e-08 3.39738e-08 1.65513e-08 6.64429e-09 1.41999e-09 
7.58481e-09 2.18899e-08 4.96716e-08 1.05236e-07 2.15661e-07 4.27037e-07 8.06841e-07 1.42761e-06 2.31638e-06 3.39474e-06 4.56021e-06 5.86546e-06 7.17154e-06 9.53937e-06 1.47796e-05 1.79349e-05 1.82849e-05 1.71111e-05 1.58914e-05 1.49051e-05 1.41696e-05 1.36149e-05 1.31601e-05 1.27427e-05 1.23134e-05 1.18536e-05 1.13765e-05 1.09224e-05 1.05709e-05 1.04332e-05 1.06257e-05 1.12022e-05 1.19904e-05 1.22597e-05 1.02357e-05 4.30355e-06 2.46371e-06 1.21428e-06 9.19074e-07 7.62764e-07 6.38311e-07 5.02714e-07 3.59103e-07 2.32842e-07 1.39392e-07 7.84977e-08 4.21717e-08 2.15857e-08 9.92162e-09 3.02517e-09 3.02517e-09 
3.62741e-09 1.36071e-08 3.32511e-08 7.1853e-08 1.48458e-07 2.96435e-07 5.67348e-07 1.02463e-06 1.71202e-06 2.59599e-06 3.56144e-06 4.58004e-06 5.59659e-06 6.91526e-06 8.33367e-06 1.53445e-05 1.60437e-05 1.60945e-05 1.55934e-05 1.50078e-05 1.44846e-05 1.4063e-05 1.36945e-05 1.33262e-05 1.29102e-05 1.24216e-05 1.18666e-05 1.12767e-05 1.07124e-05 1.02654e-05 1.00474e-05 1.01584e-05 1.05627e-05 1.07236e-05 9.15926e-06 5.2105e-06 2.15809e-06 1.00059e-06 6.89553e-07 6.01634e-07 5.24071e-07 4.42234e-07 3.41891e-07 2.38791e-07 1.5228e-07 9.02691e-08 5.05695e-08 2.69997e-08 1.34451e-08 5.41609e-09 1.09485e-09 
7.62638e-09 2.15537e-08 4.82923e-08 1.00823e-07 2.02635e-07 3.91353e-07 7.17476e-07 1.22735e-06 1.92196e-06 2.72097e-06 3.53354e-06 4.31914e-06 5.15445e-06 5.94352e-06 8.74812e-06 1.29926e-05 1.38864e-05 1.44931e-05 1.4611e-05 1.45055e-05 1.43513e-05 1.41696e-05 1.39384e-05 1.36052e-05 1.31414e-05 1.25503e-05 1.18637e-05 1.11335e-05 1.04332e-05 9.84892e-06 9.49386e-06 9.46315e-06 9.46641e-06 8.44091e-06 5.17868e-06 2.14753e-06 8.20724e-07 4.93149e-07 4.55734e-07 4.11463e-07 3.65281e-07 3.04567e-07 2.30054e-07 1.57466e-07 9.90866e-08 5.83004e-08 3.24992e-08 1.71237e-08 8.00635e-09 2.38863e-09 2.38863e-09 
3.62432e-09 1.32536e-08 3.18228e-08 6.76119e-08 1.36758e-07 2.65846e-07 4.92661e-07 8.58077e-07 1.38075e-06 2.02162e-06 2.68958e-06 3.30613e-06 3.88871e-06 4.34433e-06 5.58453e-06 8.15988e-06 1.07025e-05 1.24143e-05 1.34816e-05 1.40472e-05 1.43477e-05 1.44846e-05 1.45005e-05 1.43531e-05 1.39967e-05 1.3429e-05 1.2687e-05 1.18302e-05 1.09292e-05 1.00474e-05 9.26059e-06 8.73614e-06 8.4318e-06 7.64715e-06 5.3189e-06 1.76888e-06 8.09836e-07 3.27213e-07 3.36955e-07 3.15022e-07 2.87315e-07 2.54439e-07 2.0763e-07 1.53269e-07 1.0313e-07 6.42205e-08 3.75634e-08 2.07871e-08 1.06274e-08 4.31245e-09 8.22085e-10 
7.38666e-09 2.03605e-08 4.47299e-08 9.12799e-08 1.78364e-07 3.33092e-07 5.87973e-07 9.66842e-07 1.45925e-06 2.00413e-06 2.51029e-06 2.9452e-06 3.26275e-06 3.78876e-06 4.6671e-06 7.34426e-06 9.42718e-06 1.14508e-05 1.28983e-05 1.38754e-05 1.45055e-05 1.49051e-05 1.50714e-05 1.49454e-05 1.44965e-05 1.376e-05 1.28114e-05 1.1744e-05 1.06257e-05 9.49386e-06 8.472e-06 7.70671e-06 6.87651e-06 5.19765e-06 2.42687e-06 7.40672e-07 2.19512e-07 2.4275e-07 2.42727e-07 2.20758e-07 2.0174e-07 1.75841e-07 1.40029e-07 1.01246e-07 6.7179e-08 4.14932e-08 2.41293e-08 1.31552e-08 6.28649e-09 1.84474e-09 1.84474e-09 
3.48688e-09 1.24e-08 2.90782e-08 6.02902e-08 1.18445e-07 2.22449e-07 3.96544e-07 6.63051e-07 1.02636e-06 1.45498e-06 1.87788e-06 2.22669e-06 2.48214e-06 2.72492e-06 3.10799e-06 3.74851e-06 6.09408e-06 8.67112e-06 1.09026e-05 1.2733e-05 1.40472e-05 1.50078e-05 1.56401e-05 1.59009e-05 1.57155e-05 1.5092e-05 1.41092e-05 1.28895e-05 1.15605e-05 1.01584e-05 8.73614e-06 7.42582e-06 6.28502e-06 4.93434e-06 2.74159e-06 8.00761e-07 1.62776e-07 1.65743e-07 1.9082e-07 1.72326e-07 1.55692e-07 1.41172e-07 1.20262e-07 9.35124e-08 6.64176e-08 4.35763e-08 2.67341e-08 1.54143e-08 8.13296e-09 3.34344e-09 6.03453e-10 
6.87442e-09 1.83989e-08 3.93651e-08 7.79552e-08 1.47092e-07 2.64112e-07 4.47246e-07 7.06417e-07 1.02977e-06 1.37328e-06 1.67187e-06 1.88298e-06 2.03919e-06 2.21264e-06 2.46013e-06 2.97771e-06 5.84084e-06 8.15363e-06 1.07824e-05 1.28983e-05 1.4611e-05 1.58914e-05 1.67288e-05 1.69952e-05 1.66486e-05 1.57559e-05 1.44227e-05 1.28596e-05 1.12022e-05 9.46315e-06 7.70671e-06 6.03624e-06 4.58869e-06 2.80858e-06 8.37761e-07 1.82448e-07 1.04697e-07 1.5035e-07 1.39688e-07 1.21788e-07 1.0993e-07 9.79693e-08 8.13819e-08 6.19252e-08 4.33317e-08 2.81727e-08 1.71653e-08 9.73272e-09 4.77951e-09 1.39148e-09 1.39148e-09 
3.22257e-09 1.11141e-08 2.53074e-08 5.08691e-08 9.64687e-08 1.74175e-07 2.97779e-07 4.77818e-07 7.12869e-07 9.79916e-07 1.23295e-06 1.42337e-06 1.54531e-06 1.64584e-06 1.76334e-06 1.96377e-06 3.02264e-06 5.32499e-06 8.11312e-06 1.09026e-05 1.34816e-05 1.55934e-05 1.72279e-05 1.81783e-05 1.83243e-05 1.77134e-05 1.64024e-05 1.46071e-05 1.26176e-05 1.05627e-05 8.4318e-06 6.28502e-06 4.35962e-06 2.75914e-06 8.45162e-07 2.17419e-07 4.90904e-08 1.15935e-07 1.15834e-07 9.94373e-08 8.62431e-08 7.72599e-08 6.72856e-08 5.454e-08 4.07271e-08 2.81508e-08 1.81602e-08 1.09544e-08 5.99441e-09 2.51248e-09 4.34383e-10 
6.13225e-09 1.58698e-08 3.28729e-08 6.28189e-08 1.13957e-07 1.96252e-07 3.18784e-07 4.84589e-07 6.83697e-07 8.88573e-07 1.06069e-06 1.17518e-06 1.24751e-06 1.32391e-06 1.42006e-06 1.78882e-06 2.97872e-06 5.33364e-06 8.15363e-06 1.14508e-05 1.44931e-05 1.71111e-05 1.90202e-05 1.99063e-05 1.98463e-05 1.8767e-05 1.68931e-05 1.45121e-05 1.19904e-05 9.46641e-06 6.87651e-06 4.58869e-06 2.73638e-06 8.2285e-07 2.29049e-07 1.72028e-08 8.31954e-08 9.52456e-08 8.41111e-08 7.04969e-08 6.10326e-08 5.38232e-08 4.57257e-08 3.62486e-08 2.66411e-08 1.82283e-08 1.16631e-08 6.90384e-09 3.50116e-09 1.02147e-09 1.02147e-09 
2.85436e-09 9.52338e-09 2.09534e-08 4.06248e-08 7.40764e-08 1.2831e-07 2.10413e-07 3.24664e-07 4.68065e-07 6.2611e-07 7.73513e-07 8.85264e-07 9.54654e-07 1.01062e-06 1.0824e-06 1.22013e-06 1.6982e-06 3.0496e-06 5.32499e-06 8.67112e-06 1.24143e-05 1.60945e-05 1.91681e-05 2.10481e-05 2.18265e-05 2.13066e-05 1.95774e-05 1.70079e-05 1.38596e-05 1.07236e-05 7.64715e-06 4.93434e-06 2.75914e-06 8.05322e-07 2.24278e-07 3.06508e-08 5.58124e-08 7.54044e-08 7.14655e-08 6.01511e-08 4.99888e-08 4.29398e-08 3.7098e-08 3.0774e-08 2.39286e-08 1.73551e-08 1.17684e-08 7.44191e-09 4.23849e-09 1.82133e-09 3.06727e-10 
5.23286e-09 1.30506e-08 2.60574e-08 4.78826e-08 8.33608e-08 1.37731e-07 2.15056e-07 3.15564e-07 4.32577e-07 5.51452e-07 6.53804e-07 7.27097e-07 7.78038e-07 8.37809e-07 9.26797e-07 1.14496e-06 1.68581e-06 2.97872e-06 5.84084e-06 9.42718e-06 1.38864e-05 1.82849e-05 2.12453e-05 2.31856e-05 2.349e-05 2.23237e-05 1.9802e-05 1.63485e-05 1.22597e-05 8.44091e-06 5.19765e-06 2.80858e-06 8.2285e-07 2.21305e-07 4.29904e-08 3.68077e-08 5.77809e-08 5.95335e-08 5.22105e-08 4.28589e-08 3.53192e-08 2.99249e-08 2.5297e-08 2.05395e-08 1.5712e-08 1.12701e-08 7.56928e-09 4.68587e-09 2.46221e-09 7.26393e-10 7.26393e-10 
2.41843e-09 7.79257e-09 1.65094e-08 3.07795e-08 5.3882e-08 8.9574e-08 1.412e-07 2.10185e-07 2.94058e-07 3.85189e-07 4.72084e-07 5.43946e-07 5.98244e-07 6.4869e-07 7.24143e-07 8.49056e-07 1.14348e-06 1.6982e-06 3.02264e-06 6.09408e-06 1.07025e-05 1.60437e-05 2.01596e-05 2.33407e-05 2.47183e-05 2.42825e-05 2.24226e-05 1.88192e-05 1.4303e-05 9.15926e-06 5.3189e-06 2.74159e-06 8.45162e-07 2.24278e-07 4.65667e-08 2.53407e-08 4.40346e-08 4.8774e-08 4.50869e-08 3.77544e-08 3.03952e-08 2.47574e-08 2.06292e-08 1.70824e-08 1.36164e-08 1.02758e-08 7.29768e-09 4.83523e-09 2.87031e-09 1.26911e-09 2.11792e-10 
4.26684e-09 1.02347e-08 1.96481e-08 3.46747e-08 5.79626e-08 9.20805e-08 1.3868e-07 1.9732e-07 2.64477e-07 3.33755e-07 3.97907e-07 4.52745e-07 5.02246e-07 5.62455e-07 6.63189e-07 8.30549e-07 1.14496e-06 1.78882e-06 2.97771e-06 7.34426e-06 1.29926e-05 1.79349e-05 2.18927e-05 2.43936e-05 2.48818e-05 2.37706e-05 2.08174e-05 1.57785e-05 1.02357e-05 5.17868e-06 2.42687e-06 8.37761e-07 2.29049e-07 4.29904e-08 2.13444e-08 3.48644e-08 4.01855e-08 3.87326e-08 3.34763e-08 2.70493e-08 2.13808e-08 1.71764e-08 1.4071e-08 1.14404e-08 8.97995e-09 6.7003e-09 4.70747e-09 3.04557e-09 1.65991e-09 4.98296e-10 4.98296e-10 
1.95813e-09 6.08965e-09 1.24026e-08 2.22144e-08 3.73573e-08 5.97361e-08 9.0837e-08 1.31065e-07 1.7909e-07 2.31733e-07 2.84832e-07 3.35199e-07 3.83495e-07 4.37219e-07 5.14535e-07 6.46073e-07 8.49056e-07 1.22013e-06 1.96377e-06 3.74851e-06 8.15988e-06 1.53445e-05 1.89307e-05 2.2544e-05 2.39539e-05 2.37384e-05 2.10617e-05 1.66511e-05 1.04739e-05 5.2105e-06 1.76888e-06 8.00761e-07 2.17419e-07 3.06508e-08 2.53407e-08 3.15087e-08 3.45111e-08 3.36611e-08 2.97692e-08 2.44394e-08 1.9161e-08 1.48836e-08 1.17892e-08 9.50753e-09 7.6116e-09 5.89988e-09 4.35712e-09 3.01478e-09 1.86338e-09 8.48713e-10 1.4224e-10 
3.32469e-09 7.66721e-09 1.4146e-08 2.3994e-08 3.85987e-08 5.91693e-08 8.63722e-08 1.19942e-07 1.58531e-07 2.00072e-07 2.42779e-07 2.86739e-07 3.35835e-07 4.00259e-07 4.99927e-07 6.63189e-07 9.26797e-07 1.42006e-06 2.46013e-06 4.6671e-06 8.74812e-06 1.47796e-05 2.06553e-05 2.15158e-05 2.26301e-05 2.00351e-05 1.5721e-05 1.04896e-05 4.30355e-06 2.14753e-06 7.40672e-07 1.82448e-07 1.72028e-08 3.68077e-08 3.48644e-08 3.24873e-08 3.03566e-08 2.68375e-08 2.22714e-08 1.75394e-08 1.34031e-08 1.02468e-08 8.01075e-09 6.37395e-09 5.03936e-09 3.86569e-09 2.8225e-09 1.90196e-09 1.07375e-09 3.28918e-10 3.28918e-10 
1.51535e-09 4.55168e-09 8.91419e-09 1.53544e-08 2.48625e-08 3.83795e-08 5.65757e-08 7.96404e-08 1.07173e-07 1.38346e-07 1.72441e-07 2.09768e-07 2.52901e-07 3.08308e-07 3.88548e-07 5.14535e-07 7.24143e-07 1.0824e-06 1.76334e-06 3.10799e-06 5.58453e-06 8.33367e-06 1.36053e-05 1.61134e-05 1.77655e-05 1.64014e-05 1.33445e-05 9.41389e-06 5.28132e-06 2.15809e-06 8.09836e-07 1.62776e-07 4.90904e-08 5.58124e-08 4.40346e-08 3.45111e-08 2.91995e-08 2.49453e-08 2.05841e-08 1.62585e-08 1.23789e-08 9.2582e-09 6.98045e-09 5.3961e-09 4.24723e-09 3.32505e-09 2.52657e-09 1.81439e-09 1.1635e-09 5.45111e-10 9.24322e-11 
2.47903e-09 5.50367e-09 9.77263e-09 1.59708e-08 2.48152e-08 3.68883e-08 5.25292e-08 7.17773e-08 9.44577e-08 1.20489e-07 1.50452e-07 1.86421e-07 2.33112e-07 2.99415e-07 4.00259e-07 5.62455e-07 8.37809e-07 1.32391e-06 2.21264e-06 3.78876e-06 5.94352e-06 9.53937e-06 1.20589e-05 1.30643e-05 1.38459e-05 1.20797e-05 9.54628e-06 5.39258e-06 2.46371e-06 8.20724e-07 2.19512e-07 1.04697e-07 8.31954e-08 5.77809e-08 4.01855e-08 3.03566e-08 2.4289e-08 1.95034e-08 1.52846e-08 1.16122e-08 8.60275e-09 6.32036e-09 4.71071e-09 3.6092e-09 2.81781e-09 2.18885e-09 1.6449e-09 1.14758e-09 6.68533e-10 2.08853e-10 2.08853e-10 
1.12261e-09 3.26312e-09 6.15747e-09 1.0227e-08 1.60048e-08 2.39686e-08 3.44707e-08 4.77204e-08 6.38422e-08 8.3067e-08 1.06103e-07 1.34724e-07 1.72629e-07 2.26647e-07 3.08308e-07 4.37219e-07 6.4869e-07 1.01062e-06 1.64584e-06 2.72492e-06 4.34433e-06 6.91526e-06 9.17716e-06 1.09992e-05 1.2176e-05 1.12906e-05 8.9034e-06 5.49066e-06 2.55699e-06 1.00059e-06 3.27213e-07 1.65743e-07 1.15935e-07 7.54044e-08 4.8774e-08 3.36611e-08 2.49453e-08 1.91303e-08 1.46664e-08 1.10466e-08 8.13741e-09 5.89639e-09 4.26965e-09 3.15371e-09 2.40113e-09 1.86423e-09 1.43772e-09 1.062e-09 7.02342e-10 3.37192e-10 5.7926e-11 
1.7737e-09 3.8013e-09 6.51568e-09 1.0299e-08 1.55333e-08 2.25329e-08 3.15464e-08 4.28054e-08 5.66517e-08 7.37901e-08 9.57111e-08 1.25354e-07 1.68088e-07 2.33112e-07 3.35835e-07 5.02246e-07 7.78038e-07 1.24751e-06 2.03919e-06 3.26275e-06 5.15445e-06 7.17154e-06 9.00373e-06 1.03006e-05 9.84889e-06 8.16735e-06 5.27857e-06 2.82756e-06 1.21428e-06 4.93149e-07 2.4275e-07 1.5035e-07 9.52456e-08 5.95335e-08 3.87326e-08 2.68375e-08 1.95034e-08 1.44538e-08 1.06923e-08 7.8065e-09 5.61002e-09 3.99265e-09 2.85814e-09 2.09785e-09 1.59162e-09 1.23117e-09 9.40537e-10 6.73621e-10 4.0254e-10 1.27792e-10 1.27792e-10 
7.98445e-10 2.25261e-09 4.10971e-09 6.60858e-09 1.00457e-08 1.46864e-08 2.07634e-08 2.85205e-08 3.83039e-08 5.07377e-08 6.70294e-08 8.94748e-08 1.22252e-07 1.72629e-07 2.52901e-07 3.83495e-07 5.98244e-07 9.54654e-07 1.54531e-06 2.48214e-06 3.88871e-06 5.59659e-06 7.35508e-06 8.57028e-06 8.61183e-06 7.45683e-06 5.30828e-06 3.0489e-06 1.52482e-06 6.89553e-07 3.36955e-07 1.9082e-07 1.15834e-07 7.14655e-08 4.50869e-08 2.97692e-08 2.05841e-08 1.46664e-08 1.0571e-08 7.60282e-09 5.41456e-09 3.81374e-09 2.67513e-09 1.89862e-09 1.38884e-09 1.05275e-09 8.11508e-10 6.09633e-10 4.12445e-10 2.01744e-10 3.49748e-11 
1.22248e-09 2.53909e-09 4.21934e-09 6.48365e-09 9.55093e-09 1.36207e-08 1.89098e-08 2.57212e-08 3.45681e-08 4.63936e-08 6.29465e-08 8.74015e-08 1.25354e-07 1.86421e-07 2.86739e-07 4.52745e-07 7.27097e-07 1.17518e-06 1.88298e-06 2.9452e-06 4.31914e-06 5.86546e-06 7.08479e-06 7.49357e-06 6.85293e-06 5.24123e-06 3.34265e-06 1.82124e-06 9.19074e-07 4.55734e-07 2.42727e-07 1.39688e-07 8.41111e-08 5.22105e-08 3.34763e-08 2.22714e-08 1.52846e-08 1.06923e-08 7.53356e-09 5.29699e-09 3.69688e-09 2.56137e-09 1.77605e-09 1.25341e-09 9.1655e-10 6.9543e-10 5.32583e-10 3.87513e-10 2.35735e-10 7.55988e-11 7.55988e-11 
5.47434e-10 1.50471e-09 2.66644e-09 4.17309e-09 6.1997e-09 8.91247e-09 1.24902e-08 1.71784e-08 2.33786e-08 3.18043e-08 4.37553e-08 6.15843e-08 8.94748e-08 1.34724e-07 2.09768e-07 3.35199e-07 5.43946e-07 8.85264e-07 1.42337e-06 2.22669e-06 3.30613e-06 4.58004e-06 5.74351e-06 6.41634e-06 6.23209e-06 5.11804e-06 3.532e-06 2.11555e-06 1.14958e-06 6.01634e-07 3.15022e-07 1.72326e-07 9.94373e-08 6.01511e-08 3.77544e-08 2.44394e-08 1.62585e-08 1.10466e-08 7.60282e-09 5.25739e-09 3.62856e-09 2.49033e-09 1.70212e-09 1.16991e-09 8.23536e-10 6.03778e-10 4.58569e-10 3.45942e-10 2.37158e-10 1.17353e-10 2.03694e-11 
8.1562e-10 1.64971e-09 2.67213e-09 4.01655e-09 5.82006e-09 8.22585e-09 1.14242e-08 1.57182e-08 2.16341e-08 3.01173e-08 4.28724e-08 6.29465e-08 9.57111e-08 1.50452e-07 2.42779e-07 3.97907e-07 6.53804e-07 1.06069e-06 1.67187e-06 2.51029e-06 3.53354e-06 4.56021e-06 5.32746e-06 5.48017e-06 4.81507e-06 3.5975e-06 2.33229e-06 1.37524e-06 7.62764e-07 4.11463e-07 2.20758e-07 1.21788e-07 7.04969e-08 4.28589e-08 2.70493e-08 1.75394e-08 1.16122e-08 7.8065e-09 5.29699e-09 3.60583e-09 2.45015e-09 1.65791e-09 1.12057e-09 7.65558e-10 5.39307e-10 3.97297e-10 3.00953e-10 2.19956e-10 1.35059e-10 4.34237e-11 4.34237e-11 
3.63648e-10 9.78138e-10 1.69292e-09 2.59471e-09 3.79394e-09 5.4051e-09 7.57228e-09 1.05185e-08 1.46242e-08 2.05644e-08 2.95512e-08 4.37553e-08 6.70294e-08 1.06103e-07 1.72441e-07 2.84832e-07 4.72084e-07 7.73513e-07 1.23295e-06 1.87788e-06 2.68958e-06 3.56144e-06 4.30667e-06 4.64472e-06 4.34271e-06 3.49483e-06 2.45513e-06 1.55883e-06 9.26121e-07 5.24071e-07 2.87315e-07 1.55692e-07 8.62431e-08 4.99888e-08 3.03952e-08 1.9161e-08 1.23789e-08 8.13741e-09 5.41456e-09 3.62856e-09 2.437e-09 1.63381e-09 1.09215e-09 7.31586e-10 4.98268e-10 3.52443e-10 2.60942e-10 1.95286e-10 1.34326e-10 6.67322e-11 1.14767e-11 
5.29771e-10 1.04931e-09 1.66707e-09 2.46822e-09 3.54497e-09 5.00607e-09 7.01293e-09 9.83609e-09 1.39505e-08 2.02046e-08 3.01173e-08 4.63936e-08 7.37901e-08 1.20489e-07 2.00072e-07 3.33755e-07 5.51452e-07 8.88573e-07 1.37328e-06 2.00413e-06 2.72097e-06 3.39474e-06 3.81265e-06 3.76721e-06 3.24576e-06 2.45673e-06 1.67756e-06 1.06365e-06 6.38311e-07 3.65281e-07 2.0174e-07 1.0993e-07 6.10326e-08 3.53192e-08 2.13808e-08 1.34031e-08 8.60275e-09 5.61002e-09 3.69688e-09 2.45015e-09 1.62607e-09 1.07723e-09 7.12553e-10 4.74101e-10 3.22958e-10 2.29992e-10 1.70515e-10 1.23857e-10 7.6129e-11 2.43389e-11 2.43389e-11 
2.35403e-10 6.22678e-10 1.05918e-09 1.60079e-09 2.32088e-09 3.30262e-09 4.66206e-09 6.58921e-09 9.41425e-09 1.37235e-08 2.05644e-08 3.18043e-08 5.07377e-08 8.3067e-08 1.38346e-07 2.31733e-07 3.85189e-07 6.2611e-07 9.79916e-07 1.45498e-06 2.02162e-06 2.59599e-06 3.02641e-06 3.1418e-06 2.87809e-06 2.33327e-06 1.70516e-06 1.15175e-06 7.32399e-07 4.42234e-07 2.54439e-07 1.41172e-07 7.72599e-08 4.29398e-08 2.47574e-08 1.48836e-08 9.2582e-09 5.89639e-09 3.81374e-09 2.49033e-09 1.63381e-09 1.07255e-09 7.02891e-10 4.60744e-10 3.05255e-10 2.08701e-10 1.49767e-10 1.10115e-10 7.53313e-11 3.73058e-11 6.2871e-12 
3.37114e-10 6.57862e-10 1.03213e-09 1.51621e-09 2.17487e-09 3.09203e-09 4.40009e-09 6.32633e-09 9.27177e-09 1.39505e-08 2.16341e-08 3.45681e-08 5.66517e-08 9.44577e-08 1.58531e-07 2.64477e-07 4.32577e-07 6.83697e-07 1.02977e-06 1.45925e-06 1.92196e-06 2.31638e-06 2.51307e-06 2.43098e-06 2.097e-06 1.63299e-06 1.17123e-06 7.88255e-07 5.02714e-07 3.04567e-07 1.75841e-07 9.79693e-08 5.38232e-08 2.99249e-08 1.71764e-08 1.02468e-08 6.32036e-09 3.99265e-09 2.56137e-09 1.65791e-09 1.07723e-09 6.99922e-10 4.54125e-10 2.95445e-10 1.95477e-10 1.34573e-10 9.70345e-11 6.94754e-11 4.24504e-11 1.3393e-11 1.3393e-11 
1.49443e-10 3.90796e-10 6.57687e-10 9.87167e-10 1.42959e-09 2.04675e-09 2.93079e-09 4.23698e-09 6.23736e-09 9.41425e-09 1.46242e-08 2.33786e-08 3.83039e-08 6.38422e-08 1.07173e-07 1.7909e-07 2.94058e-07 4.68065e-07 7.12869e-07 1.02636e-06 1.38075e-06 1.71202e-06 1.92915e-06 1.95719e-06 1.78412e-06 1.47289e-06 1.11844e-06 7.94747e-07 5.34794e-07 3.41891e-07 2.0763e-07 1.20262e-07 6.72856e-08 3.7098e-08 2.06292e-08 1.17892e-08 6.98045e-09 4.26965e-09 2.67513e-09 1.70212e-09 1.09215e-09 7.02891e-10 4.52128e-10 2.9063e-10 1.88004e-10 1.24654e-10 8.65783e-11 6.21689e-11 4.20334e-11 2.06367e-11 3.37747e-12 
2.11553e-10 4.0935e-10 6.38659e-10 9.37494e-10 1.35242e-09 1.94806e-09 2.83005e-09 4.18169e-09 6.32633e-09 9.83609e-09 1.57182e-08 2.57212e-08 4.28054e-08 7.17773e-08 1.19942e-07 1.9732e-07 3.15564e-07 4.84589e-07 7.06417e-07 9.66842e-07 1.22735e-06 1.42761e-06 1.50833e-06 1.443e-06 1.25571e-06 1.00567e-06 7.52532e-07 5.32912e-07 3.59103e-07 2.30054e-07 1.40029e-07 8.13819e-08 4.57257e-08 2.5297e-08 1.4071e-08 8.01075e-09 4.71071e-09 2.85814e-09 1.77605e-09 1.12057e-09 7.12553e-10 4.54125e-10 2.89194e-10 1.84317e-10 1.18848e-10 7.92699e-11 5.54773e-11 3.89733e-11 2.3569e-11 7.30102e-12 7.30102e-12 
9.36475e-11 2.43431e-10 4.08069e-10 6.12491e-10 8.91898e-10 1.29249e-09 1.88617e-09 2.79584e-09 4.23698e-09 6.58921e-09 1.05185e-08 1.71784e-08 2.85205e-08 4.77204e-08 7.96404e-08 1.31065e-07 2.10185e-07 3.24664e-07 4.77818e-07 6.63051e-07 8.58077e-07 1.02463e-06 1.12e-06 1.1168e-06 1.01831e-06 8.56265e-07 6.72466e-07 4.99569e-07 3.53713e-07 2.38791e-07 1.53269e-07 9.35124e-08 5.454e-08 3.0774e-08 1.70824e-08 9.50753e-09 5.3961e-09 3.15371e-09 1.89862e-09 1.16991e-09 7.31586e-10 4.60744e-10 2.9063e-10 1.83217e-10 1.15924e-10 7.47661e-11 5.03383e-11 3.52457e-11 2.3484e-11 1.14001e-11 1.81016e-12 
1.31777e-10 2.54454e-10 3.97418e-10 5.86674e-10 8.56006e-10 1.25475e-09 1.86512e-09 2.83005e-09 4.40009e-09 7.01293e-09 1.14242e-08 1.89098e-08 3.15464e-08 5.25292e-08 8.63722e-08 1.3868e-07 2.15056e-07 3.18784e-07 4.47246e-07 5.87973e-07 7.17476e-07 8.06841e-07 8.33288e-07 7.9133e-07 6.95232e-07 5.70849e-07 4.43271e-07 3.28456e-07 2.32842e-07 1.57466e-07 1.01246e-07 6.19252e-08 3.62486e-08 2.05395e-08 1.14404e-08 6.37395e-09 3.6092e-09 2.09785e-09 1.25341e-09 7.65558e-10 4.74101e-10 2.95445e-10 1.84317e-10 1.15045e-10 7.24185e-11 4.69388e-11 3.19387e-11 2.2006e-11 1.31571e-11 4.00145e-12 4.00145e-12 
5.82909e-11 1.5144e-10 2.54485e-10 3.84309e-10 5.65748e-10 8.33254e-10 1.24189e-09 1.88617e-09 2.93079e-09 4.66206e-09 7.57228e-09 1.24902e-08 2.07634e-08 3.44707e-08 5.65757e-08 9.0837e-08 1.412e-07 2.10413e-07 2.97779e-07 3.96544e-07 4.92661e-07 5.67348e-07 6.03626e-07 5.93687e-07 5.42241e-07 4.63621e-07 3.74916e-07 2.895e-07 2.1449e-07 1.5228e-07 1.0313e-07 6.64176e-08 4.07271e-08 2.39286e-08 1.36164e-08 7.6116e-09 4.24723e-09 2.40113e-09 1.38884e-09 8.23536e-10 4.98268e-10 3.05255e-10 1.88004e-10 1.15924e-10 7.17007e-11 4.50796e-11 2.95293e-11 2.02128e-11 1.32851e-11 6.38409e-12 9.97041e-13 
8.19611e-11 1.58886e-10 2.49876e-10 3.72838e-10 5.52316e-10 8.25478e-10 1.25475e-09 1.94806e-09 3.09203e-09 5.00607e-09 8.22585e-09 1.36207e-08 2.25329e-08 3.68883e-08 5.91693e-08 9.20805e-08 1.37731e-07 1.96252e-07 2.64112e-07 3.33092e-07 3.91353e-07 4.27037e-07 4.32875e-07 4.09067e-07 3.6271e-07 3.04377e-07 2.43962e-07 1.8798e-07 1.39392e-07 9.90866e-08 6.7179e-08 4.33317e-08 2.66411e-08 1.5712e-08 8.97995e-09 5.03936e-09 2.81781e-09 1.59162e-09 9.1655e-10 5.39307e-10 3.22958e-10 1.95477e-10 1.18848e-10 7.24185e-11 4.44972e-11 2.81225e-11 1.86956e-11 1.26773e-11 7.50871e-12 2.26118e-12 2.26118e-12 
3.62408e-11 9.4579e-11 1.60209e-10 2.44576e-10 3.65251e-10 5.47705e-10 8.33254e-10 1.29249e-09 2.04675e-09 3.30262e-09 5.4051e-09 8.91247e-09 1.46864e-08 2.39686e-08 3.83795e-08 5.97361e-08 8.9574e-08 1.2831e-07 1.74175e-07 2.22449e-07 2.65846e-07 2.96435e-07 3.08424e-07 3.00285e-07 2.75033e-07 2.38691e-07 1.97903e-07 1.57892e-07 1.21619e-07 9.02691e-08 6.42205e-08 4.35763e-08 2.81508e-08 1.73551e-08 1.02758e-08 5.89988e-09 3.32505e-09 1.86423e-09 1.05275e-09 6.03778e-10 3.52443e-10 2.08701e-10 1.24654e-10 7.47661e-11 4.50796e-11 2.76672e-11 1.77277e-11 1.19311e-11 7.75893e-12 3.70583e-12 5.86536e-13 
5.11439e-11 1.0005e-10 1.59134e-10 2.40742e-10 3.62619e-10 5.52316e-10 8.56006e-10 1.35242e-09 2.17487e-09 3.54497e-09 5.82006e-09 9.55093e-09 1.55333e-08 2.48152e-08 3.85987e-08 5.79626e-08 8.33608e-08 1.13957e-07 1.47092e-07 1.78364e-07 2.02635e-07 2.15661e-07 2.15536e-07 2.0319e-07 1.81784e-07 1.55447e-07 1.27954e-07 1.01877e-07 7.84977e-08 5.83004e-08 4.14932e-08 2.81727e-08 1.82283e-08 1.12701e-08 6.7003e-09 3.86569e-09 2.18885e-09 1.23117e-09 6.9543e-10 3.97297e-10 2.29992e-10 1.34573e-10 7.92699e-11 4.69388e-11 2.81225e-11 1.73997e-11 1.13792e-11 7.62734e-12 4.48377e-12 1.35463e-12 1.35463e-12 
2.26068e-11 5.95012e-11 1.02001e-10 1.57826e-10 2.39372e-10 3.65251e-10 5.65748e-10 8.91898e-10 1.42959e-09 2.32088e-09 3.79394e-09 6.1997e-09 1.00457e-08 1.60048e-08 2.48625e-08 3.73573e-08 5.3882e-08 7.40764e-08 9.64687e-08 1.18445e-07 1.36758e-07 1.48458e-07 1.51832e-07 1.46859e-07 1.35044e-07 1.18783e-07 1.00591e-07 8.24651e-08 6.56104e-08 5.05695e-08 3.75634e-08 2.67341e-08 1.81602e-08 1.17684e-08 7.29768e-09 4.35712e-09 2.52657e-09 1.43772e-09 8.11508e-10 4.58569e-10 2.60942e-10 1.49767e-10 8.65783e-11 5.03383e-11 2.95293e-11 1.77277e-11 1.11806e-11 7.43938e-12 4.79069e-12 2.27861e-12 3.72916e-13 
3.21116e-11 6.35959e-11 1.02499e-10 1.57297e-10 2.40742e-10 3.72838e-10 5.86674e-10 9.37494e-10 1.51621e-09 2.46822e-09 4.01655e-09 6.48365e-09 1.0299e-08 1.59708e-08 2.3994e-08 3.46747e-08 4.78826e-08 6.28189e-08 7.79552e-08 9.12799e-08 1.00823e-07 1.05236e-07 1.04149e-07 9.81725e-08 8.86088e-08 7.702e-08 6.48235e-08 5.3025e-08 4.21717e-08 3.24992e-08 2.41293e-08 1.71653e-08 1.16631e-08 7.56928e-09 4.70747e-09 2.8225e-09 1.6449e-09 9.40537e-10 5.32583e-10 3.00953e-10 1.70515e-10 9.70345e-11 5.54773e-11 3.19387e-11 1.86956e-11 1.13792e-11 7.36114e-12 4.88304e-12 2.84175e-12 8.65722e-13 8.65722e-13 
1.41822e-11 3.76957e-11 6.5442e-11 1.02573e-10 1.57826e-10 2.44576e-10 3.84309e-10 6.12491e-10 9.87167e-10 1.60079e-09 2.59471e-09 4.17309e-09 6.60858e-09 1.0227e-08 1.53544e-08 2.22144e-08 3.07795e-08 4.06248e-08 5.08691e-08 6.02902e-08 6.76119e-08 7.1853e-08 7.25787e-08 6.99594e-08 6.46485e-08 5.75589e-08 4.96224e-08 4.15972e-08 3.39738e-08 2.69997e-08 2.07871e-08 1.54143e-08 1.09544e-08 7.44191e-09 4.83523e-09 3.01478e-09 1.81439e-09 1.062e-09 6.09633e-10 3.45942e-10 1.95286e-10 1.10115e-10 6.21689e-11 3.52457e-11 2.02128e-11 1.19311e-11 7.43938e-12 4.90207e-12 3.1237e-12 1.47604e-12 2.46829e-13 
2.0238e-11 4.05093e-11 6.59736e-11 1.02499e-10 1.59134e-10 2.49876e-10 3.97418e-10 6.38659e-10 1.03213e-09 1.66707e-09 2.67213e-09 4.21934e-09 6.51568e-09 9.77263e-09 1.4146e-08 1.96481e-08 2.60574e-08 3.28729e-08 3.93651e-08 4.47299e-08 4.82923e-08 4.96716e-08 4.88459e-08 4.61103e-08 4.19656e-08 3.6985e-08 3.16925e-08 2.64806e-08 2.15857e-08 1.71237e-08 1.31552e-08 9.73272e-09 6.90384e-09 4.68587e-09 3.04557e-09 1.90196e-09 1.14758e-09 6.73621e-10 3.87513e-10 2.19956e-10 1.23857e-10 6.94754e-11 3.89733e-11 2.2006e-11 1.26773e-11 7.62734e-12 4.88304e-12 3.2125e-12 1.8602e-12 5.6797e-13 5.6797e-13 
8.89826e-12 2.37229e-11 4.13979e-11 6.5442e-11 1.02001e-10 1.60209e-10 2.54485e-10 4.08069e-10 6.57687e-10 1.05918e-09 1.69292e-09 2.66644e-09 4.10971e-09 6.15747e-09 8.91419e-09 1.24026e-08 1.65094e-08 2.09534e-08 2.53074e-08 2.90782e-08 3.18228e-08 3.32511e-08 3.32775e-08 3.20132e-08 2.97145e-08 2.67125e-08 2.33426e-08 1.98889e-08 1.65513e-08 1.34451e-08 1.06274e-08 8.13296e-09 5.99441e-09 4.23849e-09 2.87031e-09 1.86338e-09 1.1635e-09 7.02342e-10 4.12445e-10 2.37158e-10 1.34326e-10 7.53313e-11 4.20334e-11 2.3484e-11 1.32851e-11 7.75893e-12 4.79069e-12 3.1237e-12 1.99477e-12 9.54364e-13 1.59164e-13 
1.25076e-11 2.48634e-11 4.05093e-11 6.35959e-11 1.0005e-10 1.58886e-10 2.54454e-10 4.0935e-10 6.57862e-10 1.04931e-09 1.64971e-09 2.53909e-09 3.8013e-09 5.50367e-09 7.66721e-09 1.02347e-08 1.30506e-08 1.58698e-08 1.83989e-08 2.03605e-08 2.15537e-08 2.18899e-08 2.13963e-08 2.01938e-08 1.84618e-08 1.64006e-08 1.4198e-08 1.20044e-08 9.92162e-09 8.00635e-09 6.28649e-09 4.77951e-09 3.50116e-09 2.46221e-09 1.65991e-09 1.07375e-09 6.68533e-10 4.0254e-10 2.35735e-10 1.35059e-10 7.6129e-11 4.24504e-11 2.3569e-11 1.31571e-11 7.50871e-12 4.48377e-12 2.84175e-12 1.8602e-12 1.11603e-12 3.58508e-13 3.58508e-13 
5.38489e-12 1.38508e-11 2.37229e-11 3.76957e-11 5.95012e-11 9.4579e-11 1.5144e-10 2.43431e-10 3.90796e-10 6.22678e-10 9.78138e-10 1.50471e-09 2.25261e-09 3.26312e-09 4.55168e-09 6.08965e-09 7.79257e-09 9.52338e-09 1.11141e-08 1.24e-08 1.32536e-08 1.36071e-08 1.34569e-08 1.28556e-08 1.18947e-08 1.06862e-08 9.3443e-09 7.97075e-09 6.64429e-09 5.41609e-09 4.31245e-09 3.34344e-09 2.51248e-09 1.82133e-09 1.26911e-09 8.48713e-10 5.45111e-10 3.37192e-10 2.01744e-10 1.17353e-10 6.67322e-11 3.73058e-11 2.06367e-11 1.14001e-11 6.38409e-12 3.70583e-12 2.27861e-12 1.47604e-12 9.54364e-13 5.17031e-13 9.86986e-14 
6.72849e-12 1.25076e-11 2.0238e-11 3.21116e-11 5.11439e-11 8.19611e-11 1.31777e-10 2.11553e-10 3.37114e-10 5.29771e-10 8.1562e-10 1.22248e-09 1.7737e-09 2.47903e-09 3.32469e-09 4.26684e-09 5.23286e-09 6.13225e-09 6.87442e-09 7.38666e-09 7.62638e-09 7.58481e-09 7.28355e-09 6.76693e-09 6.09311e-09 5.32552e-09 4.52537e-09 3.74539e-09 3.02517e-09 2.38863e-09 1.84474e-09 1.39148e-09 1.02147e-09 7.26393e-10 4.98296e-10 3.28918e-10 2.08853e-10 1.27792e-10 7.55988e-11 4.34237e-11 2.43389e-11 1.3393e-11 7.30102e-12 4.00145e-12 2.26118e-12 1.35463e-12 8.65722e-13 5.6797e-13 3.58508e-13 1.76588e-13 1.76588e-13 
2.56483e-12 5.38489e-12 8.89826e-12 1.41822e-11 2.26068e-11 3.62408e-11 5.82909e-11 9.36475e-11 1.49443e-10 2.35403e-10 3.63648e-10 5.47434e-10 7.98445e-10 1.12261e-09 1.51535e-09 1.95813e-09 2.41843e-09 2.85436e-09 3.22257e-09 3.48688e-09 3.62432e-09 3.62741e-09 3.50303e-09 3.26925e-09 2.95159e-09 2.57933e-09 2.18228e-09 1.78811e-09 1.41999e-09 1.09485e-09 8.22085e-10 6.03453e-10 4.34383e-10 3.06727e-10 2.11792e-10 1.4224e-10 9.24322e-11 5.7926e-11 3.49748e-11 2.03694e-11 1.14767e-11 6.2871e-12 3.37747e-12 1.81016e-12 9.97041e-13 5.86536e-13 3.72916e-13 2.46829e-13 1.59164e-13 9.86986e-14 6.39471e-14 
