1 101 51
3.54118e-14 5.86343e-14 9.33804e-14 1.45019e-13 2.28344e-13 3.76204e-13 6.56126e-13 1.18232e-12 2.14993e-12 3.87526e-12 6.85839e-12 1.18482e-11 1.99101e-11 3.24723e-11 5.13557e-11 7.88156e-11 1.17632e-10 1.71233e-10 2.43677e-10 3.39192e-10 4.61144e-10 6.10641e-10 7.85296e-10 9.78581e-10 1.17989e-09 1.37525e-09 1.54865e-09 1.68367e-09 1.76562e-09 1.78377e-09 1.7335e-09 1.6178e-09 1.44762e-09 1.24048e-09 1.0174e-09 7.98946e-10 6.01554e-10 4.35345e-10 3.0388e-10 2.05478e-10 1.35282e-10 8.72125e-11 5.53858e-11 3.48607e-11 2.18703e-11 1.37447e-11 8.67838e-12 5.493e-12 3.42698e-12 1.94554e-12 1.94554e-12 
3.54118e-14 1.24969e-13 2.11714e-13 3.29249e-13 5.14933e-13 8.37354e-13 1.43478e-12 2.54628e-12 4.58094e-12 8.22218e-12 1.45853e-11 2.54091e-11 4.327e-11 7.17305e-11 1.1534e-10 1.79414e-10 2.69618e-10 3.91555e-10 5.5055e-10 7.51583e-10 9.98917e-10 1.29478e-09 1.63706e-09 2.01681e-09 2.41679e-09 2.81163e-09 3.16987e-09 3.45751e-09 3.64256e-09 3.70014e-09 3.6175e-09 3.3976e-09 3.0604e-09 2.64035e-09 2.18046e-09 1.72405e-09 1.30682e-09 9.5181e-10 6.68313e-10 4.54268e-10 3.00391e-10 1.94318e-10 1.23706e-10 7.79801e-11 4.89629e-11 3.07824e-11 1.94457e-11 1.23376e-11 7.77623e-12 4.63967e-12 1.94554e-12 
1.24969e-13 3.40773e-13 5.53534e-13 8.58932e-13 1.3698e-12 2.29306e-12 3.99253e-12 7.09395e-12 1.2657e-11 2.24466e-11 3.9315e-11 6.76621e-11 1.13886e-10 1.86608e-10 2.96403e-10 4.54837e-10 6.72916e-10 9.59483e-10 1.32026e-09 1.75783e-09 2.27169e-09 2.85717e-09 3.50227e-09 4.18365e-09 4.86407e-09 5.49328e-09 6.0128e-09 6.36402e-09 6.49825e-09 6.38687e-09 6.02939e-09 5.45677e-09 4.72796e-09 3.9193e-09 3.10934e-09 2.36395e-09 1.72644e-09 1.21522e-09 8.27846e-10 5.48473e-10 3.55353e-10 2.26492e-10 1.42899e-10 8.9791e-11 5.64994e-11 3.57467e-11 2.27599e-11 1.44842e-11 8.94054e-12 4.63967e-12 4.63967e-12 
5.86343e-14 3.40773e-13 6.82433e-13 1.07031e-12 1.66806e-12 2.71802e-12 4.64068e-12 8.1558e-12 1.44885e-11 2.57137e-11 4.52727e-11 7.86894e-11 1.34412e-10 2.24571e-10 3.65225e-10 5.75565e-10 8.75746e-10 1.28363e-09 1.8116e-09 2.46488e-09 3.24181e-09 4.13467e-09 5.12807e-09 6.19364e-09 7.28312e-09 8.32486e-09 9.22734e-09 9.89065e-09 1.02238e-08 1.01643e-08 9.695e-09 8.85351e-09 7.72913e-09 6.44631e-09 5.13843e-09 3.92059e-09 2.87086e-09 2.02467e-09 1.38121e-09 9.15996e-10 5.93838e-10 3.78614e-10 2.38892e-10 1.50103e-10 9.44597e-11 5.98042e-11 3.81678e-11 2.44649e-11 1.54594e-11 8.94054e-12 3.42698e-12 
2.11714e-13 6.82433e-13 1.16858e-12 1.79798e-12 2.83899e-12 4.72234e-12 8.17854e-12 1.4439e-11 2.56045e-11 4.52304e-11 7.92066e-11 1.36965e-10 2.32871e-10 3.87417e-10 6.27428e-10 9.84416e-10 1.49055e-09 2.17293e-09 3.04823e-09 4.1203e-09 5.38132e-09 6.81311e-09 8.38353e-09 1.00361e-08 1.16784e-08 1.3179e-08 1.4379e-08 1.51185e-08 1.52705e-08 1.47749e-08 1.36616e-08 1.2052e-08 1.01366e-08 8.13217e-09 6.23372e-09 4.57905e-09 3.23573e-09 2.20977e-09 1.46611e-09 9.50419e-10 6.05703e-10 3.81922e-10 2.39787e-10 1.50796e-10 9.54538e-11 6.09888e-11 3.92768e-11 2.52034e-11 1.54594e-11 7.77623e-12 7.77623e-12 
9.33804e-14 5.53534e-13 1.16858e-12 1.84491e-12 2.82766e-12 4.54565e-12 7.69967e-12 1.3454e-11 2.37712e-11 4.20117e-11 7.38789e-11 1.28841e-10 2.22083e-10 3.76733e-10 6.25676e-10 1.01168e-09 1.58436e-09 2.39321e-09 3.47814e-09 4.86108e-09 6.54307e-09 8.50672e-09 1.07174e-08 1.31137e-08 1.55878e-08 1.79672e-08 2.00183e-08 2.14786e-08 2.21109e-08 2.17667e-08 2.04354e-08 1.82624e-08 1.55226e-08 1.25548e-08 9.68095e-09 7.13954e-09 5.05708e-09 3.45756e-09 2.29447e-09 1.48674e-09 9.46621e-10 5.96149e-10 3.73776e-10 2.34754e-10 1.48464e-10 9.48708e-11 6.12637e-11 3.97057e-11 2.52034e-11 1.44842e-11 5.493e-12 
3.29249e-13 1.07031e-12 1.84491e-12 2.79837e-12 4.3248e-12 7.0929e-12 1.21775e-11 2.13483e-11 3.76208e-11 6.61821e-11 1.15874e-10 2.01462e-10 3.46715e-10 5.87934e-10 9.76705e-10 1.5798e-09 2.47382e-09 3.73357e-09 5.41671e-09 7.55125e-09 1.01325e-08 1.31273e-08 1.64722e-08 2.00511e-08 2.36588e-08 2.69799e-08 2.96141e-08 3.11524e-08 3.1284e-08 2.98958e-08 2.71267e-08 2.33482e-08 1.90714e-08 1.48136e-08 1.09796e-08 7.80097e-09 5.34162e-09 3.54585e-09 2.29626e-09 1.46031e-09 9.18189e-10 5.74667e-10 3.60299e-10 2.27539e-10 1.45313e-10 9.39589e-11 6.12747e-11 3.97057e-11 2.44649e-11 1.23376e-11 1.23376e-11 
1.45019e-13 8.58932e-13 1.79798e-12 2.79837e-12 4.18724e-12 6.58275e-12 1.09873e-11 1.89879e-11 3.32237e-11 5.82309e-11 1.01857e-10 1.77581e-10 3.08064e-10 5.30017e-10 8.99711e-10 1.49715e-09 2.42546e-09 3.8016e-09 5.73711e-09 8.31378e-09 1.15656e-08 1.54764e-08 1.99855e-08 2.49754e-08 3.02234e-08 3.53421e-08 3.97693e-08 4.2852e-08 4.40089e-08 4.29144e-08 3.9629e-08 3.46125e-08 2.86048e-08 2.24157e-08 1.67179e-08 1.19255e-08 8.18333e-09 5.4359e-09 3.51873e-09 2.235e-09 1.40286e-09 8.76259e-10 5.48291e-10 3.45667e-10 2.20519e-10 1.42638e-10 9.33675e-11 6.12747e-11 3.92768e-11 2.27599e-11 8.67838e-12 
5.14933e-13 1.66806e-12 2.82766e-12 4.18724e-12 6.29753e-12 1.00952e-11 1.70334e-11 2.94205e-11 5.11485e-11 8.89611e-11 1.54604e-10 2.68413e-10 4.64872e-10 8.00237e-10 1.36112e-09 2.27073e-09 3.68712e-09 5.78717e-09 8.73498e-09 1.26439e-08 1.75515e-08 2.34192e-08 3.01353e-08 3.74766e-08 4.50124e-08 5.20242e-08 5.75508e-08 6.06001e-08 6.04586e-08 5.69627e-08 5.06031e-08 4.23972e-08 3.35761e-08 2.52337e-08 1.80925e-08 1.24526e-08 8.28252e-09 5.36119e-09 3.40183e-09 2.1317e-09 1.32884e-09 8.29756e-10 5.22152e-10 3.32685e-10 2.15156e-10 1.41146e-10 9.33675e-11 6.12637e-11 3.81678e-11 1.94457e-11 1.94457e-11 
2.28344e-13 1.3698e-12 2.83899e-12 4.3248e-12 6.29753e-12 9.62099e-12 1.56586e-11 2.64825e-11 4.54379e-11 7.82317e-11 1.34806e-10 2.32604e-10 4.02098e-10 6.95429e-10 1.19831e-09 2.0433e-09 3.41901e-09 5.56586e-09 8.74854e-09 1.32044e-08 1.90856e-08 2.64258e-08 3.51429e-08 4.50275e-08 5.56452e-08 6.6169e-08 7.5311e-08 8.15226e-08 8.3451e-08 8.04493e-08 7.28814e-08 6.20491e-08 4.97582e-08 3.77444e-08 2.72385e-08 1.88245e-08 1.25475e-08 8.12665e-09 5.1536e-09 3.22496e-09 2.00665e-09 1.25053e-09 7.85533e-10 4.99858e-10 3.23158e-10 2.12287e-10 1.41146e-10 9.39589e-11 6.09888e-11 3.57467e-11 1.37447e-11 
8.37354e-13 2.71802e-12 4.54565e-12 6.58275e-12 9.62099e-12 1.49528e-11 2.45107e-11 4.12427e-11 6.99988e-11 1.19101e-10 2.03113e-10 3.47758e-10 5.98394e-10 1.03339e-09 1.78258e-09 3.04771e-09 5.11556e-09 8.34851e-09 1.31373e-08 1.98176e-08 2.85841e-08 3.94495e-08 5.22471e-08 6.65744e-08 8.15797e-08 9.57152e-08 1.06788e-07 1.12507e-07 1.11333e-07 1.03169e-07 8.9496e-08 7.28402e-08 5.58772e-08 4.06516e-08 2.82472e-08 1.8889e-08 1.22515e-08 7.77e-09 4.85787e-09 3.01823e-09 1.87776e-09 1.17768e-09 7.48566e-10 4.83809e-10 3.18151e-10 2.12287e-10 1.42638e-10 9.48708e-11 5.98042e-11 3.07824e-11 3.07824e-11 
3.76204e-13 2.29306e-12 4.72234e-12 7.0929e-12 1.00952e-11 1.49528e-11 2.35262e-11 3.85301e-11 6.41849e-11 1.07512e-10 1.80583e-10 3.04574e-10 5.17135e-10 8.85271e-10 1.52595e-09 2.6346e-09 4.51615e-09 7.60303e-09 1.2435e-08 1.95784e-08 2.94934e-08 4.24114e-08 5.82888e-08 7.67952e-08 9.71427e-08 1.17684e-07 1.35643e-07 1.47546e-07 1.50406e-07 1.4307e-07 1.26859e-07 1.05078e-07 8.17036e-08 6.00378e-08 4.2012e-08 2.82218e-08 1.83513e-08 1.16496e-08 7.282e-09 4.5202e-09 2.80869e-09 1.75945e-09 1.11749e-09 7.22232e-10 4.75449e-10 3.18151e-10 2.15156e-10 1.45313e-10 9.54538e-11 5.64994e-11 2.18703e-11 
1.43478e-12 4.64068e-12 7.69967e-12 1.09873e-11 1.56586e-11 2.35262e-11 3.72076e-11 6.05361e-11 9.95798e-11 1.64473e-10 2.72606e-10 4.54517e-10 7.64792e-10 1.30152e-09 2.23785e-09 3.86569e-09 6.64203e-09 1.12119e-08 1.83666e-08 2.89069e-08 4.34374e-08 6.22014e-08 8.50328e-08 1.11284e-07 1.39409e-07 1.6632e-07 1.87335e-07 1.97459e-07 1.9357e-07 1.76091e-07 1.48918e-07 1.17684e-07 8.75432e-08 6.1808e-08 4.17763e-08 2.72707e-08 1.73476e-08 1.08517e-08 6.73492e-09 4.18229e-09 2.61825e-09 1.66248e-09 1.07489e-09 7.08583e-10 4.75449e-10 3.23158e-10 2.20519e-10 1.48464e-10 9.44597e-11 4.89629e-11 4.89629e-11 
6.56126e-13 3.99253e-12 8.17854e-12 1.21775e-11 1.70334e-11 2.45107e-11 3.72076e-11 5.87898e-11 9.47118e-11 1.53705e-10 2.50315e-10 4.09398e-10 6.74529e-10 1.12395e-09 1.8997e-09 3.25558e-09 5.62354e-09 9.68143e-09 1.63778e-08 2.68489e-08 4.21909e-08 6.31534e-08 8.99384e-08 1.22143e-07 1.58501e-07 1.96026e-07 2.2919e-07 2.50692e-07 2.54343e-07 2.38379e-07 2.06592e-07 1.66453e-07 1.25679e-07 8.9727e-08 6.1137e-08 4.0129e-08 2.56154e-08 1.60538e-08 9.97174e-09 6.19372e-09 3.87782e-09 2.46316e-09 1.59417e-09 1.05288e-09 7.08583e-10 4.83809e-10 3.32685e-10 2.27539e-10 1.50796e-10 8.9791e-11 3.48607e-11 
2.54628e-12 8.1558e-12 1.3454e-11 1.89879e-11 2.64825e-11 3.85301e-11 5.87898e-11 9.24128e-11 1.47196e-10 2.35662e-10 3.78537e-10 6.1099e-10 9.94439e-10 1.63953e-09 2.74927e-09 4.69146e-09 8.09835e-09 1.39623e-08 2.36538e-08 3.87612e-08 6.07265e-08 9.04151e-08 1.27905e-07 1.72358e-07 2.21298e-07 2.69084e-07 3.06399e-07 3.23073e-07 3.13353e-07 2.79452e-07 2.30377e-07 1.77085e-07 1.28169e-07 8.82285e-08 5.8341e-08 3.74307e-08 2.35366e-08 1.46497e-08 9.11108e-09 5.71014e-09 3.63137e-09 2.35438e-09 1.55898e-09 1.05288e-09 7.22232e-10 4.99858e-10 3.45667e-10 2.34754e-10 1.50103e-10 7.79801e-11 7.79801e-11 
1.18232e-12 7.09395e-12 1.4439e-11 2.13483e-11 2.94205e-11 4.12427e-11 6.05361e-11 9.24128e-11 1.44148e-10 2.26876e-10 3.58437e-10 5.68102e-10 9.05055e-10 1.45465e-09 2.37093e-09 3.9399e-09 6.68775e-09 1.15281e-08 1.98914e-08 3.37147e-08 5.51505e-08 8.60154e-08 1.27242e-07 1.78688e-07 2.3868e-07 3.02317e-07 3.59281e-07 3.95206e-07 3.98434e-07 3.67212e-07 3.10924e-07 2.44107e-07 1.79606e-07 1.25209e-07 8.35858e-08 5.40035e-08 3.41279e-08 2.13173e-08 1.32924e-08 8.34873e-09 5.3212e-09 3.45926e-09 2.29847e-09 1.55898e-09 1.07489e-09 7.48566e-10 5.22152e-10 3.60299e-10 2.39787e-10 1.42899e-10 5.53858e-11 
4.58094e-12 1.44885e-11 2.37712e-11 3.32237e-11 4.54379e-11 6.41849e-11 9.47118e-11 1.44148e-10 2.2277e-10 3.46395e-10 5.40207e-10 8.45111e-10 1.32904e-09 2.10885e-09 3.3956e-09 5.58601e-09 9.42253e-09 1.62067e-08 2.79633e-08 4.73649e-08 7.72368e-08 1.19802e-07 1.76046e-07 2.45446e-07 3.24497e-07 4.03384e-07 4.64455e-07 4.88726e-07 4.67444e-07 4.08053e-07 3.2827e-07 2.46207e-07 1.74246e-07 1.17695e-07 7.67317e-08 4.8827e-08 3.06603e-08 1.91982e-08 1.21012e-08 7.73975e-09 5.0508e-09 3.37103e-09 2.29847e-09 1.59417e-09 1.11749e-09 7.85533e-10 5.48291e-10 3.73776e-10 2.38892e-10 1.23706e-10 1.23706e-10 
2.14993e-12 1.2657e-11 2.56045e-11 3.76208e-11 5.11485e-11 6.99988e-11 9.95798e-11 1.47196e-10 2.2277e-10 3.40751e-10 5.23384e-10 8.05836e-10 1.24464e-09 1.93254e-09 3.02743e-09 4.81426e-09 7.83544e-09 1.31239e-08 2.25058e-08 3.87929e-08 6.55905e-08 1.0653e-07 1.64356e-07 2.4013e-07 3.32349e-07 4.3312e-07 5.23632e-07 5.77493e-07 5.75624e-07 5.19993e-07 4.29926e-07 3.29477e-07 2.37229e-07 1.62457e-07 1.07091e-07 6.87541e-08 4.34856e-08 2.73926e-08 1.73572e-08 1.11568e-08 7.3185e-09 4.91259e-09 3.37103e-09 2.35438e-09 1.66248e-09 1.17768e-09 8.29756e-10 5.74667e-10 3.81922e-10 2.26492e-10 8.72125e-11 
8.22218e-12 2.57137e-11 4.20117e-11 5.82309e-11 7.82317e-11 1.07512e-10 1.53705e-10 2.26876e-10 3.40751e-10 5.1544e-10 7.81816e-10 1.1884e-09 1.81258e-09 2.78004e-09 4.30259e-09 6.76146e-09 1.08902e-08 1.8108e-08 3.09391e-08 5.32234e-08 8.97609e-08 1.45216e-07 2.23077e-07 3.24186e-07 4.43968e-07 5.65195e-07 6.56231e-07 6.85171e-07 6.43291e-07 5.48294e-07 4.30173e-07 3.15587e-07 2.19418e-07 1.46476e-07 9.50477e-08 6.06674e-08 3.85218e-08 2.45844e-08 1.59092e-08 1.05071e-08 7.10385e-09 4.91259e-09 3.45926e-09 2.46316e-09 1.75945e-09 1.25053e-09 8.76259e-10 5.96149e-10 3.78614e-10 1.94318e-10 1.94318e-10 
3.87526e-12 2.24466e-11 4.52304e-11 6.61821e-11 8.89611e-11 1.19101e-10 1.64473e-10 2.35662e-10 3.46395e-10 5.1544e-10 7.70332e-10 1.15326e-09 1.73043e-09 2.60725e-09 3.95442e-09 6.0575e-09 9.4278e-09 1.50538e-08 2.48667e-08 4.23151e-08 7.25865e-08 1.22057e-07 1.96686e-07 3.00749e-07 4.33315e-07 5.82129e-07 7.14553e-07 7.86282e-07 7.7197e-07 6.81169e-07 5.48465e-07 4.10452e-07 2.89863e-07 1.96082e-07 1.28741e-07 8.30563e-08 5.32618e-08 3.43056e-08 2.23952e-08 1.49193e-08 1.01772e-08 7.10385e-09 5.0508e-09 3.63137e-09 2.61825e-09 1.87776e-09 1.32884e-09 9.18189e-10 6.05703e-10 3.55353e-10 1.35282e-10 
1.45853e-11 4.52727e-11 7.38789e-11 1.01857e-10 1.34806e-10 1.80583e-10 2.50315e-10 3.58437e-10 5.23384e-10 7.70332e-10 1.1362e-09 1.67768e-09 2.4844e-09 3.70078e-09 5.56274e-09 8.46446e-09 1.31038e-08 2.082e-08 3.4228e-08 5.80024e-08 9.90837e-08 1.65822e-07 2.6547e-07 4.02427e-07 5.70494e-07 7.4269e-07 8.65918e-07 8.95131e-07 8.229e-07 6.83064e-07 5.2279e-07 3.7511e-07 2.57015e-07 1.70715e-07 1.11385e-07 7.22391e-08 4.70494e-08 3.10503e-08 2.09086e-08 1.44185e-08 1.01772e-08 7.3185e-09 5.3212e-09 3.87782e-09 2.80869e-09 2.00665e-09 1.40286e-09 9.46621e-10 5.93838e-10 3.00391e-10 3.00391e-10 
6.85839e-12 3.9315e-11 7.92066e-11 1.15874e-10 1.54604e-10 2.03113e-10 2.72606e-10 3.78537e-10 5.40207e-10 7.81816e-10 1.1362e-09 1.65158e-09 2.40303e-09 3.51209e-09 5.18071e-09 7.74701e-09 1.17769e-08 1.82489e-08 2.89943e-08 4.7541e-08 8.0144e-08 1.35832e-07 2.25222e-07 3.56336e-07 5.32704e-07 7.36051e-07 9.12835e-07 9.98033e-07 9.61592e-07 8.28754e-07 6.52085e-07 4.76502e-07 3.30651e-07 2.21881e-07 1.46264e-07 9.59597e-08 6.3282e-08 4.23028e-08 2.88565e-08 2.016e-08 1.44185e-08 1.05071e-08 7.73975e-09 5.71014e-09 4.18229e-09 3.01823e-09 2.1317e-09 1.46031e-09 9.50419e-10 5.48473e-10 2.05478e-10 
2.54091e-11 7.86894e-11 1.28841e-10 1.77581e-10 2.32604e-10 3.04574e-10 4.09398e-10 5.68102e-10 8.05836e-10 1.15326e-09 1.65158e-09 2.36202e-09 3.38309e-09 4.88247e-09 7.15321e-09 1.07024e-08 1.63727e-08 2.55555e-08 4.07479e-08 6.66212e-08 1.11311e-07 1.86267e-07 3.04687e-07 4.75417e-07 6.97532e-07 9.21203e-07 1.06881e-06 1.08247e-06 9.75115e-07 7.94542e-07 5.94018e-07 4.18552e-07 2.83547e-07 1.88378e-07 1.24826e-07 8.33528e-08 5.65142e-08 3.9131e-08 2.77573e-08 2.016e-08 1.49193e-08 1.11568e-08 8.34873e-09 6.19372e-09 4.5202e-09 3.22496e-09 2.235e-09 1.48674e-09 9.15996e-10 4.54268e-10 4.54268e-10 
1.18482e-11 6.76621e-11 1.36965e-10 2.01462e-10 2.68413e-10 3.47758e-10 4.54517e-10 6.1099e-10 8.45111e-10 1.1884e-09 1.67768e-09 2.36202e-09 3.31696e-09 4.67273e-09 6.6687e-09 9.7487e-09 1.4697e-08 2.27711e-08 3.58904e-08 5.73164e-08 9.30344e-08 1.53655e-07 2.53529e-07 4.1127e-07 6.34105e-07 8.93128e-07 1.09944e-06 1.17734e-06 1.11309e-06 9.43606e-07 7.26067e-07 5.21505e-07 3.57205e-07 2.38726e-07 1.59304e-07 1.07517e-07 7.39365e-08 5.20347e-08 3.75508e-08 2.77573e-08 2.09086e-08 1.59092e-08 1.21012e-08 9.11108e-09 6.73492e-09 4.85787e-09 3.40183e-09 2.29626e-09 1.46611e-09 8.27846e-10 3.0388e-10 
4.327e-11 1.34412e-10 2.22083e-10 3.08064e-10 4.02098e-10 5.17135e-10 6.74529e-10 9.05055e-10 1.24464e-09 1.73043e-09 2.40303e-09 3.31696e-09 4.56371e-09 6.32047e-09 8.94401e-09 1.31224e-08 2.00527e-08 3.15008e-08 4.98343e-08 7.90266e-08 1.2697e-07 2.08136e-07 3.44063e-07 5.63197e-07 8.42246e-07 1.09936e-06 1.24397e-06 1.24413e-06 1.0966e-06 8.71398e-07 6.40782e-07 4.43945e-07 2.9814e-07 2.00028e-07 1.36065e-07 9.47345e-08 6.77707e-08 4.98182e-08 3.75508e-08 2.88565e-08 2.23952e-08 1.73572e-08 1.32924e-08 9.97174e-09 7.282e-09 5.1536e-09 3.51873e-09 2.29447e-09 1.38121e-09 6.68313e-10 6.68313e-10 
1.99101e-11 1.13886e-10 2.32871e-10 3.46715e-10 4.64872e-10 5.98394e-10 7.64792e-10 9.94439e-10 1.32904e-09 1.81258e-09 2.4844e-09 3.38309e-09 4.56371e-09 6.13752e-09 8.35741e-09 1.17687e-08 1.74095e-08 2.69605e-08 4.25392e-08 6.64929e-08 1.03817e-07 1.66289e-07 2.82034e-07 4.864e-07 7.98789e-07 1.09899e-06 1.30612e-06 1.36762e-06 1.25799e-06 1.03552e-06 7.80204e-07 5.46581e-07 3.66922e-07 2.47186e-07 1.69329e-07 1.19082e-07 8.64663e-08 6.47446e-08 4.98182e-08 3.9131e-08 3.10503e-08 2.45844e-08 1.91982e-08 1.46497e-08 1.08517e-08 7.77e-09 5.36119e-09 3.54585e-09 2.20977e-09 1.21522e-09 4.35345e-10 
7.17305e-11 2.24571e-10 3.76733e-10 5.30017e-10 6.95429e-10 8.85271e-10 1.12395e-09 1.45465e-09 1.93254e-09 2.60725e-09 3.51209e-09 4.67273e-09 6.13752e-09 8.04663e-09 1.07751e-08 1.5131e-08 2.25083e-08 3.4841e-08 5.3925e-08 8.14947e-08 1.27104e-07 2.2112e-07 4.27573e-07 7.5632e-07 1.1146e-06 1.37932e-06 1.49831e-06 1.4345e-06 1.23376e-06 9.5059e-07 6.72944e-07 4.47486e-07 3.00953e-07 2.07159e-07 1.47106e-07 1.08251e-07 8.24489e-08 6.47446e-08 5.20347e-08 4.23028e-08 3.43056e-08 2.73926e-08 2.13173e-08 1.60538e-08 1.16496e-08 8.12665e-09 5.4359e-09 3.45756e-09 2.02467e-09 9.5181e-10 9.5181e-10 
3.24723e-11 1.86608e-10 3.87417e-10 5.87934e-10 8.00237e-10 1.03339e-09 1.30152e-09 1.63953e-09 2.10885e-09 2.78004e-09 3.70078e-09 4.88247e-09 6.32047e-09 8.04663e-09 1.02442e-08 1.34579e-08 1.87255e-08 2.74222e-08 4.08183e-08 5.93581e-08 8.85017e-08 1.72901e-07 3.7812e-07 7.68878e-07 1.16187e-06 1.50156e-06 1.68156e-06 1.67842e-06 1.48832e-06 1.16356e-06 8.42346e-07 5.48765e-07 3.65142e-07 2.50438e-07 1.78524e-07 1.33176e-07 1.03055e-07 8.24489e-08 6.77707e-08 5.65142e-08 4.70494e-08 3.85218e-08 3.06603e-08 2.35366e-08 1.73476e-08 1.22515e-08 8.28252e-09 5.34162e-09 3.23573e-09 1.72644e-09 6.01554e-10 
1.1534e-10 3.65225e-10 6.25676e-10 8.99711e-10 1.19831e-09 1.52595e-09 1.8997e-09 2.37093e-09 3.02743e-09 3.95442e-09 5.18071e-09 6.6687e-09 8.35741e-09 1.02442e-08 1.25528e-08 1.59673e-08 2.13508e-08 2.88045e-08 3.72831e-08 5.51265e-08 1.35442e-07 3.77173e-07 7.95413e-07 1.28906e-06 1.72342e-06 1.9792e-06 2.07155e-06 1.80599e-06 1.44761e-06 1.09018e-06 6.94208e-07 4.53342e-07 3.04764e-07 2.14862e-07 1.60977e-07 1.26596e-07 1.03055e-07 8.64663e-08 7.39365e-08 6.3282e-08 5.32618e-08 4.34856e-08 3.41279e-08 2.56154e-08 1.83513e-08 1.25475e-08 8.18333e-09 5.05708e-09 2.87086e-09 1.30682e-09 1.30682e-09 
5.13557e-11 2.96403e-10 6.27428e-10 9.76705e-10 1.36112e-09 1.78258e-09 2.23785e-09 2.74927e-09 3.3956e-09 4.30259e-09 5.56274e-09 7.15321e-09 8.94401e-09 1.07751e-08 1.25528e-08 1.44409e-08 1.70145e-08 1.97224e-08 1.8946e-08 3.31655e-08 1.31615e-07 3.81535e-07 8.3873e-07 1.41988e-06 2.11579e-06 2.5181e-06 2.63031e-06 2.24788e-06 1.85273e-06 1.48897e-06 9.3104e-07 5.91501e-07 3.85027e-07 2.61491e-07 1.93658e-07 1.52848e-07 1.26596e-07 1.08251e-07 9.47345e-08 8.33528e-08 7.22391e-08 6.06674e-08 4.8827e-08 3.74307e-08 2.72707e-08 1.8889e-08 1.24526e-08 7.80097e-09 4.57905e-09 2.36395e-09 7.98946e-10 
1.79414e-10 5.75565e-10 1.01168e-09 1.49715e-09 2.0433e-09 2.6346e-09 3.25558e-09 3.9399e-09 4.81426e-09 6.0575e-09 7.74701e-09 9.7487e-09 1.17687e-08 1.34579e-08 1.44409e-08 1.45003e-08 1.36179e-08 8.39978e-09 3.43731e-08 1.47403e-07 4.11248e-07 8.63243e-07 1.59166e-06 2.7408e-06 3.45113e-06 3.84539e-06 3.17926e-06 2.72833e-06 2.1426e-06 1.35143e-06 8.26959e-07 5.20935e-07 3.31199e-07 2.35828e-07 1.84016e-07 1.52848e-07 1.33176e-07 1.19082e-07 1.07517e-07 9.59597e-08 8.30563e-08 6.87541e-08 5.40035e-08 4.0129e-08 2.82218e-08 1.88245e-08 1.19255e-08 7.13954e-09 3.92059e-09 1.72405e-09 1.72405e-09 
7.88156e-11 4.54837e-10 9.84416e-10 1.5798e-09 2.27073e-09 3.04771e-09 3.86569e-09 4.69146e-09 5.58601e-09 6.76146e-09 8.46446e-09 1.07024e-08 1.31224e-08 1.5131e-08 1.59673e-08 1.45003e-08 9.68668e-09 7.52174e-09 4.41652e-08 1.62995e-07 4.70031e-07 9.4647e-07 2.07575e-06 2.99751e-06 3.77815e-06 4.37809e-06 4.26457e-06 4.02499e-06 3.45544e-06 2.1491e-06 1.19143e-06 7.70115e-07 4.48867e-07 2.98711e-07 2.24441e-07 1.84016e-07 1.60977e-07 1.47106e-07 1.36065e-07 1.24826e-07 1.11385e-07 9.50477e-08 7.67317e-08 5.8341e-08 4.17763e-08 2.82472e-08 1.80925e-08 1.09796e-08 6.23372e-09 3.10934e-09 1.0174e-09 
2.69618e-10 8.75746e-10 1.58436e-09 2.42546e-09 3.41901e-09 4.51615e-09 5.62354e-09 6.68775e-09 7.83544e-09 9.4278e-09 1.17769e-08 1.4697e-08 1.74095e-08 1.87255e-08 1.70145e-08 9.68668e-09 1.03513e-08 5.1883e-08 1.83344e-07 5.34371e-07 1.28518e-06 2.17381e-06 3.33252e-06 4.07088e-06 4.77529e-06 4.91378e-06 4.67862e-06 4.18206e-06 3.43053e-06 2.09422e-06 1.29148e-06 6.7755e-07 4.07121e-07 2.84416e-07 2.24441e-07 1.93658e-07 1.78524e-07 1.69329e-07 1.59304e-07 1.46264e-07 1.28741e-07 1.07091e-07 8.35858e-08 6.1137e-08 4.2012e-08 2.72385e-08 1.67179e-08 9.68095e-09 5.13843e-09 2.18046e-09 2.18046e-09 
1.17632e-10 6.72916e-10 1.49055e-09 2.47382e-09 3.68712e-09 5.11556e-09 6.64203e-09 8.09835e-09 9.42253e-09 1.08902e-08 1.31038e-08 1.63727e-08 2.00527e-08 2.25083e-08 2.13508e-08 1.36179e-08 1.03513e-08 6.1551e-08 1.94325e-07 6.24548e-07 1.45412e-06 2.34447e-06 3.35144e-06 4.33164e-06 5.01535e-06 5.38395e-06 5.25309e-06 4.92161e-06 4.36578e-06 3.01507e-06 2.35497e-06 1.18802e-06 6.13597e-07 3.88833e-07 2.84416e-07 2.35828e-07 2.14862e-07 2.07159e-07 2.00028e-07 1.88378e-07 1.70715e-07 1.46476e-07 1.17695e-07 8.82285e-08 6.1808e-08 4.06516e-08 2.52337e-08 1.48136e-08 8.13217e-09 3.9193e-09 1.24048e-09 
3.91555e-10 1.28363e-09 2.39321e-09 3.8016e-09 5.56586e-09 7.60303e-09 9.68143e-09 1.15281e-08 1.31239e-08 1.50538e-08 1.82489e-08 2.27711e-08 2.69605e-08 2.74222e-08 1.97224e-08 7.52174e-09 6.1551e-08 2.09784e-07 6.87624e-07 1.52321e-06 2.44085e-06 3.33986e-06 4.30259e-06 5.11776e-06 5.59608e-06 5.71457e-06 5.5123e-06 5.0782e-06 4.04388e-06 3.09366e-06 2.10902e-06 1.07809e-06 5.84047e-07 3.88833e-07 2.98711e-07 2.61491e-07 2.50438e-07 2.47186e-07 2.38726e-07 2.21881e-07 1.96082e-07 1.62457e-07 1.25209e-07 8.9727e-08 6.00378e-08 3.77444e-08 2.24157e-08 1.25548e-08 6.44631e-09 2.64035e-09 2.64035e-09 
1.71233e-10 9.59483e-10 2.17293e-09 3.73357e-09 5.78717e-09 8.34851e-09 1.12119e-08 1.39623e-08 1.62067e-08 1.8108e-08 2.082e-08 2.55555e-08 3.15008e-08 3.4841e-08 2.88045e-08 8.39978e-09 5.1883e-08 2.09784e-07 7.37293e-07 1.42708e-06 2.40942e-06 3.33857e-06 4.17106e-06 4.98813e-06 5.6065e-06 5.90452e-06 5.91699e-06 5.63071e-06 4.89455e-06 4.01865e-06 3.01489e-06 1.90922e-06 1.01926e-06 5.84047e-07 4.07121e-07 3.31199e-07 3.04764e-07 3.00953e-07 2.9814e-07 2.83547e-07 2.57015e-07 2.19418e-07 1.74246e-07 1.28169e-07 8.75432e-08 5.58772e-08 3.35761e-08 1.90714e-08 1.01366e-08 4.72796e-09 1.44762e-09 
5.5055e-10 1.8116e-09 3.47814e-09 5.73711e-09 8.74854e-09 1.2435e-08 1.63778e-08 1.98914e-08 2.25058e-08 2.48667e-08 2.89943e-08 3.58904e-08 4.25392e-08 4.08183e-08 1.8946e-08 4.41652e-08 1.94325e-07 7.37293e-07 1.42745e-06 2.2466e-06 3.23048e-06 4.0437e-06 4.77914e-06 5.4358e-06 5.88613e-06 6.07238e-06 5.98781e-06 5.52576e-06 4.8256e-06 3.95322e-06 2.90258e-06 1.81868e-06 1.01926e-06 6.13597e-07 4.48867e-07 3.85027e-07 3.65142e-07 3.66922e-07 3.57205e-07 3.30651e-07 2.89863e-07 2.37229e-07 1.79606e-07 1.25679e-07 8.17036e-08 4.97582e-08 2.86048e-08 1.55226e-08 7.72913e-09 3.0604e-09 3.0604e-09 
2.43677e-10 1.32026e-09 3.04823e-09 5.41671e-09 8.73498e-09 1.31373e-08 1.83666e-08 2.36538e-08 2.79633e-08 3.09391e-08 3.4228e-08 4.07479e-08 4.98343e-08 5.3925e-08 3.72831e-08 3.43731e-08 1.83344e-07 6.87624e-07 1.42745e-06 2.21198e-06 3.03818e-06 3.87683e-06 4.57047e-06 5.19131e-06 5.70984e-06 6.03474e-06 6.11903e-06 5.91203e-06 5.43385e-06 4.75061e-06 3.8617e-06 2.84148e-06 1.81868e-06 1.07809e-06 6.7755e-07 5.20935e-07 4.53342e-07 4.47486e-07 4.43945e-07 4.18552e-07 3.7511e-07 3.15587e-07 2.46207e-07 1.77085e-07 1.17684e-07 7.28402e-08 4.23972e-08 2.33482e-08 1.2052e-08 5.45677e-09 1.6178e-09 
7.51583e-10 2.46488e-09 4.86108e-09 8.31378e-09 1.32044e-08 1.95784e-08 2.68489e-08 3.37147e-08 3.87929e-08 4.23151e-08 4.7541e-08 5.73164e-08 6.64929e-08 5.93581e-08 3.31655e-08 1.62995e-07 6.24548e-07 1.42708e-06 2.21198e-06 2.95097e-06 3.69616e-06 4.35791e-06 4.95028e-06 5.46817e-06 5.86508e-06 6.08283e-06 6.06517e-06 5.81637e-06 5.34692e-06 4.67301e-06 3.80386e-06 2.84148e-06 1.90922e-06 1.18802e-06 7.70115e-07 5.91501e-07 5.48765e-07 5.46581e-07 5.21505e-07 4.76502e-07 4.10452e-07 3.29477e-07 2.44107e-07 1.66453e-07 1.05078e-07 6.20491e-08 3.46125e-08 1.82624e-08 8.85351e-09 3.3976e-09 3.3976e-09 
3.39192e-10 1.75783e-09 4.1203e-09 7.55125e-09 1.26439e-08 1.98176e-08 2.89069e-08 3.87612e-08 4.73649e-08 5.32234e-08 5.80024e-08 6.66212e-08 7.90266e-08 8.14947e-08 5.51265e-08 1.47403e-07 5.34371e-07 1.52321e-06 2.2466e-06 2.95097e-06 3.60943e-06 4.17506e-06 4.72624e-06 5.2286e-06 5.64218e-06 5.93683e-06 6.05559e-06 5.98222e-06 5.7272e-06 5.27385e-06 4.61701e-06 3.80386e-06 2.90258e-06 2.10902e-06 1.29148e-06 8.26959e-07 6.94208e-07 6.72944e-07 6.40782e-07 5.94018e-07 5.2279e-07 4.30173e-07 3.2827e-07 2.30377e-07 1.48918e-07 8.9496e-08 5.06031e-08 2.71267e-08 1.36616e-08 6.02939e-09 1.7335e-09 
9.98917e-10 3.24181e-09 6.54307e-09 1.15656e-08 1.90856e-08 2.94934e-08 4.21909e-08 5.51505e-08 6.55905e-08 7.25865e-08 8.0144e-08 9.30344e-08 1.03817e-07 8.85017e-08 1.31615e-07 4.70031e-07 1.45412e-06 2.40942e-06 3.03818e-06 3.60943e-06 4.08127e-06 4.54792e-06 5.01587e-06 5.42347e-06 5.74395e-06 5.94729e-06 6.00271e-06 5.90615e-06 5.65847e-06 5.22721e-06 4.61701e-06 3.8617e-06 3.01489e-06 2.35497e-06 1.19143e-06 9.3104e-07 8.42346e-07 7.80204e-07 7.26067e-07 6.52085e-07 5.48465e-07 4.29926e-07 3.10924e-07 2.06592e-07 1.26859e-07 7.28814e-08 3.9629e-08 2.04354e-08 9.695e-09 3.6175e-09 3.6175e-09 
4.61144e-10 2.27169e-09 5.38132e-09 1.01325e-08 1.75515e-08 2.85841e-08 4.34374e-08 6.07265e-08 7.72368e-08 8.97609e-08 9.90837e-08 1.11311e-07 1.2697e-07 1.27104e-07 1.35442e-07 4.11248e-07 1.28518e-06 2.44085e-06 3.23048e-06 3.69616e-06 4.08127e-06 4.45344e-06 4.85182e-06 5.23468e-06 5.55543e-06 5.79618e-06 5.93468e-06 5.95284e-06 5.84907e-06 5.61872e-06 5.22721e-06 4.67301e-06 3.95322e-06 3.09366e-06 2.09422e-06 1.35143e-06 1.09018e-06 9.5059e-07 8.71398e-07 7.94542e-07 6.83064e-07 5.48294e-07 4.08053e-07 2.79452e-07 1.76091e-07 1.03169e-07 5.69627e-08 2.98958e-08 1.47749e-08 6.38687e-09 1.78377e-09 
1.29478e-09 4.13467e-09 8.50672e-09 1.54764e-08 2.64258e-08 4.24114e-08 6.31534e-08 8.60154e-08 1.0653e-07 1.22057e-07 1.35832e-07 1.53655e-07 1.66289e-07 1.72901e-07 3.81535e-07 9.4647e-07 2.34447e-06 3.33857e-06 3.87683e-06 4.17506e-06 4.45344e-06 4.76242e-06 5.09292e-06 5.39429e-06 5.64519e-06 5.8246e-06 5.91884e-06 5.91701e-06 5.81887e-06 5.61872e-06 5.27385e-06 4.75061e-06 4.01865e-06 3.01507e-06 2.1491e-06 1.48897e-06 1.16356e-06 1.03552e-06 9.43606e-07 8.28754e-07 6.81169e-07 5.19993e-07 3.67212e-07 2.38379e-07 1.4307e-07 8.04493e-08 4.29144e-08 2.17667e-08 1.01643e-08 3.70014e-09 3.70014e-09 
6.10641e-10 2.85717e-09 6.81311e-09 1.31273e-08 2.34192e-08 3.94495e-08 6.22014e-08 9.04151e-08 1.19802e-07 1.45216e-07 1.65822e-07 1.86267e-07 2.08136e-07 2.2112e-07 3.77173e-07 8.63243e-07 2.17381e-06 3.33986e-06 4.0437e-06 4.35791e-06 4.54792e-06 4.76242e-06 5.01628e-06 5.27436e-06 5.51439e-06 5.7089e-06 5.84181e-06 5.90773e-06 5.89977e-06 5.81887e-06 5.65847e-06 5.34692e-06 4.8256e-06 4.04388e-06 3.43053e-06 2.1426e-06 1.44761e-06 1.23376e-06 1.0966e-06 9.75115e-07 8.229e-07 6.43291e-07 4.67444e-07 3.13353e-07 1.9357e-07 1.11333e-07 6.04586e-08 3.1284e-08 1.52705e-08 6.49825e-09 1.76562e-09 
1.63706e-09 5.12807e-09 1.07174e-08 1.99855e-08 3.51429e-08 5.82888e-08 8.99384e-08 1.27242e-07 1.64356e-07 1.96686e-07 2.25222e-07 2.53529e-07 2.82034e-07 3.7812e-07 8.3873e-07 2.07575e-06 3.35144e-06 4.17106e-06 4.57047e-06 4.72624e-06 4.85182e-06 5.01628e-06 5.21002e-06 5.41661e-06 5.60622e-06 5.75436e-06 5.85393e-06 5.90348e-06 5.89977e-06 5.84907e-06 5.7272e-06 5.43385e-06 4.89455e-06 4.36578e-06 3.45544e-06 1.85273e-06 1.48832e-06 1.25799e-06 1.11309e-06 9.61592e-07 7.7197e-07 5.75624e-07 3.98434e-07 2.54343e-07 1.50406e-07 8.3451e-08 4.40089e-08 2.21109e-08 1.02238e-08 3.64256e-09 3.64256e-09 
7.85296e-10 3.50227e-09 8.38353e-09 1.64722e-08 3.01353e-08 5.22471e-08 8.50328e-08 1.27905e-07 1.76046e-07 2.23077e-07 2.6547e-07 3.04687e-07 3.44063e-07 4.27573e-07 7.95413e-07 1.59166e-06 3.33252e-06 4.30259e-06 4.77914e-06 4.95028e-06 5.01587e-06 5.09292e-06 5.21002e-06 5.36404e-06 5.52867e-06 5.67403e-06 5.78587e-06 5.86122e-06 5.90348e-06 5.91701e-06 5.90615e-06 5.81637e-06 5.52576e-06 5.0782e-06 4.18206e-06 2.72833e-06 1.80599e-06 1.4345e-06 1.24413e-06 1.08247e-06 8.95131e-07 6.85171e-07 4.88726e-07 3.23073e-07 1.97459e-07 1.12507e-07 6.06001e-08 3.11524e-08 1.51185e-08 6.36402e-09 1.68367e-09 
2.01681e-09 6.19364e-09 1.31137e-08 2.49754e-08 4.50275e-08 7.67952e-08 1.22143e-07 1.78688e-07 2.4013e-07 3.00749e-07 3.56336e-07 4.1127e-07 4.864e-07 7.68878e-07 1.41988e-06 2.99751e-06 4.33164e-06 4.98813e-06 5.19131e-06 5.2286e-06 5.23468e-06 5.27436e-06 5.36404e-06 5.48683e-06 5.61256e-06 5.72077e-06 5.80266e-06 5.86122e-06 5.90773e-06 5.95284e-06 5.98222e-06 5.91203e-06 5.63071e-06 4.92161e-06 4.02499e-06 2.24788e-06 1.67842e-06 1.36762e-06 1.17734e-06 9.98033e-07 7.86282e-07 5.77493e-07 3.95206e-07 2.50692e-07 1.47546e-07 8.15226e-08 4.2852e-08 2.14786e-08 9.89065e-09 3.45751e-09 3.45751e-09 
9.78581e-10 4.18365e-09 1.00361e-08 2.00511e-08 3.74766e-08 6.65744e-08 1.11284e-07 1.72358e-07 2.45446e-07 3.24186e-07 4.02427e-07 4.75417e-07 5.63197e-07 7.5632e-07 1.28906e-06 2.7408e-06 4.07088e-06 5.11776e-06 5.4358e-06 5.46817e-06 5.42347e-06 5.39429e-06 5.41661e-06 5.48683e-06 5.57921e-06 5.67018e-06 5.74485e-06 5.80266e-06 5.85393e-06 5.91884e-06 6.00271e-06 6.06517e-06 5.98781e-06 5.5123e-06 4.67862e-06 3.17926e-06 2.07155e-06 1.49831e-06 1.24397e-06 1.06881e-06 8.65918e-07 6.56231e-07 4.64455e-07 3.06399e-07 1.87335e-07 1.06788e-07 5.75508e-08 2.96141e-08 1.4379e-08 6.0128e-09 1.54865e-09 
2.41679e-09 7.28312e-09 1.55878e-08 3.02234e-08 5.56452e-08 9.71427e-08 1.58501e-07 2.3868e-07 3.32349e-07 4.33315e-07 5.32704e-07 6.34105e-07 7.98789e-07 1.16187e-06 2.11579e-06 3.77815e-06 5.01535e-06 5.6065e-06 5.70984e-06 5.64218e-06 5.55543e-06 5.51439e-06 5.52867e-06 5.57921e-06 5.64255e-06 5.69936e-06 5.74485e-06 5.78587e-06 5.84181e-06 5.93468e-06 6.05559e-06 6.11903e-06 5.91699e-06 5.25309e-06 4.26457e-06 2.63031e-06 1.68156e-06 1.30612e-06 1.09944e-06 9.12835e-07 7.14553e-07 5.23632e-07 3.59281e-07 2.2919e-07 1.35643e-07 7.5311e-08 3.97693e-08 2.00183e-08 9.22734e-09 3.16987e-09 3.16987e-09 
1.17989e-09 4.86407e-09 1.16784e-08 2.36588e-08 4.50124e-08 8.15797e-08 1.39409e-07 2.21298e-07 3.24497e-07 4.43968e-07 5.70494e-07 6.97532e-07 8.42246e-07 1.1146e-06 1.72342e-06 3.45113e-06 4.77529e-06 5.59608e-06 5.88613e-06 5.86508e-06 5.74395e-06 5.64519e-06 5.60622e-06 5.61256e-06 5.64255e-06 5.67436e-06 5.69936e-06 5.72077e-06 5.75436e-06 5.8246e-06 5.94729e-06 6.08283e-06 6.07238e-06 5.71457e-06 4.91378e-06 3.84539e-06 1.9792e-06 1.37932e-06 1.09936e-06 9.21203e-07 7.4269e-07 5.65195e-07 4.03384e-07 2.69084e-07 1.6632e-07 9.57152e-08 5.20242e-08 2.69799e-08 1.3179e-08 5.49328e-09 1.37525e-09 
2.81163e-09 8.32486e-09 1.79672e-08 3.53421e-08 6.6169e-08 1.17684e-07 1.96026e-07 3.02317e-07 4.3312e-07 5.82129e-07 7.36051e-07 8.93128e-07 1.09899e-06 1.50156e-06 2.5181e-06 4.37809e-06 5.38395e-06 5.90452e-06 6.03474e-06 5.93683e-06 5.79618e-06 5.7089e-06 5.67403e-06 5.67018e-06 5.67436e-06 5.67436e-06 5.67018e-06 5.67403e-06 5.7089e-06 5.79618e-06 5.93683e-06 6.03474e-06 5.90452e-06 5.38395e-06 4.37809e-06 2.5181e-06 1.50156e-06 1.09899e-06 8.93128e-07 7.36051e-07 5.82129e-07 4.3312e-07 3.02317e-07 1.96026e-07 1.17684e-07 6.6169e-08 3.53421e-08 1.79672e-08 8.32486e-09 2.81163e-09 2.81163e-09 
1.37525e-09 5.49328e-09 1.3179e-08 2.69799e-08 5.20242e-08 9.57152e-08 1.6632e-07 2.69084e-07 4.03384e-07 5.65195e-07 7.4269e-07 9.21203e-07 1.09936e-06 1.37932e-06 1.9792e-06 3.84539e-06 4.91378e-06 5.71457e-06 6.07238e-06 6.08283e-06 5.94729e-06 5.8246e-06 5.75436e-06 5.72077e-06 5.69936e-06 5.67436e-06 5.64255e-06 5.61256e-06 5.60622e-06 5.64519e-06 5.74395e-06 5.86508e-06 5.88613e-06 5.59608e-06 4.77529e-06 3.45113e-06 1.72342e-06 1.1146e-06 8.42246e-07 6.97532e-07 5.70494e-07 4.43968e-07 3.24497e-07 2.21298e-07 1.39409e-07 8.15797e-08 4.50124e-08 2.36588e-08 1.16784e-08 4.86407e-09 1.17989e-09 
3.16987e-09 9.22734e-09 2.00183e-08 3.97693e-08 7.5311e-08 1.35643e-07 2.2919e-07 3.59281e-07 5.23632e-07 7.14553e-07 9.12835e-07 1.09944e-06 1.30612e-06 1.68156e-06 2.63031e-06 4.26457e-06 5.25309e-06 5.91699e-06 6.11903e-06 6.05559e-06 5.93468e-06 5.84181e-06 5.78587e-06 5.74485e-06 5.69936e-06 5.64255e-06 5.57921e-06 5.52867e-06 5.51439e-06 5.55543e-06 5.64218e-06 5.70984e-06 5.6065e-06 5.01535e-06 3.77815e-06 2.11579e-06 1.16187e-06 7.98789e-07 6.34105e-07 5.32704e-07 4.33315e-07 3.32349e-07 2.3868e-07 1.58501e-07 9.71427e-08 5.56452e-08 3.02234e-08 1.55878e-08 7.28312e-09 2.41679e-09 2.41679e-09 
1.54865e-09 6.0128e-09 1.4379e-08 2.96141e-08 5.75508e-08 1.06788e-07 1.87335e-07 3.06399e-07 4.64455e-07 6.56231e-07 8.65918e-07 1.06881e-06 1.24397e-06 1.49831e-06 2.07155e-06 3.17926e-06 4.67862e-06 5.5123e-06 5.98781e-06 6.06517e-06 6.00271e-06 5.91884e-06 5.85393e-06 5.80266e-06 5.74485e-06 5.67018e-06 5.57921e-06 5.48683e-06 5.41661e-06 5.39429e-06 5.42347e-06 5.46817e-06 5.4358e-06 5.11776e-06 4.07088e-06 2.7408e-06 1.28906e-06 7.5632e-07 5.63197e-07 4.75417e-07 4.02427e-07 3.24186e-07 2.45446e-07 1.72358e-07 1.11284e-07 6.65744e-08 3.74766e-08 2.00511e-08 1.00361e-08 4.18365e-09 9.78581e-10 
3.45751e-09 9.89065e-09 2.14786e-08 4.2852e-08 8.15226e-08 1.47546e-07 2.50692e-07 3.95206e-07 5.77493e-07 7.86282e-07 9.98033e-07 1.17734e-06 1.36762e-06 1.67842e-06 2.24788e-06 4.02499e-06 4.92161e-06 5.63071e-06 5.91203e-06 5.98222e-06 5.95284e-06 5.90773e-06 5.86122e-06 5.80266e-06 5.72077e-06 5.61256e-06 5.48683e-06 5.36404e-06 5.27436e-06 5.23468e-06 5.2286e-06 5.19131e-06 4.98813e-06 4.33164e-06 2.99751e-06 1.41988e-06 7.68878e-07 4.864e-07 4.1127e-07 3.56336e-07 3.00749e-07 2.4013e-07 1.78688e-07 1.22143e-07 7.67952e-08 4.50275e-08 2.49754e-08 1.31137e-08 6.19364e-09 2.01681e-09 2.01681e-09 
1.68367e-09 6.36402e-09 1.51185e-08 3.11524e-08 6.06001e-08 1.12507e-07 1.97459e-07 3.23073e-07 4.88726e-07 6.85171e-07 8.95131e-07 1.08247e-06 1.24413e-06 1.4345e-06 1.80599e-06 2.72833e-06 4.18206e-06 5.0782e-06 5.52576e-06 5.81637e-06 5.90615e-06 5.91701e-06 5.90348e-06 5.86122e-06 5.78587e-06 5.67403e-06 5.52867e-06 5.36404e-06 5.21002e-06 5.09292e-06 5.01587e-06 4.95028e-06 4.77914e-06 4.30259e-06 3.33252e-06 1.59166e-06 7.95413e-07 4.27573e-07 3.44063e-07 3.04687e-07 2.6547e-07 2.23077e-07 1.76046e-07 1.27905e-07 8.50328e-08 5.22471e-08 3.01353e-08 1.64722e-08 8.38353e-09 3.50227e-09 7.85296e-10 
3.64256e-09 1.02238e-08 2.21109e-08 4.40089e-08 8.3451e-08 1.50406e-07 2.54343e-07 3.98434e-07 5.75624e-07 7.7197e-07 9.61592e-07 1.11309e-06 1.25799e-06 1.48832e-06 1.85273e-06 3.45544e-06 4.36578e-06 4.89455e-06 5.43385e-06 5.7272e-06 5.84907e-06 5.89977e-06 5.90348e-06 5.85393e-06 5.75436e-06 5.60622e-06 5.41661e-06 5.21002e-06 5.01628e-06 4.85182e-06 4.72624e-06 4.57047e-06 4.17106e-06 3.35144e-06 2.07575e-06 8.3873e-07 3.7812e-07 2.82034e-07 2.53529e-07 2.25222e-07 1.96686e-07 1.64356e-07 1.27242e-07 8.99384e-08 5.82888e-08 3.51429e-08 1.99855e-08 1.07174e-08 5.12807e-09 1.63706e-09 1.63706e-09 
1.76562e-09 6.49825e-09 1.52705e-08 3.1284e-08 6.04586e-08 1.11333e-07 1.9357e-07 3.13353e-07 4.67444e-07 6.43291e-07 8.229e-07 9.75115e-07 1.0966e-06 1.23376e-06 1.44761e-06 2.1426e-06 3.43053e-06 4.04388e-06 4.8256e-06 5.34692e-06 5.65847e-06 5.81887e-06 5.89977e-06 5.90773e-06 5.84181e-06 5.7089e-06 5.51439e-06 5.27436e-06 5.01628e-06 4.76242e-06 4.54792e-06 4.35791e-06 4.0437e-06 3.33986e-06 2.17381e-06 8.63243e-07 3.77173e-07 2.2112e-07 2.08136e-07 1.86267e-07 1.65822e-07 1.45216e-07 1.19802e-07 9.04151e-08 6.22014e-08 3.94495e-08 2.34192e-08 1.31273e-08 6.81311e-09 2.85717e-09 6.10641e-10 
3.70014e-09 1.01643e-08 2.17667e-08 4.29144e-08 8.04493e-08 1.4307e-07 2.38379e-07 3.67212e-07 5.19993e-07 6.81169e-07 8.28754e-07 9.43606e-07 1.03552e-06 1.16356e-06 1.48897e-06 2.1491e-06 3.01507e-06 4.01865e-06 4.75061e-06 5.27385e-06 5.61872e-06 5.81887e-06 5.91701e-06 5.91884e-06 5.8246e-06 5.64519e-06 5.39429e-06 5.09292e-06 4.76242e-06 4.45344e-06 4.17506e-06 3.87683e-06 3.33857e-06 2.34447e-06 9.4647e-07 3.81535e-07 1.72901e-07 1.66289e-07 1.53655e-07 1.35832e-07 1.22057e-07 1.0653e-07 8.60154e-08 6.31534e-08 4.24114e-08 2.64258e-08 1.54764e-08 8.50672e-09 4.13467e-09 1.29478e-09 1.29478e-09 
1.78377e-09 6.38687e-09 1.47749e-08 2.98958e-08 5.69627e-08 1.03169e-07 1.76091e-07 2.79452e-07 4.08053e-07 5.48294e-07 6.83064e-07 7.94542e-07 8.71398e-07 9.5059e-07 1.09018e-06 1.35143e-06 2.09422e-06 3.09366e-06 3.95322e-06 4.67301e-06 5.22721e-06 5.61872e-06 5.84907e-06 5.95284e-06 5.93468e-06 5.79618e-06 5.55543e-06 5.23468e-06 4.85182e-06 4.45344e-06 4.08127e-06 3.69616e-06 3.23048e-06 2.44085e-06 1.28518e-06 4.11248e-07 1.35442e-07 1.27104e-07 1.2697e-07 1.11311e-07 9.90837e-08 8.97609e-08 7.72368e-08 6.07265e-08 4.34374e-08 2.85841e-08 1.75515e-08 1.01325e-08 5.38132e-09 2.27169e-09 4.61144e-10 
3.6175e-09 9.695e-09 2.04354e-08 3.9629e-08 7.28814e-08 1.26859e-07 2.06592e-07 3.10924e-07 4.29926e-07 5.48465e-07 6.52085e-07 7.26067e-07 7.80204e-07 8.42346e-07 9.3104e-07 1.19143e-06 2.35497e-06 3.01489e-06 3.8617e-06 4.61701e-06 5.22721e-06 5.65847e-06 5.90615e-06 6.00271e-06 5.94729e-06 5.74395e-06 5.42347e-06 5.01587e-06 4.54792e-06 4.08127e-06 3.60943e-06 3.03818e-06 2.40942e-06 1.45412e-06 4.70031e-07 1.31615e-07 8.85017e-08 1.03817e-07 9.30344e-08 8.0144e-08 7.25865e-08 6.55905e-08 5.51505e-08 4.21909e-08 2.94934e-08 1.90856e-08 1.15656e-08 6.54307e-09 3.24181e-09 9.98917e-10 9.98917e-10 
1.7335e-09 6.02939e-09 1.36616e-08 2.71267e-08 5.06031e-08 8.9496e-08 1.48918e-07 2.30377e-07 3.2827e-07 4.30173e-07 5.2279e-07 5.94018e-07 6.40782e-07 6.72944e-07 6.94208e-07 8.26959e-07 1.29148e-06 2.10902e-06 2.90258e-06 3.80386e-06 4.61701e-06 5.27385e-06 5.7272e-06 5.98222e-06 6.05559e-06 5.93683e-06 5.64218e-06 5.2286e-06 4.72624e-06 4.17506e-06 3.60943e-06 2.95097e-06 2.2466e-06 1.52321e-06 5.34371e-07 1.47403e-07 5.51265e-08 8.14947e-08 7.90266e-08 6.66212e-08 5.80024e-08 5.32234e-08 4.73649e-08 3.87612e-08 2.89069e-08 1.98176e-08 1.26439e-08 7.55125e-09 4.1203e-09 1.75783e-09 3.39192e-10 
3.3976e-09 8.85351e-09 1.82624e-08 3.46125e-08 6.20491e-08 1.05078e-07 1.66453e-07 2.44107e-07 3.29477e-07 4.10452e-07 4.76502e-07 5.21505e-07 5.46581e-07 5.48765e-07 5.91501e-07 7.70115e-07 1.18802e-06 1.90922e-06 2.84148e-06 3.80386e-06 4.67301e-06 5.34692e-06 5.81637e-06 6.06517e-06 6.08283e-06 5.86508e-06 5.46817e-06 4.95028e-06 4.35791e-06 3.69616e-06 2.95097e-06 2.21198e-06 1.42708e-06 6.24548e-07 1.62995e-07 3.31655e-08 5.93581e-08 6.64929e-08 5.73164e-08 4.7541e-08 4.23151e-08 3.87929e-08 3.37147e-08 2.68489e-08 1.95784e-08 1.32044e-08 8.31378e-09 4.86108e-09 2.46488e-09 7.51583e-10 7.51583e-10 
1.6178e-09 5.45677e-09 1.2052e-08 2.33482e-08 4.23972e-08 7.28402e-08 1.17684e-07 1.77085e-07 2.46207e-07 3.15587e-07 3.7511e-07 4.18552e-07 4.43945e-07 4.47486e-07 4.53342e-07 5.20935e-07 6.7755e-07 1.07809e-06 1.81868e-06 2.84148e-06 3.8617e-06 4.75061e-06 5.43385e-06 5.91203e-06 6.11903e-06 6.03474e-06 5.70984e-06 5.19131e-06 4.57047e-06 3.87683e-06 3.03818e-06 2.21198e-06 1.42745e-06 6.87624e-07 1.83344e-07 3.43731e-08 3.72831e-08 5.3925e-08 4.98343e-08 4.07479e-08 3.4228e-08 3.09391e-08 2.79633e-08 2.36538e-08 1.83666e-08 1.31373e-08 8.73498e-09 5.41671e-09 3.04823e-09 1.32026e-09 2.43677e-10 
3.0604e-09 7.72913e-09 1.55226e-08 2.86048e-08 4.97582e-08 8.17036e-08 1.25679e-07 1.79606e-07 2.37229e-07 2.89863e-07 3.30651e-07 3.57205e-07 3.66922e-07 3.65142e-07 3.85027e-07 4.48867e-07 6.13597e-07 1.01926e-06 1.81868e-06 2.90258e-06 3.95322e-06 4.8256e-06 5.52576e-06 5.98781e-06 6.07238e-06 5.88613e-06 5.4358e-06 4.77914e-06 4.0437e-06 3.23048e-06 2.2466e-06 1.42745e-06 7.37293e-07 1.94325e-07 4.41652e-08 1.8946e-08 4.08183e-08 4.25392e-08 3.58904e-08 2.89943e-08 2.48667e-08 2.25058e-08 1.98914e-08 1.63778e-08 1.2435e-08 8.74854e-09 5.73711e-09 3.47814e-09 1.8116e-09 5.5055e-10 5.5055e-10 
1.44762e-09 4.72796e-09 1.01366e-08 1.90714e-08 3.35761e-08 5.58772e-08 8.75432e-08 1.28169e-07 1.74246e-07 2.19418e-07 2.57015e-07 2.83547e-07 2.9814e-07 3.00953e-07 3.04764e-07 3.31199e-07 4.07121e-07 5.84047e-07 1.01926e-06 1.90922e-06 3.01489e-06 4.01865e-06 4.89455e-06 5.63071e-06 5.91699e-06 5.90452e-06 5.6065e-06 4.98813e-06 4.17106e-06 3.33857e-06 2.40942e-06 1.42708e-06 7.37293e-07 2.09784e-07 5.1883e-08 8.39978e-09 2.88045e-08 3.4841e-08 3.15008e-08 2.55555e-08 2.082e-08 1.8108e-08 1.62067e-08 1.39623e-08 1.12119e-08 8.34851e-09 5.78717e-09 3.73357e-09 2.17293e-09 9.59483e-10 1.71233e-10 
2.64035e-09 6.44631e-09 1.25548e-08 2.24157e-08 3.77444e-08 6.00378e-08 8.9727e-08 1.25209e-07 1.62457e-07 1.96082e-07 2.21881e-07 2.38726e-07 2.47186e-07 2.50438e-07 2.61491e-07 2.98711e-07 3.88833e-07 5.84047e-07 1.07809e-06 2.10902e-06 3.09366e-06 4.04388e-06 5.0782e-06 5.5123e-06 5.71457e-06 5.59608e-06 5.11776e-06 4.30259e-06 3.33986e-06 2.44085e-06 1.52321e-06 6.87624e-07 2.09784e-07 6.1551e-08 7.52174e-09 1.97224e-08 2.74222e-08 2.69605e-08 2.27711e-08 1.82489e-08 1.50538e-08 1.31239e-08 1.15281e-08 9.68143e-09 7.60303e-09 5.56586e-09 3.8016e-09 2.39321e-09 1.28363e-09 3.91555e-10 3.91555e-10 
1.24048e-09 3.9193e-09 8.13217e-09 1.48136e-08 2.52337e-08 4.06516e-08 6.1808e-08 8.82285e-08 1.17695e-07 1.46476e-07 1.70715e-07 1.88378e-07 2.00028e-07 2.07159e-07 2.14862e-07 2.35828e-07 2.84416e-07 3.88833e-07 6.13597e-07 1.18802e-06 2.35497e-06 3.01507e-06 4.36578e-06 4.92161e-06 5.25309e-06 5.38395e-06 5.01535e-06 4.33164e-06 3.35144e-06 2.34447e-06 1.45412e-06 6.24548e-07 1.94325e-07 6.1551e-08 1.03513e-08 1.36179e-08 2.13508e-08 2.25083e-08 2.00527e-08 1.63727e-08 1.31038e-08 1.08902e-08 9.42253e-09 8.09835e-09 6.64203e-09 5.11556e-09 3.68712e-09 2.47382e-09 1.49055e-09 6.72916e-10 1.17632e-10 
2.18046e-09 5.13843e-09 9.68095e-09 1.67179e-08 2.72385e-08 4.2012e-08 6.1137e-08 8.35858e-08 1.07091e-07 1.28741e-07 1.46264e-07 1.59304e-07 1.69329e-07 1.78524e-07 1.93658e-07 2.24441e-07 2.84416e-07 4.07121e-07 6.7755e-07 1.29148e-06 2.09422e-06 3.43053e-06 4.18206e-06 4.67862e-06 4.91378e-06 4.77529e-06 4.07088e-06 3.33252e-06 2.17381e-06 1.28518e-06 5.34371e-07 1.83344e-07 5.1883e-08 1.03513e-08 9.68668e-09 1.70145e-08 1.87255e-08 1.74095e-08 1.4697e-08 1.17769e-08 9.4278e-09 7.83544e-09 6.68775e-09 5.62354e-09 4.51615e-09 3.41901e-09 2.42546e-09 1.58436e-09 8.75746e-10 2.69618e-10 2.69618e-10 
1.0174e-09 3.10934e-09 6.23372e-09 1.09796e-08 1.80925e-08 2.82472e-08 4.17763e-08 5.8341e-08 7.67317e-08 9.50477e-08 1.11385e-07 1.24826e-07 1.36065e-07 1.47106e-07 1.60977e-07 1.84016e-07 2.24441e-07 2.98711e-07 4.48867e-07 7.70115e-07 1.19143e-06 2.1491e-06 3.45544e-06 4.02499e-06 4.26457e-06 4.37809e-06 3.77815e-06 2.99751e-06 2.07575e-06 9.4647e-07 4.70031e-07 1.62995e-07 4.41652e-08 7.52174e-09 9.68668e-09 1.45003e-08 1.59673e-08 1.5131e-08 1.31224e-08 1.07024e-08 8.46446e-09 6.76146e-09 5.58601e-09 4.69146e-09 3.86569e-09 3.04771e-09 2.27073e-09 1.5798e-09 9.84416e-10 4.54837e-10 7.88156e-11 
1.72405e-09 3.92059e-09 7.13954e-09 1.19255e-08 1.88245e-08 2.82218e-08 4.0129e-08 5.40035e-08 6.87541e-08 8.30563e-08 9.59597e-08 1.07517e-07 1.19082e-07 1.33176e-07 1.52848e-07 1.84016e-07 2.35828e-07 3.31199e-07 5.20935e-07 8.26959e-07 1.35143e-06 2.1426e-06 2.72833e-06 3.17926e-06 3.84539e-06 3.45113e-06 2.7408e-06 1.59166e-06 8.63243e-07 4.11248e-07 1.47403e-07 3.43731e-08 8.39978e-09 1.36179e-08 1.45003e-08 1.44409e-08 1.34579e-08 1.17687e-08 9.7487e-09 7.74701e-09 6.0575e-09 4.81426e-09 3.9399e-09 3.25558e-09 2.6346e-09 2.0433e-09 1.49715e-09 1.01168e-09 5.75565e-10 1.79414e-10 1.79414e-10 
7.98946e-10 2.36395e-09 4.57905e-09 7.80097e-09 1.24526e-08 1.8889e-08 2.72707e-08 3.74307e-08 4.8827e-08 6.06674e-08 7.22391e-08 8.33528e-08 9.47345e-08 1.08251e-07 1.26596e-07 1.52848e-07 1.93658e-07 2.61491e-07 3.85027e-07 5.91501e-07 9.3104e-07 1.48897e-06 1.85273e-06 2.24788e-06 2.63031e-06 2.5181e-06 2.11579e-06 1.41988e-06 8.3873e-07 3.81535e-07 1.31615e-07 3.31655e-08 1.8946e-08 1.97224e-08 1.70145e-08 1.44409e-08 1.25528e-08 1.07751e-08 8.94401e-09 7.15321e-09 5.56274e-09 4.30259e-09 3.3956e-09 2.74927e-09 2.23785e-09 1.78258e-09 1.36112e-09 9.76705e-10 6.27428e-10 2.96403e-10 5.13557e-11 
1.30682e-09 2.87086e-09 5.05708e-09 8.18333e-09 1.25475e-08 1.83513e-08 2.56154e-08 3.41279e-08 4.34856e-08 5.32618e-08 6.3282e-08 7.39365e-08 8.64663e-08 1.03055e-07 1.26596e-07 1.60977e-07 2.14862e-07 3.04764e-07 4.53342e-07 6.94208e-07 1.09018e-06 1.44761e-06 1.80599e-06 2.07155e-06 1.9792e-06 1.72342e-06 1.28906e-06 7.95413e-07 3.77173e-07 1.35442e-07 5.51265e-08 3.72831e-08 2.88045e-08 2.13508e-08 1.59673e-08 1.25528e-08 1.02442e-08 8.35741e-09 6.6687e-09 5.18071e-09 3.95442e-09 3.02743e-09 2.37093e-09 1.8997e-09 1.52595e-09 1.19831e-09 8.99711e-10 6.25676e-10 3.65225e-10 1.1534e-10 1.1534e-10 
6.01554e-10 1.72644e-09 3.23573e-09 5.34162e-09 8.28252e-09 1.22515e-08 1.73476e-08 2.35366e-08 3.06603e-08 3.85218e-08 4.70494e-08 5.65142e-08 6.77707e-08 8.24489e-08 1.03055e-07 1.33176e-07 1.78524e-07 2.50438e-07 3.65142e-07 5.48765e-07 8.42346e-07 1.16356e-06 1.48832e-06 1.67842e-06 1.68156e-06 1.50156e-06 1.16187e-06 7.68878e-07 3.7812e-07 1.72901e-07 8.85017e-08 5.93581e-08 4.08183e-08 2.74222e-08 1.87255e-08 1.34579e-08 1.02442e-08 8.04663e-09 6.32047e-09 4.88247e-09 3.70078e-09 2.78004e-09 2.10885e-09 1.63953e-09 1.30152e-09 1.03339e-09 8.00237e-10 5.87934e-10 3.87417e-10 1.86608e-10 3.24723e-11 
9.5181e-10 2.02467e-09 3.45756e-09 5.4359e-09 8.12665e-09 1.16496e-08 1.60538e-08 2.13173e-08 2.73926e-08 3.43056e-08 4.23028e-08 5.20347e-08 6.47446e-08 8.24489e-08 1.08251e-07 1.47106e-07 2.07159e-07 3.00953e-07 4.47486e-07 6.72944e-07 9.5059e-07 1.23376e-06 1.4345e-06 1.49831e-06 1.37932e-06 1.1146e-06 7.5632e-07 4.27573e-07 2.2112e-07 1.27104e-07 8.14947e-08 5.3925e-08 3.4841e-08 2.25083e-08 1.5131e-08 1.07751e-08 8.04663e-09 6.13752e-09 4.67273e-09 3.51209e-09 2.60725e-09 1.93254e-09 1.45465e-09 1.12395e-09 8.85271e-10 6.95429e-10 5.30017e-10 3.76733e-10 2.24571e-10 7.17305e-11 7.17305e-11 
4.35345e-10 1.21522e-09 2.20977e-09 3.54585e-09 5.36119e-09 7.77e-09 1.08517e-08 1.46497e-08 1.91982e-08 2.45844e-08 3.10503e-08 3.9131e-08 4.98182e-08 6.47446e-08 8.64663e-08 1.19082e-07 1.69329e-07 2.47186e-07 3.66922e-07 5.46581e-07 7.80204e-07 1.03552e-06 1.25799e-06 1.36762e-06 1.30612e-06 1.09899e-06 7.98789e-07 4.864e-07 2.82034e-07 1.66289e-07 1.03817e-07 6.64929e-08 4.25392e-08 2.69605e-08 1.74095e-08 1.17687e-08 8.35741e-09 6.13752e-09 4.56371e-09 3.38309e-09 2.4844e-09 1.81258e-09 1.32904e-09 9.94439e-10 7.64792e-10 5.98394e-10 4.64872e-10 3.46715e-10 2.32871e-10 1.13886e-10 1.99101e-11 
6.68313e-10 1.38121e-09 2.29447e-09 3.51873e-09 5.1536e-09 7.282e-09 9.97174e-09 1.32924e-08 1.73572e-08 2.23952e-08 2.88565e-08 3.75508e-08 4.98182e-08 6.77707e-08 9.47345e-08 1.36065e-07 2.00028e-07 2.9814e-07 4.43945e-07 6.40782e-07 8.71398e-07 1.0966e-06 1.24413e-06 1.24397e-06 1.09936e-06 8.42246e-07 5.63197e-07 3.44063e-07 2.08136e-07 1.2697e-07 7.90266e-08 4.98343e-08 3.15008e-08 2.00527e-08 1.31224e-08 8.94401e-09 6.32047e-09 4.56371e-09 3.31696e-09 2.40303e-09 1.73043e-09 1.24464e-09 9.05055e-10 6.74529e-10 5.17135e-10 4.02098e-10 3.08064e-10 2.22083e-10 1.34412e-10 4.327e-11 4.327e-11 
3.0388e-10 8.27846e-10 1.46611e-09 2.29626e-09 3.40183e-09 4.85787e-09 6.73492e-09 9.11108e-09 1.21012e-08 1.59092e-08 2.09086e-08 2.77573e-08 3.75508e-08 5.20347e-08 7.39365e-08 1.07517e-07 1.59304e-07 2.38726e-07 3.57205e-07 5.21505e-07 7.26067e-07 9.43606e-07 1.11309e-06 1.17734e-06 1.09944e-06 8.93128e-07 6.34105e-07 4.1127e-07 2.53529e-07 1.53655e-07 9.30344e-08 5.73164e-08 3.58904e-08 2.27711e-08 1.4697e-08 9.7487e-09 6.6687e-09 4.67273e-09 3.31696e-09 2.36202e-09 1.67768e-09 1.1884e-09 8.45111e-10 6.1099e-10 4.54517e-10 3.47758e-10 2.68413e-10 2.01462e-10 1.36965e-10 6.76621e-11 1.18482e-11 
4.54268e-10 9.15996e-10 1.48674e-09 2.235e-09 3.22496e-09 4.5202e-09 6.19372e-09 8.34873e-09 1.11568e-08 1.49193e-08 2.016e-08 2.77573e-08 3.9131e-08 5.65142e-08 8.33528e-08 1.24826e-07 1.88378e-07 2.83547e-07 4.18552e-07 5.94018e-07 7.94542e-07 9.75115e-07 1.08247e-06 1.06881e-06 9.21203e-07 6.97532e-07 4.75417e-07 3.04687e-07 1.86267e-07 1.11311e-07 6.66212e-08 4.07479e-08 2.55555e-08 1.63727e-08 1.07024e-08 7.15321e-09 4.88247e-09 3.38309e-09 2.36202e-09 1.65158e-09 1.15326e-09 8.05836e-10 5.68102e-10 4.09398e-10 3.04574e-10 2.32604e-10 1.77581e-10 1.28841e-10 7.86894e-11 2.54091e-11 2.54091e-11 
2.05478e-10 5.48473e-10 9.50419e-10 1.46031e-09 2.1317e-09 3.01823e-09 4.18229e-09 5.71014e-09 7.73975e-09 1.05071e-08 1.44185e-08 2.016e-08 2.88565e-08 4.23028e-08 6.3282e-08 9.59597e-08 1.46264e-07 2.21881e-07 3.30651e-07 4.76502e-07 6.52085e-07 8.28754e-07 9.61592e-07 9.98033e-07 9.12835e-07 7.36051e-07 5.32704e-07 3.56336e-07 2.25222e-07 1.35832e-07 8.0144e-08 4.7541e-08 2.89943e-08 1.82489e-08 1.17769e-08 7.74701e-09 5.18071e-09 3.51209e-09 2.40303e-09 1.65158e-09 1.1362e-09 7.81816e-10 5.40207e-10 3.78537e-10 2.72606e-10 2.03113e-10 1.54604e-10 1.15874e-10 7.92066e-11 3.9315e-11 6.85839e-12 
3.00391e-10 5.93838e-10 9.46621e-10 1.40286e-09 2.00665e-09 2.80869e-09 3.87782e-09 5.3212e-09 7.3185e-09 1.01772e-08 1.44185e-08 2.09086e-08 3.10503e-08 4.70494e-08 7.22391e-08 1.11385e-07 1.70715e-07 2.57015e-07 3.7511e-07 5.2279e-07 6.83064e-07 8.229e-07 8.95131e-07 8.65918e-07 7.4269e-07 5.70494e-07 4.02427e-07 2.6547e-07 1.65822e-07 9.90837e-08 5.80024e-08 3.4228e-08 2.082e-08 1.31038e-08 8.46446e-09 5.56274e-09 3.70078e-09 2.4844e-09 1.67768e-09 1.1362e-09 7.70332e-10 5.23384e-10 3.58437e-10 2.50315e-10 1.80583e-10 1.34806e-10 1.01857e-10 7.38789e-11 4.52727e-11 1.45853e-11 1.45853e-11 
1.35282e-10 3.55353e-10 6.05703e-10 9.18189e-10 1.32884e-09 1.87776e-09 2.61825e-09 3.63137e-09 5.0508e-09 7.10385e-09 1.01772e-08 1.49193e-08 2.23952e-08 3.43056e-08 5.32618e-08 8.30563e-08 1.28741e-07 1.96082e-07 2.89863e-07 4.10452e-07 5.48465e-07 6.81169e-07 7.7197e-07 7.86282e-07 7.14553e-07 5.82129e-07 4.33315e-07 3.00749e-07 1.96686e-07 1.22057e-07 7.25865e-08 4.23151e-08 2.48667e-08 1.50538e-08 9.4278e-09 6.0575e-09 3.95442e-09 2.60725e-09 1.73043e-09 1.15326e-09 7.70332e-10 5.1544e-10 3.46395e-10 2.35662e-10 1.64473e-10 1.19101e-10 8.89611e-11 6.61821e-11 4.52304e-11 2.24466e-11 3.87526e-12 
1.94318e-10 3.78614e-10 5.96149e-10 8.76259e-10 1.25053e-09 1.75945e-09 2.46316e-09 3.45926e-09 4.91259e-09 7.10385e-09 1.05071e-08 1.59092e-08 2.45844e-08 3.85218e-08 6.06674e-08 9.50477e-08 1.46476e-07 2.19418e-07 3.15587e-07 4.30173e-07 5.48294e-07 6.43291e-07 6.85171e-07 6.56231e-07 5.65195e-07 4.43968e-07 3.24186e-07 2.23077e-07 1.45216e-07 8.97609e-08 5.32234e-08 3.09391e-08 1.8108e-08 1.08902e-08 6.76146e-09 4.30259e-09 2.78004e-09 1.81258e-09 1.1884e-09 7.81816e-10 5.1544e-10 3.40751e-10 2.26876e-10 1.53705e-10 1.07512e-10 7.82317e-11 5.82309e-11 4.20117e-11 2.57137e-11 8.22218e-12 8.22218e-12 
8.72125e-11 2.26492e-10 3.81922e-10 5.74667e-10 8.29756e-10 1.17768e-09 1.66248e-09 2.35438e-09 3.37103e-09 4.91259e-09 7.3185e-09 1.11568e-08 1.73572e-08 2.73926e-08 4.34856e-08 6.87541e-08 1.07091e-07 1.62457e-07 2.37229e-07 3.29477e-07 4.29926e-07 5.19993e-07 5.75624e-07 5.77493e-07 5.23632e-07 4.3312e-07 3.32349e-07 2.4013e-07 1.64356e-07 1.0653e-07 6.55905e-08 3.87929e-08 2.25058e-08 1.31239e-08 7.83544e-09 4.81426e-09 3.02743e-09 1.93254e-09 1.24464e-09 8.05836e-10 5.23384e-10 3.40751e-10 2.2277e-10 1.47196e-10 9.95798e-11 6.99988e-11 5.11485e-11 3.76208e-11 2.56045e-11 1.2657e-11 2.14993e-12 
1.23706e-10 2.38892e-10 3.73776e-10 5.48291e-10 7.85533e-10 1.11749e-09 1.59417e-09 2.29847e-09 3.37103e-09 5.0508e-09 7.73975e-09 1.21012e-08 1.91982e-08 3.06603e-08 4.8827e-08 7.67317e-08 1.17695e-07 1.74246e-07 2.46207e-07 3.2827e-07 4.08053e-07 4.67444e-07 4.88726e-07 4.64455e-07 4.03384e-07 3.24497e-07 2.45446e-07 1.76046e-07 1.19802e-07 7.72368e-08 4.73649e-08 2.79633e-08 1.62067e-08 9.42253e-09 5.58601e-09 3.3956e-09 2.10885e-09 1.32904e-09 8.45111e-10 5.40207e-10 3.46395e-10 2.2277e-10 1.44148e-10 9.47118e-11 6.41849e-11 4.54379e-11 3.32237e-11 2.37712e-11 1.44885e-11 4.58094e-12 4.58094e-12 
5.53858e-11 1.42899e-10 2.39787e-10 3.60299e-10 5.22152e-10 7.48566e-10 1.07489e-09 1.55898e-09 2.29847e-09 3.45926e-09 5.3212e-09 8.34873e-09 1.32924e-08 2.13173e-08 3.41279e-08 5.40035e-08 8.35858e-08 1.25209e-07 1.79606e-07 2.44107e-07 3.10924e-07 3.67212e-07 3.98434e-07 3.95206e-07 3.59281e-07 3.02317e-07 2.3868e-07 1.78688e-07 1.27242e-07 8.60154e-08 5.51505e-08 3.37147e-08 1.98914e-08 1.15281e-08 6.68775e-09 3.9399e-09 2.37093e-09 1.45465e-09 9.05055e-10 5.68102e-10 3.58437e-10 2.26876e-10 1.44148e-10 9.24128e-11 6.05361e-11 4.12427e-11 2.94205e-11 2.13483e-11 1.4439e-11 7.09395e-12 1.18232e-12 
7.79801e-11 1.50103e-10 2.34754e-10 3.45667e-10 4.99858e-10 7.22232e-10 1.05288e-09 1.55898e-09 2.35438e-09 3.63137e-09 5.71014e-09 9.11108e-09 1.46497e-08 2.35366e-08 3.74307e-08 5.8341e-08 8.82285e-08 1.28169e-07 1.77085e-07 2.30377e-07 2.79452e-07 3.13353e-07 3.23073e-07 3.06399e-07 2.69084e-07 2.21298e-07 1.72358e-07 1.27905e-07 9.04151e-08 6.07265e-08 3.87612e-08 2.36538e-08 1.39623e-08 8.09835e-09 4.69146e-09 2.74927e-09 1.63953e-09 9.94439e-10 6.1099e-10 3.78537e-10 2.35662e-10 1.47196e-10 9.24128e-11 5.87898e-11 3.85301e-11 2.64825e-11 1.89879e-11 1.3454e-11 8.1558e-12 2.54628e-12 2.54628e-12 
3.48607e-11 8.9791e-11 1.50796e-10 2.27539e-10 3.32685e-10 4.83809e-10 7.08583e-10 1.05288e-09 1.59417e-09 2.46316e-09 3.87782e-09 6.19372e-09 9.97174e-09 1.60538e-08 2.56154e-08 4.0129e-08 6.1137e-08 8.9727e-08 1.25679e-07 1.66453e-07 2.06592e-07 2.38379e-07 2.54343e-07 2.50692e-07 2.2919e-07 1.96026e-07 1.58501e-07 1.22143e-07 8.99384e-08 6.31534e-08 4.21909e-08 2.68489e-08 1.63778e-08 9.68143e-09 5.62354e-09 3.25558e-09 1.8997e-09 1.12395e-09 6.74529e-10 4.09398e-10 2.50315e-10 1.53705e-10 9.47118e-11 5.87898e-11 3.72076e-11 2.45107e-11 1.70334e-11 1.21775e-11 8.17854e-12 3.99253e-12 6.56126e-13 
4.89629e-11 9.44597e-11 1.48464e-10 2.20519e-10 3.23158e-10 4.75449e-10 7.08583e-10 1.07489e-09 1.66248e-09 2.61825e-09 4.18229e-09 6.73492e-09 1.08517e-08 1.73476e-08 2.72707e-08 4.17763e-08 6.1808e-08 8.75432e-08 1.17684e-07 1.48918e-07 1.76091e-07 1.9357e-07 1.97459e-07 1.87335e-07 1.6632e-07 1.39409e-07 1.11284e-07 8.50328e-08 6.22014e-08 4.34374e-08 2.89069e-08 1.83666e-08 1.12119e-08 6.64203e-09 3.86569e-09 2.23785e-09 1.30152e-09 7.64792e-10 4.54517e-10 2.72606e-10 1.64473e-10 9.95798e-11 6.05361e-11 3.72076e-11 2.35262e-11 1.56586e-11 1.09873e-11 7.69967e-12 4.64068e-12 1.43478e-12 1.43478e-12 
2.18703e-11 5.64994e-11 9.54538e-11 1.45313e-10 2.15156e-10 3.18151e-10 4.75449e-10 7.22232e-10 1.11749e-09 1.75945e-09 2.80869e-09 4.5202e-09 7.282e-09 1.16496e-08 1.83513e-08 2.82218e-08 4.2012e-08 6.00378e-08 8.17036e-08 1.05078e-07 1.26859e-07 1.4307e-07 1.50406e-07 1.47546e-07 1.35643e-07 1.17684e-07 9.71427e-08 7.67952e-08 5.82888e-08 4.24114e-08 2.94934e-08 1.95784e-08 1.2435e-08 7.60303e-09 4.51615e-09 2.6346e-09 1.52595e-09 8.85271e-10 5.17135e-10 3.04574e-10 1.80583e-10 1.07512e-10 6.41849e-11 3.85301e-11 2.35262e-11 1.49528e-11 1.00952e-11 7.0929e-12 4.72234e-12 2.29306e-12 3.76204e-13 
3.07824e-11 5.98042e-11 9.48708e-11 1.42638e-10 2.12287e-10 3.18151e-10 4.83809e-10 7.48566e-10 1.17768e-09 1.87776e-09 3.01823e-09 4.85787e-09 7.77e-09 1.22515e-08 1.8889e-08 2.82472e-08 4.06516e-08 5.58772e-08 7.28402e-08 8.9496e-08 1.03169e-07 1.11333e-07 1.12507e-07 1.06788e-07 9.57152e-08 8.15797e-08 6.65744e-08 5.22471e-08 3.94495e-08 2.85841e-08 1.98176e-08 1.31373e-08 8.34851e-09 5.11556e-09 3.04771e-09 1.78258e-09 1.03339e-09 5.98394e-10 3.47758e-10 2.03113e-10 1.19101e-10 6.99988e-11 4.12427e-11 2.45107e-11 1.49528e-11 9.62099e-12 6.58275e-12 4.54565e-12 2.71802e-12 8.37354e-13 8.37354e-13 
1.37447e-11 3.57467e-11 6.09888e-11 9.39589e-11 1.41146e-10 2.12287e-10 3.23158e-10 4.99858e-10 7.85533e-10 1.25053e-09 2.00665e-09 3.22496e-09 5.1536e-09 8.12665e-09 1.25475e-08 1.88245e-08 2.72385e-08 3.77444e-08 4.97582e-08 6.20491e-08 7.28814e-08 8.04493e-08 8.3451e-08 8.15226e-08 7.5311e-08 6.6169e-08 5.56452e-08 4.50275e-08 3.51429e-08 2.64258e-08 1.90856e-08 1.32044e-08 8.74854e-09 5.56586e-09 3.41901e-09 2.0433e-09 1.19831e-09 6.95429e-10 4.02098e-10 2.32604e-10 1.34806e-10 7.82317e-11 4.54379e-11 2.64825e-11 1.56586e-11 9.62099e-12 6.29753e-12 4.3248e-12 2.83899e-12 1.3698e-12 2.28344e-13 
1.94457e-11 3.81678e-11 6.12637e-11 9.33675e-11 1.41146e-10 2.15156e-10 3.32685e-10 5.22152e-10 8.29756e-10 1.32884e-09 2.1317e-09 3.40183e-09 5.36119e-09 8.28252e-09 1.24526e-08 1.80925e-08 2.52337e-08 3.35761e-08 4.23972e-08 5.06031e-08 5.69627e-08 6.04586e-08 6.06001e-08 5.75508e-08 5.20242e-08 4.50124e-08 3.74766e-08 3.01353e-08 2.34192e-08 1.75515e-08 1.26439e-08 8.73498e-09 5.78717e-09 3.68712e-09 2.27073e-09 1.36112e-09 8.00237e-10 4.64872e-10 2.68413e-10 1.54604e-10 8.89611e-11 5.11485e-11 2.94205e-11 1.70334e-11 1.00952e-11 6.29753e-12 4.18724e-12 2.82766e-12 1.66806e-12 5.14933e-13 5.14933e-13 
8.67838e-12 2.27599e-11 3.92768e-11 6.12747e-11 9.33675e-11 1.42638e-10 2.20519e-10 3.45667e-10 5.48291e-10 8.76259e-10 1.40286e-09 2.235e-09 3.51873e-09 5.4359e-09 8.18333e-09 1.19255e-08 1.67179e-08 2.24157e-08 2.86048e-08 3.46125e-08 3.9629e-08 4.29144e-08 4.40089e-08 4.2852e-08 3.97693e-08 3.53421e-08 3.02234e-08 2.49754e-08 1.99855e-08 1.54764e-08 1.15656e-08 8.31378e-09 5.73711e-09 3.8016e-09 2.42546e-09 1.49715e-09 8.99711e-10 5.30017e-10 3.08064e-10 1.77581e-10 1.01857e-10 5.82309e-11 3.32237e-11 1.89879e-11 1.09873e-11 6.58275e-12 4.18724e-12 2.79837e-12 1.79798e-12 8.58932e-13 1.45019e-13 
1.23376e-11 2.44649e-11 3.97057e-11 6.12747e-11 9.39589e-11 1.45313e-10 2.27539e-10 3.60299e-10 5.74667e-10 9.18189e-10 1.46031e-09 2.29626e-09 3.54585e-09 5.34162e-09 7.80097e-09 1.09796e-08 1.48136e-08 1.90714e-08 2.33482e-08 2.71267e-08 2.98958e-08 3.1284e-08 3.11524e-08 2.96141e-08 2.69799e-08 2.36588e-08 2.00511e-08 1.64722e-08 1.31273e-08 1.01325e-08 7.55125e-09 5.41671e-09 3.73357e-09 2.47382e-09 1.5798e-09 9.76705e-10 5.87934e-10 3.46715e-10 2.01462e-10 1.15874e-10 6.61821e-11 3.76208e-11 2.13483e-11 1.21775e-11 7.0929e-12 4.3248e-12 2.79837e-12 1.84491e-12 1.07031e-12 3.29249e-13 3.29249e-13 
5.493e-12 1.44842e-11 2.52034e-11 3.97057e-11 6.12637e-11 9.48708e-11 1.48464e-10 2.34754e-10 3.73776e-10 5.96149e-10 9.46621e-10 1.48674e-09 2.29447e-09 3.45756e-09 5.05708e-09 7.13954e-09 9.68095e-09 1.25548e-08 1.55226e-08 1.82624e-08 2.04354e-08 2.17667e-08 2.21109e-08 2.14786e-08 2.00183e-08 1.79672e-08 1.55878e-08 1.31137e-08 1.07174e-08 8.50672e-09 6.54307e-09 4.86108e-09 3.47814e-09 2.39321e-09 1.58436e-09 1.01168e-09 6.25676e-10 3.76733e-10 2.22083e-10 1.28841e-10 7.38789e-11 4.20117e-11 2.37712e-11 1.3454e-11 7.69967e-12 4.54565e-12 2.82766e-12 1.84491e-12 1.16858e-12 5.53534e-13 9.33804e-14 
7.77623e-12 1.54594e-11 2.52034e-11 3.92768e-11 6.09888e-11 9.54538e-11 1.50796e-10 2.39787e-10 3.81922e-10 6.05703e-10 9.50419e-10 1.46611e-09 2.20977e-09 3.23573e-09 4.57905e-09 6.23372e-09 8.13217e-09 1.01366e-08 1.2052e-08 1.36616e-08 1.47749e-08 1.52705e-08 1.51185e-08 1.4379e-08 1.3179e-08 1.16784e-08 1.00361e-08 8.38353e-09 6.81311e-09 5.38132e-09 4.1203e-09 3.04823e-09 2.17293e-09 1.49055e-09 9.84416e-10 6.27428e-10 3.87417e-10 2.32871e-10 1.36965e-10 7.92066e-11 4.52304e-11 2.56045e-11 1.4439e-11 8.17854e-12 4.72234e-12 2.83899e-12 1.79798e-12 1.16858e-12 6.82433e-13 2.11714e-13 2.11714e-13 
3.42698e-12 8.94054e-12 1.54594e-11 2.44649e-11 3.81678e-11 5.98042e-11 9.44597e-11 1.50103e-10 2.38892e-10 3.78614e-10 5.93838e-10 9.15996e-10 1.38121e-09 2.02467e-09 2.87086e-09 3.92059e-09 5.13843e-09 6.44631e-09 7.72913e-09 8.85351e-09 9.695e-09 1.01643e-08 1.02238e-08 9.89065e-09 9.22734e-09 8.32486e-09 7.28312e-09 6.19364e-09 5.12807e-09 4.13467e-09 3.24181e-09 2.46488e-09 1.8116e-09 1.28363e-09 8.75746e-10 5.75565e-10 3.65225e-10 2.24571e-10 1.34412e-10 7.86894e-11 4.52727e-11 2.57137e-11 1.44885e-11 8.1558e-12 4.64068e-12 2.71802e-12 1.66806e-12 1.07031e-12 6.82433e-13 3.40773e-13 5.86343e-14 
4.63967e-12 8.94054e-12 1.44842e-11 2.27599e-11 3.57467e-11 5.64994e-11 8.9791e-11 1.42899e-10 2.26492e-10 3.55353e-10 5.48473e-10 8.27846e-10 1.21522e-09 1.72644e-09 2.36395e-09 3.10934e-09 3.9193e-09 4.72796e-09 5.45677e-09 6.02939e-09 6.38687e-09 6.49825e-09 6.36402e-09 6.0128e-09 5.49328e-09 4.86407e-09 4.18365e-09 3.50227e-09 2.85717e-09 2.27169e-09 1.75783e-09 1.32026e-09 9.59483e-10 6.72916e-10 4.54837e-10 2.96403e-10 1.86608e-10 1.13886e-10 6.76621e-11 3.9315e-11 2.24466e-11 1.2657e-11 7.09395e-12 3.99253e-12 2.29306e-12 1.3698e-12 8.58932e-13 5.53534e-13 3.40773e-13 1.24969e-13 1.24969e-13 
1.94554e-12 4.63967e-12 7.77623e-12 1.23376e-11 1.94457e-11 3.07824e-11 4.89629e-11 7.79801e-11 1.23706e-10 1.94318e-10 3.00391e-10 4.54268e-10 6.68313e-10 9.5181e-10 1.30682e-09 1.72405e-09 2.18046e-09 2.64035e-09 3.0604e-09 3.3976e-09 3.6175e-09 3.70014e-09 3.64256e-09 3.45751e-09 3.16987e-09 2.81163e-09 2.41679e-09 2.01681e-09 1.63706e-09 1.29478e-09 9.98917e-10 7.51583e-10 5.5055e-10 3.91555e-10 2.69618e-10 1.79414e-10 1.1534e-10 7.17305e-11 4.327e-11 2.54091e-11 1.45853e-11 8.22218e-12 4.58094e-12 2.54628e-12 1.43478e-12 8.37354e-13 5.14933e-13 3.29249e-13 2.11714e-13 1.24969e-13 3.54118e-14 
1.94554e-12 3.42698e-12 5.493e-12 8.67838e-12 1.37447e-11 2.18703e-11 3.48607e-11 5.53858e-11 8.72125e-11 1.35282e-10 2.05478e-10 3.0388e-10 4.35345e-10 6.01554e-10 7.98946e-10 1.0174e-09 1.24048e-09 1.44762e-09 1.6178e-09 1.7335e-09 1.78377e-09 1.76562e-09 1.68367e-09 1.54865e-09 1.37525e-09 1.17989e-09 9.78581e-10 7.85296e-10 6.10641e-10 4.61144e-10 3.39192e-10 2.43677e-10 1.71233e-10 1.17632e-10 7.88156e-11 5.13557e-11 3.24723e-11 1.99101e-11 1.18482e-11 6.85839e-12 3.87526e-12 2.14993e-12 1.18232e-12 6.56126e-13 3.76204e-13 2.28344e-13 1.45019e-13 9.33804e-14 5.86343e-14 3.54118e-14 3.54118e-14 
