1 100 50
5.675e-13 8.73319e-13 1.32683e-12 2.07738e-12 3.35578e-12 5.54994e-12 9.34159e-12 1.59533e-11 2.75763e-11 4.80321e-11 8.36438e-11 1.44109e-10 2.42917e-10 3.96725e-10 6.23155e-10 9.36985e-10 1.34546e-09 1.84415e-09 2.41495e-09 3.02728e-09 3.64225e-09 4.21827e-09 4.71642e-09 5.10428e-09 5.35811e-09 5.4638e-09 5.41707e-09 5.22308e-09 4.89585e-09 4.45732e-09 3.93609e-09 3.36562e-09 2.78166e-09 2.21884e-09 1.7067e-09 1.266e-09 9.0677e-10 6.28631e-10 4.23287e-10 2.78027e-10 1.79011e-10 1.13576e-10 7.13765e-11 4.4641e-11 2.78991e-11 1.74789e-11 1.10035e-11 6.93503e-12 4.25033e-12 2.24702e-12 
5.675e-13 9.42689e-13 1.44946e-12 2.25385e-12 3.63735e-12 6.02784e-12 1.0148e-11 1.72643e-11 2.96307e-11 5.11906e-11 8.8614e-11 1.52477e-10 2.58197e-10 4.26006e-10 6.79311e-10 1.04111e-09 1.52878e-09 2.1483e-09 2.88939e-09 3.72328e-09 4.60455e-09 5.47686e-09 6.28102e-09 6.96252e-09 7.47677e-09 7.7918e-09 7.88928e-09 7.76461e-09 7.42669e-09 6.89752e-09 6.21152e-09 5.41397e-09 4.55814e-09 3.7004e-09 2.89335e-09 2.17856e-09 1.58124e-09 1.10882e-09 7.53734e-10 4.98788e-10 3.22925e-10 2.05642e-10 1.29513e-10 8.1082e-11 5.06797e-11 3.17318e-11 1.99493e-11 1.25959e-11 7.88661e-12 4.56155e-12 
9.42689e-13 1.53163e-12 2.35465e-12 3.73852e-12 6.15642e-12 1.03481e-11 1.75865e-11 3.01224e-11 5.19175e-11 8.97656e-11 1.54764e-10 2.63785e-10 4.40317e-10 7.13912e-10 1.11771e-09 1.68385e-09 2.43671e-09 3.38444e-09 4.51034e-09 5.7677e-09 7.08218e-09 8.36244e-09 9.51488e-09 1.04567e-08 1.11237e-08 1.14734e-08 1.14853e-08 1.11604e-08 1.0521e-08 9.60981e-09 8.48919e-09 7.23807e-09 5.94514e-09 4.69815e-09 3.57105e-09 2.6133e-09 1.84535e-09 1.26162e-09 8.38695e-10 5.44854e-10 3.47812e-10 2.19407e-10 1.3751e-10 8.60237e-11 5.3904e-11 3.39126e-11 2.1443e-11 1.35649e-11 8.27175e-12 4.25033e-12 
8.73319e-13 1.53163e-12 2.38512e-12 3.68743e-12 5.96011e-12 9.94101e-12 1.68433e-11 2.88074e-11 4.96319e-11 8.59465e-11 1.48865e-10 2.55909e-10 4.32617e-10 7.13104e-10 1.13915e-09 1.75774e-09 2.61666e-09 3.75559e-09 5.19085e-09 6.89671e-09 8.79362e-09 1.07537e-08 1.26232e-08 1.42514e-08 1.55131e-08 1.63188e-08 1.66173e-08 1.63938e-08 1.56675e-08 1.44909e-08 1.29493e-08 1.11575e-08 9.2513e-09 7.37147e-09 5.64256e-09 4.15329e-09 2.94649e-09 2.02175e-09 1.34763e-09 8.77139e-10 5.6062e-10 3.53926e-10 2.21948e-10 1.38938e-10 8.71502e-11 5.49061e-11 3.47806e-11 2.21174e-11 1.38705e-11 7.88661e-12 
1.44946e-12 2.38512e-12 3.61947e-12 5.65649e-12 9.25483e-12 1.55411e-11 2.64602e-11 4.55086e-11 7.89126e-11 1.37434e-10 2.38678e-10 4.09408e-10 6.87019e-10 1.11968e-09 1.76588e-09 2.69437e-09 3.98209e-09 5.70047e-09 7.88307e-09 1.0485e-08 1.33617e-08 1.62859e-08 1.89969e-08 2.12545e-08 2.28743e-08 2.37402e-08 2.38014e-08 2.30662e-08 2.15979e-08 1.95124e-08 1.6976e-08 1.41944e-08 1.13903e-08 8.76853e-09 6.48227e-09 4.6131e-09 3.1718e-09 2.1167e-09 1.37838e-09 8.80991e-10 5.56052e-10 3.48632e-10 2.18272e-10 1.37016e-10 8.64581e-11 5.48946e-11 3.50409e-11 2.23093e-11 1.35649e-11 6.93503e-12 
1.32683e-12 2.35465e-12 3.61947e-12 5.4444e-12 8.60089e-12 1.416e-11 2.38448e-11 4.0745e-11 7.0495e-11 1.23158e-10 2.15908e-10 3.7612e-10 6.4389e-10 1.07291e-09 1.7302e-09 2.6982e-09 4.08228e-09 6.01415e-09 8.62503e-09 1.19748e-08 1.59715e-08 2.03424e-08 2.46839e-08 2.85604e-08 3.16e-08 3.35445e-08 3.42585e-08 3.37159e-08 3.19861e-08 2.92259e-08 2.56758e-08 2.16467e-08 1.74876e-08 1.35322e-08 1.00407e-08 7.16185e-09 4.92971e-09 3.29036e-09 2.14143e-09 1.36729e-09 8.61955e-10 5.39863e-10 3.37807e-10 2.12103e-10 1.34012e-10 8.52934e-11 5.46423e-11 3.50893e-11 2.21174e-11 1.25959e-11 
2.25385e-12 3.68743e-12 5.4444e-12 8.21257e-12 1.30613e-11 2.1531e-11 3.62784e-11 6.21993e-11 1.08333e-10 1.90813e-10 3.36779e-10 5.88358e-10 1.00501e-09 1.66308e-09 2.65549e-09 4.10115e-09 6.16958e-09 9.09318e-09 1.3106e-08 1.82949e-08 2.4457e-08 3.10782e-08 3.74535e-08 4.28755e-08 4.67891e-08 4.88569e-08 4.89532e-08 4.71316e-08 4.35991e-08 3.87028e-08 3.29118e-08 2.67724e-08 2.08246e-08 1.5506e-08 1.10821e-08 7.63316e-09 5.09255e-09 3.31012e-09 2.10966e-09 1.32728e-09 8.29781e-10 5.18544e-10 3.25452e-10 2.05793e-10 1.31265e-10 8.43956e-11 5.45255e-11 3.50409e-11 2.1443e-11 1.10035e-11 
2.07738e-12 3.73852e-12 5.65649e-12 8.21257e-12 1.2461e-11 1.98563e-11 3.26752e-11 5.50349e-11 9.46958e-11 1.66103e-10 2.94942e-10 5.23762e-10 9.16935e-10 1.56213e-09 2.56741e-09 4.06242e-09 6.22485e-09 9.33903e-09 1.38165e-08 2.00533e-08 2.81376e-08 3.76268e-08 4.75713e-08 5.67711e-08 6.41118e-08 6.88028e-08 7.04489e-08 6.90104e-08 6.47386e-08 5.81311e-08 4.98969e-08 4.08896e-08 3.19806e-08 2.39005e-08 1.71161e-08 1.17957e-08 7.86417e-09 5.10311e-09 3.24481e-09 2.0361e-09 1.26972e-09 7.91901e-10 4.96495e-10 3.14015e-10 2.00646e-10 1.29442e-10 8.40723e-11 5.46423e-11 3.47806e-11 1.99493e-11 
3.63735e-12 5.96011e-12 8.60089e-12 1.2461e-11 1.89873e-11 3.0214e-11 4.95632e-11 8.34408e-11 1.44127e-10 2.54584e-10 4.55392e-10 8.12749e-10 1.42442e-09 2.41907e-09 3.94948e-09 6.19928e-09 9.44559e-09 1.41791e-08 2.11176e-08 3.08874e-08 4.34939e-08 5.80128e-08 7.27392e-08 8.56868e-08 9.51585e-08 1.00096e-07 1.00134e-07 9.5498e-08 8.68806e-08 7.5353e-08 6.22519e-08 4.89808e-08 3.67531e-08 2.63794e-08 1.81915e-08 1.21197e-08 7.85025e-09 4.97846e-09 3.11444e-09 1.93631e-09 1.20457e-09 7.53987e-10 4.767e-10 3.04973e-10 1.97344e-10 1.28811e-10 8.43956e-11 5.48946e-11 3.39126e-11 1.74789e-11 
3.35578e-12 6.15642e-12 9.25483e-12 1.30613e-11 1.89873e-11 2.89812e-11 4.59717e-11 7.51536e-11 1.26508e-10 2.19395e-10 3.90065e-10 7.02107e-10 1.25775e-09 2.20456e-09 3.73059e-09 6.05201e-09 9.43514e-09 1.43313e-08 2.15979e-08 3.24518e-08 4.7805e-08 6.73772e-08 8.93356e-08 1.10709e-07 1.28302e-07 1.3963e-07 1.43411e-07 1.39559e-07 1.28948e-07 1.1318e-07 9.43541e-08 7.47348e-08 5.63312e-08 4.05367e-08 2.79804e-08 1.86313e-08 1.20466e-08 7.6189e-09 4.75065e-09 2.94364e-09 1.82578e-09 1.14041e-09 7.20392e-10 4.61222e-10 2.99225e-10 1.96211e-10 1.29442e-10 8.52934e-11 5.49061e-11 3.17318e-11 
6.02784e-12 9.94101e-12 1.416e-11 1.98563e-11 2.89812e-11 4.42186e-11 6.98727e-11 1.13875e-10 1.91754e-10 3.33869e-10 5.9701e-10 1.08001e-09 1.93955e-09 3.39698e-09 5.72578e-09 9.23285e-09 1.4317e-08 2.17403e-08 3.29963e-08 5.00685e-08 7.41435e-08 1.04237e-07 1.36883e-07 1.67056e-07 1.89767e-07 2.01577e-07 2.01239e-07 1.89525e-07 1.68733e-07 1.42153e-07 1.1345e-07 8.5954e-08 6.20449e-08 4.28828e-08 2.8548e-08 1.84295e-08 1.16251e-08 7.22453e-09 4.46066e-09 2.75772e-09 1.71827e-09 1.08408e-09 6.94303e-10 4.51422e-10 2.97257e-10 1.97344e-10 1.31265e-10 8.64581e-11 5.3904e-11 2.78991e-11 
5.54994e-12 1.03481e-11 1.55411e-11 2.1531e-11 3.0214e-11 4.42186e-11 6.73467e-11 1.06005e-10 1.72323e-10 2.90385e-10 5.07489e-10 9.11885e-10 1.65592e-09 2.9779e-09 5.20739e-09 8.73997e-09 1.40143e-08 2.16508e-08 3.29655e-08 5.05171e-08 7.73791e-08 1.14829e-07 1.60389e-07 2.0778e-07 2.48755e-07 2.75815e-07 2.84611e-07 2.74699e-07 2.48951e-07 2.1242e-07 1.71053e-07 1.30382e-07 9.44675e-08 6.54133e-08 4.35568e-08 2.80848e-08 1.76733e-08 1.09481e-08 6.73576e-09 4.15026e-09 2.57905e-09 1.62474e-09 1.04062e-09 6.77852e-10 4.48073e-10 2.99225e-10 2.00646e-10 1.34012e-10 8.71502e-11 5.06797e-11 
1.0148e-11 1.68433e-11 2.38448e-11 3.26752e-11 4.59717e-11 6.73467e-11 1.02297e-10 1.60415e-10 2.60249e-10 4.38972e-10 7.6974e-10 1.38854e-09 2.52821e-09 4.54801e-09 7.93444e-09 1.32561e-08 2.11474e-08 3.26115e-08 4.99369e-08 7.73754e-08 1.19388e-07 1.76801e-07 2.44246e-07 3.10794e-07 3.63381e-07 3.91335e-07 3.90093e-07 3.61845e-07 3.13809e-07 2.55525e-07 1.96218e-07 1.42839e-07 9.9166e-08 6.60891e-08 4.25853e-08 2.67461e-08 1.65205e-08 1.01299e-08 6.22096e-09 3.85543e-09 2.42498e-09 1.55303e-09 1.01333e-09 6.7224e-10 4.51422e-10 3.04973e-10 2.05793e-10 1.37016e-10 8.60237e-11 4.4641e-11 
9.34159e-12 1.75865e-11 2.64602e-11 3.62784e-11 4.95632e-11 6.98727e-11 1.02297e-10 1.54866e-10 2.41997e-10 3.9197e-10 6.61826e-10 1.16381e-09 2.10559e-09 3.8396e-09 6.90191e-09 1.2003e-08 1.99549e-08 3.16919e-08 4.88869e-08 7.54771e-08 1.1822e-07 1.83038e-07 2.69091e-07 3.65816e-07 4.54973e-07 5.16827e-07 5.37471e-07 5.1438e-07 4.55944e-07 3.76765e-07 2.9213e-07 2.1398e-07 1.49109e-07 9.95507e-08 6.4155e-08 4.02415e-08 2.47977e-08 1.51599e-08 9.28156e-09 5.73761e-09 3.60338e-09 2.30759e-09 1.50819e-09 1.00404e-09 6.77852e-10 4.61222e-10 3.14015e-10 2.12103e-10 1.38938e-10 8.1082e-11 
1.72643e-11 2.88074e-11 4.0745e-11 5.50349e-11 7.51536e-11 1.06005e-10 1.54866e-10 2.33556e-10 3.63722e-10 5.88314e-10 9.94257e-10 1.75224e-09 3.17614e-09 5.79338e-09 1.03937e-08 1.80008e-08 2.97677e-08 4.71016e-08 7.28372e-08 1.1355e-07 1.79337e-07 2.77031e-07 4.01824e-07 5.34452e-07 6.46011e-07 7.08707e-07 7.07253e-07 6.46152e-07 5.45033e-07 4.28331e-07 3.16482e-07 2.21746e-07 1.48511e-07 9.58294e-08 6.00916e-08 3.69724e-08 2.255e-08 1.37708e-08 8.49411e-09 5.32793e-09 3.41255e-09 2.23449e-09 1.49295e-09 1.01333e-09 6.94303e-10 4.767e-10 3.25452e-10 2.18272e-10 1.3751e-10 7.13765e-11 
1.59533e-11 3.01224e-11 4.55086e-11 6.21993e-11 8.34408e-11 1.13875e-10 1.60415e-10 2.33556e-10 3.50715e-10 5.4434e-10 8.79305e-10 1.48698e-09 2.62424e-09 4.75978e-09 8.67172e-09 1.55047e-08 2.67101e-08 4.39149e-08 6.92882e-08 1.07601e-07 1.69284e-07 2.68164e-07 4.10189e-07 5.82748e-07 7.53315e-07 8.79238e-07 9.25704e-07 8.81682e-07 7.6608e-07 6.1412e-07 4.59673e-07 3.24786e-07 2.18671e-07 1.41523e-07 8.88476e-08 5.46476e-08 3.32857e-08 2.02907e-08 1.24962e-08 7.83244e-09 5.01969e-09 3.29419e-09 2.2097e-09 1.50819e-09 1.04062e-09 7.20392e-10 4.96495e-10 3.37807e-10 2.21948e-10 1.29513e-10 
2.96307e-11 4.96319e-11 7.0495e-11 9.46958e-11 1.26508e-10 1.72323e-10 2.41997e-10 3.50715e-10 5.24132e-10 8.1069e-10 1.30771e-09 2.2118e-09 3.90469e-09 7.07566e-09 1.28521e-08 2.28586e-08 3.91102e-08 6.38898e-08 1.0058e-07 1.56927e-07 2.48214e-07 3.91031e-07 5.86648e-07 8.09405e-07 1.00933e-06 1.13014e-06 1.13645e-06 1.03018e-06 8.51096e-07 6.50102e-07 4.65524e-07 3.16194e-07 2.05802e-07 1.29636e-07 7.98557e-08 4.86477e-08 2.96386e-08 1.82422e-08 1.14347e-08 7.33776e-09 4.82929e-09 3.25414e-09 2.23449e-09 1.55303e-09 1.08408e-09 7.53987e-10 5.18544e-10 3.48632e-10 2.19407e-10 1.13576e-10 
2.75763e-11 5.19175e-11 7.89126e-11 1.08333e-10 1.44127e-10 1.91754e-10 2.60249e-10 3.63722e-10 5.24132e-10 7.7916e-10 1.20074e-09 1.93361e-09 3.26843e-09 5.76359e-09 1.04131e-08 1.88118e-08 3.32021e-08 5.63069e-08 9.12946e-08 1.43362e-07 2.24194e-07 3.53592e-07 5.47301e-07 7.95939e-07 1.05612e-06 1.26124e-06 1.34924e-06 1.2946e-06 1.11896e-06 8.82921e-07 6.46349e-07 4.45556e-07 2.92928e-07 1.85772e-07 1.14927e-07 7.01822e-08 4.28118e-08 2.63728e-08 1.65518e-08 1.06462e-08 7.03345e-09 4.765e-09 3.29419e-09 2.30759e-09 1.62474e-09 1.14041e-09 7.91901e-10 5.39863e-10 3.53926e-10 2.05642e-10 
5.11906e-11 8.59465e-11 1.23158e-10 1.66103e-10 2.19395e-10 2.90385e-10 3.9197e-10 5.4434e-10 7.7916e-10 1.15149e-09 1.76736e-09 2.83969e-09 4.79153e-09 8.42297e-09 1.51304e-08 2.70982e-08 4.73053e-08 7.92917e-08 1.27333e-07 1.98938e-07 3.09589e-07 4.80166e-07 7.18538e-07 9.98859e-07 1.26253e-06 1.43863e-06 1.4723e-06 1.35507e-06 1.12538e-06 8.54873e-07 6.04419e-07 4.04384e-07 2.59638e-07 1.62008e-07 9.95114e-08 6.09436e-08 3.76559e-08 2.37044e-08 1.53048e-08 1.01632e-08 6.93091e-09 4.82929e-09 3.41255e-09 2.42498e-09 1.71827e-09 1.20457e-09 8.29781e-10 5.56052e-10 3.47812e-10 1.79011e-10 
4.80321e-11 8.97656e-11 1.37434e-10 1.90813e-10 2.54584e-10 3.33869e-10 4.38972e-10 5.88314e-10 8.1069e-10 1.15149e-09 1.6906e-09 2.58272e-09 4.13651e-09 6.95505e-09 1.21532e-08 2.16229e-08 3.82224e-08 6.5694e-08 1.08362e-07 1.71591e-07 2.64797e-07 4.04296e-07 6.0435e-07 8.57229e-07 1.12344e-06 1.34588e-06 1.46795e-06 1.45079e-06 1.29698e-06 1.04706e-06 7.73578e-07 5.33676e-07 3.50165e-07 2.21901e-07 1.37819e-07 8.50856e-08 5.29014e-08 3.34879e-08 2.17503e-08 1.45445e-08 1.00008e-08 7.03345e-09 5.01969e-09 3.60338e-09 2.57905e-09 1.82578e-09 1.26972e-09 8.61955e-10 5.6062e-10 3.22925e-10 
8.8614e-11 1.48865e-10 2.15908e-10 2.94942e-10 3.90065e-10 5.07489e-10 6.61826e-10 8.79305e-10 1.20074e-09 1.6906e-09 2.4635e-09 3.74208e-09 5.96482e-09 9.96694e-09 1.72417e-08 3.02222e-08 5.23996e-08 8.80728e-08 1.41937e-07 2.19613e-07 3.2992e-07 4.83506e-07 6.79991e-07 8.97795e-07 1.10056e-06 1.25223e-06 1.32276e-06 1.2842e-06 1.13318e-06 9.02402e-07 6.5746e-07 4.48175e-07 2.91758e-07 1.84754e-07 1.15704e-07 7.2737e-08 4.64777e-08 3.04601e-08 2.05645e-08 1.42894e-08 1.01632e-08 7.33776e-09 5.32793e-09 3.85543e-09 2.75772e-09 1.93631e-09 1.32728e-09 8.80991e-10 5.44854e-10 2.78027e-10 
8.36438e-11 1.54764e-10 2.38678e-10 3.36779e-10 4.55392e-10 5.9701e-10 7.6974e-10 9.94257e-10 1.30771e-09 1.76736e-09 2.4635e-09 3.55794e-09 5.36465e-09 8.4885e-09 1.40386e-08 2.39012e-08 4.09618e-08 6.90294e-08 1.12291e-07 1.74649e-07 2.59844e-07 3.71861e-07 5.10742e-07 6.64389e-07 8.10343e-07 9.2861e-07 1.01188e-06 1.05219e-06 1.02123e-06 9.06215e-07 7.25788e-07 5.29711e-07 3.61362e-07 2.36504e-07 1.51716e-07 9.71389e-08 6.30076e-08 4.18533e-08 2.86326e-08 2.01677e-08 1.45445e-08 1.06462e-08 7.83244e-09 5.73761e-09 4.15026e-09 2.94364e-09 2.0361e-09 1.36729e-09 8.77139e-10 4.98788e-10 
1.52477e-10 2.55909e-10 3.7612e-10 5.23762e-10 7.02107e-10 9.11885e-10 1.16381e-09 1.48698e-09 1.93361e-09 2.58272e-09 3.55794e-09 5.08224e-09 7.5848e-09 1.18636e-08 1.92995e-08 3.20615e-08 5.3132e-08 8.58636e-08 1.3306e-07 1.96202e-07 2.75118e-07 3.68238e-07 4.70286e-07 5.67018e-07 6.40673e-07 6.88112e-07 7.22099e-07 7.4741e-07 7.38315e-07 6.72947e-07 5.5193e-07 4.08996e-07 2.83147e-07 1.88976e-07 1.24615e-07 8.27439e-08 5.60754e-08 3.90782e-08 2.80225e-08 2.05645e-08 1.53048e-08 1.14347e-08 8.49411e-09 6.22096e-09 4.46066e-09 3.11444e-09 2.10966e-09 1.37838e-09 8.38695e-10 4.23287e-10 
1.44109e-10 2.63785e-10 4.09408e-10 5.88358e-10 8.12749e-10 1.08001e-09 1.38854e-09 1.75224e-09 2.2118e-09 2.83969e-09 3.74208e-09 5.08224e-09 7.15542e-09 1.052e-08 1.61563e-08 2.56095e-08 4.09919e-08 6.46481e-08 9.83458e-08 1.42659e-07 1.96544e-07 2.57887e-07 3.25999e-07 3.95178e-07 4.48533e-07 4.7172e-07 4.71071e-07 4.71064e-07 4.89429e-07 5.00461e-07 4.74022e-07 4.02177e-07 3.06833e-07 2.1864e-07 1.51082e-07 1.04002e-07 7.26116e-08 5.1943e-08 3.81544e-08 2.86326e-08 2.17503e-08 1.65518e-08 1.24962e-08 9.28156e-09 6.73576e-09 4.75065e-09 3.24481e-09 2.14143e-09 1.34763e-09 7.53734e-10 
2.58197e-10 4.32617e-10 6.4389e-10 9.16935e-10 1.25775e-09 1.65592e-09 2.10559e-09 2.62424e-09 3.26843e-09 4.13651e-09 5.36465e-09 7.15542e-09 9.87433e-09 1.41899e-08 2.11675e-08 3.22309e-08 4.88338e-08 7.19217e-08 1.01783e-07 1.38191e-07 1.80754e-07 2.3085e-07 2.88988e-07 3.42361e-07 3.69033e-07 3.57858e-07 3.22289e-07 2.97595e-07 3.09875e-07 3.2817e-07 3.2289e-07 2.85743e-07 2.27093e-07 1.69012e-07 1.22931e-07 8.97039e-08 6.66168e-08 5.05714e-08 3.90782e-08 3.04601e-08 2.37044e-08 1.82422e-08 1.37708e-08 1.01299e-08 7.22453e-09 4.97846e-09 3.31012e-09 2.1167e-09 1.26162e-09 6.28631e-10 
2.42917e-10 4.40317e-10 6.87019e-10 1.00501e-09 1.42442e-09 1.93955e-09 2.52821e-09 3.17614e-09 3.90469e-09 4.79153e-09 5.96482e-09 7.5848e-09 9.87433e-09 1.32326e-08 1.8348e-08 2.61393e-08 3.74843e-08 5.28678e-08 7.29549e-08 9.883e-08 1.32687e-07 1.78048e-07 2.37942e-07 3.02898e-07 3.49189e-07 3.52449e-07 3.10282e-07 2.43678e-07 1.94474e-07 1.94766e-07 2.12089e-07 2.17689e-07 2.01513e-07 1.68509e-07 1.33201e-07 1.03747e-07 8.13174e-08 6.46336e-08 5.1943e-08 4.18533e-08 3.34879e-08 2.63728e-08 2.02907e-08 1.51599e-08 1.09481e-08 7.6189e-09 5.10311e-09 3.29036e-09 2.02175e-09 1.10882e-09 
4.26006e-10 7.13104e-10 1.07291e-09 1.56213e-09 2.20456e-09 2.9779e-09 3.8396e-09 4.75978e-09 5.76359e-09 6.95505e-09 8.4885e-09 1.052e-08 1.32326e-08 1.69555e-08 2.22076e-08 2.94881e-08 3.92784e-08 5.30427e-08 7.34939e-08 1.04536e-07 1.5159e-07 2.20186e-07 3.04701e-07 3.80225e-07 4.15546e-07 3.88294e-07 3.11265e-07 2.13082e-07 1.35699e-07 1.20285e-07 1.3704e-07 1.48008e-07 1.43268e-07 1.27732e-07 1.09325e-07 9.26061e-08 7.85522e-08 6.66168e-08 5.60754e-08 4.64777e-08 3.76559e-08 2.96386e-08 2.255e-08 1.65205e-08 1.16251e-08 7.85025e-09 5.09255e-09 3.1718e-09 1.84535e-09 9.0677e-10 
3.96725e-10 7.13912e-10 1.11968e-09 1.66308e-09 2.41907e-09 3.39698e-09 4.54801e-09 5.79338e-09 7.07566e-09 8.42297e-09 9.96694e-09 1.18636e-08 1.41899e-08 1.69555e-08 2.02335e-08 2.42104e-08 2.94953e-08 3.88487e-08 5.6275e-08 8.62242e-08 1.35063e-07 2.09859e-07 3.12019e-07 4.20368e-07 4.9721e-07 5.08094e-07 4.41134e-07 3.2757e-07 2.01245e-07 1.001e-07 7.01664e-08 8.93107e-08 1.02624e-07 1.04489e-07 1.01279e-07 9.56056e-08 8.8944e-08 8.13174e-08 7.26116e-08 6.30076e-08 5.29014e-08 4.28118e-08 3.32857e-08 2.47977e-08 1.76733e-08 1.20466e-08 7.86417e-09 4.92971e-09 2.94649e-09 1.58124e-09 
6.79311e-10 1.13915e-09 1.7302e-09 2.56741e-09 3.73059e-09 5.20739e-09 6.90191e-09 8.67172e-09 1.04131e-08 1.21532e-08 1.40386e-08 1.61563e-08 1.8348e-08 2.02335e-08 2.15006e-08 2.27783e-08 2.83284e-08 4.3468e-08 7.18265e-08 1.18664e-07 1.93143e-07 2.99026e-07 4.25905e-07 5.38678e-07 5.96627e-07 5.70619e-07 4.67407e-07 3.28958e-07 1.86825e-07 7.65141e-08 3.67422e-08 6.04574e-08 7.36799e-08 8.04059e-08 8.62714e-08 9.11044e-08 9.26061e-08 8.97039e-08 8.27439e-08 7.2737e-08 6.09436e-08 4.86477e-08 3.69724e-08 2.67461e-08 1.84295e-08 1.21197e-08 7.63316e-09 4.6131e-09 2.6133e-09 1.266e-09 
6.23155e-10 1.11771e-09 1.76588e-09 2.65549e-09 3.94948e-09 5.72578e-09 7.93444e-09 1.03937e-08 1.28521e-08 1.51304e-08 1.72417e-08 1.92995e-08 2.11675e-08 2.22076e-08 2.15006e-08 1.91838e-08 2.0728e-08 3.37936e-08 5.91068e-08 1.00841e-07 1.66472e-07 2.62594e-07 3.82078e-07 5.03382e-07 5.9034e-07 6.12522e-07 5.57052e-07 4.41388e-07 2.99362e-07 1.63421e-07 6.14526e-08 2.46699e-08 4.59912e-08 5.72375e-08 6.72681e-08 8.1349e-08 9.56056e-08 1.03747e-07 1.04002e-07 9.71389e-08 8.50856e-08 7.01822e-08 5.46476e-08 4.02415e-08 2.80848e-08 1.86313e-08 1.17957e-08 7.16185e-09 4.15329e-09 2.17856e-09 
1.04111e-09 1.75774e-09 2.6982e-09 4.06242e-09 6.05201e-09 8.73997e-09 1.2003e-08 1.55047e-08 1.88118e-08 2.16229e-08 2.39012e-08 2.56095e-08 2.61393e-08 2.42104e-08 1.91838e-08 1.64341e-08 2.68816e-08 4.86642e-08 8.24365e-08 1.35064e-07 2.10866e-07 3.07562e-07 4.07611e-07 4.90663e-07 5.34652e-07 5.27427e-07 4.66455e-07 3.64674e-07 2.44093e-07 1.32663e-07 5.61352e-08 3.35009e-08 4.2639e-08 4.96396e-08 6.30381e-08 8.62714e-08 1.09325e-07 1.22931e-07 1.24615e-07 1.15704e-07 9.95114e-08 7.98557e-08 6.00916e-08 4.25853e-08 2.8548e-08 1.81915e-08 1.10821e-08 6.48227e-09 3.57105e-09 1.7067e-09 
9.36985e-10 1.68385e-09 2.69437e-09 4.10115e-09 6.19928e-09 9.23285e-09 1.32561e-08 1.80008e-08 2.28586e-08 2.70982e-08 3.02222e-08 3.20615e-08 3.22309e-08 2.94881e-08 2.27783e-08 1.64341e-08 2.31103e-08 4.10765e-08 6.65156e-08 1.04033e-07 1.58034e-07 2.25185e-07 2.96113e-07 3.55782e-07 3.94875e-07 4.06611e-07 3.87214e-07 3.37227e-07 2.63016e-07 1.76477e-07 1.03987e-07 5.91863e-08 4.52709e-08 4.3929e-08 4.75168e-08 6.72681e-08 1.01279e-07 1.33201e-07 1.51082e-07 1.51716e-07 1.37819e-07 1.14927e-07 8.88476e-08 6.4155e-08 4.35568e-08 2.79804e-08 1.71161e-08 1.00407e-08 5.64256e-09 2.89335e-09 
1.52878e-09 2.61666e-09 4.08228e-09 6.22485e-09 9.43514e-09 1.40143e-08 1.99549e-08 2.67101e-08 3.32021e-08 3.82224e-08 4.09618e-08 4.09919e-08 3.74843e-08 2.94953e-08 2.0728e-08 2.31103e-08 3.69527e-08 5.49822e-08 7.88096e-08 1.12378e-07 1.54601e-07 1.97796e-07 2.36329e-07 2.62946e-07 2.75464e-07 2.71211e-07 2.49675e-07 2.12963e-07 1.65212e-07 1.18622e-07 8.54333e-08 6.51078e-08 5.29087e-08 4.47794e-08 4.96396e-08 8.04059e-08 1.27732e-07 1.69012e-07 1.88976e-07 1.84754e-07 1.62008e-07 1.29636e-07 9.58294e-08 6.60891e-08 4.28828e-08 2.63794e-08 1.5506e-08 8.76853e-09 4.69815e-09 2.21884e-09 
1.34546e-09 2.43671e-09 3.98209e-09 6.16958e-09 9.44559e-09 1.4317e-08 2.11474e-08 2.97677e-08 3.91102e-08 4.73053e-08 5.23996e-08 5.3132e-08 4.88338e-08 3.92784e-08 2.83284e-08 2.68816e-08 3.69527e-08 4.88262e-08 6.15163e-08 7.90672e-08 1.0175e-07 1.26523e-07 1.4825e-07 1.65644e-07 1.75148e-07 1.75039e-07 1.64317e-07 1.44346e-07 1.19083e-07 9.58965e-08 8.12951e-08 7.6577e-08 6.95226e-08 5.53724e-08 4.3929e-08 5.72375e-08 1.04489e-07 1.68509e-07 2.1864e-07 2.36504e-07 2.21901e-07 1.85772e-07 1.41523e-07 9.95507e-08 6.54133e-08 4.05367e-08 2.39005e-08 1.35322e-08 7.37147e-09 3.7004e-09 
2.1483e-09 3.75559e-09 6.01415e-09 9.33903e-09 1.43313e-08 2.16508e-08 3.16919e-08 4.39149e-08 5.63069e-08 6.5694e-08 6.90294e-08 6.46481e-08 5.28678e-08 3.88487e-08 3.37936e-08 4.10765e-08 4.88262e-08 5.27105e-08 5.7835e-08 6.7288e-08 7.93874e-08 9.17567e-08 1.01505e-07 1.08251e-07 1.09409e-07 1.03862e-07 9.18897e-08 7.621e-08 6.26155e-08 5.69757e-08 6.29285e-08 7.37846e-08 7.10581e-08 5.29087e-08 4.2639e-08 7.36799e-08 1.43268e-07 2.27093e-07 2.83147e-07 2.91758e-07 2.59638e-07 2.05802e-07 1.48511e-07 9.9166e-08 6.20449e-08 3.67531e-08 2.08246e-08 1.13903e-08 5.94514e-09 2.78166e-09 
1.84415e-09 3.38444e-09 5.70047e-09 9.09318e-09 1.41791e-08 2.17403e-08 3.26115e-08 4.71016e-08 6.38898e-08 7.92917e-08 8.80728e-08 8.58636e-08 7.19217e-08 5.30427e-08 4.3468e-08 4.86642e-08 5.49822e-08 5.27105e-08 4.7656e-08 4.68857e-08 5.11582e-08 5.71661e-08 6.29106e-08 6.67041e-08 6.79655e-08 6.52493e-08 5.82771e-08 4.8207e-08 3.85138e-08 3.47719e-08 4.14666e-08 5.70796e-08 7.33964e-08 6.95226e-08 4.52709e-08 4.59912e-08 1.02624e-07 2.01513e-07 3.06833e-07 3.61362e-07 3.50165e-07 2.92928e-07 2.18671e-07 1.49109e-07 9.44675e-08 5.63312e-08 3.19806e-08 1.74876e-08 9.2513e-09 4.55814e-09 
2.88939e-09 5.19085e-09 8.62503e-09 1.38165e-08 2.15979e-08 3.29655e-08 4.88869e-08 6.92882e-08 9.12946e-08 1.08362e-07 1.12291e-07 9.83458e-08 7.29549e-08 5.6275e-08 5.91068e-08 6.65156e-08 6.15163e-08 4.7656e-08 3.76385e-08 3.5254e-08 3.73002e-08 4.00972e-08 4.23624e-08 4.3033e-08 4.16784e-08 3.77346e-08 3.155e-08 2.48697e-08 2.17575e-08 2.68614e-08 3.85616e-08 5.61211e-08 7.37846e-08 6.51078e-08 3.35009e-08 6.04574e-08 1.48008e-07 2.85743e-07 4.08996e-07 4.48175e-07 4.04384e-07 3.16194e-07 2.21746e-07 1.42839e-07 8.5954e-08 4.89808e-08 2.67724e-08 1.41944e-08 7.23807e-09 3.36562e-09 
2.41495e-09 4.51034e-09 7.88307e-09 1.3106e-08 2.11176e-08 3.29963e-08 4.99369e-08 7.28372e-08 1.0058e-07 1.27333e-07 1.41937e-07 1.3306e-07 1.01783e-07 7.34939e-08 7.18265e-08 8.24365e-08 7.88096e-08 5.7835e-08 3.76385e-08 2.82577e-08 2.63535e-08 2.71933e-08 2.81855e-08 2.85547e-08 2.77183e-08 2.54723e-08 2.18118e-08 1.76479e-08 1.55884e-08 1.90909e-08 2.72636e-08 3.85543e-08 5.70796e-08 7.6577e-08 5.91863e-08 2.46699e-08 8.93107e-08 2.17689e-07 4.02177e-07 5.29711e-07 5.33676e-07 4.45556e-07 3.24786e-07 2.1398e-07 1.30382e-07 7.47348e-08 4.08896e-08 2.16467e-08 1.11575e-08 5.41397e-09 
3.72328e-09 6.89671e-09 1.19748e-08 2.00533e-08 3.24518e-08 5.05171e-08 7.54771e-08 1.07601e-07 1.43362e-07 1.71591e-07 1.74649e-07 1.42659e-07 9.883e-08 8.62242e-08 1.00841e-07 1.04033e-07 7.90672e-08 4.68857e-08 2.82577e-08 2.15846e-08 2.01638e-08 2.0214e-08 2.01717e-08 1.96095e-08 1.82538e-08 1.61321e-08 1.37373e-08 1.26577e-08 1.50491e-08 2.0677e-08 2.79741e-08 3.85616e-08 6.29285e-08 8.54333e-08 5.61352e-08 3.67422e-08 1.3704e-07 3.2289e-07 5.5193e-07 6.5746e-07 6.04419e-07 4.65524e-07 3.16482e-07 1.96218e-07 1.1345e-07 6.22519e-08 3.29118e-08 1.6976e-08 8.48919e-09 3.93609e-09 
3.02728e-09 5.7677e-09 1.0485e-08 1.82949e-08 3.08874e-08 5.00685e-08 7.73754e-08 1.1355e-07 1.56927e-07 1.98938e-07 2.19613e-07 1.96202e-07 1.38191e-07 1.04536e-07 1.18664e-07 1.35064e-07 1.12378e-07 6.7288e-08 3.5254e-08 2.15846e-08 1.71177e-08 1.59087e-08 1.54623e-08 1.49034e-08 1.40137e-08 1.27455e-08 1.14083e-08 1.09128e-08 1.25492e-08 1.64471e-08 2.14806e-08 2.72636e-08 4.14666e-08 8.12951e-08 1.03987e-07 6.14526e-08 7.01664e-08 2.12089e-07 4.74022e-07 7.25788e-07 7.73578e-07 6.46349e-07 4.59673e-07 2.9213e-07 1.71053e-07 9.43541e-08 4.98969e-08 2.56758e-08 1.29493e-08 6.21152e-09 
4.60455e-09 8.79362e-09 1.59715e-08 2.81376e-08 4.7805e-08 7.73791e-08 1.1822e-07 1.69284e-07 2.24194e-07 2.64797e-07 2.59844e-07 1.96544e-07 1.32687e-07 1.35063e-07 1.66472e-07 1.58034e-07 1.0175e-07 5.11582e-08 2.63535e-08 1.71177e-08 1.40496e-08 1.29238e-08 1.22291e-08 1.14901e-08 1.06402e-08 9.8339e-09 9.59232e-09 1.06893e-08 1.33958e-08 1.7051e-08 2.0677e-08 2.68614e-08 5.69757e-08 1.18622e-07 1.32663e-07 7.65141e-08 1.20285e-07 3.2817e-07 6.72947e-07 9.02402e-07 8.54873e-07 6.50102e-07 4.28331e-07 2.55525e-07 1.42153e-07 7.5353e-08 3.87028e-08 1.95124e-08 9.60981e-09 4.45732e-09 
3.64225e-09 7.08218e-09 1.33617e-08 2.4457e-08 4.34939e-08 7.41435e-08 1.19388e-07 1.79337e-07 2.48214e-07 3.09589e-07 3.2992e-07 2.75118e-07 1.80754e-07 1.5159e-07 1.93143e-07 2.10866e-07 1.54601e-07 7.93874e-08 3.73002e-08 2.01638e-08 1.40496e-08 1.18233e-08 1.07656e-08 9.99431e-09 9.27844e-09 8.68178e-09 8.49171e-09 9.18531e-09 1.10466e-08 1.37594e-08 1.64471e-08 1.90909e-08 3.47719e-08 9.58965e-08 1.76477e-07 1.63421e-07 1.001e-07 1.94766e-07 5.00461e-07 9.06215e-07 1.04706e-06 8.82921e-07 6.1412e-07 3.76765e-07 2.1242e-07 1.1318e-07 5.81311e-08 2.92259e-08 1.44909e-08 6.89752e-09 
5.47686e-09 1.07537e-08 2.03424e-08 3.76268e-08 6.73772e-08 1.14829e-07 1.83038e-07 2.68164e-07 3.53592e-07 4.04296e-07 3.71861e-07 2.57887e-07 1.78048e-07 2.09859e-07 2.62594e-07 2.25185e-07 1.26523e-07 5.71661e-08 2.71933e-08 1.59087e-08 1.18233e-08 1.01198e-08 9.14004e-09 8.39803e-09 7.82721e-09 7.58198e-09 7.95868e-09 9.20556e-09 1.12175e-08 1.33958e-08 1.50491e-08 2.17575e-08 6.26155e-08 1.65212e-07 2.44093e-07 1.86825e-07 1.35699e-07 3.09875e-07 7.38315e-07 1.13318e-06 1.12538e-06 8.51096e-07 5.45033e-07 3.13809e-07 1.68733e-07 8.68806e-08 4.35991e-08 2.15979e-08 1.0521e-08 4.89585e-09 
4.21827e-09 8.36244e-09 1.62859e-08 3.10782e-08 5.80128e-08 1.04237e-07 1.76801e-07 2.77031e-07 3.91031e-07 4.80166e-07 4.83506e-07 3.68238e-07 2.3085e-07 2.20186e-07 2.99026e-07 3.07562e-07 1.97796e-07 9.17567e-08 4.00972e-08 2.0214e-08 1.29238e-08 1.01198e-08 8.75025e-09 7.86127e-09 7.22021e-09 6.86709e-09 6.98617e-09 7.77584e-09 9.24483e-09 1.10466e-08 1.25492e-08 1.55884e-08 3.85138e-08 1.19083e-07 2.63016e-07 2.99362e-07 2.01245e-07 1.94474e-07 4.89429e-07 1.02123e-06 1.29698e-06 1.11896e-06 7.6608e-07 4.55944e-07 2.48951e-07 1.28948e-07 6.47386e-08 3.19861e-08 1.56675e-08 7.42669e-09 
6.28102e-09 1.26232e-08 2.46839e-08 4.75713e-08 8.93356e-08 1.60389e-07 2.69091e-07 4.10189e-07 5.47301e-07 6.0435e-07 5.10742e-07 3.25999e-07 2.37942e-07 3.12019e-07 3.82078e-07 2.96113e-07 1.4825e-07 6.29106e-08 2.81855e-08 1.54623e-08 1.07656e-08 8.75025e-09 7.60626e-09 6.82989e-09 6.346e-09 6.25016e-09 6.69273e-09 7.73379e-09 9.20556e-09 1.06893e-08 1.26577e-08 2.48697e-08 7.621e-08 2.12963e-07 3.64674e-07 3.28958e-07 2.13082e-07 2.97595e-07 7.4741e-07 1.2842e-06 1.35507e-06 1.03018e-06 6.46152e-07 3.61845e-07 1.89525e-07 9.5498e-08 4.71316e-08 2.30662e-08 1.11604e-08 5.22308e-09 
4.71642e-09 9.51488e-09 1.89969e-08 3.74535e-08 7.27392e-08 1.36883e-07 2.44246e-07 4.01824e-07 5.86648e-07 7.18538e-07 6.79991e-07 4.70286e-07 2.88988e-07 3.04701e-07 4.25905e-07 4.07611e-07 2.36329e-07 1.01505e-07 4.23624e-08 2.01717e-08 1.22291e-08 9.14004e-09 7.60626e-09 6.63927e-09 6.00804e-09 5.72836e-09 5.90212e-09 6.6044e-09 7.77584e-09 9.18531e-09 1.09128e-08 1.76479e-08 4.8207e-08 1.44346e-07 3.37227e-07 4.41388e-07 3.2757e-07 2.43678e-07 4.71064e-07 1.05219e-06 1.45079e-06 1.2946e-06 8.81682e-07 5.1438e-07 2.74699e-07 1.39559e-07 6.90104e-08 3.37159e-08 1.63938e-08 7.76461e-09 
6.96252e-09 1.42514e-08 2.85604e-08 5.67711e-08 1.10709e-07 2.0778e-07 3.65816e-07 5.82748e-07 7.95939e-07 8.57229e-07 6.64389e-07 3.95178e-07 3.02898e-07 4.20368e-07 5.03382e-07 3.55782e-07 1.65644e-07 6.67041e-08 2.85547e-08 1.49034e-08 9.99431e-09 7.86127e-09 6.63927e-09 5.84251e-09 5.39662e-09 5.35617e-09 5.78936e-09 6.69273e-09 7.95868e-09 9.59232e-09 1.37373e-08 3.155e-08 9.18897e-08 2.49675e-07 4.66455e-07 4.67407e-07 3.11265e-07 3.22289e-07 7.22099e-07 1.32276e-06 1.4723e-06 1.13645e-06 7.07253e-07 3.90093e-07 2.01239e-07 1.00134e-07 4.89532e-08 2.38014e-08 1.14853e-08 5.41707e-09 
5.10428e-09 1.04567e-08 2.12545e-08 4.28755e-08 8.56868e-08 1.67056e-07 3.10794e-07 5.34452e-07 8.09405e-07 9.98859e-07 8.97795e-07 5.67018e-07 3.42361e-07 3.80225e-07 5.38678e-07 4.90663e-07 2.62946e-07 1.08251e-07 4.3033e-08 1.96095e-08 1.14901e-08 8.39803e-09 6.82989e-09 5.84251e-09 5.23597e-09 5.01534e-09 5.23143e-09 5.90212e-09 6.98617e-09 8.49171e-09 1.14083e-08 2.18118e-08 5.82771e-08 1.64317e-07 3.87214e-07 5.57052e-07 4.41134e-07 3.10282e-07 4.71071e-07 1.01188e-06 1.46795e-06 1.34924e-06 9.25704e-07 5.37471e-07 2.84611e-07 1.43411e-07 7.04489e-08 3.42585e-08 1.66173e-08 7.88928e-09 
7.47677e-09 1.55131e-08 3.16e-08 6.41118e-08 1.28302e-07 2.48755e-07 4.54973e-07 7.53315e-07 1.05612e-06 1.12344e-06 8.10343e-07 4.48533e-07 3.49189e-07 4.9721e-07 5.9034e-07 3.94875e-07 1.75148e-07 6.79655e-08 2.77183e-08 1.40137e-08 9.27844e-09 7.22021e-09 6.00804e-09 5.23597e-09 4.85203e-09 4.8853e-09 5.35617e-09 6.25016e-09 7.58198e-09 9.8339e-09 1.61321e-08 3.77346e-08 1.03862e-07 2.71211e-07 5.27427e-07 5.70619e-07 3.88294e-07 3.57858e-07 6.88112e-07 1.25223e-06 1.43863e-06 1.13014e-06 7.08707e-07 3.91335e-07 2.01577e-07 1.00096e-07 4.88569e-08 2.37402e-08 1.14734e-08 5.4638e-09 
5.35811e-09 1.11237e-08 2.28743e-08 4.67891e-08 9.51585e-08 1.89767e-07 3.63381e-07 6.46011e-07 1.00933e-06 1.26253e-06 1.10056e-06 6.40673e-07 3.69033e-07 4.15546e-07 5.96627e-07 5.34652e-07 2.75464e-07 1.09409e-07 4.16784e-08 1.82538e-08 1.06402e-08 7.82721e-09 6.346e-09 5.39662e-09 4.85203e-09 4.72007e-09 5.01534e-09 5.72836e-09 6.86709e-09 8.68178e-09 1.27455e-08 2.54723e-08 6.52493e-08 1.75039e-07 4.06611e-07 6.12522e-07 5.08094e-07 3.52449e-07 4.7172e-07 9.2861e-07 1.34588e-06 1.26124e-06 8.79238e-07 5.16827e-07 2.75815e-07 1.3963e-07 6.88028e-08 3.35445e-08 1.63188e-08 7.7918e-09 
7.7918e-09 1.63188e-08 3.35445e-08 6.88028e-08 1.3963e-07 2.75815e-07 5.16827e-07 8.79238e-07 1.26124e-06 1.34588e-06 9.2861e-07 4.7172e-07 3.52449e-07 5.08094e-07 6.12522e-07 4.06611e-07 1.75039e-07 6.52493e-08 2.54723e-08 1.27455e-08 8.68178e-09 6.86709e-09 5.72836e-09 5.01534e-09 4.72007e-09 4.85203e-09 5.39662e-09 6.346e-09 7.82721e-09 1.06402e-08 1.82538e-08 4.16784e-08 1.09409e-07 2.75464e-07 5.34652e-07 5.96627e-07 4.15546e-07 3.69033e-07 6.40673e-07 1.10056e-06 1.26253e-06 1.00933e-06 6.46011e-07 3.63381e-07 1.89767e-07 9.51585e-08 4.67891e-08 2.28743e-08 1.11237e-08 5.35811e-09 
5.4638e-09 1.14734e-08 2.37402e-08 4.88569e-08 1.00096e-07 2.01577e-07 3.91335e-07 7.08707e-07 1.13014e-06 1.43863e-06 1.25223e-06 6.88112e-07 3.57858e-07 3.88294e-07 5.70619e-07 5.27427e-07 2.71211e-07 1.03862e-07 3.77346e-08 1.61321e-08 9.8339e-09 7.58198e-09 6.25016e-09 5.35617e-09 4.8853e-09 4.85203e-09 5.23597e-09 6.00804e-09 7.22021e-09 9.27844e-09 1.40137e-08 2.77183e-08 6.79655e-08 1.75148e-07 3.94875e-07 5.9034e-07 4.9721e-07 3.49189e-07 4.48533e-07 8.10343e-07 1.12344e-06 1.05612e-06 7.53315e-07 4.54973e-07 2.48755e-07 1.28302e-07 6.41118e-08 3.16e-08 1.55131e-08 7.47677e-09 
7.88928e-09 1.66173e-08 3.42585e-08 7.04489e-08 1.43411e-07 2.84611e-07 5.37471e-07 9.25704e-07 1.34924e-06 1.46795e-06 1.01188e-06 4.71071e-07 3.10282e-07 4.41134e-07 5.57052e-07 3.87214e-07 1.64317e-07 5.82771e-08 2.18118e-08 1.14083e-08 8.49171e-09 6.98617e-09 5.90212e-09 5.23143e-09 5.01534e-09 5.23597e-09 5.84251e-09 6.82989e-09 8.39803e-09 1.14901e-08 1.96095e-08 4.3033e-08 1.08251e-07 2.62946e-07 4.90663e-07 5.38678e-07 3.80225e-07 3.42361e-07 5.67018e-07 8.97795e-07 9.98859e-07 8.09405e-07 5.34452e-07 3.10794e-07 1.67056e-07 8.56868e-08 4.28755e-08 2.12545e-08 1.04567e-08 5.10428e-09 
5.41707e-09 1.14853e-08 2.38014e-08 4.89532e-08 1.00134e-07 2.01239e-07 3.90093e-07 7.07253e-07 1.13645e-06 1.4723e-06 1.32276e-06 7.22099e-07 3.22289e-07 3.11265e-07 4.67407e-07 4.66455e-07 2.49675e-07 9.18897e-08 3.155e-08 1.37373e-08 9.59232e-09 7.95868e-09 6.69273e-09 5.78936e-09 5.35617e-09 5.39662e-09 5.84251e-09 6.63927e-09 7.86127e-09 9.99431e-09 1.49034e-08 2.85547e-08 6.67041e-08 1.65644e-07 3.55782e-07 5.03382e-07 4.20368e-07 3.02898e-07 3.95178e-07 6.64389e-07 8.57229e-07 7.95939e-07 5.82748e-07 3.65816e-07 2.0778e-07 1.10709e-07 5.67711e-08 2.85604e-08 1.42514e-08 6.96252e-09 
7.76461e-09 1.63938e-08 3.37159e-08 6.90104e-08 1.39559e-07 2.74699e-07 5.1438e-07 8.81682e-07 1.2946e-06 1.45079e-06 1.05219e-06 4.71064e-07 2.43678e-07 3.2757e-07 4.41388e-07 3.37227e-07 1.44346e-07 4.8207e-08 1.76479e-08 1.09128e-08 9.18531e-09 7.77584e-09 6.6044e-09 5.90212e-09 5.72836e-09 6.00804e-09 6.63927e-09 7.60626e-09 9.14004e-09 1.22291e-08 2.01717e-08 4.23624e-08 1.01505e-07 2.36329e-07 4.07611e-07 4.25905e-07 3.04701e-07 2.88988e-07 4.70286e-07 6.79991e-07 7.18538e-07 5.86648e-07 4.01824e-07 2.44246e-07 1.36883e-07 7.27392e-08 3.74535e-08 1.89969e-08 9.51488e-09 4.71642e-09 
5.22308e-09 1.11604e-08 2.30662e-08 4.71316e-08 9.5498e-08 1.89525e-07 3.61845e-07 6.46152e-07 1.03018e-06 1.35507e-06 1.2842e-06 7.4741e-07 2.97595e-07 2.13082e-07 3.28958e-07 3.64674e-07 2.12963e-07 7.621e-08 2.48697e-08 1.26577e-08 1.06893e-08 9.20556e-09 7.73379e-09 6.69273e-09 6.25016e-09 6.346e-09 6.82989e-09 7.60626e-09 8.75025e-09 1.07656e-08 1.54623e-08 2.81855e-08 6.29106e-08 1.4825e-07 2.96113e-07 3.82078e-07 3.12019e-07 2.37942e-07 3.25999e-07 5.10742e-07 6.0435e-07 5.47301e-07 4.10189e-07 2.69091e-07 1.60389e-07 8.93356e-08 4.75713e-08 2.46839e-08 1.26232e-08 6.28102e-09 
7.42669e-09 1.56675e-08 3.19861e-08 6.47386e-08 1.28948e-07 2.48951e-07 4.55944e-07 7.6608e-07 1.11896e-06 1.29698e-06 1.02123e-06 4.89429e-07 1.94474e-07 2.01245e-07 2.99362e-07 2.63016e-07 1.19083e-07 3.85138e-08 1.55884e-08 1.25492e-08 1.10466e-08 9.24483e-09 7.77584e-09 6.98617e-09 6.86709e-09 7.22021e-09 7.86127e-09 8.75025e-09 1.01198e-08 1.29238e-08 2.0214e-08 4.00972e-08 9.17567e-08 1.97796e-07 3.07562e-07 2.99026e-07 2.20186e-07 2.3085e-07 3.68238e-07 4.83506e-07 4.80166e-07 3.91031e-07 2.77031e-07 1.76801e-07 1.04237e-07 5.80128e-08 3.10782e-08 1.62859e-08 8.36244e-09 4.21827e-09 
4.89585e-09 1.0521e-08 2.15979e-08 4.35991e-08 8.68806e-08 1.68733e-07 3.13809e-07 5.45033e-07 8.51096e-07 1.12538e-06 1.13318e-06 7.38315e-07 3.09875e-07 1.35699e-07 1.86825e-07 2.44093e-07 1.65212e-07 6.26155e-08 2.17575e-08 1.50491e-08 1.33958e-08 1.12175e-08 9.20556e-09 7.95868e-09 7.58198e-09 7.82721e-09 8.39803e-09 9.14004e-09 1.01198e-08 1.18233e-08 1.59087e-08 2.71933e-08 5.71661e-08 1.26523e-07 2.25185e-07 2.62594e-07 2.09859e-07 1.78048e-07 2.57887e-07 3.71861e-07 4.04296e-07 3.53592e-07 2.68164e-07 1.83038e-07 1.14829e-07 6.73772e-08 3.76268e-08 2.03424e-08 1.07537e-08 5.47686e-09 
6.89752e-09 1.44909e-08 2.92259e-08 5.81311e-08 1.1318e-07 2.1242e-07 3.76765e-07 6.1412e-07 8.82921e-07 1.04706e-06 9.06215e-07 5.00461e-07 1.94766e-07 1.001e-07 1.63421e-07 1.76477e-07 9.58965e-08 3.47719e-08 1.90909e-08 1.64471e-08 1.37594e-08 1.10466e-08 9.18531e-09 8.49171e-09 8.68178e-09 9.27844e-09 9.99431e-09 1.07656e-08 1.18233e-08 1.40496e-08 2.01638e-08 3.73002e-08 7.93874e-08 1.54601e-07 2.10866e-07 1.93143e-07 1.5159e-07 1.80754e-07 2.75118e-07 3.2992e-07 3.09589e-07 2.48214e-07 1.79337e-07 1.19388e-07 7.41435e-08 4.34939e-08 2.4457e-08 1.33617e-08 7.08218e-09 3.64225e-09 
4.45732e-09 9.60981e-09 1.95124e-08 3.87028e-08 7.5353e-08 1.42153e-07 2.55525e-07 4.28331e-07 6.50102e-07 8.54873e-07 9.02402e-07 6.72947e-07 3.2817e-07 1.20285e-07 7.65141e-08 1.32663e-07 1.18622e-07 5.69757e-08 2.68614e-08 2.0677e-08 1.7051e-08 1.33958e-08 1.06893e-08 9.59232e-09 9.8339e-09 1.06402e-08 1.14901e-08 1.22291e-08 1.29238e-08 1.40496e-08 1.71177e-08 2.63535e-08 5.11582e-08 1.0175e-07 1.58034e-07 1.66472e-07 1.35063e-07 1.32687e-07 1.96544e-07 2.59844e-07 2.64797e-07 2.24194e-07 1.69284e-07 1.1822e-07 7.73791e-08 4.7805e-08 2.81376e-08 1.59715e-08 8.79362e-09 4.60455e-09 
6.21152e-09 1.29493e-08 2.56758e-08 4.98969e-08 9.43541e-08 1.71053e-07 2.9213e-07 4.59673e-07 6.46349e-07 7.73578e-07 7.25788e-07 4.74022e-07 2.12089e-07 7.01664e-08 6.14526e-08 1.03987e-07 8.12951e-08 4.14666e-08 2.72636e-08 2.14806e-08 1.64471e-08 1.25492e-08 1.09128e-08 1.14083e-08 1.27455e-08 1.40137e-08 1.49034e-08 1.54623e-08 1.59087e-08 1.71177e-08 2.15846e-08 3.5254e-08 6.7288e-08 1.12378e-07 1.35064e-07 1.18664e-07 1.04536e-07 1.38191e-07 1.96202e-07 2.19613e-07 1.98938e-07 1.56927e-07 1.1355e-07 7.73754e-08 5.00685e-08 3.08874e-08 1.82949e-08 1.0485e-08 5.7677e-09 3.02728e-09 
3.93609e-09 8.48919e-09 1.6976e-08 3.29118e-08 6.22519e-08 1.1345e-07 1.96218e-07 3.16482e-07 4.65524e-07 6.04419e-07 6.5746e-07 5.5193e-07 3.2289e-07 1.3704e-07 3.67422e-08 5.61352e-08 8.54333e-08 6.29285e-08 3.85616e-08 2.79741e-08 2.0677e-08 1.50491e-08 1.26577e-08 1.37373e-08 1.61321e-08 1.82538e-08 1.96095e-08 2.01717e-08 2.0214e-08 2.01638e-08 2.15846e-08 2.82577e-08 4.68857e-08 7.90672e-08 1.04033e-07 1.00841e-07 8.62242e-08 9.883e-08 1.42659e-07 1.74649e-07 1.71591e-07 1.43362e-07 1.07601e-07 7.54771e-08 5.05171e-08 3.24518e-08 2.00533e-08 1.19748e-08 6.89671e-09 3.72328e-09 
5.41397e-09 1.11575e-08 2.16467e-08 4.08896e-08 7.47348e-08 1.30382e-07 2.1398e-07 3.24786e-07 4.45556e-07 5.33676e-07 5.29711e-07 4.02177e-07 2.17689e-07 8.93107e-08 2.46699e-08 5.91863e-08 7.6577e-08 5.70796e-08 3.85543e-08 2.72636e-08 1.90909e-08 1.55884e-08 1.76479e-08 2.18118e-08 2.54723e-08 2.77183e-08 2.85547e-08 2.81855e-08 2.71933e-08 2.63535e-08 2.82577e-08 3.76385e-08 5.7835e-08 7.88096e-08 8.24365e-08 7.18265e-08 7.34939e-08 1.01783e-07 1.3306e-07 1.41937e-07 1.27333e-07 1.0058e-07 7.28372e-08 4.99369e-08 3.29963e-08 2.11176e-08 1.3106e-08 7.88307e-09 4.51034e-09 2.41495e-09 
3.36562e-09 7.23807e-09 1.41944e-08 2.67724e-08 4.89808e-08 8.5954e-08 1.42839e-07 2.21746e-07 3.16194e-07 4.04384e-07 4.48175e-07 4.08996e-07 2.85743e-07 1.48008e-07 6.04574e-08 3.35009e-08 6.51078e-08 7.37846e-08 5.61211e-08 3.85616e-08 2.68614e-08 2.17575e-08 2.48697e-08 3.155e-08 3.77346e-08 4.16784e-08 4.3033e-08 4.23624e-08 4.00972e-08 3.73002e-08 3.5254e-08 3.76385e-08 4.7656e-08 6.15163e-08 6.65156e-08 5.91068e-08 5.6275e-08 7.29549e-08 9.83458e-08 1.12291e-07 1.08362e-07 9.12946e-08 6.92882e-08 4.88869e-08 3.29655e-08 2.15979e-08 1.38165e-08 8.62503e-09 5.19085e-09 2.88939e-09 
4.55814e-09 9.2513e-09 1.74876e-08 3.19806e-08 5.63312e-08 9.44675e-08 1.49109e-07 2.18671e-07 2.92928e-07 3.50165e-07 3.61362e-07 3.06833e-07 2.01513e-07 1.02624e-07 4.59912e-08 4.52709e-08 6.95226e-08 7.33964e-08 5.70796e-08 4.14666e-08 3.47719e-08 3.85138e-08 4.8207e-08 5.82771e-08 6.52493e-08 6.79655e-08 6.67041e-08 6.29106e-08 5.71661e-08 5.11582e-08 4.68857e-08 4.7656e-08 5.27105e-08 5.49822e-08 4.86642e-08 4.3468e-08 5.30427e-08 7.19217e-08 8.58636e-08 8.80728e-08 7.92917e-08 6.38898e-08 4.71016e-08 3.26115e-08 2.17403e-08 1.41791e-08 9.09318e-09 5.70047e-09 3.38444e-09 1.84415e-09 
2.78166e-09 5.94514e-09 1.13903e-08 2.08246e-08 3.67531e-08 6.20449e-08 9.9166e-08 1.48511e-07 2.05802e-07 2.59638e-07 2.91758e-07 2.83147e-07 2.27093e-07 1.43268e-07 7.36799e-08 4.2639e-08 5.29087e-08 7.10581e-08 7.37846e-08 6.29285e-08 5.69757e-08 6.26155e-08 7.621e-08 9.18897e-08 1.03862e-07 1.09409e-07 1.08251e-07 1.01505e-07 9.17567e-08 7.93874e-08 6.7288e-08 5.7835e-08 5.27105e-08 4.88262e-08 4.10765e-08 3.37936e-08 3.88487e-08 5.28678e-08 6.46481e-08 6.90294e-08 6.5694e-08 5.63069e-08 4.39149e-08 3.16919e-08 2.16508e-08 1.43313e-08 9.33903e-09 6.01415e-09 3.75559e-09 2.1483e-09 
3.7004e-09 7.37147e-09 1.35322e-08 2.39005e-08 4.05367e-08 6.54133e-08 9.95507e-08 1.41523e-07 1.85772e-07 2.21901e-07 2.36504e-07 2.1864e-07 1.68509e-07 1.04489e-07 5.72375e-08 4.3929e-08 5.53724e-08 6.95226e-08 7.6577e-08 8.12951e-08 9.58965e-08 1.19083e-07 1.44346e-07 1.64317e-07 1.75039e-07 1.75148e-07 1.65644e-07 1.4825e-07 1.26523e-07 1.0175e-07 7.90672e-08 6.15163e-08 4.88262e-08 3.69527e-08 2.68816e-08 2.83284e-08 3.92784e-08 4.88338e-08 5.3132e-08 5.23996e-08 4.73053e-08 3.91102e-08 2.97677e-08 2.11474e-08 1.4317e-08 9.44559e-09 6.16958e-09 3.98209e-09 2.43671e-09 1.34546e-09 
2.21884e-09 4.69815e-09 8.76853e-09 1.5506e-08 2.63794e-08 4.28828e-08 6.60891e-08 9.58294e-08 1.29636e-07 1.62008e-07 1.84754e-07 1.88976e-07 1.69012e-07 1.27732e-07 8.04059e-08 4.96396e-08 4.47794e-08 5.29087e-08 6.51078e-08 8.54333e-08 1.18622e-07 1.65212e-07 2.12963e-07 2.49675e-07 2.71211e-07 2.75464e-07 2.62946e-07 2.36329e-07 1.97796e-07 1.54601e-07 1.12378e-07 7.88096e-08 5.49822e-08 3.69527e-08 2.31103e-08 2.0728e-08 2.94953e-08 3.74843e-08 4.09919e-08 4.09618e-08 3.82224e-08 3.32021e-08 2.67101e-08 1.99549e-08 1.40143e-08 9.43514e-09 6.22485e-09 4.08228e-09 2.61666e-09 1.52878e-09 
2.89335e-09 5.64256e-09 1.00407e-08 1.71161e-08 2.79804e-08 4.35568e-08 6.4155e-08 8.88476e-08 1.14927e-07 1.37819e-07 1.51716e-07 1.51082e-07 1.33201e-07 1.01279e-07 6.72681e-08 4.75168e-08 4.3929e-08 4.52709e-08 5.91863e-08 1.03987e-07 1.76477e-07 2.63016e-07 3.37227e-07 3.87214e-07 4.06611e-07 3.94875e-07 3.55782e-07 2.96113e-07 2.25185e-07 1.58034e-07 1.04033e-07 6.65156e-08 4.10765e-08 2.31103e-08 1.64341e-08 2.27783e-08 2.94881e-08 3.22309e-08 3.20615e-08 3.02222e-08 2.70982e-08 2.28586e-08 1.80008e-08 1.32561e-08 9.23285e-09 6.19928e-09 4.10115e-09 2.69437e-09 1.68385e-09 9.36985e-10 
1.7067e-09 3.57105e-09 6.48227e-09 1.10821e-08 1.81915e-08 2.8548e-08 4.25853e-08 6.00916e-08 7.98557e-08 9.95114e-08 1.15704e-07 1.24615e-07 1.22931e-07 1.09325e-07 8.62714e-08 6.30381e-08 4.96396e-08 4.2639e-08 3.35009e-08 5.61352e-08 1.32663e-07 2.44093e-07 3.64674e-07 4.66455e-07 5.27427e-07 5.34652e-07 4.90663e-07 4.07611e-07 3.07562e-07 2.10866e-07 1.35064e-07 8.24365e-08 4.86642e-08 2.68816e-08 1.64341e-08 1.91838e-08 2.42104e-08 2.61393e-08 2.56095e-08 2.39012e-08 2.16229e-08 1.88118e-08 1.55047e-08 1.2003e-08 8.73997e-09 6.05201e-09 4.06242e-09 2.6982e-09 1.75774e-09 1.04111e-09 
2.17856e-09 4.15329e-09 7.16185e-09 1.17957e-08 1.86313e-08 2.80848e-08 4.02415e-08 5.46476e-08 7.01822e-08 8.50856e-08 9.71389e-08 1.04002e-07 1.03747e-07 9.56056e-08 8.1349e-08 6.72681e-08 5.72375e-08 4.59912e-08 2.46699e-08 6.14526e-08 1.63421e-07 2.99362e-07 4.41388e-07 5.57052e-07 6.12522e-07 5.9034e-07 5.03382e-07 3.82078e-07 2.62594e-07 1.66472e-07 1.00841e-07 5.91068e-08 3.37936e-08 2.0728e-08 1.91838e-08 2.15006e-08 2.22076e-08 2.11675e-08 1.92995e-08 1.72417e-08 1.51304e-08 1.28521e-08 1.03937e-08 7.93444e-09 5.72578e-09 3.94948e-09 2.65549e-09 1.76588e-09 1.11771e-09 6.23155e-10 
1.266e-09 2.6133e-09 4.6131e-09 7.63316e-09 1.21197e-08 1.84295e-08 2.67461e-08 3.69724e-08 4.86477e-08 6.09436e-08 7.2737e-08 8.27439e-08 8.97039e-08 9.26061e-08 9.11044e-08 8.62714e-08 8.04059e-08 7.36799e-08 6.04574e-08 3.67422e-08 7.65141e-08 1.86825e-07 3.28958e-07 4.67407e-07 5.70619e-07 5.96627e-07 5.38678e-07 4.25905e-07 2.99026e-07 1.93143e-07 1.18664e-07 7.18265e-08 4.3468e-08 2.83284e-08 2.27783e-08 2.15006e-08 2.02335e-08 1.8348e-08 1.61563e-08 1.40386e-08 1.21532e-08 1.04131e-08 8.67172e-09 6.90191e-09 5.20739e-09 3.73059e-09 2.56741e-09 1.7302e-09 1.13915e-09 6.79311e-10 
1.58124e-09 2.94649e-09 4.92971e-09 7.86417e-09 1.20466e-08 1.76733e-08 2.47977e-08 3.32857e-08 4.28118e-08 5.29014e-08 6.30076e-08 7.26116e-08 8.13174e-08 8.8944e-08 9.56056e-08 1.01279e-07 1.04489e-07 1.02624e-07 8.93107e-08 7.01664e-08 1.001e-07 2.01245e-07 3.2757e-07 4.41134e-07 5.08094e-07 4.9721e-07 4.20368e-07 3.12019e-07 2.09859e-07 1.35063e-07 8.62242e-08 5.6275e-08 3.88487e-08 2.94953e-08 2.42104e-08 2.02335e-08 1.69555e-08 1.41899e-08 1.18636e-08 9.96694e-09 8.42297e-09 7.07566e-09 5.79338e-09 4.54801e-09 3.39698e-09 2.41907e-09 1.66308e-09 1.11968e-09 7.13912e-10 3.96725e-10 
9.0677e-10 1.84535e-09 3.1718e-09 5.09255e-09 7.85025e-09 1.16251e-08 1.65205e-08 2.255e-08 2.96386e-08 3.76559e-08 4.64777e-08 5.60754e-08 6.66168e-08 7.85522e-08 9.26061e-08 1.09325e-07 1.27732e-07 1.43268e-07 1.48008e-07 1.3704e-07 1.20285e-07 1.35699e-07 2.13082e-07 3.11265e-07 3.88294e-07 4.15546e-07 3.80225e-07 3.04701e-07 2.20186e-07 1.5159e-07 1.04536e-07 7.34939e-08 5.30427e-08 3.92784e-08 2.94881e-08 2.22076e-08 1.69555e-08 1.32326e-08 1.052e-08 8.4885e-09 6.95505e-09 5.76359e-09 4.75978e-09 3.8396e-09 2.9779e-09 2.20456e-09 1.56213e-09 1.07291e-09 7.13104e-10 4.26006e-10 
1.10882e-09 2.02175e-09 3.29036e-09 5.10311e-09 7.6189e-09 1.09481e-08 1.51599e-08 2.02907e-08 2.63728e-08 3.34879e-08 4.18533e-08 5.1943e-08 6.46336e-08 8.13174e-08 1.03747e-07 1.33201e-07 1.68509e-07 2.01513e-07 2.17689e-07 2.12089e-07 1.94766e-07 1.94474e-07 2.43678e-07 3.10282e-07 3.52449e-07 3.49189e-07 3.02898e-07 2.37942e-07 1.78048e-07 1.32687e-07 9.883e-08 7.29549e-08 5.28678e-08 3.74843e-08 2.61393e-08 1.8348e-08 1.32326e-08 9.87433e-09 7.5848e-09 5.96482e-09 4.79153e-09 3.90469e-09 3.17614e-09 2.52821e-09 1.93955e-09 1.42442e-09 1.00501e-09 6.87019e-10 4.40317e-10 2.42917e-10 
6.28631e-10 1.26162e-09 2.1167e-09 3.31012e-09 4.97846e-09 7.22453e-09 1.01299e-08 1.37708e-08 1.82422e-08 2.37044e-08 3.04601e-08 3.90782e-08 5.05714e-08 6.66168e-08 8.97039e-08 1.22931e-07 1.69012e-07 2.27093e-07 2.85743e-07 3.2289e-07 3.2817e-07 3.09875e-07 2.97595e-07 3.22289e-07 3.57858e-07 3.69033e-07 3.42361e-07 2.88988e-07 2.3085e-07 1.80754e-07 1.38191e-07 1.01783e-07 7.19217e-08 4.88338e-08 3.22309e-08 2.11675e-08 1.41899e-08 9.87433e-09 7.15542e-09 5.36465e-09 4.13651e-09 3.26843e-09 2.62424e-09 2.10559e-09 1.65592e-09 1.25775e-09 9.16935e-10 6.4389e-10 4.32617e-10 2.58197e-10 
7.53734e-10 1.34763e-09 2.14143e-09 3.24481e-09 4.75065e-09 6.73576e-09 9.28156e-09 1.24962e-08 1.65518e-08 2.17503e-08 2.86326e-08 3.81544e-08 5.1943e-08 7.26116e-08 1.04002e-07 1.51082e-07 2.1864e-07 3.06833e-07 4.02177e-07 4.74022e-07 5.00461e-07 4.89429e-07 4.71064e-07 4.71071e-07 4.7172e-07 4.48533e-07 3.95178e-07 3.25999e-07 2.57887e-07 1.96544e-07 1.42659e-07 9.83458e-08 6.46481e-08 4.09919e-08 2.56095e-08 1.61563e-08 1.052e-08 7.15542e-09 5.08224e-09 3.74208e-09 2.83969e-09 2.2118e-09 1.75224e-09 1.38854e-09 1.08001e-09 8.12749e-10 5.88358e-10 4.09408e-10 2.63785e-10 1.44109e-10 
4.23287e-10 8.38695e-10 1.37838e-09 2.10966e-09 3.11444e-09 4.46066e-09 6.22096e-09 8.49411e-09 1.14347e-08 1.53048e-08 2.05645e-08 2.80225e-08 3.90782e-08 5.60754e-08 8.27439e-08 1.24615e-07 1.88976e-07 2.83147e-07 4.08996e-07 5.5193e-07 6.72947e-07 7.38315e-07 7.4741e-07 7.22099e-07 6.88112e-07 6.40673e-07 5.67018e-07 4.70286e-07 3.68238e-07 2.75118e-07 1.96202e-07 1.3306e-07 8.58636e-08 5.3132e-08 3.20615e-08 1.92995e-08 1.18636e-08 7.5848e-09 5.08224e-09 3.55794e-09 2.58272e-09 1.93361e-09 1.48698e-09 1.16381e-09 9.11885e-10 7.02107e-10 5.23762e-10 3.7612e-10 2.55909e-10 1.52477e-10 
4.98788e-10 8.77139e-10 1.36729e-09 2.0361e-09 2.94364e-09 4.15026e-09 5.73761e-09 7.83244e-09 1.06462e-08 1.45445e-08 2.01677e-08 2.86326e-08 4.18533e-08 6.30076e-08 9.71389e-08 1.51716e-07 2.36504e-07 3.61362e-07 5.29711e-07 7.25788e-07 9.06215e-07 1.02123e-06 1.05219e-06 1.01188e-06 9.2861e-07 8.10343e-07 6.64389e-07 5.10742e-07 3.71861e-07 2.59844e-07 1.74649e-07 1.12291e-07 6.90294e-08 4.09618e-08 2.39012e-08 1.40386e-08 8.4885e-09 5.36465e-09 3.55794e-09 2.4635e-09 1.76736e-09 1.30771e-09 9.94257e-10 7.6974e-10 5.9701e-10 4.55392e-10 3.36779e-10 2.38678e-10 1.54764e-10 8.36438e-11 
2.78027e-10 5.44854e-10 8.80991e-10 1.32728e-09 1.93631e-09 2.75772e-09 3.85543e-09 5.32793e-09 7.33776e-09 1.01632e-08 1.42894e-08 2.05645e-08 3.04601e-08 4.64777e-08 7.2737e-08 1.15704e-07 1.84754e-07 2.91758e-07 4.48175e-07 6.5746e-07 9.02402e-07 1.13318e-06 1.2842e-06 1.32276e-06 1.25223e-06 1.10056e-06 8.97795e-07 6.79991e-07 4.83506e-07 3.2992e-07 2.19613e-07 1.41937e-07 8.80728e-08 5.23996e-08 3.02222e-08 1.72417e-08 9.96694e-09 5.96482e-09 3.74208e-09 2.4635e-09 1.6906e-09 1.20074e-09 8.79305e-10 6.61826e-10 5.07489e-10 3.90065e-10 2.94942e-10 2.15908e-10 1.48865e-10 8.8614e-11 
3.22925e-10 5.6062e-10 8.61955e-10 1.26972e-09 1.82578e-09 2.57905e-09 3.60338e-09 5.01969e-09 7.03345e-09 1.00008e-08 1.45445e-08 2.17503e-08 3.34879e-08 5.29014e-08 8.50856e-08 1.37819e-07 2.21901e-07 3.50165e-07 5.33676e-07 7.73578e-07 1.04706e-06 1.29698e-06 1.45079e-06 1.46795e-06 1.34588e-06 1.12344e-06 8.57229e-07 6.0435e-07 4.04296e-07 2.64797e-07 1.71591e-07 1.08362e-07 6.5694e-08 3.82224e-08 2.16229e-08 1.21532e-08 6.95505e-09 4.13651e-09 2.58272e-09 1.6906e-09 1.15149e-09 8.1069e-10 5.88314e-10 4.38972e-10 3.33869e-10 2.54584e-10 1.90813e-10 1.37434e-10 8.97656e-11 4.80321e-11 
1.79011e-10 3.47812e-10 5.56052e-10 8.29781e-10 1.20457e-09 1.71827e-09 2.42498e-09 3.41255e-09 4.82929e-09 6.93091e-09 1.01632e-08 1.53048e-08 2.37044e-08 3.76559e-08 6.09436e-08 9.95114e-08 1.62008e-07 2.59638e-07 4.04384e-07 6.04419e-07 8.54873e-07 1.12538e-06 1.35507e-06 1.4723e-06 1.43863e-06 1.26253e-06 9.98859e-07 7.18538e-07 4.80166e-07 3.09589e-07 1.98938e-07 1.27333e-07 7.92917e-08 4.73053e-08 2.70982e-08 1.51304e-08 8.42297e-09 4.79153e-09 2.83969e-09 1.76736e-09 1.15149e-09 7.7916e-10 5.4434e-10 3.9197e-10 2.90385e-10 2.19395e-10 1.66103e-10 1.23158e-10 8.59465e-11 5.11906e-11 
2.05642e-10 3.53926e-10 5.39863e-10 7.91901e-10 1.14041e-09 1.62474e-09 2.30759e-09 3.29419e-09 4.765e-09 7.03345e-09 1.06462e-08 1.65518e-08 2.63728e-08 4.28118e-08 7.01822e-08 1.14927e-07 1.85772e-07 2.92928e-07 4.45556e-07 6.46349e-07 8.82921e-07 1.11896e-06 1.2946e-06 1.34924e-06 1.26124e-06 1.05612e-06 7.95939e-07 5.47301e-07 3.53592e-07 2.24194e-07 1.43362e-07 9.12946e-08 5.63069e-08 3.32021e-08 1.88118e-08 1.04131e-08 5.76359e-09 3.26843e-09 1.93361e-09 1.20074e-09 7.7916e-10 5.24132e-10 3.63722e-10 2.60249e-10 1.91754e-10 1.44127e-10 1.08333e-10 7.89126e-11 5.19175e-11 2.75763e-11 
1.13576e-10 2.19407e-10 3.48632e-10 5.18544e-10 7.53987e-10 1.08408e-09 1.55303e-09 2.23449e-09 3.25414e-09 4.82929e-09 7.33776e-09 1.14347e-08 1.82422e-08 2.96386e-08 4.86477e-08 7.98557e-08 1.29636e-07 2.05802e-07 3.16194e-07 4.65524e-07 6.50102e-07 8.51096e-07 1.03018e-06 1.13645e-06 1.13014e-06 1.00933e-06 8.09405e-07 5.86648e-07 3.91031e-07 2.48214e-07 1.56927e-07 1.0058e-07 6.38898e-08 3.91102e-08 2.28586e-08 1.28521e-08 7.07566e-09 3.90469e-09 2.2118e-09 1.30771e-09 8.1069e-10 5.24132e-10 3.50715e-10 2.41997e-10 1.72323e-10 1.26508e-10 9.46958e-11 7.0495e-11 4.96319e-11 2.96307e-11 
1.29513e-10 2.21948e-10 3.37807e-10 4.96495e-10 7.20392e-10 1.04062e-09 1.50819e-09 2.2097e-09 3.29419e-09 5.01969e-09 7.83244e-09 1.24962e-08 2.02907e-08 3.32857e-08 5.46476e-08 8.88476e-08 1.41523e-07 2.18671e-07 3.24786e-07 4.59673e-07 6.1412e-07 7.6608e-07 8.81682e-07 9.25704e-07 8.79238e-07 7.53315e-07 5.82748e-07 4.10189e-07 2.68164e-07 1.69284e-07 1.07601e-07 6.92882e-08 4.39149e-08 2.67101e-08 1.55047e-08 8.67172e-09 4.75978e-09 2.62424e-09 1.48698e-09 8.79305e-10 5.4434e-10 3.50715e-10 2.33556e-10 1.60415e-10 1.13875e-10 8.34408e-11 6.21993e-11 4.55086e-11 3.01224e-11 1.59533e-11 
7.13765e-11 1.3751e-10 2.18272e-10 3.25452e-10 4.767e-10 6.94303e-10 1.01333e-09 1.49295e-09 2.23449e-09 3.41255e-09 5.32793e-09 8.49411e-09 1.37708e-08 2.255e-08 3.69724e-08 6.00916e-08 9.58294e-08 1.48511e-07 2.21746e-07 3.16482e-07 4.28331e-07 5.45033e-07 6.46152e-07 7.07253e-07 7.08707e-07 6.46011e-07 5.34452e-07 4.01824e-07 2.77031e-07 1.79337e-07 1.1355e-07 7.28372e-08 4.71016e-08 2.97677e-08 1.80008e-08 1.03937e-08 5.79338e-09 3.17614e-09 1.75224e-09 9.94257e-10 5.88314e-10 3.63722e-10 2.33556e-10 1.54866e-10 1.06005e-10 7.51536e-11 5.50349e-11 4.0745e-11 2.88074e-11 1.72643e-11 
8.1082e-11 1.38938e-10 2.12103e-10 3.14015e-10 4.61222e-10 6.77852e-10 1.00404e-09 1.50819e-09 2.30759e-09 3.60338e-09 5.73761e-09 9.28156e-09 1.51599e-08 2.47977e-08 4.02415e-08 6.4155e-08 9.95507e-08 1.49109e-07 2.1398e-07 2.9213e-07 3.76765e-07 4.55944e-07 5.1438e-07 5.37471e-07 5.16827e-07 4.54973e-07 3.65816e-07 2.69091e-07 1.83038e-07 1.1822e-07 7.54771e-08 4.88869e-08 3.16919e-08 1.99549e-08 1.2003e-08 6.90191e-09 3.8396e-09 2.10559e-09 1.16381e-09 6.61826e-10 3.9197e-10 2.41997e-10 1.54866e-10 1.02297e-10 6.98727e-11 4.95632e-11 3.62784e-11 2.64602e-11 1.75865e-11 9.34159e-12 
4.4641e-11 8.60237e-11 1.37016e-10 2.05793e-10 3.04973e-10 4.51422e-10 6.7224e-10 1.01333e-09 1.55303e-09 2.42498e-09 3.85543e-09 6.22096e-09 1.01299e-08 1.65205e-08 2.67461e-08 4.25853e-08 6.60891e-08 9.9166e-08 1.42839e-07 1.96218e-07 2.55525e-07 3.13809e-07 3.61845e-07 3.90093e-07 3.91335e-07 3.63381e-07 3.10794e-07 2.44246e-07 1.76801e-07 1.19388e-07 7.73754e-08 4.99369e-08 3.26115e-08 2.11474e-08 1.32561e-08 7.93444e-09 4.54801e-09 2.52821e-09 1.38854e-09 7.6974e-10 4.38972e-10 2.60249e-10 1.60415e-10 1.02297e-10 6.73467e-11 4.59717e-11 3.26752e-11 2.38448e-11 1.68433e-11 1.0148e-11 
5.06797e-11 8.71502e-11 1.34012e-10 2.00646e-10 2.99225e-10 4.48073e-10 6.77852e-10 1.04062e-09 1.62474e-09 2.57905e-09 4.15026e-09 6.73576e-09 1.09481e-08 1.76733e-08 2.80848e-08 4.35568e-08 6.54133e-08 9.44675e-08 1.30382e-07 1.71053e-07 2.1242e-07 2.48951e-07 2.74699e-07 2.84611e-07 2.75815e-07 2.48755e-07 2.0778e-07 1.60389e-07 1.14829e-07 7.73791e-08 5.05171e-08 3.29655e-08 2.16508e-08 1.40143e-08 8.73997e-09 5.20739e-09 2.9779e-09 1.65592e-09 9.11885e-10 5.07489e-10 2.90385e-10 1.72323e-10 1.06005e-10 6.73467e-11 4.42186e-11 3.0214e-11 2.1531e-11 1.55411e-11 1.03481e-11 5.54994e-12 
2.78991e-11 5.3904e-11 8.64581e-11 1.31265e-10 1.97344e-10 2.97257e-10 4.51422e-10 6.94303e-10 1.08408e-09 1.71827e-09 2.75772e-09 4.46066e-09 7.22453e-09 1.16251e-08 1.84295e-08 2.8548e-08 4.28828e-08 6.20449e-08 8.5954e-08 1.1345e-07 1.42153e-07 1.68733e-07 1.89525e-07 2.01239e-07 2.01577e-07 1.89767e-07 1.67056e-07 1.36883e-07 1.04237e-07 7.41435e-08 5.00685e-08 3.29963e-08 2.17403e-08 1.4317e-08 9.23285e-09 5.72578e-09 3.39698e-09 1.93955e-09 1.08001e-09 5.9701e-10 3.33869e-10 1.91754e-10 1.13875e-10 6.98727e-11 4.42186e-11 2.89812e-11 1.98563e-11 1.416e-11 9.94101e-12 6.02784e-12 
3.17318e-11 5.49061e-11 8.52934e-11 1.29442e-10 1.96211e-10 2.99225e-10 4.61222e-10 7.20392e-10 1.14041e-09 1.82578e-09 2.94364e-09 4.75065e-09 7.6189e-09 1.20466e-08 1.86313e-08 2.79804e-08 4.05367e-08 5.63312e-08 7.47348e-08 9.43541e-08 1.1318e-07 1.28948e-07 1.39559e-07 1.43411e-07 1.3963e-07 1.28302e-07 1.10709e-07 8.93356e-08 6.73772e-08 4.7805e-08 3.24518e-08 2.15979e-08 1.43313e-08 9.43514e-09 6.05201e-09 3.73059e-09 2.20456e-09 1.25775e-09 7.02107e-10 3.90065e-10 2.19395e-10 1.26508e-10 7.51536e-11 4.59717e-11 2.89812e-11 1.89873e-11 1.30613e-11 9.25483e-12 6.15642e-12 3.35578e-12 
1.74789e-11 3.39126e-11 5.48946e-11 8.43956e-11 1.28811e-10 1.97344e-10 3.04973e-10 4.767e-10 7.53987e-10 1.20457e-09 1.93631e-09 3.11444e-09 4.97846e-09 7.85025e-09 1.21197e-08 1.81915e-08 2.63794e-08 3.67531e-08 4.89808e-08 6.22519e-08 7.5353e-08 8.68806e-08 9.5498e-08 1.00134e-07 1.00096e-07 9.51585e-08 8.56868e-08 7.27392e-08 5.80128e-08 4.34939e-08 3.08874e-08 2.11176e-08 1.41791e-08 9.44559e-09 6.19928e-09 3.94948e-09 2.41907e-09 1.42442e-09 8.12749e-10 4.55392e-10 2.54584e-10 1.44127e-10 8.34408e-11 4.95632e-11 3.0214e-11 1.89873e-11 1.2461e-11 8.60089e-12 5.96011e-12 3.63735e-12 
1.99493e-11 3.47806e-11 5.46423e-11 8.40723e-11 1.29442e-10 2.00646e-10 3.14015e-10 4.96495e-10 7.91901e-10 1.26972e-09 2.0361e-09 3.24481e-09 5.10311e-09 7.86417e-09 1.17957e-08 1.71161e-08 2.39005e-08 3.19806e-08 4.08896e-08 4.98969e-08 5.81311e-08 6.47386e-08 6.90104e-08 7.04489e-08 6.88028e-08 6.41118e-08 5.67711e-08 4.75713e-08 3.76268e-08 2.81376e-08 2.00533e-08 1.38165e-08 9.33903e-09 6.22485e-09 4.06242e-09 2.56741e-09 1.56213e-09 9.16935e-10 5.23762e-10 2.94942e-10 1.66103e-10 9.46958e-11 5.50349e-11 3.26752e-11 1.98563e-11 1.2461e-11 8.21257e-12 5.65649e-12 3.73852e-12 2.07738e-12 
1.10035e-11 2.1443e-11 3.50409e-11 5.45255e-11 8.43956e-11 1.31265e-10 2.05793e-10 3.25452e-10 5.18544e-10 8.29781e-10 1.32728e-09 2.10966e-09 3.31012e-09 5.09255e-09 7.63316e-09 1.10821e-08 1.5506e-08 2.08246e-08 2.67724e-08 3.29118e-08 3.87028e-08 4.35991e-08 4.71316e-08 4.89532e-08 4.88569e-08 4.67891e-08 4.28755e-08 3.74535e-08 3.10782e-08 2.4457e-08 1.82949e-08 1.3106e-08 9.09318e-09 6.16958e-09 4.10115e-09 2.65549e-09 1.66308e-09 1.00501e-09 5.88358e-10 3.36779e-10 1.90813e-10 1.08333e-10 6.21993e-11 3.62784e-11 2.1531e-11 1.30613e-11 8.21257e-12 5.4444e-12 3.68743e-12 2.25385e-12 
1.25959e-11 2.21174e-11 3.50893e-11 5.46423e-11 8.52934e-11 1.34012e-10 2.12103e-10 3.37807e-10 5.39863e-10 8.61955e-10 1.36729e-09 2.14143e-09 3.29036e-09 4.92971e-09 7.16185e-09 1.00407e-08 1.35322e-08 1.74876e-08 2.16467e-08 2.56758e-08 2.92259e-08 3.19861e-08 3.37159e-08 3.42585e-08 3.35445e-08 3.16e-08 2.85604e-08 2.46839e-08 2.03424e-08 1.59715e-08 1.19748e-08 8.62503e-09 6.01415e-09 4.08228e-09 2.6982e-09 1.7302e-09 1.07291e-09 6.4389e-10 3.7612e-10 2.15908e-10 1.23158e-10 7.0495e-11 4.0745e-11 2.38448e-11 1.416e-11 8.60089e-12 5.4444e-12 3.61947e-12 2.35465e-12 1.32683e-12 
6.93503e-12 1.35649e-11 2.23093e-11 3.50409e-11 5.48946e-11 8.64581e-11 1.37016e-10 2.18272e-10 3.48632e-10 5.56052e-10 8.80991e-10 1.37838e-09 2.1167e-09 3.1718e-09 4.6131e-09 6.48227e-09 8.76853e-09 1.13903e-08 1.41944e-08 1.6976e-08 1.95124e-08 2.15979e-08 2.30662e-08 2.38014e-08 2.37402e-08 2.28743e-08 2.12545e-08 1.89969e-08 1.62859e-08 1.33617e-08 1.0485e-08 7.88307e-09 5.70047e-09 3.98209e-09 2.69437e-09 1.76588e-09 1.11968e-09 6.87019e-10 4.09408e-10 2.38678e-10 1.37434e-10 7.89126e-11 4.55086e-11 2.64602e-11 1.55411e-11 9.25483e-12 5.65649e-12 3.61947e-12 2.38512e-12 1.44946e-12 
7.88661e-12 1.38705e-11 2.21174e-11 3.47806e-11 5.49061e-11 8.71502e-11 1.38938e-10 2.21948e-10 3.53926e-10 5.6062e-10 8.77139e-10 1.34763e-09 2.02175e-09 2.94649e-09 4.15329e-09 5.64256e-09 7.37147e-09 9.2513e-09 1.11575e-08 1.29493e-08 1.44909e-08 1.56675e-08 1.63938e-08 1.66173e-08 1.63188e-08 1.55131e-08 1.42514e-08 1.26232e-08 1.07537e-08 8.79362e-09 6.89671e-09 5.19085e-09 3.75559e-09 2.61666e-09 1.75774e-09 1.13915e-09 7.13104e-10 4.32617e-10 2.55909e-10 1.48865e-10 8.59465e-11 4.96319e-11 2.88074e-11 1.68433e-11 9.94101e-12 5.96011e-12 3.68743e-12 2.38512e-12 1.53163e-12 8.73319e-13 
4.25033e-12 8.27175e-12 1.35649e-11 2.1443e-11 3.39126e-11 5.3904e-11 8.60237e-11 1.3751e-10 2.19407e-10 3.47812e-10 5.44854e-10 8.38695e-10 1.26162e-09 1.84535e-09 2.6133e-09 3.57105e-09 4.69815e-09 5.94514e-09 7.23807e-09 8.48919e-09 9.60981e-09 1.0521e-08 1.11604e-08 1.14853e-08 1.14734e-08 1.11237e-08 1.04567e-08 9.51488e-09 8.36244e-09 7.08218e-09 5.7677e-09 4.51034e-09 3.38444e-09 2.43671e-09 1.68385e-09 1.11771e-09 7.13912e-10 4.40317e-10 2.63785e-10 1.54764e-10 8.97656e-11 5.19175e-11 3.01224e-11 1.75865e-11 1.03481e-11 6.15642e-12 3.73852e-12 2.35465e-12 1.53163e-12 9.42689e-13 
4.56155e-12 7.88661e-12 1.25959e-11 1.99493e-11 3.17318e-11 5.06797e-11 8.1082e-11 1.29513e-10 2.05642e-10 3.22925e-10 4.98788e-10 7.53734e-10 1.10882e-09 1.58124e-09 2.17856e-09 2.89335e-09 3.7004e-09 4.55814e-09 5.41397e-09 6.21152e-09 6.89752e-09 7.42669e-09 7.76461e-09 7.88928e-09 7.7918e-09 7.47677e-09 6.96252e-09 6.28102e-09 5.47686e-09 4.60455e-09 3.72328e-09 2.88939e-09 2.1483e-09 1.52878e-09 1.04111e-09 6.79311e-10 4.26006e-10 2.58197e-10 1.52477e-10 8.8614e-11 5.11906e-11 2.96307e-11 1.72643e-11 1.0148e-11 6.02784e-12 3.63735e-12 2.25385e-12 1.44946e-12 9.42689e-13 5.675e-13 
2.24702e-12 4.25033e-12 6.93503e-12 1.10035e-11 1.74789e-11 2.78991e-11 4.4641e-11 7.13765e-11 1.13576e-10 1.79011e-10 2.78027e-10 4.23287e-10 6.28631e-10 9.0677e-10 1.266e-09 1.7067e-09 2.21884e-09 2.78166e-09 3.36562e-09 3.93609e-09 4.45732e-09 4.89585e-09 5.22308e-09 5.41707e-09 5.4638e-09 5.35811e-09 5.10428e-09 4.71642e-09 4.21827e-09 3.64225e-09 3.02728e-09 2.41495e-09 1.84415e-09 1.34546e-09 9.36985e-10 6.23155e-10 3.96725e-10 2.42917e-10 1.44109e-10 8.36438e-11 4.80321e-11 2.75763e-11 1.59533e-11 9.34159e-12 5.54994e-12 3.35578e-12 2.07738e-12 1.32683e-12 8.73319e-13 5.675e-13 
