1 100 50
3.29423e-13 6.22916e-13 9.95897e-13 1.54244e-12 2.42857e-12 3.94551e-12 6.61038e-12 1.13629e-11 1.98814e-11 3.5092e-11 6.18954e-11 1.08042e-10 1.84878e-10 3.0741e-10 4.92985e-10 7.58145e-10 1.11405e-09 1.56188e-09 2.0903e-09 2.67608e-09 3.2876e-09 3.8893e-09 4.44535e-09 4.92217e-09 5.29013e-09 5.52507e-09 5.60995e-09 5.5364e-09 5.30625e-09 4.93254e-09 4.43964e-09 3.86203e-09 3.24119e-09 2.6206e-09 2.03977e-09 1.52864e-09 1.10432e-09 7.70805e-10 5.21547e-10 3.43552e-10 2.21428e-10 1.40434e-10 8.81752e-11 5.51452e-11 3.45543e-11 2.18124e-11 1.39462e-11 9.07332e-12 5.9701e-12 3.84071e-12 
6.76005e-13 1.1561e-12 1.80376e-12 2.81305e-12 4.5082e-12 7.45774e-12 1.26886e-11 2.20489e-11 3.88068e-11 6.85723e-11 1.20537e-10 2.08856e-10 3.53546e-10 5.79862e-10 9.14988e-10 1.38163e-09 1.98984e-09 2.73017e-09 3.57177e-09 4.46675e-09 5.35876e-09 6.19148e-09 6.91413e-09 7.48386e-09 7.86668e-09 8.0384e-09 7.98607e-09 7.70978e-09 7.22431e-09 6.56009e-09 5.76235e-09 4.88772e-09 3.99777e-09 3.15057e-09 2.39234e-09 1.75191e-09 1.23952e-09 8.49637e-10 5.66256e-10 3.68557e-10 2.35478e-10 1.48548e-10 9.30994e-11 5.833e-11 3.67528e-11 2.34191e-11 1.51707e-11 9.9751e-12 6.45471e-12 3.84071e-12 
6.22916e-13 1.21873e-12 1.96206e-12 3.03624e-12 4.78073e-12 7.76872e-12 1.30189e-11 2.23761e-11 3.914e-11 6.91004e-11 1.2209e-10 2.14028e-10 3.69055e-10 6.20616e-10 1.00966e-09 1.57803e-09 2.35678e-09 3.35228e-09 4.53622e-09 5.84553e-09 7.19343e-09 8.48655e-09 9.63928e-09 1.05809e-08 1.12567e-08 1.16273e-08 1.16684e-08 1.13737e-08 1.07571e-08 9.85597e-09 8.73167e-09 7.46612e-09 6.15284e-09 4.88354e-09 3.73387e-09 2.75323e-09 1.96176e-09 1.35436e-09 9.0899e-10 5.95446e-10 3.82487e-10 2.42229e-10 1.52153e-10 9.53965e-11 6.00761e-11 3.82246e-11 2.47063e-11 1.62582e-11 1.06687e-11 6.45471e-12 
1.1561e-12 2.01283e-12 3.13441e-12 4.85351e-12 7.7239e-12 1.2696e-11 2.14792e-11 3.71608e-11 6.52499e-11 1.15376e-10 2.0382e-10 3.56804e-10 6.13782e-10 1.02875e-09 1.66642e-09 2.59011e-09 3.84144e-09 5.41746e-09 7.25644e-09 9.24204e-09 1.12267e-08 1.30623e-08 1.46228e-08 1.58122e-08 1.65617e-08 1.68265e-08 1.65861e-08 1.58485e-08 1.46563e-08 1.30913e-08 1.12716e-08 9.34042e-09 7.44455e-09 5.70948e-09 4.2201e-09 3.01366e-09 2.08569e-09 1.40378e-09 9.22352e-10 5.94186e-10 3.77169e-10 2.37254e-10 1.48821e-10 9.36883e-11 5.95591e-11 3.84491e-11 2.53043e-11 1.68271e-11 1.06687e-11 5.9701e-12 
9.95897e-13 1.96206e-12 3.161e-12 4.85085e-12 7.55306e-12 1.21368e-11 2.01243e-11 3.42578e-11 5.94944e-11 1.04689e-10 1.85337e-10 3.27652e-10 5.73852e-10 9.87288e-10 1.65406e-09 2.67563e-09 4.14755e-09 6.12467e-09 8.58409e-09 1.14052e-08 1.43835e-08 1.72752e-08 1.98502e-08 2.19259e-08 2.33725e-08 2.41042e-08 2.40728e-08 2.32707e-08 2.17412e-08 1.95891e-08 1.69837e-08 1.41439e-08 1.13054e-08 8.67852e-09 6.41084e-09 4.57152e-09 3.15889e-09 2.12361e-09 1.39453e-09 8.98296e-10 5.70251e-10 3.58663e-10 2.24857e-10 1.41428e-10 8.9814e-11 5.79212e-11 3.81053e-11 2.55244e-11 1.68271e-11 9.9751e-12 
1.80376e-12 3.13441e-12 4.84212e-12 7.40431e-12 1.16172e-11 1.88169e-11 3.13779e-11 5.35985e-11 9.32683e-11 1.64362e-10 2.91445e-10 5.16247e-10 9.06148e-10 1.56228e-09 2.62141e-09 4.24246e-09 6.56929e-09 9.67197e-09 1.34868e-08 1.77898e-08 2.22293e-08 2.64089e-08 2.99756e-08 3.26665e-08 3.43077e-08 3.47953e-08 3.40878e-08 3.22184e-08 2.93159e-08 2.56171e-08 2.14532e-08 1.72011e-08 1.3212e-08 9.74359e-09 6.92543e-09 4.76612e-09 3.19127e-09 2.08846e-09 1.34167e-09 8.499e-10 5.33549e-10 3.33872e-10 2.09589e-10 1.32856e-10 8.55521e-11 5.62333e-11 3.77748e-11 2.55244e-11 1.62582e-11 9.07332e-12 
1.54244e-12 3.03624e-12 4.85085e-12 7.34793e-12 1.12719e-11 1.78147e-11 2.90188e-11 4.85434e-11 8.30418e-11 1.44644e-10 2.55253e-10 4.53612e-10 8.05898e-10 1.41939e-09 2.45527e-09 4.13073e-09 6.69451e-09 1.03626e-08 1.52189e-08 2.11192e-08 2.76579e-08 3.42382e-08 4.02214e-08 4.50699e-08 4.8409e-08 5.00104e-08 4.97613e-08 4.76635e-08 4.38642e-08 3.86869e-08 3.26244e-08 2.62718e-08 2.02106e-08 1.48883e-08 1.05468e-08 7.22344e-09 4.8106e-09 3.13187e-09 2.00278e-09 1.26374e-09 7.90606e-10 4.93116e-10 3.08576e-10 1.95027e-10 1.25279e-10 8.22049e-11 5.52371e-11 3.77748e-11 2.53043e-11 1.51707e-11 
2.81305e-12 4.85351e-12 7.40431e-12 1.11534e-11 1.72079e-11 2.73547e-11 4.47068e-11 7.48683e-11 1.28101e-10 2.23235e-10 3.94527e-10 7.02972e-10 1.25337e-09 2.21636e-09 3.84874e-09 6.49524e-09 1.05448e-08 1.63196e-08 2.39079e-08 3.30104e-08 4.29041e-08 5.25841e-08 6.10278e-08 6.74226e-08 7.1243e-08 7.22084e-08 7.0243e-08 6.54971e-08 5.83998e-08 4.96719e-08 4.02399e-08 3.10549e-08 2.28845e-08 1.61744e-08 1.10303e-08 7.30546e-09 4.7282e-09 3.00661e-09 1.88742e-09 1.17524e-09 7.2975e-10 4.54668e-10 2.86173e-10 1.8316e-10 1.19848e-10 8.04194e-11 5.52371e-11 3.81053e-11 2.47063e-11 1.39462e-11 
2.42857e-12 4.78073e-12 7.55306e-12 1.12719e-11 1.70067e-11 2.63876e-11 4.21109e-11 6.89062e-11 1.15356e-10 1.97259e-10 3.43821e-10 6.08544e-10 1.08733e-09 1.94593e-09 3.45543e-09 6.02464e-09 1.02002e-08 1.65893e-08 2.56677e-08 3.75e-08 5.14947e-08 6.6376e-08 8.04615e-08 9.2121e-08 1.0014e-07 1.0381e-07 1.0285e-07 9.73707e-08 8.79266e-08 7.55559e-08 6.16818e-08 4.78392e-08 3.53277e-08 2.49533e-08 1.6966e-08 1.11838e-08 7.19723e-09 4.5495e-09 2.83951e-09 1.75833e-09 1.08594e-09 6.72977e-10 4.21369e-10 2.68396e-10 1.7492e-10 1.17051e-10 8.04194e-11 5.62333e-11 3.84491e-11 2.34191e-11 
4.5082e-12 7.7239e-12 1.16172e-11 1.72079e-11 2.6073e-11 4.06362e-11 6.4964e-11 1.06259e-10 1.77643e-10 3.03431e-10 5.28856e-10 9.37326e-10 1.67931e-09 3.01642e-09 5.37864e-09 9.41581e-09 1.59936e-08 2.60568e-08 4.02995e-08 5.86954e-08 8.01106e-08 1.02308e-07 1.22481e-07 1.38045e-07 1.47226e-07 1.49159e-07 1.43772e-07 1.3175e-07 1.14576e-07 9.44149e-08 7.37161e-08 5.46497e-08 3.86458e-08 2.624e-08 1.72379e-08 1.10394e-08 6.93902e-09 4.30549e-09 2.65042e-09 1.62719e-09 1.00233e-09 6.23794e-10 3.95036e-10 2.56144e-10 1.70723e-10 1.17051e-10 8.22049e-11 5.79212e-11 3.82246e-11 2.18124e-11 
3.94551e-12 7.76872e-12 1.21368e-11 1.78147e-11 2.63876e-11 4.01603e-11 6.27516e-11 1.00319e-10 1.63815e-10 2.73298e-10 4.66123e-10 8.12177e-10 1.44113e-09 2.58835e-09 4.66566e-09 8.35349e-09 1.46829e-08 2.50219e-08 4.08349e-08 6.31168e-08 9.16037e-08 1.24161e-07 1.56882e-07 1.85093e-07 2.04753e-07 2.13393e-07 2.10246e-07 1.96036e-07 1.72866e-07 1.44021e-07 1.13378e-07 8.45216e-08 5.99422e-08 4.07144e-08 2.66962e-08 1.70341e-08 1.0655e-08 6.57478e-09 4.02376e-09 2.45533e-09 1.50289e-09 9.29221e-10 5.84657e-10 3.76836e-10 2.49906e-10 1.70723e-10 1.19848e-10 8.55521e-11 5.95591e-11 3.67528e-11 
7.45774e-12 1.2696e-11 1.88169e-11 2.73547e-11 4.06362e-11 6.20426e-11 9.70086e-11 1.54852e-10 2.5222e-10 4.19711e-10 7.14557e-10 1.24436e-09 2.20991e-09 3.97803e-09 7.19473e-09 1.29337e-08 2.28266e-08 3.90292e-08 6.38e-08 9.85266e-08 1.42398e-07 1.91437e-07 2.38836e-07 2.76863e-07 2.9936e-07 3.033e-07 2.88863e-07 2.58932e-07 2.18499e-07 1.73702e-07 1.3041e-07 9.29009e-08 6.32271e-08 4.1446e-08 2.63854e-08 1.64416e-08 1.00967e-08 6.14579e-09 3.72827e-09 2.26779e-09 1.3929e-09 8.70498e-10 5.57435e-10 3.67539e-10 2.49906e-10 1.7492e-10 1.25279e-10 8.9814e-11 6.00761e-11 3.45543e-11 
6.61038e-12 1.30189e-11 2.01243e-11 2.90188e-11 4.21109e-11 6.27516e-11 9.59504e-11 1.49873e-10 2.38608e-10 3.87407e-10 6.42805e-10 1.09213e-09 1.9003e-09 3.37674e-09 6.09044e-09 1.10506e-08 1.99452e-08 3.53481e-08 6.06428e-08 9.92859e-08 1.53125e-07 2.20159e-07 2.9302e-07 3.5988e-07 4.08156e-07 4.29013e-07 4.19867e-07 3.84006e-07 3.28974e-07 2.64537e-07 2.00307e-07 1.43544e-07 9.80418e-08 6.43512e-08 4.09345e-08 2.54419e-08 1.55637e-08 9.42897e-09 5.68955e-09 3.44058e-09 2.09994e-09 1.30371e-09 8.29358e-10 5.43467e-10 3.67539e-10 2.56144e-10 1.8316e-10 1.32856e-10 9.36883e-11 5.833e-11 
1.26886e-11 2.14792e-11 3.13779e-11 4.47068e-11 6.4964e-11 9.70086e-11 1.48282e-10 2.31058e-10 3.66584e-10 5.93028e-10 9.8087e-10 1.66269e-09 2.88978e-09 5.13618e-09 9.27946e-09 1.68881e-08 3.06042e-08 5.44697e-08 9.37644e-08 1.53713e-07 2.36562e-07 3.37791e-07 4.43819e-07 5.34309e-07 5.89504e-07 5.98283e-07 5.61619e-07 4.90167e-07 3.9954e-07 3.0559e-07 2.20612e-07 1.51439e-07 9.9685e-08 6.34565e-08 3.93913e-08 2.40313e-08 1.45039e-08 8.71204e-09 5.24118e-09 3.18078e-09 1.96274e-09 1.24082e-09 8.08155e-10 5.43467e-10 3.76836e-10 2.68396e-10 1.95027e-10 1.41428e-10 9.53965e-11 5.51452e-11 
1.13629e-11 2.23761e-11 3.42578e-11 4.85434e-11 6.89062e-11 1.00319e-10 1.49873e-10 2.28645e-10 3.55026e-10 5.60948e-10 9.03837e-10 1.48985e-09 2.519e-09 4.3716e-09 7.76868e-09 1.40546e-08 2.56523e-08 4.66733e-08 8.3428e-08 1.44077e-07 2.36352e-07 3.62434e-07 5.12596e-07 6.6205e-07 7.76716e-07 8.27705e-07 8.04945e-07 7.1986e-07 5.96689e-07 4.61879e-07 3.36405e-07 2.32426e-07 1.53676e-07 9.80527e-08 6.08805e-08 3.7087e-08 2.23233e-08 1.33608e-08 8.00362e-09 4.83389e-09 2.96717e-09 1.86548e-09 1.20828e-09 8.08155e-10 5.57435e-10 3.95036e-10 2.86173e-10 2.09589e-10 1.48821e-10 9.30994e-11 
2.20489e-11 3.71608e-11 5.35985e-11 7.48683e-11 1.06259e-10 1.54852e-10 2.31058e-10 3.51333e-10 5.43116e-10 8.54138e-10 1.37029e-09 2.2504e-09 3.79399e-09 6.57184e-09 1.16716e-08 2.11361e-08 3.86806e-08 7.06573e-08 1.26832e-07 2.19627e-07 3.60055e-07 5.48726e-07 7.65496e-07 9.66177e-07 1.09644e-06 1.11939e-06 1.03546e-06 8.77563e-07 6.89444e-07 5.07505e-07 3.53446e-07 2.35119e-07 1.50624e-07 9.36914e-08 5.70736e-08 3.43048e-08 2.04814e-08 1.22297e-08 7.35844e-09 4.49787e-09 2.8152e-09 1.81501e-09 1.20828e-09 8.29358e-10 5.84657e-10 4.21369e-10 3.08576e-10 2.24857e-10 1.52153e-10 8.81752e-11 
1.98814e-11 3.914e-11 5.94944e-11 8.30418e-11 1.15356e-10 1.63815e-10 2.38608e-10 3.55026e-10 5.37406e-10 8.26438e-10 1.29298e-09 2.06456e-09 3.37692e-09 5.67462e-09 9.80621e-09 1.73963e-08 3.152e-08 5.78245e-08 1.06029e-07 1.9105e-07 3.31303e-07 5.41441e-07 8.16683e-07 1.11715e-06 1.36755e-06 1.48844e-06 1.44425e-06 1.26318e-06 1.01219e-06 7.54912e-07 5.30808e-07 3.55876e-07 2.29343e-07 1.43173e-07 8.73602e-08 5.25133e-08 3.13172e-08 1.86626e-08 1.12e-08 6.82566e-09 4.25838e-09 2.73619e-09 1.81501e-09 1.24082e-09 8.70498e-10 6.23794e-10 4.54668e-10 3.33872e-10 2.37254e-10 1.48548e-10 
3.88068e-11 6.52499e-11 9.32683e-11 1.28101e-10 1.77643e-10 2.5222e-10 3.66584e-10 5.43116e-10 8.17552e-10 1.24974e-09 1.94396e-09 3.08788e-09 5.0282e-09 8.41812e-09 1.45054e-08 2.56902e-08 4.65516e-08 8.55834e-08 1.57455e-07 2.84487e-07 4.92789e-07 7.99498e-07 1.18632e-06 1.5792e-06 1.85893e-06 1.92432e-06 1.76252e-06 1.45312e-06 1.1027e-06 7.84328e-07 5.30945e-07 3.44939e-07 2.16554e-07 1.32617e-07 7.98698e-08 4.76545e-08 2.83825e-08 1.70124e-08 1.0351e-08 6.4459e-09 4.13377e-09 2.73619e-09 1.86548e-09 1.30371e-09 9.29221e-10 6.72977e-10 4.93116e-10 3.58663e-10 2.42229e-10 1.40434e-10 
3.5092e-11 6.91004e-11 1.04689e-10 1.44644e-10 1.97259e-10 2.73298e-10 3.87407e-10 5.60948e-10 8.26438e-10 1.23583e-09 1.87622e-09 2.89945e-09 4.5788e-09 7.41875e-09 1.23686e-08 2.12419e-08 3.75426e-08 6.80061e-08 1.25241e-07 2.3095e-07 4.17469e-07 7.19177e-07 1.15127e-06 1.66765e-06 2.14251e-06 2.40556e-06 2.35021e-06 2.02296e-06 1.57381e-06 1.13553e-06 7.77611e-07 5.10441e-07 3.22973e-07 1.98975e-07 1.20335e-07 7.19766e-08 4.29198e-08 2.57353e-08 1.56563e-08 9.74664e-09 6.24836e-09 4.13377e-09 2.8152e-09 1.96274e-09 1.3929e-09 1.00233e-09 7.2975e-10 5.33549e-10 3.77169e-10 2.35478e-10 
6.85723e-11 1.15376e-10 1.64362e-10 2.23235e-10 3.03431e-10 4.19711e-10 5.93028e-10 8.54138e-10 1.24974e-09 1.85437e-09 2.79309e-09 4.28413e-09 6.72054e-09 1.08282e-08 1.7972e-08 3.07569e-08 5.42389e-08 9.81839e-08 1.8099e-07 3.338e-07 6.01295e-07 1.02377e-06 1.60572e-06 2.25339e-06 2.7747e-06 2.94698e-06 2.6998e-06 2.18235e-06 1.60438e-06 1.11357e-06 7.40103e-07 4.72867e-07 2.93844e-07 1.78946e-07 1.07574e-07 6.43656e-08 3.86832e-08 2.35714e-08 1.46939e-08 9.43263e-09 6.24836e-09 4.25838e-09 2.96717e-09 2.09994e-09 1.50289e-09 1.08594e-09 7.90606e-10 5.70251e-10 3.82487e-10 2.21428e-10 
6.18954e-11 1.2209e-10 1.85337e-10 2.55253e-10 3.43821e-10 4.66123e-10 6.42805e-10 9.03837e-10 1.29298e-09 1.87622e-09 2.75868e-09 4.11688e-09 6.25952e-09 9.74431e-09 1.56049e-08 2.57859e-08 4.39942e-08 7.74439e-08 1.4004e-07 2.57991e-07 4.74091e-07 8.46868e-07 1.41654e-06 2.16652e-06 2.93205e-06 3.43049e-06 3.41556e-06 2.92315e-06 2.20843e-06 1.55647e-06 1.04827e-06 6.76515e-07 4.25057e-07 2.61484e-07 1.58492e-07 9.54279e-08 5.7625e-08 3.52445e-08 2.2042e-08 1.41948e-08 9.43263e-09 6.4459e-09 4.49787e-09 3.18078e-09 2.26779e-09 1.62719e-09 1.17524e-09 8.499e-10 5.94186e-10 3.68557e-10 
1.20537e-10 2.0382e-10 2.91445e-10 3.94527e-10 5.28856e-10 7.14557e-10 9.8087e-10 1.37029e-09 1.94396e-09 2.79309e-09 4.0626e-09 5.9963e-09 9.02287e-09 1.39231e-08 2.21586e-08 3.64903e-08 6.21636e-08 1.09353e-07 1.97332e-07 3.62311e-07 6.60618e-07 1.16813e-06 1.91715e-06 2.86073e-06 3.69674e-06 4.0558e-06 3.76283e-06 2.96764e-06 2.13626e-06 1.45416e-06 9.43073e-07 5.99349e-07 3.73496e-07 2.29116e-07 1.39326e-07 8.48067e-08 5.22017e-08 3.28269e-08 2.1251e-08 1.41948e-08 9.74664e-09 6.82566e-09 4.83389e-09 3.44058e-09 2.45533e-09 1.75833e-09 1.26374e-09 8.98296e-10 5.95446e-10 3.43552e-10 
1.08042e-10 2.14028e-10 3.27652e-10 4.53612e-10 6.08544e-10 8.12177e-10 1.09213e-09 1.48985e-09 2.06456e-09 2.89945e-09 4.11688e-09 5.91062e-09 8.60847e-09 1.27938e-08 1.95487e-08 3.09429e-08 5.09171e-08 8.6878e-08 1.52906e-07 2.74635e-07 5.01479e-07 9.08668e-07 1.59677e-06 2.56641e-06 3.68455e-06 4.44626e-06 4.55048e-06 3.88458e-06 2.92088e-06 2.01096e-06 1.28834e-06 8.22372e-07 5.18799e-07 3.23173e-07 1.99347e-07 1.22827e-07 7.63526e-08 4.84133e-08 3.15808e-08 2.1251e-08 1.46939e-08 1.0351e-08 7.35844e-09 5.24118e-09 3.72827e-09 2.65042e-09 1.88742e-09 1.34167e-09 9.22352e-10 5.66256e-10 
2.08856e-10 3.56804e-10 5.16247e-10 7.02972e-10 9.37326e-10 1.24436e-09 1.66269e-09 2.2504e-09 3.08788e-09 4.28413e-09 5.9963e-09 8.4732e-09 1.21414e-08 1.77806e-08 2.68893e-08 4.24442e-08 7.01434e-08 1.20363e-07 2.11877e-07 3.77549e-07 6.90016e-07 1.23796e-06 2.14476e-06 3.28666e-06 4.37381e-06 4.93564e-06 4.75406e-06 3.95505e-06 2.82988e-06 1.77114e-06 1.11203e-06 7.0007e-07 4.4239e-07 2.77904e-07 1.74222e-07 1.09867e-07 7.04925e-08 4.64692e-08 3.15808e-08 2.2042e-08 1.56563e-08 1.12e-08 8.00362e-09 5.68955e-09 4.02376e-09 2.83951e-09 2.00278e-09 1.39453e-09 9.0899e-10 5.21547e-10 
1.84878e-10 3.69055e-10 5.73852e-10 8.05898e-10 1.08733e-09 1.44113e-09 1.9003e-09 2.519e-09 3.37692e-09 4.5788e-09 6.25952e-09 8.60847e-09 1.1928e-08 1.67537e-08 2.41207e-08 3.61417e-08 5.72246e-08 9.56554e-08 1.6553e-07 2.91096e-07 5.13057e-07 9.2137e-07 1.60014e-06 2.68171e-06 3.84593e-06 4.81464e-06 5.27407e-06 5.03775e-06 3.98524e-06 2.50415e-06 1.54731e-06 9.33468e-07 5.87671e-07 3.75411e-07 2.40675e-07 1.54817e-07 1.00967e-07 6.75022e-08 4.64692e-08 3.28269e-08 2.35714e-08 1.70124e-08 1.22297e-08 8.71204e-09 6.14579e-09 4.30549e-09 3.00661e-09 2.08846e-09 1.40378e-09 8.49637e-10 
3.53546e-10 6.13782e-10 9.06148e-10 1.25337e-09 1.67931e-09 2.20991e-09 2.88978e-09 3.79399e-09 5.0282e-09 6.72054e-09 9.02287e-09 1.21414e-08 1.64174e-08 2.2506e-08 3.18109e-08 4.74336e-08 7.60786e-08 1.29448e-07 2.26206e-07 3.92295e-07 6.30279e-07 1.12539e-06 1.94503e-06 3.30934e-06 4.68672e-06 5.68111e-06 6.10497e-06 5.32995e-06 3.6112e-06 2.27535e-06 1.28585e-06 7.74538e-07 4.91878e-07 3.22225e-07 2.1255e-07 1.41639e-07 9.64593e-08 6.75022e-08 4.84133e-08 3.52445e-08 2.57353e-08 1.86626e-08 1.33608e-08 9.42897e-09 6.57478e-09 4.5495e-09 3.13187e-09 2.12361e-09 1.35436e-09 7.70805e-10 
3.0741e-10 6.20616e-10 9.87288e-10 1.41939e-09 1.94593e-09 2.58835e-09 3.37674e-09 4.3716e-09 5.67462e-09 7.41875e-09 9.74431e-09 1.27938e-08 1.67537e-08 2.19776e-08 2.92781e-08 4.06907e-08 6.09895e-08 1.00293e-07 1.74255e-07 2.92677e-07 4.55132e-07 6.46234e-07 1.40516e-06 2.39279e-06 3.55905e-06 5.1662e-06 6.14846e-06 6.29665e-06 5.25366e-06 3.63277e-06 1.88568e-06 1.07098e-06 6.42951e-07 4.19425e-07 2.8324e-07 1.93708e-07 1.35037e-07 9.64593e-08 7.04925e-08 5.22017e-08 3.86832e-08 2.83825e-08 2.04814e-08 1.45039e-08 1.00967e-08 6.93902e-09 4.7282e-09 3.19127e-09 2.08569e-09 1.23952e-09 
5.79862e-10 1.02875e-09 1.56228e-09 2.21636e-09 3.01642e-09 3.97803e-09 5.13618e-09 6.57184e-09 8.41812e-09 1.08282e-08 1.39231e-08 1.77806e-08 2.2506e-08 2.84516e-08 3.67407e-08 5.0635e-08 7.7592e-08 1.3164e-07 2.10846e-07 2.87758e-07 4.74226e-07 6.72459e-07 1.74936e-06 6.19076e-06 9.47691e-06 1.24469e-05 8.517e-06 7.39538e-06 5.72023e-06 3.29985e-06 1.73817e-06 8.97238e-07 5.49367e-07 3.68343e-07 2.57518e-07 1.84429e-07 1.35037e-07 1.00967e-07 7.63526e-08 5.7625e-08 4.29198e-08 3.13172e-08 2.23233e-08 1.55637e-08 1.0655e-08 7.19723e-09 4.8106e-09 3.15889e-09 1.96176e-09 1.10432e-09 
4.92985e-10 1.00966e-09 1.65406e-09 2.45527e-09 3.45543e-09 4.66566e-09 6.09044e-09 7.76868e-09 9.80621e-09 1.23686e-08 1.56049e-08 1.95487e-08 2.41207e-08 2.92781e-08 3.54581e-08 4.45561e-08 6.21245e-08 9.7405e-08 1.51659e-07 1.96363e-07 1.39588e-07 4.40212e-07 2.29741e-06 5.0677e-06 8.1974e-06 1.1224e-05 1.28482e-05 1.2791e-05 1.23179e-05 6.15535e-06 3.25273e-06 1.51405e-06 7.66649e-07 4.84777e-07 3.34994e-07 2.45234e-07 1.84429e-07 1.41639e-07 1.09867e-07 8.48067e-08 6.43656e-08 4.76545e-08 3.43048e-08 2.40313e-08 1.64416e-08 1.10394e-08 7.30546e-09 4.76612e-09 3.01366e-09 1.75191e-09 
9.14988e-10 1.66642e-09 2.62141e-09 3.84874e-09 5.37864e-09 7.19473e-09 9.27946e-09 1.16716e-08 1.45054e-08 1.7972e-08 2.21586e-08 2.68893e-08 3.18109e-08 3.67407e-08 4.25893e-08 5.31363e-08 7.49485e-08 1.16371e-07 1.09183e-07 1.94046e-07 6.3215e-07 1.87871e-06 4.20358e-06 7.13007e-06 1.02933e-05 1.25995e-05 1.33924e-05 1.29796e-05 1.09788e-05 9.06732e-06 3.12173e-06 1.26319e-06 6.65458e-07 4.41642e-07 3.20091e-07 2.45234e-07 1.93708e-07 1.54817e-07 1.22827e-07 9.54279e-08 7.19766e-08 5.25133e-08 3.7087e-08 2.54419e-08 1.70341e-08 1.11838e-08 7.22344e-09 4.57152e-09 2.75323e-09 1.52864e-09 
7.58145e-10 1.57803e-09 2.67563e-09 4.13073e-09 6.02464e-09 8.35349e-09 1.10506e-08 1.40546e-08 1.73963e-08 2.12419e-08 2.57859e-08 3.09429e-08 3.61417e-08 4.06907e-08 4.45561e-08 5.01435e-08 6.37509e-08 9.47315e-08 7.5439e-08 2.02731e-07 6.76313e-07 1.62866e-06 3.39353e-06 6.27608e-06 9.0344e-06 1.15672e-05 1.29604e-05 1.33986e-05 1.22509e-05 1.01219e-05 7.43474e-06 2.68002e-06 1.10453e-06 5.90141e-07 4.25566e-07 3.20091e-07 2.57518e-07 2.1255e-07 1.74222e-07 1.39326e-07 1.07574e-07 7.98698e-08 5.70736e-08 3.93913e-08 2.63854e-08 1.72379e-08 1.10303e-08 6.92543e-09 4.2201e-09 2.39234e-09 
1.38163e-09 2.59011e-09 4.24246e-09 6.49524e-09 9.41581e-09 1.29337e-08 1.68881e-08 2.11361e-08 2.56902e-08 3.07569e-08 3.64903e-08 4.24442e-08 4.74336e-08 5.0635e-08 5.31363e-08 5.99795e-08 7.51787e-08 5.91972e-08 1.92558e-07 6.82138e-07 1.52229e-06 2.96956e-06 4.86294e-06 7.46721e-06 9.72036e-06 1.14471e-05 1.23801e-05 1.23366e-05 1.1312e-05 9.01803e-06 5.81158e-06 2.17106e-06 9.25496e-07 5.67142e-07 4.25566e-07 3.34994e-07 2.8324e-07 2.40675e-07 1.99347e-07 1.58492e-07 1.20335e-07 8.73602e-08 6.08805e-08 4.09345e-08 2.66962e-08 1.6966e-08 1.05468e-08 6.41084e-09 3.73387e-09 2.03977e-09 
1.11405e-09 2.35678e-09 4.14755e-09 6.69451e-09 1.02002e-08 1.46829e-08 1.99452e-08 2.56523e-08 3.152e-08 3.75426e-08 4.39942e-08 5.09171e-08 5.72246e-08 6.09895e-08 6.21245e-08 6.37509e-08 6.90706e-08 8.09063e-08 2.16017e-07 6.67592e-07 1.45878e-06 2.51137e-06 4.04671e-06 5.75401e-06 7.74657e-06 9.36937e-06 1.06125e-05 1.11742e-05 1.09474e-05 9.77486e-06 7.45584e-06 4.9793e-06 1.82272e-06 8.61951e-07 5.67142e-07 4.41642e-07 3.68343e-07 3.22225e-07 2.77904e-07 2.29116e-07 1.78946e-07 1.32617e-07 9.36914e-08 6.34565e-08 4.1446e-08 2.624e-08 1.61744e-08 9.74359e-09 5.70948e-09 3.15057e-09 
1.98984e-09 3.84144e-09 6.56929e-09 1.05448e-08 1.59936e-08 2.28266e-08 3.06042e-08 3.86806e-08 4.65516e-08 5.42389e-08 6.21636e-08 7.01434e-08 7.60786e-08 7.7592e-08 7.49485e-08 7.51787e-08 6.85123e-08 2.10618e-07 6.40009e-07 1.32723e-06 2.26149e-06 3.33291e-06 4.69239e-06 6.10482e-06 7.54997e-06 8.72607e-06 9.5483e-06 9.82191e-06 9.41024e-06 8.22605e-06 6.45383e-06 4.37065e-06 2.44842e-06 8.61951e-07 5.90141e-07 4.84777e-07 4.19425e-07 3.75411e-07 3.23173e-07 2.61484e-07 1.98975e-07 1.43173e-07 9.80527e-08 6.43512e-08 4.07144e-08 2.49533e-08 1.48883e-08 8.67852e-09 4.88354e-09 2.6206e-09 
1.56188e-09 3.35228e-09 6.12467e-09 1.03626e-08 1.65893e-08 2.50219e-08 3.53481e-08 4.66733e-08 5.78245e-08 6.80061e-08 7.74439e-08 8.6878e-08 9.56554e-08 1.00293e-07 9.7405e-08 9.47315e-08 8.09063e-08 2.17838e-07 6.21026e-07 1.22661e-06 1.98746e-06 2.89334e-06 3.87872e-06 4.99602e-06 6.10651e-06 7.16268e-06 7.98052e-06 8.47533e-06 8.53072e-06 8.07345e-06 7.15593e-06 5.71549e-06 4.07514e-06 2.44842e-06 9.25496e-07 6.65458e-07 5.49367e-07 4.91878e-07 4.4239e-07 3.73496e-07 2.93844e-07 2.16554e-07 1.50624e-07 9.9685e-08 6.32271e-08 3.86458e-08 2.28845e-08 1.3212e-08 7.44455e-09 3.99777e-09 
2.73017e-09 5.41746e-09 9.67197e-09 1.63196e-08 2.60568e-08 3.90292e-08 5.44697e-08 7.06573e-08 8.55834e-08 9.81839e-08 1.09353e-07 1.20363e-07 1.29448e-07 1.3164e-07 1.16371e-07 5.91972e-08 2.10618e-07 6.1355e-07 1.14398e-06 1.78759e-06 2.52943e-06 3.33901e-06 4.18725e-06 5.07573e-06 5.92997e-06 6.68956e-06 7.23895e-06 7.52022e-06 7.48427e-06 7.13011e-06 6.43239e-06 5.40592e-06 4.07514e-06 1.82272e-06 1.10453e-06 7.66649e-07 6.42951e-07 5.87671e-07 5.18799e-07 4.25057e-07 3.22973e-07 2.29343e-07 1.53676e-07 9.80418e-08 5.99422e-08 3.53277e-08 2.02106e-08 1.13054e-08 6.15284e-09 3.24119e-09 
2.0903e-09 4.53622e-09 8.58409e-09 1.52189e-08 2.56677e-08 4.08349e-08 6.06428e-08 8.3428e-08 1.06029e-07 1.25241e-07 1.4004e-07 1.52906e-07 1.6553e-07 1.74255e-07 1.51659e-07 7.5439e-08 2.16017e-07 6.21026e-07 1.10791e-06 1.6553e-06 2.26739e-06 2.93412e-06 3.62442e-06 4.32373e-06 5.02053e-06 5.66556e-06 6.20725e-06 6.57789e-06 6.75514e-06 6.73581e-06 6.51076e-06 6.07501e-06 5.40592e-06 4.37065e-06 2.17106e-06 1.26319e-06 8.97238e-07 7.74538e-07 7.0007e-07 5.99349e-07 4.72867e-07 3.44939e-07 2.35119e-07 1.51439e-07 9.29009e-08 5.46497e-08 3.10549e-08 1.72011e-08 9.34042e-09 4.88772e-09 
3.57177e-09 7.25644e-09 1.34868e-08 2.39079e-08 4.02995e-08 6.38e-08 9.37644e-08 1.26832e-07 1.57455e-07 1.8099e-07 1.97332e-07 2.11877e-07 2.26206e-07 2.10846e-07 1.09183e-07 1.92558e-07 6.40009e-07 1.14398e-06 1.60589e-06 2.10214e-06 2.6445e-06 3.21378e-06 3.78517e-06 4.34953e-06 4.89067e-06 5.37564e-06 5.7689e-06 6.04239e-06 6.20006e-06 6.24695e-06 6.20677e-06 6.07501e-06 5.71549e-06 4.9793e-06 2.68002e-06 1.51405e-06 1.07098e-06 9.33468e-07 8.22372e-07 6.76515e-07 5.10441e-07 3.55876e-07 2.32426e-07 1.43544e-07 8.45216e-08 4.78392e-08 2.62718e-08 1.41439e-08 7.46612e-09 3.86203e-09 
2.67608e-09 5.84553e-09 1.14052e-08 2.11192e-08 3.75e-08 6.31168e-08 9.92859e-08 1.44077e-07 1.9105e-07 2.3095e-07 2.57991e-07 2.74635e-07 2.91096e-07 2.92677e-07 1.96363e-07 2.02731e-07 6.67592e-07 1.22661e-06 1.6553e-06 2.04101e-06 2.46639e-06 2.92427e-06 3.39493e-06 3.85962e-06 4.30928e-06 4.7304e-06 5.10141e-06 5.4074e-06 5.64672e-06 5.83612e-06 6.00957e-06 6.20677e-06 6.43239e-06 6.45383e-06 5.81158e-06 3.12173e-06 1.73817e-06 1.28585e-06 1.11203e-06 9.43073e-07 7.40103e-07 5.30945e-07 3.53446e-07 2.20612e-07 1.3041e-07 7.37161e-08 4.02399e-08 2.14532e-08 1.12716e-08 5.76235e-09 
4.46675e-09 9.24204e-09 1.77898e-08 3.30104e-08 5.86954e-08 9.85266e-08 1.53713e-07 2.19627e-07 2.84487e-07 3.338e-07 3.62311e-07 3.77549e-07 3.92295e-07 2.87758e-07 1.94046e-07 6.82138e-07 1.32723e-06 1.78759e-06 2.10214e-06 2.40309e-06 2.74864e-06 3.12245e-06 3.50444e-06 3.87862e-06 4.2371e-06 4.57011e-06 4.86903e-06 5.1352e-06 5.38499e-06 5.65794e-06 6.00957e-06 6.51076e-06 7.15593e-06 7.45584e-06 7.43474e-06 3.25273e-06 1.88568e-06 1.54731e-06 1.28834e-06 1.04827e-06 7.77611e-07 5.30808e-07 3.36405e-07 2.00307e-07 1.13378e-07 6.16818e-08 3.26244e-08 1.69837e-08 8.73167e-09 4.43964e-09 
3.2876e-09 7.19343e-09 1.43835e-08 2.76579e-08 5.14947e-08 9.16037e-08 1.53125e-07 2.36352e-07 3.31303e-07 4.17469e-07 4.74091e-07 5.01479e-07 5.13057e-07 4.55132e-07 1.39588e-07 6.76313e-07 1.45878e-06 1.98746e-06 2.26739e-06 2.46639e-06 2.68804e-06 2.95908e-06 3.25786e-06 3.56469e-06 3.86621e-06 4.15554e-06 4.42926e-06 4.69e-06 4.95324e-06 5.25537e-06 5.65794e-06 6.24695e-06 7.13011e-06 8.22605e-06 9.01803e-06 9.06732e-06 3.29985e-06 2.27535e-06 1.77114e-06 1.45416e-06 1.11357e-06 7.84328e-07 5.07505e-07 3.0559e-07 1.73702e-07 9.44149e-08 4.96719e-08 2.56171e-08 1.30913e-08 6.56009e-09 
5.35876e-09 1.12267e-08 2.22293e-08 4.29041e-08 8.01106e-08 1.42398e-07 2.36562e-07 3.60055e-07 4.92789e-07 6.01295e-07 6.60618e-07 6.90016e-07 6.30279e-07 4.74226e-07 6.3215e-07 1.52229e-06 2.26149e-06 2.52943e-06 2.6445e-06 2.74864e-06 2.90366e-06 3.11102e-06 3.34721e-06 3.59372e-06 3.83894e-06 4.07916e-06 4.3179e-06 4.56867e-06 4.86233e-06 5.25537e-06 5.83612e-06 6.73581e-06 8.07345e-06 9.77486e-06 1.01219e-05 6.15535e-06 3.63277e-06 2.50415e-06 2.01096e-06 1.55647e-06 1.13553e-06 7.54912e-07 4.61879e-07 2.64537e-07 1.44021e-07 7.55559e-08 3.86869e-08 1.95891e-08 9.85597e-09 4.93254e-09 
3.8893e-09 8.48655e-09 1.72752e-08 3.42382e-08 6.6376e-08 1.24161e-07 2.20159e-07 3.62434e-07 5.41441e-07 7.19177e-07 8.46868e-07 9.08668e-07 9.2137e-07 6.46234e-07 4.40212e-07 1.62866e-06 2.51137e-06 2.89334e-06 2.93412e-06 2.92427e-06 2.95908e-06 3.06177e-06 3.21819e-06 3.40472e-06 3.60416e-06 3.80772e-06 4.0162e-06 4.24108e-06 4.50753e-06 4.86233e-06 5.38499e-06 6.20006e-06 7.48427e-06 9.41024e-06 1.1312e-05 1.09788e-05 5.72023e-06 3.6112e-06 2.82988e-06 2.13626e-06 1.60438e-06 1.1027e-06 6.89444e-07 3.9954e-07 2.18499e-07 1.14576e-07 5.83998e-08 2.93159e-08 1.46563e-08 7.22431e-09 
6.19148e-09 1.30623e-08 2.64089e-08 5.25841e-08 1.02308e-07 1.91437e-07 3.37791e-07 5.48726e-07 7.99498e-07 1.02377e-06 1.16813e-06 1.23796e-06 1.12539e-06 6.72459e-07 1.87871e-06 2.96956e-06 3.33291e-06 3.33901e-06 3.21378e-06 3.12245e-06 3.11102e-06 3.17517e-06 3.29276e-06 3.44082e-06 3.60454e-06 3.7792e-06 3.97159e-06 4.20195e-06 4.50753e-06 4.95324e-06 5.64672e-06 6.75514e-06 8.53072e-06 1.09474e-05 1.22509e-05 1.23179e-05 5.25366e-06 3.98524e-06 2.92088e-06 2.20843e-06 1.57381e-06 1.01219e-06 5.96689e-07 3.28974e-07 1.72866e-07 8.79266e-08 4.38642e-08 2.17412e-08 1.07571e-08 5.30625e-09 
4.44535e-09 9.63928e-09 1.98502e-08 4.02214e-08 8.04615e-08 1.56882e-07 2.9302e-07 5.12596e-07 8.16683e-07 1.15127e-06 1.41654e-06 1.59677e-06 1.60014e-06 1.40516e-06 2.29741e-06 3.39353e-06 4.04671e-06 3.87872e-06 3.62442e-06 3.39493e-06 3.25786e-06 3.21819e-06 3.25557e-06 3.34404e-06 3.46266e-06 3.60039e-06 3.75777e-06 3.94849e-06 4.20195e-06 4.56867e-06 5.1352e-06 6.04239e-06 7.52022e-06 9.82191e-06 1.23366e-05 1.29796e-05 7.39538e-06 5.32995e-06 3.95505e-06 2.96764e-06 2.18235e-06 1.45312e-06 8.77563e-07 4.90167e-07 2.58932e-07 1.3175e-07 6.54971e-08 3.22184e-08 1.58485e-08 7.70978e-09 
6.91413e-09 1.46228e-08 2.99756e-08 6.10278e-08 1.22481e-07 2.38836e-07 4.43819e-07 7.65496e-07 1.18632e-06 1.60572e-06 1.91715e-06 2.14476e-06 1.94503e-06 1.74936e-06 4.20358e-06 4.86294e-06 4.69239e-06 4.18725e-06 3.78517e-06 3.50444e-06 3.34721e-06 3.29276e-06 3.31193e-06 3.37852e-06 3.47508e-06 3.5955e-06 3.74632e-06 3.94849e-06 4.24108e-06 4.69e-06 5.4074e-06 6.57789e-06 8.47533e-06 1.11742e-05 1.33986e-05 1.2791e-05 6.29665e-06 5.03775e-06 3.88458e-06 2.92315e-06 2.02296e-06 1.26318e-06 7.1986e-07 3.84006e-07 1.96036e-07 9.73707e-08 4.76635e-08 2.32707e-08 1.13737e-08 5.5364e-09 
4.92217e-09 1.05809e-08 2.19259e-08 4.50699e-08 9.2121e-08 1.85093e-07 3.5988e-07 6.6205e-07 1.11715e-06 1.66765e-06 2.16652e-06 2.56641e-06 2.68171e-06 2.39279e-06 5.0677e-06 6.27608e-06 5.75401e-06 4.99602e-06 4.32373e-06 3.85962e-06 3.56469e-06 3.40472e-06 3.34404e-06 3.3506e-06 3.40065e-06 3.48145e-06 3.59242e-06 3.74632e-06 3.97159e-06 4.3179e-06 4.86903e-06 5.7689e-06 7.23895e-06 9.5483e-06 1.23801e-05 1.33924e-05 8.517e-06 6.10497e-06 4.75406e-06 3.76283e-06 2.6998e-06 1.76252e-06 1.03546e-06 5.61619e-07 2.88863e-07 1.43772e-07 7.0243e-08 3.40878e-08 1.65861e-08 7.98607e-09 
7.48386e-09 1.58122e-08 3.26665e-08 6.74226e-08 1.38045e-07 2.76863e-07 5.34309e-07 9.66177e-07 1.5792e-06 2.25339e-06 2.86073e-06 3.28666e-06 3.30934e-06 6.19076e-06 7.13007e-06 7.46721e-06 6.10482e-06 5.07573e-06 4.34953e-06 3.87862e-06 3.59372e-06 3.44082e-06 3.37852e-06 3.37594e-06 3.41361e-06 3.48406e-06 3.59242e-06 3.75777e-06 4.0162e-06 4.42926e-06 5.10141e-06 6.20725e-06 7.98052e-06 1.06125e-05 1.29604e-05 1.28482e-05 6.14846e-06 5.27407e-06 4.55048e-06 3.41556e-06 2.35021e-06 1.44425e-06 8.04945e-07 4.19867e-07 2.10246e-07 1.0285e-07 4.97613e-08 2.40728e-08 1.16684e-08 5.60995e-09 
5.29013e-09 1.12567e-08 2.33725e-08 4.8409e-08 1.0014e-07 2.04753e-07 4.08156e-07 7.76716e-07 1.36755e-06 2.14251e-06 2.93205e-06 3.68455e-06 3.84593e-06 3.55905e-06 8.1974e-06 9.0344e-06 7.74657e-06 6.10651e-06 5.02053e-06 4.30928e-06 3.86621e-06 3.60416e-06 3.46266e-06 3.40065e-06 3.39107e-06 3.41955e-06 3.48406e-06 3.5955e-06 3.7792e-06 4.07916e-06 4.57011e-06 5.37564e-06 6.68956e-06 8.72607e-06 1.14471e-05 1.25995e-05 1.24469e-05 5.68111e-06 4.93564e-06 4.0558e-06 2.94698e-06 1.92432e-06 1.11939e-06 5.98283e-07 3.033e-07 1.49159e-07 7.22084e-08 3.47953e-08 1.68265e-08 8.0384e-09 
7.86668e-09 1.65617e-08 3.43077e-08 7.1243e-08 1.47226e-07 2.9936e-07 5.89504e-07 1.09644e-06 1.85893e-06 2.7747e-06 3.69674e-06 4.37381e-06 4.68672e-06 9.47691e-06 1.02933e-05 9.72036e-06 7.54997e-06 5.92997e-06 4.89067e-06 4.2371e-06 3.83894e-06 3.60454e-06 3.47508e-06 3.41361e-06 3.39811e-06 3.41955e-06 3.48145e-06 3.60039e-06 3.80772e-06 4.15554e-06 4.7304e-06 5.66556e-06 7.16268e-06 9.36937e-06 1.15672e-05 1.1224e-05 5.1662e-06 4.81464e-06 4.44626e-06 3.43049e-06 2.40556e-06 1.48844e-06 8.27705e-07 4.29013e-07 2.13393e-07 1.0381e-07 5.00104e-08 2.41042e-08 1.16273e-08 5.52507e-09 
5.52507e-09 1.16273e-08 2.41042e-08 5.00104e-08 1.0381e-07 2.13393e-07 4.29013e-07 8.27705e-07 1.48844e-06 2.40556e-06 3.43049e-06 4.44626e-06 4.81464e-06 5.1662e-06 1.1224e-05 1.15672e-05 9.36937e-06 7.16268e-06 5.66556e-06 4.7304e-06 4.15554e-06 3.80772e-06 3.60039e-06 3.48145e-06 3.41955e-06 3.39811e-06 3.41361e-06 3.47508e-06 3.60454e-06 3.83894e-06 4.2371e-06 4.89067e-06 5.92997e-06 7.54997e-06 9.72036e-06 1.02933e-05 9.47691e-06 4.68672e-06 4.37381e-06 3.69674e-06 2.7747e-06 1.85893e-06 1.09644e-06 5.89504e-07 2.9936e-07 1.47226e-07 7.1243e-08 3.43077e-08 1.65617e-08 7.86668e-09 
8.0384e-09 1.68265e-08 3.47953e-08 7.22084e-08 1.49159e-07 3.033e-07 5.98283e-07 1.11939e-06 1.92432e-06 2.94698e-06 4.0558e-06 4.93564e-06 5.68111e-06 1.24469e-05 1.25995e-05 1.14471e-05 8.72607e-06 6.68956e-06 5.37564e-06 4.57011e-06 4.07916e-06 3.7792e-06 3.5955e-06 3.48406e-06 3.41955e-06 3.39107e-06 3.40065e-06 3.46266e-06 3.60416e-06 3.86621e-06 4.30928e-06 5.02053e-06 6.10651e-06 7.74657e-06 9.0344e-06 8.1974e-06 3.55905e-06 3.84593e-06 3.68455e-06 2.93205e-06 2.14251e-06 1.36755e-06 7.76716e-07 4.08156e-07 2.04753e-07 1.0014e-07 4.8409e-08 2.33725e-08 1.12567e-08 5.29013e-09 
5.60995e-09 1.16684e-08 2.40728e-08 4.97613e-08 1.0285e-07 2.10246e-07 4.19867e-07 8.04945e-07 1.44425e-06 2.35021e-06 3.41556e-06 4.55048e-06 5.27407e-06 6.14846e-06 1.28482e-05 1.29604e-05 1.06125e-05 7.98052e-06 6.20725e-06 5.10141e-06 4.42926e-06 4.0162e-06 3.75777e-06 3.59242e-06 3.48406e-06 3.41361e-06 3.37594e-06 3.37852e-06 3.44082e-06 3.59372e-06 3.87862e-06 4.34953e-06 5.07573e-06 6.10482e-06 7.46721e-06 7.13007e-06 6.19076e-06 3.30934e-06 3.28666e-06 2.86073e-06 2.25339e-06 1.5792e-06 9.66177e-07 5.34309e-07 2.76863e-07 1.38045e-07 6.74226e-08 3.26665e-08 1.58122e-08 7.48386e-09 
7.98607e-09 1.65861e-08 3.40878e-08 7.0243e-08 1.43772e-07 2.88863e-07 5.61619e-07 1.03546e-06 1.76252e-06 2.6998e-06 3.76283e-06 4.75406e-06 6.10497e-06 8.517e-06 1.33924e-05 1.23801e-05 9.5483e-06 7.23895e-06 5.7689e-06 4.86903e-06 4.3179e-06 3.97159e-06 3.74632e-06 3.59242e-06 3.48145e-06 3.40065e-06 3.3506e-06 3.34404e-06 3.40472e-06 3.56469e-06 3.85962e-06 4.32373e-06 4.99602e-06 5.75401e-06 6.27608e-06 5.0677e-06 2.39279e-06 2.68171e-06 2.56641e-06 2.16652e-06 1.66765e-06 1.11715e-06 6.6205e-07 3.5988e-07 1.85093e-07 9.2121e-08 4.50699e-08 2.19259e-08 1.05809e-08 4.92217e-09 
5.5364e-09 1.13737e-08 2.32707e-08 4.76635e-08 9.73707e-08 1.96036e-07 3.84006e-07 7.1986e-07 1.26318e-06 2.02296e-06 2.92315e-06 3.88458e-06 5.03775e-06 6.29665e-06 1.2791e-05 1.33986e-05 1.11742e-05 8.47533e-06 6.57789e-06 5.4074e-06 4.69e-06 4.24108e-06 3.94849e-06 3.74632e-06 3.5955e-06 3.47508e-06 3.37852e-06 3.31193e-06 3.29276e-06 3.34721e-06 3.50444e-06 3.78517e-06 4.18725e-06 4.69239e-06 4.86294e-06 4.20358e-06 1.74936e-06 1.94503e-06 2.14476e-06 1.91715e-06 1.60572e-06 1.18632e-06 7.65496e-07 4.43819e-07 2.38836e-07 1.22481e-07 6.10278e-08 2.99756e-08 1.46228e-08 6.91413e-09 
7.70978e-09 1.58485e-08 3.22184e-08 6.54971e-08 1.3175e-07 2.58932e-07 4.90167e-07 8.77563e-07 1.45312e-06 2.18235e-06 2.96764e-06 3.95505e-06 5.32995e-06 7.39538e-06 1.29796e-05 1.23366e-05 9.82191e-06 7.52022e-06 6.04239e-06 5.1352e-06 4.56867e-06 4.20195e-06 3.94849e-06 3.75777e-06 3.60039e-06 3.46266e-06 3.34404e-06 3.25557e-06 3.21819e-06 3.25786e-06 3.39493e-06 3.62442e-06 3.87872e-06 4.04671e-06 3.39353e-06 2.29741e-06 1.40516e-06 1.60014e-06 1.59677e-06 1.41654e-06 1.15127e-06 8.16683e-07 5.12596e-07 2.9302e-07 1.56882e-07 8.04615e-08 4.02214e-08 1.98502e-08 9.63928e-09 4.44535e-09 
5.30625e-09 1.07571e-08 2.17412e-08 4.38642e-08 8.79266e-08 1.72866e-07 3.28974e-07 5.96689e-07 1.01219e-06 1.57381e-06 2.20843e-06 2.92088e-06 3.98524e-06 5.25366e-06 1.23179e-05 1.22509e-05 1.09474e-05 8.53072e-06 6.75514e-06 5.64672e-06 4.95324e-06 4.50753e-06 4.20195e-06 3.97159e-06 3.7792e-06 3.60454e-06 3.44082e-06 3.29276e-06 3.17517e-06 3.11102e-06 3.12245e-06 3.21378e-06 3.33901e-06 3.33291e-06 2.96956e-06 1.87871e-06 6.72459e-07 1.12539e-06 1.23796e-06 1.16813e-06 1.02377e-06 7.99498e-07 5.48726e-07 3.37791e-07 1.91437e-07 1.02308e-07 5.25841e-08 2.64089e-08 1.30623e-08 6.19148e-09 
7.22431e-09 1.46563e-08 2.93159e-08 5.83998e-08 1.14576e-07 2.18499e-07 3.9954e-07 6.89444e-07 1.1027e-06 1.60438e-06 2.13626e-06 2.82988e-06 3.6112e-06 5.72023e-06 1.09788e-05 1.1312e-05 9.41024e-06 7.48427e-06 6.20006e-06 5.38499e-06 4.86233e-06 4.50753e-06 4.24108e-06 4.0162e-06 3.80772e-06 3.60416e-06 3.40472e-06 3.21819e-06 3.06177e-06 2.95908e-06 2.92427e-06 2.93412e-06 2.89334e-06 2.51137e-06 1.62866e-06 4.40212e-07 6.46234e-07 9.2137e-07 9.08668e-07 8.46868e-07 7.19177e-07 5.41441e-07 3.62434e-07 2.20159e-07 1.24161e-07 6.6376e-08 3.42382e-08 1.72752e-08 8.48655e-09 3.8893e-09 
4.93254e-09 9.85597e-09 1.95891e-08 3.86869e-08 7.55559e-08 1.44021e-07 2.64537e-07 4.61879e-07 7.54912e-07 1.13553e-06 1.55647e-06 2.01096e-06 2.50415e-06 3.63277e-06 6.15535e-06 1.01219e-05 9.77486e-06 8.07345e-06 6.73581e-06 5.83612e-06 5.25537e-06 4.86233e-06 4.56867e-06 4.3179e-06 4.07916e-06 3.83894e-06 3.59372e-06 3.34721e-06 3.11102e-06 2.90366e-06 2.74864e-06 2.6445e-06 2.52943e-06 2.26149e-06 1.52229e-06 6.3215e-07 4.74226e-07 6.30279e-07 6.90016e-07 6.60618e-07 6.01295e-07 4.92789e-07 3.60055e-07 2.36562e-07 1.42398e-07 8.01106e-08 4.29041e-08 2.22293e-08 1.12267e-08 5.35876e-09 
6.56009e-09 1.30913e-08 2.56171e-08 4.96719e-08 9.44149e-08 1.73702e-07 3.0559e-07 5.07505e-07 7.84328e-07 1.11357e-06 1.45416e-06 1.77114e-06 2.27535e-06 3.29985e-06 9.06732e-06 9.01803e-06 8.22605e-06 7.13011e-06 6.24695e-06 5.65794e-06 5.25537e-06 4.95324e-06 4.69e-06 4.42926e-06 4.15554e-06 3.86621e-06 3.56469e-06 3.25786e-06 2.95908e-06 2.68804e-06 2.46639e-06 2.26739e-06 1.98746e-06 1.45878e-06 6.76313e-07 1.39588e-07 4.55132e-07 5.13057e-07 5.01479e-07 4.74091e-07 4.17469e-07 3.31303e-07 2.36352e-07 1.53125e-07 9.16037e-08 5.14947e-08 2.76579e-08 1.43835e-08 7.19343e-09 3.2876e-09 
4.43964e-09 8.73167e-09 1.69837e-08 3.26244e-08 6.16818e-08 1.13378e-07 2.00307e-07 3.36405e-07 5.30808e-07 7.77611e-07 1.04827e-06 1.28834e-06 1.54731e-06 1.88568e-06 3.25273e-06 7.43474e-06 7.45584e-06 7.15593e-06 6.51076e-06 6.00957e-06 5.65794e-06 5.38499e-06 5.1352e-06 4.86903e-06 4.57011e-06 4.2371e-06 3.87862e-06 3.50444e-06 3.12245e-06 2.74864e-06 2.40309e-06 2.10214e-06 1.78759e-06 1.32723e-06 6.82138e-07 1.94046e-07 2.87758e-07 3.92295e-07 3.77549e-07 3.62311e-07 3.338e-07 2.84487e-07 2.19627e-07 1.53713e-07 9.85266e-08 5.86954e-08 3.30104e-08 1.77898e-08 9.24204e-09 4.46675e-09 
5.76235e-09 1.12716e-08 2.14532e-08 4.02399e-08 7.37161e-08 1.3041e-07 2.20612e-07 3.53446e-07 5.30945e-07 7.40103e-07 9.43073e-07 1.11203e-06 1.28585e-06 1.73817e-06 3.12173e-06 5.81158e-06 6.45383e-06 6.43239e-06 6.20677e-06 6.00957e-06 5.83612e-06 5.64672e-06 5.4074e-06 5.10141e-06 4.7304e-06 4.30928e-06 3.85962e-06 3.39493e-06 2.92427e-06 2.46639e-06 2.04101e-06 1.6553e-06 1.22661e-06 6.67592e-07 2.02731e-07 1.96363e-07 2.92677e-07 2.91096e-07 2.74635e-07 2.57991e-07 2.3095e-07 1.9105e-07 1.44077e-07 9.92859e-08 6.31168e-08 3.75e-08 2.11192e-08 1.14052e-08 5.84553e-09 2.67608e-09 
3.86203e-09 7.46612e-09 1.41439e-08 2.62718e-08 4.78392e-08 8.45216e-08 1.43544e-07 2.32426e-07 3.55876e-07 5.10441e-07 6.76515e-07 8.22372e-07 9.33468e-07 1.07098e-06 1.51405e-06 2.68002e-06 4.9793e-06 5.71549e-06 6.07501e-06 6.20677e-06 6.24695e-06 6.20006e-06 6.04239e-06 5.7689e-06 5.37564e-06 4.89067e-06 4.34953e-06 3.78517e-06 3.21378e-06 2.6445e-06 2.10214e-06 1.60589e-06 1.14398e-06 6.40009e-07 1.92558e-07 1.09183e-07 2.10846e-07 2.26206e-07 2.11877e-07 1.97332e-07 1.8099e-07 1.57455e-07 1.26832e-07 9.37644e-08 6.38e-08 4.02995e-08 2.39079e-08 1.34868e-08 7.25644e-09 3.57177e-09 
4.88772e-09 9.34042e-09 1.72011e-08 3.10549e-08 5.46497e-08 9.29009e-08 1.51439e-07 2.35119e-07 3.44939e-07 4.72867e-07 5.99349e-07 7.0007e-07 7.74538e-07 8.97238e-07 1.26319e-06 2.17106e-06 4.37065e-06 5.40592e-06 6.07501e-06 6.51076e-06 6.73581e-06 6.75514e-06 6.57789e-06 6.20725e-06 5.66556e-06 5.02053e-06 4.32373e-06 3.62442e-06 2.93412e-06 2.26739e-06 1.6553e-06 1.10791e-06 6.21026e-07 2.16017e-07 7.5439e-08 1.51659e-07 1.74255e-07 1.6553e-07 1.52906e-07 1.4004e-07 1.25241e-07 1.06029e-07 8.3428e-08 6.06428e-08 4.08349e-08 2.56677e-08 1.52189e-08 8.58409e-09 4.53622e-09 2.0903e-09 
3.24119e-09 6.15284e-09 1.13054e-08 2.02106e-08 3.53277e-08 5.99422e-08 9.80418e-08 1.53676e-07 2.29343e-07 3.22973e-07 4.25057e-07 5.18799e-07 5.87671e-07 6.42951e-07 7.66649e-07 1.10453e-06 1.82272e-06 4.07514e-06 5.40592e-06 6.43239e-06 7.13011e-06 7.48427e-06 7.52022e-06 7.23895e-06 6.68956e-06 5.92997e-06 5.07573e-06 4.18725e-06 3.33901e-06 2.52943e-06 1.78759e-06 1.14398e-06 6.1355e-07 2.10618e-07 5.91972e-08 1.16371e-07 1.3164e-07 1.29448e-07 1.20363e-07 1.09353e-07 9.81839e-08 8.55834e-08 7.06573e-08 5.44697e-08 3.90292e-08 2.60568e-08 1.63196e-08 9.67197e-09 5.41746e-09 2.73017e-09 
3.99777e-09 7.44455e-09 1.3212e-08 2.28845e-08 3.86458e-08 6.32271e-08 9.9685e-08 1.50624e-07 2.16554e-07 2.93844e-07 3.73496e-07 4.4239e-07 4.91878e-07 5.49367e-07 6.65458e-07 9.25496e-07 2.44842e-06 4.07514e-06 5.71549e-06 7.15593e-06 8.07345e-06 8.53072e-06 8.47533e-06 7.98052e-06 7.16268e-06 6.10651e-06 4.99602e-06 3.87872e-06 2.89334e-06 1.98746e-06 1.22661e-06 6.21026e-07 2.17838e-07 8.09063e-08 9.47315e-08 9.7405e-08 1.00293e-07 9.56554e-08 8.6878e-08 7.74439e-08 6.80061e-08 5.78245e-08 4.66733e-08 3.53481e-08 2.50219e-08 1.65893e-08 1.03626e-08 6.12467e-09 3.35228e-09 1.56188e-09 
2.6206e-09 4.88354e-09 8.67852e-09 1.48883e-08 2.49533e-08 4.07144e-08 6.43512e-08 9.80527e-08 1.43173e-07 1.98975e-07 2.61484e-07 3.23173e-07 3.75411e-07 4.19425e-07 4.84777e-07 5.90141e-07 8.61951e-07 2.44842e-06 4.37065e-06 6.45383e-06 8.22605e-06 9.41024e-06 9.82191e-06 9.5483e-06 8.72607e-06 7.54997e-06 6.10482e-06 4.69239e-06 3.33291e-06 2.26149e-06 1.32723e-06 6.40009e-07 2.10618e-07 6.85123e-08 7.51787e-08 7.49485e-08 7.7592e-08 7.60786e-08 7.01434e-08 6.21636e-08 5.42389e-08 4.65516e-08 3.86806e-08 3.06042e-08 2.28266e-08 1.59936e-08 1.05448e-08 6.56929e-09 3.84144e-09 1.98984e-09 
3.15057e-09 5.70948e-09 9.74359e-09 1.61744e-08 2.624e-08 4.1446e-08 6.34565e-08 9.36914e-08 1.32617e-07 1.78946e-07 2.29116e-07 2.77904e-07 3.22225e-07 3.68343e-07 4.41642e-07 5.67142e-07 8.61951e-07 1.82272e-06 4.9793e-06 7.45584e-06 9.77486e-06 1.09474e-05 1.11742e-05 1.06125e-05 9.36937e-06 7.74657e-06 5.75401e-06 4.04671e-06 2.51137e-06 1.45878e-06 6.67592e-07 2.16017e-07 8.09063e-08 6.90706e-08 6.37509e-08 6.21245e-08 6.09895e-08 5.72246e-08 5.09171e-08 4.39942e-08 3.75426e-08 3.152e-08 2.56523e-08 1.99452e-08 1.46829e-08 1.02002e-08 6.69451e-09 4.14755e-09 2.35678e-09 1.11405e-09 
2.03977e-09 3.73387e-09 6.41084e-09 1.05468e-08 1.6966e-08 2.66962e-08 4.09345e-08 6.08805e-08 8.73602e-08 1.20335e-07 1.58492e-07 1.99347e-07 2.40675e-07 2.8324e-07 3.34994e-07 4.25566e-07 5.67142e-07 9.25496e-07 2.17106e-06 5.81158e-06 9.01803e-06 1.1312e-05 1.23366e-05 1.23801e-05 1.14471e-05 9.72036e-06 7.46721e-06 4.86294e-06 2.96956e-06 1.52229e-06 6.82138e-07 1.92558e-07 5.91972e-08 7.51787e-08 5.99795e-08 5.31363e-08 5.0635e-08 4.74336e-08 4.24442e-08 3.64903e-08 3.07569e-08 2.56902e-08 2.11361e-08 1.68881e-08 1.29337e-08 9.41581e-09 6.49524e-09 4.24246e-09 2.59011e-09 1.38163e-09 
2.39234e-09 4.2201e-09 6.92543e-09 1.10303e-08 1.72379e-08 2.63854e-08 3.93913e-08 5.70736e-08 7.98698e-08 1.07574e-07 1.39326e-07 1.74222e-07 2.1255e-07 2.57518e-07 3.20091e-07 4.25566e-07 5.90141e-07 1.10453e-06 2.68002e-06 7.43474e-06 1.01219e-05 1.22509e-05 1.33986e-05 1.29604e-05 1.15672e-05 9.0344e-06 6.27608e-06 3.39353e-06 1.62866e-06 6.76313e-07 2.02731e-07 7.5439e-08 9.47315e-08 6.37509e-08 5.01435e-08 4.45561e-08 4.06907e-08 3.61417e-08 3.09429e-08 2.57859e-08 2.12419e-08 1.73963e-08 1.40546e-08 1.10506e-08 8.35349e-09 6.02464e-09 4.13073e-09 2.67563e-09 1.57803e-09 7.58145e-10 
1.52864e-09 2.75323e-09 4.57152e-09 7.22344e-09 1.11838e-08 1.70341e-08 2.54419e-08 3.7087e-08 5.25133e-08 7.19766e-08 9.54279e-08 1.22827e-07 1.54817e-07 1.93708e-07 2.45234e-07 3.20091e-07 4.41642e-07 6.65458e-07 1.26319e-06 3.12173e-06 9.06732e-06 1.09788e-05 1.29796e-05 1.33924e-05 1.25995e-05 1.02933e-05 7.13007e-06 4.20358e-06 1.87871e-06 6.3215e-07 1.94046e-07 1.09183e-07 1.16371e-07 7.49485e-08 5.31363e-08 4.25893e-08 3.67407e-08 3.18109e-08 2.68893e-08 2.21586e-08 1.7972e-08 1.45054e-08 1.16716e-08 9.27946e-09 7.19473e-09 5.37864e-09 3.84874e-09 2.62141e-09 1.66642e-09 9.14988e-10 
1.75191e-09 3.01366e-09 4.76612e-09 7.30546e-09 1.10394e-08 1.64416e-08 2.40313e-08 3.43048e-08 4.76545e-08 6.43656e-08 8.48067e-08 1.09867e-07 1.41639e-07 1.84429e-07 2.45234e-07 3.34994e-07 4.84777e-07 7.66649e-07 1.51405e-06 3.25273e-06 6.15535e-06 1.23179e-05 1.2791e-05 1.28482e-05 1.1224e-05 8.1974e-06 5.0677e-06 2.29741e-06 4.40212e-07 1.39588e-07 1.96363e-07 1.51659e-07 9.7405e-08 6.21245e-08 4.45561e-08 3.54581e-08 2.92781e-08 2.41207e-08 1.95487e-08 1.56049e-08 1.23686e-08 9.80621e-09 7.76868e-09 6.09044e-09 4.66566e-09 3.45543e-09 2.45527e-09 1.65406e-09 1.00966e-09 4.92985e-10 
1.10432e-09 1.96176e-09 3.15889e-09 4.8106e-09 7.19723e-09 1.0655e-08 1.55637e-08 2.23233e-08 3.13172e-08 4.29198e-08 5.7625e-08 7.63526e-08 1.00967e-07 1.35037e-07 1.84429e-07 2.57518e-07 3.68343e-07 5.49367e-07 8.97238e-07 1.73817e-06 3.29985e-06 5.72023e-06 7.39538e-06 8.517e-06 1.24469e-05 9.47691e-06 6.19076e-06 1.74936e-06 6.72459e-07 4.74226e-07 2.87758e-07 2.10846e-07 1.3164e-07 7.7592e-08 5.0635e-08 3.67407e-08 2.84516e-08 2.2506e-08 1.77806e-08 1.39231e-08 1.08282e-08 8.41812e-09 6.57184e-09 5.13618e-09 3.97803e-09 3.01642e-09 2.21636e-09 1.56228e-09 1.02875e-09 5.79862e-10 
1.23952e-09 2.08569e-09 3.19127e-09 4.7282e-09 6.93902e-09 1.00967e-08 1.45039e-08 2.04814e-08 2.83825e-08 3.86832e-08 5.22017e-08 7.04925e-08 9.64593e-08 1.35037e-07 1.93708e-07 2.8324e-07 4.19425e-07 6.42951e-07 1.07098e-06 1.88568e-06 3.63277e-06 5.25366e-06 6.29665e-06 6.14846e-06 5.1662e-06 3.55905e-06 2.39279e-06 1.40516e-06 6.46234e-07 4.55132e-07 2.92677e-07 1.74255e-07 1.00293e-07 6.09895e-08 4.06907e-08 2.92781e-08 2.19776e-08 1.67537e-08 1.27938e-08 9.74431e-09 7.41875e-09 5.67462e-09 4.3716e-09 3.37674e-09 2.58835e-09 1.94593e-09 1.41939e-09 9.87288e-10 6.20616e-10 3.0741e-10 
7.70805e-10 1.35436e-09 2.12361e-09 3.13187e-09 4.5495e-09 6.57478e-09 9.42897e-09 1.33608e-08 1.86626e-08 2.57353e-08 3.52445e-08 4.84133e-08 6.75022e-08 9.64593e-08 1.41639e-07 2.1255e-07 3.22225e-07 4.91878e-07 7.74538e-07 1.28585e-06 2.27535e-06 3.6112e-06 5.32995e-06 6.10497e-06 5.68111e-06 4.68672e-06 3.30934e-06 1.94503e-06 1.12539e-06 6.30279e-07 3.92295e-07 2.26206e-07 1.29448e-07 7.60786e-08 4.74336e-08 3.18109e-08 2.2506e-08 1.64174e-08 1.21414e-08 9.02287e-09 6.72054e-09 5.0282e-09 3.79399e-09 2.88978e-09 2.20991e-09 1.67931e-09 1.25337e-09 9.06148e-10 6.13782e-10 3.53546e-10 
8.49637e-10 1.40378e-09 2.08846e-09 3.00661e-09 4.30549e-09 6.14579e-09 8.71204e-09 1.22297e-08 1.70124e-08 2.35714e-08 3.28269e-08 4.64692e-08 6.75022e-08 1.00967e-07 1.54817e-07 2.40675e-07 3.75411e-07 5.87671e-07 9.33468e-07 1.54731e-06 2.50415e-06 3.98524e-06 5.03775e-06 5.27407e-06 4.81464e-06 3.84593e-06 2.68171e-06 1.60014e-06 9.2137e-07 5.13057e-07 2.91096e-07 1.6553e-07 9.56554e-08 5.72246e-08 3.61417e-08 2.41207e-08 1.67537e-08 1.1928e-08 8.60847e-09 6.25952e-09 4.5788e-09 3.37692e-09 2.519e-09 1.9003e-09 1.44113e-09 1.08733e-09 8.05898e-10 5.73852e-10 3.69055e-10 1.84878e-10 
5.21547e-10 9.0899e-10 1.39453e-09 2.00278e-09 2.83951e-09 4.02376e-09 5.68955e-09 8.00362e-09 1.12e-08 1.56563e-08 2.2042e-08 3.15808e-08 4.64692e-08 7.04925e-08 1.09867e-07 1.74222e-07 2.77904e-07 4.4239e-07 7.0007e-07 1.11203e-06 1.77114e-06 2.82988e-06 3.95505e-06 4.75406e-06 4.93564e-06 4.37381e-06 3.28666e-06 2.14476e-06 1.23796e-06 6.90016e-07 3.77549e-07 2.11877e-07 1.20363e-07 7.01434e-08 4.24442e-08 2.68893e-08 1.77806e-08 1.21414e-08 8.4732e-09 5.9963e-09 4.28413e-09 3.08788e-09 2.2504e-09 1.66269e-09 1.24436e-09 9.37326e-10 7.02972e-10 5.16247e-10 3.56804e-10 2.08856e-10 
5.66256e-10 9.22352e-10 1.34167e-09 1.88742e-09 2.65042e-09 3.72827e-09 5.24118e-09 7.35844e-09 1.0351e-08 1.46939e-08 2.1251e-08 3.15808e-08 4.84133e-08 7.63526e-08 1.22827e-07 1.99347e-07 3.23173e-07 5.18799e-07 8.22372e-07 1.28834e-06 2.01096e-06 2.92088e-06 3.88458e-06 4.55048e-06 4.44626e-06 3.68455e-06 2.56641e-06 1.59677e-06 9.08668e-07 5.01479e-07 2.74635e-07 1.52906e-07 8.6878e-08 5.09171e-08 3.09429e-08 1.95487e-08 1.27938e-08 8.60847e-09 5.91062e-09 4.11688e-09 2.89945e-09 2.06456e-09 1.48985e-09 1.09213e-09 8.12177e-10 6.08544e-10 4.53612e-10 3.27652e-10 2.14028e-10 1.08042e-10 
3.43552e-10 5.95446e-10 8.98296e-10 1.26374e-09 1.75833e-09 2.45533e-09 3.44058e-09 4.83389e-09 6.82566e-09 9.74664e-09 1.41948e-08 2.1251e-08 3.28269e-08 5.22017e-08 8.48067e-08 1.39326e-07 2.29116e-07 3.73496e-07 5.99349e-07 9.43073e-07 1.45416e-06 2.13626e-06 2.96764e-06 3.76283e-06 4.0558e-06 3.69674e-06 2.86073e-06 1.91715e-06 1.16813e-06 6.60618e-07 3.62311e-07 1.97332e-07 1.09353e-07 6.21636e-08 3.64903e-08 2.21586e-08 1.39231e-08 9.02287e-09 5.9963e-09 4.0626e-09 2.79309e-09 1.94396e-09 1.37029e-09 9.8087e-10 7.14557e-10 5.28856e-10 3.94527e-10 2.91445e-10 2.0382e-10 1.20537e-10 
3.68557e-10 5.94186e-10 8.499e-10 1.17524e-09 1.62719e-09 2.26779e-09 3.18078e-09 4.49787e-09 6.4459e-09 9.43263e-09 1.41948e-08 2.2042e-08 3.52445e-08 5.7625e-08 9.54279e-08 1.58492e-07 2.61484e-07 4.25057e-07 6.76515e-07 1.04827e-06 1.55647e-06 2.20843e-06 2.92315e-06 3.41556e-06 3.43049e-06 2.93205e-06 2.16652e-06 1.41654e-06 8.46868e-07 4.74091e-07 2.57991e-07 1.4004e-07 7.74439e-08 4.39942e-08 2.57859e-08 1.56049e-08 9.74431e-09 6.25952e-09 4.11688e-09 2.75868e-09 1.87622e-09 1.29298e-09 9.03837e-10 6.42805e-10 4.66123e-10 3.43821e-10 2.55253e-10 1.85337e-10 1.2209e-10 6.18954e-11 
2.21428e-10 3.82487e-10 5.70251e-10 7.90606e-10 1.08594e-09 1.50289e-09 2.09994e-09 2.96717e-09 4.25838e-09 6.24836e-09 9.43263e-09 1.46939e-08 2.35714e-08 3.86832e-08 6.43656e-08 1.07574e-07 1.78946e-07 2.93844e-07 4.72867e-07 7.40103e-07 1.11357e-06 1.60438e-06 2.18235e-06 2.6998e-06 2.94698e-06 2.7747e-06 2.25339e-06 1.60572e-06 1.02377e-06 6.01295e-07 3.338e-07 1.8099e-07 9.81839e-08 5.42389e-08 3.07569e-08 1.7972e-08 1.08282e-08 6.72054e-09 4.28413e-09 2.79309e-09 1.85437e-09 1.24974e-09 8.54138e-10 5.93028e-10 4.19711e-10 3.03431e-10 2.23235e-10 1.64362e-10 1.15376e-10 6.85723e-11 
2.35478e-10 3.77169e-10 5.33549e-10 7.2975e-10 1.00233e-09 1.3929e-09 1.96274e-09 2.8152e-09 4.13377e-09 6.24836e-09 9.74664e-09 1.56563e-08 2.57353e-08 4.29198e-08 7.19766e-08 1.20335e-07 1.98975e-07 3.22973e-07 5.10441e-07 7.77611e-07 1.13553e-06 1.57381e-06 2.02296e-06 2.35021e-06 2.40556e-06 2.14251e-06 1.66765e-06 1.15127e-06 7.19177e-07 4.17469e-07 2.3095e-07 1.25241e-07 6.80061e-08 3.75426e-08 2.12419e-08 1.23686e-08 7.41875e-09 4.5788e-09 2.89945e-09 1.87622e-09 1.23583e-09 8.26438e-10 5.60948e-10 3.87407e-10 2.73298e-10 1.97259e-10 1.44644e-10 1.04689e-10 6.91004e-11 3.5092e-11 
1.40434e-10 2.42229e-10 3.58663e-10 4.93116e-10 6.72977e-10 9.29221e-10 1.30371e-09 1.86548e-09 2.73619e-09 4.13377e-09 6.4459e-09 1.0351e-08 1.70124e-08 2.83825e-08 4.76545e-08 7.98698e-08 1.32617e-07 2.16554e-07 3.44939e-07 5.30945e-07 7.84328e-07 1.1027e-06 1.45312e-06 1.76252e-06 1.92432e-06 1.85893e-06 1.5792e-06 1.18632e-06 7.99498e-07 4.92789e-07 2.84487e-07 1.57455e-07 8.55834e-08 4.65516e-08 2.56902e-08 1.45054e-08 8.41812e-09 5.0282e-09 3.08788e-09 1.94396e-09 1.24974e-09 8.17552e-10 5.43116e-10 3.66584e-10 2.5222e-10 1.77643e-10 1.28101e-10 9.32683e-11 6.52499e-11 3.88068e-11 
1.48548e-10 2.37254e-10 3.33872e-10 4.54668e-10 6.23794e-10 8.70498e-10 1.24082e-09 1.81501e-09 2.73619e-09 4.25838e-09 6.82566e-09 1.12e-08 1.86626e-08 3.13172e-08 5.25133e-08 8.73602e-08 1.43173e-07 2.29343e-07 3.55876e-07 5.30808e-07 7.54912e-07 1.01219e-06 1.26318e-06 1.44425e-06 1.48844e-06 1.36755e-06 1.11715e-06 8.16683e-07 5.41441e-07 3.31303e-07 1.9105e-07 1.06029e-07 5.78245e-08 3.152e-08 1.73963e-08 9.80621e-09 5.67462e-09 3.37692e-09 2.06456e-09 1.29298e-09 8.26438e-10 5.37406e-10 3.55026e-10 2.38608e-10 1.63815e-10 1.15356e-10 8.30418e-11 5.94944e-11 3.914e-11 1.98814e-11 
8.81752e-11 1.52153e-10 2.24857e-10 3.08576e-10 4.21369e-10 5.84657e-10 8.29358e-10 1.20828e-09 1.81501e-09 2.8152e-09 4.49787e-09 7.35844e-09 1.22297e-08 2.04814e-08 3.43048e-08 5.70736e-08 9.36914e-08 1.50624e-07 2.35119e-07 3.53446e-07 5.07505e-07 6.89444e-07 8.77563e-07 1.03546e-06 1.11939e-06 1.09644e-06 9.66177e-07 7.65496e-07 5.48726e-07 3.60055e-07 2.19627e-07 1.26832e-07 7.06573e-08 3.86806e-08 2.11361e-08 1.16716e-08 6.57184e-09 3.79399e-09 2.2504e-09 1.37029e-09 8.54138e-10 5.43116e-10 3.51333e-10 2.31058e-10 1.54852e-10 1.06259e-10 7.48683e-11 5.35985e-11 3.71608e-11 2.20489e-11 
9.30994e-11 1.48821e-10 2.09589e-10 2.86173e-10 3.95036e-10 5.57435e-10 8.08155e-10 1.20828e-09 1.86548e-09 2.96717e-09 4.83389e-09 8.00362e-09 1.33608e-08 2.23233e-08 3.7087e-08 6.08805e-08 9.80527e-08 1.53676e-07 2.32426e-07 3.36405e-07 4.61879e-07 5.96689e-07 7.1986e-07 8.04945e-07 8.27705e-07 7.76716e-07 6.6205e-07 5.12596e-07 3.62434e-07 2.36352e-07 1.44077e-07 8.3428e-08 4.66733e-08 2.56523e-08 1.40546e-08 7.76868e-09 4.3716e-09 2.519e-09 1.48985e-09 9.03837e-10 5.60948e-10 3.55026e-10 2.28645e-10 1.49873e-10 1.00319e-10 6.89062e-11 4.85434e-11 3.42578e-11 2.23761e-11 1.13629e-11 
5.51452e-11 9.53965e-11 1.41428e-10 1.95027e-10 2.68396e-10 3.76836e-10 5.43467e-10 8.08155e-10 1.24082e-09 1.96274e-09 3.18078e-09 5.24118e-09 8.71204e-09 1.45039e-08 2.40313e-08 3.93913e-08 6.34565e-08 9.9685e-08 1.51439e-07 2.20612e-07 3.0559e-07 3.9954e-07 4.90167e-07 5.61619e-07 5.98283e-07 5.89504e-07 5.34309e-07 4.43819e-07 3.37791e-07 2.36562e-07 1.53713e-07 9.37644e-08 5.44697e-08 3.06042e-08 1.68881e-08 9.27946e-09 5.13618e-09 2.88978e-09 1.66269e-09 9.8087e-10 5.93028e-10 3.66584e-10 2.31058e-10 1.48282e-10 9.70086e-11 6.4964e-11 4.47068e-11 3.13779e-11 2.14792e-11 1.26886e-11 
5.833e-11 9.36883e-11 1.32856e-10 1.8316e-10 2.56144e-10 3.67539e-10 5.43467e-10 8.29358e-10 1.30371e-09 2.09994e-09 3.44058e-09 5.68955e-09 9.42897e-09 1.55637e-08 2.54419e-08 4.09345e-08 6.43512e-08 9.80418e-08 1.43544e-07 2.00307e-07 2.64537e-07 3.28974e-07 3.84006e-07 4.19867e-07 4.29013e-07 4.08156e-07 3.5988e-07 2.9302e-07 2.20159e-07 1.53125e-07 9.92859e-08 6.06428e-08 3.53481e-08 1.99452e-08 1.10506e-08 6.09044e-09 3.37674e-09 1.9003e-09 1.09213e-09 6.42805e-10 3.87407e-10 2.38608e-10 1.49873e-10 9.59504e-11 6.27516e-11 4.21109e-11 2.90188e-11 2.01243e-11 1.30189e-11 6.61038e-12 
3.45543e-11 6.00761e-11 8.9814e-11 1.25279e-10 1.7492e-10 2.49906e-10 3.67539e-10 5.57435e-10 8.70498e-10 1.3929e-09 2.26779e-09 3.72827e-09 6.14579e-09 1.00967e-08 1.64416e-08 2.63854e-08 4.1446e-08 6.32271e-08 9.29009e-08 1.3041e-07 1.73702e-07 2.18499e-07 2.58932e-07 2.88863e-07 3.033e-07 2.9936e-07 2.76863e-07 2.38836e-07 1.91437e-07 1.42398e-07 9.85266e-08 6.38e-08 3.90292e-08 2.28266e-08 1.29337e-08 7.19473e-09 3.97803e-09 2.20991e-09 1.24436e-09 7.14557e-10 4.19711e-10 2.5222e-10 1.54852e-10 9.70086e-11 6.20426e-11 4.06362e-11 2.73547e-11 1.88169e-11 1.2696e-11 7.45774e-12 
3.67528e-11 5.95591e-11 8.55521e-11 1.19848e-10 1.70723e-10 2.49906e-10 3.76836e-10 5.84657e-10 9.29221e-10 1.50289e-09 2.45533e-09 4.02376e-09 6.57478e-09 1.0655e-08 1.70341e-08 2.66962e-08 4.07144e-08 5.99422e-08 8.45216e-08 1.13378e-07 1.44021e-07 1.72866e-07 1.96036e-07 2.10246e-07 2.13393e-07 2.04753e-07 1.85093e-07 1.56882e-07 1.24161e-07 9.16037e-08 6.31168e-08 4.08349e-08 2.50219e-08 1.46829e-08 8.35349e-09 4.66566e-09 2.58835e-09 1.44113e-09 8.12177e-10 4.66123e-10 2.73298e-10 1.63815e-10 1.00319e-10 6.27516e-11 4.01603e-11 2.63876e-11 1.78147e-11 1.21368e-11 7.76872e-12 3.94551e-12 
2.18124e-11 3.82246e-11 5.79212e-11 8.22049e-11 1.17051e-10 1.70723e-10 2.56144e-10 3.95036e-10 6.23794e-10 1.00233e-09 1.62719e-09 2.65042e-09 4.30549e-09 6.93902e-09 1.10394e-08 1.72379e-08 2.624e-08 3.86458e-08 5.46497e-08 7.37161e-08 9.44149e-08 1.14576e-07 1.3175e-07 1.43772e-07 1.49159e-07 1.47226e-07 1.38045e-07 1.22481e-07 1.02308e-07 8.01106e-08 5.86954e-08 4.02995e-08 2.60568e-08 1.59936e-08 9.41581e-09 5.37864e-09 3.01642e-09 1.67931e-09 9.37326e-10 5.28856e-10 3.03431e-10 1.77643e-10 1.06259e-10 6.4964e-11 4.06362e-11 2.6073e-11 1.72079e-11 1.16172e-11 7.7239e-12 4.5082e-12 
2.34191e-11 3.84491e-11 5.62333e-11 8.04194e-11 1.17051e-10 1.7492e-10 2.68396e-10 4.21369e-10 6.72977e-10 1.08594e-09 1.75833e-09 2.83951e-09 4.5495e-09 7.19723e-09 1.11838e-08 1.6966e-08 2.49533e-08 3.53277e-08 4.78392e-08 6.16818e-08 7.55559e-08 8.79266e-08 9.73707e-08 1.0285e-07 1.0381e-07 1.0014e-07 9.2121e-08 8.04615e-08 6.6376e-08 5.14947e-08 3.75e-08 2.56677e-08 1.65893e-08 1.02002e-08 6.02464e-09 3.45543e-09 1.94593e-09 1.08733e-09 6.08544e-10 3.43821e-10 1.97259e-10 1.15356e-10 6.89062e-11 4.21109e-11 2.63876e-11 1.70067e-11 1.12719e-11 7.55306e-12 4.78073e-12 2.42857e-12 
1.39462e-11 2.47063e-11 3.81053e-11 5.52371e-11 8.04194e-11 1.19848e-10 1.8316e-10 2.86173e-10 4.54668e-10 7.2975e-10 1.17524e-09 1.88742e-09 3.00661e-09 4.7282e-09 7.30546e-09 1.10303e-08 1.61744e-08 2.28845e-08 3.10549e-08 4.02399e-08 4.96719e-08 5.83998e-08 6.54971e-08 7.0243e-08 7.22084e-08 7.1243e-08 6.74226e-08 6.10278e-08 5.25841e-08 4.29041e-08 3.30104e-08 2.39079e-08 1.63196e-08 1.05448e-08 6.49524e-09 3.84874e-09 2.21636e-09 1.25337e-09 7.02972e-10 3.94527e-10 2.23235e-10 1.28101e-10 7.48683e-11 4.47068e-11 2.73547e-11 1.72079e-11 1.11534e-11 7.40431e-12 4.85351e-12 2.81305e-12 
1.51707e-11 2.53043e-11 3.77748e-11 5.52371e-11 8.22049e-11 1.25279e-10 1.95027e-10 3.08576e-10 4.93116e-10 7.90606e-10 1.26374e-09 2.00278e-09 3.13187e-09 4.8106e-09 7.22344e-09 1.05468e-08 1.48883e-08 2.02106e-08 2.62718e-08 3.26244e-08 3.86869e-08 4.38642e-08 4.76635e-08 4.97613e-08 5.00104e-08 4.8409e-08 4.50699e-08 4.02214e-08 3.42382e-08 2.76579e-08 2.11192e-08 1.52189e-08 1.03626e-08 6.69451e-09 4.13073e-09 2.45527e-09 1.41939e-09 8.05898e-10 4.53612e-10 2.55253e-10 1.44644e-10 8.30418e-11 4.85434e-11 2.90188e-11 1.78147e-11 1.12719e-11 7.34793e-12 4.85085e-12 3.03624e-12 1.54244e-12 
9.07332e-12 1.62582e-11 2.55244e-11 3.77748e-11 5.62333e-11 8.55521e-11 1.32856e-10 2.09589e-10 3.33872e-10 5.33549e-10 8.499e-10 1.34167e-09 2.08846e-09 3.19127e-09 4.76612e-09 6.92543e-09 9.74359e-09 1.3212e-08 1.72011e-08 2.14532e-08 2.56171e-08 2.93159e-08 3.22184e-08 3.40878e-08 3.47953e-08 3.43077e-08 3.26665e-08 2.99756e-08 2.64089e-08 2.22293e-08 1.77898e-08 1.34868e-08 9.67197e-09 6.56929e-09 4.24246e-09 2.62141e-09 1.56228e-09 9.06148e-10 5.16247e-10 2.91445e-10 1.64362e-10 9.32683e-11 5.35985e-11 3.13779e-11 1.88169e-11 1.16172e-11 7.40431e-12 4.84212e-12 3.13441e-12 1.80376e-12 
9.9751e-12 1.68271e-11 2.55244e-11 3.81053e-11 5.79212e-11 8.9814e-11 1.41428e-10 2.24857e-10 3.58663e-10 5.70251e-10 8.98296e-10 1.39453e-09 2.12361e-09 3.15889e-09 4.57152e-09 6.41084e-09 8.67852e-09 1.13054e-08 1.41439e-08 1.69837e-08 1.95891e-08 2.17412e-08 2.32707e-08 2.40728e-08 2.41042e-08 2.33725e-08 2.19259e-08 1.98502e-08 1.72752e-08 1.43835e-08 1.14052e-08 8.58409e-09 6.12467e-09 4.14755e-09 2.67563e-09 1.65406e-09 9.87288e-10 5.73852e-10 3.27652e-10 1.85337e-10 1.04689e-10 5.94944e-11 3.42578e-11 2.01243e-11 1.21368e-11 7.55306e-12 4.85085e-12 3.161e-12 1.96206e-12 9.95897e-13 
5.9701e-12 1.06687e-11 1.68271e-11 2.53043e-11 3.84491e-11 5.95591e-11 9.36883e-11 1.48821e-10 2.37254e-10 3.77169e-10 5.94186e-10 9.22352e-10 1.40378e-09 2.08569e-09 3.01366e-09 4.2201e-09 5.70948e-09 7.44455e-09 9.34042e-09 1.12716e-08 1.30913e-08 1.46563e-08 1.58485e-08 1.65861e-08 1.68265e-08 1.65617e-08 1.58122e-08 1.46228e-08 1.30623e-08 1.12267e-08 9.24204e-09 7.25644e-09 5.41746e-09 3.84144e-09 2.59011e-09 1.66642e-09 1.02875e-09 6.13782e-10 3.56804e-10 2.0382e-10 1.15376e-10 6.52499e-11 3.71608e-11 2.14792e-11 1.2696e-11 7.7239e-12 4.85351e-12 3.13441e-12 2.01283e-12 1.1561e-12 
6.45471e-12 1.06687e-11 1.62582e-11 2.47063e-11 3.82246e-11 6.00761e-11 9.53965e-11 1.52153e-10 2.42229e-10 3.82487e-10 5.95446e-10 9.0899e-10 1.35436e-09 1.96176e-09 2.75323e-09 3.73387e-09 4.88354e-09 6.15284e-09 7.46612e-09 8.73167e-09 9.85597e-09 1.07571e-08 1.13737e-08 1.16684e-08 1.16273e-08 1.12567e-08 1.05809e-08 9.63928e-09 8.48655e-09 7.19343e-09 5.84553e-09 4.53622e-09 3.35228e-09 2.35678e-09 1.57803e-09 1.00966e-09 6.20616e-10 3.69055e-10 2.14028e-10 1.2209e-10 6.91004e-11 3.914e-11 2.23761e-11 1.30189e-11 7.76872e-12 4.78073e-12 3.03624e-12 1.96206e-12 1.21873e-12 6.22916e-13 
3.84071e-12 6.45471e-12 9.9751e-12 1.51707e-11 2.34191e-11 3.67528e-11 5.833e-11 9.30994e-11 1.48548e-10 2.35478e-10 3.68557e-10 5.66256e-10 8.49637e-10 1.23952e-09 1.75191e-09 2.39234e-09 3.15057e-09 3.99777e-09 4.88772e-09 5.76235e-09 6.56009e-09 7.22431e-09 7.70978e-09 7.98607e-09 8.0384e-09 7.86668e-09 7.48386e-09 6.91413e-09 6.19148e-09 5.35876e-09 4.46675e-09 3.57177e-09 2.73017e-09 1.98984e-09 1.38163e-09 9.14988e-10 5.79862e-10 3.53546e-10 2.08856e-10 1.20537e-10 6.85723e-11 3.88068e-11 2.20489e-11 1.26886e-11 7.45774e-12 4.5082e-12 2.81305e-12 1.80376e-12 1.1561e-12 6.76005e-13 
3.84071e-12 5.9701e-12 9.07332e-12 1.39462e-11 2.18124e-11 3.45543e-11 5.51452e-11 8.81752e-11 1.40434e-10 2.21428e-10 3.43552e-10 5.21547e-10 7.70805e-10 1.10432e-09 1.52864e-09 2.03977e-09 2.6206e-09 3.24119e-09 3.86203e-09 4.43964e-09 4.93254e-09 5.30625e-09 5.5364e-09 5.60995e-09 5.52507e-09 5.29013e-09 4.92217e-09 4.44535e-09 3.8893e-09 3.2876e-09 2.67608e-09 2.0903e-09 1.56188e-09 1.11405e-09 7.58145e-10 4.92985e-10 3.0741e-10 1.84878e-10 1.08042e-10 6.18954e-11 3.5092e-11 1.98814e-11 1.13629e-11 6.61038e-12 3.94551e-12 2.42857e-12 1.54244e-12 9.95897e-13 6.22916e-13 3.29423e-13 
