1 100 50
7.00544e-14 1.32516e-13 2.14078e-13 3.35947e-13 5.30525e-13 8.57038e-13 1.41903e-12 2.39847e-12 4.1137e-12 7.10078e-12 1.22412e-11 2.09171e-11 3.51774e-11 5.78472e-11 9.24743e-11 1.43007e-10 2.13129e-10 3.05325e-10 4.19883e-10 5.54159e-10 7.02343e-10 8.55821e-10 1.00402e-09 1.13553e-09 1.23944e-09 1.30651e-09 1.33043e-09 1.30869e-09 1.24313e-09 1.13978e-09 1.00819e-09 8.60051e-10 7.07509e-10 5.61437e-10 4.30115e-10 3.18561e-10 2.28563e-10 1.59287e-10 1.08178e-10 7.18732e-11 4.69228e-11 3.02484e-11 1.93542e-11 1.23567e-11 7.90888e-12 5.09469e-12 3.30809e-12 2.16328e-12 1.42145e-12 9.18246e-13 
1.42811e-13 2.44638e-13 3.85452e-13 6.03643e-13 9.64729e-13 1.57852e-12 2.6456e-12 4.51194e-12 7.76974e-12 1.3411e-11 2.30289e-11 3.90754e-11 6.50931e-11 1.05807e-10 1.6691e-10 2.54344e-10 3.73058e-10 5.25415e-10 7.09709e-10 9.19323e-10 1.14287e-09 1.36527e-09 1.5695e-09 1.73858e-09 1.85757e-09 1.91546e-09 1.90664e-09 1.8319e-09 1.69852e-09 1.51934e-09 1.31096e-09 1.09119e-09 8.76507e-10 6.79995e-10 5.10147e-10 3.70756e-10 2.61618e-10 1.7974e-10 1.20636e-10 7.94055e-11 5.14886e-11 3.3053e-11 2.11184e-11 1.35009e-11 8.67226e-12 5.61092e-12 3.65261e-12 2.38266e-12 1.53437e-12 9.18246e-13 
1.32516e-13 2.55717e-13 4.13256e-13 6.42875e-13 1.01024e-12 1.62878e-12 2.69535e-12 4.55694e-12 7.8129e-12 1.3478e-11 2.32316e-11 3.97441e-11 6.70636e-11 1.10946e-10 1.78912e-10 2.79746e-10 4.22183e-10 6.12736e-10 8.53122e-10 1.13809e-09 1.45454e-09 1.78234e-09 2.09669e-09 2.37121e-09 2.5813e-09 2.7072e-09 2.73672e-09 2.66706e-09 2.50557e-09 2.26886e-09 1.98029e-09 1.66634e-09 1.3525e-09 1.05986e-09 8.02939e-10 5.89132e-10 4.19571e-10 2.90811e-10 1.96774e-10 1.30442e-10 8.50641e-11 5.48229e-11 3.51004e-11 2.24438e-11 1.44027e-11 9.30361e-12 6.04857e-12 3.94039e-12 2.53831e-12 1.53437e-12 
2.44638e-13 4.20736e-13 6.57065e-13 1.01749e-12 1.60933e-12 2.61838e-12 4.37102e-12 7.43428e-12 1.27818e-11 2.20537e-11 3.79411e-11 6.46961e-11 1.08707e-10 1.78956e-10 2.8701e-10 4.46058e-10 6.68606e-10 9.62893e-10 1.32881e-09 1.75479e-09 2.21708e-09 2.68195e-09 3.11015e-09 3.4623e-09 3.70431e-09 3.81205e-09 3.77493e-09 3.59781e-09 3.30054e-09 2.91484e-09 2.47899e-09 2.03167e-09 1.60621e-09 1.22677e-09 9.06931e-10 6.50509e-10 4.53916e-10 3.09074e-10 2.06057e-10 1.35027e-10 8.73475e-11 5.60529e-11 3.58722e-11 2.30123e-11 1.48556e-11 9.65901e-12 6.30362e-12 4.08531e-12 2.53831e-12 1.42145e-12 
2.14078e-13 4.13256e-13 6.60639e-13 1.01218e-12 1.56753e-12 2.49603e-12 4.09479e-12 6.87801e-12 1.17375e-11 2.01987e-11 3.48204e-11 5.97882e-11 1.01689e-10 1.70381e-10 2.79631e-10 4.46968e-10 6.91954e-10 1.03228e-09 1.47788e-09 2.02455e-09 2.64956e-09 3.31161e-09 3.9556e-09 4.52089e-09 4.95046e-09 5.19957e-09 5.24246e-09 5.07655e-09 4.72307e-09 4.22337e-09 3.6316e-09 3.00527e-09 2.39619e-09 1.84378e-09 1.37197e-09 9.89748e-10 6.94219e-10 4.74932e-10 3.17991e-10 2.09154e-10 1.35703e-10 8.72601e-11 5.58947e-11 3.58526e-11 2.31326e-11 1.50453e-11 9.84347e-12 6.42366e-12 4.08531e-12 2.38266e-12 
3.85452e-13 6.57065e-13 1.00875e-12 1.53266e-12 2.38157e-12 3.82083e-12 6.30598e-12 1.063e-11 1.81605e-11 3.12311e-11 5.37602e-11 9.21436e-11 1.56447e-10 2.61706e-10 4.28838e-10 6.8422e-10 1.05665e-09 1.57082e-09 2.23766e-09 3.04443e-09 3.94878e-09 4.88048e-09 5.75128e-09 6.46972e-09 6.95668e-09 7.15856e-09 7.05599e-09 6.66683e-09 6.04238e-09 5.25724e-09 4.39534e-09 3.53567e-09 2.74116e-09 2.05272e-09 1.48875e-09 1.0489e-09 7.20323e-10 4.83883e-10 3.19161e-10 2.07544e-10 1.33661e-10 8.56757e-11 5.4947e-11 3.54306e-11 2.3042e-11 1.51066e-11 9.92135e-12 6.42366e-12 3.94039e-12 2.16328e-12 
3.35947e-13 6.42875e-13 1.01218e-12 1.51888e-12 2.30434e-12 3.60048e-12 5.80967e-12 9.62396e-12 1.62408e-11 2.77247e-11 4.76004e-11 8.17862e-11 1.39962e-10 2.37381e-10 3.96834e-10 6.49936e-10 1.03617e-09 1.59761e-09 2.36794e-09 3.35681e-09 4.53448e-09 5.82442e-09 7.10945e-09 8.25122e-09 9.11664e-09 9.60314e-09 9.65729e-09 9.28323e-09 8.53973e-09 7.52645e-09 6.36327e-09 5.16833e-09 4.04001e-09 3.04619e-09 2.22165e-09 1.57231e-09 1.08362e-09 7.30008e-10 4.8259e-10 3.14358e-10 2.02678e-10 1.29973e-10 8.33353e-11 5.36939e-11 3.49008e-11 2.2907e-11 1.51206e-11 9.92135e-12 6.30362e-12 3.65261e-12 
6.03643e-13 1.01749e-12 1.53266e-12 2.27736e-12 3.46112e-12 5.43686e-12 8.80711e-12 1.46059e-11 2.46208e-11 4.19343e-11 7.18148e-11 1.23128e-10 2.10418e-10 3.56671e-10 5.96269e-10 9.76762e-10 1.55687e-09 2.39733e-09 3.54243e-09 4.99473e-09 6.6919e-09 8.49899e-09 1.02247e-08 1.16589e-08 1.26182e-08 1.29849e-08 1.27281e-08 1.19052e-08 1.06439e-08 9.11136e-09 7.48058e-09 5.90191e-09 4.48497e-09 3.29194e-09 2.34157e-09 1.62006e-09 1.09458e-09 7.25148e-10 4.73066e-10 3.05278e-10 1.95825e-10 1.25517e-10 8.08064e-11 5.24791e-11 3.44554e-11 2.28206e-11 1.51206e-11 9.84347e-12 6.04857e-12 3.30809e-12 
5.30525e-13 1.01024e-12 1.56753e-12 2.30434e-12 3.41351e-12 5.20835e-12 8.21564e-12 1.33275e-11 2.20748e-11 3.71003e-11 6.29664e-11 1.07482e-10 1.83833e-10 3.13748e-10 5.3168e-10 8.89228e-10 1.45748e-09 2.32293e-09 3.57158e-09 5.25804e-09 7.36499e-09 9.76982e-09 1.22407e-08 1.44746e-08 1.61672e-08 1.70876e-08 1.713e-08 1.63283e-08 1.48355e-08 1.28777e-08 1.07023e-08 8.53393e-09 6.54443e-09 4.84012e-09 3.46374e-09 2.40765e-09 1.6323e-09 1.08402e-09 7.08333e-10 4.57526e-10 2.93581e-10 1.88127e-10 1.21024e-10 7.85266e-11 5.15422e-11 3.42069e-11 2.28206e-11 1.51066e-11 9.65901e-12 5.61092e-12 
9.64729e-13 1.60933e-12 2.38157e-12 3.46112e-12 5.1318e-12 7.86084e-12 1.24252e-11 2.01345e-11 3.32366e-11 5.56071e-11 9.3939e-11 1.5972e-10 2.7243e-10 4.6432e-10 7.86736e-10 1.31662e-09 2.15929e-09 3.44041e-09 5.27817e-09 7.732e-09 1.07392e-08 1.407e-08 1.73391e-08 2.00868e-08 2.1903e-08 2.25381e-08 2.19558e-08 2.03173e-08 1.79162e-08 1.50972e-08 1.21867e-08 9.44632e-09 7.05035e-09 5.08325e-09 3.55409e-09 2.4201e-09 1.61223e-09 1.05569e-09 6.82753e-10 4.38348e-10 2.80884e-10 1.80605e-10 1.17096e-10 7.68226e-11 5.10369e-11 3.42069e-11 2.2907e-11 1.50453e-11 9.30361e-12 5.09469e-12 
8.57038e-13 1.62878e-12 2.49603e-12 3.60048e-12 5.20835e-12 7.74291e-12 1.18922e-11 1.87902e-11 3.03475e-11 4.98354e-11 8.28902e-11 1.3925e-10 2.35676e-10 4.00727e-10 6.81942e-10 1.15529e-09 1.93452e-09 3.1738e-09 5.05189e-09 7.72399e-09 1.12376e-08 1.54373e-08 1.99126e-08 2.40501e-08 2.71945e-08 2.8851e-08 2.88249e-08 2.72402e-08 2.44549e-08 2.09341e-08 1.71385e-08 1.34534e-08 1.01523e-08 7.3876e-09 5.20364e-09 3.56355e-09 2.38391e-09 1.56554e-09 1.0144e-09 6.51965e-10 4.17932e-10 2.68697e-10 1.74142e-10 1.14209e-10 7.59152e-11 5.10369e-11 3.44554e-11 2.3042e-11 1.48556e-11 8.67226e-12 
1.57852e-12 2.61838e-12 3.82083e-12 5.43686e-12 7.86084e-12 1.17165e-11 1.80056e-11 2.83729e-11 4.55847e-11 7.43595e-11 1.22821e-10 2.05006e-10 3.45151e-10 5.8477e-10 9.93371e-10 1.68237e-09 2.81802e-09 4.62224e-09 7.34193e-09 1.11666e-08 1.6094e-08 2.1795e-08 2.7574e-08 3.25089e-08 3.57437e-08 3.67823e-08 3.56131e-08 3.2629e-08 2.84337e-08 2.36579e-08 1.88477e-08 1.44122e-08 1.06073e-08 7.54171e-09 5.20289e-09 3.50005e-09 2.30787e-09 1.4996e-09 9.65553e-10 6.19597e-10 3.98543e-10 2.58331e-10 1.69434e-10 1.12683e-10 7.59152e-11 5.15422e-11 3.49008e-11 2.31326e-11 1.44027e-11 7.90888e-12 
1.41903e-12 2.69535e-12 4.09479e-12 5.80967e-12 8.21564e-12 1.18922e-11 1.77476e-11 2.72312e-11 4.271e-11 6.81495e-11 1.103e-10 1.80752e-10 2.99528e-10 5.01326e-10 8.45919e-10 1.43398e-09 2.42716e-09 4.06494e-09 6.65963e-09 1.05384e-08 1.59053e-08 2.2635e-08 3.01013e-08 3.71937e-08 4.2626e-08 4.54127e-08 4.52241e-08 4.24022e-08 3.76945e-08 3.19405e-08 2.5885e-08 2.01069e-08 1.50048e-08 1.07932e-08 7.51638e-09 5.09356e-09 3.37719e-09 2.20326e-09 1.42263e-09 9.14645e-10 5.89065e-10 3.8215e-10 2.50822e-10 1.66958e-10 1.12683e-10 7.68226e-11 5.24791e-11 3.54306e-11 2.30123e-11 1.35009e-11 
2.6456e-12 4.37102e-12 6.30598e-12 8.80711e-12 1.24252e-11 1.80056e-11 2.68591e-11 4.1059e-11 6.39842e-11 1.01271e-10 1.62474e-10 2.63947e-10 4.33943e-10 7.21584e-10 1.21205e-09 2.0496e-09 3.46577e-09 5.79926e-09 9.47673e-09 1.49069e-08 2.22577e-08 3.11575e-08 4.0514e-08 4.86743e-08 5.40082e-08 5.55885e-08 5.35074e-08 4.86228e-08 4.20334e-08 3.47271e-08 2.74737e-08 2.08448e-08 1.52096e-08 1.07175e-08 7.33144e-09 4.89659e-09 3.21221e-09 2.08261e-09 1.34298e-09 8.66849e-10 5.63345e-10 3.70317e-10 2.46887e-10 1.66958e-10 1.14209e-10 7.85266e-11 5.36939e-11 3.58526e-11 2.24438e-11 1.23567e-11 
2.39847e-12 4.55694e-12 6.87801e-12 9.62396e-12 1.33275e-11 1.87902e-11 2.72312e-11 4.05224e-11 6.16042e-11 9.52509e-11 1.49391e-10 2.37397e-10 3.82086e-10 6.22864e-10 1.0285e-09 1.71907e-09 2.89889e-09 4.89458e-09 8.17445e-09 1.32998e-08 2.0739e-08 3.05255e-08 4.18558e-08 5.29723e-08 6.16028e-08 6.593e-08 6.54274e-08 6.09057e-08 5.37831e-08 4.53711e-08 3.66433e-08 2.83454e-08 2.10398e-08 1.50414e-08 1.04111e-08 7.01889e-09 4.63825e-09 3.02415e-09 1.95858e-09 1.2685e-09 8.26693e-10 5.44815e-10 3.64124e-10 2.46887e-10 1.69434e-10 1.17096e-10 8.08064e-11 5.4947e-11 3.58722e-11 2.11184e-11 
4.51194e-12 7.43428e-12 1.063e-11 1.46059e-11 2.01345e-11 2.83729e-11 4.1059e-11 6.08316e-11 9.18215e-11 1.407e-10 2.18493e-10 3.43709e-10 5.47848e-10 8.85284e-10 1.4513e-09 2.41332e-09 4.05711e-09 6.83551e-09 1.13786e-08 1.83903e-08 2.8337e-08 4.09519e-08 5.4746e-08 6.71017e-08 7.51809e-08 7.73688e-08 7.40221e-08 6.68401e-08 5.76171e-08 4.7579e-08 3.76154e-08 2.84835e-08 2.07167e-08 1.45466e-08 9.92219e-09 6.61843e-09 4.34737e-09 2.8322e-09 1.8431e-09 1.20608e-09 7.97804e-10 5.35126e-10 3.64124e-10 2.50822e-10 1.74142e-10 1.21024e-10 8.33353e-11 5.58947e-11 3.51004e-11 1.93542e-11 
4.1137e-12 7.8129e-12 1.17375e-11 1.62408e-11 2.20748e-11 3.03475e-11 4.271e-11 6.16042e-11 9.07097e-11 1.35759e-10 2.05958e-10 3.16465e-10 4.92664e-10 7.77691e-10 1.24599e-09 2.02844e-09 3.35617e-09 5.62351e-09 9.44606e-09 1.56447e-08 2.50475e-08 3.79893e-08 5.36425e-08 6.95202e-08 8.20465e-08 8.8173e-08 8.7172e-08 8.06747e-08 7.10853e-08 6.00554e-08 4.86044e-08 3.76381e-08 2.79248e-08 1.99434e-08 1.37966e-08 9.30997e-09 6.17331e-09 4.05284e-09 2.65437e-09 1.7466e-09 1.16124e-09 7.8271e-10 5.35126e-10 3.70317e-10 2.58331e-10 1.80605e-10 1.25517e-10 8.56757e-11 5.60529e-11 3.3053e-11 
7.76974e-12 1.27818e-11 1.81605e-11 2.46208e-11 3.32366e-11 4.55847e-11 6.39842e-11 9.18215e-11 1.34157e-10 1.98829e-10 2.98389e-10 4.53484e-10 6.98758e-10 1.09314e-09 1.73827e-09 2.81294e-09 4.63325e-09 7.73537e-09 1.2937e-08 2.12633e-08 3.35904e-08 4.98699e-08 6.83444e-08 8.52516e-08 9.63114e-08 9.9092e-08 9.44437e-08 8.51975e-08 7.36501e-08 6.10769e-08 4.84575e-08 3.67558e-08 2.67624e-08 1.88213e-08 1.28776e-08 8.63846e-09 5.72654e-09 3.78155e-09 2.50632e-09 1.67743e-09 1.13783e-09 7.8271e-10 5.44815e-10 3.8215e-10 2.68697e-10 1.88127e-10 1.29973e-10 8.72601e-11 5.48229e-11 3.02484e-11 
7.10078e-12 1.3478e-11 2.01987e-11 2.77247e-11 3.71003e-11 4.98354e-11 6.81495e-11 9.52509e-11 1.35759e-10 1.96519e-10 2.88092e-10 4.274e-10 6.42471e-10 9.80725e-10 1.52319e-09 2.40925e-09 3.88254e-09 6.37092e-09 1.05897e-08 1.75904e-08 2.85631e-08 4.42321e-08 6.37547e-08 8.40671e-08 1.00214e-07 1.08076e-07 1.06787e-07 9.89968e-08 8.76636e-08 7.45552e-08 6.07127e-08 4.71722e-08 3.50859e-08 2.51347e-08 1.74728e-08 1.18826e-08 7.97064e-09 5.31767e-09 3.55667e-09 2.40048e-09 1.64137e-09 1.13783e-09 7.97804e-10 5.63345e-10 3.98543e-10 2.80884e-10 1.95825e-10 1.33661e-10 8.73475e-11 5.14886e-11 
1.3411e-11 2.20537e-11 3.12311e-11 4.19343e-11 5.56071e-11 7.43595e-11 1.01271e-10 1.407e-10 1.98829e-10 2.84751e-10 4.12485e-10 6.04737e-10 8.99764e-10 1.36343e-09 2.10908e-09 3.32981e-09 5.35654e-09 8.75877e-09 1.44602e-08 2.37322e-08 3.77645e-08 5.67795e-08 7.86536e-08 9.89958e-08 1.12396e-07 1.15963e-07 1.11033e-07 1.00955e-07 8.82051e-08 7.38876e-08 5.89515e-08 4.48843e-08 3.28071e-08 2.32087e-08 1.603e-08 1.09022e-08 7.36375e-09 4.98046e-09 3.39642e-09 2.34538e-09 1.64137e-09 1.16124e-09 8.26693e-10 5.89065e-10 4.17932e-10 2.93581e-10 2.02678e-10 1.35703e-10 8.50641e-11 4.69228e-11 
1.22412e-11 2.32316e-11 3.48204e-11 4.76004e-11 6.29664e-11 8.28902e-11 1.103e-10 1.49391e-10 2.05958e-10 2.88092e-10 4.07635e-10 5.83035e-10 8.449e-10 1.24645e-09 1.88161e-09 2.91274e-09 4.60971e-09 7.41594e-09 1.20615e-08 1.966e-08 3.15828e-08 4.87178e-08 7.03575e-08 9.28562e-08 1.11079e-07 1.20155e-07 1.19603e-07 1.12029e-07 1.00797e-07 8.70861e-08 7.15534e-08 5.59444e-08 4.18099e-08 3.01376e-08 2.11683e-08 1.46211e-08 1.00177e-08 6.86595e-09 4.74103e-09 3.31317e-09 2.34538e-09 1.67743e-09 1.20608e-09 8.66849e-10 6.19597e-10 4.38348e-10 3.05278e-10 2.07544e-10 1.35027e-10 7.94055e-11 
2.30289e-11 3.79411e-11 5.37602e-11 7.18148e-11 9.3939e-11 1.22821e-10 1.62474e-10 2.18493e-10 2.98389e-10 4.12485e-10 5.75954e-10 8.1309e-10 1.166e-09 1.71102e-09 2.58637e-09 4.02917e-09 6.41406e-09 1.03094e-08 1.65747e-08 2.64029e-08 4.10706e-08 6.07294e-08 8.35123e-08 1.04376e-07 1.18291e-07 1.22808e-07 1.1943e-07 1.11061e-07 9.91408e-08 8.40896e-08 6.77357e-08 5.19289e-08 3.82172e-08 2.7328e-08 1.91914e-08 1.3359e-08 9.29643e-09 6.514e-09 4.61696e-09 3.31317e-09 2.40048e-09 1.7466e-09 1.2685e-09 9.14645e-10 6.51965e-10 4.57526e-10 3.14358e-10 2.09154e-10 1.30442e-10 7.18732e-11 
2.09171e-11 3.97441e-11 5.97882e-11 8.17862e-11 1.07482e-10 1.3925e-10 1.80752e-10 2.37397e-10 3.16465e-10 4.274e-10 5.83035e-10 8.0267e-10 1.11889e-09 1.59166e-09 2.33432e-09 3.55463e-09 5.59872e-09 8.96498e-09 1.4309e-08 2.25115e-08 3.4687e-08 5.17164e-08 7.26347e-08 9.44159e-08 1.11008e-07 1.19829e-07 1.21548e-07 1.18054e-07 1.09093e-07 9.55436e-08 7.94459e-08 6.26382e-08 4.7209e-08 3.44457e-08 2.46237e-08 1.74325e-08 1.2336e-08 8.78881e-09 6.33212e-09 4.61696e-09 3.39642e-09 2.50632e-09 1.8431e-09 1.34298e-09 9.65553e-10 6.82753e-10 4.73066e-10 3.19161e-10 2.06057e-10 1.20636e-10 
3.90754e-11 6.46961e-11 9.21436e-11 1.23128e-10 1.5972e-10 2.05006e-10 2.63947e-10 3.43709e-10 4.53484e-10 6.04737e-10 8.1309e-10 1.10338e-09 1.52102e-09 2.15482e-09 3.17654e-09 4.89751e-09 7.8058e-09 1.25027e-08 1.96231e-08 2.99282e-08 4.41567e-08 6.26485e-08 8.28301e-08 1.00993e-07 1.11977e-07 1.17938e-07 1.20347e-07 1.16276e-07 1.05319e-07 9.0254e-08 7.31859e-08 5.65742e-08 4.22554e-08 3.08357e-08 2.22323e-08 1.60152e-08 1.16195e-08 8.52732e-09 6.33212e-09 4.74103e-09 3.55667e-09 2.65437e-09 1.95858e-09 1.42263e-09 1.0144e-09 7.08333e-10 4.8259e-10 3.17991e-10 1.96774e-10 1.08178e-10 
3.51774e-11 6.70636e-11 1.01689e-10 1.39962e-10 1.83833e-10 2.35676e-10 2.99528e-10 3.82086e-10 4.92664e-10 6.42471e-10 8.449e-10 1.11889e-09 1.49764e-09 2.04752e-09 2.90335e-09 4.32302e-09 6.75596e-09 1.08449e-08 1.72168e-08 2.63273e-08 3.85294e-08 5.40631e-08 7.25488e-08 8.93619e-08 1.01291e-07 1.09248e-07 1.167e-07 1.1972e-07 1.13325e-07 9.98866e-08 8.29151e-08 6.56311e-08 5.02376e-08 3.75525e-08 2.76638e-08 2.0316e-08 1.50273e-08 1.12517e-08 8.52732e-09 6.514e-09 4.98046e-09 3.78155e-09 2.8322e-09 2.08261e-09 1.4996e-09 1.05569e-09 7.25148e-10 4.83883e-10 3.09074e-10 1.7974e-10 
6.50931e-11 1.08707e-10 1.56447e-10 2.10418e-10 2.7243e-10 3.45151e-10 4.33943e-10 5.47848e-10 6.98758e-10 8.99764e-10 1.166e-09 1.52102e-09 2.0118e-09 2.73872e-09 3.90464e-09 5.8784e-09 9.26924e-09 1.48651e-08 2.31735e-08 3.41411e-08 4.76496e-08 6.32178e-08 7.94951e-08 8.91985e-08 9.79835e-08 1.08403e-07 1.18791e-07 1.19783e-07 1.0865e-07 9.1917e-08 7.3966e-08 5.78611e-08 4.43282e-08 3.34591e-08 2.51356e-08 1.89861e-08 1.45222e-08 1.12517e-08 8.78881e-09 6.86595e-09 5.31767e-09 4.05284e-09 3.02415e-09 2.20326e-09 1.56554e-09 1.08402e-09 7.30008e-10 4.74932e-10 2.90811e-10 1.59287e-10 
5.78472e-11 1.10946e-10 1.70381e-10 2.37381e-10 3.13748e-10 4.00727e-10 5.01326e-10 6.22864e-10 7.77691e-10 9.80725e-10 1.24645e-09 1.59166e-09 2.04752e-09 2.68359e-09 3.65117e-09 5.24016e-09 7.93922e-09 1.25341e-08 1.9935e-08 3.01667e-08 4.25098e-08 5.61175e-08 6.93132e-08 8.07628e-08 8.95531e-08 1.01085e-07 1.17381e-07 1.23523e-07 1.18704e-07 1.0168e-07 8.21918e-08 6.50433e-08 5.08195e-08 3.92645e-08 3.02185e-08 2.33874e-08 1.8309e-08 1.45222e-08 1.16195e-08 9.29643e-09 7.36375e-09 5.72654e-09 4.34737e-09 3.21221e-09 2.30787e-09 1.61223e-09 1.09458e-09 7.20323e-10 4.53916e-10 2.61618e-10 
1.05807e-10 1.78956e-10 2.61706e-10 3.56671e-10 4.6432e-10 5.8477e-10 7.21584e-10 8.85284e-10 1.09314e-09 1.36343e-09 1.71102e-09 2.15482e-09 2.73872e-09 3.56572e-09 4.85235e-09 6.9844e-09 1.05753e-08 1.66215e-08 2.60215e-08 3.77744e-08 5.0248e-08 6.00182e-08 7.03366e-08 8.59538e-08 9.76414e-08 1.16784e-07 1.30392e-07 1.32625e-07 1.17604e-07 9.34584e-08 7.2798e-08 5.71858e-08 4.48576e-08 3.52876e-08 2.79837e-08 2.25011e-08 1.8309e-08 1.50273e-08 1.2336e-08 1.00177e-08 7.97064e-09 6.17331e-09 4.63825e-09 3.37719e-09 2.38391e-09 1.6323e-09 1.08362e-09 6.94219e-10 4.19571e-10 2.28563e-10 
9.24743e-11 1.78912e-10 2.79631e-10 3.96834e-10 5.3168e-10 6.81942e-10 8.45919e-10 1.0285e-09 1.24599e-09 1.52319e-09 1.88161e-09 2.33432e-09 2.90335e-09 3.65117e-09 4.72044e-09 6.40273e-09 9.20903e-09 1.38888e-08 2.15831e-08 3.29905e-08 4.44425e-08 5.26978e-08 6.33858e-08 8.05461e-08 1.00009e-07 1.25741e-07 1.52126e-07 1.65204e-07 1.43819e-07 1.16147e-07 8.50581e-08 6.4838e-08 5.05065e-08 4.01762e-08 3.25483e-08 2.68566e-08 2.25011e-08 1.89861e-08 1.60152e-08 1.3359e-08 1.09022e-08 8.63846e-09 6.61843e-09 4.89659e-09 3.50005e-09 2.4201e-09 1.62006e-09 1.0489e-09 6.50509e-10 3.70756e-10 
1.6691e-10 2.8701e-10 4.28838e-10 5.96269e-10 7.86736e-10 9.93371e-10 1.21205e-09 1.4513e-09 1.73827e-09 2.10908e-09 2.58637e-09 3.17654e-09 3.90464e-09 4.85235e-09 6.20208e-09 8.36791e-09 1.20775e-08 1.80255e-08 2.74472e-08 3.99483e-08 4.94405e-08 5.5068e-08 7.21256e-08 1.0793e-07 1.59057e-07 1.9377e-07 2.03333e-07 1.86985e-07 1.65632e-07 1.11471e-07 7.94941e-08 5.80581e-08 4.52728e-08 3.69514e-08 3.11768e-08 2.68566e-08 2.33874e-08 2.0316e-08 1.74325e-08 1.46211e-08 1.18826e-08 9.30997e-09 7.01889e-09 5.09356e-09 3.56355e-09 2.40765e-09 1.57231e-09 9.89748e-10 5.89132e-10 3.18561e-10 
1.43007e-10 2.79746e-10 4.46968e-10 6.49936e-10 8.89228e-10 1.15529e-09 1.43398e-09 1.71907e-09 2.02844e-09 2.40925e-09 2.91274e-09 3.55463e-09 4.32302e-09 5.24016e-09 6.40273e-09 8.07005e-09 1.09276e-08 1.59089e-08 2.34548e-08 3.37374e-08 4.35499e-08 4.69277e-08 7.91196e-08 1.20247e-07 1.60226e-07 2.29072e-07 2.81386e-07 2.96835e-07 2.53152e-07 1.79495e-07 1.17826e-07 7.43342e-08 5.29094e-08 4.17158e-08 3.53563e-08 3.11768e-08 2.79837e-08 2.51356e-08 2.22323e-08 1.91914e-08 1.603e-08 1.28776e-08 9.92219e-09 7.33144e-09 5.20289e-09 3.55409e-09 2.34157e-09 1.48875e-09 9.06931e-10 5.10147e-10 
2.54344e-10 4.46058e-10 6.8422e-10 9.76762e-10 1.31662e-09 1.68237e-09 2.0496e-09 2.41332e-09 2.81294e-09 3.32981e-09 4.02917e-09 4.89751e-09 5.8784e-09 6.9844e-09 8.36791e-09 1.05088e-08 1.44077e-08 2.17623e-08 3.00317e-08 3.37878e-08 4.99906e-08 5.72043e-08 1.42085e-07 2.4191e-07 3.5677e-07 4.64511e-07 5.10115e-07 5.35182e-07 2.99346e-07 1.8453e-07 1.16783e-07 7.04623e-08 4.93334e-08 3.99497e-08 3.53563e-08 3.25483e-08 3.02185e-08 2.76638e-08 2.46237e-08 2.11683e-08 1.74728e-08 1.37966e-08 1.04111e-08 7.51638e-09 5.20364e-09 3.46374e-09 2.22165e-09 1.37197e-09 8.02939e-10 4.30115e-10 
2.13129e-10 4.22183e-10 6.91954e-10 1.03617e-09 1.45748e-09 1.93452e-09 2.42716e-09 2.89889e-09 3.35617e-09 3.88254e-09 4.60971e-09 5.59872e-09 6.75596e-09 7.93922e-09 9.20903e-09 1.09276e-08 1.38538e-08 1.94032e-08 2.74731e-08 2.50491e-08 2.78744e-08 6.48864e-08 1.39619e-07 2.73188e-07 4.07213e-07 5.58634e-07 6.21282e-07 6.71624e-07 6.26722e-07 3.29831e-07 2.1663e-07 1.14496e-07 6.64566e-08 4.74975e-08 3.99497e-08 3.69514e-08 3.52876e-08 3.34591e-08 3.08357e-08 2.7328e-08 2.32087e-08 1.88213e-08 1.45466e-08 1.07175e-08 7.54171e-09 5.08325e-09 3.29194e-09 2.05272e-09 1.22677e-09 6.79995e-10 
3.73058e-10 6.68606e-10 1.05665e-09 1.55687e-09 2.15929e-09 2.81802e-09 3.46577e-09 4.05711e-09 4.63325e-09 5.35654e-09 6.41406e-09 7.8058e-09 9.26924e-09 1.05753e-08 1.20775e-08 1.44077e-08 1.82942e-08 2.59714e-08 3.02031e-08 2.09728e-08 6.58435e-08 1.55178e-07 2.87552e-07 4.33746e-07 6.05339e-07 7.19153e-07 7.87109e-07 8.07714e-07 6.79265e-07 5.05883e-07 2.03571e-07 1.08105e-07 6.42747e-08 4.74975e-08 4.17158e-08 4.01762e-08 3.92645e-08 3.75525e-08 3.44457e-08 3.01376e-08 2.51347e-08 1.99434e-08 1.50414e-08 1.07932e-08 7.3876e-09 4.84012e-09 3.04619e-09 1.84378e-09 1.05986e-09 5.61437e-10 
3.05325e-10 6.12736e-10 1.03228e-09 1.59761e-09 2.32293e-09 3.1738e-09 4.06494e-09 4.89458e-09 5.62351e-09 6.37092e-09 7.41594e-09 8.96498e-09 1.08449e-08 1.25341e-08 1.38888e-08 1.59089e-08 1.94032e-08 2.64021e-08 2.59397e-08 2.66053e-08 6.93976e-08 1.68557e-07 2.9559e-07 4.49604e-07 6.1591e-07 7.70352e-07 8.6942e-07 9.201e-07 8.93432e-07 7.30506e-07 5.48134e-07 1.96348e-07 1.04202e-07 6.42747e-08 4.93334e-08 4.52728e-08 4.48576e-08 4.43282e-08 4.22554e-08 3.82172e-08 3.28071e-08 2.67624e-08 2.07167e-08 1.52096e-08 1.06073e-08 7.05035e-09 4.48497e-09 2.74116e-09 1.60621e-09 8.76507e-10 
5.25415e-10 9.62893e-10 1.57082e-09 2.39733e-09 3.44041e-09 4.62224e-09 5.79926e-09 6.83551e-09 7.73537e-09 8.75877e-09 1.03094e-08 1.25027e-08 1.48651e-08 1.66215e-08 1.80255e-08 2.17623e-08 2.59714e-08 2.69173e-08 3.13934e-08 8.38247e-08 1.75554e-07 3.02959e-07 4.56488e-07 6.24481e-07 7.82217e-07 9.12835e-07 1.00586e-06 1.02599e-06 9.37286e-07 7.91947e-07 5.45939e-07 1.89812e-07 1.04202e-07 6.64566e-08 5.29094e-08 5.05065e-08 5.08195e-08 5.02376e-08 4.7209e-08 4.18099e-08 3.50859e-08 2.79248e-08 2.10398e-08 1.50048e-08 1.01523e-08 6.54443e-09 4.04001e-09 2.39619e-09 1.3525e-09 7.07509e-10 
4.19883e-10 8.53122e-10 1.47788e-09 2.36794e-09 3.57158e-09 5.05189e-09 6.65963e-09 8.17445e-09 9.44606e-09 1.05897e-08 1.20615e-08 1.4309e-08 1.72168e-08 1.9935e-08 2.15831e-08 2.34548e-08 2.74731e-08 2.59397e-08 2.95523e-08 8.97732e-08 1.82233e-07 3.07296e-07 4.53886e-07 6.1133e-07 7.74778e-07 9.16465e-07 1.02742e-06 1.0961e-06 1.07214e-06 9.67229e-07 8.02599e-07 5.37927e-07 1.89812e-07 1.08105e-07 7.04623e-08 5.80581e-08 5.71858e-08 5.78611e-08 5.65742e-08 5.19289e-08 4.48843e-08 3.67558e-08 2.84835e-08 2.08448e-08 1.44122e-08 9.44632e-09 5.90191e-09 3.53567e-09 2.03167e-09 1.09119e-09 
7.09709e-10 1.32881e-09 2.23766e-09 3.54243e-09 5.27817e-09 7.34193e-09 9.47673e-09 1.13786e-08 1.2937e-08 1.44602e-08 1.65747e-08 1.96231e-08 2.31735e-08 2.60215e-08 2.74472e-08 3.00317e-08 3.02031e-08 3.13934e-08 9.06423e-08 1.82117e-07 3.08529e-07 4.45345e-07 5.96278e-07 7.49694e-07 8.93785e-07 1.0189e-06 1.11145e-06 1.14325e-06 1.10073e-06 9.98759e-07 8.02017e-07 5.37927e-07 1.96348e-07 1.14496e-07 7.43342e-08 6.4838e-08 6.50433e-08 6.56311e-08 6.26382e-08 5.59444e-08 4.71722e-08 3.76381e-08 2.83454e-08 2.01069e-08 1.34534e-08 8.53393e-09 5.16833e-09 3.00527e-09 1.66634e-09 8.60051e-10 
5.54159e-10 1.13809e-09 2.02455e-09 3.35681e-09 5.25804e-09 7.72399e-09 1.05384e-08 1.32998e-08 1.56447e-08 1.75904e-08 1.966e-08 2.25115e-08 2.63273e-08 3.01667e-08 3.29905e-08 3.37374e-08 2.50491e-08 2.66053e-08 8.97732e-08 1.83615e-07 3.06986e-07 4.40422e-07 5.77563e-07 7.2079e-07 8.59204e-07 9.86197e-07 1.08919e-06 1.15333e-06 1.16719e-06 1.11655e-06 1.00342e-06 8.02017e-07 5.45939e-07 2.03571e-07 1.16783e-07 7.94941e-08 7.2798e-08 7.3966e-08 7.31859e-08 6.77357e-08 5.89515e-08 4.84575e-08 3.76154e-08 2.74737e-08 1.88477e-08 1.21867e-08 7.48058e-09 4.39534e-09 2.47899e-09 1.31096e-09 
9.19323e-10 1.75479e-09 3.04443e-09 4.99473e-09 7.732e-09 1.11666e-08 1.49069e-08 1.83903e-08 2.12633e-08 2.37322e-08 2.64029e-08 2.99282e-08 3.41411e-08 3.77744e-08 3.99483e-08 3.37878e-08 2.09728e-08 8.38247e-08 1.82117e-07 3.05712e-07 4.35165e-07 5.63602e-07 6.94233e-07 8.23325e-07 9.43874e-07 1.05003e-06 1.1298e-06 1.17567e-06 1.17991e-06 1.12771e-06 1.00342e-06 8.02599e-07 5.48134e-07 2.1663e-07 1.17826e-07 8.50581e-08 8.21918e-08 8.29151e-08 7.94459e-08 7.15534e-08 6.07127e-08 4.86044e-08 3.66433e-08 2.5885e-08 1.71385e-08 1.07023e-08 6.36327e-09 3.6316e-09 1.98029e-09 1.00819e-09 
7.02343e-10 1.45454e-09 2.64956e-09 4.53448e-09 7.36499e-09 1.12376e-08 1.59053e-08 2.0739e-08 2.50475e-08 2.85631e-08 3.15828e-08 3.4687e-08 3.85294e-08 4.25098e-08 4.44425e-08 4.35499e-08 2.78744e-08 6.93976e-08 1.82233e-07 3.06986e-07 4.3218e-07 5.54624e-07 6.734e-07 7.91674e-07 9.0313e-07 1.00412e-06 1.08922e-06 1.15151e-06 1.18593e-06 1.18418e-06 1.12771e-06 9.98759e-07 7.91947e-07 5.05883e-07 1.8453e-07 1.11471e-07 9.34584e-08 9.1917e-08 9.0254e-08 8.40896e-08 7.38876e-08 6.10769e-08 4.7579e-08 3.47271e-08 2.36579e-08 1.50972e-08 9.11136e-09 5.25724e-09 2.91484e-09 1.51934e-09 
1.14287e-09 2.21708e-09 3.94878e-09 6.6919e-09 1.07392e-08 1.6094e-08 2.22577e-08 2.8337e-08 3.35904e-08 3.77645e-08 4.10706e-08 4.41567e-08 4.76496e-08 5.0248e-08 4.94405e-08 4.99906e-08 6.58435e-08 1.75554e-07 3.08529e-07 4.35165e-07 5.51264e-07 6.6014e-07 7.67488e-07 8.69094e-07 9.62546e-07 1.04484e-06 1.11281e-06 1.1618e-06 1.18909e-06 1.18418e-06 1.11655e-06 9.67229e-07 7.30506e-07 3.29831e-07 1.79495e-07 1.16147e-07 1.0168e-07 9.98866e-08 9.55436e-08 8.70861e-08 7.45552e-08 6.00554e-08 4.53711e-08 3.19405e-08 2.09341e-08 1.28777e-08 7.52645e-09 4.22337e-09 2.26886e-09 1.13978e-09 
8.55821e-10 1.78234e-09 3.31161e-09 5.82442e-09 9.76982e-09 1.54373e-08 2.2635e-08 3.05255e-08 3.79893e-08 4.42321e-08 4.87178e-08 5.17164e-08 5.40631e-08 5.61175e-08 5.26978e-08 4.69277e-08 6.48864e-08 1.68557e-07 3.07296e-07 4.40422e-07 5.54624e-07 6.55395e-07 7.52485e-07 8.4322e-07 9.28039e-07 1.00462e-06 1.07054e-06 1.12535e-06 1.16627e-06 1.18909e-06 1.17991e-06 1.10073e-06 9.37286e-07 6.79265e-07 2.99346e-07 1.65632e-07 1.17604e-07 1.0865e-07 1.05319e-07 9.91408e-08 8.82051e-08 7.36501e-08 5.76171e-08 4.20334e-08 2.84337e-08 1.79162e-08 1.06439e-08 6.04238e-09 3.30054e-09 1.69852e-09 
1.36527e-09 2.68195e-09 4.88048e-09 8.49899e-09 1.407e-08 2.1795e-08 3.11575e-08 4.09519e-08 4.98699e-08 5.67795e-08 6.07294e-08 6.26485e-08 6.32178e-08 6.00182e-08 5.5068e-08 5.72043e-08 1.55178e-07 3.02959e-07 4.45345e-07 5.63602e-07 6.6014e-07 7.47305e-07 8.27349e-07 9.02129e-07 9.71571e-07 1.03266e-06 1.08546e-06 1.13087e-06 1.16627e-06 1.18593e-06 1.16719e-06 1.07214e-06 8.93432e-07 6.26722e-07 2.53152e-07 1.43819e-07 1.18704e-07 1.13325e-07 1.09093e-07 1.00797e-07 8.76636e-08 7.10853e-08 5.37831e-08 3.76945e-08 2.44549e-08 1.48355e-08 8.53973e-09 4.72307e-09 2.50557e-09 1.24313e-09 
1.00402e-09 2.09669e-09 3.9556e-09 7.10945e-09 1.22407e-08 1.99126e-08 3.01013e-08 4.18558e-08 5.36425e-08 6.37547e-08 7.03575e-08 7.26347e-08 7.25488e-08 6.93132e-08 6.33858e-08 7.91196e-08 1.39619e-07 2.9559e-07 4.53886e-07 5.77563e-07 6.734e-07 7.52485e-07 8.21942e-07 8.86444e-07 9.46793e-07 1.00149e-06 1.04963e-06 1.09234e-06 1.13087e-06 1.1618e-06 1.17567e-06 1.14325e-06 1.02599e-06 8.07714e-07 5.35182e-07 1.86985e-07 1.32625e-07 1.19783e-07 1.16276e-07 1.11061e-07 1.00955e-07 8.51975e-08 6.68401e-08 4.86228e-08 3.2629e-08 2.03173e-08 1.19052e-08 6.66683e-09 3.59781e-09 1.8319e-09 
1.5695e-09 3.11015e-09 5.75128e-09 1.02247e-08 1.73391e-08 2.7574e-08 4.0514e-08 5.4746e-08 6.83444e-08 7.86536e-08 8.35123e-08 8.28301e-08 7.94951e-08 7.03366e-08 7.21256e-08 1.42085e-07 2.87552e-07 4.56488e-07 5.96278e-07 6.94233e-07 7.67488e-07 8.27349e-07 8.81147e-07 9.31842e-07 9.78251e-07 1.02024e-06 1.05758e-06 1.09234e-06 1.12535e-06 1.15151e-06 1.15333e-06 1.0961e-06 9.201e-07 6.71624e-07 2.96835e-07 1.65204e-07 1.23523e-07 1.1972e-07 1.18054e-07 1.12029e-07 9.89968e-08 8.06747e-08 6.09057e-08 4.24022e-08 2.72402e-08 1.63283e-08 9.28323e-09 5.07655e-09 2.66706e-09 1.30869e-09 
1.13553e-09 2.37121e-09 4.52089e-09 8.25122e-09 1.44746e-08 2.40501e-08 3.71937e-08 5.29723e-08 6.95202e-08 8.40671e-08 9.28562e-08 9.44159e-08 8.93619e-08 8.07628e-08 8.05461e-08 1.20247e-07 2.73188e-07 4.49604e-07 6.1133e-07 7.2079e-07 7.91674e-07 8.4322e-07 8.86444e-07 9.26834e-07 9.64281e-07 9.98399e-07 1.02916e-06 1.05758e-06 1.08546e-06 1.11281e-06 1.1298e-06 1.11145e-06 1.00586e-06 7.87109e-07 5.10115e-07 2.03333e-07 1.30392e-07 1.18791e-07 1.20347e-07 1.1943e-07 1.11033e-07 9.44437e-08 7.40221e-08 5.35074e-08 3.56131e-08 2.19558e-08 1.27281e-08 7.05599e-09 3.77493e-09 1.90664e-09 
1.73858e-09 3.4623e-09 6.46972e-09 1.16589e-08 2.00868e-08 3.25089e-08 4.86743e-08 6.71017e-08 8.52516e-08 9.89958e-08 1.04376e-07 1.00993e-07 8.91985e-08 8.59538e-08 1.0793e-07 2.4191e-07 4.33746e-07 6.24481e-07 7.49694e-07 8.23325e-07 8.69094e-07 9.02129e-07 9.31842e-07 9.59653e-07 9.85229e-07 1.0081e-06 1.02916e-06 1.04963e-06 1.07054e-06 1.08922e-06 1.08919e-06 1.02742e-06 8.6942e-07 6.21282e-07 2.81386e-07 1.52126e-07 1.17381e-07 1.167e-07 1.21548e-07 1.19603e-07 1.06787e-07 8.7172e-08 6.54274e-08 4.52241e-08 2.88249e-08 1.713e-08 9.65729e-09 5.24246e-09 2.73672e-09 1.33043e-09 
1.23944e-09 2.5813e-09 4.95046e-09 9.11664e-09 1.61672e-08 2.71945e-08 4.2626e-08 6.16028e-08 8.20465e-08 1.00214e-07 1.11079e-07 1.11008e-07 1.01291e-07 8.95531e-08 1.00009e-07 1.60226e-07 4.07213e-07 6.1591e-07 7.74778e-07 8.59204e-07 9.0313e-07 9.28039e-07 9.46793e-07 9.64281e-07 9.80905e-07 9.95388e-07 1.0081e-06 1.02024e-06 1.03266e-06 1.04484e-06 1.05003e-06 1.0189e-06 9.12835e-07 7.19153e-07 4.64511e-07 1.9377e-07 1.16784e-07 1.08403e-07 1.17938e-07 1.22808e-07 1.15963e-07 9.9092e-08 7.73688e-08 5.55885e-08 3.67823e-08 2.25381e-08 1.29849e-08 7.15856e-09 3.81205e-09 1.91546e-09 
1.85757e-09 3.70431e-09 6.95668e-09 1.26182e-08 2.1903e-08 3.57437e-08 5.40082e-08 7.51809e-08 9.63114e-08 1.12396e-07 1.18291e-07 1.11977e-07 9.79835e-08 9.76414e-08 1.59057e-07 3.5677e-07 6.05339e-07 7.82217e-07 8.93785e-07 9.43874e-07 9.62546e-07 9.71571e-07 9.78251e-07 9.85229e-07 9.91244e-07 9.95388e-07 9.98399e-07 1.00149e-06 1.00462e-06 1.00412e-06 9.86197e-07 9.16465e-07 7.70352e-07 5.58634e-07 2.29072e-07 1.25741e-07 1.01085e-07 1.09248e-07 1.19829e-07 1.20155e-07 1.08076e-07 8.8173e-08 6.593e-08 4.54127e-08 2.8851e-08 1.70876e-08 9.60314e-09 5.19957e-09 2.7072e-09 1.30651e-09 
1.30651e-09 2.7072e-09 5.19957e-09 9.60314e-09 1.70876e-08 2.8851e-08 4.54127e-08 6.593e-08 8.8173e-08 1.08076e-07 1.20155e-07 1.19829e-07 1.09248e-07 1.01085e-07 1.25741e-07 2.29072e-07 5.58634e-07 7.70352e-07 9.16465e-07 9.86197e-07 1.00412e-06 1.00462e-06 1.00149e-06 9.98399e-07 9.95388e-07 9.91244e-07 9.85229e-07 9.78251e-07 9.71571e-07 9.62546e-07 9.43874e-07 8.93785e-07 7.82217e-07 6.05339e-07 3.5677e-07 1.59057e-07 9.76414e-08 9.79835e-08 1.11977e-07 1.18291e-07 1.12396e-07 9.63114e-08 7.51809e-08 5.40082e-08 3.57437e-08 2.1903e-08 1.26182e-08 6.95668e-09 3.70431e-09 1.85757e-09 
1.91546e-09 3.81205e-09 7.15856e-09 1.29849e-08 2.25381e-08 3.67823e-08 5.55885e-08 7.73688e-08 9.9092e-08 1.15963e-07 1.22808e-07 1.17938e-07 1.08403e-07 1.16784e-07 1.9377e-07 4.64511e-07 7.19153e-07 9.12835e-07 1.0189e-06 1.05003e-06 1.04484e-06 1.03266e-06 1.02024e-06 1.0081e-06 9.95388e-07 9.80905e-07 9.64281e-07 9.46793e-07 9.28039e-07 9.0313e-07 8.59204e-07 7.74778e-07 6.1591e-07 4.07213e-07 1.60226e-07 1.00009e-07 8.95531e-08 1.01291e-07 1.11008e-07 1.11079e-07 1.00214e-07 8.20465e-08 6.16028e-08 4.2626e-08 2.71945e-08 1.61672e-08 9.11664e-09 4.95046e-09 2.5813e-09 1.23944e-09 
1.33043e-09 2.73672e-09 5.24246e-09 9.65729e-09 1.713e-08 2.88249e-08 4.52241e-08 6.54274e-08 8.7172e-08 1.06787e-07 1.19603e-07 1.21548e-07 1.167e-07 1.17381e-07 1.52126e-07 2.81386e-07 6.21282e-07 8.6942e-07 1.02742e-06 1.08919e-06 1.08922e-06 1.07054e-06 1.04963e-06 1.02916e-06 1.0081e-06 9.85229e-07 9.59653e-07 9.31842e-07 9.02129e-07 8.69094e-07 8.23325e-07 7.49694e-07 6.24481e-07 4.33746e-07 2.4191e-07 1.0793e-07 8.59538e-08 8.91985e-08 1.00993e-07 1.04376e-07 9.89958e-08 8.52516e-08 6.71017e-08 4.86743e-08 3.25089e-08 2.00868e-08 1.16589e-08 6.46972e-09 3.4623e-09 1.73858e-09 
1.90664e-09 3.77493e-09 7.05599e-09 1.27281e-08 2.19558e-08 3.56131e-08 5.35074e-08 7.40221e-08 9.44437e-08 1.11033e-07 1.1943e-07 1.20347e-07 1.18791e-07 1.30392e-07 2.03333e-07 5.10115e-07 7.87109e-07 1.00586e-06 1.11145e-06 1.1298e-06 1.11281e-06 1.08546e-06 1.05758e-06 1.02916e-06 9.98399e-07 9.64281e-07 9.26834e-07 8.86444e-07 8.4322e-07 7.91674e-07 7.2079e-07 6.1133e-07 4.49604e-07 2.73188e-07 1.20247e-07 8.05461e-08 8.07628e-08 8.93619e-08 9.44159e-08 9.28562e-08 8.40671e-08 6.95202e-08 5.29723e-08 3.71937e-08 2.40501e-08 1.44746e-08 8.25122e-09 4.52089e-09 2.37121e-09 1.13553e-09 
1.30869e-09 2.66706e-09 5.07655e-09 9.28323e-09 1.63283e-08 2.72402e-08 4.24022e-08 6.09057e-08 8.06747e-08 9.89968e-08 1.12029e-07 1.18054e-07 1.1972e-07 1.23523e-07 1.65204e-07 2.96835e-07 6.71624e-07 9.201e-07 1.0961e-06 1.15333e-06 1.15151e-06 1.12535e-06 1.09234e-06 1.05758e-06 1.02024e-06 9.78251e-07 9.31842e-07 8.81147e-07 8.27349e-07 7.67488e-07 6.94233e-07 5.96278e-07 4.56488e-07 2.87552e-07 1.42085e-07 7.21256e-08 7.03366e-08 7.94951e-08 8.28301e-08 8.35123e-08 7.86536e-08 6.83444e-08 5.4746e-08 4.0514e-08 2.7574e-08 1.73391e-08 1.02247e-08 5.75128e-09 3.11015e-09 1.5695e-09 
1.8319e-09 3.59781e-09 6.66683e-09 1.19052e-08 2.03173e-08 3.2629e-08 4.86228e-08 6.68401e-08 8.51975e-08 1.00955e-07 1.11061e-07 1.16276e-07 1.19783e-07 1.32625e-07 1.86985e-07 5.35182e-07 8.07714e-07 1.02599e-06 1.14325e-06 1.17567e-06 1.1618e-06 1.13087e-06 1.09234e-06 1.04963e-06 1.00149e-06 9.46793e-07 8.86444e-07 8.21942e-07 7.52485e-07 6.734e-07 5.77563e-07 4.53886e-07 2.9559e-07 1.39619e-07 7.91196e-08 6.33858e-08 6.93132e-08 7.25488e-08 7.26347e-08 7.03575e-08 6.37547e-08 5.36425e-08 4.18558e-08 3.01013e-08 1.99126e-08 1.22407e-08 7.10945e-09 3.9556e-09 2.09669e-09 1.00402e-09 
1.24313e-09 2.50557e-09 4.72307e-09 8.53973e-09 1.48355e-08 2.44549e-08 3.76945e-08 5.37831e-08 7.10853e-08 8.76636e-08 1.00797e-07 1.09093e-07 1.13325e-07 1.18704e-07 1.43819e-07 2.53152e-07 6.26722e-07 8.93432e-07 1.07214e-06 1.16719e-06 1.18593e-06 1.16627e-06 1.13087e-06 1.08546e-06 1.03266e-06 9.71571e-07 9.02129e-07 8.27349e-07 7.47305e-07 6.6014e-07 5.63602e-07 4.45345e-07 3.02959e-07 1.55178e-07 5.72043e-08 5.5068e-08 6.00182e-08 6.32178e-08 6.26485e-08 6.07294e-08 5.67795e-08 4.98699e-08 4.09519e-08 3.11575e-08 2.1795e-08 1.407e-08 8.49899e-09 4.88048e-09 2.68195e-09 1.36527e-09 
1.69852e-09 3.30054e-09 6.04238e-09 1.06439e-08 1.79162e-08 2.84337e-08 4.20334e-08 5.76171e-08 7.36501e-08 8.82051e-08 9.91408e-08 1.05319e-07 1.0865e-07 1.17604e-07 1.65632e-07 2.99346e-07 6.79265e-07 9.37286e-07 1.10073e-06 1.17991e-06 1.18909e-06 1.16627e-06 1.12535e-06 1.07054e-06 1.00462e-06 9.28039e-07 8.4322e-07 7.52485e-07 6.55395e-07 5.54624e-07 4.40422e-07 3.07296e-07 1.68557e-07 6.48864e-08 4.69277e-08 5.26978e-08 5.61175e-08 5.40631e-08 5.17164e-08 4.87178e-08 4.42321e-08 3.79893e-08 3.05255e-08 2.2635e-08 1.54373e-08 9.76982e-09 5.82442e-09 3.31161e-09 1.78234e-09 8.55821e-10 
1.13978e-09 2.26886e-09 4.22337e-09 7.52645e-09 1.28777e-08 2.09341e-08 3.19405e-08 4.53711e-08 6.00554e-08 7.45552e-08 8.70861e-08 9.55436e-08 9.98866e-08 1.0168e-07 1.16147e-07 1.79495e-07 3.29831e-07 7.30506e-07 9.67229e-07 1.11655e-06 1.18418e-06 1.18909e-06 1.1618e-06 1.11281e-06 1.04484e-06 9.62546e-07 8.69094e-07 7.67488e-07 6.6014e-07 5.51264e-07 4.35165e-07 3.08529e-07 1.75554e-07 6.58435e-08 4.99906e-08 4.94405e-08 5.0248e-08 4.76496e-08 4.41567e-08 4.10706e-08 3.77645e-08 3.35904e-08 2.8337e-08 2.22577e-08 1.6094e-08 1.07392e-08 6.6919e-09 3.94878e-09 2.21708e-09 1.14287e-09 
1.51934e-09 2.91484e-09 5.25724e-09 9.11136e-09 1.50972e-08 2.36579e-08 3.47271e-08 4.7579e-08 6.10769e-08 7.38876e-08 8.40896e-08 9.0254e-08 9.1917e-08 9.34584e-08 1.11471e-07 1.8453e-07 5.05883e-07 7.91947e-07 9.98759e-07 1.12771e-06 1.18418e-06 1.18593e-06 1.15151e-06 1.08922e-06 1.00412e-06 9.0313e-07 7.91674e-07 6.734e-07 5.54624e-07 4.3218e-07 3.06986e-07 1.82233e-07 6.93976e-08 2.78744e-08 4.35499e-08 4.44425e-08 4.25098e-08 3.85294e-08 3.4687e-08 3.15828e-08 2.85631e-08 2.50475e-08 2.0739e-08 1.59053e-08 1.12376e-08 7.36499e-09 4.53448e-09 2.64956e-09 1.45454e-09 7.02343e-10 
1.00819e-09 1.98029e-09 3.6316e-09 6.36327e-09 1.07023e-08 1.71385e-08 2.5885e-08 3.66433e-08 4.86044e-08 6.07127e-08 7.15534e-08 7.94459e-08 8.29151e-08 8.21918e-08 8.50581e-08 1.17826e-07 2.1663e-07 5.48134e-07 8.02599e-07 1.00342e-06 1.12771e-06 1.17991e-06 1.17567e-06 1.1298e-06 1.05003e-06 9.43874e-07 8.23325e-07 6.94233e-07 5.63602e-07 4.35165e-07 3.05712e-07 1.82117e-07 8.38247e-08 2.09728e-08 3.37878e-08 3.99483e-08 3.77744e-08 3.41411e-08 2.99282e-08 2.64029e-08 2.37322e-08 2.12633e-08 1.83903e-08 1.49069e-08 1.11666e-08 7.732e-09 4.99473e-09 3.04443e-09 1.75479e-09 9.19323e-10 
1.31096e-09 2.47899e-09 4.39534e-09 7.48058e-09 1.21867e-08 1.88477e-08 2.74737e-08 3.76154e-08 4.84575e-08 5.89515e-08 6.77357e-08 7.31859e-08 7.3966e-08 7.2798e-08 7.94941e-08 1.16783e-07 2.03571e-07 5.45939e-07 8.02017e-07 1.00342e-06 1.11655e-06 1.16719e-06 1.15333e-06 1.08919e-06 9.86197e-07 8.59204e-07 7.2079e-07 5.77563e-07 4.40422e-07 3.06986e-07 1.83615e-07 8.97732e-08 2.66053e-08 2.50491e-08 3.37374e-08 3.29905e-08 3.01667e-08 2.63273e-08 2.25115e-08 1.966e-08 1.75904e-08 1.56447e-08 1.32998e-08 1.05384e-08 7.72399e-09 5.25804e-09 3.35681e-09 2.02455e-09 1.13809e-09 5.54159e-10 
8.60051e-10 1.66634e-09 3.00527e-09 5.16833e-09 8.53393e-09 1.34534e-08 2.01069e-08 2.83454e-08 3.76381e-08 4.71722e-08 5.59444e-08 6.26382e-08 6.56311e-08 6.50433e-08 6.4838e-08 7.43342e-08 1.14496e-07 1.96348e-07 5.37927e-07 8.02017e-07 9.98759e-07 1.10073e-06 1.14325e-06 1.11145e-06 1.0189e-06 8.93785e-07 7.49694e-07 5.96278e-07 4.45345e-07 3.08529e-07 1.82117e-07 9.06423e-08 3.13934e-08 3.02031e-08 3.00317e-08 2.74472e-08 2.60215e-08 2.31735e-08 1.96231e-08 1.65747e-08 1.44602e-08 1.2937e-08 1.13786e-08 9.47673e-09 7.34193e-09 5.27817e-09 3.54243e-09 2.23766e-09 1.32881e-09 7.09709e-10 
1.09119e-09 2.03167e-09 3.53567e-09 5.90191e-09 9.44632e-09 1.44122e-08 2.08448e-08 2.84835e-08 3.67558e-08 4.48843e-08 5.19289e-08 5.65742e-08 5.78611e-08 5.71858e-08 5.80581e-08 7.04623e-08 1.08105e-07 1.89812e-07 5.37927e-07 8.02599e-07 9.67229e-07 1.07214e-06 1.0961e-06 1.02742e-06 9.16465e-07 7.74778e-07 6.1133e-07 4.53886e-07 3.07296e-07 1.82233e-07 8.97732e-08 2.95523e-08 2.59397e-08 2.74731e-08 2.34548e-08 2.15831e-08 1.9935e-08 1.72168e-08 1.4309e-08 1.20615e-08 1.05897e-08 9.44606e-09 8.17445e-09 6.65963e-09 5.05189e-09 3.57158e-09 2.36794e-09 1.47788e-09 8.53122e-10 4.19883e-10 
7.07509e-10 1.3525e-09 2.39619e-09 4.04001e-09 6.54443e-09 1.01523e-08 1.50048e-08 2.10398e-08 2.79248e-08 3.50859e-08 4.18099e-08 4.7209e-08 5.02376e-08 5.08195e-08 5.05065e-08 5.29094e-08 6.64566e-08 1.04202e-07 1.89812e-07 5.45939e-07 7.91947e-07 9.37286e-07 1.02599e-06 1.00586e-06 9.12835e-07 7.82217e-07 6.24481e-07 4.56488e-07 3.02959e-07 1.75554e-07 8.38247e-08 3.13934e-08 2.69173e-08 2.59714e-08 2.17623e-08 1.80255e-08 1.66215e-08 1.48651e-08 1.25027e-08 1.03094e-08 8.75877e-09 7.73537e-09 6.83551e-09 5.79926e-09 4.62224e-09 3.44041e-09 2.39733e-09 1.57082e-09 9.62893e-10 5.25415e-10 
8.76507e-10 1.60621e-09 2.74116e-09 4.48497e-09 7.05035e-09 1.06073e-08 1.52096e-08 2.07167e-08 2.67624e-08 3.28071e-08 3.82172e-08 4.22554e-08 4.43282e-08 4.48576e-08 4.52728e-08 4.93334e-08 6.42747e-08 1.04202e-07 1.96348e-07 5.48134e-07 7.30506e-07 8.93432e-07 9.201e-07 8.6942e-07 7.70352e-07 6.1591e-07 4.49604e-07 2.9559e-07 1.68557e-07 6.93976e-08 2.66053e-08 2.59397e-08 2.64021e-08 1.94032e-08 1.59089e-08 1.38888e-08 1.25341e-08 1.08449e-08 8.96498e-09 7.41594e-09 6.37092e-09 5.62351e-09 4.89458e-09 4.06494e-09 3.1738e-09 2.32293e-09 1.59761e-09 1.03228e-09 6.12736e-10 3.05325e-10 
5.61437e-10 1.05986e-09 1.84378e-09 3.04619e-09 4.84012e-09 7.3876e-09 1.07932e-08 1.50414e-08 1.99434e-08 2.51347e-08 3.01376e-08 3.44457e-08 3.75525e-08 3.92645e-08 4.01762e-08 4.17158e-08 4.74975e-08 6.42747e-08 1.08105e-07 2.03571e-07 5.05883e-07 6.79265e-07 8.07714e-07 7.87109e-07 7.19153e-07 6.05339e-07 4.33746e-07 2.87552e-07 1.55178e-07 6.58435e-08 2.09728e-08 3.02031e-08 2.59714e-08 1.82942e-08 1.44077e-08 1.20775e-08 1.05753e-08 9.26924e-09 7.8058e-09 6.41406e-09 5.35654e-09 4.63325e-09 4.05711e-09 3.46577e-09 2.81802e-09 2.15929e-09 1.55687e-09 1.05665e-09 6.68606e-10 3.73058e-10 
6.79995e-10 1.22677e-09 2.05272e-09 3.29194e-09 5.08325e-09 7.54171e-09 1.07175e-08 1.45466e-08 1.88213e-08 2.32087e-08 2.7328e-08 3.08357e-08 3.34591e-08 3.52876e-08 3.69514e-08 3.99497e-08 4.74975e-08 6.64566e-08 1.14496e-07 2.1663e-07 3.29831e-07 6.26722e-07 6.71624e-07 6.21282e-07 5.58634e-07 4.07213e-07 2.73188e-07 1.39619e-07 6.48864e-08 2.78744e-08 2.50491e-08 2.74731e-08 1.94032e-08 1.38538e-08 1.09276e-08 9.20903e-09 7.93922e-09 6.75596e-09 5.59872e-09 4.60971e-09 3.88254e-09 3.35617e-09 2.89889e-09 2.42716e-09 1.93452e-09 1.45748e-09 1.03617e-09 6.91954e-10 4.22183e-10 2.13129e-10 
4.30115e-10 8.02939e-10 1.37197e-09 2.22165e-09 3.46374e-09 5.20364e-09 7.51638e-09 1.04111e-08 1.37966e-08 1.74728e-08 2.11683e-08 2.46237e-08 2.76638e-08 3.02185e-08 3.25483e-08 3.53563e-08 3.99497e-08 4.93334e-08 7.04623e-08 1.16783e-07 1.8453e-07 2.99346e-07 5.35182e-07 5.10115e-07 4.64511e-07 3.5677e-07 2.4191e-07 1.42085e-07 5.72043e-08 4.99906e-08 3.37878e-08 3.00317e-08 2.17623e-08 1.44077e-08 1.05088e-08 8.36791e-09 6.9844e-09 5.8784e-09 4.89751e-09 4.02917e-09 3.32981e-09 2.81294e-09 2.41332e-09 2.0496e-09 1.68237e-09 1.31662e-09 9.76762e-10 6.8422e-10 4.46058e-10 2.54344e-10 
5.10147e-10 9.06931e-10 1.48875e-09 2.34157e-09 3.55409e-09 5.20289e-09 7.33144e-09 9.92219e-09 1.28776e-08 1.603e-08 1.91914e-08 2.22323e-08 2.51356e-08 2.79837e-08 3.11768e-08 3.53563e-08 4.17158e-08 5.29094e-08 7.43342e-08 1.17826e-07 1.79495e-07 2.53152e-07 2.96835e-07 2.81386e-07 2.29072e-07 1.60226e-07 1.20247e-07 7.91196e-08 4.69277e-08 4.35499e-08 3.37374e-08 2.34548e-08 1.59089e-08 1.09276e-08 8.07005e-09 6.40273e-09 5.24016e-09 4.32302e-09 3.55463e-09 2.91274e-09 2.40925e-09 2.02844e-09 1.71907e-09 1.43398e-09 1.15529e-09 8.89228e-10 6.49936e-10 4.46968e-10 2.79746e-10 1.43007e-10 
3.18561e-10 5.89132e-10 9.89748e-10 1.57231e-09 2.40765e-09 3.56355e-09 5.09356e-09 7.01889e-09 9.30997e-09 1.18826e-08 1.46211e-08 1.74325e-08 2.0316e-08 2.33874e-08 2.68566e-08 3.11768e-08 3.69514e-08 4.52728e-08 5.80581e-08 7.94941e-08 1.11471e-07 1.65632e-07 1.86985e-07 2.03333e-07 1.9377e-07 1.59057e-07 1.0793e-07 7.21256e-08 5.5068e-08 4.94405e-08 3.99483e-08 2.74472e-08 1.80255e-08 1.20775e-08 8.36791e-09 6.20208e-09 4.85235e-09 3.90464e-09 3.17654e-09 2.58637e-09 2.10908e-09 1.73827e-09 1.4513e-09 1.21205e-09 9.93371e-10 7.86736e-10 5.96269e-10 4.28838e-10 2.8701e-10 1.6691e-10 
3.70756e-10 6.50509e-10 1.0489e-09 1.62006e-09 2.4201e-09 3.50005e-09 4.89659e-09 6.61843e-09 8.63846e-09 1.09022e-08 1.3359e-08 1.60152e-08 1.89861e-08 2.25011e-08 2.68566e-08 3.25483e-08 4.01762e-08 5.05065e-08 6.4838e-08 8.50581e-08 1.16147e-07 1.43819e-07 1.65204e-07 1.52126e-07 1.25741e-07 1.00009e-07 8.05461e-08 6.33858e-08 5.26978e-08 4.44425e-08 3.29905e-08 2.15831e-08 1.38888e-08 9.20903e-09 6.40273e-09 4.72044e-09 3.65117e-09 2.90335e-09 2.33432e-09 1.88161e-09 1.52319e-09 1.24599e-09 1.0285e-09 8.45919e-10 6.81942e-10 5.3168e-10 3.96834e-10 2.79631e-10 1.78912e-10 9.24743e-11 
2.28563e-10 4.19571e-10 6.94219e-10 1.08362e-09 1.6323e-09 2.38391e-09 3.37719e-09 4.63825e-09 6.17331e-09 7.97064e-09 1.00177e-08 1.2336e-08 1.50273e-08 1.8309e-08 2.25011e-08 2.79837e-08 3.52876e-08 4.48576e-08 5.71858e-08 7.2798e-08 9.34584e-08 1.17604e-07 1.32625e-07 1.30392e-07 1.16784e-07 9.76414e-08 8.59538e-08 7.03366e-08 6.00182e-08 5.0248e-08 3.77744e-08 2.60215e-08 1.66215e-08 1.05753e-08 6.9844e-09 4.85235e-09 3.56572e-09 2.73872e-09 2.15482e-09 1.71102e-09 1.36343e-09 1.09314e-09 8.85284e-10 7.21584e-10 5.8477e-10 4.6432e-10 3.56671e-10 2.61706e-10 1.78956e-10 1.05807e-10 
2.61618e-10 4.53916e-10 7.20323e-10 1.09458e-09 1.61223e-09 2.30787e-09 3.21221e-09 4.34737e-09 5.72654e-09 7.36375e-09 9.29643e-09 1.16195e-08 1.45222e-08 1.8309e-08 2.33874e-08 3.02185e-08 3.92645e-08 5.08195e-08 6.50433e-08 8.21918e-08 1.0168e-07 1.18704e-07 1.23523e-07 1.17381e-07 1.01085e-07 8.95531e-08 8.07628e-08 6.93132e-08 5.61175e-08 4.25098e-08 3.01667e-08 1.9935e-08 1.25341e-08 7.93922e-09 5.24016e-09 3.65117e-09 2.68359e-09 2.04752e-09 1.59166e-09 1.24645e-09 9.80725e-10 7.77691e-10 6.22864e-10 5.01326e-10 4.00727e-10 3.13748e-10 2.37381e-10 1.70381e-10 1.10946e-10 5.78472e-11 
1.59287e-10 2.90811e-10 4.74932e-10 7.30008e-10 1.08402e-09 1.56554e-09 2.20326e-09 3.02415e-09 4.05284e-09 5.31767e-09 6.86595e-09 8.78881e-09 1.12517e-08 1.45222e-08 1.89861e-08 2.51356e-08 3.34591e-08 4.43282e-08 5.78611e-08 7.3966e-08 9.1917e-08 1.0865e-07 1.19783e-07 1.18791e-07 1.08403e-07 9.79835e-08 8.91985e-08 7.94951e-08 6.32178e-08 4.76496e-08 3.41411e-08 2.31735e-08 1.48651e-08 9.26924e-09 5.8784e-09 3.90464e-09 2.73872e-09 2.0118e-09 1.52102e-09 1.166e-09 8.99764e-10 6.98758e-10 5.47848e-10 4.33943e-10 3.45151e-10 2.7243e-10 2.10418e-10 1.56447e-10 1.08707e-10 6.50931e-11 
1.7974e-10 3.09074e-10 4.83883e-10 7.25148e-10 1.05569e-09 1.4996e-09 2.08261e-09 2.8322e-09 3.78155e-09 4.98046e-09 6.514e-09 8.52732e-09 1.12517e-08 1.50273e-08 2.0316e-08 2.76638e-08 3.75525e-08 5.02376e-08 6.56311e-08 8.29151e-08 9.98866e-08 1.13325e-07 1.1972e-07 1.167e-07 1.09248e-07 1.01291e-07 8.93619e-08 7.25488e-08 5.40631e-08 3.85294e-08 2.63273e-08 1.72168e-08 1.08449e-08 6.75596e-09 4.32302e-09 2.90335e-09 2.04752e-09 1.49764e-09 1.11889e-09 8.449e-10 6.42471e-10 4.92664e-10 3.82086e-10 2.99528e-10 2.35676e-10 1.83833e-10 1.39962e-10 1.01689e-10 6.70636e-11 3.51774e-11 
1.08178e-10 1.96774e-10 3.17991e-10 4.8259e-10 7.08333e-10 1.0144e-09 1.42263e-09 1.95858e-09 2.65437e-09 3.55667e-09 4.74103e-09 6.33212e-09 8.52732e-09 1.16195e-08 1.60152e-08 2.22323e-08 3.08357e-08 4.22554e-08 5.65742e-08 7.31859e-08 9.0254e-08 1.05319e-07 1.16276e-07 1.20347e-07 1.17938e-07 1.11977e-07 1.00993e-07 8.28301e-08 6.26485e-08 4.41567e-08 2.99282e-08 1.96231e-08 1.25027e-08 7.8058e-09 4.89751e-09 3.17654e-09 2.15482e-09 1.52102e-09 1.10338e-09 8.1309e-10 6.04737e-10 4.53484e-10 3.43709e-10 2.63947e-10 2.05006e-10 1.5972e-10 1.23128e-10 9.21436e-11 6.46961e-11 3.90754e-11 
1.20636e-10 2.06057e-10 3.19161e-10 4.73066e-10 6.82753e-10 9.65553e-10 1.34298e-09 1.8431e-09 2.50632e-09 3.39642e-09 4.61696e-09 6.33212e-09 8.78881e-09 1.2336e-08 1.74325e-08 2.46237e-08 3.44457e-08 4.7209e-08 6.26382e-08 7.94459e-08 9.55436e-08 1.09093e-07 1.18054e-07 1.21548e-07 1.19829e-07 1.11008e-07 9.44159e-08 7.26347e-08 5.17164e-08 3.4687e-08 2.25115e-08 1.4309e-08 8.96498e-09 5.59872e-09 3.55463e-09 2.33432e-09 1.59166e-09 1.11889e-09 8.0267e-10 5.83035e-10 4.274e-10 3.16465e-10 2.37397e-10 1.80752e-10 1.3925e-10 1.07482e-10 8.17862e-11 5.97882e-11 3.97441e-11 2.09171e-11 
7.18732e-11 1.30442e-10 2.09154e-10 3.14358e-10 4.57526e-10 6.51965e-10 9.14645e-10 1.2685e-09 1.7466e-09 2.40048e-09 3.31317e-09 4.61696e-09 6.514e-09 9.29643e-09 1.3359e-08 1.91914e-08 2.7328e-08 3.82172e-08 5.19289e-08 6.77357e-08 8.40896e-08 9.91408e-08 1.11061e-07 1.1943e-07 1.22808e-07 1.18291e-07 1.04376e-07 8.35123e-08 6.07294e-08 4.10706e-08 2.64029e-08 1.65747e-08 1.03094e-08 6.41406e-09 4.02917e-09 2.58637e-09 1.71102e-09 1.166e-09 8.1309e-10 5.75954e-10 4.12485e-10 2.98389e-10 2.18493e-10 1.62474e-10 1.22821e-10 9.3939e-11 7.18148e-11 5.37602e-11 3.79411e-11 2.30289e-11 
7.94055e-11 1.35027e-10 2.07544e-10 3.05278e-10 4.38348e-10 6.19597e-10 8.66849e-10 1.20608e-09 1.67743e-09 2.34538e-09 3.31317e-09 4.74103e-09 6.86595e-09 1.00177e-08 1.46211e-08 2.11683e-08 3.01376e-08 4.18099e-08 5.59444e-08 7.15534e-08 8.70861e-08 1.00797e-07 1.12029e-07 1.19603e-07 1.20155e-07 1.11079e-07 9.28562e-08 7.03575e-08 4.87178e-08 3.15828e-08 1.966e-08 1.20615e-08 7.41594e-09 4.60971e-09 2.91274e-09 1.88161e-09 1.24645e-09 8.449e-10 5.83035e-10 4.07635e-10 2.88092e-10 2.05958e-10 1.49391e-10 1.103e-10 8.28902e-11 6.29664e-11 4.76004e-11 3.48204e-11 2.32316e-11 1.22412e-11 
4.69228e-11 8.50641e-11 1.35703e-10 2.02678e-10 2.93581e-10 4.17932e-10 5.89065e-10 8.26693e-10 1.16124e-09 1.64137e-09 2.34538e-09 3.39642e-09 4.98046e-09 7.36375e-09 1.09022e-08 1.603e-08 2.32087e-08 3.28071e-08 4.48843e-08 5.89515e-08 7.38876e-08 8.82051e-08 1.00955e-07 1.11033e-07 1.15963e-07 1.12396e-07 9.89958e-08 7.86536e-08 5.67795e-08 3.77645e-08 2.37322e-08 1.44602e-08 8.75877e-09 5.35654e-09 3.32981e-09 2.10908e-09 1.36343e-09 8.99764e-10 6.04737e-10 4.12485e-10 2.84751e-10 1.98829e-10 1.407e-10 1.01271e-10 7.43595e-11 5.56071e-11 4.19343e-11 3.12311e-11 2.20537e-11 1.3411e-11 
5.14886e-11 8.73475e-11 1.33661e-10 1.95825e-10 2.80884e-10 3.98543e-10 5.63345e-10 7.97804e-10 1.13783e-09 1.64137e-09 2.40048e-09 3.55667e-09 5.31767e-09 7.97064e-09 1.18826e-08 1.74728e-08 2.51347e-08 3.50859e-08 4.71722e-08 6.07127e-08 7.45552e-08 8.76636e-08 9.89968e-08 1.06787e-07 1.08076e-07 1.00214e-07 8.40671e-08 6.37547e-08 4.42321e-08 2.85631e-08 1.75904e-08 1.05897e-08 6.37092e-09 3.88254e-09 2.40925e-09 1.52319e-09 9.80725e-10 6.42471e-10 4.274e-10 2.88092e-10 1.96519e-10 1.35759e-10 9.52509e-11 6.81495e-11 4.98354e-11 3.71003e-11 2.77247e-11 2.01987e-11 1.3478e-11 7.10078e-12 
3.02484e-11 5.48229e-11 8.72601e-11 1.29973e-10 1.88127e-10 2.68697e-10 3.8215e-10 5.44815e-10 7.8271e-10 1.13783e-09 1.67743e-09 2.50632e-09 3.78155e-09 5.72654e-09 8.63846e-09 1.28776e-08 1.88213e-08 2.67624e-08 3.67558e-08 4.84575e-08 6.10769e-08 7.36501e-08 8.51975e-08 9.44437e-08 9.9092e-08 9.63114e-08 8.52516e-08 6.83444e-08 4.98699e-08 3.35904e-08 2.12633e-08 1.2937e-08 7.73537e-09 4.63325e-09 2.81294e-09 1.73827e-09 1.09314e-09 6.98758e-10 4.53484e-10 2.98389e-10 1.98829e-10 1.34157e-10 9.18215e-11 6.39842e-11 4.55847e-11 3.32366e-11 2.46208e-11 1.81605e-11 1.27818e-11 7.76974e-12 
3.3053e-11 5.60529e-11 8.56757e-11 1.25517e-10 1.80605e-10 2.58331e-10 3.70317e-10 5.35126e-10 7.8271e-10 1.16124e-09 1.7466e-09 2.65437e-09 4.05284e-09 6.17331e-09 9.30997e-09 1.37966e-08 1.99434e-08 2.79248e-08 3.76381e-08 4.86044e-08 6.00554e-08 7.10853e-08 8.06747e-08 8.7172e-08 8.8173e-08 8.20465e-08 6.95202e-08 5.36425e-08 3.79893e-08 2.50475e-08 1.56447e-08 9.44606e-09 5.62351e-09 3.35617e-09 2.02844e-09 1.24599e-09 7.77691e-10 4.92664e-10 3.16465e-10 2.05958e-10 1.35759e-10 9.07097e-11 6.16042e-11 4.271e-11 3.03475e-11 2.20748e-11 1.62408e-11 1.17375e-11 7.8129e-12 4.1137e-12 
1.93542e-11 3.51004e-11 5.58947e-11 8.33353e-11 1.21024e-10 1.74142e-10 2.50822e-10 3.64124e-10 5.35126e-10 7.97804e-10 1.20608e-09 1.8431e-09 2.8322e-09 4.34737e-09 6.61843e-09 9.92219e-09 1.45466e-08 2.07167e-08 2.84835e-08 3.76154e-08 4.7579e-08 5.76171e-08 6.68401e-08 7.40221e-08 7.73688e-08 7.51809e-08 6.71017e-08 5.4746e-08 4.09519e-08 2.8337e-08 1.83903e-08 1.13786e-08 6.83551e-09 4.05711e-09 2.41332e-09 1.4513e-09 8.85284e-10 5.47848e-10 3.43709e-10 2.18493e-10 1.407e-10 9.18215e-11 6.08316e-11 4.1059e-11 2.83729e-11 2.01345e-11 1.46059e-11 1.063e-11 7.43428e-12 4.51194e-12 
2.11184e-11 3.58722e-11 5.4947e-11 8.08064e-11 1.17096e-10 1.69434e-10 2.46887e-10 3.64124e-10 5.44815e-10 8.26693e-10 1.2685e-09 1.95858e-09 3.02415e-09 4.63825e-09 7.01889e-09 1.04111e-08 1.50414e-08 2.10398e-08 2.83454e-08 3.66433e-08 4.53711e-08 5.37831e-08 6.09057e-08 6.54274e-08 6.593e-08 6.16028e-08 5.29723e-08 4.18558e-08 3.05255e-08 2.0739e-08 1.32998e-08 8.17445e-09 4.89458e-09 2.89889e-09 1.71907e-09 1.0285e-09 6.22864e-10 3.82086e-10 2.37397e-10 1.49391e-10 9.52509e-11 6.16042e-11 4.05224e-11 2.72312e-11 1.87902e-11 1.33275e-11 9.62396e-12 6.87801e-12 4.55694e-12 2.39847e-12 
1.23567e-11 2.24438e-11 3.58526e-11 5.36939e-11 7.85266e-11 1.14209e-10 1.66958e-10 2.46887e-10 3.70317e-10 5.63345e-10 8.66849e-10 1.34298e-09 2.08261e-09 3.21221e-09 4.89659e-09 7.33144e-09 1.07175e-08 1.52096e-08 2.08448e-08 2.74737e-08 3.47271e-08 4.20334e-08 4.86228e-08 5.35074e-08 5.55885e-08 5.40082e-08 4.86743e-08 4.0514e-08 3.11575e-08 2.22577e-08 1.49069e-08 9.47673e-09 5.79926e-09 3.46577e-09 2.0496e-09 1.21205e-09 7.21584e-10 4.33943e-10 2.63947e-10 1.62474e-10 1.01271e-10 6.39842e-11 4.1059e-11 2.68591e-11 1.80056e-11 1.24252e-11 8.80711e-12 6.30598e-12 4.37102e-12 2.6456e-12 
1.35009e-11 2.30123e-11 3.54306e-11 5.24791e-11 7.68226e-11 1.12683e-10 1.66958e-10 2.50822e-10 3.8215e-10 5.89065e-10 9.14645e-10 1.42263e-09 2.20326e-09 3.37719e-09 5.09356e-09 7.51638e-09 1.07932e-08 1.50048e-08 2.01069e-08 2.5885e-08 3.19405e-08 3.76945e-08 4.24022e-08 4.52241e-08 4.54127e-08 4.2626e-08 3.71937e-08 3.01013e-08 2.2635e-08 1.59053e-08 1.05384e-08 6.65963e-09 4.06494e-09 2.42716e-09 1.43398e-09 8.45919e-10 5.01326e-10 2.99528e-10 1.80752e-10 1.103e-10 6.81495e-11 4.271e-11 2.72312e-11 1.77476e-11 1.18922e-11 8.21564e-12 5.80967e-12 4.09479e-12 2.69535e-12 1.41903e-12 
7.90888e-12 1.44027e-11 2.31326e-11 3.49008e-11 5.15422e-11 7.59152e-11 1.12683e-10 1.69434e-10 2.58331e-10 3.98543e-10 6.19597e-10 9.65553e-10 1.4996e-09 2.30787e-09 3.50005e-09 5.20289e-09 7.54171e-09 1.06073e-08 1.44122e-08 1.88477e-08 2.36579e-08 2.84337e-08 3.2629e-08 3.56131e-08 3.67823e-08 3.57437e-08 3.25089e-08 2.7574e-08 2.1795e-08 1.6094e-08 1.11666e-08 7.34193e-09 4.62224e-09 2.81802e-09 1.68237e-09 9.93371e-10 5.8477e-10 3.45151e-10 2.05006e-10 1.22821e-10 7.43595e-11 4.55847e-11 2.83729e-11 1.80056e-11 1.17165e-11 7.86084e-12 5.43686e-12 3.82083e-12 2.61838e-12 1.57852e-12 
8.67226e-12 1.48556e-11 2.3042e-11 3.44554e-11 5.10369e-11 7.59152e-11 1.14209e-10 1.74142e-10 2.68697e-10 4.17932e-10 6.51965e-10 1.0144e-09 1.56554e-09 2.38391e-09 3.56355e-09 5.20364e-09 7.3876e-09 1.01523e-08 1.34534e-08 1.71385e-08 2.09341e-08 2.44549e-08 2.72402e-08 2.88249e-08 2.8851e-08 2.71945e-08 2.40501e-08 1.99126e-08 1.54373e-08 1.12376e-08 7.72399e-09 5.05189e-09 3.1738e-09 1.93452e-09 1.15529e-09 6.81942e-10 4.00727e-10 2.35676e-10 1.3925e-10 8.28902e-11 4.98354e-11 3.03475e-11 1.87902e-11 1.18922e-11 7.74291e-12 5.20835e-12 3.60048e-12 2.49603e-12 1.62878e-12 8.57038e-13 
5.09469e-12 9.30361e-12 1.50453e-11 2.2907e-11 3.42069e-11 5.10369e-11 7.68226e-11 1.17096e-10 1.80605e-10 2.80884e-10 4.38348e-10 6.82753e-10 1.05569e-09 1.61223e-09 2.4201e-09 3.55409e-09 5.08325e-09 7.05035e-09 9.44632e-09 1.21867e-08 1.50972e-08 1.79162e-08 2.03173e-08 2.19558e-08 2.25381e-08 2.1903e-08 2.00868e-08 1.73391e-08 1.407e-08 1.07392e-08 7.732e-09 5.27817e-09 3.44041e-09 2.15929e-09 1.31662e-09 7.86736e-10 4.6432e-10 2.7243e-10 1.5972e-10 9.3939e-11 5.56071e-11 3.32366e-11 2.01345e-11 1.24252e-11 7.86084e-12 5.1318e-12 3.46112e-12 2.38157e-12 1.60933e-12 9.64729e-13 
5.61092e-12 9.65901e-12 1.51066e-11 2.28206e-11 3.42069e-11 5.15422e-11 7.85266e-11 1.21024e-10 1.88127e-10 2.93581e-10 4.57526e-10 7.08333e-10 1.08402e-09 1.6323e-09 2.40765e-09 3.46374e-09 4.84012e-09 6.54443e-09 8.53393e-09 1.07023e-08 1.28777e-08 1.48355e-08 1.63283e-08 1.713e-08 1.70876e-08 1.61672e-08 1.44746e-08 1.22407e-08 9.76982e-09 7.36499e-09 5.25804e-09 3.57158e-09 2.32293e-09 1.45748e-09 8.89228e-10 5.3168e-10 3.13748e-10 1.83833e-10 1.07482e-10 6.29664e-11 3.71003e-11 2.20748e-11 1.33275e-11 8.21564e-12 5.20835e-12 3.41351e-12 2.30434e-12 1.56753e-12 1.01024e-12 5.30525e-13 
3.30809e-12 6.04857e-12 9.84347e-12 1.51206e-11 2.28206e-11 3.44554e-11 5.24791e-11 8.08064e-11 1.25517e-10 1.95825e-10 3.05278e-10 4.73066e-10 7.25148e-10 1.09458e-09 1.62006e-09 2.34157e-09 3.29194e-09 4.48497e-09 5.90191e-09 7.48058e-09 9.11136e-09 1.06439e-08 1.19052e-08 1.27281e-08 1.29849e-08 1.26182e-08 1.16589e-08 1.02247e-08 8.49899e-09 6.6919e-09 4.99473e-09 3.54243e-09 2.39733e-09 1.55687e-09 9.76762e-10 5.96269e-10 3.56671e-10 2.10418e-10 1.23128e-10 7.18148e-11 4.19343e-11 2.46208e-11 1.46059e-11 8.80711e-12 5.43686e-12 3.46112e-12 2.27736e-12 1.53266e-12 1.01749e-12 6.03643e-13 
3.65261e-12 6.30362e-12 9.92135e-12 1.51206e-11 2.2907e-11 3.49008e-11 5.36939e-11 8.33353e-11 1.29973e-10 2.02678e-10 3.14358e-10 4.8259e-10 7.30008e-10 1.08362e-09 1.57231e-09 2.22165e-09 3.04619e-09 4.04001e-09 5.16833e-09 6.36327e-09 7.52645e-09 8.53973e-09 9.28323e-09 9.65729e-09 9.60314e-09 9.11664e-09 8.25122e-09 7.10945e-09 5.82442e-09 4.53448e-09 3.35681e-09 2.36794e-09 1.59761e-09 1.03617e-09 6.49936e-10 3.96834e-10 2.37381e-10 1.39962e-10 8.17862e-11 4.76004e-11 2.77247e-11 1.62408e-11 9.62396e-12 5.80967e-12 3.60048e-12 2.30434e-12 1.51888e-12 1.01218e-12 6.42875e-13 3.35947e-13 
2.16328e-12 3.94039e-12 6.42366e-12 9.92135e-12 1.51066e-11 2.3042e-11 3.54306e-11 5.4947e-11 8.56757e-11 1.33661e-10 2.07544e-10 3.19161e-10 4.83883e-10 7.20323e-10 1.0489e-09 1.48875e-09 2.05272e-09 2.74116e-09 3.53567e-09 4.39534e-09 5.25724e-09 6.04238e-09 6.66683e-09 7.05599e-09 7.15856e-09 6.95668e-09 6.46972e-09 5.75128e-09 4.88048e-09 3.94878e-09 3.04443e-09 2.23766e-09 1.57082e-09 1.05665e-09 6.8422e-10 4.28838e-10 2.61706e-10 1.56447e-10 9.21436e-11 5.37602e-11 3.12311e-11 1.81605e-11 1.063e-11 6.30598e-12 3.82083e-12 2.38157e-12 1.53266e-12 1.00875e-12 6.57065e-13 3.85452e-13 
2.38266e-12 4.08531e-12 6.42366e-12 9.84347e-12 1.50453e-11 2.31326e-11 3.58526e-11 5.58947e-11 8.72601e-11 1.35703e-10 2.09154e-10 3.17991e-10 4.74932e-10 6.94219e-10 9.89748e-10 1.37197e-09 1.84378e-09 2.39619e-09 3.00527e-09 3.6316e-09 4.22337e-09 4.72307e-09 5.07655e-09 5.24246e-09 5.19957e-09 4.95046e-09 4.52089e-09 3.9556e-09 3.31161e-09 2.64956e-09 2.02455e-09 1.47788e-09 1.03228e-09 6.91954e-10 4.46968e-10 2.79631e-10 1.70381e-10 1.01689e-10 5.97882e-11 3.48204e-11 2.01987e-11 1.17375e-11 6.87801e-12 4.09479e-12 2.49603e-12 1.56753e-12 1.01218e-12 6.60639e-13 4.13256e-13 2.14078e-13 
1.42145e-12 2.53831e-12 4.08531e-12 6.30362e-12 9.65901e-12 1.48556e-11 2.30123e-11 3.58722e-11 5.60529e-11 8.73475e-11 1.35027e-10 2.06057e-10 3.09074e-10 4.53916e-10 6.50509e-10 9.06931e-10 1.22677e-09 1.60621e-09 2.03167e-09 2.47899e-09 2.91484e-09 3.30054e-09 3.59781e-09 3.77493e-09 3.81205e-09 3.70431e-09 3.4623e-09 3.11015e-09 2.68195e-09 2.21708e-09 1.75479e-09 1.32881e-09 9.62893e-10 6.68606e-10 4.46058e-10 2.8701e-10 1.78956e-10 1.08707e-10 6.46961e-11 3.79411e-11 2.20537e-11 1.27818e-11 7.43428e-12 4.37102e-12 2.61838e-12 1.60933e-12 1.01749e-12 6.57065e-13 4.20736e-13 2.44638e-13 
1.53437e-12 2.53831e-12 3.94039e-12 6.04857e-12 9.30361e-12 1.44027e-11 2.24438e-11 3.51004e-11 5.48229e-11 8.50641e-11 1.30442e-10 1.96774e-10 2.90811e-10 4.19571e-10 5.89132e-10 8.02939e-10 1.05986e-09 1.3525e-09 1.66634e-09 1.98029e-09 2.26886e-09 2.50557e-09 2.66706e-09 2.73672e-09 2.7072e-09 2.5813e-09 2.37121e-09 2.09669e-09 1.78234e-09 1.45454e-09 1.13809e-09 8.53122e-10 6.12736e-10 4.22183e-10 2.79746e-10 1.78912e-10 1.10946e-10 6.70636e-11 3.97441e-11 2.32316e-11 1.3478e-11 7.8129e-12 4.55694e-12 2.69535e-12 1.62878e-12 1.01024e-12 6.42875e-13 4.13256e-13 2.55717e-13 1.32516e-13 
9.18246e-13 1.53437e-12 2.38266e-12 3.65261e-12 5.61092e-12 8.67226e-12 1.35009e-11 2.11184e-11 3.3053e-11 5.14886e-11 7.94055e-11 1.20636e-10 1.7974e-10 2.61618e-10 3.70756e-10 5.10147e-10 6.79995e-10 8.76507e-10 1.09119e-09 1.31096e-09 1.51934e-09 1.69852e-09 1.8319e-09 1.90664e-09 1.91546e-09 1.85757e-09 1.73858e-09 1.5695e-09 1.36527e-09 1.14287e-09 9.19323e-10 7.09709e-10 5.25415e-10 3.73058e-10 2.54344e-10 1.6691e-10 1.05807e-10 6.50931e-11 3.90754e-11 2.30289e-11 1.3411e-11 7.76974e-12 4.51194e-12 2.6456e-12 1.57852e-12 9.64729e-13 6.03643e-13 3.85452e-13 2.44638e-13 1.42811e-13 
9.18246e-13 1.42145e-12 2.16328e-12 3.30809e-12 5.09469e-12 7.90888e-12 1.23567e-11 1.93542e-11 3.02484e-11 4.69228e-11 7.18732e-11 1.08178e-10 1.59287e-10 2.28563e-10 3.18561e-10 4.30115e-10 5.61437e-10 7.07509e-10 8.60051e-10 1.00819e-09 1.13978e-09 1.24313e-09 1.30869e-09 1.33043e-09 1.30651e-09 1.23944e-09 1.13553e-09 1.00402e-09 8.55821e-10 7.02343e-10 5.54159e-10 4.19883e-10 3.05325e-10 2.13129e-10 1.43007e-10 9.24743e-11 5.78472e-11 3.51774e-11 2.09171e-11 1.22412e-11 7.10078e-12 4.1137e-12 2.39847e-12 1.41903e-12 8.57038e-13 5.30525e-13 3.35947e-13 2.14078e-13 1.32516e-13 7.00544e-14 
