1 101 51
2.99776e-13 4.75372e-13 6.96014e-13 1.02858e-12 1.57334e-12 2.52758e-12 4.31069e-12 7.82491e-12 1.48378e-11 2.8522e-11 5.4095e-11 9.93222e-11 1.74279e-10 2.89569e-10 4.52496e-10 6.61968e-10 9.04834e-10 1.15806e-09 1.4009e-09 1.63767e-09 1.92059e-09 2.34295e-09 2.98272e-09 3.85014e-09 4.89238e-09 6.02341e-09 7.145e-09 8.15816e-09 8.97084e-09 9.50456e-09 9.7009e-09 9.52829e-09 8.98906e-09 8.12518e-09 7.01887e-09 5.78339e-09 4.54251e-09 3.40453e-09 2.44155e-09 1.68253e-09 1.12011e-09 7.24745e-10 4.5876e-10 2.85995e-10 1.76681e-10 1.08696e-10 6.67706e-11 4.09131e-11 2.48177e-11 1.45408e-11 6.70677e-12 
8.93668e-13 1.65713e-12 2.60626e-12 4.33556e-12 7.50701e-12 1.31513e-11 2.32128e-11 4.15303e-11 7.54892e-11 1.38418e-10 2.52356e-10 4.49904e-10 7.72563e-10 1.26224e-09 1.94425e-09 2.80568e-09 3.78042e-09 4.75733e-09 5.62474e-09 6.35202e-09 7.08355e-09 8.16035e-09 9.94659e-09 1.25648e-08 1.58498e-08 1.94821e-08 2.30935e-08 2.63156e-08 2.88062e-08 3.02754e-08 3.05176e-08 2.94483e-08 2.7138e-08 2.38264e-08 1.98951e-08 1.57931e-08 1.1934e-08 8.61061e-09 5.95896e-09 3.97748e-09 2.57673e-09 1.63112e-09 1.01591e-09 6.26598e-10 3.84715e-10 2.35828e-10 1.44239e-10 8.73778e-11 5.10148e-11 2.37368e-11 2.37368e-11 
4.75372e-13 2.3659e-12 4.22675e-12 7.13974e-12 1.25568e-11 2.20226e-11 3.8094e-11 6.58328e-11 1.1565e-10 2.08298e-10 3.81938e-10 6.99653e-10 1.25352e-09 2.158e-09 3.52385e-09 5.40986e-09 7.76607e-09 1.04035e-08 1.30359e-08 1.54229e-08 1.75951e-08 2.00455e-08 2.363e-08 2.90343e-08 3.62875e-08 4.48134e-08 5.37327e-08 6.20754e-08 6.88948e-08 7.33526e-08 7.48108e-08 7.29388e-08 6.78154e-08 5.9981e-08 5.0381e-08 4.01732e-08 3.04539e-08 2.20183e-08 1.52547e-08 1.01856e-08 6.59677e-09 4.17293e-09 2.59664e-09 1.60019e-09 9.82058e-10 6.02299e-10 3.69189e-10 2.2482e-10 1.32827e-10 6.67947e-11 1.45408e-11 
1.65713e-12 4.85482e-12 8.63359e-12 1.54118e-11 2.72658e-11 4.6534e-11 7.74293e-11 1.29091e-10 2.22641e-10 4.0377e-10 7.58515e-10 1.42773e-09 2.61328e-09 4.56045e-09 7.49756e-09 1.15313e-08 1.65367e-08 2.21266e-08 2.78e-08 3.3302e-08 3.90657e-08 4.63397e-08 5.65588e-08 7.03128e-08 8.6948e-08 1.04926e-07 1.22305e-07 1.37063e-07 1.4733e-07 1.5161e-07 1.49022e-07 1.39547e-07 1.24171e-07 1.04797e-07 8.38543e-08 6.37074e-08 4.611e-08 3.19496e-08 2.13198e-08 1.3792e-08 8.71162e-09 5.41271e-09 3.33157e-09 2.04358e-09 1.25425e-09 7.70967e-10 4.72515e-10 2.83446e-10 1.52997e-10 5.10148e-11 5.10148e-11 
6.96014e-13 4.22675e-12 9.13591e-12 1.69933e-11 3.09046e-11 5.31974e-11 8.67264e-11 1.36758e-10 2.16919e-10 3.66237e-10 6.78443e-10 1.32937e-09 2.59744e-09 4.87268e-09 8.61843e-09 1.42489e-08 2.19321e-08 3.14139e-08 4.2041e-08 5.31515e-08 6.47968e-08 7.83261e-08 9.59969e-08 1.19447e-07 1.48401e-07 1.80683e-07 2.12971e-07 2.41502e-07 2.62603e-07 2.73171e-07 2.71174e-07 2.56166e-07 2.29645e-07 1.94973e-07 1.56694e-07 1.19378e-07 8.6516e-08 5.99504e-08 3.99671e-08 2.58119e-08 1.62693e-08 1.00858e-08 6.19574e-09 3.79589e-09 2.32996e-09 1.43533e-09 8.84779e-10 5.3824e-10 3.06093e-10 1.32827e-10 2.48177e-11 
2.60626e-12 8.63359e-12 1.75559e-11 3.35056e-11 5.96519e-11 9.85737e-11 1.52993e-10 2.2738e-10 3.39009e-10 5.58061e-10 1.0721e-09 2.21639e-09 4.49628e-09 8.60794e-09 1.53617e-08 2.54519e-08 3.91202e-08 5.59191e-08 7.49078e-08 9.54993e-08 1.18641e-07 1.47179e-07 1.84284e-07 2.30909e-07 2.84666e-07 3.40534e-07 3.92117e-07 4.32741e-07 4.56414e-07 4.58801e-07 4.3826e-07 3.96641e-07 3.39357e-07 2.743e-07 2.09765e-07 1.52315e-07 1.05581e-07 7.03204e-08 4.53261e-08 2.84939e-08 1.76128e-08 1.07902e-08 6.5975e-09 4.04669e-09 2.49614e-09 1.54586e-09 9.51516e-10 5.61771e-10 2.83446e-10 8.73778e-11 8.73778e-11 
1.02858e-12 7.13974e-12 1.69933e-11 3.45006e-11 6.46184e-11 1.10865e-10 1.7622e-10 2.62046e-10 3.68379e-10 5.12681e-10 8.19476e-10 1.65554e-09 3.62074e-09 7.57789e-09 1.47091e-08 2.63638e-08 4.36497e-08 6.69018e-08 9.54367e-08 1.2815e-07 1.65103e-07 2.09066e-07 2.64845e-07 3.3578e-07 4.20423e-07 5.12176e-07 6.01005e-07 6.75474e-07 7.24586e-07 7.39639e-07 7.16186e-07 6.55751e-07 5.66374e-07 4.61075e-07 3.54295e-07 2.57938e-07 1.78924e-07 1.19068e-07 7.65855e-08 4.79998e-08 2.95667e-08 1.8052e-08 1.10069e-08 6.74072e-09 4.15947e-09 2.58485e-09 1.6061e-09 9.74239e-10 5.3824e-10 2.2482e-10 4.09131e-11 
4.33556e-12 1.54118e-11 3.35056e-11 6.64896e-11 1.19889e-10 1.9851e-10 3.05813e-10 4.39889e-10 5.90347e-10 7.67063e-10 1.18678e-09 2.5445e-09 5.85574e-09 1.25372e-08 2.4534e-08 4.40218e-08 7.27198e-08 1.11117e-07 1.58368e-07 2.13689e-07 2.78952e-07 3.59975e-07 4.63427e-07 5.90829e-07 7.35176e-07 8.82089e-07 1.01304e-06 1.10872e-06 1.15248e-06 1.13397e-06 1.05262e-06 9.19381e-07 7.54845e-07 5.83421e-07 4.2616e-07 2.95951e-07 1.9681e-07 1.26316e-07 7.89077e-08 4.84136e-08 2.94402e-08 1.7888e-08 1.0929e-08 6.74037e-09 4.1983e-09 2.62774e-09 1.62573e-09 9.51516e-10 4.72515e-10 1.44239e-10 1.44239e-10 
1.57334e-12 1.25568e-11 3.09046e-11 6.46184e-11 1.23171e-10 2.13869e-10 3.44007e-10 5.17587e-10 7.26588e-10 9.41029e-10 1.14922e-09 1.71864e-09 3.91875e-09 9.39848e-09 2.04326e-08 4.01549e-08 7.2004e-08 1.18628e-07 1.80874e-07 2.58175e-07 3.51324e-07 4.66026e-07 6.12298e-07 7.97056e-07 1.01572e-06 1.25005e-06 1.4719e-06 1.64885e-06 1.75036e-06 1.75449e-06 1.65464e-06 1.46401e-06 1.21393e-06 9.44689e-07 6.92824e-07 4.81888e-07 3.20306e-07 2.05133e-07 1.27696e-07 7.8008e-08 4.72209e-08 2.85733e-08 1.74037e-08 1.07189e-08 6.68451e-09 4.20679e-09 2.64076e-09 1.6061e-09 8.84779e-10 3.69189e-10 6.67706e-11 
7.50701e-12 2.72658e-11 5.96519e-11 1.19889e-10 2.19283e-10 3.68962e-10 5.80304e-10 8.57959e-10 1.18363e-09 1.49399e-09 1.73313e-09 2.50676e-09 6.05117e-09 1.49729e-08 3.28782e-08 6.47458e-08 1.15957e-07 1.90661e-07 2.90685e-07 4.17093e-07 5.74968e-07 7.76768e-07 1.03662e-06 1.35679e-06 1.71815e-06 2.08127e-06 2.39436e-06 2.60374e-06 2.66582e-06 2.56003e-06 2.2988e-06 1.9278e-06 1.5121e-06 1.11421e-06 7.76527e-07 5.16021e-07 3.29775e-07 2.04539e-07 1.2437e-07 7.49086e-08 4.51148e-08 2.73766e-08 1.68254e-08 1.04953e-08 6.63093e-09 4.20752e-09 2.62774e-09 1.54586e-09 7.70967e-10 2.35828e-10 2.35828e-10 
2.52758e-12 2.20226e-11 5.31974e-11 1.10865e-10 2.13869e-10 3.77549e-10 6.19627e-10 9.57881e-10 1.39787e-09 1.90491e-09 2.36169e-09 2.63298e-09 3.69176e-09 9.35387e-09 2.36795e-08 5.23419e-08 1.03185e-07 1.84643e-07 3.03511e-07 4.64301e-07 6.73074e-07 9.44211e-07 1.29991e-06 1.75448e-06 2.29415e-06 2.86943e-06 3.40241e-06 3.80279e-06 3.98856e-06 3.90989e-06 3.57033e-06 3.03284e-06 2.40039e-06 1.77849e-06 1.24256e-06 8.25724e-07 5.2663e-07 3.25417e-07 1.96896e-07 1.17951e-07 7.06702e-08 4.26994e-08 2.61694e-08 1.63142e-08 1.03344e-08 6.61008e-09 4.20679e-09 2.58485e-09 1.43533e-09 6.02299e-10 1.08696e-10 
1.31513e-11 4.6534e-11 9.85737e-11 1.9851e-10 3.68962e-10 6.32913e-10 1.01855e-09 1.55358e-09 2.24505e-09 3.03293e-09 3.71495e-09 4.02258e-09 5.4864e-09 1.44495e-08 3.71941e-08 8.26033e-08 1.63007e-07 2.91818e-07 4.80962e-07 7.41907e-07 1.09299e-06 1.56559e-06 2.19184e-06 2.97325e-06 3.85644e-06 4.73253e-06 5.45692e-06 5.88263e-06 5.9029e-06 5.4939e-06 4.73546e-06 3.78667e-06 2.82348e-06 1.97859e-06 1.31529e-06 8.37293e-07 5.15427e-07 3.10258e-07 1.84793e-07 1.10096e-07 6.62004e-08 4.0435e-08 2.51743e-08 1.59718e-08 1.02767e-08 6.63093e-09 4.1983e-09 2.49614e-09 1.25425e-09 3.84715e-10 3.84715e-10 
4.31069e-12 3.8094e-11 8.67264e-11 1.7622e-10 3.44007e-10 6.19627e-10 1.03875e-09 1.6457e-09 2.48346e-09 3.56184e-09 4.78239e-09 5.81108e-09 6.16316e-09 8.2088e-09 2.22782e-08 5.80679e-08 1.29463e-07 2.55943e-07 4.59495e-07 7.62782e-07 1.19407e-06 1.79773e-06 2.63101e-06 3.72623e-06 5.04041e-06 6.434e-06 7.68787e-06 8.55078e-06 8.81147e-06 8.38063e-06 7.34477e-06 5.94262e-06 4.46372e-06 3.13945e-06 2.08852e-06 1.3273e-06 8.13987e-07 4.8736e-07 2.88517e-07 1.70862e-07 1.02197e-07 6.21772e-08 3.86356e-08 2.45295e-08 1.58522e-08 1.03344e-08 6.68451e-09 4.15947e-09 2.32996e-09 9.82058e-10 1.76681e-10 
2.32128e-11 7.74293e-11 1.52993e-10 3.05813e-10 5.80304e-10 1.01855e-09 1.67599e-09 2.62139e-09 3.92139e-09 5.59091e-09 7.47391e-09 9.0338e-09 9.44079e-09 1.23254e-08 3.42535e-08 9.01832e-08 2.01867e-07 4.00538e-07 7.23975e-07 1.21822e-06 1.94912e-06 3.00932e-06 4.485e-06 6.37445e-06 8.52047e-06 1.06096e-05 1.22322e-05 1.29949e-05 1.26698e-05 1.13171e-05 9.28119e-06 7.03142e-06 4.96731e-06 3.30856e-06 2.09982e-06 1.28298e-06 7.63953e-07 4.49395e-07 2.64447e-07 1.57274e-07 9.52684e-08 5.90519e-08 3.74919e-08 2.43073e-08 1.59718e-08 1.04953e-08 6.74037e-09 4.04669e-09 2.04358e-09 6.26598e-10 6.26598e-10 
7.82491e-12 6.58328e-11 1.36758e-10 2.62046e-10 5.17587e-10 9.57881e-10 1.6457e-09 2.66624e-09 4.12521e-09 6.12566e-09 8.69181e-09 1.15817e-08 1.39482e-08 1.44135e-08 1.84989e-08 5.24861e-08 1.39457e-07 3.13776e-07 6.26936e-07 1.14775e-06 1.97332e-06 3.24659e-06 5.13655e-06 7.73774e-06 1.09249e-05 1.42834e-05 1.71735e-05 1.88989e-05 1.89608e-05 1.73126e-05 1.44222e-05 1.10367e-05 7.83906e-06 5.23115e-06 3.31695e-06 2.0195e-06 1.1958e-06 6.98809e-07 4.0848e-07 2.41467e-07 1.45571e-07 8.997e-08 5.70903e-08 3.71009e-08 2.45295e-08 1.63142e-08 1.07189e-08 6.74072e-09 3.79589e-09 1.60019e-09 2.85995e-10 
4.15303e-11 1.29091e-10 2.2738e-10 4.39889e-10 8.57959e-10 1.55358e-09 2.62139e-09 4.19077e-09 6.42283e-09 9.47648e-09 1.33921e-08 1.77995e-08 2.13738e-08 2.18619e-08 2.76255e-08 8.01082e-08 2.14992e-07 4.87556e-07 9.86385e-07 1.84428e-06 3.26647e-06 5.53855e-06 8.92404e-06 1.34404e-05 1.8632e-05 2.3553e-05 2.70191e-05 2.80296e-05 2.6257e-05 2.2278e-05 1.72535e-05 1.23365e-05 8.25483e-06 5.23259e-06 3.17553e-06 1.86979e-06 1.08529e-06 6.30011e-07 3.70054e-07 2.2195e-07 1.36727e-07 8.6675e-08 5.64236e-08 3.74919e-08 2.51743e-08 1.68254e-08 1.0929e-08 6.5975e-09 3.33157e-09 1.01591e-09 1.01591e-09 
1.48378e-11 1.1565e-10 2.16919e-10 3.68379e-10 7.26588e-10 1.39787e-09 2.48346e-09 4.12521e-09 6.51736e-09 9.90364e-09 1.4528e-08 2.04575e-08 2.71278e-08 3.24749e-08 3.28257e-08 4.0824e-08 1.21791e-07 3.31189e-07 7.60838e-07 1.57172e-06 3.03075e-06 5.55884e-06 9.6731e-06 1.56934e-05 2.33185e-05 3.13243e-05 3.77817e-05 4.079e-05 3.93878e-05 3.41538e-05 2.68345e-05 1.9347e-05 1.29957e-05 8.24231e-06 4.98829e-06 2.92091e-06 1.68375e-06 9.70467e-07 5.66247e-07 3.37782e-07 2.0734e-07 1.31267e-07 8.556e-08 5.70903e-08 3.86356e-08 2.61694e-08 1.74037e-08 1.10069e-08 6.19574e-09 2.59664e-09 4.5876e-10 
7.54892e-11 2.22641e-10 3.39009e-10 5.90347e-10 1.18363e-09 2.24505e-09 3.92139e-09 6.42283e-09 1.00379e-08 1.51327e-08 2.2079e-08 3.09846e-08 4.09865e-08 4.88618e-08 4.85794e-08 5.93319e-08 1.84786e-07 5.12301e-07 1.20208e-06 2.56343e-06 5.13862e-06 9.74328e-06 1.72033e-05 2.76812e-05 3.99744e-05 5.12711e-05 5.81203e-05 5.82244e-05 5.18315e-05 4.14474e-05 3.01981e-05 2.03935e-05 1.29571e-05 7.82597e-06 4.55814e-06 2.6094e-06 1.49313e-06 8.65234e-07 5.13205e-07 3.1382e-07 1.98376e-07 1.29426e-07 8.6675e-08 5.90519e-08 4.0435e-08 2.73766e-08 1.7888e-08 1.07902e-08 5.41271e-09 1.63112e-09 1.63112e-09 
2.8522e-11 2.08298e-10 3.66237e-10 5.12681e-10 9.41029e-10 1.90491e-09 3.56184e-09 6.12566e-09 9.90364e-09 1.53202e-08 2.29203e-08 3.32653e-08 4.65192e-08 6.13474e-08 7.26764e-08 7.04519e-08 8.43921e-08 2.81721e-07 8.03879e-07 1.94814e-06 4.33239e-06 9.03353e-06 1.75106e-05 3.08405e-05 4.83669e-05 6.67672e-05 8.04147e-05 8.43296e-05 7.75526e-05 6.33948e-05 4.68175e-05 3.18527e-05 2.03079e-05 1.2255e-05 7.10276e-06 4.0386e-06 2.29425e-06 1.32016e-06 7.78435e-07 4.7411e-07 2.99199e-07 1.95362e-07 1.31267e-07 8.997e-08 6.21772e-08 4.26994e-08 2.85733e-08 1.8052e-08 1.00858e-08 4.17293e-09 7.24745e-10 
1.38418e-10 4.0377e-10 5.58061e-10 7.67063e-10 1.49399e-09 3.03293e-09 5.59091e-09 9.47648e-09 1.51327e-08 2.3177e-08 3.44131e-08 4.96763e-08 6.91965e-08 9.08696e-08 1.06607e-07 9.93536e-08 1.18285e-07 4.39535e-07 1.30351e-06 3.29432e-06 7.65609e-06 1.64167e-05 3.19093e-05 5.49302e-05 8.23844e-05 0.000106743 0.000118612 0.000113695 9.55992e-05 7.18681e-05 4.94024e-05 3.16821e-05 1.91343e-05 1.10436e-05 6.23901e-06 3.51939e-06 2.01088e-06 1.1786e-06 7.14903e-07 4.50378e-07 2.94297e-07 1.98376e-07 1.36727e-07 9.52684e-08 6.62004e-08 4.51148e-08 2.94402e-08 1.76128e-08 8.71162e-09 2.57673e-09 2.57673e-09 
5.4095e-11 3.81938e-10 6.78443e-10 8.19476e-10 1.14922e-09 2.36169e-09 4.78239e-09 8.69181e-09 1.4528e-08 2.29203e-08 3.47562e-08 5.12065e-08 7.34913e-08 1.01889e-07 1.33001e-07 1.53741e-07 1.35127e-07 1.7315e-07 7.27281e-07 2.24008e-06 5.89375e-06 1.41303e-05 3.04593e-05 5.79643e-05 9.54065e-05 0.000134067 0.000159896 0.000161729 0.000141162 0.000108708 7.58112e-05 4.90738e-05 2.97366e-05 1.71118e-05 9.61174e-06 5.38654e-06 3.05647e-06 1.78065e-06 1.07568e-06 6.76528e-07 4.42442e-07 2.99199e-07 2.0734e-07 1.45571e-07 1.02197e-07 7.06702e-08 4.72209e-08 2.95667e-08 1.62693e-08 6.59677e-09 1.12011e-09 
2.52356e-10 7.58515e-10 1.0721e-09 1.18678e-09 1.73313e-09 3.71495e-09 7.47391e-09 1.33921e-08 2.2079e-08 3.44131e-08 5.16518e-08 7.54742e-08 1.07621e-07 1.48331e-07 1.91976e-07 2.17253e-07 1.7839e-07 3.07366e-07 1.32888e-06 4.15384e-06 1.11467e-05 2.6839e-05 5.65148e-05 0.000102663 0.000157848 0.000203328 0.00021994 0.00020188 0.000160798 0.000114467 7.51706e-05 4.58756e-05 2.63708e-05 1.47455e-05 8.21748e-06 4.63253e-06 2.68302e-06 1.61441e-06 1.01382e-06 6.63725e-07 4.50378e-07 3.1382e-07 2.2195e-07 1.57274e-07 1.10096e-07 7.49086e-08 4.84136e-08 2.84939e-08 1.3792e-08 3.97748e-09 3.97748e-09 
9.93222e-11 6.99653e-10 1.32937e-09 1.65554e-09 1.71864e-09 2.63298e-09 5.81108e-09 1.15817e-08 2.04575e-08 3.32653e-08 5.12065e-08 7.60303e-08 1.101e-07 1.55823e-07 2.13162e-07 2.72695e-07 3.00764e-07 2.52501e-07 6.91925e-07 2.69478e-06 8.24661e-06 2.18369e-05 5.11115e-05 0.000102034 0.000172455 0.000241501 0.000280361 0.000274891 0.000229709 0.00016856 0.000113168 6.99593e-05 4.02938e-05 2.2475e-05 1.24762e-05 6.99343e-06 4.02841e-06 2.41524e-06 1.51499e-06 9.93234e-07 6.76528e-07 4.7411e-07 3.37782e-07 2.41467e-07 1.70862e-07 1.17951e-07 7.8008e-08 4.79998e-08 2.58119e-08 1.01856e-08 1.68253e-09 
4.49904e-10 1.42773e-09 2.21639e-09 2.5445e-09 2.50676e-09 4.02258e-09 9.0338e-09 1.77995e-08 3.09846e-08 4.96763e-08 7.54742e-08 1.10758e-07 1.58781e-07 2.22751e-07 3.01894e-07 3.80944e-07 4.15206e-07 4.8803e-07 1.70054e-06 5.82478e-06 1.69495e-05 4.27944e-05 9.43038e-05 0.000173416 0.000265582 0.000330744 0.000347486 0.000310641 0.000238473 0.000165797 0.00010475 6.07417e-05 3.39139e-05 1.88058e-05 1.04975e-05 6.01941e-06 3.59844e-06 2.25592e-06 1.48196e-06 1.01382e-06 7.14903e-07 5.13205e-07 3.70054e-07 2.64447e-07 1.84793e-07 1.2437e-07 7.89077e-08 4.53261e-08 2.13198e-08 5.95896e-09 5.95896e-09 
1.74279e-10 1.25352e-09 2.59744e-09 3.62074e-09 3.91875e-09 3.69176e-09 6.16316e-09 1.39482e-08 2.71278e-08 4.65192e-08 7.34913e-08 1.101e-07 1.59498e-07 2.26063e-07 3.13942e-07 4.21146e-07 5.27013e-07 6.18017e-07 1.211e-06 4.14413e-06 1.27362e-05 3.44135e-05 8.04088e-05 0.000162152 0.000266392 0.000359911 0.000398607 0.000384358 0.000316562 0.000232384 0.00015227 8.96101e-05 5.03769e-05 2.80362e-05 1.56258e-05 8.93397e-06 5.33174e-06 3.34401e-06 2.20311e-06 1.51499e-06 1.07568e-06 7.78435e-07 5.66247e-07 4.0848e-07 2.88517e-07 1.96896e-07 1.27696e-07 7.65855e-08 3.99671e-08 1.52547e-08 2.44155e-09 
7.72563e-10 2.61328e-09 4.49628e-09 5.85574e-09 6.05117e-09 5.4864e-09 9.44079e-09 2.13738e-08 4.09865e-08 6.91965e-08 1.07621e-07 1.58781e-07 2.26743e-07 3.17331e-07 4.36075e-07 5.81274e-07 7.46637e-07 1.13465e-06 3.06543e-06 9.67956e-06 2.67604e-05 6.55196e-05 0.000138166 0.000244557 0.000347966 0.000423888 0.000416316 0.00037812 0.000303014 0.000210448 0.000127578 7.29905e-05 4.10839e-05 2.29664e-05 1.31316e-05 7.83996e-06 4.92715e-06 3.25982e-06 2.25592e-06 1.61441e-06 1.1786e-06 8.65234e-07 6.30011e-07 4.49395e-07 3.10258e-07 2.04539e-07 1.26316e-07 7.03204e-08 3.19496e-08 8.61061e-09 8.61061e-09 
2.89569e-10 2.158e-09 4.87268e-09 7.57789e-09 9.39848e-09 9.35387e-09 8.2088e-09 1.44135e-08 3.24749e-08 6.13474e-08 1.01889e-07 1.55823e-07 2.26063e-07 3.17799e-07 4.391e-07 5.99302e-07 8.10321e-07 1.17961e-06 2.52213e-06 7.32754e-06 2.0924e-05 5.08792e-05 0.000106795 0.000203239 0.000302689 0.000388814 0.000449947 0.000383399 0.000354678 0.000266563 0.000170975 0.00010153 5.85613e-05 3.30915e-05 1.90244e-05 1.14039e-05 7.20026e-06 4.79346e-06 3.34401e-06 2.41524e-06 1.78065e-06 1.32016e-06 9.70467e-07 6.98809e-07 4.8736e-07 3.25417e-07 2.05133e-07 1.19068e-07 5.99504e-08 2.20183e-08 3.40453e-09 
1.26224e-09 4.56045e-09 8.60794e-09 1.25372e-08 1.49729e-08 1.44495e-08 1.23254e-08 2.18619e-08 4.88618e-08 9.08696e-08 1.48331e-07 2.22751e-07 3.17331e-07 4.39085e-07 6.01289e-07 8.28448e-07 1.20507e-06 2.22422e-06 5.81895e-06 1.57325e-05 3.807e-05 7.75e-05 0.000137761 0.000202764 0.000253436 0.000306181 0.000323085 0.000345587 0.000325461 0.000208723 0.000132574 7.95866e-05 4.61514e-05 2.69514e-05 1.6325e-05 1.04004e-05 6.9891e-06 4.92715e-06 3.59844e-06 2.68302e-06 2.01088e-06 1.49313e-06 1.08529e-06 7.63953e-07 5.15427e-07 3.29775e-07 1.9681e-07 1.05581e-07 4.611e-08 1.1934e-08 1.1934e-08 
4.52496e-10 3.52385e-09 8.61843e-09 1.47091e-08 2.04326e-08 2.36795e-08 2.22782e-08 1.84989e-08 3.28257e-08 7.26764e-08 1.33001e-07 2.13162e-07 3.13942e-07 4.391e-07 6.00401e-07 8.27337e-07 1.20094e-06 2.03834e-06 4.59791e-06 1.20301e-05 2.59146e-05 5.1357e-05 8.37913e-05 0.000120941 0.000159893 0.000191574 0.000216466 0.000226915 0.000233608 0.000210432 0.000156186 9.97692e-05 6.07654e-05 3.68065e-05 2.27998e-05 1.47684e-05 1.00694e-05 7.20026e-06 5.33174e-06 4.02841e-06 3.05647e-06 2.29425e-06 1.68375e-06 1.1958e-06 8.13987e-07 5.2663e-07 3.20306e-07 1.78924e-07 8.6516e-08 3.04539e-08 4.54251e-09 
1.94425e-09 7.49756e-09 1.53617e-08 2.4534e-08 3.28782e-08 3.71941e-08 3.42535e-08 2.76255e-08 4.85794e-08 1.06607e-07 1.91976e-07 3.01894e-07 4.36075e-07 6.01289e-07 8.24741e-07 1.18517e-06 1.92095e-06 3.75479e-06 8.37064e-06 1.7433e-05 3.00962e-05 4.84623e-05 7.19717e-05 9.45838e-05 0.000117238 0.000132829 0.000143308 0.000149101 0.000150385 0.000140707 0.000117462 7.31944e-05 4.70913e-05 3.0578e-05 2.04231e-05 1.42551e-05 1.04004e-05 7.83996e-06 6.01941e-06 4.63253e-06 3.51939e-06 2.6094e-06 1.86979e-06 1.28298e-06 8.37293e-07 5.16021e-07 2.95951e-07 1.52315e-07 6.37074e-08 1.57931e-08 1.57931e-08 
6.61968e-10 5.40986e-09 1.42489e-08 2.63638e-08 4.01549e-08 5.23419e-08 5.80679e-08 5.24861e-08 4.0824e-08 7.04519e-08 1.53741e-07 2.72695e-07 4.21146e-07 5.99302e-07 8.27337e-07 1.17725e-06 1.83553e-06 3.27869e-06 5.54835e-06 1.18857e-05 1.78462e-05 2.84804e-05 4.20533e-05 5.69369e-05 7.08255e-05 8.23759e-05 8.98874e-05 9.70454e-05 0.000100017 9.88497e-05 9.07716e-05 7.73847e-05 5.46441e-05 3.82391e-05 2.703e-05 1.96401e-05 1.47684e-05 1.14039e-05 8.93397e-06 6.99343e-06 5.38654e-06 4.0386e-06 2.92091e-06 2.0195e-06 1.3273e-06 8.25724e-07 4.81888e-07 2.57938e-07 1.19378e-07 4.01732e-08 5.78339e-09 
2.80568e-09 1.15313e-08 2.54519e-08 4.40218e-08 6.47458e-08 8.26033e-08 9.01832e-08 8.01082e-08 5.93319e-08 9.93536e-08 2.17253e-07 3.80944e-07 5.81274e-07 8.28448e-07 1.18517e-06 1.80462e-06 2.94075e-06 4.27918e-06 7.14361e-06 1.17426e-05 1.76361e-05 2.56003e-05 3.48682e-05 4.45203e-05 5.27264e-05 5.91973e-05 6.46954e-05 6.87528e-05 6.86073e-05 6.61757e-05 6.1936e-05 5.17896e-05 4.19057e-05 3.3139e-05 2.58606e-05 2.04231e-05 1.6325e-05 1.31316e-05 1.04975e-05 8.21748e-06 6.23901e-06 4.55814e-06 3.17553e-06 2.09982e-06 1.31529e-06 7.76527e-07 4.2616e-07 2.09765e-07 8.38543e-08 1.98951e-08 1.98951e-08 
9.04834e-10 7.76607e-09 2.19321e-08 4.36497e-08 7.2004e-08 1.03185e-07 1.29463e-07 1.39457e-07 1.21791e-07 8.43921e-08 1.35127e-07 3.00764e-07 5.27013e-07 8.10321e-07 1.20094e-06 1.83553e-06 2.82365e-06 3.54987e-06 5.16572e-06 7.83816e-06 1.1867e-05 1.67616e-05 2.25931e-05 2.89769e-05 3.52473e-05 4.05692e-05 4.52367e-05 4.86717e-05 5.00237e-05 4.92525e-05 4.76618e-05 4.34317e-05 3.799e-05 3.40051e-05 3.14936e-05 2.703e-05 2.27998e-05 1.90244e-05 1.56258e-05 1.24762e-05 9.61174e-06 7.10276e-06 4.98829e-06 3.31695e-06 2.08852e-06 1.24256e-06 6.92824e-07 3.54295e-07 1.56694e-07 5.0381e-08 7.01887e-09 
3.78042e-09 1.65367e-08 3.91202e-08 7.27198e-08 1.15957e-07 1.63007e-07 2.01867e-07 2.14992e-07 1.84786e-07 1.18285e-07 1.7839e-07 4.15206e-07 7.46637e-07 1.20507e-06 1.92095e-06 2.94075e-06 3.33063e-06 4.1297e-06 5.87829e-06 8.45143e-06 1.18193e-05 1.56798e-05 1.99874e-05 2.44546e-05 2.87983e-05 3.27258e-05 3.58939e-05 3.76927e-05 3.83076e-05 3.77872e-05 3.60053e-05 3.37314e-05 3.11416e-05 3.18223e-05 3.3139e-05 3.0578e-05 2.69514e-05 2.29664e-05 1.88058e-05 1.47455e-05 1.10436e-05 7.82597e-06 5.23259e-06 3.30856e-06 1.97859e-06 1.11421e-06 5.83421e-07 2.743e-07 1.04797e-07 2.38264e-08 2.38264e-08 
1.15806e-09 1.04035e-08 3.14139e-08 6.69018e-08 1.18628e-07 1.84643e-07 2.55943e-07 3.13776e-07 3.31189e-07 2.81721e-07 1.7315e-07 2.52501e-07 6.18017e-07 1.17961e-06 2.03834e-06 3.27869e-06 3.54987e-06 3.82621e-06 4.7609e-06 6.59926e-06 8.90047e-06 1.16094e-05 1.46192e-05 1.78582e-05 2.11556e-05 2.44026e-05 2.72347e-05 2.92872e-05 3.0507e-05 3.0961e-05 3.05208e-05 2.97861e-05 2.93157e-05 2.92751e-05 3.40051e-05 3.82391e-05 3.68065e-05 3.30915e-05 2.80362e-05 2.2475e-05 1.71118e-05 1.2255e-05 8.24231e-06 5.23115e-06 3.13945e-06 1.77849e-06 9.44689e-07 4.61075e-07 1.94973e-07 5.9981e-08 8.12518e-09 
4.75733e-09 2.21266e-08 5.59191e-08 1.11117e-07 1.90661e-07 2.91818e-07 4.00538e-07 4.87556e-07 5.12301e-07 4.39535e-07 3.07366e-07 4.8803e-07 1.13465e-06 2.22422e-06 3.75479e-06 4.27918e-06 4.1297e-06 4.40073e-06 5.59709e-06 7.23229e-06 9.13117e-06 1.13012e-05 1.36809e-05 1.62038e-05 1.87608e-05 2.11895e-05 2.32126e-05 2.47341e-05 2.57265e-05 2.61754e-05 2.63287e-05 2.67399e-05 2.79662e-05 3.11416e-05 4.19057e-05 4.70913e-05 4.61514e-05 4.10839e-05 3.39139e-05 2.63708e-05 1.91343e-05 1.29571e-05 8.25483e-06 4.96731e-06 2.82348e-06 1.5121e-06 7.54845e-07 3.39357e-07 1.24171e-07 2.7138e-08 2.7138e-08 
1.4009e-09 1.30359e-08 4.2041e-08 9.54367e-08 1.80874e-07 3.03511e-07 4.59495e-07 6.26936e-07 7.60838e-07 8.03879e-07 7.27281e-07 6.91925e-07 1.211e-06 2.52213e-06 4.59791e-06 5.54835e-06 5.16572e-06 4.7609e-06 5.27828e-06 6.34556e-06 7.66266e-06 9.20682e-06 1.09748e-05 1.29013e-05 1.49186e-05 1.69104e-05 1.87425e-05 2.03078e-05 2.1565e-05 2.24999e-05 2.32447e-05 2.41381e-05 2.57791e-05 2.93157e-05 3.799e-05 5.46441e-05 6.07654e-05 5.85613e-05 5.03769e-05 4.02938e-05 2.97366e-05 2.03079e-05 1.29957e-05 7.83906e-06 4.46372e-06 2.40039e-06 1.21393e-06 5.66374e-07 2.29645e-07 6.78154e-08 8.98906e-09 
5.62474e-09 2.78e-08 7.49078e-08 1.58368e-07 2.90685e-07 4.80962e-07 7.23975e-07 9.86385e-07 1.20208e-06 1.30351e-06 1.32888e-06 1.70054e-06 3.06543e-06 5.81895e-06 8.37064e-06 7.14361e-06 5.87829e-06 5.59709e-06 6.06498e-06 6.8794e-06 7.92711e-06 9.20581e-06 1.06719e-05 1.22517e-05 1.38708e-05 1.54402e-05 1.69015e-05 1.82109e-05 1.93631e-05 2.04386e-05 2.16519e-05 2.34431e-05 2.67399e-05 3.37314e-05 5.17896e-05 7.31944e-05 7.95866e-05 7.29905e-05 6.07417e-05 4.58756e-05 3.16821e-05 2.03935e-05 1.23365e-05 7.03142e-06 3.78667e-06 1.9278e-06 9.19381e-07 3.96641e-07 1.39547e-07 2.94483e-08 2.94483e-08 
1.63767e-09 1.54229e-08 5.31515e-08 1.2815e-07 2.58175e-07 4.64301e-07 7.62782e-07 1.14775e-06 1.57172e-06 1.94814e-06 2.24008e-06 2.69478e-06 4.14413e-06 7.32754e-06 1.20301e-05 1.18857e-05 7.83816e-06 6.59926e-06 6.34556e-06 6.63169e-06 7.23353e-06 8.09439e-06 9.17061e-06 1.03931e-05 1.16913e-05 1.30047e-05 1.4291e-05 1.55291e-05 1.6716e-05 1.79169e-05 1.92885e-05 2.11408e-05 2.41381e-05 2.97861e-05 4.34317e-05 7.73847e-05 9.97692e-05 0.00010153 8.96101e-05 6.99593e-05 4.90738e-05 3.18527e-05 1.9347e-05 1.10367e-05 5.94262e-06 3.03284e-06 1.46401e-06 6.55751e-07 2.56166e-07 7.29388e-08 9.52829e-09 
6.35202e-09 3.3302e-08 9.54993e-08 2.13689e-07 4.17093e-07 7.41907e-07 1.21822e-06 1.84428e-06 2.56343e-06 3.29432e-06 4.15384e-06 5.82478e-06 9.67956e-06 1.57325e-05 1.7433e-05 1.17426e-05 8.45143e-06 7.23229e-06 6.8794e-06 7.01292e-06 7.48071e-06 8.20581e-06 9.11289e-06 1.01324e-05 1.12069e-05 1.23035e-05 1.34082e-05 1.4528e-05 1.57137e-05 1.70952e-05 1.89171e-05 2.16519e-05 2.63287e-05 3.60053e-05 6.1936e-05 0.000117462 0.000132574 0.000127578 0.00010475 7.51706e-05 4.94024e-05 3.01981e-05 1.72535e-05 9.28119e-06 4.73546e-06 2.2988e-06 1.05262e-06 4.3826e-07 1.49022e-07 3.05176e-08 3.05176e-08 
1.92059e-09 1.75951e-08 6.47968e-08 1.65103e-07 3.51324e-07 6.73074e-07 1.19407e-06 1.97332e-06 3.03075e-06 4.33239e-06 5.89375e-06 8.24661e-06 1.27362e-05 2.0924e-05 2.59146e-05 1.78462e-05 1.1867e-05 8.90047e-06 7.66266e-06 7.23353e-06 7.28396e-06 7.66496e-06 8.27604e-06 9.03871e-06 9.89206e-06 1.07999e-05 1.17501e-05 1.27506e-05 1.38449e-05 1.51359e-05 1.68282e-05 1.92885e-05 2.32447e-05 3.05208e-05 4.76618e-05 9.07716e-05 0.000156186 0.000170975 0.00015227 0.000113168 7.58112e-05 4.68175e-05 2.68345e-05 1.44222e-05 7.34477e-06 3.57033e-06 1.65464e-06 7.16186e-07 2.71174e-07 7.48108e-08 9.7009e-09 
7.08355e-09 3.90657e-08 1.18641e-07 2.78952e-07 5.74968e-07 1.09299e-06 1.94912e-06 3.26647e-06 5.13862e-06 7.65609e-06 1.11467e-05 1.69495e-05 2.67604e-05 3.807e-05 3.00962e-05 1.76361e-05 1.18193e-05 9.13117e-06 7.92711e-06 7.48071e-06 7.49041e-06 7.80159e-06 8.31387e-06 8.9548e-06 9.67942e-06 1.04696e-05 1.133e-05 1.22949e-05 1.34465e-05 1.49469e-05 1.70952e-05 2.04386e-05 2.61754e-05 3.77872e-05 6.61757e-05 0.000140707 0.000208723 0.000210448 0.000165797 0.000114467 7.18681e-05 4.14474e-05 2.2278e-05 1.13171e-05 5.4939e-06 2.56003e-06 1.13397e-06 4.58801e-07 1.5161e-07 3.02754e-08 3.02754e-08 
2.34295e-09 2.00455e-08 7.83261e-08 2.09066e-07 4.66026e-07 9.44211e-07 1.79773e-06 3.24659e-06 5.55884e-06 9.03353e-06 1.41303e-05 2.18369e-05 3.44135e-05 5.08792e-05 5.1357e-05 2.84804e-05 1.67616e-05 1.16094e-05 9.20682e-06 8.09439e-06 7.66496e-06 7.64765e-06 7.89922e-06 8.32659e-06 8.87013e-06 9.50044e-06 1.0214e-05 1.1035e-05 1.20265e-05 1.33154e-05 1.51359e-05 1.79169e-05 2.24999e-05 3.0961e-05 4.92525e-05 9.88497e-05 0.000210432 0.000266563 0.000232384 0.00016856 0.000108708 6.33948e-05 3.41538e-05 1.73126e-05 8.38063e-06 3.90989e-06 1.75449e-06 7.39639e-07 2.73171e-07 7.33526e-08 9.50456e-09 
8.16035e-09 4.63397e-08 1.47179e-07 3.59975e-07 7.76768e-07 1.56559e-06 3.00932e-06 5.53855e-06 9.74328e-06 1.64167e-05 2.6839e-05 4.27944e-05 6.55196e-05 7.75e-05 4.84623e-05 2.56003e-05 1.56798e-05 1.13012e-05 9.20581e-06 8.20581e-06 7.80159e-06 7.76411e-06 7.96461e-06 8.32263e-06 8.79261e-06 9.35832e-06 1.00319e-05 1.08596e-05 1.19378e-05 1.34465e-05 1.57137e-05 1.93631e-05 2.57265e-05 3.83076e-05 6.86073e-05 0.000150385 0.000325461 0.000303014 0.000238473 0.000160798 9.55992e-05 5.18315e-05 2.6257e-05 1.26698e-05 5.9029e-06 2.66582e-06 1.15248e-06 4.56414e-07 1.4733e-07 2.88062e-08 2.88062e-08 
2.98272e-09 2.363e-08 9.59969e-08 2.64845e-07 6.12298e-07 1.29991e-06 2.63101e-06 5.13655e-06 9.6731e-06 1.75106e-05 3.04593e-05 5.11115e-05 8.04088e-05 0.000106795 8.37913e-05 4.20533e-05 2.25931e-05 1.46192e-05 1.09748e-05 9.17061e-06 8.27604e-06 7.89922e-06 7.84625e-06 8.00532e-06 8.31001e-06 8.72747e-06 9.25514e-06 9.92272e-06 1.08015e-05 1.20265e-05 1.38449e-05 1.6716e-05 2.1565e-05 3.0507e-05 5.00237e-05 0.000100017 0.000233608 0.000354678 0.000316562 0.000229709 0.000141162 7.75526e-05 3.93878e-05 1.89608e-05 8.81147e-06 3.98856e-06 1.75036e-06 7.24586e-07 2.62603e-07 6.88948e-08 8.97084e-09 
9.94659e-09 5.65588e-08 1.84284e-07 4.63427e-07 1.03662e-06 2.19184e-06 4.485e-06 8.92404e-06 1.72033e-05 3.19093e-05 5.65148e-05 9.43038e-05 0.000138166 0.000137761 7.19717e-05 3.48682e-05 1.99874e-05 1.36809e-05 1.06719e-05 9.11289e-06 8.31387e-06 7.96461e-06 7.90128e-06 8.02898e-06 8.29455e-06 8.67821e-06 9.19242e-06 9.88631e-06 1.08596e-05 1.22949e-05 1.4528e-05 1.82109e-05 2.47341e-05 3.76927e-05 6.87528e-05 0.000149101 0.000345587 0.00037812 0.000310641 0.00020188 0.000113695 5.82244e-05 2.80296e-05 1.29949e-05 5.88263e-06 2.60374e-06 1.10872e-06 4.32741e-07 1.37063e-07 2.63156e-08 2.63156e-08 
3.85014e-09 2.90343e-08 1.19447e-07 3.3578e-07 7.97056e-07 1.75448e-06 3.72623e-06 7.73774e-06 1.56934e-05 3.08405e-05 5.79643e-05 0.000102034 0.000162152 0.000203239 0.000120941 5.69369e-05 2.89769e-05 1.78582e-05 1.29013e-05 1.03931e-05 9.03871e-06 8.32659e-06 8.00532e-06 7.93663e-06 8.04142e-06 8.28026e-06 8.64741e-06 9.17137e-06 9.92272e-06 1.1035e-05 1.27506e-05 1.55291e-05 2.03078e-05 2.92872e-05 4.86717e-05 9.70454e-05 0.000226915 0.000383399 0.000384358 0.000274891 0.000161729 8.43296e-05 4.079e-05 1.88989e-05 8.55078e-06 3.80279e-06 1.64885e-06 6.75474e-07 2.41502e-07 6.20754e-08 8.15816e-09 
1.25648e-08 7.03128e-08 2.30909e-07 5.90829e-07 1.35679e-06 2.97325e-06 6.37445e-06 1.34404e-05 2.76812e-05 5.49302e-05 0.000102663 0.000173416 0.000244557 0.000202764 9.45838e-05 4.45203e-05 2.44546e-05 1.62038e-05 1.22517e-05 1.01324e-05 8.9548e-06 8.32263e-06 8.02898e-06 7.95808e-06 8.04684e-06 8.27021e-06 8.63691e-06 9.19242e-06 1.00319e-05 1.133e-05 1.34082e-05 1.69015e-05 2.32126e-05 3.58939e-05 6.46954e-05 0.000143308 0.000323085 0.000416316 0.000347486 0.00021994 0.000118612 5.81203e-05 2.70191e-05 1.22322e-05 5.45692e-06 2.39436e-06 1.01304e-06 3.92117e-07 1.22305e-07 2.30935e-08 2.30935e-08 
4.89238e-09 3.62875e-08 1.48401e-07 4.20423e-07 1.01572e-06 2.29415e-06 5.04041e-06 1.09249e-05 2.33185e-05 4.83669e-05 9.54065e-05 0.000172455 0.000266392 0.000302689 0.000159893 7.08255e-05 3.52473e-05 2.11556e-05 1.49186e-05 1.16913e-05 9.89206e-06 8.87013e-06 8.31001e-06 8.04142e-06 7.96988e-06 8.04851e-06 8.26658e-06 8.64741e-06 9.25514e-06 1.0214e-05 1.17501e-05 1.4291e-05 1.87425e-05 2.72347e-05 4.52367e-05 8.98874e-05 0.000216466 0.000449947 0.000398607 0.000280361 0.000159896 8.04147e-05 3.77817e-05 1.71735e-05 7.68787e-06 3.40241e-06 1.4719e-06 6.01005e-07 2.12971e-07 5.37327e-08 7.145e-09 
1.58498e-08 8.6948e-08 2.84666e-07 7.35176e-07 1.71815e-06 3.85644e-06 8.52047e-06 1.8632e-05 3.99744e-05 8.23844e-05 0.000157848 0.000265582 0.000347966 0.000253436 0.000117238 5.27264e-05 2.87983e-05 1.87608e-05 1.38708e-05 1.12069e-05 9.67942e-06 8.79261e-06 8.29455e-06 8.04684e-06 7.97534e-06 8.04877e-06 8.27021e-06 8.67821e-06 9.35832e-06 1.04696e-05 1.23035e-05 1.54402e-05 2.11895e-05 3.27258e-05 5.91973e-05 0.000132829 0.000306181 0.000423888 0.000330744 0.000203328 0.000106743 5.12711e-05 2.3553e-05 1.06096e-05 4.73253e-06 2.08127e-06 8.82089e-07 3.40534e-07 1.04926e-07 1.94821e-08 1.94821e-08 
6.02341e-09 4.48134e-08 1.80683e-07 5.12176e-07 1.25005e-06 2.86943e-06 6.434e-06 1.42834e-05 3.13243e-05 6.67672e-05 0.000134067 0.000241501 0.000359911 0.000388814 0.000191574 8.23759e-05 4.05692e-05 2.44026e-05 1.69104e-05 1.30047e-05 1.07999e-05 9.50044e-06 8.72747e-06 8.28026e-06 8.04851e-06 7.97686e-06 8.04851e-06 8.28026e-06 8.72747e-06 9.50044e-06 1.07999e-05 1.30047e-05 1.69104e-05 2.44026e-05 4.05692e-05 8.23759e-05 0.000191574 0.000388814 0.000359911 0.000241501 0.000134067 6.67672e-05 3.13243e-05 1.42834e-05 6.434e-06 2.86943e-06 1.25005e-06 5.12176e-07 1.80683e-07 4.48134e-08 6.02341e-09 
1.94821e-08 1.04926e-07 3.40534e-07 8.82089e-07 2.08127e-06 4.73253e-06 1.06096e-05 2.3553e-05 5.12711e-05 0.000106743 0.000203328 0.000330744 0.000423888 0.000306181 0.000132829 5.91973e-05 3.27258e-05 2.11895e-05 1.54402e-05 1.23035e-05 1.04696e-05 9.35832e-06 8.67821e-06 8.27021e-06 8.04877e-06 7.97534e-06 8.04684e-06 8.29455e-06 8.79261e-06 9.67942e-06 1.12069e-05 1.38708e-05 1.87608e-05 2.87983e-05 5.27264e-05 0.000117238 0.000253436 0.000347966 0.000265582 0.000157848 8.23844e-05 3.99744e-05 1.8632e-05 8.52047e-06 3.85644e-06 1.71815e-06 7.35176e-07 2.84666e-07 8.6948e-08 1.58498e-08 1.58498e-08 
7.145e-09 5.37327e-08 2.12971e-07 6.01005e-07 1.4719e-06 3.40241e-06 7.68787e-06 1.71735e-05 3.77817e-05 8.04147e-05 0.000159896 0.000280361 0.000398607 0.000449947 0.000216466 8.98874e-05 4.52367e-05 2.72347e-05 1.87425e-05 1.4291e-05 1.17501e-05 1.0214e-05 9.25514e-06 8.64741e-06 8.26658e-06 8.04851e-06 7.96988e-06 8.04142e-06 8.31001e-06 8.87013e-06 9.89206e-06 1.16913e-05 1.49186e-05 2.11556e-05 3.52473e-05 7.08255e-05 0.000159893 0.000302689 0.000266392 0.000172455 9.54065e-05 4.83669e-05 2.33185e-05 1.09249e-05 5.04041e-06 2.29415e-06 1.01572e-06 4.20423e-07 1.48401e-07 3.62875e-08 4.89238e-09 
2.30935e-08 1.22305e-07 3.92117e-07 1.01304e-06 2.39436e-06 5.45692e-06 1.22322e-05 2.70191e-05 5.81203e-05 0.000118612 0.00021994 0.000347486 0.000416316 0.000323085 0.000143308 6.46954e-05 3.58939e-05 2.32126e-05 1.69015e-05 1.34082e-05 1.133e-05 1.00319e-05 9.19242e-06 8.63691e-06 8.27021e-06 8.04684e-06 7.95808e-06 8.02898e-06 8.32263e-06 8.9548e-06 1.01324e-05 1.22517e-05 1.62038e-05 2.44546e-05 4.45203e-05 9.45838e-05 0.000202764 0.000244557 0.000173416 0.000102663 5.49302e-05 2.76812e-05 1.34404e-05 6.37445e-06 2.97325e-06 1.35679e-06 5.90829e-07 2.30909e-07 7.03128e-08 1.25648e-08 1.25648e-08 
8.15816e-09 6.20754e-08 2.41502e-07 6.75474e-07 1.64885e-06 3.80279e-06 8.55078e-06 1.88989e-05 4.079e-05 8.43296e-05 0.000161729 0.000274891 0.000384358 0.000383399 0.000226915 9.70454e-05 4.86717e-05 2.92872e-05 2.03078e-05 1.55291e-05 1.27506e-05 1.1035e-05 9.92272e-06 9.17137e-06 8.64741e-06 8.28026e-06 8.04142e-06 7.93663e-06 8.00532e-06 8.32659e-06 9.03871e-06 1.03931e-05 1.29013e-05 1.78582e-05 2.89769e-05 5.69369e-05 0.000120941 0.000203239 0.000162152 0.000102034 5.79643e-05 3.08405e-05 1.56934e-05 7.73774e-06 3.72623e-06 1.75448e-06 7.97056e-07 3.3578e-07 1.19447e-07 2.90343e-08 3.85014e-09 
2.63156e-08 1.37063e-07 4.32741e-07 1.10872e-06 2.60374e-06 5.88263e-06 1.29949e-05 2.80296e-05 5.82244e-05 0.000113695 0.00020188 0.000310641 0.00037812 0.000345587 0.000149101 6.87528e-05 3.76927e-05 2.47341e-05 1.82109e-05 1.4528e-05 1.22949e-05 1.08596e-05 9.88631e-06 9.19242e-06 8.67821e-06 8.29455e-06 8.02898e-06 7.90128e-06 7.96461e-06 8.31387e-06 9.11289e-06 1.06719e-05 1.36809e-05 1.99874e-05 3.48682e-05 7.19717e-05 0.000137761 0.000138166 9.43038e-05 5.65148e-05 3.19093e-05 1.72033e-05 8.92404e-06 4.485e-06 2.19184e-06 1.03662e-06 4.63427e-07 1.84284e-07 5.65588e-08 9.94659e-09 9.94659e-09 
8.97084e-09 6.88948e-08 2.62603e-07 7.24586e-07 1.75036e-06 3.98856e-06 8.81147e-06 1.89608e-05 3.93878e-05 7.75526e-05 0.000141162 0.000229709 0.000316562 0.000354678 0.000233608 0.000100017 5.00237e-05 3.0507e-05 2.1565e-05 1.6716e-05 1.38449e-05 1.20265e-05 1.08015e-05 9.92272e-06 9.25514e-06 8.72747e-06 8.31001e-06 8.00532e-06 7.84625e-06 7.89922e-06 8.27604e-06 9.17061e-06 1.09748e-05 1.46192e-05 2.25931e-05 4.20533e-05 8.37913e-05 0.000106795 8.04088e-05 5.11115e-05 3.04593e-05 1.75106e-05 9.6731e-06 5.13655e-06 2.63101e-06 1.29991e-06 6.12298e-07 2.64845e-07 9.59969e-08 2.363e-08 2.98272e-09 
2.88062e-08 1.4733e-07 4.56414e-07 1.15248e-06 2.66582e-06 5.9029e-06 1.26698e-05 2.6257e-05 5.18315e-05 9.55992e-05 0.000160798 0.000238473 0.000303014 0.000325461 0.000150385 6.86073e-05 3.83076e-05 2.57265e-05 1.93631e-05 1.57137e-05 1.34465e-05 1.19378e-05 1.08596e-05 1.00319e-05 9.35832e-06 8.79261e-06 8.32263e-06 7.96461e-06 7.76411e-06 7.80159e-06 8.20581e-06 9.20581e-06 1.13012e-05 1.56798e-05 2.56003e-05 4.84623e-05 7.75e-05 6.55196e-05 4.27944e-05 2.6839e-05 1.64167e-05 9.74328e-06 5.53855e-06 3.00932e-06 1.56559e-06 7.76768e-07 3.59975e-07 1.47179e-07 4.63397e-08 8.16035e-09 8.16035e-09 
9.50456e-09 7.33526e-08 2.73171e-07 7.39639e-07 1.75449e-06 3.90989e-06 8.38063e-06 1.73126e-05 3.41538e-05 6.33948e-05 0.000108708 0.00016856 0.000232384 0.000266563 0.000210432 9.88497e-05 4.92525e-05 3.0961e-05 2.24999e-05 1.79169e-05 1.51359e-05 1.33154e-05 1.20265e-05 1.1035e-05 1.0214e-05 9.50044e-06 8.87013e-06 8.32659e-06 7.89922e-06 7.64765e-06 7.66496e-06 8.09439e-06 9.20682e-06 1.16094e-05 1.67616e-05 2.84804e-05 5.1357e-05 5.08792e-05 3.44135e-05 2.18369e-05 1.41303e-05 9.03353e-06 5.55884e-06 3.24659e-06 1.79773e-06 9.44211e-07 4.66026e-07 2.09066e-07 7.83261e-08 2.00455e-08 2.34295e-09 
3.02754e-08 1.5161e-07 4.58801e-07 1.13397e-06 2.56003e-06 5.4939e-06 1.13171e-05 2.2278e-05 4.14474e-05 7.18681e-05 0.000114467 0.000165797 0.000210448 0.000208723 0.000140707 6.61757e-05 3.77872e-05 2.61754e-05 2.04386e-05 1.70952e-05 1.49469e-05 1.34465e-05 1.22949e-05 1.133e-05 1.04696e-05 9.67942e-06 8.9548e-06 8.31387e-06 7.80159e-06 7.49041e-06 7.48071e-06 7.92711e-06 9.13117e-06 1.18193e-05 1.76361e-05 3.00962e-05 3.807e-05 2.67604e-05 1.69495e-05 1.11467e-05 7.65609e-06 5.13862e-06 3.26647e-06 1.94912e-06 1.09299e-06 5.74968e-07 2.78952e-07 1.18641e-07 3.90657e-08 7.08355e-09 7.08355e-09 
9.7009e-09 7.48108e-08 2.71174e-07 7.16186e-07 1.65464e-06 3.57033e-06 7.34477e-06 1.44222e-05 2.68345e-05 4.68175e-05 7.58112e-05 0.000113168 0.00015227 0.000170975 0.000156186 9.07716e-05 4.76618e-05 3.05208e-05 2.32447e-05 1.92885e-05 1.68282e-05 1.51359e-05 1.38449e-05 1.27506e-05 1.17501e-05 1.07999e-05 9.89206e-06 9.03871e-06 8.27604e-06 7.66496e-06 7.28396e-06 7.23353e-06 7.66266e-06 8.90047e-06 1.1867e-05 1.78462e-05 2.59146e-05 2.0924e-05 1.27362e-05 8.24661e-06 5.89375e-06 4.33239e-06 3.03075e-06 1.97332e-06 1.19407e-06 6.73074e-07 3.51324e-07 1.65103e-07 6.47968e-08 1.75951e-08 1.92059e-09 
3.05176e-08 1.49022e-07 4.3826e-07 1.05262e-06 2.2988e-06 4.73546e-06 9.28119e-06 1.72535e-05 3.01981e-05 4.94024e-05 7.51706e-05 0.00010475 0.000127578 0.000132574 0.000117462 6.1936e-05 3.60053e-05 2.63287e-05 2.16519e-05 1.89171e-05 1.70952e-05 1.57137e-05 1.4528e-05 1.34082e-05 1.23035e-05 1.12069e-05 1.01324e-05 9.11289e-06 8.20581e-06 7.48071e-06 7.01292e-06 6.8794e-06 7.23229e-06 8.45143e-06 1.17426e-05 1.7433e-05 1.57325e-05 9.67956e-06 5.82478e-06 4.15384e-06 3.29432e-06 2.56343e-06 1.84428e-06 1.21822e-06 7.41907e-07 4.17093e-07 2.13689e-07 9.54993e-08 3.3302e-08 6.35202e-09 6.35202e-09 
9.52829e-09 7.29388e-08 2.56166e-07 6.55751e-07 1.46401e-06 3.03284e-06 5.94262e-06 1.10367e-05 1.9347e-05 3.18527e-05 4.90738e-05 6.99593e-05 8.96101e-05 0.00010153 9.97692e-05 7.73847e-05 4.34317e-05 2.97861e-05 2.41381e-05 2.11408e-05 1.92885e-05 1.79169e-05 1.6716e-05 1.55291e-05 1.4291e-05 1.30047e-05 1.16913e-05 1.03931e-05 9.17061e-06 8.09439e-06 7.23353e-06 6.63169e-06 6.34556e-06 6.59926e-06 7.83816e-06 1.18857e-05 1.20301e-05 7.32754e-06 4.14413e-06 2.69478e-06 2.24008e-06 1.94814e-06 1.57172e-06 1.14775e-06 7.62782e-07 4.64301e-07 2.58175e-07 1.2815e-07 5.31515e-08 1.54229e-08 1.63767e-09 
2.94483e-08 1.39547e-07 3.96641e-07 9.19381e-07 1.9278e-06 3.78667e-06 7.03142e-06 1.23365e-05 2.03935e-05 3.16821e-05 4.58756e-05 6.07417e-05 7.29905e-05 7.95866e-05 7.31944e-05 5.17896e-05 3.37314e-05 2.67399e-05 2.34431e-05 2.16519e-05 2.04386e-05 1.93631e-05 1.82109e-05 1.69015e-05 1.54402e-05 1.38708e-05 1.22517e-05 1.06719e-05 9.20581e-06 7.92711e-06 6.8794e-06 6.06498e-06 5.59709e-06 5.87829e-06 7.14361e-06 8.37064e-06 5.81895e-06 3.06543e-06 1.70054e-06 1.32888e-06 1.30351e-06 1.20208e-06 9.86385e-07 7.23975e-07 4.80962e-07 2.90685e-07 1.58368e-07 7.49078e-08 2.78e-08 5.62474e-09 5.62474e-09 
8.98906e-09 6.78154e-08 2.29645e-07 5.66374e-07 1.21393e-06 2.40039e-06 4.46372e-06 7.83906e-06 1.29957e-05 2.03079e-05 2.97366e-05 4.02938e-05 5.03769e-05 5.85613e-05 6.07654e-05 5.46441e-05 3.799e-05 2.93157e-05 2.57791e-05 2.41381e-05 2.32447e-05 2.24999e-05 2.1565e-05 2.03078e-05 1.87425e-05 1.69104e-05 1.49186e-05 1.29013e-05 1.09748e-05 9.20682e-06 7.66266e-06 6.34556e-06 5.27828e-06 4.7609e-06 5.16572e-06 5.54835e-06 4.59791e-06 2.52213e-06 1.211e-06 6.91925e-07 7.27281e-07 8.03879e-07 7.60838e-07 6.26936e-07 4.59495e-07 3.03511e-07 1.80874e-07 9.54367e-08 4.2041e-08 1.30359e-08 1.4009e-09 
2.7138e-08 1.24171e-07 3.39357e-07 7.54845e-07 1.5121e-06 2.82348e-06 4.96731e-06 8.25483e-06 1.29571e-05 1.91343e-05 2.63708e-05 3.39139e-05 4.10839e-05 4.61514e-05 4.70913e-05 4.19057e-05 3.11416e-05 2.79662e-05 2.67399e-05 2.63287e-05 2.61754e-05 2.57265e-05 2.47341e-05 2.32126e-05 2.11895e-05 1.87608e-05 1.62038e-05 1.36809e-05 1.13012e-05 9.13117e-06 7.23229e-06 5.59709e-06 4.40073e-06 4.1297e-06 4.27918e-06 3.75479e-06 2.22422e-06 1.13465e-06 4.8803e-07 3.07366e-07 4.39535e-07 5.12301e-07 4.87556e-07 4.00538e-07 2.91818e-07 1.90661e-07 1.11117e-07 5.59191e-08 2.21266e-08 4.75733e-09 4.75733e-09 
8.12518e-09 5.9981e-08 1.94973e-07 4.61075e-07 9.44689e-07 1.77849e-06 3.13945e-06 5.23115e-06 8.24231e-06 1.2255e-05 1.71118e-05 2.2475e-05 2.80362e-05 3.30915e-05 3.68065e-05 3.82391e-05 3.40051e-05 2.92751e-05 2.93157e-05 2.97861e-05 3.05208e-05 3.0961e-05 3.0507e-05 2.92872e-05 2.72347e-05 2.44026e-05 2.11556e-05 1.78582e-05 1.46192e-05 1.16094e-05 8.90047e-06 6.59926e-06 4.7609e-06 3.82621e-06 3.54987e-06 3.27869e-06 2.03834e-06 1.17961e-06 6.18017e-07 2.52501e-07 1.7315e-07 2.81721e-07 3.31189e-07 3.13776e-07 2.55943e-07 1.84643e-07 1.18628e-07 6.69018e-08 3.14139e-08 1.04035e-08 1.15806e-09 
2.38264e-08 1.04797e-07 2.743e-07 5.83421e-07 1.11421e-06 1.97859e-06 3.30856e-06 5.23259e-06 7.82597e-06 1.10436e-05 1.47455e-05 1.88058e-05 2.29664e-05 2.69514e-05 3.0578e-05 3.3139e-05 3.18223e-05 3.11416e-05 3.37314e-05 3.60053e-05 3.77872e-05 3.83076e-05 3.76927e-05 3.58939e-05 3.27258e-05 2.87983e-05 2.44546e-05 1.99874e-05 1.56798e-05 1.18193e-05 8.45143e-06 5.87829e-06 4.1297e-06 3.33063e-06 2.94075e-06 1.92095e-06 1.20507e-06 7.46637e-07 4.15206e-07 1.7839e-07 1.18285e-07 1.84786e-07 2.14992e-07 2.01867e-07 1.63007e-07 1.15957e-07 7.27198e-08 3.91202e-08 1.65367e-08 3.78042e-09 3.78042e-09 
7.01887e-09 5.0381e-08 1.56694e-07 3.54295e-07 6.92824e-07 1.24256e-06 2.08852e-06 3.31695e-06 4.98829e-06 7.10276e-06 9.61174e-06 1.24762e-05 1.56258e-05 1.90244e-05 2.27998e-05 2.703e-05 3.14936e-05 3.40051e-05 3.799e-05 4.34317e-05 4.76618e-05 4.92525e-05 5.00237e-05 4.86717e-05 4.52367e-05 4.05692e-05 3.52473e-05 2.89769e-05 2.25931e-05 1.67616e-05 1.1867e-05 7.83816e-06 5.16572e-06 3.54987e-06 2.82365e-06 1.83553e-06 1.20094e-06 8.10321e-07 5.27013e-07 3.00764e-07 1.35127e-07 8.43921e-08 1.21791e-07 1.39457e-07 1.29463e-07 1.03185e-07 7.2004e-08 4.36497e-08 2.19321e-08 7.76607e-09 9.04834e-10 
1.98951e-08 8.38543e-08 2.09765e-07 4.2616e-07 7.76527e-07 1.31529e-06 2.09982e-06 3.17553e-06 4.55814e-06 6.23901e-06 8.21748e-06 1.04975e-05 1.31316e-05 1.6325e-05 2.04231e-05 2.58606e-05 3.3139e-05 4.19057e-05 5.17896e-05 6.1936e-05 6.61757e-05 6.86073e-05 6.87528e-05 6.46954e-05 5.91973e-05 5.27264e-05 4.45203e-05 3.48682e-05 2.56003e-05 1.76361e-05 1.17426e-05 7.14361e-06 4.27918e-06 2.94075e-06 1.80462e-06 1.18517e-06 8.28448e-07 5.81274e-07 3.80944e-07 2.17253e-07 9.93536e-08 5.93319e-08 8.01082e-08 9.01832e-08 8.26033e-08 6.47458e-08 4.40218e-08 2.54519e-08 1.15313e-08 2.80568e-09 2.80568e-09 
5.78339e-09 4.01732e-08 1.19378e-07 2.57938e-07 4.81888e-07 8.25724e-07 1.3273e-06 2.0195e-06 2.92091e-06 4.0386e-06 5.38654e-06 6.99343e-06 8.93397e-06 1.14039e-05 1.47684e-05 1.96401e-05 2.703e-05 3.82391e-05 5.46441e-05 7.73847e-05 9.07716e-05 9.88497e-05 0.000100017 9.70454e-05 8.98874e-05 8.23759e-05 7.08255e-05 5.69369e-05 4.20533e-05 2.84804e-05 1.78462e-05 1.18857e-05 5.54835e-06 3.27869e-06 1.83553e-06 1.17725e-06 8.27337e-07 5.99302e-07 4.21146e-07 2.72695e-07 1.53741e-07 7.04519e-08 4.0824e-08 5.24861e-08 5.80679e-08 5.23419e-08 4.01549e-08 2.63638e-08 1.42489e-08 5.40986e-09 6.61968e-10 
1.57931e-08 6.37074e-08 1.52315e-07 2.95951e-07 5.16021e-07 8.37293e-07 1.28298e-06 1.86979e-06 2.6094e-06 3.51939e-06 4.63253e-06 6.01941e-06 7.83996e-06 1.04004e-05 1.42551e-05 2.04231e-05 3.0578e-05 4.70913e-05 7.31944e-05 0.000117462 0.000140707 0.000150385 0.000149101 0.000143308 0.000132829 0.000117238 9.45838e-05 7.19717e-05 4.84623e-05 3.00962e-05 1.7433e-05 8.37064e-06 3.75479e-06 1.92095e-06 1.18517e-06 8.24741e-07 6.01289e-07 4.36075e-07 3.01894e-07 1.91976e-07 1.06607e-07 4.85794e-08 2.76255e-08 3.42535e-08 3.71941e-08 3.28782e-08 2.4534e-08 1.53617e-08 7.49756e-09 1.94425e-09 1.94425e-09 
4.54251e-09 3.04539e-08 8.6516e-08 1.78924e-07 3.20306e-07 5.2663e-07 8.13987e-07 1.1958e-06 1.68375e-06 2.29425e-06 3.05647e-06 4.02841e-06 5.33174e-06 7.20026e-06 1.00694e-05 1.47684e-05 2.27998e-05 3.68065e-05 6.07654e-05 9.97692e-05 0.000156186 0.000210432 0.000233608 0.000226915 0.000216466 0.000191574 0.000159893 0.000120941 8.37913e-05 5.1357e-05 2.59146e-05 1.20301e-05 4.59791e-06 2.03834e-06 1.20094e-06 8.27337e-07 6.00401e-07 4.391e-07 3.13942e-07 2.13162e-07 1.33001e-07 7.26764e-08 3.28257e-08 1.84989e-08 2.22782e-08 2.36795e-08 2.04326e-08 1.47091e-08 8.61843e-09 3.52385e-09 4.52496e-10 
1.1934e-08 4.611e-08 1.05581e-07 1.9681e-07 3.29775e-07 5.15427e-07 7.63953e-07 1.08529e-06 1.49313e-06 2.01088e-06 2.68302e-06 3.59844e-06 4.92715e-06 6.9891e-06 1.04004e-05 1.6325e-05 2.69514e-05 4.61514e-05 7.95866e-05 0.000132574 0.000208723 0.000325461 0.000345587 0.000323085 0.000306181 0.000253436 0.000202764 0.000137761 7.75e-05 3.807e-05 1.57325e-05 5.81895e-06 2.22422e-06 1.20507e-06 8.28448e-07 6.01289e-07 4.39085e-07 3.17331e-07 2.22751e-07 1.48331e-07 9.08696e-08 4.88618e-08 2.18619e-08 1.23254e-08 1.44495e-08 1.49729e-08 1.25372e-08 8.60794e-09 4.56045e-09 1.26224e-09 1.26224e-09 
3.40453e-09 2.20183e-08 5.99504e-08 1.19068e-07 2.05133e-07 3.25417e-07 4.8736e-07 6.98809e-07 9.70467e-07 1.32016e-06 1.78065e-06 2.41524e-06 3.34401e-06 4.79346e-06 7.20026e-06 1.14039e-05 1.90244e-05 3.30915e-05 5.85613e-05 0.00010153 0.000170975 0.000266563 0.000354678 0.000383399 0.000449947 0.000388814 0.000302689 0.000203239 0.000106795 5.08792e-05 2.0924e-05 7.32754e-06 2.52213e-06 1.17961e-06 8.10321e-07 5.99302e-07 4.391e-07 3.17799e-07 2.26063e-07 1.55823e-07 1.01889e-07 6.13474e-08 3.24749e-08 1.44135e-08 8.2088e-09 9.35387e-09 9.39848e-09 7.57789e-09 4.87268e-09 2.158e-09 2.89569e-10 
8.61061e-09 3.19496e-08 7.03204e-08 1.26316e-07 2.04539e-07 3.10258e-07 4.49395e-07 6.30011e-07 8.65234e-07 1.1786e-06 1.61441e-06 2.25592e-06 3.25982e-06 4.92715e-06 7.83996e-06 1.31316e-05 2.29664e-05 4.10839e-05 7.29905e-05 0.000127578 0.000210448 0.000303014 0.00037812 0.000416316 0.000423888 0.000347966 0.000244557 0.000138166 6.55196e-05 2.67604e-05 9.67956e-06 3.06543e-06 1.13465e-06 7.46637e-07 5.81274e-07 4.36075e-07 3.17331e-07 2.26743e-07 1.58781e-07 1.07621e-07 6.91965e-08 4.09865e-08 2.13738e-08 9.44079e-09 5.4864e-09 6.05117e-09 5.85574e-09 4.49628e-09 2.61328e-09 7.72563e-10 7.72563e-10 
2.44155e-09 1.52547e-08 3.99671e-08 7.65855e-08 1.27696e-07 1.96896e-07 2.88517e-07 4.0848e-07 5.66247e-07 7.78435e-07 1.07568e-06 1.51499e-06 2.20311e-06 3.34401e-06 5.33174e-06 8.93397e-06 1.56258e-05 2.80362e-05 5.03769e-05 8.96101e-05 0.00015227 0.000232384 0.000316562 0.000384358 0.000398607 0.000359911 0.000266392 0.000162152 8.04088e-05 3.44135e-05 1.27362e-05 4.14413e-06 1.211e-06 6.18017e-07 5.27013e-07 4.21146e-07 3.13942e-07 2.26063e-07 1.59498e-07 1.101e-07 7.34913e-08 4.65192e-08 2.71278e-08 1.39482e-08 6.16316e-09 3.69176e-09 3.91875e-09 3.62074e-09 2.59744e-09 1.25352e-09 1.74279e-10 
5.95896e-09 2.13198e-08 4.53261e-08 7.89077e-08 1.2437e-07 1.84793e-07 2.64447e-07 3.70054e-07 5.13205e-07 7.14903e-07 1.01382e-06 1.48196e-06 2.25592e-06 3.59844e-06 6.01941e-06 1.04975e-05 1.88058e-05 3.39139e-05 6.07417e-05 0.00010475 0.000165797 0.000238473 0.000310641 0.000347486 0.000330744 0.000265582 0.000173416 9.43038e-05 4.27944e-05 1.69495e-05 5.82478e-06 1.70054e-06 4.8803e-07 4.15206e-07 3.80944e-07 3.01894e-07 2.22751e-07 1.58781e-07 1.10758e-07 7.54742e-08 4.96763e-08 3.09846e-08 1.77995e-08 9.0338e-09 4.02258e-09 2.50676e-09 2.5445e-09 2.21639e-09 1.42773e-09 4.49904e-10 4.49904e-10 
1.68253e-09 1.01856e-08 2.58119e-08 4.79998e-08 7.8008e-08 1.17951e-07 1.70862e-07 2.41467e-07 3.37782e-07 4.7411e-07 6.76528e-07 9.93234e-07 1.51499e-06 2.41524e-06 4.02841e-06 6.99343e-06 1.24762e-05 2.2475e-05 4.02938e-05 6.99593e-05 0.000113168 0.00016856 0.000229709 0.000274891 0.000280361 0.000241501 0.000172455 0.000102034 5.11115e-05 2.18369e-05 8.24661e-06 2.69478e-06 6.91925e-07 2.52501e-07 3.00764e-07 2.72695e-07 2.13162e-07 1.55823e-07 1.101e-07 7.60303e-08 5.12065e-08 3.32653e-08 2.04575e-08 1.15817e-08 5.81108e-09 2.63298e-09 1.71864e-09 1.65554e-09 1.32937e-09 6.99653e-10 9.93222e-11 
3.97748e-09 1.3792e-08 2.84939e-08 4.84136e-08 7.49086e-08 1.10096e-07 1.57274e-07 2.2195e-07 3.1382e-07 4.50378e-07 6.63725e-07 1.01382e-06 1.61441e-06 2.68302e-06 4.63253e-06 8.21748e-06 1.47455e-05 2.63708e-05 4.58756e-05 7.51706e-05 0.000114467 0.000160798 0.00020188 0.00021994 0.000203328 0.000157848 0.000102663 5.65148e-05 2.6839e-05 1.11467e-05 4.15384e-06 1.32888e-06 3.07366e-07 1.7839e-07 2.17253e-07 1.91976e-07 1.48331e-07 1.07621e-07 7.54742e-08 5.16518e-08 3.44131e-08 2.2079e-08 1.33921e-08 7.47391e-09 3.71495e-09 1.73313e-09 1.18678e-09 1.0721e-09 7.58515e-10 2.52356e-10 2.52356e-10 
1.12011e-09 6.59677e-09 1.62693e-08 2.95667e-08 4.72209e-08 7.06702e-08 1.02197e-07 1.45571e-07 2.0734e-07 2.99199e-07 4.42442e-07 6.76528e-07 1.07568e-06 1.78065e-06 3.05647e-06 5.38654e-06 9.61174e-06 1.71118e-05 2.97366e-05 4.90738e-05 7.58112e-05 0.000108708 0.000141162 0.000161729 0.000159896 0.000134067 9.54065e-05 5.79643e-05 3.04593e-05 1.41303e-05 5.89375e-06 2.24008e-06 7.27281e-07 1.7315e-07 1.35127e-07 1.53741e-07 1.33001e-07 1.01889e-07 7.34913e-08 5.12065e-08 3.47562e-08 2.29203e-08 1.4528e-08 8.69181e-09 4.78239e-09 2.36169e-09 1.14922e-09 8.19476e-10 6.78443e-10 3.81938e-10 5.4095e-11 
2.57673e-09 8.71162e-09 1.76128e-08 2.94402e-08 4.51148e-08 6.62004e-08 9.52684e-08 1.36727e-07 1.98376e-07 2.94297e-07 4.50378e-07 7.14903e-07 1.1786e-06 2.01088e-06 3.51939e-06 6.23901e-06 1.10436e-05 1.91343e-05 3.16821e-05 4.94024e-05 7.18681e-05 9.55992e-05 0.000113695 0.000118612 0.000106743 8.23844e-05 5.49302e-05 3.19093e-05 1.64167e-05 7.65609e-06 3.29432e-06 1.30351e-06 4.39535e-07 1.18285e-07 9.93536e-08 1.06607e-07 9.08696e-08 6.91965e-08 4.96763e-08 3.44131e-08 2.3177e-08 1.51327e-08 9.47648e-09 5.59091e-09 3.03293e-09 1.49399e-09 7.67063e-10 5.58061e-10 4.0377e-10 1.38418e-10 1.38418e-10 
7.24745e-10 4.17293e-09 1.00858e-08 1.8052e-08 2.85733e-08 4.26994e-08 6.21772e-08 8.997e-08 1.31267e-07 1.95362e-07 2.99199e-07 4.7411e-07 7.78435e-07 1.32016e-06 2.29425e-06 4.0386e-06 7.10276e-06 1.2255e-05 2.03079e-05 3.18527e-05 4.68175e-05 6.33948e-05 7.75526e-05 8.43296e-05 8.04147e-05 6.67672e-05 4.83669e-05 3.08405e-05 1.75106e-05 9.03353e-06 4.33239e-06 1.94814e-06 8.03879e-07 2.81721e-07 8.43921e-08 7.04519e-08 7.26764e-08 6.13474e-08 4.65192e-08 3.32653e-08 2.29203e-08 1.53202e-08 9.90364e-09 6.12566e-09 3.56184e-09 1.90491e-09 9.41029e-10 5.12681e-10 3.66237e-10 2.08298e-10 2.8522e-11 
1.63112e-09 5.41271e-09 1.07902e-08 1.7888e-08 2.73766e-08 4.0435e-08 5.90519e-08 8.6675e-08 1.29426e-07 1.98376e-07 3.1382e-07 5.13205e-07 8.65234e-07 1.49313e-06 2.6094e-06 4.55814e-06 7.82597e-06 1.29571e-05 2.03935e-05 3.01981e-05 4.14474e-05 5.18315e-05 5.82244e-05 5.81203e-05 5.12711e-05 3.99744e-05 2.76812e-05 1.72033e-05 9.74328e-06 5.13862e-06 2.56343e-06 1.20208e-06 5.12301e-07 1.84786e-07 5.93319e-08 4.85794e-08 4.88618e-08 4.09865e-08 3.09846e-08 2.2079e-08 1.51327e-08 1.00379e-08 6.42283e-09 3.92139e-09 2.24505e-09 1.18363e-09 5.90347e-10 3.39009e-10 2.22641e-10 7.54892e-11 7.54892e-11 
4.5876e-10 2.59664e-09 6.19574e-09 1.10069e-08 1.74037e-08 2.61694e-08 3.86356e-08 5.70903e-08 8.556e-08 1.31267e-07 2.0734e-07 3.37782e-07 5.66247e-07 9.70467e-07 1.68375e-06 2.92091e-06 4.98829e-06 8.24231e-06 1.29957e-05 1.9347e-05 2.68345e-05 3.41538e-05 3.93878e-05 4.079e-05 3.77817e-05 3.13243e-05 2.33185e-05 1.56934e-05 9.6731e-06 5.55884e-06 3.03075e-06 1.57172e-06 7.60838e-07 3.31189e-07 1.21791e-07 4.0824e-08 3.28257e-08 3.24749e-08 2.71278e-08 2.04575e-08 1.4528e-08 9.90364e-09 6.51736e-09 4.12521e-09 2.48346e-09 1.39787e-09 7.26588e-10 3.68379e-10 2.16919e-10 1.1565e-10 1.48378e-11 
1.01591e-09 3.33157e-09 6.5975e-09 1.0929e-08 1.68254e-08 2.51743e-08 3.74919e-08 5.64236e-08 8.6675e-08 1.36727e-07 2.2195e-07 3.70054e-07 6.30011e-07 1.08529e-06 1.86979e-06 3.17553e-06 5.23259e-06 8.25483e-06 1.23365e-05 1.72535e-05 2.2278e-05 2.6257e-05 2.80296e-05 2.70191e-05 2.3553e-05 1.8632e-05 1.34404e-05 8.92404e-06 5.53855e-06 3.26647e-06 1.84428e-06 9.86385e-07 4.87556e-07 2.14992e-07 8.01082e-08 2.76255e-08 2.18619e-08 2.13738e-08 1.77995e-08 1.33921e-08 9.47648e-09 6.42283e-09 4.19077e-09 2.62139e-09 1.55358e-09 8.57959e-10 4.39889e-10 2.2738e-10 1.29091e-10 4.15303e-11 4.15303e-11 
2.85995e-10 1.60019e-09 3.79589e-09 6.74072e-09 1.07189e-08 1.63142e-08 2.45295e-08 3.71009e-08 5.70903e-08 8.997e-08 1.45571e-07 2.41467e-07 4.0848e-07 6.98809e-07 1.1958e-06 2.0195e-06 3.31695e-06 5.23115e-06 7.83906e-06 1.10367e-05 1.44222e-05 1.73126e-05 1.89608e-05 1.88989e-05 1.71735e-05 1.42834e-05 1.09249e-05 7.73774e-06 5.13655e-06 3.24659e-06 1.97332e-06 1.14775e-06 6.26936e-07 3.13776e-07 1.39457e-07 5.24861e-08 1.84989e-08 1.44135e-08 1.39482e-08 1.15817e-08 8.69181e-09 6.12566e-09 4.12521e-09 2.66624e-09 1.6457e-09 9.57881e-10 5.17587e-10 2.62046e-10 1.36758e-10 6.58328e-11 7.82491e-12 
6.26598e-10 2.04358e-09 4.04669e-09 6.74037e-09 1.04953e-08 1.59718e-08 2.43073e-08 3.74919e-08 5.90519e-08 9.52684e-08 1.57274e-07 2.64447e-07 4.49395e-07 7.63953e-07 1.28298e-06 2.09982e-06 3.30856e-06 4.96731e-06 7.03142e-06 9.28119e-06 1.13171e-05 1.26698e-05 1.29949e-05 1.22322e-05 1.06096e-05 8.52047e-06 6.37445e-06 4.485e-06 3.00932e-06 1.94912e-06 1.21822e-06 7.23975e-07 4.00538e-07 2.01867e-07 9.01832e-08 3.42535e-08 1.23254e-08 9.44079e-09 9.0338e-09 7.47391e-09 5.59091e-09 3.92139e-09 2.62139e-09 1.67599e-09 1.01855e-09 5.80304e-10 3.05813e-10 1.52993e-10 7.74293e-11 2.32128e-11 2.32128e-11 
1.76681e-10 9.82058e-10 2.32996e-09 4.15947e-09 6.68451e-09 1.03344e-08 1.58522e-08 2.45295e-08 3.86356e-08 6.21772e-08 1.02197e-07 1.70862e-07 2.88517e-07 4.8736e-07 8.13987e-07 1.3273e-06 2.08852e-06 3.13945e-06 4.46372e-06 5.94262e-06 7.34477e-06 8.38063e-06 8.81147e-06 8.55078e-06 7.68787e-06 6.434e-06 5.04041e-06 3.72623e-06 2.63101e-06 1.79773e-06 1.19407e-06 7.62782e-07 4.59495e-07 2.55943e-07 1.29463e-07 5.80679e-08 2.22782e-08 8.2088e-09 6.16316e-09 5.81108e-09 4.78239e-09 3.56184e-09 2.48346e-09 1.6457e-09 1.03875e-09 6.19627e-10 3.44007e-10 1.7622e-10 8.67264e-11 3.8094e-11 4.31069e-12 
3.84715e-10 1.25425e-09 2.49614e-09 4.1983e-09 6.63093e-09 1.02767e-08 1.59718e-08 2.51743e-08 4.0435e-08 6.62004e-08 1.10096e-07 1.84793e-07 3.10258e-07 5.15427e-07 8.37293e-07 1.31529e-06 1.97859e-06 2.82348e-06 3.78667e-06 4.73546e-06 5.4939e-06 5.9029e-06 5.88263e-06 5.45692e-06 4.73253e-06 3.85644e-06 2.97325e-06 2.19184e-06 1.56559e-06 1.09299e-06 7.41907e-07 4.80962e-07 2.91818e-07 1.63007e-07 8.26033e-08 3.71941e-08 1.44495e-08 5.4864e-09 4.02258e-09 3.71495e-09 3.03293e-09 2.24505e-09 1.55358e-09 1.01855e-09 6.32913e-10 3.68962e-10 1.9851e-10 9.85737e-11 4.6534e-11 1.31513e-11 1.31513e-11 
1.08696e-10 6.02299e-10 1.43533e-09 2.58485e-09 4.20679e-09 6.61008e-09 1.03344e-08 1.63142e-08 2.61694e-08 4.26994e-08 7.06702e-08 1.17951e-07 1.96896e-07 3.25417e-07 5.2663e-07 8.25724e-07 1.24256e-06 1.77849e-06 2.40039e-06 3.03284e-06 3.57033e-06 3.90989e-06 3.98856e-06 3.80279e-06 3.40241e-06 2.86943e-06 2.29415e-06 1.75448e-06 1.29991e-06 9.44211e-07 6.73074e-07 4.64301e-07 3.03511e-07 1.84643e-07 1.03185e-07 5.23419e-08 2.36795e-08 9.35387e-09 3.69176e-09 2.63298e-09 2.36169e-09 1.90491e-09 1.39787e-09 9.57881e-10 6.19627e-10 3.77549e-10 2.13869e-10 1.10865e-10 5.31974e-11 2.20226e-11 2.52758e-12 
2.35828e-10 7.70967e-10 1.54586e-09 2.62774e-09 4.20752e-09 6.63093e-09 1.04953e-08 1.68254e-08 2.73766e-08 4.51148e-08 7.49086e-08 1.2437e-07 2.04539e-07 3.29775e-07 5.16021e-07 7.76527e-07 1.11421e-06 1.5121e-06 1.9278e-06 2.2988e-06 2.56003e-06 2.66582e-06 2.60374e-06 2.39436e-06 2.08127e-06 1.71815e-06 1.35679e-06 1.03662e-06 7.76768e-07 5.74968e-07 4.17093e-07 2.90685e-07 1.90661e-07 1.15957e-07 6.47458e-08 3.28782e-08 1.49729e-08 6.05117e-09 2.50676e-09 1.73313e-09 1.49399e-09 1.18363e-09 8.57959e-10 5.80304e-10 3.68962e-10 2.19283e-10 1.19889e-10 5.96519e-11 2.72658e-11 7.50701e-12 7.50701e-12 
6.67706e-11 3.69189e-10 8.84779e-10 1.6061e-09 2.64076e-09 4.20679e-09 6.68451e-09 1.07189e-08 1.74037e-08 2.85733e-08 4.72209e-08 7.8008e-08 1.27696e-07 2.05133e-07 3.20306e-07 4.81888e-07 6.92824e-07 9.44689e-07 1.21393e-06 1.46401e-06 1.65464e-06 1.75449e-06 1.75036e-06 1.64885e-06 1.4719e-06 1.25005e-06 1.01572e-06 7.97056e-07 6.12298e-07 4.66026e-07 3.51324e-07 2.58175e-07 1.80874e-07 1.18628e-07 7.2004e-08 4.01549e-08 2.04326e-08 9.39848e-09 3.91875e-09 1.71864e-09 1.14922e-09 9.41029e-10 7.26588e-10 5.17587e-10 3.44007e-10 2.13869e-10 1.23171e-10 6.46184e-11 3.09046e-11 1.25568e-11 1.57334e-12 
1.44239e-10 4.72515e-10 9.51516e-10 1.62573e-09 2.62774e-09 4.1983e-09 6.74037e-09 1.0929e-08 1.7888e-08 2.94402e-08 4.84136e-08 7.89077e-08 1.26316e-07 1.9681e-07 2.95951e-07 4.2616e-07 5.83421e-07 7.54845e-07 9.19381e-07 1.05262e-06 1.13397e-06 1.15248e-06 1.10872e-06 1.01304e-06 8.82089e-07 7.35176e-07 5.90829e-07 4.63427e-07 3.59975e-07 2.78952e-07 2.13689e-07 1.58368e-07 1.11117e-07 7.27198e-08 4.40218e-08 2.4534e-08 1.25372e-08 5.85574e-09 2.5445e-09 1.18678e-09 7.67063e-10 5.90347e-10 4.39889e-10 3.05813e-10 1.9851e-10 1.19889e-10 6.64896e-11 3.35056e-11 1.54118e-11 4.33556e-12 4.33556e-12 
4.09131e-11 2.2482e-10 5.3824e-10 9.74239e-10 1.6061e-09 2.58485e-09 4.15947e-09 6.74072e-09 1.10069e-08 1.8052e-08 2.95667e-08 4.79998e-08 7.65855e-08 1.19068e-07 1.78924e-07 2.57938e-07 3.54295e-07 4.61075e-07 5.66374e-07 6.55751e-07 7.16186e-07 7.39639e-07 7.24586e-07 6.75474e-07 6.01005e-07 5.12176e-07 4.20423e-07 3.3578e-07 2.64845e-07 2.09066e-07 1.65103e-07 1.2815e-07 9.54367e-08 6.69018e-08 4.36497e-08 2.63638e-08 1.47091e-08 7.57789e-09 3.62074e-09 1.65554e-09 8.19476e-10 5.12681e-10 3.68379e-10 2.62046e-10 1.7622e-10 1.10865e-10 6.46184e-11 3.45006e-11 1.69933e-11 7.13974e-12 1.02858e-12 
8.73778e-11 2.83446e-10 5.61771e-10 9.51516e-10 1.54586e-09 2.49614e-09 4.04669e-09 6.5975e-09 1.07902e-08 1.76128e-08 2.84939e-08 4.53261e-08 7.03204e-08 1.05581e-07 1.52315e-07 2.09765e-07 2.743e-07 3.39357e-07 3.96641e-07 4.3826e-07 4.58801e-07 4.56414e-07 4.32741e-07 3.92117e-07 3.40534e-07 2.84666e-07 2.30909e-07 1.84284e-07 1.47179e-07 1.18641e-07 9.54993e-08 7.49078e-08 5.59191e-08 3.91202e-08 2.54519e-08 1.53617e-08 8.60794e-09 4.49628e-09 2.21639e-09 1.0721e-09 5.58061e-10 3.39009e-10 2.2738e-10 1.52993e-10 9.85737e-11 5.96519e-11 3.35056e-11 1.75559e-11 8.63359e-12 2.60626e-12 2.60626e-12 
2.48177e-11 1.32827e-10 3.06093e-10 5.3824e-10 8.84779e-10 1.43533e-09 2.32996e-09 3.79589e-09 6.19574e-09 1.00858e-08 1.62693e-08 2.58119e-08 3.99671e-08 5.99504e-08 8.6516e-08 1.19378e-07 1.56694e-07 1.94973e-07 2.29645e-07 2.56166e-07 2.71174e-07 2.73171e-07 2.62603e-07 2.41502e-07 2.12971e-07 1.80683e-07 1.48401e-07 1.19447e-07 9.59969e-08 7.83261e-08 6.47968e-08 5.31515e-08 4.2041e-08 3.14139e-08 2.19321e-08 1.42489e-08 8.61843e-09 4.87268e-09 2.59744e-09 1.32937e-09 6.78443e-10 3.66237e-10 2.16919e-10 1.36758e-10 8.67264e-11 5.31974e-11 3.09046e-11 1.69933e-11 9.13591e-12 4.22675e-12 6.96014e-13 
5.10148e-11 1.52997e-10 2.83446e-10 4.72515e-10 7.70967e-10 1.25425e-09 2.04358e-09 3.33157e-09 5.41271e-09 8.71162e-09 1.3792e-08 2.13198e-08 3.19496e-08 4.611e-08 6.37074e-08 8.38543e-08 1.04797e-07 1.24171e-07 1.39547e-07 1.49022e-07 1.5161e-07 1.4733e-07 1.37063e-07 1.22305e-07 1.04926e-07 8.6948e-08 7.03128e-08 5.65588e-08 4.63397e-08 3.90657e-08 3.3302e-08 2.78e-08 2.21266e-08 1.65367e-08 1.15313e-08 7.49756e-09 4.56045e-09 2.61328e-09 1.42773e-09 7.58515e-10 4.0377e-10 2.22641e-10 1.29091e-10 7.74293e-11 4.6534e-11 2.72658e-11 1.54118e-11 8.63359e-12 4.85482e-12 1.65713e-12 1.65713e-12 
1.45408e-11 6.67947e-11 1.32827e-10 2.2482e-10 3.69189e-10 6.02299e-10 9.82058e-10 1.60019e-09 2.59664e-09 4.17293e-09 6.59677e-09 1.01856e-08 1.52547e-08 2.20183e-08 3.04539e-08 4.01732e-08 5.0381e-08 5.9981e-08 6.78154e-08 7.29388e-08 7.48108e-08 7.33526e-08 6.88948e-08 6.20754e-08 5.37327e-08 4.48134e-08 3.62875e-08 2.90343e-08 2.363e-08 2.00455e-08 1.75951e-08 1.54229e-08 1.30359e-08 1.04035e-08 7.76607e-09 5.40986e-09 3.52385e-09 2.158e-09 1.25352e-09 6.99653e-10 3.81938e-10 2.08298e-10 1.1565e-10 6.58328e-11 3.8094e-11 2.20226e-11 1.25568e-11 7.13974e-12 4.22675e-12 2.3659e-12 4.75372e-13 
2.37368e-11 5.10148e-11 8.73778e-11 1.44239e-10 2.35828e-10 3.84715e-10 6.26598e-10 1.01591e-09 1.63112e-09 2.57673e-09 3.97748e-09 5.95896e-09 8.61061e-09 1.1934e-08 1.57931e-08 1.98951e-08 2.38264e-08 2.7138e-08 2.94483e-08 3.05176e-08 3.02754e-08 2.88062e-08 2.63156e-08 2.30935e-08 1.94821e-08 1.58498e-08 1.25648e-08 9.94659e-09 8.16035e-09 7.08355e-09 6.35202e-09 5.62474e-09 4.75733e-09 3.78042e-09 2.80568e-09 1.94425e-09 1.26224e-09 7.72563e-10 4.49904e-10 2.52356e-10 1.38418e-10 7.54892e-11 4.15303e-11 2.32128e-11 1.31513e-11 7.50701e-12 4.33556e-12 2.60626e-12 1.65713e-12 8.93668e-13 8.93668e-13 
6.70677e-12 1.45408e-11 2.48177e-11 4.09131e-11 6.67706e-11 1.08696e-10 1.76681e-10 2.85995e-10 4.5876e-10 7.24745e-10 1.12011e-09 1.68253e-09 2.44155e-09 3.40453e-09 4.54251e-09 5.78339e-09 7.01887e-09 8.12518e-09 8.98906e-09 9.52829e-09 9.7009e-09 9.50456e-09 8.97084e-09 8.15816e-09 7.145e-09 6.02341e-09 4.89238e-09 3.85014e-09 2.98272e-09 2.34295e-09 1.92059e-09 1.63767e-09 1.4009e-09 1.15806e-09 9.04834e-10 6.61968e-10 4.52496e-10 2.89569e-10 1.74279e-10 9.93222e-11 5.4095e-11 2.8522e-11 1.48378e-11 7.82491e-12 4.31069e-12 2.52758e-12 1.57334e-12 1.02858e-12 6.96014e-13 4.75372e-13 2.99776e-13 
