1 101 51
1.07908e-13 1.6496e-13 2.63493e-13 3.9422e-13 5.74224e-13 8.82846e-13 1.49843e-12 2.76802e-12 5.30122e-12 1.0124e-11 1.88786e-11 3.40306e-11 5.89609e-11 9.78467e-11 1.55303e-10 2.36033e-10 3.45068e-10 4.89123e-10 6.78545e-10 9.27708e-10 1.25174e-09 1.6604e-09 2.15274e-09 2.71489e-09 3.32092e-09 3.93526e-09 4.51587e-09 5.01771e-09 5.39658e-09 5.61343e-09 5.63913e-09 5.45978e-09 5.08168e-09 4.53446e-09 3.86974e-09 3.15352e-09 2.45332e-09 1.82439e-09 1.30049e-09 8.9233e-10 5.92419e-10 3.82837e-10 2.42388e-10 1.51364e-10 9.3824e-11 5.80435e-11 3.59782e-11 2.23875e-11 1.39402e-11 8.40933e-12 3.97574e-12 
2.94924e-13 5.98019e-13 9.3096e-13 1.37957e-12 2.12934e-12 3.55352e-12 6.34303e-12 1.17279e-11 2.18523e-11 4.03282e-11 7.29471e-11 1.28383e-10 2.18524e-10 3.57905e-10 5.61884e-10 8.43963e-10 1.21377e-09 1.67776e-09 2.24322e-09 2.92253e-09 3.73231e-09 4.68465e-09 5.77459e-09 6.97132e-09 8.21689e-09 9.43095e-09 1.05189e-08 1.13814e-08 1.19253e-08 1.20757e-08 1.17886e-08 1.10638e-08 9.95398e-09 8.56314e-09 7.03206e-09 5.51029e-09 4.12485e-09 2.95765e-09 2.03956e-09 1.35951e-09 8.81167e-10 5.58983e-10 3.49434e-10 2.16692e-10 1.34083e-10 8.31524e-11 5.17992e-11 3.23574e-11 1.98903e-11 1.06103e-11 1.06103e-11 
1.6496e-13 8.64246e-13 1.58921e-12 2.40901e-12 3.67823e-12 5.98432e-12 1.03515e-11 1.86003e-11 3.39556e-11 6.20361e-11 1.12287e-10 1.99791e-10 3.46978e-10 5.8416e-10 9.47392e-10 1.47263e-09 2.18713e-09 3.10218e-09 4.21247e-09 5.50515e-09 6.97329e-09 8.62205e-09 1.0458e-08 1.24654e-08 1.4585e-08 1.67054e-08 1.86709e-08 2.02996e-08 2.14063e-08 2.18298e-08 2.14624e-08 2.02782e-08 1.8354e-08 1.58714e-08 1.30896e-08 1.0292e-08 7.72463e-09 5.54962e-09 3.83211e-09 2.55642e-09 1.65741e-09 1.05123e-09 6.56853e-10 4.07132e-10 2.5189e-10 1.56323e-10 9.75882e-11 6.12477e-11 3.82306e-11 2.21803e-11 8.40933e-12 
5.98019e-13 1.86895e-12 3.08068e-12 4.65266e-12 7.35008e-12 1.23566e-11 2.16896e-11 3.89401e-11 7.0504e-11 1.27557e-10 2.28935e-10 4.04695e-10 6.99258e-10 1.17183e-09 1.89098e-09 2.9217e-09 4.30729e-09 6.05491e-09 8.13597e-09 1.05066e-08 1.31369e-08 1.60245e-08 1.91734e-08 2.25459e-08 2.602e-08 2.93758e-08 3.2315e-08 3.45024e-08 3.56196e-08 3.54254e-08 3.38173e-08 3.08785e-08 2.68916e-08 2.22965e-08 1.75953e-08 1.32347e-08 9.51752e-09 6.57235e-09 4.38158e-09 2.83736e-09 1.79683e-09 1.12078e-09 6.93537e-10 4.28566e-10 2.65883e-10 1.66171e-10 1.0465e-10 6.59784e-11 4.01728e-11 1.98903e-11 1.98903e-11 
2.63493e-13 1.58921e-12 3.32143e-12 5.15128e-12 7.92441e-12 1.2935e-11 2.21583e-11 3.90115e-11 6.9644e-11 1.25142e-10 2.2509e-10 4.02778e-10 7.11494e-10 1.2297e-09 2.06072e-09 3.32151e-09 5.11795e-09 7.51243e-09 1.05006e-08 1.40178e-08 1.79815e-08 2.23441e-08 2.71085e-08 3.22744e-08 3.77437e-08 4.32489e-08 4.83469e-08 5.24754e-08 5.50475e-08 5.55681e-08 5.37553e-08 4.96441e-08 4.36321e-08 3.64255e-08 2.88778e-08 2.17768e-08 1.56738e-08 1.08185e-08 7.20189e-09 4.65366e-09 2.93935e-09 1.82827e-09 1.12824e-09 6.95583e-10 4.30918e-10 2.69296e-10 1.69941e-10 1.07841e-10 6.74648e-11 3.82306e-11 1.39402e-11 
9.3096e-13 3.08068e-12 5.30764e-12 8.10756e-12 1.28657e-11 2.1502e-11 3.70307e-11 6.47978e-11 1.14614e-10 2.04504e-10 3.66893e-10 6.57554e-10 1.16612e-09 2.02409e-09 3.40271e-09 5.49186e-09 8.45661e-09 1.23837e-08 1.72485e-08 2.29375e-08 2.93279e-08 3.63711e-08 4.40869e-08 5.2437e-08 6.11539e-08 6.96476e-08 7.70448e-08 8.23335e-08 8.45681e-08 8.30997e-08 7.77896e-08 6.91324e-08 5.8206e-08 4.64161e-08 3.51216e-08 2.53107e-08 1.74625e-08 1.16047e-08 7.47856e-09 4.70804e-09 2.91782e-09 1.79415e-09 1.10259e-09 6.81421e-10 4.25368e-10 2.68656e-10 1.71217e-10 1.08775e-10 6.59784e-11 3.23574e-11 3.23574e-11 
3.9422e-13 2.40901e-12 5.15128e-12 8.14557e-12 1.26708e-11 2.06967e-11 3.49052e-11 5.97222e-11 1.03202e-10 1.80481e-10 3.20126e-10 5.74612e-10 1.03522e-09 1.84892e-09 3.23038e-09 5.4564e-09 8.82853e-09 1.36002e-08 1.98924e-08 2.76521e-08 3.67071e-08 4.69052e-08 5.82192e-08 7.06703e-08 8.40601e-08 9.7702e-08 1.1035e-07 1.20367e-07 1.26056e-07 1.26078e-07 1.19864e-07 1.0791e-07 9.17777e-08 7.37169e-08 5.60266e-08 4.04552e-08 2.79089e-08 1.85157e-08 1.1898e-08 7.46244e-09 4.60562e-09 2.81999e-09 1.72624e-09 1.06346e-09 6.62549e-10 4.18399e-10 2.67404e-10 1.71537e-10 1.07841e-10 6.12477e-11 2.23875e-11 
1.37957e-12 4.65266e-12 8.10756e-12 1.2588e-11 2.01711e-11 3.34549e-11 5.6175e-11 9.47556e-11 1.61145e-10 2.78466e-10 4.91657e-10 8.84919e-10 1.60581e-09 2.89189e-09 5.0886e-09 8.63785e-09 1.40142e-08 2.16061e-08 3.15874e-08 4.38726e-08 5.82317e-08 7.45084e-08 9.27095e-08 1.12751e-07 1.33961e-07 1.54732e-07 1.72588e-07 1.84654e-07 1.88365e-07 1.82237e-07 1.66504e-07 1.43288e-07 1.16088e-07 8.87221e-08 6.42437e-08 4.43409e-08 2.9376e-08 1.88227e-08 1.17594e-08 7.22465e-09 4.40271e-09 2.68305e-09 1.64665e-09 1.02317e-09 6.45535e-10 4.13276e-10 2.66885e-10 1.71217e-10 1.0465e-10 5.17992e-11 5.17992e-11 
5.74224e-13 3.67823e-12 7.92441e-12 1.26708e-11 2.00008e-11 3.27346e-11 5.43226e-11 9.00747e-11 1.49321e-10 2.49761e-10 4.26713e-10 7.50774e-10 1.35629e-09 2.47975e-09 4.50149e-09 7.97295e-09 1.35953e-08 2.21135e-08 3.41256e-08 4.98941e-08 6.93111e-08 9.21134e-08 1.18182e-07 1.47501e-07 1.79546e-07 2.12479e-07 2.42833e-07 2.66009e-07 2.77377e-07 2.73672e-07 2.54273e-07 2.21801e-07 1.81527e-07 1.39682e-07 1.01525e-07 7.01535e-08 4.64317e-08 2.96714e-08 1.84638e-08 1.12895e-08 6.84489e-09 4.15083e-09 2.53653e-09 1.57108e-09 9.89659e-10 6.341e-10 4.11441e-10 2.67404e-10 1.69941e-10 9.75882e-11 3.59782e-11 
2.12934e-12 7.35008e-12 1.28657e-11 2.01711e-11 3.25323e-11 5.35985e-11 8.81707e-11 1.43953e-10 2.34593e-10 3.86442e-10 6.53574e-10 1.14665e-09 2.0788e-09 3.82626e-09 6.99415e-09 1.24586e-08 2.13291e-08 3.47749e-08 5.37264e-08 7.86056e-08 1.09333e-07 1.45682e-07 1.87597e-07 2.34759e-07 2.85345e-07 3.34927e-07 3.76589e-07 4.02425e-07 4.05912e-07 3.84374e-07 3.40522e-07 2.81994e-07 2.18762e-07 1.59768e-07 1.10614e-07 7.318e-08 4.66541e-08 2.89194e-08 1.75965e-08 1.06121e-08 6.40153e-09 3.89359e-09 2.40283e-09 1.51041e-09 9.67826e-10 6.30105e-10 4.13276e-10 2.68656e-10 1.66171e-10 8.31524e-11 8.31524e-11 
8.82846e-13 5.98432e-12 1.2935e-11 2.06967e-11 3.27346e-11 5.34303e-11 8.76691e-11 1.42429e-10 2.29062e-10 3.67727e-10 5.97922e-10 1.00251e-09 1.75426e-09 3.18911e-09 5.90217e-09 1.08519e-08 1.94261e-08 3.33786e-08 5.45491e-08 8.44056e-08 1.23681e-07 1.72465e-07 2.30709e-07 2.9829e-07 3.73689e-07 4.51812e-07 5.22986e-07 5.7445e-07 5.94056e-07 5.74807e-07 5.1833e-07 4.3513e-07 3.40822e-07 2.50398e-07 1.73852e-07 1.15044e-07 7.32023e-08 4.52103e-08 2.73758e-08 1.64199e-08 9.85083e-09 5.96177e-09 3.66448e-09 2.29767e-09 1.47153e-09 9.60282e-10 6.341e-10 4.18399e-10 2.69296e-10 1.56323e-10 5.80435e-11 
3.55352e-12 1.23566e-11 2.1502e-11 3.34549e-11 5.35985e-11 8.76112e-11 1.42423e-10 2.28417e-10 3.62524e-10 5.74822e-10 9.24828e-10 1.53936e-09 2.68666e-09 4.89301e-09 9.09498e-09 1.68053e-08 3.02183e-08 5.21057e-08 8.53762e-08 1.32396e-07 1.94531e-07 2.72369e-07 3.66189e-07 4.751e-07 5.93968e-07 7.10349e-07 8.04879e-07 8.56275e-07 8.49199e-07 7.81489e-07 6.66469e-07 5.27957e-07 3.90711e-07 2.72313e-07 1.80381e-07 1.14619e-07 7.05553e-08 4.25218e-08 2.53654e-08 1.51326e-08 9.11113e-09 5.57666e-09 3.48678e-09 2.23102e-09 1.45819e-09 9.67826e-10 6.45535e-10 4.25368e-10 2.65883e-10 1.34083e-10 1.34083e-10 
1.49843e-12 1.03515e-11 2.21583e-11 3.49052e-11 5.43226e-11 8.76691e-11 1.42563e-10 2.29217e-10 3.63271e-10 5.70197e-10 8.95232e-10 1.4283e-09 2.36289e-09 4.11291e-09 7.49779e-09 1.39848e-08 2.59542e-08 4.68698e-08 8.11166e-08 1.33331e-07 2.07435e-07 3.06106e-07 4.31045e-07 5.82704e-07 7.56995e-07 9.39521e-07 1.10291e-06 1.21207e-06 1.23664e-06 1.16508e-06 1.01197e-06 8.12385e-07 6.06507e-07 4.24838e-07 2.81958e-07 1.79043e-07 1.09898e-07 6.59375e-08 3.91229e-08 2.32097e-08 1.39013e-08 8.47162e-09 5.28106e-09 3.37506e-09 2.20825e-09 1.47153e-09 9.89659e-10 6.62549e-10 4.30918e-10 2.5189e-10 9.3824e-11 
6.34303e-12 2.16896e-11 3.70307e-11 5.6175e-11 8.81707e-11 1.42423e-10 2.29662e-10 3.65205e-10 5.72735e-10 8.90792e-10 1.38772e-09 2.19941e-09 3.61968e-09 6.28294e-09 1.14572e-08 2.14303e-08 3.99364e-08 7.24371e-08 1.25887e-07 2.07766e-07 3.24789e-07 4.82291e-07 6.83958e-07 9.28765e-07 1.20271e-06 1.47046e-06 1.6778e-06 1.7692e-06 1.71314e-06 1.52027e-06 1.23979e-06 9.35496e-07 6.595e-07 4.39037e-07 2.78844e-07 1.7077e-07 1.02043e-07 6.02338e-08 3.55378e-08 2.11744e-08 1.28478e-08 7.98486e-09 5.09635e-09 3.33702e-09 2.23102e-09 1.51041e-09 1.02317e-09 6.81421e-10 4.28566e-10 2.16692e-10 2.16692e-10 
2.76802e-12 1.86003e-11 3.90115e-11 5.97222e-11 9.00747e-11 1.42429e-10 2.29217e-10 3.6606e-10 5.76051e-10 8.9509e-10 1.38163e-09 2.13906e-09 3.37219e-09 5.52455e-09 9.56127e-09 1.74313e-08 3.26843e-08 6.11607e-08 1.11469e-07 1.94688e-07 3.23085e-07 5.0851e-07 7.61387e-07 1.0877e-06 1.47862e-06 1.89444e-06 2.25807e-06 2.475e-06 2.47536e-06 2.25325e-06 1.87237e-06 1.4312e-06 1.01721e-06 6.8019e-07 4.32568e-07 2.64527e-07 1.57505e-07 9.25256e-08 5.43022e-08 3.21911e-08 1.94491e-08 1.20518e-08 7.68227e-09 5.03365e-09 3.37506e-09 2.29767e-09 1.57108e-09 1.06346e-09 6.95583e-10 4.07132e-10 1.51364e-10 
1.17279e-11 3.89401e-11 6.47978e-11 9.47556e-11 1.43953e-10 2.28417e-10 3.65205e-10 5.77393e-10 8.99756e-10 1.38663e-09 2.12656e-09 3.27562e-09 5.14109e-09 8.38741e-09 1.44702e-08 2.63628e-08 4.95435e-08 9.3121e-08 1.70673e-07 2.99978e-07 5.01557e-07 7.96741e-07 1.20458e-06 1.72999e-06 2.33829e-06 2.93235e-06 3.3643e-06 3.49712e-06 3.28185e-06 2.78961e-06 2.16636e-06 1.55571e-06 1.04676e-06 6.67515e-07 4.08032e-07 2.42264e-07 1.41704e-07 8.27553e-08 4.8823e-08 2.93782e-08 1.81539e-08 1.15592e-08 7.57981e-09 5.09635e-09 3.48678e-09 2.40283e-09 1.64665e-09 1.10259e-09 6.93537e-10 3.49434e-10 3.49434e-10 
5.30122e-12 3.39556e-11 6.9644e-11 1.03202e-10 1.49321e-10 2.29062e-10 3.63271e-10 5.76051e-10 9.01562e-10 1.39192e-09 2.12898e-09 3.24636e-09 4.9785e-09 7.78325e-09 1.26467e-08 2.17424e-08 3.9569e-08 7.45356e-08 1.40819e-07 2.59892e-07 4.60584e-07 7.77951e-07 1.25022e-06 1.90767e-06 2.73855e-06 3.64058e-06 4.40767e-06 4.79856e-06 4.67261e-06 4.08312e-06 3.23358e-06 2.35272e-06 1.59652e-06 1.0228e-06 6.25811e-07 3.70882e-07 2.16154e-07 1.25681e-07 7.38215e-08 4.42552e-08 2.72795e-08 1.73558e-08 1.13928e-08 7.68227e-09 5.28106e-09 3.66448e-09 2.53653e-09 1.72624e-09 1.12824e-09 6.56853e-10 2.42388e-10 
2.18523e-11 7.0504e-11 1.14614e-10 1.61145e-10 2.34593e-10 3.62524e-10 5.72735e-10 8.99756e-10 1.39392e-09 2.13271e-09 3.23857e-09 4.91171e-09 7.50181e-09 1.16849e-08 1.89078e-08 3.23797e-08 5.88463e-08 1.11155e-07 2.11361e-07 3.93627e-07 7.05393e-07 1.20741e-06 1.96513e-06 3.01348e-06 4.27863e-06 5.51271e-06 6.34225e-06 6.45936e-06 5.83954e-06 4.73874e-06 3.50553e-06 2.40604e-06 1.55236e-06 9.52486e-07 5.64196e-07 3.27968e-07 1.90002e-07 1.11178e-07 6.64345e-08 4.08685e-08 2.5992e-08 1.70868e-08 1.15592e-08 7.98486e-09 5.57666e-09 3.89359e-09 2.68305e-09 1.79415e-09 1.12078e-09 5.58983e-10 5.58983e-10 
1.0124e-11 6.20361e-11 1.25142e-10 1.80481e-10 2.49761e-10 3.67727e-10 5.70197e-10 8.9509e-10 1.39192e-09 2.13412e-09 3.23568e-09 4.87785e-09 7.35787e-09 1.11924e-08 1.73688e-08 2.79827e-08 4.77128e-08 8.65884e-08 1.64181e-07 3.14916e-07 5.93795e-07 1.08025e-06 1.8791e-06 3.09008e-06 4.71554e-06 6.52017e-06 8.00023e-06 8.60121e-06 8.10637e-06 6.78132e-06 5.12233e-06 3.56893e-06 2.3265e-06 1.43488e-06 8.51032e-07 4.94106e-07 2.85523e-07 1.66578e-07 9.92868e-08 6.09925e-08 3.87996e-08 2.55589e-08 1.73558e-08 1.20518e-08 8.47162e-09 5.96177e-09 4.15083e-09 2.81999e-09 1.82827e-09 1.05123e-09 3.82837e-10 
4.03282e-11 1.27557e-10 2.04504e-10 2.78466e-10 3.86442e-10 5.74822e-10 8.90792e-10 1.38663e-09 2.13271e-09 3.23467e-09 4.85781e-09 7.26697e-09 1.08981e-08 1.65064e-08 2.55169e-08 4.09221e-08 6.94582e-08 1.25934e-07 2.40212e-07 4.66598e-07 8.95614e-07 1.66219e-06 2.9396e-06 4.84283e-06 7.23742e-06 9.55883e-06 1.09475e-05 1.08476e-05 9.41938e-06 7.30033e-06 5.18577e-06 3.42955e-06 2.13249e-06 1.26935e-06 7.37468e-07 4.25708e-07 2.47928e-07 1.47544e-07 9.05857e-08 5.76832e-08 3.81053e-08 2.5992e-08 1.81539e-08 1.28478e-08 9.11113e-09 6.40153e-09 4.40271e-09 2.91782e-09 1.79683e-09 8.81167e-10 8.81167e-10 
1.88786e-11 1.12287e-10 2.2509e-10 3.20126e-10 4.26713e-10 5.97922e-10 8.95232e-10 1.38163e-09 2.12898e-09 3.23568e-09 4.85067e-09 7.20928e-09 1.0692e-08 1.59294e-08 2.40126e-08 3.69743e-08 5.90289e-08 9.97631e-08 1.80976e-07 3.48742e-07 6.91027e-07 1.36224e-06 2.59104e-06 4.63326e-06 7.52404e-06 1.07832e-05 1.32744e-05 1.39272e-05 1.26402e-05 1.00948e-05 7.34333e-06 4.95103e-06 3.11423e-06 1.86573e-06 1.08727e-06 6.28247e-07 3.65845e-07 2.17669e-07 1.33716e-07 8.53197e-08 5.65749e-08 3.87996e-08 2.72795e-08 1.94491e-08 1.39013e-08 9.85083e-09 6.84489e-09 4.60562e-09 2.93935e-09 1.65741e-09 5.92419e-10 
7.29471e-11 2.28935e-10 3.66893e-10 4.91657e-10 6.53574e-10 9.24828e-10 1.38772e-09 2.12656e-09 3.23857e-09 4.85781e-09 7.18878e-09 1.05583e-08 1.55018e-08 2.29173e-08 3.43654e-08 5.27173e-08 8.3826e-08 1.41175e-07 2.57004e-07 5.04862e-07 1.03568e-06 2.12517e-06 4.14212e-06 7.37899e-06 1.15481e-05 1.54009e-05 1.72121e-05 1.63963e-05 1.35214e-05 1.00987e-05 6.97426e-06 4.45064e-06 2.69172e-06 1.57786e-06 9.14934e-07 5.339e-07 3.1817e-07 1.95861e-07 1.2539e-07 8.35605e-08 5.76832e-08 4.08685e-08 2.93782e-08 2.11744e-08 1.51326e-08 1.06121e-08 7.22465e-09 4.70804e-09 2.83736e-09 1.35951e-09 1.35951e-09 
3.40306e-11 1.99791e-10 4.02778e-10 5.74612e-10 7.50774e-10 1.00251e-09 1.4283e-09 2.13906e-09 3.24636e-09 4.87785e-09 7.20928e-09 1.05109e-08 1.52221e-08 2.20782e-08 3.23384e-08 4.82208e-08 7.3744e-08 1.16849e-07 1.96113e-07 3.60575e-07 7.39127e-07 1.61684e-06 3.49706e-06 6.88354e-06 1.19135e-05 1.73145e-05 2.07004e-05 2.07717e-05 1.76703e-05 1.35398e-05 9.59392e-06 6.20897e-06 3.79838e-06 2.24524e-06 1.31016e-06 7.68208e-07 4.59644e-07 2.84109e-07 1.82805e-07 1.22616e-07 8.53197e-08 6.09925e-08 4.42552e-08 3.21911e-08 2.32097e-08 1.64199e-08 1.12895e-08 7.46244e-09 4.65366e-09 2.55642e-09 8.9233e-10 
1.28383e-10 4.04695e-10 6.57554e-10 8.84919e-10 1.14665e-09 1.53936e-09 2.19941e-09 3.27562e-09 4.91171e-09 7.26697e-09 1.05583e-08 1.51235e-08 2.1528e-08 3.07545e-08 4.45494e-08 6.6057e-08 1.00753e-07 1.58635e-07 2.64288e-07 5.02705e-07 1.14801e-06 2.77557e-06 6.21485e-06 1.18646e-05 1.9022e-05 2.43362e-05 2.58063e-05 2.28683e-05 1.79841e-05 1.3059e-05 8.49147e-06 5.24169e-06 3.12381e-06 1.83786e-06 1.0859e-06 6.54282e-07 4.07121e-07 2.6385e-07 1.78467e-07 1.2539e-07 9.05857e-08 6.64345e-08 4.8823e-08 3.55378e-08 2.53654e-08 1.75965e-08 1.17594e-08 7.47856e-09 4.38158e-09 2.03956e-09 2.03956e-09 
5.89609e-11 3.46978e-10 7.11494e-10 1.03522e-09 1.35629e-09 1.75426e-09 2.36289e-09 3.37219e-09 4.9785e-09 7.35787e-09 1.0692e-08 1.52221e-08 2.13346e-08 2.97166e-08 4.16506e-08 5.95508e-08 8.78046e-08 1.32971e-07 2.04468e-07 3.38293e-07 7.50205e-07 2.11431e-06 5.38622e-06 1.15921e-05 2.00829e-05 2.76175e-05 3.08588e-05 2.90838e-05 2.39365e-05 1.79567e-05 1.15998e-05 7.15335e-06 4.25853e-06 2.51983e-06 1.50261e-06 9.14531e-07 5.74624e-07 3.76105e-07 2.57138e-07 1.82805e-07 1.33716e-07 9.92868e-08 7.38215e-08 5.43022e-08 3.91229e-08 2.73758e-08 1.84638e-08 1.1898e-08 7.20189e-09 3.83211e-09 1.30049e-09 
2.18524e-10 6.99258e-10 1.16612e-09 1.60581e-09 2.0788e-09 2.68666e-09 3.61968e-09 5.14109e-09 7.50181e-09 1.08981e-08 1.55018e-08 2.1528e-08 2.93533e-08 3.97553e-08 5.44015e-08 7.66193e-08 1.11863e-07 1.635e-07 2.32485e-07 4.63344e-07 1.5278e-06 4.66047e-06 1.09584e-05 2.09758e-05 3.0351e-05 3.56961e-05 3.57877e-05 3.11639e-05 2.49089e-05 1.60638e-05 9.95018e-06 5.78341e-06 3.39077e-06 2.03233e-06 1.25141e-06 7.96319e-07 5.27969e-07 3.6586e-07 2.6385e-07 1.95861e-07 1.47544e-07 1.11178e-07 8.27553e-08 6.02338e-08 4.25218e-08 2.89194e-08 1.88227e-08 1.16047e-08 6.57235e-09 2.95765e-09 2.95765e-09 
9.78467e-11 5.8416e-10 1.2297e-09 1.84892e-09 2.47975e-09 3.18911e-09 4.11291e-09 5.52455e-09 7.78325e-09 1.11924e-08 1.59294e-08 2.20782e-08 2.97166e-08 3.90945e-08 5.10446e-08 6.78308e-08 9.3698e-08 1.31537e-07 1.63988e-07 2.58175e-07 1.18948e-06 3.87944e-06 1.04844e-05 2.12313e-05 3.286e-05 4.05221e-05 4.2698e-05 3.99261e-05 3.43327e-05 2.25285e-05 1.41542e-05 8.04115e-06 4.57331e-06 2.70418e-06 1.6761e-06 1.08088e-06 7.27739e-07 5.12605e-07 3.76105e-07 2.84109e-07 2.17669e-07 1.66578e-07 1.25681e-07 9.25256e-08 6.59375e-08 4.52103e-08 2.96714e-08 1.85157e-08 1.08185e-08 5.54962e-09 1.82439e-09 
3.57905e-10 1.17183e-09 2.02409e-09 2.89189e-09 3.82626e-09 4.89301e-09 6.28294e-09 8.38741e-09 1.16849e-08 1.65064e-08 2.29173e-08 3.07545e-08 3.97553e-08 4.98789e-08 6.2117e-08 7.98078e-08 1.0573e-07 1.23456e-07 1.56703e-07 9.27868e-07 3.59943e-06 9.02545e-06 2.05832e-05 3.47967e-05 4.57577e-05 5.43396e-05 4.96761e-05 4.56844e-05 3.10583e-05 2.07976e-05 1.12762e-05 6.35779e-06 3.63828e-06 2.21949e-06 1.43877e-06 9.83011e-07 7.05208e-07 5.27969e-07 4.07121e-07 3.1817e-07 2.47928e-07 1.90002e-07 1.41704e-07 1.02043e-07 7.05553e-08 4.66541e-08 2.9376e-08 1.74625e-08 9.51752e-09 4.12485e-09 4.12485e-09 
1.55303e-10 9.47392e-10 2.06072e-09 3.23038e-09 4.50149e-09 5.90217e-09 7.49779e-09 9.56127e-09 1.26467e-08 1.73688e-08 2.40126e-08 3.23384e-08 4.16506e-08 5.10446e-08 6.01418e-08 7.0842e-08 8.79361e-08 1.02125e-07 1.39955e-07 8.84408e-07 3.00539e-06 8.33735e-06 1.66104e-05 3.77829e-05 5.03498e-05 6.1794e-05 6.4502e-05 6.42953e-05 4.851e-05 3.14248e-05 1.67391e-05 9.38567e-06 5.1256e-06 3.00751e-06 1.90243e-06 1.30399e-06 9.50891e-07 7.27739e-07 5.74624e-07 4.59644e-07 3.65845e-07 2.85523e-07 2.16154e-07 1.57505e-07 1.09898e-07 7.32023e-08 4.64317e-08 2.79089e-08 1.56738e-08 7.72463e-09 2.45332e-09 
5.61884e-10 1.89098e-09 3.40271e-09 5.0886e-09 6.99415e-09 9.09498e-09 1.14572e-08 1.44702e-08 1.89078e-08 2.55169e-08 3.43654e-08 4.45494e-08 5.44015e-08 6.2117e-08 6.77731e-08 7.70887e-08 9.66242e-08 1.66792e-07 7.68338e-07 2.86827e-06 6.20812e-06 1.82246e-05 3.6022e-05 5.2456e-05 6.40084e-05 6.91488e-05 6.63873e-05 5.99446e-05 4.64396e-05 3.13755e-05 1.56143e-05 7.77436e-06 4.23482e-06 2.59174e-06 1.72325e-06 1.25968e-06 9.83011e-07 7.96319e-07 6.54282e-07 5.339e-07 4.25708e-07 3.27968e-07 2.42264e-07 1.7077e-07 1.14619e-07 7.318e-08 4.43409e-08 2.53107e-08 1.32347e-08 5.51029e-09 5.51029e-09 
2.36033e-10 1.47263e-09 3.32151e-09 5.4564e-09 7.97295e-09 1.08519e-08 1.39848e-08 1.74313e-08 2.17424e-08 2.79827e-08 3.69743e-08 4.82208e-08 5.95508e-08 6.78308e-08 7.0842e-08 7.36021e-08 9.58399e-08 1.91626e-07 7.01887e-07 2.1511e-06 7.24095e-06 1.64741e-05 3.14968e-05 4.62519e-05 5.85691e-05 6.49432e-05 6.54937e-05 6.29013e-05 5.48039e-05 4.08354e-05 2.9196e-05 1.31206e-05 6.33184e-06 3.5954e-06 2.35459e-06 1.66361e-06 1.30399e-06 1.08088e-06 9.14531e-07 7.68208e-07 6.28247e-07 4.94106e-07 3.70882e-07 2.64527e-07 1.79043e-07 1.15044e-07 7.01535e-08 4.04552e-08 2.17768e-08 1.0292e-08 3.15352e-09 
8.43963e-10 2.9217e-09 5.49186e-09 8.63785e-09 1.24586e-08 1.68053e-08 2.14303e-08 2.63628e-08 3.23797e-08 4.09221e-08 5.27173e-08 6.6057e-08 7.66193e-08 7.98078e-08 7.70887e-08 9.6485e-08 2.04988e-07 7.2019e-07 2.18863e-06 6.6425e-06 1.43268e-05 2.50152e-05 3.73167e-05 4.78268e-05 5.53543e-05 5.83032e-05 5.91529e-05 5.48317e-05 4.63842e-05 3.51812e-05 2.19159e-05 1.09771e-05 5.41303e-06 3.18965e-06 2.27367e-06 1.72325e-06 1.43877e-06 1.25141e-06 1.0859e-06 9.14934e-07 7.37468e-07 5.64196e-07 4.08032e-07 2.78844e-07 1.80381e-07 1.10614e-07 6.42437e-08 3.51216e-08 1.75953e-08 7.03206e-09 7.03206e-09 
3.45068e-10 2.18713e-09 5.11795e-09 8.82853e-09 1.35953e-08 1.94261e-08 2.59542e-08 3.26843e-08 3.9569e-08 4.77128e-08 5.90289e-08 7.3744e-08 8.78046e-08 9.3698e-08 8.79361e-08 9.58399e-08 2.10829e-07 6.97942e-07 2.75754e-06 6.37025e-06 1.18475e-05 1.97269e-05 2.84911e-05 3.72603e-05 4.41948e-05 4.84983e-05 5.08114e-05 4.99017e-05 4.53723e-05 3.86228e-05 2.78305e-05 1.77784e-05 8.87857e-06 4.67372e-06 3.06571e-06 2.35459e-06 1.90243e-06 1.6761e-06 1.50261e-06 1.31016e-06 1.08727e-06 8.51032e-07 6.25811e-07 4.32568e-07 2.81958e-07 1.73852e-07 1.01525e-07 5.60266e-08 2.88778e-08 1.30896e-08 3.86974e-09 
1.21377e-09 4.30729e-09 8.45661e-09 1.40142e-08 2.13291e-08 3.02183e-08 3.99364e-08 4.95435e-08 5.88463e-08 6.94582e-08 8.3826e-08 1.00753e-07 1.11863e-07 1.0573e-07 9.66242e-08 2.04988e-07 6.82664e-07 2.91006e-06 5.95989e-06 1.0273e-05 1.5624e-05 2.20175e-05 2.85397e-05 3.4522e-05 3.89932e-05 4.2049e-05 4.29082e-05 4.13065e-05 3.74149e-05 3.11484e-05 2.31416e-05 1.45246e-05 7.54998e-06 4.39765e-06 3.18965e-06 2.59174e-06 2.21949e-06 2.03233e-06 1.83786e-06 1.57786e-06 1.26935e-06 9.52486e-07 6.67515e-07 4.39037e-07 2.72313e-07 1.59768e-07 8.87221e-08 4.64161e-08 2.22965e-08 8.56314e-09 8.56314e-09 
4.89123e-10 3.10218e-09 7.51243e-09 1.36002e-08 2.21135e-08 3.33786e-08 4.68698e-08 6.11607e-08 7.45356e-08 8.65884e-08 9.97631e-08 1.16849e-07 1.32971e-07 1.31537e-07 1.02125e-07 1.91626e-07 6.97942e-07 2.89742e-06 5.63938e-06 9.03044e-06 1.30366e-05 1.74695e-05 2.23402e-05 2.70452e-05 3.11833e-05 3.44288e-05 3.62152e-05 3.6201e-05 3.44739e-05 3.10073e-05 2.61001e-05 1.97771e-05 1.30631e-05 7.06831e-06 4.67372e-06 3.5954e-06 3.00751e-06 2.70418e-06 2.51983e-06 2.24524e-06 1.86573e-06 1.43488e-06 1.0228e-06 6.8019e-07 4.24838e-07 2.50398e-07 1.39682e-07 7.37169e-08 3.64255e-08 1.58714e-08 4.53446e-09 
1.67776e-09 6.05491e-09 1.23837e-08 2.16061e-08 3.47749e-08 5.21057e-08 7.24371e-08 9.3121e-08 1.11155e-07 1.25934e-07 1.41175e-07 1.58635e-07 1.635e-07 1.23456e-07 1.66792e-07 7.2019e-07 2.91006e-06 5.53562e-06 8.26649e-06 1.12059e-05 1.45317e-05 1.80608e-05 2.17107e-05 2.51935e-05 2.82681e-05 3.04521e-05 3.13662e-05 3.09835e-05 2.93926e-05 2.66401e-05 2.2882e-05 1.81967e-05 1.27816e-05 7.54998e-06 5.41303e-06 4.23482e-06 3.63828e-06 3.39077e-06 3.12381e-06 2.69172e-06 2.13249e-06 1.55236e-06 1.04676e-06 6.595e-07 3.90711e-07 2.18762e-07 1.16088e-07 5.8206e-08 2.68916e-08 9.95398e-09 9.95398e-09 
6.78545e-10 4.21247e-09 1.05006e-08 1.98924e-08 3.41256e-08 5.45491e-08 8.11166e-08 1.11469e-07 1.40819e-07 1.64181e-07 1.80976e-07 1.96113e-07 2.04468e-07 1.63988e-07 1.39955e-07 7.01887e-07 2.75754e-06 5.63938e-06 8.00085e-06 1.01041e-05 1.25321e-05 1.52233e-05 1.80002e-05 2.08225e-05 2.3498e-05 2.57117e-05 2.71189e-05 2.75826e-05 2.71524e-05 2.58794e-05 2.38976e-05 2.12294e-05 1.77533e-05 1.30631e-05 8.87857e-06 6.33184e-06 5.1256e-06 4.57331e-06 4.25853e-06 3.79838e-06 3.11423e-06 2.3265e-06 1.59652e-06 1.01721e-06 6.06507e-07 3.40822e-07 1.81527e-07 9.17777e-08 4.36321e-08 1.8354e-08 5.08168e-09 
2.24322e-09 8.13597e-09 1.72485e-08 3.15874e-08 5.37264e-08 8.53762e-08 1.25887e-07 1.70673e-07 2.11361e-07 2.40212e-07 2.57004e-07 2.64288e-07 2.32485e-07 1.56703e-07 7.68338e-07 2.18863e-06 5.95989e-06 8.26649e-06 9.71929e-06 1.13443e-05 1.33171e-05 1.54747e-05 1.77082e-05 1.99348e-05 2.19567e-05 2.35259e-05 2.44741e-05 2.47705e-05 2.44575e-05 2.36499e-05 2.24403e-05 2.0732e-05 1.81967e-05 1.45246e-05 1.09771e-05 7.77436e-06 6.35779e-06 5.78341e-06 5.24169e-06 4.45064e-06 3.42955e-06 2.40604e-06 1.55571e-06 9.35496e-07 5.27957e-07 2.81994e-07 1.43288e-07 6.91324e-08 3.08785e-08 1.10638e-08 1.10638e-08 
9.27708e-10 5.50515e-09 1.40178e-08 2.76521e-08 4.98941e-08 8.44056e-08 1.33331e-07 1.94688e-07 2.59892e-07 3.14916e-07 3.48742e-07 3.60575e-07 3.38293e-07 2.58175e-07 8.84408e-07 2.1511e-06 6.37025e-06 9.03044e-06 1.01041e-05 1.09351e-05 1.21883e-05 1.37729e-05 1.55319e-05 1.73368e-05 1.90779e-05 2.05986e-05 2.17537e-05 2.24743e-05 2.27618e-05 2.2714e-05 2.24462e-05 2.19902e-05 2.12294e-05 1.97771e-05 1.77784e-05 1.31206e-05 9.38567e-06 8.04115e-06 7.15335e-06 6.20897e-06 4.95103e-06 3.56893e-06 2.35272e-06 1.4312e-06 8.12385e-07 4.3513e-07 2.21801e-07 1.0791e-07 4.96441e-08 2.02782e-08 5.45978e-09 
2.92253e-09 1.05066e-08 2.29375e-08 4.38726e-08 7.86056e-08 1.32396e-07 2.07766e-07 2.99978e-07 3.93627e-07 4.66598e-07 5.04862e-07 5.02705e-07 4.63344e-07 9.27868e-07 2.86827e-06 6.6425e-06 1.0273e-05 1.12059e-05 1.13443e-05 1.18042e-05 1.27644e-05 1.40554e-05 1.54867e-05 1.69304e-05 1.8293e-05 1.94706e-05 2.03882e-05 2.10238e-05 2.14366e-05 2.17525e-05 2.20662e-05 2.24403e-05 2.2882e-05 2.31416e-05 2.19159e-05 1.56143e-05 1.12762e-05 9.95018e-06 8.49147e-06 6.97426e-06 5.18577e-06 3.50553e-06 2.16636e-06 1.23979e-06 6.66469e-07 3.40522e-07 1.66504e-07 7.77896e-08 3.38173e-08 1.17886e-08 1.17886e-08 
1.25174e-09 6.97329e-09 1.79815e-08 3.67071e-08 6.93111e-08 1.23681e-07 2.07435e-07 3.23085e-07 4.60584e-07 5.93795e-07 6.91027e-07 7.39127e-07 7.50205e-07 1.18948e-06 3.00539e-06 7.24095e-06 1.18475e-05 1.30366e-05 1.25321e-05 1.21883e-05 1.24238e-05 1.3181e-05 1.42252e-05 1.53756e-05 1.65334e-05 1.76238e-05 1.85835e-05 1.93819e-05 2.00505e-05 2.0692e-05 2.14445e-05 2.24462e-05 2.38976e-05 2.61001e-05 2.78305e-05 2.9196e-05 1.67391e-05 1.41542e-05 1.15998e-05 9.59392e-06 7.34333e-06 5.12233e-06 3.23358e-06 1.87237e-06 1.01197e-06 5.1833e-07 2.54273e-07 1.19864e-07 5.37553e-08 2.14624e-08 5.63913e-09 
3.73231e-09 1.31369e-08 2.93279e-08 5.82317e-08 1.09333e-07 1.94531e-07 3.24789e-07 5.01557e-07 7.05393e-07 8.95614e-07 1.03568e-06 1.14801e-06 1.5278e-06 3.59943e-06 6.20812e-06 1.43268e-05 1.5624e-05 1.45317e-05 1.33171e-05 1.27644e-05 1.28877e-05 1.34797e-05 1.43094e-05 1.52384e-05 1.61829e-05 1.70862e-05 1.7919e-05 1.86963e-05 1.9495e-05 2.04516e-05 2.17525e-05 2.36499e-05 2.66401e-05 3.11484e-05 3.51812e-05 3.13755e-05 2.07976e-05 1.60638e-05 1.3059e-05 1.00987e-05 7.30033e-06 4.73874e-06 2.78961e-06 1.52027e-06 7.81489e-07 3.84374e-07 1.82237e-07 8.30997e-08 3.54254e-08 1.20757e-08 1.20757e-08 
1.6604e-09 8.62205e-09 2.23441e-08 4.69052e-08 9.21134e-08 1.72465e-07 3.06106e-07 5.0851e-07 7.77951e-07 1.08025e-06 1.36224e-06 1.61684e-06 2.11431e-06 3.87944e-06 8.33735e-06 1.64741e-05 1.97269e-05 1.74695e-05 1.52233e-05 1.37729e-05 1.3181e-05 1.32309e-05 1.36797e-05 1.43435e-05 1.51055e-05 1.58942e-05 1.66765e-05 1.74594e-05 1.82996e-05 1.93143e-05 2.0692e-05 2.2714e-05 2.58794e-05 3.10073e-05 3.86228e-05 4.08354e-05 3.14248e-05 2.25285e-05 1.79567e-05 1.35398e-05 1.00948e-05 6.78132e-06 4.08312e-06 2.25325e-06 1.16508e-06 5.74807e-07 2.73672e-07 1.26078e-07 5.55681e-08 2.18298e-08 5.61343e-09 
4.68465e-09 1.60245e-08 3.63711e-08 7.45084e-08 1.45682e-07 2.72369e-07 4.82291e-07 7.96741e-07 1.20741e-06 1.66219e-06 2.12517e-06 2.77557e-06 4.66047e-06 9.02545e-06 1.82246e-05 2.50152e-05 2.20175e-05 1.80608e-05 1.54747e-05 1.40554e-05 1.34797e-05 1.34703e-05 1.3814e-05 1.43542e-05 1.49897e-05 1.56694e-05 1.63888e-05 1.71904e-05 1.81697e-05 1.9495e-05 2.14366e-05 2.44575e-05 2.93926e-05 3.74149e-05 4.63842e-05 4.64396e-05 3.10583e-05 2.49089e-05 1.79841e-05 1.35214e-05 9.41938e-06 5.83954e-06 3.28185e-06 1.71314e-06 8.49199e-07 4.05912e-07 1.88365e-07 8.45681e-08 3.56196e-08 1.19253e-08 1.19253e-08 
2.15274e-09 1.0458e-08 2.71085e-08 5.82192e-08 1.18182e-07 2.30709e-07 4.31045e-07 7.61387e-07 1.25022e-06 1.8791e-06 2.59104e-06 3.49706e-06 5.38622e-06 1.04844e-05 1.66104e-05 3.14968e-05 2.84911e-05 2.23402e-05 1.80002e-05 1.55319e-05 1.42252e-05 1.36797e-05 1.36381e-05 1.39082e-05 1.43536e-05 1.48953e-05 1.55085e-05 1.62184e-05 1.71017e-05 1.82996e-05 2.00505e-05 2.27618e-05 2.71524e-05 3.44739e-05 4.53723e-05 5.48039e-05 4.851e-05 3.43327e-05 2.39365e-05 1.76703e-05 1.26402e-05 8.10637e-06 4.67261e-06 2.47536e-06 1.23664e-06 5.94056e-07 2.77377e-07 1.26056e-07 5.50475e-08 2.14063e-08 5.39658e-09 
5.77459e-09 1.91734e-08 4.40869e-08 9.27095e-08 1.87597e-07 3.66189e-07 6.83958e-07 1.20458e-06 1.96513e-06 2.9396e-06 4.14212e-06 6.21485e-06 1.09584e-05 2.05832e-05 3.6022e-05 3.73167e-05 2.85397e-05 2.17107e-05 1.77082e-05 1.54867e-05 1.43094e-05 1.3814e-05 1.376e-05 1.39746e-05 1.43467e-05 1.48252e-05 1.54119e-05 1.61619e-05 1.71904e-05 1.86963e-05 2.10238e-05 2.47705e-05 3.09835e-05 4.13065e-05 5.48317e-05 5.99446e-05 4.56844e-05 3.11639e-05 2.28683e-05 1.63963e-05 1.08476e-05 6.45936e-06 3.49712e-06 1.7692e-06 8.56275e-07 4.02425e-07 1.84654e-07 8.23335e-08 3.45024e-08 1.13814e-08 1.13814e-08 
2.71489e-09 1.24654e-08 3.22744e-08 7.06703e-08 1.47501e-07 2.9829e-07 5.82704e-07 1.0877e-06 1.90767e-06 3.09008e-06 4.63326e-06 6.88354e-06 1.15921e-05 2.12313e-05 3.77829e-05 4.62519e-05 3.72603e-05 2.70452e-05 2.08225e-05 1.73368e-05 1.53756e-05 1.43435e-05 1.39082e-05 1.38485e-05 1.40187e-05 1.43381e-05 1.4782e-05 1.53796e-05 1.62184e-05 1.74594e-05 1.93819e-05 2.24743e-05 2.75826e-05 3.6201e-05 4.99017e-05 6.29013e-05 6.42953e-05 3.99261e-05 2.90838e-05 2.07717e-05 1.39272e-05 8.60121e-06 4.79856e-06 2.475e-06 1.21207e-06 5.7445e-07 2.66009e-07 1.20367e-07 5.24754e-08 2.02996e-08 5.01771e-09 
6.97132e-09 2.25459e-08 5.2437e-08 1.12751e-07 2.34759e-07 4.751e-07 9.28765e-07 1.72999e-06 3.01348e-06 4.84283e-06 7.37899e-06 1.18646e-05 2.09758e-05 3.47967e-05 5.2456e-05 4.78268e-05 3.4522e-05 2.51935e-05 1.99348e-05 1.69304e-05 1.52384e-05 1.43542e-05 1.39746e-05 1.39094e-05 1.4046e-05 1.43314e-05 1.47674e-05 1.54119e-05 1.63888e-05 1.7919e-05 2.03882e-05 2.44741e-05 3.13662e-05 4.29082e-05 5.91529e-05 6.63873e-05 4.96761e-05 3.57877e-05 2.58063e-05 1.72121e-05 1.09475e-05 6.34225e-06 3.3643e-06 1.6778e-06 8.04879e-07 3.76589e-07 1.72588e-07 7.70448e-08 3.2315e-08 1.05189e-08 1.05189e-08 
3.32092e-09 1.4585e-08 3.77437e-08 8.40601e-08 1.79546e-07 3.73689e-07 7.56995e-07 1.47862e-06 2.73855e-06 4.71554e-06 7.52404e-06 1.19135e-05 2.00829e-05 3.286e-05 5.03498e-05 5.85691e-05 4.41948e-05 3.11833e-05 2.3498e-05 1.90779e-05 1.65334e-05 1.51055e-05 1.43536e-05 1.40187e-05 1.39486e-05 1.40607e-05 1.43289e-05 1.4782e-05 1.55085e-05 1.66765e-05 1.85835e-05 2.17537e-05 2.71189e-05 3.62152e-05 5.08114e-05 6.54937e-05 6.4502e-05 4.2698e-05 3.08588e-05 2.07004e-05 1.32744e-05 8.00023e-06 4.40767e-06 2.25807e-06 1.10291e-06 5.22986e-07 2.42833e-07 1.1035e-07 4.83469e-08 1.86709e-08 4.51587e-09 
8.21689e-09 2.602e-08 6.11539e-08 1.33961e-07 2.85345e-07 5.93968e-07 1.20271e-06 2.33829e-06 4.27863e-06 7.23742e-06 1.15481e-05 1.9022e-05 3.0351e-05 4.57577e-05 6.40084e-05 5.53543e-05 3.89932e-05 2.82681e-05 2.19567e-05 1.8293e-05 1.61829e-05 1.49897e-05 1.43467e-05 1.4046e-05 1.39704e-05 1.40653e-05 1.43314e-05 1.48252e-05 1.56694e-05 1.70862e-05 1.94706e-05 2.35259e-05 3.04521e-05 4.2049e-05 5.83032e-05 6.91488e-05 5.43396e-05 3.56961e-05 2.43362e-05 1.54009e-05 9.55883e-06 5.51271e-06 2.93235e-06 1.47046e-06 7.10349e-07 3.34927e-07 1.54732e-07 6.96476e-08 2.93758e-08 9.43095e-09 9.43095e-09 
3.93526e-09 1.67054e-08 4.32489e-08 9.7702e-08 2.12479e-07 4.51812e-07 9.39521e-07 1.89444e-06 3.64058e-06 6.52017e-06 1.07832e-05 1.73145e-05 2.76175e-05 4.05221e-05 6.1794e-05 6.49432e-05 4.84983e-05 3.44288e-05 2.57117e-05 2.05986e-05 1.76238e-05 1.58942e-05 1.48953e-05 1.43381e-05 1.40607e-05 1.39773e-05 1.40607e-05 1.43381e-05 1.48953e-05 1.58942e-05 1.76238e-05 2.05986e-05 2.57117e-05 3.44288e-05 4.84983e-05 6.49432e-05 6.1794e-05 4.05221e-05 2.76175e-05 1.73145e-05 1.07832e-05 6.52017e-06 3.64058e-06 1.89444e-06 9.39521e-07 4.51812e-07 2.12479e-07 9.7702e-08 4.32489e-08 1.67054e-08 3.93526e-09 
9.43095e-09 2.93758e-08 6.96476e-08 1.54732e-07 3.34927e-07 7.10349e-07 1.47046e-06 2.93235e-06 5.51271e-06 9.55883e-06 1.54009e-05 2.43362e-05 3.56961e-05 5.43396e-05 6.91488e-05 5.83032e-05 4.2049e-05 3.04521e-05 2.35259e-05 1.94706e-05 1.70862e-05 1.56694e-05 1.48252e-05 1.43314e-05 1.40653e-05 1.39704e-05 1.4046e-05 1.43467e-05 1.49897e-05 1.61829e-05 1.8293e-05 2.19567e-05 2.82681e-05 3.89932e-05 5.53543e-05 6.40084e-05 4.57577e-05 3.0351e-05 1.9022e-05 1.15481e-05 7.23742e-06 4.27863e-06 2.33829e-06 1.20271e-06 5.93968e-07 2.85345e-07 1.33961e-07 6.11539e-08 2.602e-08 8.21689e-09 8.21689e-09 
4.51587e-09 1.86709e-08 4.83469e-08 1.1035e-07 2.42833e-07 5.22986e-07 1.10291e-06 2.25807e-06 4.40767e-06 8.00023e-06 1.32744e-05 2.07004e-05 3.08588e-05 4.2698e-05 6.4502e-05 6.54937e-05 5.08114e-05 3.62152e-05 2.71189e-05 2.17537e-05 1.85835e-05 1.66765e-05 1.55085e-05 1.4782e-05 1.43289e-05 1.40607e-05 1.39486e-05 1.40187e-05 1.43536e-05 1.51055e-05 1.65334e-05 1.90779e-05 2.3498e-05 3.11833e-05 4.41948e-05 5.85691e-05 5.03498e-05 3.286e-05 2.00829e-05 1.19135e-05 7.52404e-06 4.71554e-06 2.73855e-06 1.47862e-06 7.56995e-07 3.73689e-07 1.79546e-07 8.40601e-08 3.77437e-08 1.4585e-08 3.32092e-09 
1.05189e-08 3.2315e-08 7.70448e-08 1.72588e-07 3.76589e-07 8.04879e-07 1.6778e-06 3.3643e-06 6.34225e-06 1.09475e-05 1.72121e-05 2.58063e-05 3.57877e-05 4.96761e-05 6.63873e-05 5.91529e-05 4.29082e-05 3.13662e-05 2.44741e-05 2.03882e-05 1.7919e-05 1.63888e-05 1.54119e-05 1.47674e-05 1.43314e-05 1.4046e-05 1.39094e-05 1.39746e-05 1.43542e-05 1.52384e-05 1.69304e-05 1.99348e-05 2.51935e-05 3.4522e-05 4.78268e-05 5.2456e-05 3.47967e-05 2.09758e-05 1.18646e-05 7.37899e-06 4.84283e-06 3.01348e-06 1.72999e-06 9.28765e-07 4.751e-07 2.34759e-07 1.12751e-07 5.2437e-08 2.25459e-08 6.97132e-09 6.97132e-09 
5.01771e-09 2.02996e-08 5.24754e-08 1.20367e-07 2.66009e-07 5.7445e-07 1.21207e-06 2.475e-06 4.79856e-06 8.60121e-06 1.39272e-05 2.07717e-05 2.90838e-05 3.99261e-05 6.42953e-05 6.29013e-05 4.99017e-05 3.6201e-05 2.75826e-05 2.24743e-05 1.93819e-05 1.74594e-05 1.62184e-05 1.53796e-05 1.4782e-05 1.43381e-05 1.40187e-05 1.38485e-05 1.39082e-05 1.43435e-05 1.53756e-05 1.73368e-05 2.08225e-05 2.70452e-05 3.72603e-05 4.62519e-05 3.77829e-05 2.12313e-05 1.15921e-05 6.88354e-06 4.63326e-06 3.09008e-06 1.90767e-06 1.0877e-06 5.82704e-07 2.9829e-07 1.47501e-07 7.06703e-08 3.22744e-08 1.24654e-08 2.71489e-09 
1.13814e-08 3.45024e-08 8.23335e-08 1.84654e-07 4.02425e-07 8.56275e-07 1.7692e-06 3.49712e-06 6.45936e-06 1.08476e-05 1.63963e-05 2.28683e-05 3.11639e-05 4.56844e-05 5.99446e-05 5.48317e-05 4.13065e-05 3.09835e-05 2.47705e-05 2.10238e-05 1.86963e-05 1.71904e-05 1.61619e-05 1.54119e-05 1.48252e-05 1.43467e-05 1.39746e-05 1.376e-05 1.3814e-05 1.43094e-05 1.54867e-05 1.77082e-05 2.17107e-05 2.85397e-05 3.73167e-05 3.6022e-05 2.05832e-05 1.09584e-05 6.21485e-06 4.14212e-06 2.9396e-06 1.96513e-06 1.20458e-06 6.83958e-07 3.66189e-07 1.87597e-07 9.27095e-08 4.40869e-08 1.91734e-08 5.77459e-09 5.77459e-09 
5.39658e-09 2.14063e-08 5.50475e-08 1.26056e-07 2.77377e-07 5.94056e-07 1.23664e-06 2.47536e-06 4.67261e-06 8.10637e-06 1.26402e-05 1.76703e-05 2.39365e-05 3.43327e-05 4.851e-05 5.48039e-05 4.53723e-05 3.44739e-05 2.71524e-05 2.27618e-05 2.00505e-05 1.82996e-05 1.71017e-05 1.62184e-05 1.55085e-05 1.48953e-05 1.43536e-05 1.39082e-05 1.36381e-05 1.36797e-05 1.42252e-05 1.55319e-05 1.80002e-05 2.23402e-05 2.84911e-05 3.14968e-05 1.66104e-05 1.04844e-05 5.38622e-06 3.49706e-06 2.59104e-06 1.8791e-06 1.25022e-06 7.61387e-07 4.31045e-07 2.30709e-07 1.18182e-07 5.82192e-08 2.71085e-08 1.0458e-08 2.15274e-09 
1.19253e-08 3.56196e-08 8.45681e-08 1.88365e-07 4.05912e-07 8.49199e-07 1.71314e-06 3.28185e-06 5.83954e-06 9.41938e-06 1.35214e-05 1.79841e-05 2.49089e-05 3.10583e-05 4.64396e-05 4.63842e-05 3.74149e-05 2.93926e-05 2.44575e-05 2.14366e-05 1.9495e-05 1.81697e-05 1.71904e-05 1.63888e-05 1.56694e-05 1.49897e-05 1.43542e-05 1.3814e-05 1.34703e-05 1.34797e-05 1.40554e-05 1.54747e-05 1.80608e-05 2.20175e-05 2.50152e-05 1.82246e-05 9.02545e-06 4.66047e-06 2.77557e-06 2.12517e-06 1.66219e-06 1.20741e-06 7.96741e-07 4.82291e-07 2.72369e-07 1.45682e-07 7.45084e-08 3.63711e-08 1.60245e-08 4.68465e-09 4.68465e-09 
5.61343e-09 2.18298e-08 5.55681e-08 1.26078e-07 2.73672e-07 5.74807e-07 1.16508e-06 2.25325e-06 4.08312e-06 6.78132e-06 1.00948e-05 1.35398e-05 1.79567e-05 2.25285e-05 3.14248e-05 4.08354e-05 3.86228e-05 3.10073e-05 2.58794e-05 2.2714e-05 2.0692e-05 1.93143e-05 1.82996e-05 1.74594e-05 1.66765e-05 1.58942e-05 1.51055e-05 1.43435e-05 1.36797e-05 1.32309e-05 1.3181e-05 1.37729e-05 1.52233e-05 1.74695e-05 1.97269e-05 1.64741e-05 8.33735e-06 3.87944e-06 2.11431e-06 1.61684e-06 1.36224e-06 1.08025e-06 7.77951e-07 5.0851e-07 3.06106e-07 1.72465e-07 9.21134e-08 4.69052e-08 2.23441e-08 8.62205e-09 1.6604e-09 
1.20757e-08 3.54254e-08 8.30997e-08 1.82237e-07 3.84374e-07 7.81489e-07 1.52027e-06 2.78961e-06 4.73874e-06 7.30033e-06 1.00987e-05 1.3059e-05 1.60638e-05 2.07976e-05 3.13755e-05 3.51812e-05 3.11484e-05 2.66401e-05 2.36499e-05 2.17525e-05 2.04516e-05 1.9495e-05 1.86963e-05 1.7919e-05 1.70862e-05 1.61829e-05 1.52384e-05 1.43094e-05 1.34797e-05 1.28877e-05 1.27644e-05 1.33171e-05 1.45317e-05 1.5624e-05 1.43268e-05 6.20812e-06 3.59943e-06 1.5278e-06 1.14801e-06 1.03568e-06 8.95614e-07 7.05393e-07 5.01557e-07 3.24789e-07 1.94531e-07 1.09333e-07 5.82317e-08 2.93279e-08 1.31369e-08 3.73231e-09 3.73231e-09 
5.63913e-09 2.14624e-08 5.37553e-08 1.19864e-07 2.54273e-07 5.1833e-07 1.01197e-06 1.87237e-06 3.23358e-06 5.12233e-06 7.34333e-06 9.59392e-06 1.15998e-05 1.41542e-05 1.67391e-05 2.9196e-05 2.78305e-05 2.61001e-05 2.38976e-05 2.24462e-05 2.14445e-05 2.0692e-05 2.00505e-05 1.93819e-05 1.85835e-05 1.76238e-05 1.65334e-05 1.53756e-05 1.42252e-05 1.3181e-05 1.24238e-05 1.21883e-05 1.25321e-05 1.30366e-05 1.18475e-05 7.24095e-06 3.00539e-06 1.18948e-06 7.50205e-07 7.39127e-07 6.91027e-07 5.93795e-07 4.60584e-07 3.23085e-07 2.07435e-07 1.23681e-07 6.93111e-08 3.67071e-08 1.79815e-08 6.97329e-09 1.25174e-09 
1.17886e-08 3.38173e-08 7.77896e-08 1.66504e-07 3.40522e-07 6.66469e-07 1.23979e-06 2.16636e-06 3.50553e-06 5.18577e-06 6.97426e-06 8.49147e-06 9.95018e-06 1.12762e-05 1.56143e-05 2.19159e-05 2.31416e-05 2.2882e-05 2.24403e-05 2.20662e-05 2.17525e-05 2.14366e-05 2.10238e-05 2.03882e-05 1.94706e-05 1.8293e-05 1.69304e-05 1.54867e-05 1.40554e-05 1.27644e-05 1.18042e-05 1.13443e-05 1.12059e-05 1.0273e-05 6.6425e-06 2.86827e-06 9.27868e-07 4.63344e-07 5.02705e-07 5.04862e-07 4.66598e-07 3.93627e-07 2.99978e-07 2.07766e-07 1.32396e-07 7.86056e-08 4.38726e-08 2.29375e-08 1.05066e-08 2.92253e-09 2.92253e-09 
5.45978e-09 2.02782e-08 4.96441e-08 1.0791e-07 2.21801e-07 4.3513e-07 8.12385e-07 1.4312e-06 2.35272e-06 3.56893e-06 4.95103e-06 6.20897e-06 7.15335e-06 8.04115e-06 9.38567e-06 1.31206e-05 1.77784e-05 1.97771e-05 2.12294e-05 2.19902e-05 2.24462e-05 2.2714e-05 2.27618e-05 2.24743e-05 2.17537e-05 2.05986e-05 1.90779e-05 1.73368e-05 1.55319e-05 1.37729e-05 1.21883e-05 1.09351e-05 1.01041e-05 9.03044e-06 6.37025e-06 2.1511e-06 8.84408e-07 2.58175e-07 3.38293e-07 3.60575e-07 3.48742e-07 3.14916e-07 2.59892e-07 1.94688e-07 1.33331e-07 8.44056e-08 4.98941e-08 2.76521e-08 1.40178e-08 5.50515e-09 9.27708e-10 
1.10638e-08 3.08785e-08 6.91324e-08 1.43288e-07 2.81994e-07 5.27957e-07 9.35496e-07 1.55571e-06 2.40604e-06 3.42955e-06 4.45064e-06 5.24169e-06 5.78341e-06 6.35779e-06 7.77436e-06 1.09771e-05 1.45246e-05 1.81967e-05 2.0732e-05 2.24403e-05 2.36499e-05 2.44575e-05 2.47705e-05 2.44741e-05 2.35259e-05 2.19567e-05 1.99348e-05 1.77082e-05 1.54747e-05 1.33171e-05 1.13443e-05 9.71929e-06 8.26649e-06 5.95989e-06 2.18863e-06 7.68338e-07 1.56703e-07 2.32485e-07 2.64288e-07 2.57004e-07 2.40212e-07 2.11361e-07 1.70673e-07 1.25887e-07 8.53762e-08 5.37264e-08 3.15874e-08 1.72485e-08 8.13597e-09 2.24322e-09 2.24322e-09 
5.08168e-09 1.8354e-08 4.36321e-08 9.17777e-08 1.81527e-07 3.40822e-07 6.06507e-07 1.01721e-06 1.59652e-06 2.3265e-06 3.11423e-06 3.79838e-06 4.25853e-06 4.57331e-06 5.1256e-06 6.33184e-06 8.87857e-06 1.30631e-05 1.77533e-05 2.12294e-05 2.38976e-05 2.58794e-05 2.71524e-05 2.75826e-05 2.71189e-05 2.57117e-05 2.3498e-05 2.08225e-05 1.80002e-05 1.52233e-05 1.25321e-05 1.01041e-05 8.00085e-06 5.63938e-06 2.75754e-06 7.01887e-07 1.39955e-07 1.63988e-07 2.04468e-07 1.96113e-07 1.80976e-07 1.64181e-07 1.40819e-07 1.11469e-07 8.11166e-08 5.45491e-08 3.41256e-08 1.98924e-08 1.05006e-08 4.21247e-09 6.78545e-10 
9.95398e-09 2.68916e-08 5.8206e-08 1.16088e-07 2.18762e-07 3.90711e-07 6.595e-07 1.04676e-06 1.55236e-06 2.13249e-06 2.69172e-06 3.12381e-06 3.39077e-06 3.63828e-06 4.23482e-06 5.41303e-06 7.54998e-06 1.27816e-05 1.81967e-05 2.2882e-05 2.66401e-05 2.93926e-05 3.09835e-05 3.13662e-05 3.04521e-05 2.82681e-05 2.51935e-05 2.17107e-05 1.80608e-05 1.45317e-05 1.12059e-05 8.26649e-06 5.53562e-06 2.91006e-06 7.2019e-07 1.66792e-07 1.23456e-07 1.635e-07 1.58635e-07 1.41175e-07 1.25934e-07 1.11155e-07 9.3121e-08 7.24371e-08 5.21057e-08 3.47749e-08 2.16061e-08 1.23837e-08 6.05491e-09 1.67776e-09 1.67776e-09 
4.53446e-09 1.58714e-08 3.64255e-08 7.37169e-08 1.39682e-07 2.50398e-07 4.24838e-07 6.8019e-07 1.0228e-06 1.43488e-06 1.86573e-06 2.24524e-06 2.51983e-06 2.70418e-06 3.00751e-06 3.5954e-06 4.67372e-06 7.06831e-06 1.30631e-05 1.97771e-05 2.61001e-05 3.10073e-05 3.44739e-05 3.6201e-05 3.62152e-05 3.44288e-05 3.11833e-05 2.70452e-05 2.23402e-05 1.74695e-05 1.30366e-05 9.03044e-06 5.63938e-06 2.89742e-06 6.97942e-07 1.91626e-07 1.02125e-07 1.31537e-07 1.32971e-07 1.16849e-07 9.97631e-08 8.65884e-08 7.45356e-08 6.11607e-08 4.68698e-08 3.33786e-08 2.21135e-08 1.36002e-08 7.51243e-09 3.10218e-09 4.89123e-10 
8.56314e-09 2.22965e-08 4.64161e-08 8.87221e-08 1.59768e-07 2.72313e-07 4.39037e-07 6.67515e-07 9.52486e-07 1.26935e-06 1.57786e-06 1.83786e-06 2.03233e-06 2.21949e-06 2.59174e-06 3.18965e-06 4.39765e-06 7.54998e-06 1.45246e-05 2.31416e-05 3.11484e-05 3.74149e-05 4.13065e-05 4.29082e-05 4.2049e-05 3.89932e-05 3.4522e-05 2.85397e-05 2.20175e-05 1.5624e-05 1.0273e-05 5.95989e-06 2.91006e-06 6.82664e-07 2.04988e-07 9.66242e-08 1.0573e-07 1.11863e-07 1.00753e-07 8.3826e-08 6.94582e-08 5.88463e-08 4.95435e-08 3.99364e-08 3.02183e-08 2.13291e-08 1.40142e-08 8.45661e-09 4.30729e-09 1.21377e-09 1.21377e-09 
3.86974e-09 1.30896e-08 2.88778e-08 5.60266e-08 1.01525e-07 1.73852e-07 2.81958e-07 4.32568e-07 6.25811e-07 8.51032e-07 1.08727e-06 1.31016e-06 1.50261e-06 1.6761e-06 1.90243e-06 2.35459e-06 3.06571e-06 4.67372e-06 8.87857e-06 1.77784e-05 2.78305e-05 3.86228e-05 4.53723e-05 4.99017e-05 5.08114e-05 4.84983e-05 4.41948e-05 3.72603e-05 2.84911e-05 1.97269e-05 1.18475e-05 6.37025e-06 2.75754e-06 6.97942e-07 2.10829e-07 9.58399e-08 8.79361e-08 9.3698e-08 8.78046e-08 7.3744e-08 5.90289e-08 4.77128e-08 3.9569e-08 3.26843e-08 2.59542e-08 1.94261e-08 1.35953e-08 8.82853e-09 5.11795e-09 2.18713e-09 3.45068e-10 
7.03206e-09 1.75953e-08 3.51216e-08 6.42437e-08 1.10614e-07 1.80381e-07 2.78844e-07 4.08032e-07 5.64196e-07 7.37468e-07 9.14934e-07 1.0859e-06 1.25141e-06 1.43877e-06 1.72325e-06 2.27367e-06 3.18965e-06 5.41303e-06 1.09771e-05 2.19159e-05 3.51812e-05 4.63842e-05 5.48317e-05 5.91529e-05 5.83032e-05 5.53543e-05 4.78268e-05 3.73167e-05 2.50152e-05 1.43268e-05 6.6425e-06 2.18863e-06 7.2019e-07 2.04988e-07 9.6485e-08 7.70887e-08 7.98078e-08 7.66193e-08 6.6057e-08 5.27173e-08 4.09221e-08 3.23797e-08 2.63628e-08 2.14303e-08 1.68053e-08 1.24586e-08 8.63785e-09 5.49186e-09 2.9217e-09 8.43963e-10 8.43963e-10 
3.15352e-09 1.0292e-08 2.17768e-08 4.04552e-08 7.01535e-08 1.15044e-07 1.79043e-07 2.64527e-07 3.70882e-07 4.94106e-07 6.28247e-07 7.68208e-07 9.14531e-07 1.08088e-06 1.30399e-06 1.66361e-06 2.35459e-06 3.5954e-06 6.33184e-06 1.31206e-05 2.9196e-05 4.08354e-05 5.48039e-05 6.29013e-05 6.54937e-05 6.49432e-05 5.85691e-05 4.62519e-05 3.14968e-05 1.64741e-05 7.24095e-06 2.1511e-06 7.01887e-07 1.91626e-07 9.58399e-08 7.36021e-08 7.0842e-08 6.78308e-08 5.95508e-08 4.82208e-08 3.69743e-08 2.79827e-08 2.17424e-08 1.74313e-08 1.39848e-08 1.08519e-08 7.97295e-09 5.4564e-09 3.32151e-09 1.47263e-09 2.36033e-10 
5.51029e-09 1.32347e-08 2.53107e-08 4.43409e-08 7.318e-08 1.14619e-07 1.7077e-07 2.42264e-07 3.27968e-07 4.25708e-07 5.339e-07 6.54282e-07 7.96319e-07 9.83011e-07 1.25968e-06 1.72325e-06 2.59174e-06 4.23482e-06 7.77436e-06 1.56143e-05 3.13755e-05 4.64396e-05 5.99446e-05 6.63873e-05 6.91488e-05 6.40084e-05 5.2456e-05 3.6022e-05 1.82246e-05 6.20812e-06 2.86827e-06 7.68338e-07 1.66792e-07 9.66242e-08 7.70887e-08 6.77731e-08 6.2117e-08 5.44015e-08 4.45494e-08 3.43654e-08 2.55169e-08 1.89078e-08 1.44702e-08 1.14572e-08 9.09498e-09 6.99415e-09 5.0886e-09 3.40271e-09 1.89098e-09 5.61884e-10 5.61884e-10 
2.45332e-09 7.72463e-09 1.56738e-08 2.79089e-08 4.64317e-08 7.32023e-08 1.09898e-07 1.57505e-07 2.16154e-07 2.85523e-07 3.65845e-07 4.59644e-07 5.74624e-07 7.27739e-07 9.50891e-07 1.30399e-06 1.90243e-06 3.00751e-06 5.1256e-06 9.38567e-06 1.67391e-05 3.14248e-05 4.851e-05 6.42953e-05 6.4502e-05 6.1794e-05 5.03498e-05 3.77829e-05 1.66104e-05 8.33735e-06 3.00539e-06 8.84408e-07 1.39955e-07 1.02125e-07 8.79361e-08 7.0842e-08 6.01418e-08 5.10446e-08 4.16506e-08 3.23384e-08 2.40126e-08 1.73688e-08 1.26467e-08 9.56127e-09 7.49779e-09 5.90217e-09 4.50149e-09 3.23038e-09 2.06072e-09 9.47392e-10 1.55303e-10 
4.12485e-09 9.51752e-09 1.74625e-08 2.9376e-08 4.66541e-08 7.05553e-08 1.02043e-07 1.41704e-07 1.90002e-07 2.47928e-07 3.1817e-07 4.07121e-07 5.27969e-07 7.05208e-07 9.83011e-07 1.43877e-06 2.21949e-06 3.63828e-06 6.35779e-06 1.12762e-05 2.07976e-05 3.10583e-05 4.56844e-05 4.96761e-05 5.43396e-05 4.57577e-05 3.47967e-05 2.05832e-05 9.02545e-06 3.59943e-06 9.27868e-07 1.56703e-07 1.23456e-07 1.0573e-07 7.98078e-08 6.2117e-08 4.98789e-08 3.97553e-08 3.07545e-08 2.29173e-08 1.65064e-08 1.16849e-08 8.38741e-09 6.28294e-09 4.89301e-09 3.82626e-09 2.89189e-09 2.02409e-09 1.17183e-09 3.57905e-10 3.57905e-10 
1.82439e-09 5.54962e-09 1.08185e-08 1.85157e-08 2.96714e-08 4.52103e-08 6.59375e-08 9.25256e-08 1.25681e-07 1.66578e-07 2.17669e-07 2.84109e-07 3.76105e-07 5.12605e-07 7.27739e-07 1.08088e-06 1.6761e-06 2.70418e-06 4.57331e-06 8.04115e-06 1.41542e-05 2.25285e-05 3.43327e-05 3.99261e-05 4.2698e-05 4.05221e-05 3.286e-05 2.12313e-05 1.04844e-05 3.87944e-06 1.18948e-06 2.58175e-07 1.63988e-07 1.31537e-07 9.3698e-08 6.78308e-08 5.10446e-08 3.90945e-08 2.97166e-08 2.20782e-08 1.59294e-08 1.11924e-08 7.78325e-09 5.52455e-09 4.11291e-09 3.18911e-09 2.47975e-09 1.84892e-09 1.2297e-09 5.8416e-10 9.78467e-11 
2.95765e-09 6.57235e-09 1.16047e-08 1.88227e-08 2.89194e-08 4.25218e-08 6.02338e-08 8.27553e-08 1.11178e-07 1.47544e-07 1.95861e-07 2.6385e-07 3.6586e-07 5.27969e-07 7.96319e-07 1.25141e-06 2.03233e-06 3.39077e-06 5.78341e-06 9.95018e-06 1.60638e-05 2.49089e-05 3.11639e-05 3.57877e-05 3.56961e-05 3.0351e-05 2.09758e-05 1.09584e-05 4.66047e-06 1.5278e-06 4.63344e-07 2.32485e-07 1.635e-07 1.11863e-07 7.66193e-08 5.44015e-08 3.97553e-08 2.93533e-08 2.1528e-08 1.55018e-08 1.08981e-08 7.50181e-09 5.14109e-09 3.61968e-09 2.68666e-09 2.0788e-09 1.60581e-09 1.16612e-09 6.99258e-10 2.18524e-10 2.18524e-10 
1.30049e-09 3.83211e-09 7.20189e-09 1.1898e-08 1.84638e-08 2.73758e-08 3.91229e-08 5.43022e-08 7.38215e-08 9.92868e-08 1.33716e-07 1.82805e-07 2.57138e-07 3.76105e-07 5.74624e-07 9.14531e-07 1.50261e-06 2.51983e-06 4.25853e-06 7.15335e-06 1.15998e-05 1.79567e-05 2.39365e-05 2.90838e-05 3.08588e-05 2.76175e-05 2.00829e-05 1.15921e-05 5.38622e-06 2.11431e-06 7.50205e-07 3.38293e-07 2.04468e-07 1.32971e-07 8.78046e-08 5.95508e-08 4.16506e-08 2.97166e-08 2.13346e-08 1.52221e-08 1.0692e-08 7.35787e-09 4.9785e-09 3.37219e-09 2.36289e-09 1.75426e-09 1.35629e-09 1.03522e-09 7.11494e-10 3.46978e-10 5.89609e-11 
2.03956e-09 4.38158e-09 7.47856e-09 1.17594e-08 1.75965e-08 2.53654e-08 3.55378e-08 4.8823e-08 6.64345e-08 9.05857e-08 1.2539e-07 1.78467e-07 2.6385e-07 4.07121e-07 6.54282e-07 1.0859e-06 1.83786e-06 3.12381e-06 5.24169e-06 8.49147e-06 1.3059e-05 1.79841e-05 2.28683e-05 2.58063e-05 2.43362e-05 1.9022e-05 1.18646e-05 6.21485e-06 2.77557e-06 1.14801e-06 5.02705e-07 2.64288e-07 1.58635e-07 1.00753e-07 6.6057e-08 4.45494e-08 3.07545e-08 2.1528e-08 1.51235e-08 1.05583e-08 7.26697e-09 4.91171e-09 3.27562e-09 2.19941e-09 1.53936e-09 1.14665e-09 8.84919e-10 6.57554e-10 4.04695e-10 1.28383e-10 1.28383e-10 
8.9233e-10 2.55642e-09 4.65366e-09 7.46244e-09 1.12895e-08 1.64199e-08 2.32097e-08 3.21911e-08 4.42552e-08 6.09925e-08 8.53197e-08 1.22616e-07 1.82805e-07 2.84109e-07 4.59644e-07 7.68208e-07 1.31016e-06 2.24524e-06 3.79838e-06 6.20897e-06 9.59392e-06 1.35398e-05 1.76703e-05 2.07717e-05 2.07004e-05 1.73145e-05 1.19135e-05 6.88354e-06 3.49706e-06 1.61684e-06 7.39127e-07 3.60575e-07 1.96113e-07 1.16849e-07 7.3744e-08 4.82208e-08 3.23384e-08 2.20782e-08 1.52221e-08 1.05109e-08 7.20928e-09 4.87785e-09 3.24636e-09 2.13906e-09 1.4283e-09 1.00251e-09 7.50774e-10 5.74612e-10 4.02778e-10 1.99791e-10 3.40306e-11 
1.35951e-09 2.83736e-09 4.70804e-09 7.22465e-09 1.06121e-08 1.51326e-08 2.11744e-08 2.93782e-08 4.08685e-08 5.76832e-08 8.35605e-08 1.2539e-07 1.95861e-07 3.1817e-07 5.339e-07 9.14934e-07 1.57786e-06 2.69172e-06 4.45064e-06 6.97426e-06 1.00987e-05 1.35214e-05 1.63963e-05 1.72121e-05 1.54009e-05 1.15481e-05 7.37899e-06 4.14212e-06 2.12517e-06 1.03568e-06 5.04862e-07 2.57004e-07 1.41175e-07 8.3826e-08 5.27173e-08 3.43654e-08 2.29173e-08 1.55018e-08 1.05583e-08 7.18878e-09 4.85781e-09 3.23857e-09 2.12656e-09 1.38772e-09 9.24828e-10 6.53574e-10 4.91657e-10 3.66893e-10 2.28935e-10 7.29471e-11 7.29471e-11 
5.92419e-10 1.65741e-09 2.93935e-09 4.60562e-09 6.84489e-09 9.85083e-09 1.39013e-08 1.94491e-08 2.72795e-08 3.87996e-08 5.65749e-08 8.53197e-08 1.33716e-07 2.17669e-07 3.65845e-07 6.28247e-07 1.08727e-06 1.86573e-06 3.11423e-06 4.95103e-06 7.34333e-06 1.00948e-05 1.26402e-05 1.39272e-05 1.32744e-05 1.07832e-05 7.52404e-06 4.63326e-06 2.59104e-06 1.36224e-06 6.91027e-07 3.48742e-07 1.80976e-07 9.97631e-08 5.90289e-08 3.69743e-08 2.40126e-08 1.59294e-08 1.0692e-08 7.20928e-09 4.85067e-09 3.23568e-09 2.12898e-09 1.38163e-09 8.95232e-10 5.97922e-10 4.26713e-10 3.20126e-10 2.2509e-10 1.12287e-10 1.88786e-11 
8.81167e-10 1.79683e-09 2.91782e-09 4.40271e-09 6.40153e-09 9.11113e-09 1.28478e-08 1.81539e-08 2.5992e-08 3.81053e-08 5.76832e-08 9.05857e-08 1.47544e-07 2.47928e-07 4.25708e-07 7.37468e-07 1.26935e-06 2.13249e-06 3.42955e-06 5.18577e-06 7.30033e-06 9.41938e-06 1.08476e-05 1.09475e-05 9.55883e-06 7.23742e-06 4.84283e-06 2.9396e-06 1.66219e-06 8.95614e-07 4.66598e-07 2.40212e-07 1.25934e-07 6.94582e-08 4.09221e-08 2.55169e-08 1.65064e-08 1.08981e-08 7.26697e-09 4.85781e-09 3.23467e-09 2.13271e-09 1.38663e-09 8.90792e-10 5.74822e-10 3.86442e-10 2.78466e-10 2.04504e-10 1.27557e-10 4.03282e-11 4.03282e-11 
3.82837e-10 1.05123e-09 1.82827e-09 2.81999e-09 4.15083e-09 5.96177e-09 8.47162e-09 1.20518e-08 1.73558e-08 2.55589e-08 3.87996e-08 6.09925e-08 9.92868e-08 1.66578e-07 2.85523e-07 4.94106e-07 8.51032e-07 1.43488e-06 2.3265e-06 3.56893e-06 5.12233e-06 6.78132e-06 8.10637e-06 8.60121e-06 8.00023e-06 6.52017e-06 4.71554e-06 3.09008e-06 1.8791e-06 1.08025e-06 5.93795e-07 3.14916e-07 1.64181e-07 8.65884e-08 4.77128e-08 2.79827e-08 1.73688e-08 1.11924e-08 7.35787e-09 4.87785e-09 3.23568e-09 2.13412e-09 1.39192e-09 8.9509e-10 5.70197e-10 3.67727e-10 2.49761e-10 1.80481e-10 1.25142e-10 6.20361e-11 1.0124e-11 
5.58983e-10 1.12078e-09 1.79415e-09 2.68305e-09 3.89359e-09 5.57666e-09 7.98486e-09 1.15592e-08 1.70868e-08 2.5992e-08 4.08685e-08 6.64345e-08 1.11178e-07 1.90002e-07 3.27968e-07 5.64196e-07 9.52486e-07 1.55236e-06 2.40604e-06 3.50553e-06 4.73874e-06 5.83954e-06 6.45936e-06 6.34225e-06 5.51271e-06 4.27863e-06 3.01348e-06 1.96513e-06 1.20741e-06 7.05393e-07 3.93627e-07 2.11361e-07 1.11155e-07 5.88463e-08 3.23797e-08 1.89078e-08 1.16849e-08 7.50181e-09 4.91171e-09 3.23857e-09 2.13271e-09 1.39392e-09 8.99756e-10 5.72735e-10 3.62524e-10 2.34593e-10 1.61145e-10 1.14614e-10 7.0504e-11 2.18523e-11 2.18523e-11 
2.42388e-10 6.56853e-10 1.12824e-09 1.72624e-09 2.53653e-09 3.66448e-09 5.28106e-09 7.68227e-09 1.13928e-08 1.73558e-08 2.72795e-08 4.42552e-08 7.38215e-08 1.25681e-07 2.16154e-07 3.70882e-07 6.25811e-07 1.0228e-06 1.59652e-06 2.35272e-06 3.23358e-06 4.08312e-06 4.67261e-06 4.79856e-06 4.40767e-06 3.64058e-06 2.73855e-06 1.90767e-06 1.25022e-06 7.77951e-07 4.60584e-07 2.59892e-07 1.40819e-07 7.45356e-08 3.9569e-08 2.17424e-08 1.26467e-08 7.78325e-09 4.9785e-09 3.24636e-09 2.12898e-09 1.39192e-09 9.01562e-10 5.76051e-10 3.63271e-10 2.29062e-10 1.49321e-10 1.03202e-10 6.9644e-11 3.39556e-11 5.30122e-12 
3.49434e-10 6.93537e-10 1.10259e-09 1.64665e-09 2.40283e-09 3.48678e-09 5.09635e-09 7.57981e-09 1.15592e-08 1.81539e-08 2.93782e-08 4.8823e-08 8.27553e-08 1.41704e-07 2.42264e-07 4.08032e-07 6.67515e-07 1.04676e-06 1.55571e-06 2.16636e-06 2.78961e-06 3.28185e-06 3.49712e-06 3.3643e-06 2.93235e-06 2.33829e-06 1.72999e-06 1.20458e-06 7.96741e-07 5.01557e-07 2.99978e-07 1.70673e-07 9.3121e-08 4.95435e-08 2.63628e-08 1.44702e-08 8.38741e-09 5.14109e-09 3.27562e-09 2.12656e-09 1.38663e-09 8.99756e-10 5.77393e-10 3.65205e-10 2.28417e-10 1.43953e-10 9.47556e-11 6.47978e-11 3.89401e-11 1.17279e-11 1.17279e-11 
1.51364e-10 4.07132e-10 6.95583e-10 1.06346e-09 1.57108e-09 2.29767e-09 3.37506e-09 5.03365e-09 7.68227e-09 1.20518e-08 1.94491e-08 3.21911e-08 5.43022e-08 9.25256e-08 1.57505e-07 2.64527e-07 4.32568e-07 6.8019e-07 1.01721e-06 1.4312e-06 1.87237e-06 2.25325e-06 2.47536e-06 2.475e-06 2.25807e-06 1.89444e-06 1.47862e-06 1.0877e-06 7.61387e-07 5.0851e-07 3.23085e-07 1.94688e-07 1.11469e-07 6.11607e-08 3.26843e-08 1.74313e-08 9.56127e-09 5.52455e-09 3.37219e-09 2.13906e-09 1.38163e-09 8.9509e-10 5.76051e-10 3.6606e-10 2.29217e-10 1.42429e-10 9.00747e-11 5.97222e-11 3.90115e-11 1.86003e-11 2.76802e-12 
2.16692e-10 4.28566e-10 6.81421e-10 1.02317e-09 1.51041e-09 2.23102e-09 3.33702e-09 5.09635e-09 7.98486e-09 1.28478e-08 2.11744e-08 3.55378e-08 6.02338e-08 1.02043e-07 1.7077e-07 2.78844e-07 4.39037e-07 6.595e-07 9.35496e-07 1.23979e-06 1.52027e-06 1.71314e-06 1.7692e-06 1.6778e-06 1.47046e-06 1.20271e-06 9.28765e-07 6.83958e-07 4.82291e-07 3.24789e-07 2.07766e-07 1.25887e-07 7.24371e-08 3.99364e-08 2.14303e-08 1.14572e-08 6.28294e-09 3.61968e-09 2.19941e-09 1.38772e-09 8.90792e-10 5.72735e-10 3.65205e-10 2.29662e-10 1.42423e-10 8.81707e-11 5.6175e-11 3.70307e-11 2.16896e-11 6.34303e-12 6.34303e-12 
9.3824e-11 2.5189e-10 4.30918e-10 6.62549e-10 9.89659e-10 1.47153e-09 2.20825e-09 3.37506e-09 5.28106e-09 8.47162e-09 1.39013e-08 2.32097e-08 3.91229e-08 6.59375e-08 1.09898e-07 1.79043e-07 2.81958e-07 4.24838e-07 6.06507e-07 8.12385e-07 1.01197e-06 1.16508e-06 1.23664e-06 1.21207e-06 1.10291e-06 9.39521e-07 7.56995e-07 5.82704e-07 4.31045e-07 3.06106e-07 2.07435e-07 1.33331e-07 8.11166e-08 4.68698e-08 2.59542e-08 1.39848e-08 7.49779e-09 4.11291e-09 2.36289e-09 1.4283e-09 8.95232e-10 5.70197e-10 3.63271e-10 2.29217e-10 1.42563e-10 8.76691e-11 5.43226e-11 3.49052e-11 2.21583e-11 1.03515e-11 1.49843e-12 
1.34083e-10 2.65883e-10 4.25368e-10 6.45535e-10 9.67826e-10 1.45819e-09 2.23102e-09 3.48678e-09 5.57666e-09 9.11113e-09 1.51326e-08 2.53654e-08 4.25218e-08 7.05553e-08 1.14619e-07 1.80381e-07 2.72313e-07 3.90711e-07 5.27957e-07 6.66469e-07 7.81489e-07 8.49199e-07 8.56275e-07 8.04879e-07 7.10349e-07 5.93968e-07 4.751e-07 3.66189e-07 2.72369e-07 1.94531e-07 1.32396e-07 8.53762e-08 5.21057e-08 3.02183e-08 1.68053e-08 9.09498e-09 4.89301e-09 2.68666e-09 1.53936e-09 9.24828e-10 5.74822e-10 3.62524e-10 2.28417e-10 1.42423e-10 8.76112e-11 5.35985e-11 3.34549e-11 2.1502e-11 1.23566e-11 3.55352e-12 3.55352e-12 
5.80435e-11 1.56323e-10 2.69296e-10 4.18399e-10 6.341e-10 9.60282e-10 1.47153e-09 2.29767e-09 3.66448e-09 5.96177e-09 9.85083e-09 1.64199e-08 2.73758e-08 4.52103e-08 7.32023e-08 1.15044e-07 1.73852e-07 2.50398e-07 3.40822e-07 4.3513e-07 5.1833e-07 5.74807e-07 5.94056e-07 5.7445e-07 5.22986e-07 4.51812e-07 3.73689e-07 2.9829e-07 2.30709e-07 1.72465e-07 1.23681e-07 8.44056e-08 5.45491e-08 3.33786e-08 1.94261e-08 1.08519e-08 5.90217e-09 3.18911e-09 1.75426e-09 1.00251e-09 5.97922e-10 3.67727e-10 2.29062e-10 1.42429e-10 8.76691e-11 5.34303e-11 3.27346e-11 2.06967e-11 1.2935e-11 5.98432e-12 8.82846e-13 
8.31524e-11 1.66171e-10 2.68656e-10 4.13276e-10 6.30105e-10 9.67826e-10 1.51041e-09 2.40283e-09 3.89359e-09 6.40153e-09 1.06121e-08 1.75965e-08 2.89194e-08 4.66541e-08 7.318e-08 1.10614e-07 1.59768e-07 2.18762e-07 2.81994e-07 3.40522e-07 3.84374e-07 4.05912e-07 4.02425e-07 3.76589e-07 3.34927e-07 2.85345e-07 2.34759e-07 1.87597e-07 1.45682e-07 1.09333e-07 7.86056e-08 5.37264e-08 3.47749e-08 2.13291e-08 1.24586e-08 6.99415e-09 3.82626e-09 2.0788e-09 1.14665e-09 6.53574e-10 3.86442e-10 2.34593e-10 1.43953e-10 8.81707e-11 5.35985e-11 3.25323e-11 2.01711e-11 1.28657e-11 7.35008e-12 2.12934e-12 2.12934e-12 
3.59782e-11 9.75882e-11 1.69941e-10 2.67404e-10 4.11441e-10 6.341e-10 9.89659e-10 1.57108e-09 2.53653e-09 4.15083e-09 6.84489e-09 1.12895e-08 1.84638e-08 2.96714e-08 4.64317e-08 7.01535e-08 1.01525e-07 1.39682e-07 1.81527e-07 2.21801e-07 2.54273e-07 2.73672e-07 2.77377e-07 2.66009e-07 2.42833e-07 2.12479e-07 1.79546e-07 1.47501e-07 1.18182e-07 9.21134e-08 6.93111e-08 4.98941e-08 3.41256e-08 2.21135e-08 1.35953e-08 7.97295e-09 4.50149e-09 2.47975e-09 1.35629e-09 7.50774e-10 4.26713e-10 2.49761e-10 1.49321e-10 9.00747e-11 5.43226e-11 3.27346e-11 2.00008e-11 1.26708e-11 7.92441e-12 3.67823e-12 5.74224e-13 
5.17992e-11 1.0465e-10 1.71217e-10 2.66885e-10 4.13276e-10 6.45535e-10 1.02317e-09 1.64665e-09 2.68305e-09 4.40271e-09 7.22465e-09 1.17594e-08 1.88227e-08 2.9376e-08 4.43409e-08 6.42437e-08 8.87221e-08 1.16088e-07 1.43288e-07 1.66504e-07 1.82237e-07 1.88365e-07 1.84654e-07 1.72588e-07 1.54732e-07 1.33961e-07 1.12751e-07 9.27095e-08 7.45084e-08 5.82317e-08 4.38726e-08 3.15874e-08 2.16061e-08 1.40142e-08 8.63785e-09 5.0886e-09 2.89189e-09 1.60581e-09 8.84919e-10 4.91657e-10 2.78466e-10 1.61145e-10 9.47556e-11 5.6175e-11 3.34549e-11 2.01711e-11 1.2588e-11 8.10756e-12 4.65266e-12 1.37957e-12 1.37957e-12 
2.23875e-11 6.12477e-11 1.07841e-10 1.71537e-10 2.67404e-10 4.18399e-10 6.62549e-10 1.06346e-09 1.72624e-09 2.81999e-09 4.60562e-09 7.46244e-09 1.1898e-08 1.85157e-08 2.79089e-08 4.04552e-08 5.60266e-08 7.37169e-08 9.17777e-08 1.0791e-07 1.19864e-07 1.26078e-07 1.26056e-07 1.20367e-07 1.1035e-07 9.7702e-08 8.40601e-08 7.06703e-08 5.82192e-08 4.69052e-08 3.67071e-08 2.76521e-08 1.98924e-08 1.36002e-08 8.82853e-09 5.4564e-09 3.23038e-09 1.84892e-09 1.03522e-09 5.74612e-10 3.20126e-10 1.80481e-10 1.03202e-10 5.97222e-11 3.49052e-11 2.06967e-11 1.26708e-11 8.14557e-12 5.15128e-12 2.40901e-12 3.9422e-13 
3.23574e-11 6.59784e-11 1.08775e-10 1.71217e-10 2.68656e-10 4.25368e-10 6.81421e-10 1.10259e-09 1.79415e-09 2.91782e-09 4.70804e-09 7.47856e-09 1.16047e-08 1.74625e-08 2.53107e-08 3.51216e-08 4.64161e-08 5.8206e-08 6.91324e-08 7.77896e-08 8.30997e-08 8.45681e-08 8.23335e-08 7.70448e-08 6.96476e-08 6.11539e-08 5.2437e-08 4.40869e-08 3.63711e-08 2.93279e-08 2.29375e-08 1.72485e-08 1.23837e-08 8.45661e-09 5.49186e-09 3.40271e-09 2.02409e-09 1.16612e-09 6.57554e-10 3.66893e-10 2.04504e-10 1.14614e-10 6.47978e-11 3.70307e-11 2.1502e-11 1.28657e-11 8.10756e-12 5.30764e-12 3.08068e-12 9.3096e-13 9.3096e-13 
1.39402e-11 3.82306e-11 6.74648e-11 1.07841e-10 1.69941e-10 2.69296e-10 4.30918e-10 6.95583e-10 1.12824e-09 1.82827e-09 2.93935e-09 4.65366e-09 7.20189e-09 1.08185e-08 1.56738e-08 2.17768e-08 2.88778e-08 3.64255e-08 4.36321e-08 4.96441e-08 5.37553e-08 5.55681e-08 5.50475e-08 5.24754e-08 4.83469e-08 4.32489e-08 3.77437e-08 3.22744e-08 2.71085e-08 2.23441e-08 1.79815e-08 1.40178e-08 1.05006e-08 7.51243e-09 5.11795e-09 3.32151e-09 2.06072e-09 1.2297e-09 7.11494e-10 4.02778e-10 2.2509e-10 1.25142e-10 6.9644e-11 3.90115e-11 2.21583e-11 1.2935e-11 7.92441e-12 5.15128e-12 3.32143e-12 1.58921e-12 2.63493e-13 
1.98903e-11 4.01728e-11 6.59784e-11 1.0465e-10 1.66171e-10 2.65883e-10 4.28566e-10 6.93537e-10 1.12078e-09 1.79683e-09 2.83736e-09 4.38158e-09 6.57235e-09 9.51752e-09 1.32347e-08 1.75953e-08 2.22965e-08 2.68916e-08 3.08785e-08 3.38173e-08 3.54254e-08 3.56196e-08 3.45024e-08 3.2315e-08 2.93758e-08 2.602e-08 2.25459e-08 1.91734e-08 1.60245e-08 1.31369e-08 1.05066e-08 8.13597e-09 6.05491e-09 4.30729e-09 2.9217e-09 1.89098e-09 1.17183e-09 6.99258e-10 4.04695e-10 2.28935e-10 1.27557e-10 7.0504e-11 3.89401e-11 2.16896e-11 1.23566e-11 7.35008e-12 4.65266e-12 3.08068e-12 1.86895e-12 5.98019e-13 5.98019e-13 
8.40933e-12 2.21803e-11 3.82306e-11 6.12477e-11 9.75882e-11 1.56323e-10 2.5189e-10 4.07132e-10 6.56853e-10 1.05123e-09 1.65741e-09 2.55642e-09 3.83211e-09 5.54962e-09 7.72463e-09 1.0292e-08 1.30896e-08 1.58714e-08 1.8354e-08 2.02782e-08 2.14624e-08 2.18298e-08 2.14063e-08 2.02996e-08 1.86709e-08 1.67054e-08 1.4585e-08 1.24654e-08 1.0458e-08 8.62205e-09 6.97329e-09 5.50515e-09 4.21247e-09 3.10218e-09 2.18713e-09 1.47263e-09 9.47392e-10 5.8416e-10 3.46978e-10 1.99791e-10 1.12287e-10 6.20361e-11 3.39556e-11 1.86003e-11 1.03515e-11 5.98432e-12 3.67823e-12 2.40901e-12 1.58921e-12 8.64246e-13 1.6496e-13 
1.06103e-11 1.98903e-11 3.23574e-11 5.17992e-11 8.31524e-11 1.34083e-10 2.16692e-10 3.49434e-10 5.58983e-10 8.81167e-10 1.35951e-09 2.03956e-09 2.95765e-09 4.12485e-09 5.51029e-09 7.03206e-09 8.56314e-09 9.95398e-09 1.10638e-08 1.17886e-08 1.20757e-08 1.19253e-08 1.13814e-08 1.05189e-08 9.43095e-09 8.21689e-09 6.97132e-09 5.77459e-09 4.68465e-09 3.73231e-09 2.92253e-09 2.24322e-09 1.67776e-09 1.21377e-09 8.43963e-10 5.61884e-10 3.57905e-10 2.18524e-10 1.28383e-10 7.29471e-11 4.03282e-11 2.18523e-11 1.17279e-11 6.34303e-12 3.55352e-12 2.12934e-12 1.37957e-12 9.3096e-13 5.98019e-13 2.94924e-13 2.94924e-13 
3.97574e-12 8.40933e-12 1.39402e-11 2.23875e-11 3.59782e-11 5.80435e-11 9.3824e-11 1.51364e-10 2.42388e-10 3.82837e-10 5.92419e-10 8.9233e-10 1.30049e-09 1.82439e-09 2.45332e-09 3.15352e-09 3.86974e-09 4.53446e-09 5.08168e-09 5.45978e-09 5.63913e-09 5.61343e-09 5.39658e-09 5.01771e-09 4.51587e-09 3.93526e-09 3.32092e-09 2.71489e-09 2.15274e-09 1.6604e-09 1.25174e-09 9.27708e-10 6.78545e-10 4.89123e-10 3.45068e-10 2.36033e-10 1.55303e-10 9.78467e-11 5.89609e-11 3.40306e-11 1.88786e-11 1.0124e-11 5.30122e-12 2.76802e-12 1.49843e-12 8.82846e-13 5.74224e-13 3.9422e-13 2.63493e-13 1.6496e-13 1.07908e-13 
