1 101 51
0 0 0 0 0 0 9.99516e-16 9.99519e-16 1.99911e-15 1.99923e-15 2.99907e-15 4.99885e-15 6.99889e-15 1.09989e-14 1.49991e-14 2.19993e-14 2.99993e-14 4.19988e-14 5.49978e-14 7.1996e-14 9.19931e-14 1.1299e-13 1.35985e-13 1.5998e-13 1.81976e-13 2.01972e-13 2.16969e-13 2.26967e-13 2.30967e-13 2.28968e-13 2.1997e-13 2.05974e-13 1.86977e-13 1.65981e-13 1.43985e-13 1.20989e-13 9.99915e-14 7.99939e-14 6.29958e-14 4.89972e-14 3.69982e-14 2.79989e-14 2.09993e-14 1.49996e-14 1.09998e-14 7.99987e-15 5.99993e-15 3.99996e-15 2.99998e-15 1.99999e-15 1.99999e-15 
0 0 0 0 0 9.38869e-16 9.34478e-16 9.33503e-16 1.87214e-15 1.88361e-15 3.79951e-15 4.79587e-15 7.74834e-15 1.07472e-14 1.57436e-14 2.17606e-14 3.07667e-14 4.27539e-14 5.77026e-14 7.55918e-14 9.74007e-14 1.22129e-13 1.49781e-13 1.79381e-13 2.0798e-13 2.35604e-13 2.58316e-13 2.77121e-13 2.88063e-13 2.92125e-13 2.87309e-13 2.74584e-13 2.55909e-13 2.32257e-13 2.04605e-13 1.75921e-13 1.48191e-13 1.21417e-13 9.75928e-14 7.67252e-14 5.88218e-14 4.48867e-14 3.39299e-14 2.49586e-14 1.79766e-14 1.29872e-14 9.99287e-15 6.99674e-15 4.99882e-15 2.99987e-15 2.99987e-15 
0 0 0 0 0 8.48898e-16 8.35157e-16 8.28498e-16 1.65948e-15 2.51655e-15 3.41886e-15 4.37643e-15 7.1841e-15 1.01245e-14 1.50477e-14 2.20105e-14 3.10201e-14 4.30222e-14 5.89615e-14 7.78039e-14 1.00478e-13 1.27931e-13 1.58183e-13 1.90275e-13 2.23277e-13 2.55297e-13 2.85425e-13 3.098e-13 3.28449e-13 3.38436e-13 3.38749e-13 3.30318e-13 3.14064e-13 2.89935e-13 2.6083e-13 2.28686e-13 1.95458e-13 1.63115e-13 1.32652e-13 1.06063e-13 8.33669e-14 6.35898e-14 4.87362e-14 3.68349e-14 2.69015e-14 1.99413e-14 1.39678e-14 9.98294e-15 6.99231e-15 4.99787e-15 2.99998e-15 
0 0 0 0 7.8096e-16 7.57573e-16 7.43004e-16 1.47679e-15 2.23335e-15 3.04303e-15 4.71316e-15 6.52682e-15 1.01803e-14 1.49582e-14 2.1793e-14 3.07337e-14 4.36609e-14 5.96236e-14 7.95021e-14 1.03209e-13 1.31638e-13 1.62784e-13 1.97617e-13 2.34231e-13 2.70763e-13 3.05375e-13 3.36222e-13 3.60461e-13 3.77145e-13 3.84313e-13 3.79965e-13 3.6694e-13 3.44183e-13 3.14543e-13 2.80895e-13 2.432e-13 2.06339e-13 1.71295e-13 1.3808e-13 1.09672e-13 8.6102e-14 6.64096e-14 4.96275e-14 3.77628e-14 2.7855e-14 1.99152e-14 1.49494e-14 1.09728e-14 6.99038e-15 4.99882e-15 4.99882e-15 
0 0 0 0 7.40516e-16 7.09347e-16 6.87817e-16 1.35263e-15 2.0273e-15 2.74671e-15 4.25035e-15 6.64938e-15 9.29708e-15 1.46269e-14 2.12275e-14 2.998e-14 4.27273e-14 5.86211e-14 7.94734e-14 1.0427e-13 1.33846e-13 1.67137e-13 2.04078e-13 2.43698e-13 2.85082e-13 3.24461e-13 3.6098e-13 3.91837e-13 4.14191e-13 4.27083e-13 4.29511e-13 4.20441e-13 4.0076e-13 3.71354e-13 3.36039e-13 2.9671e-13 2.543e-13 2.13678e-13 1.75826e-13 1.41742e-13 1.1145e-13 8.6955e-14 6.63173e-14 5.05571e-14 3.77202e-14 2.78261e-14 2.08915e-14 1.49385e-14 1.09695e-14 6.99231e-15 3.99996e-15 
0 0 0 7.20328e-16 6.82794e-16 6.56401e-16 1.27927e-15 1.89783e-15 2.54426e-15 3.90281e-15 6.07688e-15 9.20763e-15 1.34385e-14 1.96661e-14 2.88856e-14 4.12884e-14 5.69465e-14 7.76512e-14 1.03401e-13 1.341e-13 1.68666e-13 2.08883e-13 2.51815e-13 2.95521e-13 3.40043e-13 3.82573e-13 4.19342e-13 4.49454e-13 4.6908e-13 4.78216e-13 4.73927e-13 4.58091e-13 4.31618e-13 3.95413e-13 3.53303e-13 3.08158e-13 2.62867e-13 2.18385e-13 1.78622e-13 1.42615e-13 1.12356e-13 8.6897e-14 6.62747e-14 5.05246e-14 3.76954e-14 2.78078e-14 2.08797e-14 1.49346e-14 1.09728e-14 6.99674e-15 6.99674e-15 
0 0 0 7.14294e-16 6.69964e-16 1.28029e-15 1.24097e-15 1.82794e-15 3.03273e-15 4.29047e-15 5.66183e-15 8.51167e-15 1.23877e-14 1.8894e-14 2.68446e-14 3.86942e-14 5.47193e-14 7.50503e-14 1.00579e-13 1.32181e-13 1.68846e-13 2.10419e-13 2.55822e-13 3.04008e-13 3.53027e-13 4.00968e-13 4.44977e-13 4.82202e-13 5.09772e-13 5.25761e-13 5.28228e-13 5.17156e-13 4.93495e-13 4.5916e-13 4.16059e-13 3.68039e-13 3.17977e-13 2.67781e-13 2.21332e-13 1.79605e-13 1.42612e-13 1.1235e-13 8.68875e-14 6.62621e-14 5.05102e-14 3.76814e-14 2.77973e-14 2.08755e-14 1.49385e-14 9.98294e-15 5.99993e-15 
0 0 7.20328e-16 6.66185e-16 1.26553e-15 1.22367e-15 1.79775e-15 2.96626e-15 4.15622e-15 5.41487e-15 8.0338e-15 1.15719e-14 1.75536e-14 2.49326e-14 3.60787e-14 5.13635e-14 7.10274e-14 9.68756e-14 1.28145e-13 1.64747e-13 2.08375e-13 2.56141e-13 3.07868e-13 3.62492e-13 4.16118e-13 4.6676e-13 5.11489e-13 5.47381e-13 5.71513e-13 5.80973e-13 5.76735e-13 5.57857e-13 5.2534e-13 4.82117e-13 4.32075e-13 3.78107e-13 3.23091e-13 2.70885e-13 2.22437e-13 1.79694e-13 1.42672e-13 1.11399e-13 8.59161e-14 6.62645e-14 5.05048e-14 3.76742e-14 2.77938e-14 2.08797e-14 1.49494e-14 9.99287e-15 9.99287e-15 
0 0 7.40516e-16 6.69964e-16 1.26137e-15 1.21721e-15 1.78947e-15 2.95183e-15 4.11953e-15 5.31896e-15 7.78834e-15 1.10572e-14 1.59301e-14 2.33495e-14 3.37006e-14 4.73289e-14 6.68061e-14 9.09352e-14 1.21455e-13 1.59327e-13 2.03688e-13 2.53498e-13 3.08559e-13 3.66831e-13 4.26238e-13 4.83754e-13 5.36345e-13 5.80985e-13 6.13703e-13 6.32492e-13 6.35404e-13 6.22486e-13 5.93823e-13 5.52422e-13 5.0127e-13 4.44283e-13 3.85339e-13 3.26337e-13 2.7113e-13 2.21642e-13 1.77863e-13 1.40793e-13 1.10466e-13 8.59414e-14 6.52827e-14 4.95128e-14 3.76719e-14 2.77973e-14 2.08915e-14 1.39678e-14 7.99987e-15 
0 7.8096e-16 6.82794e-16 1.26553e-15 1.21569e-15 1.78979e-15 2.96233e-15 4.14166e-15 5.33422e-15 7.74756e-15 1.08571e-14 1.54058e-14 2.22698e-14 3.11649e-14 4.44865e-14 6.2055e-14 8.49801e-14 1.15156e-13 1.5207e-13 1.95774e-13 2.47084e-13 3.0412e-13 3.65742e-13 4.30775e-13 4.94267e-13 5.54941e-13 6.087e-13 6.51441e-13 6.80068e-13 6.91575e-13 6.85972e-13 6.6337e-13 6.249e-13 5.74616e-13 5.15549e-13 4.52609e-13 3.88699e-13 3.27666e-13 2.7043e-13 2.19891e-13 1.7703e-13 1.39904e-13 1.09534e-13 8.49775e-14 6.52888e-14 4.95124e-14 3.76742e-14 2.78078e-14 1.99152e-14 1.29872e-14 1.29872e-14 
0 8.48898e-16 7.09347e-16 1.28029e-15 1.21721e-15 1.79077e-15 2.97703e-15 4.18589e-15 5.41061e-15 7.85034e-15 1.09245e-14 1.531e-14 2.11701e-14 2.94049e-14 4.17296e-14 5.73486e-14 7.88069e-14 1.07404e-13 1.42835e-13 1.86122e-13 2.37394e-13 2.96643e-13 3.61092e-13 4.29513e-13 4.99711e-13 5.6848e-13 6.30643e-13 6.83819e-13 7.22824e-13 7.44482e-13 7.48686e-13 7.3259e-13 6.99304e-13 6.51026e-13 5.91877e-13 5.25896e-13 4.57026e-13 3.89137e-13 3.26075e-13 2.68761e-13 2.18143e-13 1.7521e-13 1.39008e-13 1.08592e-13 8.4994e-14 6.52911e-14 4.95128e-14 3.76814e-14 2.78261e-14 1.99413e-14 1.09998e-14 
9.38869e-16 7.57573e-16 6.56401e-16 1.22367e-15 1.78979e-15 2.98333e-15 4.22392e-15 5.50117e-15 8.02264e-15 1.1168e-14 1.5562e-14 2.12735e-14 2.91051e-14 3.93747e-14 5.44984e-14 7.44544e-14 1.00548e-13 1.34088e-13 1.7634e-13 2.26882e-13 2.84999e-13 3.51463e-13 4.2351e-13 4.98974e-13 5.74616e-13 6.46113e-13 7.09021e-13 7.59834e-13 7.93233e-13 8.06946e-13 7.99923e-13 7.73291e-13 7.29302e-13 6.70247e-13 6.03233e-13 5.30364e-13 4.57532e-13 3.87624e-13 3.23505e-13 2.65121e-13 2.15398e-13 1.7337e-13 1.37106e-13 1.08621e-13 8.49998e-14 6.52888e-14 5.05048e-14 3.76954e-14 2.7855e-14 1.79766e-14 1.79766e-14 
0 8.35157e-16 6.87817e-16 1.24097e-15 1.78947e-15 2.97703e-15 4.23852e-15 5.57002e-15 8.19662e-15 1.14827e-14 1.5385e-14 2.11712e-14 2.88979e-14 3.87472e-14 5.23659e-14 7.02985e-14 9.45676e-14 1.25945e-13 1.65859e-13 2.14916e-13 2.72725e-13 3.39429e-13 4.1416e-13 4.932e-13 5.75104e-13 6.54663e-13 7.28223e-13 7.90186e-13 8.35881e-13 8.61768e-13 8.64593e-13 8.46281e-13 8.0712e-13 7.51437e-13 6.83569e-13 6.08711e-13 5.30923e-13 4.5511e-13 3.84152e-13 3.19943e-13 2.6244e-13 2.13606e-13 1.71501e-13 1.37151e-13 1.08631e-13 8.4994e-14 6.52827e-14 5.05102e-14 3.77202e-14 2.69015e-14 1.49996e-14 
9.34478e-16 7.43004e-16 1.27927e-15 1.79775e-15 2.96233e-15 4.22392e-15 5.59538e-15 8.32139e-15 1.17756e-14 1.58926e-14 2.19288e-14 2.91799e-14 3.90051e-14 5.15802e-14 6.86076e-14 9.06909e-14 1.19966e-13 1.57324e-13 2.03596e-13 2.59449e-13 3.26147e-13 4.00744e-13 4.83083e-13 5.70243e-13 6.57127e-13 7.40001e-13 8.13098e-13 8.71444e-13 9.10167e-13 9.25624e-13 9.17482e-13 8.85864e-13 8.34126e-13 7.67712e-13 6.91039e-13 6.09323e-13 5.2857e-13 4.50738e-13 3.7969e-13 3.1537e-13 2.59721e-13 2.11774e-13 1.70579e-13 1.3618e-13 1.08621e-13 8.49775e-14 6.62645e-14 5.05246e-14 3.77628e-14 2.49586e-14 2.49586e-14 
9.99516e-16 8.28498e-16 1.35263e-15 1.82794e-15 2.95183e-15 4.18589e-15 5.57002e-15 8.36635e-15 1.19784e-14 1.63415e-14 2.20393e-14 2.96634e-14 3.98193e-14 5.2499e-14 6.85468e-14 8.97135e-14 1.16654e-13 1.50925e-13 1.9493e-13 2.48244e-13 3.12407e-13 3.8648e-13 4.69895e-13 5.6007e-13 6.53048e-13 7.4522e-13 8.28991e-13 8.99995e-13 9.5202e-13 9.80912e-13 9.83933e-13 9.61811e-13 9.16791e-13 8.52422e-13 7.76237e-13 6.92708e-13 6.07054e-13 5.2331e-13 4.45387e-13 3.75199e-13 3.11732e-13 2.56948e-13 2.0989e-13 1.706e-13 1.37151e-13 1.08592e-13 8.59414e-14 6.62621e-14 5.05571e-14 3.68349e-14 2.09993e-14 
9.33503e-16 1.47679e-15 1.89783e-15 2.96626e-15 4.14166e-15 5.50117e-15 8.32139e-15 1.20504e-14 1.66447e-14 2.27e-14 3.08093e-14 4.08226e-14 5.33181e-14 6.96633e-14 8.99742e-14 1.16038e-13 1.48551e-13 1.89186e-13 2.39794e-13 3.00816e-13 3.7325e-13 4.56298e-13 5.47877e-13 6.45299e-13 7.44422e-13 8.37815e-13 9.21854e-13 9.87263e-13 1.0302e-12 1.04729e-12 1.03583e-12 9.97655e-13 9.39134e-13 8.63054e-13 7.78043e-13 6.89585e-13 6.00932e-13 5.17089e-13 4.40012e-13 3.70656e-13 3.09011e-13 2.56077e-13 2.09919e-13 1.70579e-13 1.37106e-13 1.09534e-13 8.59161e-14 6.62747e-14 4.96275e-14 3.39299e-14 3.39299e-14 
9.99519e-16 1.65948e-15 2.0273e-15 3.03273e-15 4.11953e-15 5.41061e-15 8.19662e-15 1.19784e-14 1.67513e-14 2.31381e-14 3.10208e-14 4.16989e-14 5.49666e-14 7.1358e-14 9.22204e-14 1.17618e-13 1.48652e-13 1.87477e-13 2.35878e-13 2.93741e-13 3.63138e-13 4.44565e-13 5.35852e-13 6.35731e-13 7.38991e-13 8.4113e-13 9.36044e-13 1.01519e-12 1.07326e-12 1.10426e-12 1.10562e-12 1.07755e-12 1.02413e-12 9.5199e-13 8.6608e-13 7.75122e-13 6.82655e-13 5.92897e-13 5.09874e-13 4.34581e-13 3.67015e-13 3.07189e-13 2.55131e-13 2.0989e-13 1.71501e-13 1.39008e-13 1.10466e-13 8.68875e-14 6.63173e-14 4.87362e-14 2.79989e-14 
1.87214e-15 2.23335e-15 2.54426e-15 4.15622e-15 5.33422e-15 8.02264e-15 1.17756e-14 1.66447e-14 2.32909e-14 3.16269e-14 4.29896e-14 5.63841e-14 7.3828e-14 9.50271e-14 1.20547e-13 1.51898e-13 1.90142e-13 2.36033e-13 2.922e-13 3.5869e-13 4.37115e-13 5.26717e-13 6.26241e-13 7.32921e-13 8.414e-13 9.45157e-13 1.0375e-12 1.10923e-12 1.1554e-12 1.1706e-12 1.15408e-12 1.10919e-12 1.04033e-12 9.56391e-13 8.62508e-13 7.66493e-13 6.72866e-13 5.84864e-13 5.03581e-13 4.30035e-13 3.64251e-13 3.06255e-13 2.56077e-13 2.11774e-13 1.7337e-13 1.39904e-13 1.11399e-13 8.6897e-14 6.64096e-14 4.48867e-14 4.48867e-14 
1.99911e-15 2.51655e-15 2.74671e-15 4.29047e-15 5.31896e-15 7.85034e-15 1.14827e-14 1.63415e-14 2.31381e-14 3.18368e-14 4.30392e-14 5.81012e-14 7.59229e-14 9.77147e-14 1.23897e-13 1.56521e-13 1.94712e-13 2.41041e-13 2.95508e-13 3.60145e-13 4.35916e-13 5.23245e-13 6.21659e-13 7.28607e-13 8.40564e-13 9.51973e-13 1.05419e-12 1.13979e-12 1.2006e-12 1.23019e-12 1.22747e-12 1.19185e-12 1.12985e-12 1.04728e-12 9.53334e-13 8.54285e-13 7.56031e-13 6.63098e-13 5.76766e-13 4.98154e-13 4.27325e-13 3.63332e-13 3.07189e-13 2.56948e-13 2.13606e-13 1.7521e-13 1.40793e-13 1.1235e-13 8.6955e-14 6.35898e-14 3.69982e-14 
1.88361e-15 3.04303e-15 3.90281e-15 5.41487e-15 7.74756e-15 1.1168e-14 1.58926e-14 2.27e-14 3.16269e-14 4.33207e-14 5.83851e-14 7.7338e-14 1.00599e-13 1.28514e-13 1.61423e-13 2.01345e-13 2.48852e-13 3.03377e-13 3.67994e-13 4.42558e-13 5.28261e-13 6.25093e-13 7.31416e-13 8.44933e-13 9.59814e-13 1.07019e-12 1.16767e-12 1.24232e-12 1.28684e-12 1.29689e-12 1.27218e-12 1.21706e-12 1.1386e-12 1.04498e-12 9.43764e-13 8.4232e-13 7.44626e-13 6.53255e-13 5.70493e-13 4.94528e-13 4.25439e-13 3.64251e-13 3.09011e-13 2.59721e-13 2.15398e-13 1.7703e-13 1.42672e-13 1.12356e-13 8.6102e-14 5.88218e-14 5.88218e-14 
1.99923e-15 3.41886e-15 4.25035e-15 5.66183e-15 7.78834e-15 1.09245e-14 1.5385e-14 2.20393e-14 3.10208e-14 4.30392e-14 5.8755e-14 7.78978e-14 1.02581e-13 1.31476e-13 1.66549e-13 2.08864e-13 2.57867e-13 3.1489e-13 3.81622e-13 4.5722e-13 5.42438e-13 6.3871e-13 7.44093e-13 8.58107e-13 9.74907e-13 1.09106e-12 1.19639e-12 1.28248e-12 1.34008e-12 1.36453e-12 1.35102e-12 1.3048e-12 1.23072e-12 1.13736e-12 1.03532e-12 9.30514e-13 8.28445e-13 7.34119e-13 6.46187e-13 5.65974e-13 4.92667e-13 4.27325e-13 3.67015e-13 3.11732e-13 2.6244e-13 2.18143e-13 1.77863e-13 1.42612e-13 1.1145e-13 8.33669e-14 4.89972e-14 
3.79951e-15 4.71316e-15 6.07688e-15 8.0338e-15 1.08571e-14 1.5562e-14 2.19288e-14 3.08093e-14 4.29896e-14 5.83851e-14 7.83691e-14 1.03473e-13 1.34093e-13 1.71378e-13 2.1551e-13 2.67474e-13 3.28266e-13 3.97411e-13 4.76549e-13 5.65567e-13 6.63719e-13 7.70406e-13 8.84847e-13 1.00317e-12 1.12143e-12 1.23232e-12 1.32678e-12 1.39552e-12 1.43158e-12 1.43026e-12 1.39175e-12 1.32251e-12 1.23084e-12 1.12796e-12 1.02011e-12 9.15372e-13 8.16425e-13 7.24359e-13 6.40809e-13 5.64145e-13 4.94528e-13 4.30035e-13 3.70656e-13 3.1537e-13 2.65121e-13 2.19891e-13 1.79694e-13 1.42615e-13 1.09672e-13 7.67252e-14 7.67252e-14 
2.99907e-15 4.37643e-15 6.64938e-15 8.51167e-15 1.10572e-14 1.531e-14 2.11712e-14 2.96634e-14 4.16989e-14 5.81012e-14 7.78978e-14 1.04063e-13 1.36238e-13 1.74727e-13 2.20622e-13 2.75795e-13 3.41095e-13 4.14776e-13 4.99615e-13 5.93761e-13 6.97102e-13 8.0897e-13 9.27438e-13 1.04906e-12 1.16971e-12 1.28432e-12 1.38322e-12 1.46006e-12 1.50451e-12 1.51174e-12 1.48049e-12 1.4163e-12 1.32617e-12 1.22209e-12 1.11116e-12 1.00301e-12 9.00061e-13 8.0507e-13 7.18172e-13 6.39025e-13 5.65974e-13 4.98154e-13 4.34581e-13 3.75199e-13 3.19943e-13 2.68761e-13 2.21642e-13 1.79605e-13 1.41742e-13 1.06063e-13 6.29958e-14 
4.79587e-15 6.52682e-15 9.20763e-15 1.15719e-14 1.54058e-14 2.12735e-14 2.91799e-14 4.08226e-14 5.63841e-14 7.7338e-14 1.03473e-13 1.36074e-13 1.76411e-13 2.25664e-13 2.83052e-13 3.52185e-13 4.31982e-13 5.23143e-13 6.25657e-13 7.38346e-13 8.58531e-13 9.85663e-13 1.11408e-12 1.24085e-12 1.35931e-12 1.46252e-12 1.54169e-12 1.59064e-12 1.60189e-12 1.5762e-12 1.5143e-12 1.42452e-12 1.31745e-12 1.20415e-12 1.0915e-12 9.85666e-13 8.8727e-13 7.98147e-13 7.16451e-13 6.40809e-13 5.70493e-13 5.03581e-13 4.40012e-13 3.7969e-13 3.23505e-13 2.7043e-13 2.22437e-13 1.78622e-13 1.3808e-13 9.75928e-14 9.75928e-14 
4.99885e-15 7.1841e-15 9.29708e-15 1.23877e-14 1.59301e-14 2.11701e-14 2.88979e-14 3.98193e-14 5.49666e-14 7.59229e-14 1.02581e-13 1.36238e-13 1.77277e-13 2.27807e-13 2.88972e-13 3.60831e-13 4.46933e-13 5.45097e-13 6.57614e-13 7.81561e-13 9.15595e-13 1.05606e-12 1.19919e-12 1.33716e-12 1.46443e-12 1.57269e-12 1.65406e-12 1.70224e-12 1.71274e-12 1.6851e-12 1.62135e-12 1.52876e-12 1.41799e-12 1.29979e-12 1.1824e-12 1.0715e-12 9.70669e-13 8.78724e-13 7.95525e-13 7.18172e-13 6.46187e-13 5.76766e-13 5.09874e-13 4.45387e-13 3.84152e-13 3.26075e-13 2.7113e-13 2.21332e-13 1.75826e-13 1.32652e-13 7.99939e-14 
7.74834e-15 1.01803e-14 1.34385e-14 1.75536e-14 2.22698e-14 2.91051e-14 3.90051e-14 5.33181e-14 7.3828e-14 1.00599e-13 1.34093e-13 1.76411e-13 2.28829e-13 2.916e-13 3.67676e-13 4.57985e-13 5.64124e-13 6.86467e-13 8.24304e-13 9.75313e-13 1.13525e-12 1.29863e-12 1.45754e-12 1.60203e-12 1.72156e-12 1.808e-12 1.85426e-12 1.85742e-12 1.82036e-12 1.74704e-12 1.64515e-12 1.52623e-12 1.39901e-12 1.27546e-12 1.15918e-12 1.05459e-12 9.60645e-13 8.7623e-13 7.98147e-13 7.24359e-13 6.53255e-13 5.84864e-13 5.17089e-13 4.50738e-13 3.87624e-13 3.27666e-13 2.70885e-13 2.18385e-13 1.71295e-13 1.21417e-13 1.21417e-13 
6.99889e-15 1.01245e-14 1.46269e-14 1.8894e-14 2.33495e-14 2.94049e-14 3.87472e-14 5.2499e-14 7.1358e-14 9.77147e-14 1.31476e-13 1.74727e-13 2.27807e-13 2.92784e-13 3.71757e-13 4.66745e-13 5.79554e-13 7.11654e-13 8.63183e-13 1.03219e-12 1.21602e-12 1.40651e-12 1.5954e-12 1.76884e-12 1.91233e-12 2.01295e-12 2.06137e-12 2.05563e-12 2.00114e-12 1.9064e-12 1.78474e-12 1.64801e-12 1.50794e-12 1.37349e-12 1.24951e-12 1.14072e-12 1.04327e-12 9.57333e-13 8.78724e-13 8.0507e-13 7.34119e-13 6.63098e-13 5.92897e-13 5.2331e-13 4.5511e-13 3.89137e-13 3.26337e-13 2.67781e-13 2.13678e-13 1.63115e-13 9.99915e-14 
1.07472e-14 1.49582e-14 1.96661e-14 2.49326e-14 3.11649e-14 3.93747e-14 5.15802e-14 6.96633e-14 9.50271e-14 1.28514e-13 1.71378e-13 2.25664e-13 2.916e-13 3.73109e-13 4.7232e-13 5.91234e-13 7.31598e-13 8.96642e-13 1.08431e-12 1.29322e-12 1.51657e-12 1.74314e-12 1.95738e-12 2.14039e-12 2.27233e-12 2.33569e-12 2.32611e-12 2.24948e-12 2.12202e-12 1.96522e-12 1.79672e-12 1.63193e-12 1.47949e-12 1.34427e-12 1.22792e-12 1.12737e-12 1.04021e-12 9.60645e-13 8.8727e-13 8.16425e-13 7.44626e-13 6.72866e-13 6.00932e-13 5.2857e-13 4.57532e-13 3.88699e-13 3.23091e-13 2.62867e-13 2.06339e-13 1.48191e-13 1.48191e-13 
1.09989e-14 1.50477e-14 2.12275e-14 2.68446e-14 3.37006e-14 4.17296e-14 5.23659e-14 6.85468e-14 9.22204e-14 1.23897e-13 1.66549e-13 2.20622e-13 2.88972e-13 3.71757e-13 4.73842e-13 5.9735e-13 7.46223e-13 9.2214e-13 1.12816e-12 1.3628e-12 1.62136e-12 1.89189e-12 2.15911e-12 2.39738e-12 2.58021e-12 2.68012e-12 2.68309e-12 2.59009e-12 2.42343e-12 2.21341e-12 1.99351e-12 1.78572e-12 1.60225e-12 1.44726e-12 1.31896e-12 1.21281e-12 1.12264e-12 1.04327e-12 9.70669e-13 9.00061e-13 8.28445e-13 7.56031e-13 6.82655e-13 6.07054e-13 5.30923e-13 4.57026e-13 3.85339e-13 3.17977e-13 2.543e-13 1.95458e-13 1.20989e-13 
1.57436e-14 2.1793e-14 2.88856e-14 3.60787e-14 4.44865e-14 5.44984e-14 6.86076e-14 8.99742e-14 1.20547e-13 1.61423e-13 2.1551e-13 2.83052e-13 3.67676e-13 4.7232e-13 6.00009e-13 7.54806e-13 9.40677e-13 1.16313e-12 1.42108e-12 1.71457e-12 2.03353e-12 2.36073e-12 2.67029e-12 2.9265e-12 3.09099e-12 3.13341e-12 3.04375e-12 2.84069e-12 2.56556e-12 2.26927e-12 1.99294e-12 1.75688e-12 1.56783e-12 1.41848e-12 1.30135e-12 1.20751e-12 1.12737e-12 1.05459e-12 9.85666e-13 9.15372e-13 8.4232e-13 7.66493e-13 6.89585e-13 6.09323e-13 5.30364e-13 4.52609e-13 3.78107e-13 3.08158e-13 2.432e-13 1.75921e-13 1.75921e-13 
1.49991e-14 2.20105e-14 2.998e-14 3.86942e-14 4.73289e-14 5.73486e-14 7.02985e-14 8.97135e-14 1.17618e-13 1.56521e-13 2.08864e-13 2.75795e-13 3.60831e-13 4.66745e-13 5.9735e-13 7.57627e-13 9.51705e-13 1.18654e-12 1.46657e-12 1.79234e-12 2.15851e-12 2.55148e-12 2.94291e-12 3.29351e-12 3.55214e-12 3.67068e-12 3.6191e-12 3.40064e-12 3.05977e-12 2.667e-12 2.28851e-12 1.96762e-12 1.71875e-12 1.53462e-12 1.39859e-12 1.29558e-12 1.21281e-12 1.14072e-12 1.0715e-12 1.00301e-12 9.30514e-13 8.54285e-13 7.75122e-13 6.92708e-13 6.08711e-13 5.25896e-13 4.44283e-13 3.68039e-13 2.9671e-13 2.28686e-13 1.43985e-13 
2.17606e-14 3.07337e-14 4.12884e-14 5.13635e-14 6.2055e-14 7.44544e-14 9.06909e-14 1.16038e-13 1.51898e-13 2.01345e-13 2.67474e-13 3.52185e-13 4.57985e-13 5.91234e-13 7.54806e-13 9.55651e-13 1.20095e-12 1.49871e-12 1.85325e-12 2.26276e-12 2.72031e-12 3.1999e-12 3.6602e-12 4.04382e-12 4.27976e-12 4.31247e-12 4.11912e-12 3.73264e-12 3.23469e-12 2.72297e-12 2.27506e-12 1.92854e-12 1.6816e-12 1.51146e-12 1.39143e-12 1.30135e-12 1.22792e-12 1.15918e-12 1.0915e-12 1.02011e-12 9.43764e-13 8.62508e-13 7.78043e-13 6.91039e-13 6.03233e-13 5.15549e-13 4.32075e-13 3.53303e-13 2.80895e-13 2.04605e-13 2.04605e-13 
2.19993e-14 3.10201e-14 4.27273e-14 5.47193e-14 6.68061e-14 7.88069e-14 9.45676e-14 1.16654e-13 1.48652e-13 1.94712e-13 2.57867e-13 3.41095e-13 4.46933e-13 5.79554e-13 7.46223e-13 9.51705e-13 1.206e-12 1.51743e-12 1.89505e-12 2.34401e-12 2.86006e-12 3.42767e-12 4.00742e-12 4.53635e-12 4.93161e-12 5.10463e-12 4.99562e-12 4.60857e-12 4.02069e-12 3.356e-12 2.73634e-12 2.24067e-12 1.8885e-12 1.65491e-12 1.50293e-12 1.39859e-12 1.31896e-12 1.24951e-12 1.1824e-12 1.11116e-12 1.03532e-12 9.53334e-13 8.6608e-13 7.76237e-13 6.83569e-13 5.91877e-13 5.0127e-13 4.16059e-13 3.36039e-13 2.6083e-13 1.65981e-13 
3.07667e-14 4.36609e-14 5.69465e-14 7.10274e-14 8.49801e-14 1.00548e-13 1.19966e-13 1.48551e-13 1.90142e-13 2.48852e-13 3.28266e-13 4.31982e-13 5.64124e-13 7.31598e-13 9.40677e-13 1.20095e-12 1.52456e-12 1.92096e-12 2.4003e-12 2.96854e-12 3.6159e-12 4.31322e-12 5.00283e-12 5.59056e-12 5.9608e-12 6.01065e-12 5.69328e-12 5.06006e-12 4.24614e-12 3.42108e-12 2.71873e-12 2.19984e-12 1.85777e-12 1.64492e-12 1.51146e-12 1.41848e-12 1.34427e-12 1.27546e-12 1.20415e-12 1.12796e-12 1.04498e-12 9.56391e-13 8.63054e-13 7.67712e-13 6.70247e-13 5.74616e-13 4.82117e-13 3.95413e-13 3.14543e-13 2.32257e-13 2.32257e-13 
2.99993e-14 4.30222e-14 5.86211e-14 7.50503e-14 9.09352e-14 1.07404e-13 1.25945e-13 1.50925e-13 1.87477e-13 2.41041e-13 3.1489e-13 4.14776e-13 5.45097e-13 7.11654e-13 9.2214e-13 1.18654e-12 1.51743e-12 1.92912e-12 2.43328e-12 3.04316e-12 3.75951e-12 4.56493e-12 5.41266e-12 6.21217e-12 6.83072e-12 7.11919e-12 6.96633e-12 6.36863e-12 5.44631e-12 4.4032e-12 3.4413e-12 2.68554e-12 2.16736e-12 1.84615e-12 1.65491e-12 1.53462e-12 1.44726e-12 1.37349e-12 1.29979e-12 1.22209e-12 1.13736e-12 1.04728e-12 9.5199e-13 8.52422e-13 7.51437e-13 6.51026e-13 5.52422e-13 4.5916e-13 3.71354e-13 2.89935e-13 1.86977e-13 
4.27539e-14 5.96236e-14 7.76512e-14 9.68756e-14 1.15156e-13 1.34088e-13 1.57324e-13 1.89186e-13 2.36033e-13 3.03377e-13 3.97411e-13 5.23143e-13 6.86467e-13 8.96642e-13 1.16313e-12 1.49871e-12 1.92096e-12 2.44441e-12 3.08705e-12 3.85826e-12 4.75552e-12 5.7478e-12 6.75993e-12 7.65699e-12 8.25526e-12 8.37526e-12 7.929e-12 6.98282e-12 5.74917e-12 4.49572e-12 3.43274e-12 2.65599e-12 2.15573e-12 1.85777e-12 1.6816e-12 1.56783e-12 1.47949e-12 1.39901e-12 1.31745e-12 1.23084e-12 1.1386e-12 1.04033e-12 9.39134e-13 8.34126e-13 7.29302e-13 6.249e-13 5.2534e-13 4.31618e-13 3.44183e-13 2.55909e-13 2.55909e-13 
4.19988e-14 5.89615e-14 7.94734e-14 1.00579e-13 1.21455e-13 1.42835e-13 1.65859e-13 1.9493e-13 2.35878e-13 2.95508e-13 3.81622e-13 4.99615e-13 6.57614e-13 8.63183e-13 1.12816e-12 1.46657e-12 1.89505e-12 2.43328e-12 3.10109e-12 3.91487e-12 4.88421e-12 5.99727e-12 7.20244e-12 8.38048e-12 9.33669e-12 9.83453e-12 9.68144e-12 8.84616e-12 7.50307e-12 5.96351e-12 4.53831e-12 3.41627e-12 2.64444e-12 2.16736e-12 1.8885e-12 1.71875e-12 1.60225e-12 1.50794e-12 1.41799e-12 1.32617e-12 1.23072e-12 1.12985e-12 1.02413e-12 9.16791e-13 8.0712e-13 6.99304e-13 5.93823e-13 4.93495e-13 4.0076e-13 3.14064e-13 2.05974e-13 
5.77026e-14 7.95021e-14 1.03401e-13 1.28145e-13 1.5207e-13 1.7634e-13 2.03596e-13 2.39794e-13 2.922e-13 3.67994e-13 4.76549e-13 6.25657e-13 8.24304e-13 1.08431e-12 1.42108e-12 1.85325e-12 2.4003e-12 3.08705e-12 3.93376e-12 4.95736e-12 6.16367e-12 7.52662e-12 8.95915e-12 1.02824e-11 1.12302e-11 1.1515e-11 1.09686e-11 9.66257e-12 7.90652e-12 6.09851e-12 4.55225e-12 3.4088e-12 2.65599e-12 2.19984e-12 1.92854e-12 1.75688e-12 1.63193e-12 1.52623e-12 1.42452e-12 1.32251e-12 1.21706e-12 1.10919e-12 9.97655e-13 8.85864e-13 7.73291e-13 6.6337e-13 5.57857e-13 4.58091e-13 3.6694e-13 2.74584e-13 2.74584e-13 
5.49978e-14 7.78039e-14 1.0427e-13 1.32181e-13 1.59327e-13 1.86122e-13 2.14916e-13 2.48244e-13 2.93741e-13 3.60145e-13 4.5722e-13 5.93761e-13 7.81561e-13 1.03219e-12 1.3628e-12 1.79234e-12 2.34401e-12 3.04316e-12 3.91487e-12 4.981e-12 6.25615e-12 7.73752e-12 9.3738e-12 1.10298e-11 1.24475e-11 1.3281e-11 1.32156e-11 1.21576e-11 1.03334e-11 8.18717e-12 6.16813e-12 4.55496e-12 3.41627e-12 2.68554e-12 2.24067e-12 1.96762e-12 1.78572e-12 1.64801e-12 1.52876e-12 1.4163e-12 1.3048e-12 1.19185e-12 1.07755e-12 9.61811e-13 8.46281e-13 7.3259e-13 6.22486e-13 5.17156e-13 4.20441e-13 3.30318e-13 2.1997e-13 
7.55918e-14 1.03209e-13 1.341e-13 1.64747e-13 1.95774e-13 2.26882e-13 2.59449e-13 3.00816e-13 3.5869e-13 4.42558e-13 5.65567e-13 7.38346e-13 9.75313e-13 1.29322e-12 1.71457e-12 2.26276e-12 2.96854e-12 3.85826e-12 4.95736e-12 6.28547e-12 7.85112e-12 9.63592e-12 1.15525e-11 1.33969e-11 1.48187e-11 1.53938e-11 1.48294e-11 1.3171e-11 1.08247e-11 8.34941e-12 6.18919e-12 4.55225e-12 3.43274e-12 2.71873e-12 2.27506e-12 1.99294e-12 1.79672e-12 1.64515e-12 1.5143e-12 1.39175e-12 1.27218e-12 1.15408e-12 1.03583e-12 9.17482e-13 7.99923e-13 6.85972e-13 5.76735e-13 4.73927e-13 3.79965e-13 2.87309e-13 2.87309e-13 
7.1996e-14 1.00478e-13 1.33846e-13 1.68846e-13 2.03688e-13 2.37394e-13 2.72725e-13 3.12407e-13 3.63138e-13 4.35916e-13 5.42438e-13 6.97102e-13 9.15595e-13 1.21602e-12 1.62136e-12 2.15851e-12 2.86006e-12 3.75951e-12 4.88421e-12 6.25615e-12 7.88702e-12 9.77238e-12 1.18694e-11 1.40439e-11 1.6004e-11 1.72918e-11 1.74399e-11 1.62421e-11 1.39417e-11 1.11235e-11 8.40176e-12 6.16813e-12 4.53831e-12 3.4413e-12 2.73634e-12 2.28851e-12 1.99351e-12 1.78474e-12 1.62135e-12 1.48049e-12 1.35102e-12 1.22747e-12 1.10562e-12 9.83933e-13 8.64593e-13 7.48686e-13 6.35404e-13 5.28228e-13 4.29511e-13 3.38749e-13 2.28968e-13 
9.74007e-14 1.31638e-13 1.68666e-13 2.08375e-13 2.47084e-13 2.84999e-13 3.26147e-13 3.7325e-13 4.37115e-13 5.28261e-13 6.63719e-13 8.58531e-13 1.13525e-12 1.51657e-12 2.03353e-12 2.72031e-12 3.6159e-12 4.75552e-12 6.16367e-12 7.85112e-12 9.81377e-12 1.20265e-11 1.4418e-11 1.67894e-11 1.87408e-11 1.9719e-11 1.92652e-11 1.73429e-11 1.44219e-11 1.12231e-11 8.34941e-12 6.09851e-12 4.49572e-12 3.42108e-12 2.72297e-12 2.26927e-12 1.96522e-12 1.74704e-12 1.5762e-12 1.43026e-12 1.29689e-12 1.1706e-12 1.04729e-12 9.25624e-13 8.06946e-13 6.91575e-13 5.80973e-13 4.78216e-13 3.84313e-13 2.92125e-13 2.92125e-13 
9.19931e-14 1.27931e-13 1.67137e-13 2.10419e-13 2.53498e-13 2.96643e-13 3.39429e-13 3.8648e-13 4.44565e-13 5.23245e-13 6.3871e-13 8.0897e-13 1.05606e-12 1.40651e-12 1.89189e-12 2.55148e-12 3.42767e-12 4.56493e-12 5.99727e-12 7.73752e-12 9.77238e-12 1.20722e-11 1.45912e-11 1.72199e-11 1.96763e-11 2.14455e-11 2.19107e-11 2.07114e-11 1.80411e-11 1.45846e-11 1.11235e-11 8.18717e-12 5.96351e-12 4.4032e-12 3.356e-12 2.667e-12 2.21341e-12 1.9064e-12 1.6851e-12 1.51174e-12 1.36453e-12 1.23019e-12 1.10426e-12 9.80912e-13 8.61768e-13 7.44482e-13 6.32492e-13 5.25761e-13 4.27083e-13 3.38436e-13 2.30967e-13 
1.22129e-13 1.62784e-13 2.08883e-13 2.56141e-13 3.0412e-13 3.51463e-13 4.00744e-13 4.56298e-13 5.26717e-13 6.25093e-13 7.70406e-13 9.85663e-13 1.29863e-12 1.74314e-12 2.36073e-12 3.1999e-12 4.31322e-12 5.7478e-12 7.52662e-12 9.63592e-12 1.20265e-11 1.46392e-11 1.74038e-11 2.01603e-11 2.2534e-11 2.3906e-11 2.36671e-11 2.16401e-11 1.82808e-11 1.44219e-11 1.08247e-11 7.90652e-12 5.74917e-12 4.24614e-12 3.23469e-12 2.56556e-12 2.12202e-12 1.82036e-12 1.60189e-12 1.43158e-12 1.28684e-12 1.1554e-12 1.0302e-12 9.10167e-13 7.93233e-13 6.80068e-13 5.71513e-13 4.6908e-13 3.77145e-13 2.88063e-13 2.88063e-13 
1.1299e-13 1.58183e-13 2.04078e-13 2.55822e-13 3.08559e-13 3.61092e-13 4.1416e-13 4.69895e-13 5.35852e-13 6.21659e-13 7.44093e-13 9.27438e-13 1.19919e-12 1.5954e-12 2.15911e-12 2.94291e-12 4.00742e-12 5.41266e-12 7.20244e-12 9.3738e-12 1.18694e-11 1.45912e-11 1.74498e-11 2.03461e-11 2.30674e-11 2.51408e-11 2.58891e-11 2.48053e-11 2.19615e-11 1.80411e-11 1.39417e-11 1.03334e-11 7.50307e-12 5.44631e-12 4.02069e-12 3.05977e-12 2.42343e-12 2.00114e-12 1.71274e-12 1.50451e-12 1.34008e-12 1.2006e-12 1.07326e-12 9.5202e-13 8.35881e-13 7.22824e-13 6.13703e-13 5.09772e-13 4.14191e-13 3.28449e-13 2.26967e-13 
1.49781e-13 1.97617e-13 2.51815e-13 3.07868e-13 3.65742e-13 4.2351e-13 4.83083e-13 5.47877e-13 6.26241e-13 7.31416e-13 8.84847e-13 1.11408e-12 1.45754e-12 1.95738e-12 2.67029e-12 3.6602e-12 5.00283e-12 6.75993e-12 8.95915e-12 1.15525e-11 1.4418e-11 1.74038e-11 2.0387e-11 2.32477e-11 2.57171e-11 2.72483e-11 2.71828e-11 2.52002e-11 2.16401e-11 1.73429e-11 1.3171e-11 9.66257e-12 6.98282e-12 5.06006e-12 3.73264e-12 2.84069e-12 2.24948e-12 1.85742e-12 1.59064e-12 1.39552e-12 1.24232e-12 1.10923e-12 9.87263e-13 8.71444e-13 7.59834e-13 6.51441e-13 5.47381e-13 4.49454e-13 3.60461e-13 2.77121e-13 2.77121e-13 
1.35985e-13 1.90275e-13 2.43698e-13 3.04008e-13 3.66831e-13 4.29513e-13 4.932e-13 5.6007e-13 6.35731e-13 7.28607e-13 8.58107e-13 1.04906e-12 1.33716e-12 1.76884e-12 2.39738e-12 3.29351e-12 4.53635e-12 6.21217e-12 8.38048e-12 1.10298e-11 1.40439e-11 1.72199e-11 2.03461e-11 2.32792e-11 2.58874e-11 2.78599e-11 2.86268e-11 2.76319e-11 2.48053e-11 2.07114e-11 1.62421e-11 1.21576e-11 8.84616e-12 6.36863e-12 4.60857e-12 3.40064e-12 2.59009e-12 2.05563e-12 1.70224e-12 1.46006e-12 1.28248e-12 1.13979e-12 1.01519e-12 8.99995e-13 7.90186e-13 6.83819e-13 5.80985e-13 4.82202e-13 3.91837e-13 3.098e-13 2.16969e-13 
1.79381e-13 2.34231e-13 2.95521e-13 3.62492e-13 4.30775e-13 4.98974e-13 5.70243e-13 6.45299e-13 7.32921e-13 8.44933e-13 1.00317e-12 1.24085e-12 1.60203e-12 2.14039e-12 2.9265e-12 4.04382e-12 5.59056e-12 7.65699e-12 1.02824e-11 1.33969e-11 1.67894e-11 2.01603e-11 2.32477e-11 2.59085e-11 2.80195e-11 2.92618e-11 2.91066e-11 2.71828e-11 2.36671e-11 1.92652e-11 1.48294e-11 1.09686e-11 7.929e-12 5.69328e-12 4.11912e-12 3.04375e-12 2.32611e-12 1.85426e-12 1.54169e-12 1.32678e-12 1.16767e-12 1.0375e-12 9.21854e-13 8.13098e-13 7.09021e-13 6.087e-13 5.11489e-13 4.19342e-13 3.36222e-13 2.58316e-13 2.58316e-13 
1.5998e-13 2.23277e-13 2.85082e-13 3.53027e-13 4.26238e-13 4.99711e-13 5.75104e-13 6.53048e-13 7.38991e-13 8.40564e-13 9.74907e-13 1.16971e-12 1.46443e-12 1.91233e-12 2.58021e-12 3.55214e-12 4.93161e-12 6.83072e-12 9.33669e-12 1.24475e-11 1.6004e-11 1.96763e-11 2.30674e-11 2.58874e-11 2.80301e-11 2.94138e-11 2.97504e-11 2.86268e-11 2.58891e-11 2.19107e-11 1.74399e-11 1.32156e-11 9.68144e-12 6.96633e-12 4.99562e-12 3.6191e-12 2.68309e-12 2.06137e-12 1.65406e-12 1.38322e-12 1.19639e-12 1.05419e-12 9.36044e-13 8.28991e-13 7.28223e-13 6.30643e-13 5.36345e-13 4.44977e-13 3.6098e-13 2.85425e-13 2.01972e-13 
2.0798e-13 2.70763e-13 3.40043e-13 4.16118e-13 4.94267e-13 5.74616e-13 6.57127e-13 7.44422e-13 8.414e-13 9.59814e-13 1.12143e-12 1.35931e-12 1.72156e-12 2.27233e-12 3.09099e-12 4.27976e-12 5.9608e-12 8.25526e-12 1.12302e-11 1.48187e-11 1.87408e-11 2.2534e-11 2.57171e-11 2.80195e-11 2.94174e-11 2.98993e-11 2.92618e-11 2.72483e-11 2.3906e-11 1.9719e-11 1.53938e-11 1.1515e-11 8.37526e-12 6.01065e-12 4.31247e-12 3.13341e-12 2.33569e-12 1.808e-12 1.46252e-12 1.23232e-12 1.07019e-12 9.45157e-13 8.37815e-13 7.40001e-13 6.46113e-13 5.54941e-13 4.6676e-13 3.82573e-13 3.05375e-13 2.35604e-13 2.35604e-13 
1.81976e-13 2.55297e-13 3.24461e-13 4.00968e-13 4.83754e-13 5.6848e-13 6.54663e-13 7.4522e-13 8.4113e-13 9.51973e-13 1.09106e-12 1.28432e-12 1.57269e-12 2.01295e-12 2.68012e-12 3.67068e-12 5.10463e-12 7.11919e-12 9.83453e-12 1.3281e-11 1.72918e-11 2.14455e-11 2.51408e-11 2.78599e-11 2.94138e-11 2.99005e-11 2.94138e-11 2.78599e-11 2.51408e-11 2.14455e-11 1.72918e-11 1.3281e-11 9.83453e-12 7.11919e-12 5.10463e-12 3.67068e-12 2.68012e-12 2.01295e-12 1.57269e-12 1.28432e-12 1.09106e-12 9.51973e-13 8.4113e-13 7.4522e-13 6.54663e-13 5.6848e-13 4.83754e-13 4.00968e-13 3.24461e-13 2.55297e-13 1.81976e-13 
2.35604e-13 3.05375e-13 3.82573e-13 4.6676e-13 5.54941e-13 6.46113e-13 7.40001e-13 8.37815e-13 9.45157e-13 1.07019e-12 1.23232e-12 1.46252e-12 1.808e-12 2.33569e-12 3.13341e-12 4.31247e-12 6.01065e-12 8.37526e-12 1.1515e-11 1.53938e-11 1.9719e-11 2.3906e-11 2.72483e-11 2.92618e-11 2.98993e-11 2.94174e-11 2.80195e-11 2.57171e-11 2.2534e-11 1.87408e-11 1.48187e-11 1.12302e-11 8.25526e-12 5.9608e-12 4.27976e-12 3.09099e-12 2.27233e-12 1.72156e-12 1.35931e-12 1.12143e-12 9.59814e-13 8.414e-13 7.44422e-13 6.57127e-13 5.74616e-13 4.94267e-13 4.16118e-13 3.40043e-13 2.70763e-13 2.0798e-13 2.0798e-13 
2.01972e-13 2.85425e-13 3.6098e-13 4.44977e-13 5.36345e-13 6.30643e-13 7.28223e-13 8.28991e-13 9.36044e-13 1.05419e-12 1.19639e-12 1.38322e-12 1.65406e-12 2.06137e-12 2.68309e-12 3.6191e-12 4.99562e-12 6.96633e-12 9.68144e-12 1.32156e-11 1.74399e-11 2.19107e-11 2.58891e-11 2.86268e-11 2.97504e-11 2.94138e-11 2.80301e-11 2.58874e-11 2.30674e-11 1.96763e-11 1.6004e-11 1.24475e-11 9.33669e-12 6.83072e-12 4.93161e-12 3.55214e-12 2.58021e-12 1.91233e-12 1.46443e-12 1.16971e-12 9.74907e-13 8.40564e-13 7.38991e-13 6.53048e-13 5.75104e-13 4.99711e-13 4.26238e-13 3.53027e-13 2.85082e-13 2.23277e-13 1.5998e-13 
2.58316e-13 3.36222e-13 4.19342e-13 5.11489e-13 6.087e-13 7.09021e-13 8.13098e-13 9.21854e-13 1.0375e-12 1.16767e-12 1.32678e-12 1.54169e-12 1.85426e-12 2.32611e-12 3.04375e-12 4.11912e-12 5.69328e-12 7.929e-12 1.09686e-11 1.48294e-11 1.92652e-11 2.36671e-11 2.71828e-11 2.91066e-11 2.92618e-11 2.80195e-11 2.59085e-11 2.32477e-11 2.01603e-11 1.67894e-11 1.33969e-11 1.02824e-11 7.65699e-12 5.59056e-12 4.04382e-12 2.9265e-12 2.14039e-12 1.60203e-12 1.24085e-12 1.00317e-12 8.44933e-13 7.32921e-13 6.45299e-13 5.70243e-13 4.98974e-13 4.30775e-13 3.62492e-13 2.95521e-13 2.34231e-13 1.79381e-13 1.79381e-13 
2.16969e-13 3.098e-13 3.91837e-13 4.82202e-13 5.80985e-13 6.83819e-13 7.90186e-13 8.99995e-13 1.01519e-12 1.13979e-12 1.28248e-12 1.46006e-12 1.70224e-12 2.05563e-12 2.59009e-12 3.40064e-12 4.60857e-12 6.36863e-12 8.84616e-12 1.21576e-11 1.62421e-11 2.07114e-11 2.48053e-11 2.76319e-11 2.86268e-11 2.78599e-11 2.58874e-11 2.32792e-11 2.03461e-11 1.72199e-11 1.40439e-11 1.10298e-11 8.38048e-12 6.21217e-12 4.53635e-12 3.29351e-12 2.39738e-12 1.76884e-12 1.33716e-12 1.04906e-12 8.58107e-13 7.28607e-13 6.35731e-13 5.6007e-13 4.932e-13 4.29513e-13 3.66831e-13 3.04008e-13 2.43698e-13 1.90275e-13 1.35985e-13 
2.77121e-13 3.60461e-13 4.49454e-13 5.47381e-13 6.51441e-13 7.59834e-13 8.71444e-13 9.87263e-13 1.10923e-12 1.24232e-12 1.39552e-12 1.59064e-12 1.85742e-12 2.24948e-12 2.84069e-12 3.73264e-12 5.06006e-12 6.98282e-12 9.66257e-12 1.3171e-11 1.73429e-11 2.16401e-11 2.52002e-11 2.71828e-11 2.72483e-11 2.57171e-11 2.32477e-11 2.0387e-11 1.74038e-11 1.4418e-11 1.15525e-11 8.95915e-12 6.75993e-12 5.00283e-12 3.6602e-12 2.67029e-12 1.95738e-12 1.45754e-12 1.11408e-12 8.84847e-13 7.31416e-13 6.26241e-13 5.47877e-13 4.83083e-13 4.2351e-13 3.65742e-13 3.07868e-13 2.51815e-13 1.97617e-13 1.49781e-13 1.49781e-13 
2.26967e-13 3.28449e-13 4.14191e-13 5.09772e-13 6.13703e-13 7.22824e-13 8.35881e-13 9.5202e-13 1.07326e-12 1.2006e-12 1.34008e-12 1.50451e-12 1.71274e-12 2.00114e-12 2.42343e-12 3.05977e-12 4.02069e-12 5.44631e-12 7.50307e-12 1.03334e-11 1.39417e-11 1.80411e-11 2.19615e-11 2.48053e-11 2.58891e-11 2.51408e-11 2.30674e-11 2.03461e-11 1.74498e-11 1.45912e-11 1.18694e-11 9.3738e-12 7.20244e-12 5.41266e-12 4.00742e-12 2.94291e-12 2.15911e-12 1.5954e-12 1.19919e-12 9.27438e-13 7.44093e-13 6.21659e-13 5.35852e-13 4.69895e-13 4.1416e-13 3.61092e-13 3.08559e-13 2.55822e-13 2.04078e-13 1.58183e-13 1.1299e-13 
2.88063e-13 3.77145e-13 4.6908e-13 5.71513e-13 6.80068e-13 7.93233e-13 9.10167e-13 1.0302e-12 1.1554e-12 1.28684e-12 1.43158e-12 1.60189e-12 1.82036e-12 2.12202e-12 2.56556e-12 3.23469e-12 4.24614e-12 5.74917e-12 7.90652e-12 1.08247e-11 1.44219e-11 1.82808e-11 2.16401e-11 2.36671e-11 2.3906e-11 2.2534e-11 2.01603e-11 1.74038e-11 1.46392e-11 1.20265e-11 9.63592e-12 7.52662e-12 5.7478e-12 4.31322e-12 3.1999e-12 2.36073e-12 1.74314e-12 1.29863e-12 9.85663e-13 7.70406e-13 6.25093e-13 5.26717e-13 4.56298e-13 4.00744e-13 3.51463e-13 3.0412e-13 2.56141e-13 2.08883e-13 1.62784e-13 1.22129e-13 1.22129e-13 
2.30967e-13 3.38436e-13 4.27083e-13 5.25761e-13 6.32492e-13 7.44482e-13 8.61768e-13 9.80912e-13 1.10426e-12 1.23019e-12 1.36453e-12 1.51174e-12 1.6851e-12 1.9064e-12 2.21341e-12 2.667e-12 3.356e-12 4.4032e-12 5.96351e-12 8.18717e-12 1.11235e-11 1.45846e-11 1.80411e-11 2.07114e-11 2.19107e-11 2.14455e-11 1.96763e-11 1.72199e-11 1.45912e-11 1.20722e-11 9.77238e-12 7.73752e-12 5.99727e-12 4.56493e-12 3.42767e-12 2.55148e-12 1.89189e-12 1.40651e-12 1.05606e-12 8.0897e-13 6.3871e-13 5.23245e-13 4.44565e-13 3.8648e-13 3.39429e-13 2.96643e-13 2.53498e-13 2.10419e-13 1.67137e-13 1.27931e-13 9.19931e-14 
2.92125e-13 3.84313e-13 4.78216e-13 5.80973e-13 6.91575e-13 8.06946e-13 9.25624e-13 1.04729e-12 1.1706e-12 1.29689e-12 1.43026e-12 1.5762e-12 1.74704e-12 1.96522e-12 2.26927e-12 2.72297e-12 3.42108e-12 4.49572e-12 6.09851e-12 8.34941e-12 1.12231e-11 1.44219e-11 1.73429e-11 1.92652e-11 1.9719e-11 1.87408e-11 1.67894e-11 1.4418e-11 1.20265e-11 9.81377e-12 7.85112e-12 6.16367e-12 4.75552e-12 3.6159e-12 2.72031e-12 2.03353e-12 1.51657e-12 1.13525e-12 8.58531e-13 6.63719e-13 5.28261e-13 4.37115e-13 3.7325e-13 3.26147e-13 2.84999e-13 2.47084e-13 2.08375e-13 1.68666e-13 1.31638e-13 9.74007e-14 9.74007e-14 
2.28968e-13 3.38749e-13 4.29511e-13 5.28228e-13 6.35404e-13 7.48686e-13 8.64593e-13 9.83933e-13 1.10562e-12 1.22747e-12 1.35102e-12 1.48049e-12 1.62135e-12 1.78474e-12 1.99351e-12 2.28851e-12 2.73634e-12 3.4413e-12 4.53831e-12 6.16813e-12 8.40176e-12 1.11235e-11 1.39417e-11 1.62421e-11 1.74399e-11 1.72918e-11 1.6004e-11 1.40439e-11 1.18694e-11 9.77238e-12 7.88702e-12 6.25615e-12 4.88421e-12 3.75951e-12 2.86006e-12 2.15851e-12 1.62136e-12 1.21602e-12 9.15595e-13 6.97102e-13 5.42438e-13 4.35916e-13 3.63138e-13 3.12407e-13 2.72725e-13 2.37394e-13 2.03688e-13 1.68846e-13 1.33846e-13 1.00478e-13 7.1996e-14 
2.87309e-13 3.79965e-13 4.73927e-13 5.76735e-13 6.85972e-13 7.99923e-13 9.17482e-13 1.03583e-12 1.15408e-12 1.27218e-12 1.39175e-12 1.5143e-12 1.64515e-12 1.79672e-12 1.99294e-12 2.27506e-12 2.71873e-12 3.43274e-12 4.55225e-12 6.18919e-12 8.34941e-12 1.08247e-11 1.3171e-11 1.48294e-11 1.53938e-11 1.48187e-11 1.33969e-11 1.15525e-11 9.63592e-12 7.85112e-12 6.28547e-12 4.95736e-12 3.85826e-12 2.96854e-12 2.26276e-12 1.71457e-12 1.29322e-12 9.75313e-13 7.38346e-13 5.65567e-13 4.42558e-13 3.5869e-13 3.00816e-13 2.59449e-13 2.26882e-13 1.95774e-13 1.64747e-13 1.341e-13 1.03209e-13 7.55918e-14 7.55918e-14 
2.1997e-13 3.30318e-13 4.20441e-13 5.17156e-13 6.22486e-13 7.3259e-13 8.46281e-13 9.61811e-13 1.07755e-12 1.19185e-12 1.3048e-12 1.4163e-12 1.52876e-12 1.64801e-12 1.78572e-12 1.96762e-12 2.24067e-12 2.68554e-12 3.41627e-12 4.55496e-12 6.16813e-12 8.18717e-12 1.03334e-11 1.21576e-11 1.32156e-11 1.3281e-11 1.24475e-11 1.10298e-11 9.3738e-12 7.73752e-12 6.25615e-12 4.981e-12 3.91487e-12 3.04316e-12 2.34401e-12 1.79234e-12 1.3628e-12 1.03219e-12 7.81561e-13 5.93761e-13 4.5722e-13 3.60145e-13 2.93741e-13 2.48244e-13 2.14916e-13 1.86122e-13 1.59327e-13 1.32181e-13 1.0427e-13 7.78039e-14 5.49978e-14 
2.74584e-13 3.6694e-13 4.58091e-13 5.57857e-13 6.6337e-13 7.73291e-13 8.85864e-13 9.97655e-13 1.10919e-12 1.21706e-12 1.32251e-12 1.42452e-12 1.52623e-12 1.63193e-12 1.75688e-12 1.92854e-12 2.19984e-12 2.65599e-12 3.4088e-12 4.55225e-12 6.09851e-12 7.90652e-12 9.66257e-12 1.09686e-11 1.1515e-11 1.12302e-11 1.02824e-11 8.95915e-12 7.52662e-12 6.16367e-12 4.95736e-12 3.93376e-12 3.08705e-12 2.4003e-12 1.85325e-12 1.42108e-12 1.08431e-12 8.24304e-13 6.25657e-13 4.76549e-13 3.67994e-13 2.922e-13 2.39794e-13 2.03596e-13 1.7634e-13 1.5207e-13 1.28145e-13 1.03401e-13 7.95021e-14 5.77026e-14 5.77026e-14 
2.05974e-13 3.14064e-13 4.0076e-13 4.93495e-13 5.93823e-13 6.99304e-13 8.0712e-13 9.16791e-13 1.02413e-12 1.12985e-12 1.23072e-12 1.32617e-12 1.41799e-12 1.50794e-12 1.60225e-12 1.71875e-12 1.8885e-12 2.16736e-12 2.64444e-12 3.41627e-12 4.53831e-12 5.96351e-12 7.50307e-12 8.84616e-12 9.68144e-12 9.83453e-12 9.33669e-12 8.38048e-12 7.20244e-12 5.99727e-12 4.88421e-12 3.91487e-12 3.10109e-12 2.43328e-12 1.89505e-12 1.46657e-12 1.12816e-12 8.63183e-13 6.57614e-13 4.99615e-13 3.81622e-13 2.95508e-13 2.35878e-13 1.9493e-13 1.65859e-13 1.42835e-13 1.21455e-13 1.00579e-13 7.94734e-14 5.89615e-14 4.19988e-14 
2.55909e-13 3.44183e-13 4.31618e-13 5.2534e-13 6.249e-13 7.29302e-13 8.34126e-13 9.39134e-13 1.04033e-12 1.1386e-12 1.23084e-12 1.31745e-12 1.39901e-12 1.47949e-12 1.56783e-12 1.6816e-12 1.85777e-12 2.15573e-12 2.65599e-12 3.43274e-12 4.49572e-12 5.74917e-12 6.98282e-12 7.929e-12 8.37526e-12 8.25526e-12 7.65699e-12 6.75993e-12 5.7478e-12 4.75552e-12 3.85826e-12 3.08705e-12 2.44441e-12 1.92096e-12 1.49871e-12 1.16313e-12 8.96642e-13 6.86467e-13 5.23143e-13 3.97411e-13 3.03377e-13 2.36033e-13 1.89186e-13 1.57324e-13 1.34088e-13 1.15156e-13 9.68756e-14 7.76512e-14 5.96236e-14 4.27539e-14 4.27539e-14 
1.86977e-13 2.89935e-13 3.71354e-13 4.5916e-13 5.52422e-13 6.51026e-13 7.51437e-13 8.52422e-13 9.5199e-13 1.04728e-12 1.13736e-12 1.22209e-12 1.29979e-12 1.37349e-12 1.44726e-12 1.53462e-12 1.65491e-12 1.84615e-12 2.16736e-12 2.68554e-12 3.4413e-12 4.4032e-12 5.44631e-12 6.36863e-12 6.96633e-12 7.11919e-12 6.83072e-12 6.21217e-12 5.41266e-12 4.56493e-12 3.75951e-12 3.04316e-12 2.43328e-12 1.92912e-12 1.51743e-12 1.18654e-12 9.2214e-13 7.11654e-13 5.45097e-13 4.14776e-13 3.1489e-13 2.41041e-13 1.87477e-13 1.50925e-13 1.25945e-13 1.07404e-13 9.09352e-14 7.50503e-14 5.86211e-14 4.30222e-14 2.99993e-14 
2.32257e-13 3.14543e-13 3.95413e-13 4.82117e-13 5.74616e-13 6.70247e-13 7.67712e-13 8.63054e-13 9.56391e-13 1.04498e-12 1.12796e-12 1.20415e-12 1.27546e-12 1.34427e-12 1.41848e-12 1.51146e-12 1.64492e-12 1.85777e-12 2.19984e-12 2.71873e-12 3.42108e-12 4.24614e-12 5.06006e-12 5.69328e-12 6.01065e-12 5.9608e-12 5.59056e-12 5.00283e-12 4.31322e-12 3.6159e-12 2.96854e-12 2.4003e-12 1.92096e-12 1.52456e-12 1.20095e-12 9.40677e-13 7.31598e-13 5.64124e-13 4.31982e-13 3.28266e-13 2.48852e-13 1.90142e-13 1.48551e-13 1.19966e-13 1.00548e-13 8.49801e-14 7.10274e-14 5.69465e-14 4.36609e-14 3.07667e-14 3.07667e-14 
1.65981e-13 2.6083e-13 3.36039e-13 4.16059e-13 5.0127e-13 5.91877e-13 6.83569e-13 7.76237e-13 8.6608e-13 9.53334e-13 1.03532e-12 1.11116e-12 1.1824e-12 1.24951e-12 1.31896e-12 1.39859e-12 1.50293e-12 1.65491e-12 1.8885e-12 2.24067e-12 2.73634e-12 3.356e-12 4.02069e-12 4.60857e-12 4.99562e-12 5.10463e-12 4.93161e-12 4.53635e-12 4.00742e-12 3.42767e-12 2.86006e-12 2.34401e-12 1.89505e-12 1.51743e-12 1.206e-12 9.51705e-13 7.46223e-13 5.79554e-13 4.46933e-13 3.41095e-13 2.57867e-13 1.94712e-13 1.48652e-13 1.16654e-13 9.45676e-14 7.88069e-14 6.68061e-14 5.47193e-14 4.27273e-14 3.10201e-14 2.19993e-14 
2.04605e-13 2.80895e-13 3.53303e-13 4.32075e-13 5.15549e-13 6.03233e-13 6.91039e-13 7.78043e-13 8.62508e-13 9.43764e-13 1.02011e-12 1.0915e-12 1.15918e-12 1.22792e-12 1.30135e-12 1.39143e-12 1.51146e-12 1.6816e-12 1.92854e-12 2.27506e-12 2.72297e-12 3.23469e-12 3.73264e-12 4.11912e-12 4.31247e-12 4.27976e-12 4.04382e-12 3.6602e-12 3.1999e-12 2.72031e-12 2.26276e-12 1.85325e-12 1.49871e-12 1.20095e-12 9.55651e-13 7.54806e-13 5.91234e-13 4.57985e-13 3.52185e-13 2.67474e-13 2.01345e-13 1.51898e-13 1.16038e-13 9.06909e-14 7.44544e-14 6.2055e-14 5.13635e-14 4.12884e-14 3.07337e-14 2.17606e-14 2.17606e-14 
1.43985e-13 2.28686e-13 2.9671e-13 3.68039e-13 4.44283e-13 5.25896e-13 6.08711e-13 6.92708e-13 7.75122e-13 8.54285e-13 9.30514e-13 1.00301e-12 1.0715e-12 1.14072e-12 1.21281e-12 1.29558e-12 1.39859e-12 1.53462e-12 1.71875e-12 1.96762e-12 2.28851e-12 2.667e-12 3.05977e-12 3.40064e-12 3.6191e-12 3.67068e-12 3.55214e-12 3.29351e-12 2.94291e-12 2.55148e-12 2.15851e-12 1.79234e-12 1.46657e-12 1.18654e-12 9.51705e-13 7.57627e-13 5.9735e-13 4.66745e-13 3.60831e-13 2.75795e-13 2.08864e-13 1.56521e-13 1.17618e-13 8.97135e-14 7.02985e-14 5.73486e-14 4.73289e-14 3.86942e-14 2.998e-14 2.20105e-14 1.49991e-14 
1.75921e-13 2.432e-13 3.08158e-13 3.78107e-13 4.52609e-13 5.30364e-13 6.09323e-13 6.89585e-13 7.66493e-13 8.4232e-13 9.15372e-13 9.85666e-13 1.05459e-12 1.12737e-12 1.20751e-12 1.30135e-12 1.41848e-12 1.56783e-12 1.75688e-12 1.99294e-12 2.26927e-12 2.56556e-12 2.84069e-12 3.04375e-12 3.13341e-12 3.09099e-12 2.9265e-12 2.67029e-12 2.36073e-12 2.03353e-12 1.71457e-12 1.42108e-12 1.16313e-12 9.40677e-13 7.54806e-13 6.00009e-13 4.7232e-13 3.67676e-13 2.83052e-13 2.1551e-13 1.61423e-13 1.20547e-13 8.99742e-14 6.86076e-14 5.44984e-14 4.44865e-14 3.60787e-14 2.88856e-14 2.1793e-14 1.57436e-14 1.57436e-14 
1.20989e-13 1.95458e-13 2.543e-13 3.17977e-13 3.85339e-13 4.57026e-13 5.30923e-13 6.07054e-13 6.82655e-13 7.56031e-13 8.28445e-13 9.00061e-13 9.70669e-13 1.04327e-12 1.12264e-12 1.21281e-12 1.31896e-12 1.44726e-12 1.60225e-12 1.78572e-12 1.99351e-12 2.21341e-12 2.42343e-12 2.59009e-12 2.68309e-12 2.68012e-12 2.58021e-12 2.39738e-12 2.15911e-12 1.89189e-12 1.62136e-12 1.3628e-12 1.12816e-12 9.2214e-13 7.46223e-13 5.9735e-13 4.73842e-13 3.71757e-13 2.88972e-13 2.20622e-13 1.66549e-13 1.23897e-13 9.22204e-14 6.85468e-14 5.23659e-14 4.17296e-14 3.37006e-14 2.68446e-14 2.12275e-14 1.50477e-14 1.09989e-14 
1.48191e-13 2.06339e-13 2.62867e-13 3.23091e-13 3.88699e-13 4.57532e-13 5.2857e-13 6.00932e-13 6.72866e-13 7.44626e-13 8.16425e-13 8.8727e-13 9.60645e-13 1.04021e-12 1.12737e-12 1.22792e-12 1.34427e-12 1.47949e-12 1.63193e-12 1.79672e-12 1.96522e-12 2.12202e-12 2.24948e-12 2.32611e-12 2.33569e-12 2.27233e-12 2.14039e-12 1.95738e-12 1.74314e-12 1.51657e-12 1.29322e-12 1.08431e-12 8.96642e-13 7.31598e-13 5.91234e-13 4.7232e-13 3.73109e-13 2.916e-13 2.25664e-13 1.71378e-13 1.28514e-13 9.50271e-14 6.96633e-14 5.15802e-14 3.93747e-14 3.11649e-14 2.49326e-14 1.96661e-14 1.49582e-14 1.07472e-14 1.07472e-14 
9.99915e-14 1.63115e-13 2.13678e-13 2.67781e-13 3.26337e-13 3.89137e-13 4.5511e-13 5.2331e-13 5.92897e-13 6.63098e-13 7.34119e-13 8.0507e-13 8.78724e-13 9.57333e-13 1.04327e-12 1.14072e-12 1.24951e-12 1.37349e-12 1.50794e-12 1.64801e-12 1.78474e-12 1.9064e-12 2.00114e-12 2.05563e-12 2.06137e-12 2.01295e-12 1.91233e-12 1.76884e-12 1.5954e-12 1.40651e-12 1.21602e-12 1.03219e-12 8.63183e-13 7.11654e-13 5.79554e-13 4.66745e-13 3.71757e-13 2.92784e-13 2.27807e-13 1.74727e-13 1.31476e-13 9.77147e-14 7.1358e-14 5.2499e-14 3.87472e-14 2.94049e-14 2.33495e-14 1.8894e-14 1.46269e-14 1.01245e-14 6.99889e-15 
1.21417e-13 1.71295e-13 2.18385e-13 2.70885e-13 3.27666e-13 3.87624e-13 4.50738e-13 5.17089e-13 5.84864e-13 6.53255e-13 7.24359e-13 7.98147e-13 8.7623e-13 9.60645e-13 1.05459e-12 1.15918e-12 1.27546e-12 1.39901e-12 1.52623e-12 1.64515e-12 1.74704e-12 1.82036e-12 1.85742e-12 1.85426e-12 1.808e-12 1.72156e-12 1.60203e-12 1.45754e-12 1.29863e-12 1.13525e-12 9.75313e-13 8.24304e-13 6.86467e-13 5.64124e-13 4.57985e-13 3.67676e-13 2.916e-13 2.28829e-13 1.76411e-13 1.34093e-13 1.00599e-13 7.3828e-14 5.33181e-14 3.90051e-14 2.91051e-14 2.22698e-14 1.75536e-14 1.34385e-14 1.01803e-14 7.74834e-15 7.74834e-15 
7.99939e-14 1.32652e-13 1.75826e-13 2.21332e-13 2.7113e-13 3.26075e-13 3.84152e-13 4.45387e-13 5.09874e-13 5.76766e-13 6.46187e-13 7.18172e-13 7.95525e-13 8.78724e-13 9.70669e-13 1.0715e-12 1.1824e-12 1.29979e-12 1.41799e-12 1.52876e-12 1.62135e-12 1.6851e-12 1.71274e-12 1.70224e-12 1.65406e-12 1.57269e-12 1.46443e-12 1.33716e-12 1.19919e-12 1.05606e-12 9.15595e-13 7.81561e-13 6.57614e-13 5.45097e-13 4.46933e-13 3.60831e-13 2.88972e-13 2.27807e-13 1.77277e-13 1.36238e-13 1.02581e-13 7.59229e-14 5.49666e-14 3.98193e-14 2.88979e-14 2.11701e-14 1.59301e-14 1.23877e-14 9.29708e-15 7.1841e-15 4.99885e-15 
9.75928e-14 1.3808e-13 1.78622e-13 2.22437e-13 2.7043e-13 3.23505e-13 3.7969e-13 4.40012e-13 5.03581e-13 5.70493e-13 6.40809e-13 7.16451e-13 7.98147e-13 8.8727e-13 9.85666e-13 1.0915e-12 1.20415e-12 1.31745e-12 1.42452e-12 1.5143e-12 1.5762e-12 1.60189e-12 1.59064e-12 1.54169e-12 1.46252e-12 1.35931e-12 1.24085e-12 1.11408e-12 9.85663e-13 8.58531e-13 7.38346e-13 6.25657e-13 5.23143e-13 4.31982e-13 3.52185e-13 2.83052e-13 2.25664e-13 1.76411e-13 1.36074e-13 1.03473e-13 7.7338e-14 5.63841e-14 4.08226e-14 2.91799e-14 2.12735e-14 1.54058e-14 1.15719e-14 9.20763e-15 6.52682e-15 4.79587e-15 4.79587e-15 
6.29958e-14 1.06063e-13 1.41742e-13 1.79605e-13 2.21642e-13 2.68761e-13 3.19943e-13 3.75199e-13 4.34581e-13 4.98154e-13 5.65974e-13 6.39025e-13 7.18172e-13 8.0507e-13 9.00061e-13 1.00301e-12 1.11116e-12 1.22209e-12 1.32617e-12 1.4163e-12 1.48049e-12 1.51174e-12 1.50451e-12 1.46006e-12 1.38322e-12 1.28432e-12 1.16971e-12 1.04906e-12 9.27438e-13 8.0897e-13 6.97102e-13 5.93761e-13 4.99615e-13 4.14776e-13 3.41095e-13 2.75795e-13 2.20622e-13 1.74727e-13 1.36238e-13 1.04063e-13 7.78978e-14 5.81012e-14 4.16989e-14 2.96634e-14 2.11712e-14 1.531e-14 1.10572e-14 8.51167e-15 6.64938e-15 4.37643e-15 2.99907e-15 
7.67252e-14 1.09672e-13 1.42615e-13 1.79694e-13 2.19891e-13 2.65121e-13 3.1537e-13 3.70656e-13 4.30035e-13 4.94528e-13 5.64145e-13 6.40809e-13 7.24359e-13 8.16425e-13 9.15372e-13 1.02011e-12 1.12796e-12 1.23084e-12 1.32251e-12 1.39175e-12 1.43026e-12 1.43158e-12 1.39552e-12 1.32678e-12 1.23232e-12 1.12143e-12 1.00317e-12 8.84847e-13 7.70406e-13 6.63719e-13 5.65567e-13 4.76549e-13 3.97411e-13 3.28266e-13 2.67474e-13 2.1551e-13 1.71378e-13 1.34093e-13 1.03473e-13 7.83691e-14 5.83851e-14 4.29896e-14 3.08093e-14 2.19288e-14 1.5562e-14 1.08571e-14 8.0338e-15 6.07688e-15 4.71316e-15 3.79951e-15 3.79951e-15 
4.89972e-14 8.33669e-14 1.1145e-13 1.42612e-13 1.77863e-13 2.18143e-13 2.6244e-13 3.11732e-13 3.67015e-13 4.27325e-13 4.92667e-13 5.65974e-13 6.46187e-13 7.34119e-13 8.28445e-13 9.30514e-13 1.03532e-12 1.13736e-12 1.23072e-12 1.3048e-12 1.35102e-12 1.36453e-12 1.34008e-12 1.28248e-12 1.19639e-12 1.09106e-12 9.74907e-13 8.58107e-13 7.44093e-13 6.3871e-13 5.42438e-13 4.5722e-13 3.81622e-13 3.1489e-13 2.57867e-13 2.08864e-13 1.66549e-13 1.31476e-13 1.02581e-13 7.78978e-14 5.8755e-14 4.30392e-14 3.10208e-14 2.20393e-14 1.5385e-14 1.09245e-14 7.78834e-15 5.66183e-15 4.25035e-15 3.41886e-15 1.99923e-15 
5.88218e-14 8.6102e-14 1.12356e-13 1.42672e-13 1.7703e-13 2.15398e-13 2.59721e-13 3.09011e-13 3.64251e-13 4.25439e-13 4.94528e-13 5.70493e-13 6.53255e-13 7.44626e-13 8.4232e-13 9.43764e-13 1.04498e-12 1.1386e-12 1.21706e-12 1.27218e-12 1.29689e-12 1.28684e-12 1.24232e-12 1.16767e-12 1.07019e-12 9.59814e-13 8.44933e-13 7.31416e-13 6.25093e-13 5.28261e-13 4.42558e-13 3.67994e-13 3.03377e-13 2.48852e-13 2.01345e-13 1.61423e-13 1.28514e-13 1.00599e-13 7.7338e-14 5.83851e-14 4.33207e-14 3.16269e-14 2.27e-14 1.58926e-14 1.1168e-14 7.74756e-15 5.41487e-15 3.90281e-15 3.04303e-15 1.88361e-15 1.88361e-15 
3.69982e-14 6.35898e-14 8.6955e-14 1.1235e-13 1.40793e-13 1.7521e-13 2.13606e-13 2.56948e-13 3.07189e-13 3.63332e-13 4.27325e-13 4.98154e-13 5.76766e-13 6.63098e-13 7.56031e-13 8.54285e-13 9.53334e-13 1.04728e-12 1.12985e-12 1.19185e-12 1.22747e-12 1.23019e-12 1.2006e-12 1.13979e-12 1.05419e-12 9.51973e-13 8.40564e-13 7.28607e-13 6.21659e-13 5.23245e-13 4.35916e-13 3.60145e-13 2.95508e-13 2.41041e-13 1.94712e-13 1.56521e-13 1.23897e-13 9.77147e-14 7.59229e-14 5.81012e-14 4.30392e-14 3.18368e-14 2.31381e-14 1.63415e-14 1.14827e-14 7.85034e-15 5.31896e-15 4.29047e-15 2.74671e-15 2.51655e-15 1.99911e-15 
4.48867e-14 6.64096e-14 8.6897e-14 1.11399e-13 1.39904e-13 1.7337e-13 2.11774e-13 2.56077e-13 3.06255e-13 3.64251e-13 4.30035e-13 5.03581e-13 5.84864e-13 6.72866e-13 7.66493e-13 8.62508e-13 9.56391e-13 1.04033e-12 1.10919e-12 1.15408e-12 1.1706e-12 1.1554e-12 1.10923e-12 1.0375e-12 9.45157e-13 8.414e-13 7.32921e-13 6.26241e-13 5.26717e-13 4.37115e-13 3.5869e-13 2.922e-13 2.36033e-13 1.90142e-13 1.51898e-13 1.20547e-13 9.50271e-14 7.3828e-14 5.63841e-14 4.29896e-14 3.16269e-14 2.32909e-14 1.66447e-14 1.17756e-14 8.02264e-15 5.33422e-15 4.15622e-15 2.54426e-15 2.23335e-15 1.87214e-15 1.87214e-15 
2.79989e-14 4.87362e-14 6.63173e-14 8.68875e-14 1.10466e-13 1.39008e-13 1.71501e-13 2.0989e-13 2.55131e-13 3.07189e-13 3.67015e-13 4.34581e-13 5.09874e-13 5.92897e-13 6.82655e-13 7.75122e-13 8.6608e-13 9.5199e-13 1.02413e-12 1.07755e-12 1.10562e-12 1.10426e-12 1.07326e-12 1.01519e-12 9.36044e-13 8.4113e-13 7.38991e-13 6.35731e-13 5.35852e-13 4.44565e-13 3.63138e-13 2.93741e-13 2.35878e-13 1.87477e-13 1.48652e-13 1.17618e-13 9.22204e-14 7.1358e-14 5.49666e-14 4.16989e-14 3.10208e-14 2.31381e-14 1.67513e-14 1.19784e-14 8.19662e-15 5.41061e-15 4.11953e-15 3.03273e-15 2.0273e-15 1.65948e-15 9.99519e-16 
3.39299e-14 4.96275e-14 6.62747e-14 8.59161e-14 1.09534e-13 1.37106e-13 1.70579e-13 2.09919e-13 2.56077e-13 3.09011e-13 3.70656e-13 4.40012e-13 5.17089e-13 6.00932e-13 6.89585e-13 7.78043e-13 8.63054e-13 9.39134e-13 9.97655e-13 1.03583e-12 1.04729e-12 1.0302e-12 9.87263e-13 9.21854e-13 8.37815e-13 7.44422e-13 6.45299e-13 5.47877e-13 4.56298e-13 3.7325e-13 3.00816e-13 2.39794e-13 1.89186e-13 1.48551e-13 1.16038e-13 8.99742e-14 6.96633e-14 5.33181e-14 4.08226e-14 3.08093e-14 2.27e-14 1.66447e-14 1.20504e-14 8.32139e-15 5.50117e-15 4.14166e-15 2.96626e-15 1.89783e-15 1.47679e-15 9.33503e-16 9.33503e-16 
2.09993e-14 3.68349e-14 5.05571e-14 6.62621e-14 8.59414e-14 1.08592e-13 1.37151e-13 1.706e-13 2.0989e-13 2.56948e-13 3.11732e-13 3.75199e-13 4.45387e-13 5.2331e-13 6.07054e-13 6.92708e-13 7.76237e-13 8.52422e-13 9.16791e-13 9.61811e-13 9.83933e-13 9.80912e-13 9.5202e-13 8.99995e-13 8.28991e-13 7.4522e-13 6.53048e-13 5.6007e-13 4.69895e-13 3.8648e-13 3.12407e-13 2.48244e-13 1.9493e-13 1.50925e-13 1.16654e-13 8.97135e-14 6.85468e-14 5.2499e-14 3.98193e-14 2.96634e-14 2.20393e-14 1.63415e-14 1.19784e-14 8.36635e-15 5.57002e-15 4.18589e-15 2.95183e-15 1.82794e-15 1.35263e-15 8.28498e-16 9.99516e-16 
2.49586e-14 3.77628e-14 5.05246e-14 6.62645e-14 8.49775e-14 1.08621e-13 1.3618e-13 1.70579e-13 2.11774e-13 2.59721e-13 3.1537e-13 3.7969e-13 4.50738e-13 5.2857e-13 6.09323e-13 6.91039e-13 7.67712e-13 8.34126e-13 8.85864e-13 9.17482e-13 9.25624e-13 9.10167e-13 8.71444e-13 8.13098e-13 7.40001e-13 6.57127e-13 5.70243e-13 4.83083e-13 4.00744e-13 3.26147e-13 2.59449e-13 2.03596e-13 1.57324e-13 1.19966e-13 9.06909e-14 6.86076e-14 5.15802e-14 3.90051e-14 2.91799e-14 2.19288e-14 1.58926e-14 1.17756e-14 8.32139e-15 5.59538e-15 4.22392e-15 2.96233e-15 1.79775e-15 1.27927e-15 7.43004e-16 9.34478e-16 9.34478e-16 
1.49996e-14 2.69015e-14 3.77202e-14 5.05102e-14 6.52827e-14 8.4994e-14 1.08631e-13 1.37151e-13 1.71501e-13 2.13606e-13 2.6244e-13 3.19943e-13 3.84152e-13 4.5511e-13 5.30923e-13 6.08711e-13 6.83569e-13 7.51437e-13 8.0712e-13 8.46281e-13 8.64593e-13 8.61768e-13 8.35881e-13 7.90186e-13 7.28223e-13 6.54663e-13 5.75104e-13 4.932e-13 4.1416e-13 3.39429e-13 2.72725e-13 2.14916e-13 1.65859e-13 1.25945e-13 9.45676e-14 7.02985e-14 5.23659e-14 3.87472e-14 2.88979e-14 2.11712e-14 1.5385e-14 1.14827e-14 8.19662e-15 5.57002e-15 4.23852e-15 2.97703e-15 1.78947e-15 1.24097e-15 6.87817e-16 8.35157e-16 0 
1.79766e-14 2.7855e-14 3.76954e-14 5.05048e-14 6.52888e-14 8.49998e-14 1.08621e-13 1.37106e-13 1.7337e-13 2.15398e-13 2.65121e-13 3.23505e-13 3.87624e-13 4.57532e-13 5.30364e-13 6.03233e-13 6.70247e-13 7.29302e-13 7.73291e-13 7.99923e-13 8.06946e-13 7.93233e-13 7.59834e-13 7.09021e-13 6.46113e-13 5.74616e-13 4.98974e-13 4.2351e-13 3.51463e-13 2.84999e-13 2.26882e-13 1.7634e-13 1.34088e-13 1.00548e-13 7.44544e-14 5.44984e-14 3.93747e-14 2.91051e-14 2.12735e-14 1.5562e-14 1.1168e-14 8.02264e-15 5.50117e-15 4.22392e-15 2.98333e-15 1.78979e-15 1.22367e-15 6.56401e-16 7.57573e-16 9.38869e-16 9.38869e-16 
1.09998e-14 1.99413e-14 2.78261e-14 3.76814e-14 4.95128e-14 6.52911e-14 8.4994e-14 1.08592e-13 1.39008e-13 1.7521e-13 2.18143e-13 2.68761e-13 3.26075e-13 3.89137e-13 4.57026e-13 5.25896e-13 5.91877e-13 6.51026e-13 6.99304e-13 7.3259e-13 7.48686e-13 7.44482e-13 7.22824e-13 6.83819e-13 6.30643e-13 5.6848e-13 4.99711e-13 4.29513e-13 3.61092e-13 2.96643e-13 2.37394e-13 1.86122e-13 1.42835e-13 1.07404e-13 7.88069e-14 5.73486e-14 4.17296e-14 2.94049e-14 2.11701e-14 1.531e-14 1.09245e-14 7.85034e-15 5.41061e-15 4.18589e-15 2.97703e-15 1.79077e-15 1.21721e-15 1.28029e-15 7.09347e-16 8.48898e-16 0 
1.29872e-14 1.99152e-14 2.78078e-14 3.76742e-14 4.95124e-14 6.52888e-14 8.49775e-14 1.09534e-13 1.39904e-13 1.7703e-13 2.19891e-13 2.7043e-13 3.27666e-13 3.88699e-13 4.52609e-13 5.15549e-13 5.74616e-13 6.249e-13 6.6337e-13 6.85972e-13 6.91575e-13 6.80068e-13 6.51441e-13 6.087e-13 5.54941e-13 4.94267e-13 4.30775e-13 3.65742e-13 3.0412e-13 2.47084e-13 1.95774e-13 1.5207e-13 1.15156e-13 8.49801e-14 6.2055e-14 4.44865e-14 3.11649e-14 2.22698e-14 1.54058e-14 1.08571e-14 7.74756e-15 5.33422e-15 4.14166e-15 2.96233e-15 1.78979e-15 1.21569e-15 1.26553e-15 6.82794e-16 7.8096e-16 0 0 
7.99987e-15 1.39678e-14 2.08915e-14 2.77973e-14 3.76719e-14 4.95128e-14 6.52827e-14 8.59414e-14 1.10466e-13 1.40793e-13 1.77863e-13 2.21642e-13 2.7113e-13 3.26337e-13 3.85339e-13 4.44283e-13 5.0127e-13 5.52422e-13 5.93823e-13 6.22486e-13 6.35404e-13 6.32492e-13 6.13703e-13 5.80985e-13 5.36345e-13 4.83754e-13 4.26238e-13 3.66831e-13 3.08559e-13 2.53498e-13 2.03688e-13 1.59327e-13 1.21455e-13 9.09352e-14 6.68061e-14 4.73289e-14 3.37006e-14 2.33495e-14 1.59301e-14 1.10572e-14 7.78834e-15 5.31896e-15 4.11953e-15 2.95183e-15 1.78947e-15 1.21721e-15 1.26137e-15 6.69964e-16 7.40516e-16 0 0 
9.99287e-15 1.49494e-14 2.08797e-14 2.77938e-14 3.76742e-14 5.05048e-14 6.62645e-14 8.59161e-14 1.11399e-13 1.42672e-13 1.79694e-13 2.22437e-13 2.70885e-13 3.23091e-13 3.78107e-13 4.32075e-13 4.82117e-13 5.2534e-13 5.57857e-13 5.76735e-13 5.80973e-13 5.71513e-13 5.47381e-13 5.11489e-13 4.6676e-13 4.16118e-13 3.62492e-13 3.07868e-13 2.56141e-13 2.08375e-13 1.64747e-13 1.28145e-13 9.68756e-14 7.10274e-14 5.13635e-14 3.60787e-14 2.49326e-14 1.75536e-14 1.15719e-14 8.0338e-15 5.41487e-15 4.15622e-15 2.96626e-15 1.79775e-15 1.22367e-15 1.26553e-15 6.66185e-16 7.20328e-16 0 0 0 
5.99993e-15 9.98294e-15 1.49385e-14 2.08755e-14 2.77973e-14 3.76814e-14 5.05102e-14 6.62621e-14 8.68875e-14 1.1235e-13 1.42612e-13 1.79605e-13 2.21332e-13 2.67781e-13 3.17977e-13 3.68039e-13 4.16059e-13 4.5916e-13 4.93495e-13 5.17156e-13 5.28228e-13 5.25761e-13 5.09772e-13 4.82202e-13 4.44977e-13 4.00968e-13 3.53027e-13 3.04008e-13 2.55822e-13 2.10419e-13 1.68846e-13 1.32181e-13 1.00579e-13 7.50503e-14 5.47193e-14 3.86942e-14 2.68446e-14 1.8894e-14 1.23877e-14 8.51167e-15 5.66183e-15 4.29047e-15 3.03273e-15 1.82794e-15 1.24097e-15 1.28029e-15 6.69964e-16 7.14294e-16 0 0 0 
6.99674e-15 1.09728e-14 1.49346e-14 2.08797e-14 2.78078e-14 3.76954e-14 5.05246e-14 6.62747e-14 8.6897e-14 1.12356e-13 1.42615e-13 1.78622e-13 2.18385e-13 2.62867e-13 3.08158e-13 3.53303e-13 3.95413e-13 4.31618e-13 4.58091e-13 4.73927e-13 4.78216e-13 4.6908e-13 4.49454e-13 4.19342e-13 3.82573e-13 3.40043e-13 2.95521e-13 2.51815e-13 2.08883e-13 1.68666e-13 1.341e-13 1.03401e-13 7.76512e-14 5.69465e-14 4.12884e-14 2.88856e-14 1.96661e-14 1.34385e-14 9.20763e-15 6.07688e-15 3.90281e-15 2.54426e-15 1.89783e-15 1.27927e-15 6.56401e-16 6.82794e-16 7.20328e-16 0 0 0 0 
3.99996e-15 6.99231e-15 1.09695e-14 1.49385e-14 2.08915e-14 2.78261e-14 3.77202e-14 5.05571e-14 6.63173e-14 8.6955e-14 1.1145e-13 1.41742e-13 1.75826e-13 2.13678e-13 2.543e-13 2.9671e-13 3.36039e-13 3.71354e-13 4.0076e-13 4.20441e-13 4.29511e-13 4.27083e-13 4.14191e-13 3.91837e-13 3.6098e-13 3.24461e-13 2.85082e-13 2.43698e-13 2.04078e-13 1.67137e-13 1.33846e-13 1.0427e-13 7.94734e-14 5.86211e-14 4.27273e-14 2.998e-14 2.12275e-14 1.46269e-14 9.29708e-15 6.64938e-15 4.25035e-15 2.74671e-15 2.0273e-15 1.35263e-15 6.87817e-16 7.09347e-16 7.40516e-16 0 0 0 0 
4.99882e-15 6.99038e-15 1.09728e-14 1.49494e-14 1.99152e-14 2.7855e-14 3.77628e-14 4.96275e-14 6.64096e-14 8.6102e-14 1.09672e-13 1.3808e-13 1.71295e-13 2.06339e-13 2.432e-13 2.80895e-13 3.14543e-13 3.44183e-13 3.6694e-13 3.79965e-13 3.84313e-13 3.77145e-13 3.60461e-13 3.36222e-13 3.05375e-13 2.70763e-13 2.34231e-13 1.97617e-13 1.62784e-13 1.31638e-13 1.03209e-13 7.95021e-14 5.96236e-14 4.36609e-14 3.07337e-14 2.1793e-14 1.49582e-14 1.01803e-14 6.52682e-15 4.71316e-15 3.04303e-15 2.23335e-15 1.47679e-15 7.43004e-16 7.57573e-16 7.8096e-16 0 0 0 0 0 
2.99998e-15 4.99787e-15 6.99231e-15 9.98294e-15 1.39678e-14 1.99413e-14 2.69015e-14 3.68349e-14 4.87362e-14 6.35898e-14 8.33669e-14 1.06063e-13 1.32652e-13 1.63115e-13 1.95458e-13 2.28686e-13 2.6083e-13 2.89935e-13 3.14064e-13 3.30318e-13 3.38749e-13 3.38436e-13 3.28449e-13 3.098e-13 2.85425e-13 2.55297e-13 2.23277e-13 1.90275e-13 1.58183e-13 1.27931e-13 1.00478e-13 7.78039e-14 5.89615e-14 4.30222e-14 3.10201e-14 2.20105e-14 1.50477e-14 1.01245e-14 7.1841e-15 4.37643e-15 3.41886e-15 2.51655e-15 1.65948e-15 8.28498e-16 8.35157e-16 8.48898e-16 0 0 0 0 0 
2.99987e-15 4.99882e-15 6.99674e-15 9.99287e-15 1.29872e-14 1.79766e-14 2.49586e-14 3.39299e-14 4.48867e-14 5.88218e-14 7.67252e-14 9.75928e-14 1.21417e-13 1.48191e-13 1.75921e-13 2.04605e-13 2.32257e-13 2.55909e-13 2.74584e-13 2.87309e-13 2.92125e-13 2.88063e-13 2.77121e-13 2.58316e-13 2.35604e-13 2.0798e-13 1.79381e-13 1.49781e-13 1.22129e-13 9.74007e-14 7.55918e-14 5.77026e-14 4.27539e-14 3.07667e-14 2.17606e-14 1.57436e-14 1.07472e-14 7.74834e-15 4.79587e-15 3.79951e-15 1.88361e-15 1.87214e-15 9.33503e-16 9.34478e-16 9.38869e-16 0 0 0 0 0 0 
1.99999e-15 2.99998e-15 3.99996e-15 5.99993e-15 7.99987e-15 1.09998e-14 1.49996e-14 2.09993e-14 2.79989e-14 3.69982e-14 4.89972e-14 6.29958e-14 7.99939e-14 9.99915e-14 1.20989e-13 1.43985e-13 1.65981e-13 1.86977e-13 2.05974e-13 2.1997e-13 2.28968e-13 2.30967e-13 2.26967e-13 2.16969e-13 2.01972e-13 1.81976e-13 1.5998e-13 1.35985e-13 1.1299e-13 9.19931e-14 7.1996e-14 5.49978e-14 4.19988e-14 2.99993e-14 2.19993e-14 1.49991e-14 1.09989e-14 6.99889e-15 4.99885e-15 2.99907e-15 1.99923e-15 1.99911e-15 9.99519e-16 9.99516e-16 0 0 0 0 0 0 0 
