1 101 51
0 8.89049e-16 1.70357e-15 2.48547e-15 3.26899e-15 4.92763e-15 7.56829e-15 1.22107e-14 1.99852e-14 3.30022e-14 5.33921e-14 8.60677e-14 1.37704e-13 2.15444e-13 3.31657e-13 5.01825e-13 7.45694e-13 1.08403e-12 1.5425e-12 2.14589e-12 2.91018e-12 3.84036e-12 4.91981e-12 6.10567e-12 7.32693e-12 8.48968e-12 9.488e-12 1.02208e-11 1.06107e-11 1.06135e-11 1.02331e-11 9.51284e-12 8.53437e-12 7.39504e-12 6.1983e-12 5.03199e-12 3.96552e-12 3.04022e-12 2.27199e-12 1.66016e-12 1.19056e-12 8.38634e-13 5.83614e-13 4.01586e-13 2.74574e-13 1.86584e-13 1.26617e-13 8.46839e-14 5.47973e-14 3.19474e-14 3.19474e-14 
0 1.80561e-15 2.56565e-15 4.91439e-15 7.14774e-15 1.09877e-14 1.66458e-14 2.60797e-14 4.23171e-14 6.78166e-14 1.1051e-13 1.78748e-13 2.84551e-13 4.48151e-13 6.9266e-13 1.04708e-12 1.54768e-12 2.23008e-12 3.13329e-12 4.28757e-12 5.71213e-12 7.40502e-12 9.33614e-12 1.14375e-11 1.36007e-11 1.56806e-11 1.75071e-11 1.89073e-11 1.97342e-11 1.98951e-11 1.93647e-11 1.81979e-11 1.65157e-11 1.4484e-11 1.2287e-11 1.00955e-11 8.04841e-12 6.23852e-12 4.71217e-12 3.47704e-12 2.51391e-12 1.78665e-12 1.25137e-12 8.666e-13 5.95416e-13 4.05618e-13 2.75718e-13 1.85152e-13 1.22199e-13 7.51333e-14 3.19474e-14 
1.80561e-15 4.34387e-15 7.44275e-15 1.19314e-14 1.71245e-14 2.64461e-14 4.19866e-14 6.61905e-14 1.06796e-13 1.72288e-13 2.77007e-13 4.42273e-13 6.9708e-13 1.08113e-12 1.64263e-12 2.43952e-12 3.5292e-12 4.96809e-12 6.79407e-12 9.0225e-12 1.16342e-11 1.45671e-11 1.77143e-11 2.0921e-11 2.39926e-11 2.67048e-11 2.88292e-11 3.01615e-11 3.05545e-11 2.99495e-11 2.83909e-11 2.60221e-11 2.30669e-11 1.97867e-11 1.64425e-11 1.32551e-11 1.03858e-11 7.92776e-12 5.90877e-12 4.31388e-12 3.09218e-12 2.1841e-12 1.52388e-12 1.05244e-12 7.22633e-13 4.92625e-13 3.33862e-13 2.22478e-13 1.42339e-13 7.51333e-14 7.51333e-14 
8.89049e-16 4.34387e-15 9.11362e-15 1.4223e-14 2.21977e-14 3.33079e-14 5.12085e-14 7.99671e-14 1.27387e-13 2.03783e-13 3.27264e-13 5.22517e-13 8.2607e-13 1.28872e-12 1.97524e-12 2.9621e-12 4.33363e-12 6.16797e-12 8.52688e-12 1.14358e-11 1.4871e-11 1.87521e-11 2.29355e-11 2.72239e-11 3.13711e-11 3.51018e-11 3.81335e-11 4.02041e-11 4.11072e-11 4.07278e-11 3.90729e-11 3.6276e-11 3.25865e-11 2.83309e-11 2.38578e-11 1.94835e-11 1.54572e-11 1.19398e-11 9.00096e-12 6.64e-12 4.80836e-12 3.4269e-12 2.4111e-12 1.6783e-12 1.15967e-12 7.96796e-13 5.42989e-13 3.66472e-13 2.40107e-13 1.42339e-13 5.47973e-14 
2.56565e-15 9.11362e-15 1.57287e-14 2.41185e-14 3.61003e-14 5.52133e-14 8.54582e-14 1.3372e-13 2.1247e-13 3.39687e-13 5.40974e-13 8.55952e-13 1.34217e-12 2.07258e-12 3.14249e-12 4.65495e-12 6.7191e-12 9.4267e-12 1.28298e-11 1.69223e-11 2.16232e-11 2.67733e-11 3.2136e-11 3.74192e-11 4.2295e-11 4.64239e-11 4.94835e-11 5.12011e-11 5.1393e-11 4.99982e-11 4.71061e-11 4.29592e-11 3.79176e-11 3.24068e-11 2.68472e-11 2.15937e-11 1.68973e-11 1.28947e-11 9.62239e-12 7.0421e-12 5.06905e-12 3.59966e-12 2.5281e-12 1.76024e-12 1.21806e-12 8.3733e-13 5.71011e-13 3.81158e-13 2.40107e-13 1.22199e-13 1.22199e-13 
1.70357e-15 7.44275e-15 1.57287e-14 2.54101e-14 3.82501e-14 5.62879e-14 8.62311e-14 1.33296e-13 2.08734e-13 3.29848e-13 5.23222e-13 8.26449e-13 1.29809e-12 2.01729e-12 3.0849e-12 4.62668e-12 6.77521e-12 9.65611e-12 1.33637e-11 1.79264e-11 2.32879e-11 2.92899e-11 3.56793e-11 4.21214e-11 4.82342e-11 5.36185e-11 5.78893e-11 6.07031e-11 6.17977e-11 6.10284e-11 5.84086e-11 5.41312e-11 4.85573e-11 4.21653e-11 3.54715e-11 2.89513e-11 2.29693e-11 1.77581e-11 1.34142e-11 9.92993e-12 7.22375e-12 5.18027e-12 3.67206e-12 2.57913e-12 1.79912e-12 1.2472e-12 8.58696e-13 5.83169e-13 3.81158e-13 2.22478e-13 8.46839e-14 
4.91439e-15 1.4223e-14 2.54101e-14 3.85515e-14 5.70591e-14 8.46377e-14 1.29019e-13 1.9954e-13 3.11924e-13 4.90003e-13 7.70022e-13 1.20691e-12 1.87797e-12 2.89058e-12 4.37764e-12 6.49437e-12 9.40185e-12 1.32356e-11 1.80774e-11 2.3915e-11 3.06208e-11 3.79415e-11 4.55189e-11 5.29197e-11 5.96792e-11 6.53432e-11 6.94982e-11 7.17997e-11 7.20095e-11 7.00424e-11 6.6005e-11 6.02145e-11 5.31664e-11 4.5454e-11 3.76744e-11 3.03294e-11 2.37719e-11 1.81892e-11 1.36272e-11 1.00256e-11 7.26618e-12 5.20165e-12 3.68769e-12 2.59426e-12 1.81402e-12 1.2606e-12 8.67664e-13 5.83169e-13 3.66472e-13 1.85152e-13 1.85152e-13 
2.48547e-15 1.19314e-14 2.41185e-14 3.85515e-14 5.70503e-14 8.39105e-14 1.25241e-13 1.89897e-13 2.92708e-13 4.53944e-13 7.06309e-13 1.09997e-12 1.70777e-12 2.63235e-12 4.01191e-12 6.01364e-12 8.82571e-12 1.26292e-11 1.75613e-11 2.36752e-11 3.0897e-11 3.90044e-11 4.76357e-11 5.63194e-11 6.45266e-11 7.17255e-11 7.74235e-11 8.11973e-11 8.27143e-11 8.17781e-11 7.83816e-11 7.27513e-11 6.53514e-11 5.68195e-11 4.78599e-11 3.91227e-11 3.11071e-11 2.41256e-11 1.8304e-11 1.36284e-11 9.98647e-12 7.22494e-12 5.17241e-12 3.67373e-12 2.59288e-12 1.81896e-12 1.26564e-12 8.67664e-13 5.71011e-13 3.33862e-13 1.26617e-13 
7.14774e-15 2.21977e-14 3.82501e-14 5.70503e-14 8.28434e-14 1.2156e-13 1.81718e-13 2.7539e-13 4.21523e-13 6.47802e-13 9.98226e-13 1.5388e-12 2.36409e-12 3.60705e-12 5.43933e-12 8.06733e-12 1.17075e-11 1.65566e-11 2.27388e-11 3.02577e-11 3.89534e-11 4.84922e-11 5.83863e-11 6.80525e-11 7.68754e-11 8.42768e-11 8.97452e-11 9.28581e-11 9.33107e-11 9.09654e-11 8.59197e-11 7.85516e-11 6.94917e-11 5.95221e-11 4.94373e-11 3.99043e-11 3.13881e-11 2.41334e-11 1.81937e-11 1.34904e-11 9.86838e-12 7.14062e-12 5.12319e-12 3.6503e-12 2.58603e-12 1.82027e-12 1.26564e-12 8.58696e-13 5.42989e-13 2.75718e-13 2.75718e-13 
3.26899e-15 1.71245e-14 3.61003e-14 5.70591e-14 8.28434e-14 1.20062e-13 1.75741e-13 2.62165e-13 3.9528e-13 6.00214e-13 9.12823e-13 1.39147e-12 2.11987e-12 3.2197e-12 4.85762e-12 7.24486e-12 1.06224e-11 1.52373e-11 2.12881e-11 2.88678e-11 3.79066e-11 4.81371e-11 5.90923e-11 7.01533e-11 8.0629e-11 8.98405e-11 9.71786e-11 1.02131e-10 1.04291e-10 1.0339e-10 9.93755e-11 9.24858e-11 8.32835e-11 7.25796e-11 6.12868e-11 5.02495e-11 4.0113e-11 3.12729e-11 2.38864e-11 1.79326e-11 1.32725e-11 9.71177e-12 7.04278e-12 5.07026e-12 3.62937e-12 2.58097e-12 1.82027e-12 1.2606e-12 8.3733e-13 4.92625e-13 1.86584e-13 
1.09877e-14 3.33079e-14 5.62879e-14 8.39105e-14 1.20062e-13 1.73143e-13 2.53977e-13 3.76646e-13 5.63573e-13 8.46698e-13 1.27355e-12 1.91768e-12 2.88458e-12 4.32757e-12 6.45131e-12 9.50603e-12 1.3773e-11 1.95151e-11 2.69213e-11 3.60315e-11 4.66794e-11 5.84634e-11 7.07682e-11 8.28449e-11 9.39107e-11 1.03243e-10 1.10227e-10 1.1436e-10 1.15256e-10 1.12705e-10 1.06775e-10 9.78934e-11 8.68342e-11 7.45865e-11 6.21544e-11 5.03826e-11 3.98518e-11 3.08592e-11 2.34705e-11 1.75883e-11 1.30226e-11 9.55075e-12 6.95238e-12 5.02938e-12 3.61633e-12 2.58097e-12 1.81896e-12 1.2472e-12 7.96796e-13 4.05618e-13 4.05618e-13 
4.92763e-15 2.64461e-14 5.52133e-14 8.46377e-14 1.2156e-13 1.73143e-13 2.49697e-13 3.65235e-13 5.38903e-13 7.98907e-13 1.18662e-12 1.76325e-12 2.61889e-12 3.88696e-12 5.75539e-12 8.46709e-12 1.2318e-11 1.76185e-11 2.46434e-11 3.35494e-11 4.43013e-11 5.66073e-11 6.99094e-11 8.344e-11 9.63245e-11 1.07716e-10 1.16871e-10 1.23186e-10 1.26171e-10 1.25475e-10 1.20978e-10 1.12925e-10 1.01978e-10 8.9136e-11 7.55315e-11 6.22057e-11 4.99482e-11 3.92329e-11 3.0247e-11 2.29625e-11 1.72149e-11 1.27781e-11 9.4098e-12 6.8841e-12 5.00685e-12 3.61633e-12 2.58603e-12 1.81402e-12 1.21806e-12 7.22633e-13 2.74574e-13 
1.66458e-14 5.12085e-14 8.62311e-14 1.25241e-13 1.75741e-13 2.49697e-13 3.59457e-13 5.23531e-13 7.67444e-13 1.12645e-12 1.65328e-12 2.4232e-12 3.54988e-12 5.19547e-12 7.5829e-12 1.10004e-11 1.57836e-11 2.22695e-11 3.07259e-11 4.12602e-11 5.37307e-11 6.76952e-11 8.24236e-11 9.69928e-11 1.10427e-10 1.21836e-10 1.30488e-10 1.35789e-10 1.3727e-10 1.34638e-10 1.27923e-10 1.1761e-10 1.04631e-10 9.0187e-11 7.5496e-11 6.15659e-11 4.90773e-11 3.83746e-11 2.9529e-11 2.24294e-11 1.68604e-11 1.25696e-11 9.30615e-12 6.84791e-12 5.00685e-12 3.62937e-12 2.59288e-12 1.79912e-12 1.15967e-12 5.95416e-13 5.95416e-13 
7.56829e-15 4.19866e-14 8.54582e-14 1.29019e-13 1.81718e-13 2.53977e-13 3.59457e-13 5.16591e-13 7.484e-13 1.08741e-12 1.57992e-12 2.28904e-12 3.31015e-12 4.78002e-12 6.89139e-12 9.90838e-12 1.41615e-11 2.00217e-11 2.78434e-11 3.78712e-11 5.01357e-11 6.43609e-11 7.99287e-11 9.59266e-11 1.11287e-10 1.24959e-10 1.36045e-10 1.43831e-10 1.47737e-10 1.47328e-10 1.4242e-10 1.33274e-10 1.20674e-10 1.05822e-10 9.00646e-11 7.46199e-11 6.03921e-11 4.79146e-11 3.73925e-11 2.87922e-11 2.19319e-11 1.65617e-11 1.24175e-11 9.25141e-12 6.84791e-12 5.02938e-12 3.6503e-12 2.59426e-12 1.76024e-12 1.05244e-12 4.01586e-13 
2.60797e-14 7.99671e-14 1.33296e-13 1.89897e-13 2.62165e-13 3.65235e-13 5.16591e-13 7.39465e-13 1.06472e-12 1.53326e-12 2.20154e-12 3.1505e-12 4.49365e-12 6.39452e-12 9.07948e-12 1.28514e-11 1.80808e-11 2.51696e-11 3.44743e-11 4.61947e-11 6.02581e-11 7.62243e-11 9.32773e-11 1.10321e-10 1.26164e-10 1.39715e-10 1.50094e-10 1.56608e-10 1.58697e-10 1.55991e-10 1.48508e-10 1.36823e-10 1.22056e-10 1.05622e-10 8.89234e-11 7.30875e-11 5.88582e-11 4.66033e-11 3.63946e-11 2.81093e-11 2.15159e-11 1.63479e-11 1.23387e-11 9.25141e-12 6.8841e-12 5.07026e-12 3.67373e-12 2.57913e-12 1.6783e-12 8.666e-13 8.666e-13 
1.22107e-14 6.61905e-14 1.3372e-13 1.9954e-13 2.7539e-13 3.76646e-13 5.23531e-13 7.39465e-13 1.05381e-12 1.50599e-12 2.14726e-12 3.04836e-12 4.30772e-12 6.06058e-12 8.49923e-12 1.18819e-11 1.65507e-11 2.29098e-11 3.13819e-11 4.23093e-11 5.58236e-11 7.17143e-11 8.93482e-11 1.07696e-10 1.25486e-10 1.41437e-10 1.54459e-10 1.637e-10 1.68485e-10 1.68288e-10 1.62894e-10 1.52632e-10 1.38463e-10 1.21805e-10 1.04198e-10 8.69815e-11 7.11141e-11 5.71471e-11 4.52824e-11 3.54776e-11 2.75417e-11 2.12185e-11 1.6236e-11 1.23387e-11 9.30615e-12 6.95238e-12 5.12319e-12 3.68769e-12 2.5281e-12 1.52388e-12 5.83614e-13 
4.23171e-14 1.27387e-13 2.08734e-13 2.92708e-13 3.9528e-13 5.38903e-13 7.484e-13 1.05381e-12 1.49329e-12 2.11626e-12 2.9864e-12 4.19149e-12 5.84922e-12 8.11954e-12 1.12215e-11 1.54474e-11 2.11713e-11 2.88255e-11 3.88394e-11 5.15192e-11 6.6898e-11 8.4594e-11 1.03751e-10 1.23118e-10 1.41275e-10 1.56897e-10 1.68927e-10 1.76538e-10 1.79069e-10 1.76102e-10 1.67703e-10 1.54622e-10 1.38212e-10 1.20098e-10 1.01802e-10 8.44967e-11 6.89219e-11 5.54283e-11 4.40711e-11 3.4718e-11 2.71379e-11 2.10642e-11 1.6236e-11 1.24175e-11 9.4098e-12 7.04278e-12 5.17241e-12 3.67206e-12 2.4111e-12 1.25137e-12 1.25137e-12 
1.99852e-14 1.06796e-13 2.1247e-13 3.11924e-13 4.21523e-13 5.63573e-13 7.67444e-13 1.06472e-12 1.49329e-12 2.10219e-12 2.95139e-12 4.1214e-12 5.71847e-12 7.88145e-12 1.07981e-11 1.47136e-11 1.99502e-11 2.69076e-11 3.60354e-11 4.77511e-11 6.22985e-11 7.95747e-11 9.89881e-11 1.19432e-10 1.39447e-10 1.57507e-10 1.72299e-10 1.82797e-10 1.88197e-10 1.879e-10 1.81722e-10 1.70163e-10 1.54449e-10 1.3624e-10 1.17211e-10 9.87369e-11 8.17413e-11 6.67268e-11 5.38576e-11 4.30718e-11 3.41775e-11 2.69274e-11 2.10642e-11 1.63479e-11 1.25696e-11 9.55075e-12 7.14062e-12 5.20165e-12 3.59966e-12 2.1841e-12 8.38634e-13 
6.78166e-14 2.03783e-13 3.29848e-13 4.53944e-13 6.00214e-13 7.98907e-13 1.08741e-12 1.50599e-12 2.10219e-12 2.93572e-12 4.08136e-12 5.63885e-12 7.73532e-12 1.05346e-11 1.42501e-11 1.9155e-11 2.55956e-11 3.39875e-11 4.47817e-11 5.83592e-11 7.48681e-11 9.40234e-11 1.14978e-10 1.36368e-10 1.56555e-10 1.73967e-10 1.87326e-10 1.9565e-10 1.98174e-10 1.94479e-10 1.84796e-10 1.70171e-10 1.52252e-10 1.32845e-10 1.13504e-10 9.53346e-11 7.89841e-11 6.47222e-11 5.25622e-11 4.23613e-11 3.38977e-11 2.69274e-11 2.12185e-11 1.65617e-11 1.27781e-11 9.71177e-12 7.22494e-12 5.18027e-12 3.4269e-12 1.78665e-12 1.78665e-12 
3.30022e-14 1.72288e-13 3.39687e-13 4.90003e-13 6.47802e-13 8.46698e-13 1.12645e-12 1.53326e-12 2.11626e-12 2.93572e-12 4.06301e-12 5.59313e-12 7.64461e-12 1.03699e-11 1.39605e-11 1.86571e-11 2.47566e-11 3.26224e-11 4.26754e-11 5.53448e-11 7.09446e-11 8.94761e-11 1.10417e-10 1.32633e-10 1.54503e-10 1.74259e-10 1.90339e-10 2.01537e-10 2.06928e-10 2.05877e-10 1.98336e-10 1.85122e-10 1.67823e-10 1.4835e-10 1.28439e-10 1.09371e-10 9.19238e-11 7.6464e-11 6.30699e-11 5.16427e-11 4.19931e-11 3.38977e-11 2.71379e-11 2.15159e-11 1.68604e-11 1.30226e-11 9.86838e-12 7.26618e-12 5.06905e-12 3.09218e-12 1.19056e-12 
1.1051e-13 3.27264e-13 5.23222e-13 7.06309e-13 9.12823e-13 1.18662e-12 1.57992e-12 2.14726e-12 2.95139e-12 4.06301e-12 5.57231e-12 7.59158e-12 1.02652e-11 1.37738e-11 1.83397e-11 2.42312e-11 3.17664e-11 4.1314e-11 5.32844e-11 6.80561e-11 8.58289e-11 1.06395e-10 1.28935e-10 1.51989e-10 1.73701e-10 1.92242e-10 2.06145e-10 2.14315e-10 2.15944e-10 2.1071e-10 1.99148e-10 1.82726e-10 1.63436e-10 1.43203e-10 1.23493e-10 1.05213e-10 8.88039e-11 7.43881e-11 6.18977e-11 5.11661e-11 4.19931e-11 3.41775e-11 2.75417e-11 2.19319e-11 1.72149e-11 1.32725e-11 9.98647e-12 7.22375e-12 4.80836e-12 2.51391e-12 2.51391e-12 
5.33921e-14 2.77007e-13 5.40974e-13 7.70022e-13 9.98226e-13 1.27355e-12 1.65328e-12 2.20154e-12 2.9864e-12 4.08136e-12 5.57231e-12 7.56632e-12 1.02006e-11 1.36489e-11 1.81248e-11 2.3884e-11 3.12222e-11 4.04735e-11 5.20029e-11 6.61847e-11 8.3305e-11 1.03384e-10 1.25923e-10 1.49724e-10 1.72971e-10 1.93633e-10 2.09964e-10 2.20689e-10 2.24876e-10 2.21975e-10 2.1221e-10 1.96848e-10 1.77911e-10 1.57522e-10 1.37366e-10 1.18492e-10 1.01402e-10 8.6231e-11 7.2914e-11 6.12901e-11 5.11661e-11 4.23613e-11 3.4718e-11 2.81093e-11 2.24294e-11 1.75883e-11 1.34904e-11 1.00256e-11 7.0421e-12 4.31388e-12 1.66016e-12 
1.78748e-13 5.22517e-13 8.26449e-13 1.09997e-12 1.39147e-12 1.76325e-12 2.28904e-12 3.04836e-12 4.1214e-12 5.59313e-12 7.56632e-12 1.01695e-11 1.35673e-11 1.79705e-11 2.36296e-11 3.08396e-11 3.99229e-11 5.12237e-11 6.50898e-11 8.18225e-11 1.01557e-10 1.24034e-10 1.48336e-10 1.72787e-10 1.95238e-10 2.13673e-10 2.26622e-10 2.33081e-10 2.32368e-10 2.24412e-10 2.10198e-10 1.91702e-10 1.7123e-10 1.50726e-10 1.31424e-10 1.13892e-10 9.82542e-11 8.44037e-11 7.21506e-11 6.12901e-11 5.16427e-11 4.30718e-11 3.54776e-11 2.87922e-11 2.29625e-11 1.79326e-11 1.36284e-11 9.92993e-12 6.64e-12 3.47704e-12 3.47704e-12 
8.60677e-14 4.42273e-13 8.55952e-13 1.20691e-12 1.5388e-12 1.91768e-12 2.4232e-12 3.1505e-12 4.19149e-12 5.63885e-12 7.59158e-12 1.01695e-11 1.35273e-11 1.78646e-11 2.34336e-11 3.05314e-11 3.94959e-11 5.06804e-11 6.44337e-11 8.1063e-11 1.00747e-10 1.23365e-10 1.48205e-10 1.73747e-10 1.9779e-10 2.18068e-10 2.32886e-10 2.41211e-10 2.42355e-10 2.36043e-10 2.22942e-10 2.04876e-10 1.84292e-10 1.6342e-10 1.43743e-10 1.25932e-10 1.10085e-10 9.60165e-11 8.34566e-11 7.21506e-11 6.18977e-11 5.25622e-11 4.40711e-11 3.63946e-11 2.9529e-11 2.34705e-11 1.81937e-11 1.36272e-11 9.62239e-12 5.90877e-12 2.27199e-12 
2.84551e-13 8.2607e-13 1.29809e-12 1.70777e-12 2.11987e-12 2.61889e-12 3.31015e-12 4.30772e-12 5.71847e-12 7.64461e-12 1.02006e-11 1.35273e-11 1.78104e-11 2.32925e-11 3.02741e-11 3.91131e-11 5.01968e-11 6.39174e-11 8.06214e-11 1.00539e-10 1.23636e-10 1.49321e-10 1.76165e-10 2.0189e-10 2.23965e-10 2.40412e-10 2.5016e-10 2.52671e-10 2.47638e-10 2.35444e-10 2.17675e-10 1.96831e-10 1.75441e-10 1.553e-10 1.37247e-10 1.21372e-10 1.07376e-10 9.48557e-11 8.34566e-11 7.2914e-11 6.30699e-11 5.38576e-11 4.52824e-11 3.73925e-11 3.0247e-11 2.38864e-11 1.8304e-11 1.34142e-11 9.00096e-12 4.71217e-12 4.71217e-12 
1.37704e-13 6.9708e-13 1.34217e-12 1.87797e-12 2.36409e-12 2.88458e-12 3.54988e-12 4.49365e-12 5.84922e-12 7.73532e-12 1.02652e-11 1.35673e-11 1.78104e-11 2.32166e-11 3.00797e-11 3.87667e-11 4.97082e-11 6.33625e-11 8.01666e-11 1.00458e-10 1.24317e-10 1.51267e-10 1.79913e-10 2.07824e-10 2.32066e-10 2.50224e-10 2.61089e-10 2.64376e-10 2.6004e-10 2.48337e-10 2.30557e-10 2.09161e-10 1.8695e-10 1.66092e-10 1.47675e-10 1.31827e-10 1.1812e-10 1.05969e-10 9.48557e-11 8.44037e-11 7.43881e-11 6.47222e-11 5.54283e-11 4.66033e-11 3.83746e-11 3.08592e-11 2.41334e-11 1.81892e-11 1.28947e-11 7.92776e-12 3.04022e-12 
4.48151e-13 1.28872e-12 2.01729e-12 2.63235e-12 3.2197e-12 3.88696e-12 4.78002e-12 6.06058e-12 7.88145e-12 1.03699e-11 1.36489e-11 1.78646e-11 2.32166e-11 2.99736e-11 3.84954e-11 4.92383e-11 6.27332e-11 7.9535e-11 1.00147e-10 1.24853e-10 1.53373e-10 1.84406e-10 2.1535e-10 2.42714e-10 2.63299e-10 2.75403e-10 2.7896e-10 2.74521e-10 2.62607e-10 2.44276e-10 2.21836e-10 1.98315e-10 1.76295e-10 1.572e-10 1.41264e-10 1.27947e-10 1.1643e-10 1.05969e-10 9.60165e-11 8.6231e-11 7.6464e-11 6.67268e-11 5.71471e-11 4.79146e-11 3.92329e-11 3.12729e-11 2.41256e-11 1.77581e-11 1.19398e-11 6.23852e-12 6.23852e-12 
2.15444e-13 1.08113e-12 2.07258e-12 2.89058e-12 3.60705e-12 4.32757e-12 5.19547e-12 6.39452e-12 8.11954e-12 1.05346e-11 1.37738e-11 1.79705e-11 2.32925e-11 2.99736e-11 3.83444e-11 4.8859e-11 6.20981e-11 7.8736e-11 9.94734e-11 1.24872e-10 1.54987e-10 1.88792e-10 2.23669e-10 2.55561e-10 2.80148e-10 2.94538e-10 2.98359e-10 2.9297e-10 2.79777e-10 2.60001e-10 2.3574e-10 2.10159e-10 1.86292e-10 1.65975e-10 1.49636e-10 1.36648e-10 1.25925e-10 1.1643e-10 1.07376e-10 9.82542e-11 8.88039e-11 7.89841e-11 6.89219e-11 5.88582e-11 4.90773e-11 3.98518e-11 3.13881e-11 2.37719e-11 1.68973e-11 1.03858e-11 3.96552e-12 
6.9266e-13 1.97524e-12 3.0849e-12 4.01191e-12 4.85762e-12 5.75539e-12 6.89139e-12 8.49923e-12 1.07981e-11 1.39605e-11 1.81248e-11 2.34336e-11 3.00797e-11 3.83444e-11 4.8647e-11 6.15782e-11 7.79038e-11 9.85122e-11 1.24281e-10 1.55709e-10 1.92279e-10 2.31681e-10 2.69548e-10 3.00337e-10 3.19288e-10 3.24593e-10 3.17878e-10 3.0211e-10 2.79514e-10 2.52233e-10 2.23476e-10 1.96737e-10 1.74362e-10 1.5705e-10 1.44135e-10 1.34232e-10 1.25925e-10 1.1812e-10 1.10085e-10 1.01402e-10 9.19238e-11 8.17413e-11 7.11141e-11 6.03921e-11 4.99482e-11 4.0113e-11 3.11071e-11 2.29693e-11 1.54572e-11 8.04841e-12 8.04841e-12 
3.31657e-13 1.64263e-12 3.14249e-12 4.37764e-12 5.43933e-12 6.45131e-12 7.5829e-12 9.07948e-12 1.12215e-11 1.42501e-11 1.83397e-11 2.36296e-11 3.02741e-11 3.84954e-11 4.8647e-11 6.12853e-11 7.7216e-11 9.74783e-11 1.2324e-10 1.55486e-10 1.94398e-10 2.3837e-10 2.83239e-10 3.22525e-10 3.49203e-10 3.58868e-10 3.51893e-10 3.32558e-10 3.05367e-10 2.73341e-10 2.39801e-10 2.08693e-10 1.83006e-10 1.63811e-10 1.50459e-10 1.41236e-10 1.34232e-10 1.27947e-10 1.21372e-10 1.13892e-10 1.05213e-10 9.53346e-11 8.44967e-11 7.30875e-11 6.15659e-11 5.03826e-11 3.99043e-11 3.03294e-11 2.15937e-11 1.32551e-11 5.03199e-12 
1.04708e-12 2.9621e-12 4.62668e-12 6.01364e-12 7.24486e-12 8.46709e-12 9.90838e-12 1.18819e-11 1.47136e-11 1.86571e-11 2.3884e-11 3.05314e-11 3.87667e-11 4.8859e-11 6.12853e-11 7.68285e-11 9.66182e-11 1.22056e-10 1.54566e-10 1.95102e-10 2.43112e-10 2.95275e-10 3.44867e-10 3.82753e-10 4.00914e-10 3.96765e-10 3.74335e-10 3.40804e-10 3.0181e-10 2.61376e-10 2.23839e-10 1.93005e-10 1.70527e-10 1.5586e-10 1.46948e-10 1.41236e-10 1.36648e-10 1.31827e-10 1.25932e-10 1.18492e-10 1.09371e-10 9.87369e-11 8.69815e-11 7.46199e-11 6.22057e-11 5.02495e-11 3.91227e-11 2.89513e-11 1.94835e-11 1.00955e-11 1.00955e-11 
5.01825e-13 2.43952e-12 4.65495e-12 6.49437e-12 8.06733e-12 9.50603e-12 1.10004e-11 1.28514e-11 1.54474e-11 1.9155e-11 2.42312e-11 3.08396e-11 3.91131e-11 4.92383e-11 6.15782e-11 7.68285e-11 9.6134e-11 1.21051e-10 1.53351e-10 1.94704e-10 2.45794e-10 3.0475e-10 3.65529e-10 4.17698e-10 4.49314e-10 4.52765e-10 4.29875e-10 3.89495e-10 3.41038e-10 2.9111e-10 2.44635e-10 2.06172e-10 1.78326e-10 1.60902e-10 1.51562e-10 1.46948e-10 1.44135e-10 1.41264e-10 1.37247e-10 1.31424e-10 1.23493e-10 1.13504e-10 1.01802e-10 8.89234e-11 7.5496e-11 6.21544e-11 4.94373e-11 3.76744e-11 2.68472e-11 1.64425e-11 6.1983e-12 
1.54768e-12 4.33363e-12 6.77521e-12 8.82571e-12 1.06224e-11 1.2318e-11 1.41615e-11 1.65507e-11 1.99502e-11 2.47566e-11 3.12222e-11 3.94959e-11 4.97082e-11 6.20981e-11 7.7216e-11 9.6134e-11 1.20478e-10 1.52256e-10 1.93711e-10 2.46753e-10 3.1136e-10 3.83133e-10 4.51621e-10 5.01605e-10 5.19143e-10 5.0049e-10 4.54691e-10 3.95077e-10 3.32554e-10 2.74207e-10 2.252e-10 1.89164e-10 1.66746e-10 1.55612e-10 1.51562e-10 1.50459e-10 1.49636e-10 1.47675e-10 1.43743e-10 1.37366e-10 1.28439e-10 1.17211e-10 1.04198e-10 9.00646e-11 7.55315e-11 6.12868e-11 4.78599e-11 3.54715e-11 2.38578e-11 1.2287e-11 1.2287e-11 
7.45694e-13 3.5292e-12 6.7191e-12 9.40185e-12 1.17075e-11 1.3773e-11 1.57836e-11 1.80808e-11 2.11713e-11 2.55956e-11 3.17664e-11 3.99229e-11 5.01968e-11 6.27332e-11 7.79038e-11 9.66182e-11 1.20478e-10 1.51618e-10 1.92666e-10 2.46591e-10 3.15358e-10 3.96926e-10 4.82352e-10 5.54781e-10 5.9356e-10 5.86626e-10 5.39131e-10 4.68114e-10 3.90183e-10 3.16417e-10 2.53542e-10 2.05998e-10 1.75503e-10 1.60288e-10 1.55612e-10 1.5586e-10 1.5705e-10 1.572e-10 1.553e-10 1.50726e-10 1.43203e-10 1.32845e-10 1.20098e-10 1.05622e-10 9.0187e-11 7.45865e-11 5.95221e-11 4.5454e-11 3.24068e-11 1.97867e-11 7.39504e-12 
2.23008e-12 6.16797e-12 9.65611e-12 1.26292e-11 1.52373e-11 1.76185e-11 2.00217e-11 2.29098e-11 2.69076e-11 3.26224e-11 4.04735e-11 5.06804e-11 6.33625e-11 7.8736e-11 9.74783e-11 1.21051e-10 1.51618e-10 1.92021e-10 2.45996e-10 3.17366e-10 4.0684e-10 5.08303e-10 6.05549e-10 6.72692e-10 6.86574e-10 6.44672e-10 5.64382e-10 4.6915e-10 3.76244e-10 2.9555e-10 2.32667e-10 1.90387e-10 1.67806e-10 1.60288e-10 1.60902e-10 1.63811e-10 1.65975e-10 1.66092e-10 1.6342e-10 1.57522e-10 1.4835e-10 1.3624e-10 1.21805e-10 1.05822e-10 8.9136e-11 7.25796e-11 5.68195e-11 4.21653e-11 2.83309e-11 1.4484e-11 1.4484e-11 
1.08403e-12 4.96809e-12 9.4267e-12 1.32356e-11 1.65566e-11 1.95151e-11 2.22695e-11 2.51696e-11 2.88255e-11 3.39875e-11 4.1314e-11 5.12237e-11 6.39174e-11 7.9535e-11 9.85122e-11 1.22056e-10 1.52256e-10 1.92021e-10 2.45552e-10 3.1817e-10 4.13332e-10 5.28693e-10 6.51115e-10 7.5205e-10 7.97633e-10 7.71253e-10 6.87185e-10 5.74777e-10 4.59558e-10 3.56604e-10 2.74043e-10 2.15571e-10 1.81551e-10 1.67806e-10 1.66746e-10 1.70527e-10 1.74362e-10 1.76295e-10 1.75441e-10 1.7123e-10 1.63436e-10 1.52252e-10 1.38212e-10 1.22056e-10 1.04631e-10 8.68342e-11 6.94917e-11 5.31664e-11 3.79176e-11 2.30669e-11 8.53437e-12 
3.13329e-12 8.52688e-12 1.33637e-11 1.75613e-11 2.12881e-11 2.46434e-11 2.78434e-11 3.13819e-11 3.60354e-11 4.26754e-11 5.20029e-11 6.44337e-11 8.01666e-11 9.94734e-11 1.2324e-10 1.53351e-10 1.92666e-10 2.45552e-10 3.18423e-10 4.17127e-10 5.43432e-10 6.89418e-10 8.2741e-10 9.14861e-10 9.18478e-10 8.39357e-10 7.11721e-10 5.72072e-10 4.42669e-10 3.35586e-10 2.56315e-10 2.05871e-10 1.81551e-10 1.75503e-10 1.78326e-10 1.83006e-10 1.86292e-10 1.8695e-10 1.84292e-10 1.77911e-10 1.67823e-10 1.54449e-10 1.38463e-10 1.20674e-10 1.01978e-10 8.32835e-11 6.53514e-11 4.85573e-11 3.25865e-11 1.65157e-11 1.65157e-11 
1.5425e-12 6.79407e-12 1.28298e-11 1.80774e-11 2.27388e-11 2.69213e-11 3.07259e-11 3.44743e-11 3.88394e-11 4.47817e-11 5.32844e-11 6.50898e-11 8.06214e-11 1.00147e-10 1.24281e-10 1.54566e-10 1.93711e-10 2.45996e-10 3.18423e-10 4.18877e-10 5.52869e-10 7.19053e-10 8.94617e-10 1.0325e-09 1.08166e-09 1.02324e-09 8.85555e-10 7.19509e-10 5.59368e-10 4.22629e-10 3.17824e-10 2.46205e-10 2.05871e-10 1.90387e-10 1.89164e-10 1.93005e-10 1.96737e-10 1.98315e-10 1.96831e-10 1.91702e-10 1.82726e-10 1.70171e-10 1.54622e-10 1.36823e-10 1.1761e-10 9.78934e-11 7.85516e-11 6.02145e-11 4.29592e-11 2.60221e-11 9.51284e-12 
4.28757e-12 1.14358e-11 1.79264e-11 2.36752e-11 2.88678e-11 3.35494e-11 3.78712e-11 4.23093e-11 4.77511e-11 5.53448e-11 6.61847e-11 8.1063e-11 1.00458e-10 1.24872e-10 1.55486e-10 1.94704e-10 2.46591e-10 3.1817e-10 4.18877e-10 5.57489e-10 7.39157e-10 9.49603e-10 1.14347e-09 1.25286e-09 1.23437e-09 1.10007e-09 9.08386e-10 7.1332e-10 5.40822e-10 4.04431e-10 3.07488e-10 2.46205e-10 2.15571e-10 2.05998e-10 2.06172e-10 2.08693e-10 2.10159e-10 2.09161e-10 2.04876e-10 1.96848e-10 1.85122e-10 1.70163e-10 1.52632e-10 1.33274e-10 1.12925e-10 9.24858e-11 7.27513e-11 5.41312e-11 3.6276e-11 1.81979e-11 1.81979e-11 
2.14589e-12 9.0225e-12 1.69223e-11 2.3915e-11 3.02577e-11 3.60315e-11 4.12602e-11 4.61947e-11 5.15192e-11 5.83592e-11 6.80561e-11 8.18225e-11 1.00539e-10 1.24853e-10 1.55709e-10 1.95102e-10 2.46753e-10 3.17366e-10 4.17127e-10 5.57489e-10 7.49363e-10 9.88584e-10 1.23918e-09 1.42193e-09 1.46361e-09 1.35321e-09 1.14359e-09 9.10435e-10 6.97668e-10 5.2224e-10 3.93357e-10 3.07488e-10 2.56315e-10 2.32667e-10 2.252e-10 2.23839e-10 2.23476e-10 2.21836e-10 2.17675e-10 2.10198e-10 1.99148e-10 1.84796e-10 1.67703e-10 1.48508e-10 1.27923e-10 1.06775e-10 8.59197e-11 6.6005e-11 4.71061e-11 2.83909e-11 1.02331e-11 
5.71213e-12 1.4871e-11 2.32879e-11 3.0897e-11 3.79066e-11 4.43013e-11 5.01357e-11 5.58236e-11 6.22985e-11 7.09446e-11 8.3305e-11 1.00747e-10 1.24317e-10 1.54987e-10 1.94398e-10 2.45794e-10 3.15358e-10 4.13332e-10 5.52869e-10 7.49363e-10 1.00876e-09 1.30986e-09 1.57414e-09 1.69901e-09 1.63849e-09 1.4291e-09 1.15749e-09 8.97973e-10 6.79531e-10 5.10487e-10 3.93357e-10 3.17824e-10 2.74043e-10 2.53542e-10 2.44635e-10 2.39801e-10 2.3574e-10 2.30557e-10 2.22942e-10 2.1221e-10 1.98336e-10 1.81722e-10 1.62894e-10 1.4242e-10 1.20978e-10 9.93755e-11 7.83816e-11 5.84086e-11 3.90729e-11 1.93647e-11 1.93647e-11 
2.91018e-12 1.16342e-11 2.16232e-11 3.06208e-11 3.89534e-11 4.66794e-11 5.37307e-11 6.02581e-11 6.6898e-11 7.48681e-11 8.58289e-11 1.01557e-10 1.23636e-10 1.53373e-10 1.92279e-10 2.43112e-10 3.1136e-10 4.0684e-10 5.43432e-10 7.39157e-10 1.00876e-09 1.34704e-09 1.69024e-09 1.91868e-09 1.94126e-09 1.76217e-09 1.46422e-09 1.15049e-09 8.80233e-10 6.67558e-10 5.10487e-10 4.04431e-10 3.35586e-10 2.9555e-10 2.74207e-10 2.61376e-10 2.52233e-10 2.44276e-10 2.35444e-10 2.24412e-10 2.1071e-10 1.94479e-10 1.76102e-10 1.55991e-10 1.34638e-10 1.12705e-10 9.09654e-11 7.00424e-11 4.99982e-11 2.99495e-11 1.06135e-11 
7.40502e-12 1.87521e-11 2.92899e-11 3.90044e-11 4.81371e-11 5.66073e-11 6.43609e-11 7.17143e-11 7.95747e-11 8.94761e-11 1.03384e-10 1.23365e-10 1.51267e-10 1.88792e-10 2.3837e-10 3.0475e-10 3.96926e-10 5.28693e-10 7.19053e-10 9.88584e-10 1.34704e-09 1.75207e-09 2.09116e-09 2.23169e-09 2.1212e-09 1.82727e-09 1.46744e-09 1.13442e-09 8.67955e-10 6.67558e-10 5.2224e-10 4.22629e-10 3.56604e-10 3.16417e-10 2.9111e-10 2.73341e-10 2.60001e-10 2.48337e-10 2.36043e-10 2.21975e-10 2.05877e-10 1.879e-10 1.68288e-10 1.47328e-10 1.25475e-10 1.0339e-10 8.17781e-11 6.10284e-11 4.07278e-11 1.98951e-11 1.98951e-11 
3.84036e-12 1.45671e-11 2.67733e-11 3.79415e-11 4.84922e-11 5.84634e-11 6.76952e-11 7.62243e-11 8.4594e-11 9.40234e-11 1.06395e-10 1.24034e-10 1.49321e-10 1.84406e-10 2.31681e-10 2.95275e-10 3.83133e-10 5.08303e-10 6.89418e-10 9.49603e-10 1.30986e-09 1.75207e-09 2.18435e-09 2.46507e-09 2.47025e-09 2.21961e-09 1.84102e-09 1.45467e-09 1.12224e-09 8.67955e-10 6.79531e-10 5.40822e-10 4.42669e-10 3.76244e-10 3.32554e-10 3.0181e-10 2.79514e-10 2.62607e-10 2.47638e-10 2.32368e-10 2.15944e-10 1.98174e-10 1.79069e-10 1.58697e-10 1.3727e-10 1.15256e-10 9.33107e-11 7.20095e-11 5.1393e-11 3.05545e-11 1.06107e-11 
9.33614e-12 2.29355e-11 3.56793e-11 4.76357e-11 5.90923e-11 6.99094e-11 7.99287e-11 8.93482e-11 9.89881e-11 1.10417e-10 1.25923e-10 1.48205e-10 1.79913e-10 2.23669e-10 2.83239e-10 3.65529e-10 4.82352e-10 6.51115e-10 8.94617e-10 1.23918e-09 1.69024e-09 2.18435e-09 2.59267e-09 2.75393e-09 2.60348e-09 2.24526e-09 1.82786e-09 1.44296e-09 1.12224e-09 8.80233e-10 6.97668e-10 5.59368e-10 4.59558e-10 3.90183e-10 3.41038e-10 3.05367e-10 2.79777e-10 2.6004e-10 2.42355e-10 2.24876e-10 2.06928e-10 1.88197e-10 1.68485e-10 1.47737e-10 1.26171e-10 1.04291e-10 8.27143e-11 6.17977e-11 4.11072e-11 1.97342e-11 1.97342e-11 
4.91981e-12 1.77143e-11 3.2136e-11 4.55189e-11 5.83863e-11 7.07682e-11 8.24236e-11 9.32773e-11 1.03751e-10 1.14978e-10 1.28935e-10 1.48336e-10 1.76165e-10 2.1535e-10 2.69548e-10 3.44867e-10 4.51621e-10 6.05549e-10 8.2741e-10 1.14347e-09 1.57414e-09 2.09116e-09 2.59267e-09 2.90974e-09 2.91883e-09 2.64259e-09 2.23381e-09 1.81298e-09 1.44296e-09 1.13442e-09 8.97973e-10 7.1332e-10 5.72072e-10 4.6915e-10 3.95077e-10 3.40804e-10 3.0211e-10 2.74521e-10 2.52671e-10 2.33081e-10 2.14315e-10 1.9565e-10 1.76538e-10 1.56608e-10 1.35789e-10 1.1436e-10 9.28581e-11 7.17997e-11 5.12011e-11 3.01615e-11 1.02208e-11 
1.14375e-11 2.72239e-11 4.21214e-11 5.63194e-11 7.01533e-11 8.344e-11 9.59266e-11 1.07696e-10 1.19432e-10 1.32633e-10 1.49724e-10 1.73747e-10 2.07824e-10 2.55561e-10 3.22525e-10 4.17698e-10 5.54781e-10 7.5205e-10 1.0325e-09 1.42193e-09 1.91868e-09 2.46507e-09 2.90974e-09 3.09401e-09 2.97396e-09 2.63572e-09 2.21691e-09 1.81298e-09 1.45467e-09 1.15049e-09 9.10435e-10 7.19509e-10 5.74777e-10 4.68114e-10 3.89495e-10 3.32558e-10 2.9297e-10 2.64376e-10 2.41211e-10 2.20689e-10 2.01537e-10 1.82797e-10 1.637e-10 1.43831e-10 1.23186e-10 1.02131e-10 8.11973e-11 6.07031e-11 4.02041e-11 1.89073e-11 1.89073e-11 
6.10567e-12 2.0921e-11 3.74192e-11 5.29197e-11 6.80525e-11 8.28449e-11 9.69928e-11 1.10321e-10 1.23118e-10 1.36368e-10 1.51989e-10 1.72787e-10 2.0189e-10 2.42714e-10 3.00337e-10 3.82753e-10 5.01605e-10 6.72692e-10 9.14861e-10 1.25286e-09 1.69901e-09 2.23169e-09 2.75393e-09 3.09401e-09 3.16072e-09 2.9772e-09 2.61991e-09 2.21691e-09 1.82786e-09 1.46744e-09 1.15749e-09 9.08386e-10 7.11721e-10 5.64382e-10 4.54691e-10 3.74335e-10 3.17878e-10 2.7896e-10 2.5016e-10 2.26622e-10 2.06145e-10 1.87326e-10 1.68927e-10 1.50094e-10 1.30488e-10 1.10227e-10 8.97452e-11 6.94982e-11 4.94835e-11 2.88292e-11 9.488e-12 
1.36007e-11 3.13711e-11 4.82342e-11 6.45266e-11 8.0629e-11 9.63245e-11 1.11287e-10 1.25486e-10 1.39447e-10 1.54503e-10 1.72971e-10 1.9779e-10 2.32066e-10 2.80148e-10 3.49203e-10 4.49314e-10 5.9356e-10 7.97633e-10 1.08166e-09 1.46361e-09 1.94126e-09 2.47025e-09 2.91883e-09 3.16072e-09 3.17354e-09 2.96828e-09 2.61991e-09 2.23381e-09 1.84102e-09 1.46422e-09 1.14359e-09 8.85555e-10 6.87185e-10 5.39131e-10 4.29875e-10 3.51893e-10 2.98359e-10 2.61089e-10 2.32886e-10 2.09964e-10 1.90339e-10 1.72299e-10 1.54459e-10 1.36045e-10 1.16871e-10 9.71786e-11 7.74235e-11 5.78893e-11 3.81335e-11 1.75071e-11 1.75071e-11 
7.32693e-12 2.39926e-11 4.2295e-11 5.96792e-11 7.68754e-11 9.39107e-11 1.10427e-10 1.26164e-10 1.41275e-10 1.56555e-10 1.73701e-10 1.95238e-10 2.23965e-10 2.63299e-10 3.19288e-10 4.00914e-10 5.19143e-10 6.86574e-10 9.18478e-10 1.23437e-09 1.63849e-09 2.1212e-09 2.60348e-09 2.97396e-09 3.17354e-09 3.17391e-09 2.96828e-09 2.63572e-09 2.24526e-09 1.82727e-09 1.4291e-09 1.10007e-09 8.39357e-10 6.44672e-10 5.0049e-10 3.96765e-10 3.24593e-10 2.75403e-10 2.40412e-10 2.13673e-10 1.92242e-10 1.73967e-10 1.56897e-10 1.39715e-10 1.21836e-10 1.03243e-10 8.42768e-11 6.53432e-11 4.64239e-11 2.67048e-11 8.48968e-12 
1.56806e-11 3.51018e-11 5.36185e-11 7.17255e-11 8.98405e-11 1.07716e-10 1.24959e-10 1.41437e-10 1.57507e-10 1.74259e-10 1.93633e-10 2.18068e-10 2.50224e-10 2.94538e-10 3.58868e-10 4.52765e-10 5.86626e-10 7.71253e-10 1.02324e-09 1.35321e-09 1.76217e-09 2.21961e-09 2.64259e-09 2.9772e-09 3.17391e-09 3.17391e-09 2.9772e-09 2.64259e-09 2.21961e-09 1.76217e-09 1.35321e-09 1.02324e-09 7.71253e-10 5.86626e-10 4.52765e-10 3.58868e-10 2.94538e-10 2.50224e-10 2.18068e-10 1.93633e-10 1.74259e-10 1.57507e-10 1.41437e-10 1.24959e-10 1.07716e-10 8.98405e-11 7.17255e-11 5.36185e-11 3.51018e-11 1.56806e-11 1.56806e-11 
8.48968e-12 2.67048e-11 4.64239e-11 6.53432e-11 8.42768e-11 1.03243e-10 1.21836e-10 1.39715e-10 1.56897e-10 1.73967e-10 1.92242e-10 2.13673e-10 2.40412e-10 2.75403e-10 3.24593e-10 3.96765e-10 5.0049e-10 6.44672e-10 8.39357e-10 1.10007e-09 1.4291e-09 1.82727e-09 2.24526e-09 2.63572e-09 2.96828e-09 3.17391e-09 3.17354e-09 2.97396e-09 2.60348e-09 2.1212e-09 1.63849e-09 1.23437e-09 9.18478e-10 6.86574e-10 5.19143e-10 4.00914e-10 3.19288e-10 2.63299e-10 2.23965e-10 1.95238e-10 1.73701e-10 1.56555e-10 1.41275e-10 1.26164e-10 1.10427e-10 9.39107e-11 7.68754e-11 5.96792e-11 4.2295e-11 2.39926e-11 7.32693e-12 
1.75071e-11 3.81335e-11 5.78893e-11 7.74235e-11 9.71786e-11 1.16871e-10 1.36045e-10 1.54459e-10 1.72299e-10 1.90339e-10 2.09964e-10 2.32886e-10 2.61089e-10 2.98359e-10 3.51893e-10 4.29875e-10 5.39131e-10 6.87185e-10 8.85555e-10 1.14359e-09 1.46422e-09 1.84102e-09 2.23381e-09 2.61991e-09 2.96828e-09 3.17354e-09 3.16072e-09 2.91883e-09 2.47025e-09 1.94126e-09 1.46361e-09 1.08166e-09 7.97633e-10 5.9356e-10 4.49314e-10 3.49203e-10 2.80148e-10 2.32066e-10 1.9779e-10 1.72971e-10 1.54503e-10 1.39447e-10 1.25486e-10 1.11287e-10 9.63245e-11 8.0629e-11 6.45266e-11 4.82342e-11 3.13711e-11 1.36007e-11 1.36007e-11 
9.488e-12 2.88292e-11 4.94835e-11 6.94982e-11 8.97452e-11 1.10227e-10 1.30488e-10 1.50094e-10 1.68927e-10 1.87326e-10 2.06145e-10 2.26622e-10 2.5016e-10 2.7896e-10 3.17878e-10 3.74335e-10 4.54691e-10 5.64382e-10 7.11721e-10 9.08386e-10 1.15749e-09 1.46744e-09 1.82786e-09 2.21691e-09 2.61991e-09 2.9772e-09 3.16072e-09 3.09401e-09 2.75393e-09 2.23169e-09 1.69901e-09 1.25286e-09 9.14861e-10 6.72692e-10 5.01605e-10 3.82753e-10 3.00337e-10 2.42714e-10 2.0189e-10 1.72787e-10 1.51989e-10 1.36368e-10 1.23118e-10 1.10321e-10 9.69928e-11 8.28449e-11 6.80525e-11 5.29197e-11 3.74192e-11 2.0921e-11 6.10567e-12 
1.89073e-11 4.02041e-11 6.07031e-11 8.11973e-11 1.02131e-10 1.23186e-10 1.43831e-10 1.637e-10 1.82797e-10 2.01537e-10 2.20689e-10 2.41211e-10 2.64376e-10 2.9297e-10 3.32558e-10 3.89495e-10 4.68114e-10 5.74777e-10 7.19509e-10 9.10435e-10 1.15049e-09 1.45467e-09 1.81298e-09 2.21691e-09 2.63572e-09 2.97396e-09 3.09401e-09 2.90974e-09 2.46507e-09 1.91868e-09 1.42193e-09 1.0325e-09 7.5205e-10 5.54781e-10 4.17698e-10 3.22525e-10 2.55561e-10 2.07824e-10 1.73747e-10 1.49724e-10 1.32633e-10 1.19432e-10 1.07696e-10 9.59266e-11 8.344e-11 7.01533e-11 5.63194e-11 4.21214e-11 2.72239e-11 1.14375e-11 1.14375e-11 
1.02208e-11 3.01615e-11 5.12011e-11 7.17997e-11 9.28581e-11 1.1436e-10 1.35789e-10 1.56608e-10 1.76538e-10 1.9565e-10 2.14315e-10 2.33081e-10 2.52671e-10 2.74521e-10 3.0211e-10 3.40804e-10 3.95077e-10 4.6915e-10 5.72072e-10 7.1332e-10 8.97973e-10 1.13442e-09 1.44296e-09 1.81298e-09 2.23381e-09 2.64259e-09 2.91883e-09 2.90974e-09 2.59267e-09 2.09116e-09 1.57414e-09 1.14347e-09 8.2741e-10 6.05549e-10 4.51621e-10 3.44867e-10 2.69548e-10 2.1535e-10 1.76165e-10 1.48336e-10 1.28935e-10 1.14978e-10 1.03751e-10 9.32773e-11 8.24236e-11 7.07682e-11 5.83863e-11 4.55189e-11 3.2136e-11 1.77143e-11 4.91981e-12 
1.97342e-11 4.11072e-11 6.17977e-11 8.27143e-11 1.04291e-10 1.26171e-10 1.47737e-10 1.68485e-10 1.88197e-10 2.06928e-10 2.24876e-10 2.42355e-10 2.6004e-10 2.79777e-10 3.05367e-10 3.41038e-10 3.90183e-10 4.59558e-10 5.59368e-10 6.97668e-10 8.80233e-10 1.12224e-09 1.44296e-09 1.82786e-09 2.24526e-09 2.60348e-09 2.75393e-09 2.59267e-09 2.18435e-09 1.69024e-09 1.23918e-09 8.94617e-10 6.51115e-10 4.82352e-10 3.65529e-10 2.83239e-10 2.23669e-10 1.79913e-10 1.48205e-10 1.25923e-10 1.10417e-10 9.89881e-11 8.93482e-11 7.99287e-11 6.99094e-11 5.90923e-11 4.76357e-11 3.56793e-11 2.29355e-11 9.33614e-12 9.33614e-12 
1.06107e-11 3.05545e-11 5.1393e-11 7.20095e-11 9.33107e-11 1.15256e-10 1.3727e-10 1.58697e-10 1.79069e-10 1.98174e-10 2.15944e-10 2.32368e-10 2.47638e-10 2.62607e-10 2.79514e-10 3.0181e-10 3.32554e-10 3.76244e-10 4.42669e-10 5.40822e-10 6.79531e-10 8.67955e-10 1.12224e-09 1.45467e-09 1.84102e-09 2.21961e-09 2.47025e-09 2.46507e-09 2.18435e-09 1.75207e-09 1.30986e-09 9.49603e-10 6.89418e-10 5.08303e-10 3.83133e-10 2.95275e-10 2.31681e-10 1.84406e-10 1.49321e-10 1.24034e-10 1.06395e-10 9.40234e-11 8.4594e-11 7.62243e-11 6.76952e-11 5.84634e-11 4.84922e-11 3.79415e-11 2.67733e-11 1.45671e-11 3.84036e-12 
1.98951e-11 4.07278e-11 6.10284e-11 8.17781e-11 1.0339e-10 1.25475e-10 1.47328e-10 1.68288e-10 1.879e-10 2.05877e-10 2.21975e-10 2.36043e-10 2.48337e-10 2.60001e-10 2.73341e-10 2.9111e-10 3.16417e-10 3.56604e-10 4.22629e-10 5.2224e-10 6.67558e-10 8.67955e-10 1.13442e-09 1.46744e-09 1.82727e-09 2.1212e-09 2.23169e-09 2.09116e-09 1.75207e-09 1.34704e-09 9.88584e-10 7.19053e-10 5.28693e-10 3.96926e-10 3.0475e-10 2.3837e-10 1.88792e-10 1.51267e-10 1.23365e-10 1.03384e-10 8.94761e-11 7.95747e-11 7.17143e-11 6.43609e-11 5.66073e-11 4.81371e-11 3.90044e-11 2.92899e-11 1.87521e-11 7.40502e-12 7.40502e-12 
1.06135e-11 2.99495e-11 4.99982e-11 7.00424e-11 9.09654e-11 1.12705e-10 1.34638e-10 1.55991e-10 1.76102e-10 1.94479e-10 2.1071e-10 2.24412e-10 2.35444e-10 2.44276e-10 2.52233e-10 2.61376e-10 2.74207e-10 2.9555e-10 3.35586e-10 4.04431e-10 5.10487e-10 6.67558e-10 8.80233e-10 1.15049e-09 1.46422e-09 1.76217e-09 1.94126e-09 1.91868e-09 1.69024e-09 1.34704e-09 1.00876e-09 7.39157e-10 5.43432e-10 4.0684e-10 3.1136e-10 2.43112e-10 1.92279e-10 1.53373e-10 1.23636e-10 1.01557e-10 8.58289e-11 7.48681e-11 6.6898e-11 6.02581e-11 5.37307e-11 4.66794e-11 3.89534e-11 3.06208e-11 2.16232e-11 1.16342e-11 2.91018e-12 
1.93647e-11 3.90729e-11 5.84086e-11 7.83816e-11 9.93755e-11 1.20978e-10 1.4242e-10 1.62894e-10 1.81722e-10 1.98336e-10 2.1221e-10 2.22942e-10 2.30557e-10 2.3574e-10 2.39801e-10 2.44635e-10 2.53542e-10 2.74043e-10 3.17824e-10 3.93357e-10 5.10487e-10 6.79531e-10 8.97973e-10 1.15749e-09 1.4291e-09 1.63849e-09 1.69901e-09 1.57414e-09 1.30986e-09 1.00876e-09 7.49363e-10 5.52869e-10 4.13332e-10 3.15358e-10 2.45794e-10 1.94398e-10 1.54987e-10 1.24317e-10 1.00747e-10 8.3305e-11 7.09446e-11 6.22985e-11 5.58236e-11 5.01357e-11 4.43013e-11 3.79066e-11 3.0897e-11 2.32879e-11 1.4871e-11 5.71213e-12 5.71213e-12 
1.02331e-11 2.83909e-11 4.71061e-11 6.6005e-11 8.59197e-11 1.06775e-10 1.27923e-10 1.48508e-10 1.67703e-10 1.84796e-10 1.99148e-10 2.10198e-10 2.17675e-10 2.21836e-10 2.23476e-10 2.23839e-10 2.252e-10 2.32667e-10 2.56315e-10 3.07488e-10 3.93357e-10 5.2224e-10 6.97668e-10 9.10435e-10 1.14359e-09 1.35321e-09 1.46361e-09 1.42193e-09 1.23918e-09 9.88584e-10 7.49363e-10 5.57489e-10 4.17127e-10 3.17366e-10 2.46753e-10 1.95102e-10 1.55709e-10 1.24853e-10 1.00539e-10 8.18225e-11 6.80561e-11 5.83592e-11 5.15192e-11 4.61947e-11 4.12602e-11 3.60315e-11 3.02577e-11 2.3915e-11 1.69223e-11 9.0225e-12 2.14589e-12 
1.81979e-11 3.6276e-11 5.41312e-11 7.27513e-11 9.24858e-11 1.12925e-10 1.33274e-10 1.52632e-10 1.70163e-10 1.85122e-10 1.96848e-10 2.04876e-10 2.09161e-10 2.10159e-10 2.08693e-10 2.06172e-10 2.05998e-10 2.15571e-10 2.46205e-10 3.07488e-10 4.04431e-10 5.40822e-10 7.1332e-10 9.08386e-10 1.10007e-09 1.23437e-09 1.25286e-09 1.14347e-09 9.49603e-10 7.39157e-10 5.57489e-10 4.18877e-10 3.1817e-10 2.46591e-10 1.94704e-10 1.55486e-10 1.24872e-10 1.00458e-10 8.1063e-11 6.61847e-11 5.53448e-11 4.77511e-11 4.23093e-11 3.78712e-11 3.35494e-11 2.88678e-11 2.36752e-11 1.79264e-11 1.14358e-11 4.28757e-12 4.28757e-12 
9.51284e-12 2.60221e-11 4.29592e-11 6.02145e-11 7.85516e-11 9.78934e-11 1.1761e-10 1.36823e-10 1.54622e-10 1.70171e-10 1.82726e-10 1.91702e-10 1.96831e-10 1.98315e-10 1.96737e-10 1.93005e-10 1.89164e-10 1.90387e-10 2.05871e-10 2.46205e-10 3.17824e-10 4.22629e-10 5.59368e-10 7.19509e-10 8.85555e-10 1.02324e-09 1.08166e-09 1.0325e-09 8.94617e-10 7.19053e-10 5.52869e-10 4.18877e-10 3.18423e-10 2.45996e-10 1.93711e-10 1.54566e-10 1.24281e-10 1.00147e-10 8.06214e-11 6.50898e-11 5.32844e-11 4.47817e-11 3.88394e-11 3.44743e-11 3.07259e-11 2.69213e-11 2.27388e-11 1.80774e-11 1.28298e-11 6.79407e-12 1.5425e-12 
1.65157e-11 3.25865e-11 4.85573e-11 6.53514e-11 8.32835e-11 1.01978e-10 1.20674e-10 1.38463e-10 1.54449e-10 1.67823e-10 1.77911e-10 1.84292e-10 1.8695e-10 1.86292e-10 1.83006e-10 1.78326e-10 1.75503e-10 1.81551e-10 2.05871e-10 2.56315e-10 3.35586e-10 4.42669e-10 5.72072e-10 7.11721e-10 8.39357e-10 9.18478e-10 9.14861e-10 8.2741e-10 6.89418e-10 5.43432e-10 4.17127e-10 3.18423e-10 2.45552e-10 1.92666e-10 1.53351e-10 1.2324e-10 9.94734e-11 8.01666e-11 6.44337e-11 5.20029e-11 4.26754e-11 3.60354e-11 3.13819e-11 2.78434e-11 2.46434e-11 2.12881e-11 1.75613e-11 1.33637e-11 8.52688e-12 3.13329e-12 3.13329e-12 
8.53437e-12 2.30669e-11 3.79176e-11 5.31664e-11 6.94917e-11 8.68342e-11 1.04631e-10 1.22056e-10 1.38212e-10 1.52252e-10 1.63436e-10 1.7123e-10 1.75441e-10 1.76295e-10 1.74362e-10 1.70527e-10 1.66746e-10 1.67806e-10 1.81551e-10 2.15571e-10 2.74043e-10 3.56604e-10 4.59558e-10 5.74777e-10 6.87185e-10 7.71253e-10 7.97633e-10 7.5205e-10 6.51115e-10 5.28693e-10 4.13332e-10 3.1817e-10 2.45552e-10 1.92021e-10 1.52256e-10 1.22056e-10 9.85122e-11 7.9535e-11 6.39174e-11 5.12237e-11 4.1314e-11 3.39875e-11 2.88255e-11 2.51696e-11 2.22694e-11 1.95151e-11 1.65566e-11 1.32356e-11 9.4267e-12 4.96809e-12 1.08403e-12 
1.4484e-11 2.83309e-11 4.21653e-11 5.68195e-11 7.25796e-11 8.9136e-11 1.05822e-10 1.21805e-10 1.3624e-10 1.4835e-10 1.57522e-10 1.6342e-10 1.66092e-10 1.65975e-10 1.63811e-10 1.60902e-10 1.60288e-10 1.67806e-10 1.90387e-10 2.32667e-10 2.9555e-10 3.76244e-10 4.6915e-10 5.64382e-10 6.44672e-10 6.86574e-10 6.72692e-10 6.05549e-10 5.08303e-10 4.0684e-10 3.17366e-10 2.45996e-10 1.92021e-10 1.51618e-10 1.21051e-10 9.74783e-11 7.8736e-11 6.33625e-11 5.06804e-11 4.04735e-11 3.26224e-11 2.69076e-11 2.29098e-11 2.00217e-11 1.76185e-11 1.52373e-11 1.26292e-11 9.65611e-12 6.16797e-12 2.23008e-12 2.23008e-12 
7.39504e-12 1.97867e-11 3.24068e-11 4.5454e-11 5.95221e-11 7.45865e-11 9.0187e-11 1.05622e-10 1.20098e-10 1.32845e-10 1.43203e-10 1.50726e-10 1.553e-10 1.572e-10 1.5705e-10 1.5586e-10 1.55612e-10 1.60288e-10 1.75503e-10 2.05998e-10 2.53542e-10 3.16417e-10 3.90183e-10 4.68114e-10 5.39131e-10 5.86626e-10 5.9356e-10 5.54781e-10 4.82352e-10 3.96926e-10 3.15358e-10 2.46591e-10 1.92666e-10 1.51618e-10 1.20478e-10 9.66182e-11 7.79038e-11 6.27332e-11 5.01968e-11 3.99229e-11 3.17664e-11 2.55956e-11 2.11713e-11 1.80808e-11 1.57836e-11 1.3773e-11 1.17075e-11 9.40185e-12 6.7191e-12 3.5292e-12 7.45694e-13 
1.2287e-11 2.38578e-11 3.54715e-11 4.78599e-11 6.12868e-11 7.55315e-11 9.00646e-11 1.04198e-10 1.17211e-10 1.28439e-10 1.37366e-10 1.43743e-10 1.47675e-10 1.49636e-10 1.50459e-10 1.51562e-10 1.55612e-10 1.66746e-10 1.89164e-10 2.252e-10 2.74207e-10 3.32554e-10 3.95077e-10 4.54691e-10 5.0049e-10 5.19143e-10 5.01605e-10 4.51621e-10 3.83133e-10 3.1136e-10 2.46753e-10 1.93711e-10 1.52256e-10 1.20478e-10 9.6134e-11 7.7216e-11 6.20981e-11 4.97082e-11 3.94959e-11 3.12222e-11 2.47566e-11 1.99502e-11 1.65507e-11 1.41615e-11 1.2318e-11 1.06224e-11 8.82571e-12 6.77521e-12 4.33363e-12 1.54768e-12 1.54768e-12 
6.1983e-12 1.64425e-11 2.68472e-11 3.76744e-11 4.94373e-11 6.21544e-11 7.5496e-11 8.89234e-11 1.01802e-10 1.13504e-10 1.23493e-10 1.31424e-10 1.37247e-10 1.41264e-10 1.44135e-10 1.46948e-10 1.51562e-10 1.60902e-10 1.78326e-10 2.06172e-10 2.44635e-10 2.9111e-10 3.41038e-10 3.89495e-10 4.29875e-10 4.52765e-10 4.49314e-10 4.17698e-10 3.65529e-10 3.0475e-10 2.45794e-10 1.94704e-10 1.53351e-10 1.21051e-10 9.6134e-11 7.68285e-11 6.15782e-11 4.92383e-11 3.91131e-11 3.08396e-11 2.42312e-11 1.9155e-11 1.54474e-11 1.28514e-11 1.10004e-11 9.50603e-12 8.06733e-12 6.49437e-12 4.65495e-12 2.43952e-12 5.01825e-13 
1.00955e-11 1.94835e-11 2.89513e-11 3.91227e-11 5.02495e-11 6.22057e-11 7.46199e-11 8.69815e-11 9.87369e-11 1.09371e-10 1.18492e-10 1.25932e-10 1.31827e-10 1.36648e-10 1.41236e-10 1.46948e-10 1.5586e-10 1.70527e-10 1.93005e-10 2.23839e-10 2.61376e-10 3.0181e-10 3.40804e-10 3.74335e-10 3.96765e-10 4.00914e-10 3.82753e-10 3.44867e-10 2.95275e-10 2.43112e-10 1.95102e-10 1.54566e-10 1.22056e-10 9.66182e-11 7.68285e-11 6.12853e-11 4.8859e-11 3.87667e-11 3.05314e-11 2.3884e-11 1.86571e-11 1.47136e-11 1.18819e-11 9.90838e-12 8.46709e-12 7.24486e-12 6.01364e-12 4.62668e-12 2.9621e-12 1.04708e-12 1.04708e-12 
5.03199e-12 1.32551e-11 2.15937e-11 3.03294e-11 3.99043e-11 5.03826e-11 6.15659e-11 7.30875e-11 8.44967e-11 9.53346e-11 1.05213e-10 1.13892e-10 1.21372e-10 1.27947e-10 1.34232e-10 1.41236e-10 1.50459e-10 1.63811e-10 1.83006e-10 2.08693e-10 2.39801e-10 2.73341e-10 3.05367e-10 3.32558e-10 3.51893e-10 3.58868e-10 3.49203e-10 3.22525e-10 2.83239e-10 2.3837e-10 1.94398e-10 1.55486e-10 1.2324e-10 9.74783e-11 7.7216e-11 6.12853e-11 4.8647e-11 3.84954e-11 3.02741e-11 2.36296e-11 1.83397e-11 1.42501e-11 1.12215e-11 9.07948e-12 7.5829e-12 6.45131e-12 5.43933e-12 4.37764e-12 3.14249e-12 1.64263e-12 3.31657e-13 
8.04841e-12 1.54572e-11 2.29693e-11 3.11071e-11 4.0113e-11 4.99482e-11 6.03921e-11 7.11141e-11 8.17413e-11 9.19238e-11 1.01402e-10 1.10085e-10 1.1812e-10 1.25925e-10 1.34232e-10 1.44135e-10 1.5705e-10 1.74362e-10 1.96737e-10 2.23476e-10 2.52233e-10 2.79514e-10 3.0211e-10 3.17878e-10 3.24593e-10 3.19288e-10 3.00337e-10 2.69548e-10 2.31681e-10 1.92279e-10 1.55709e-10 1.24281e-10 9.85122e-11 7.79038e-11 6.15782e-11 4.8647e-11 3.83444e-11 3.00797e-11 2.34336e-11 1.81248e-11 1.39605e-11 1.07981e-11 8.49923e-12 6.89139e-12 5.75539e-12 4.85762e-12 4.01191e-12 3.0849e-12 1.97524e-12 6.9266e-13 6.9266e-13 
3.96552e-12 1.03858e-11 1.68973e-11 2.37719e-11 3.13881e-11 3.98518e-11 4.90773e-11 5.88582e-11 6.89219e-11 7.89841e-11 8.88039e-11 9.82542e-11 1.07376e-10 1.1643e-10 1.25925e-10 1.36648e-10 1.49636e-10 1.65975e-10 1.86292e-10 2.10159e-10 2.3574e-10 2.60001e-10 2.79777e-10 2.9297e-10 2.98359e-10 2.94538e-10 2.80148e-10 2.55561e-10 2.23669e-10 1.88792e-10 1.54987e-10 1.24872e-10 9.94734e-11 7.8736e-11 6.20981e-11 4.8859e-11 3.83444e-11 2.99736e-11 2.32925e-11 1.79705e-11 1.37738e-11 1.05346e-11 8.11954e-12 6.39452e-12 5.19547e-12 4.32757e-12 3.60705e-12 2.89058e-12 2.07258e-12 1.08113e-12 2.15444e-13 
6.23852e-12 1.19398e-11 1.77581e-11 2.41256e-11 3.12729e-11 3.92329e-11 4.79146e-11 5.71471e-11 6.67268e-11 7.6464e-11 8.6231e-11 9.60165e-11 1.05969e-10 1.1643e-10 1.27947e-10 1.41264e-10 1.572e-10 1.76295e-10 1.98315e-10 2.21836e-10 2.44276e-10 2.62607e-10 2.74521e-10 2.7896e-10 2.75403e-10 2.63299e-10 2.42714e-10 2.1535e-10 1.84406e-10 1.53373e-10 1.24853e-10 1.00147e-10 7.9535e-11 6.27332e-11 4.92383e-11 3.84954e-11 2.99736e-11 2.32166e-11 1.78646e-11 1.36489e-11 1.03699e-11 7.88145e-12 6.06058e-12 4.78002e-12 3.88696e-12 3.2197e-12 2.63235e-12 2.01729e-12 1.28872e-12 4.48151e-13 4.48151e-13 
3.04022e-12 7.92776e-12 1.28947e-11 1.81892e-11 2.41334e-11 3.08592e-11 3.83746e-11 4.66033e-11 5.54283e-11 6.47222e-11 7.43881e-11 8.44037e-11 9.48557e-11 1.05969e-10 1.1812e-10 1.31827e-10 1.47675e-10 1.66092e-10 1.8695e-10 2.09161e-10 2.30557e-10 2.48337e-10 2.6004e-10 2.64376e-10 2.61089e-10 2.50224e-10 2.32066e-10 2.07824e-10 1.79913e-10 1.51267e-10 1.24317e-10 1.00458e-10 8.01666e-11 6.33625e-11 4.97082e-11 3.87667e-11 3.00797e-11 2.32166e-11 1.78104e-11 1.35673e-11 1.02652e-11 7.73532e-12 5.84922e-12 4.49365e-12 3.54988e-12 2.88458e-12 2.36409e-12 1.87797e-12 1.34217e-12 6.9708e-13 1.37704e-13 
4.71217e-12 9.00096e-12 1.34142e-11 1.8304e-11 2.38864e-11 3.0247e-11 3.73925e-11 4.52824e-11 5.38576e-11 6.30699e-11 7.2914e-11 8.34566e-11 9.48557e-11 1.07376e-10 1.21372e-10 1.37247e-10 1.553e-10 1.75441e-10 1.96831e-10 2.17675e-10 2.35444e-10 2.47638e-10 2.52671e-10 2.5016e-10 2.40412e-10 2.23965e-10 2.0189e-10 1.76165e-10 1.49321e-10 1.23636e-10 1.00539e-10 8.06214e-11 6.39174e-11 5.01968e-11 3.91131e-11 3.02741e-11 2.32925e-11 1.78104e-11 1.35273e-11 1.02006e-11 7.64461e-12 5.71847e-12 4.30772e-12 3.31015e-12 2.61889e-12 2.11987e-12 1.70777e-12 1.29809e-12 8.2607e-13 2.84551e-13 2.84551e-13 
2.27199e-12 5.90877e-12 9.62239e-12 1.36272e-11 1.81937e-11 2.34705e-11 2.9529e-11 3.63946e-11 4.40711e-11 5.25622e-11 6.18977e-11 7.21506e-11 8.34566e-11 9.60165e-11 1.10085e-10 1.25932e-10 1.43743e-10 1.6342e-10 1.84292e-10 2.04876e-10 2.22942e-10 2.36043e-10 2.42355e-10 2.41211e-10 2.32886e-10 2.18068e-10 1.9779e-10 1.73747e-10 1.48205e-10 1.23365e-10 1.00747e-10 8.1063e-11 6.44337e-11 5.06804e-11 3.94959e-11 3.05314e-11 2.34336e-11 1.78646e-11 1.35273e-11 1.01695e-11 7.59158e-12 5.63885e-12 4.19149e-12 3.1505e-12 2.4232e-12 1.91768e-12 1.5388e-12 1.20691e-12 8.55952e-13 4.42273e-13 8.60677e-14 
3.47704e-12 6.64e-12 9.92993e-12 1.36284e-11 1.79326e-11 2.29625e-11 2.87922e-11 3.54776e-11 4.30718e-11 5.16427e-11 6.12901e-11 7.21506e-11 8.44037e-11 9.82542e-11 1.13892e-10 1.31424e-10 1.50726e-10 1.7123e-10 1.91702e-10 2.10198e-10 2.24412e-10 2.32368e-10 2.33081e-10 2.26622e-10 2.13673e-10 1.95238e-10 1.72787e-10 1.48336e-10 1.24034e-10 1.01557e-10 8.18225e-11 6.50898e-11 5.12237e-11 3.99229e-11 3.08396e-11 2.36296e-11 1.79705e-11 1.35673e-11 1.01695e-11 7.56632e-12 5.59313e-12 4.1214e-12 3.04836e-12 2.28904e-12 1.76325e-12 1.39147e-12 1.09997e-12 8.26449e-13 5.22517e-13 1.78748e-13 1.78748e-13 
1.66016e-12 4.31388e-12 7.0421e-12 1.00256e-11 1.34904e-11 1.75883e-11 2.24294e-11 2.81093e-11 3.4718e-11 4.23613e-11 5.11661e-11 6.12901e-11 7.2914e-11 8.6231e-11 1.01402e-10 1.18492e-10 1.37366e-10 1.57522e-10 1.77911e-10 1.96848e-10 2.1221e-10 2.21975e-10 2.24876e-10 2.20689e-10 2.09964e-10 1.93633e-10 1.72971e-10 1.49724e-10 1.25923e-10 1.03384e-10 8.3305e-11 6.61847e-11 5.20029e-11 4.04735e-11 3.12222e-11 2.3884e-11 1.81248e-11 1.36489e-11 1.02006e-11 7.56632e-12 5.57231e-12 4.08136e-12 2.9864e-12 2.20154e-12 1.65328e-12 1.27355e-12 9.98226e-13 7.70022e-13 5.40974e-13 2.77007e-13 5.33921e-14 
2.51391e-12 4.80836e-12 7.22375e-12 9.98647e-12 1.32725e-11 1.72149e-11 2.19319e-11 2.75417e-11 3.41775e-11 4.19931e-11 5.11661e-11 6.18977e-11 7.43881e-11 8.88039e-11 1.05213e-10 1.23493e-10 1.43203e-10 1.63436e-10 1.82726e-10 1.99148e-10 2.1071e-10 2.15944e-10 2.14315e-10 2.06145e-10 1.92242e-10 1.73701e-10 1.51989e-10 1.28935e-10 1.06395e-10 8.58289e-11 6.80561e-11 5.32844e-11 4.1314e-11 3.17664e-11 2.42312e-11 1.83397e-11 1.37738e-11 1.02652e-11 7.59158e-12 5.57231e-12 4.06301e-12 2.95139e-12 2.14726e-12 1.57992e-12 1.18662e-12 9.12823e-13 7.06309e-13 5.23222e-13 3.27264e-13 1.1051e-13 1.1051e-13 
1.19056e-12 3.09218e-12 5.06905e-12 7.26618e-12 9.86838e-12 1.30226e-11 1.68604e-11 2.15159e-11 2.71379e-11 3.38977e-11 4.19931e-11 5.16427e-11 6.30699e-11 7.6464e-11 9.19238e-11 1.09371e-10 1.28439e-10 1.4835e-10 1.67823e-10 1.85122e-10 1.98336e-10 2.05877e-10 2.06928e-10 2.01537e-10 1.90339e-10 1.74259e-10 1.54503e-10 1.32633e-10 1.10417e-10 8.94761e-11 7.09446e-11 5.53448e-11 4.26754e-11 3.26224e-11 2.47566e-11 1.86571e-11 1.39605e-11 1.03699e-11 7.64461e-12 5.59313e-12 4.06301e-12 2.93572e-12 2.11626e-12 1.53326e-12 1.12645e-12 8.46698e-13 6.47802e-13 4.90003e-13 3.39687e-13 1.72288e-13 3.30022e-14 
1.78665e-12 3.4269e-12 5.18027e-12 7.22494e-12 9.71177e-12 1.27781e-11 1.65617e-11 2.12185e-11 2.69274e-11 3.38977e-11 4.23613e-11 5.25622e-11 6.47222e-11 7.89841e-11 9.53346e-11 1.13504e-10 1.32845e-10 1.52252e-10 1.70171e-10 1.84796e-10 1.94479e-10 1.98174e-10 1.9565e-10 1.87326e-10 1.73967e-10 1.56555e-10 1.36368e-10 1.14978e-10 9.40234e-11 7.48681e-11 5.83592e-11 4.47817e-11 3.39875e-11 2.55956e-11 1.9155e-11 1.42501e-11 1.05346e-11 7.73532e-12 5.63885e-12 4.08136e-12 2.93572e-12 2.10219e-12 1.50599e-12 1.08741e-12 7.98907e-13 6.00214e-13 4.53944e-13 3.29848e-13 2.03783e-13 6.78166e-14 6.78166e-14 
8.38634e-13 2.1841e-12 3.59966e-12 5.20165e-12 7.14062e-12 9.55075e-12 1.25696e-11 1.63479e-11 2.10642e-11 2.69274e-11 3.41775e-11 4.30718e-11 5.38576e-11 6.67268e-11 8.17413e-11 9.87369e-11 1.17211e-10 1.3624e-10 1.54449e-10 1.70163e-10 1.81722e-10 1.879e-10 1.88197e-10 1.82797e-10 1.72299e-10 1.57507e-10 1.39447e-10 1.19432e-10 9.89881e-11 7.95747e-11 6.22985e-11 4.77511e-11 3.60354e-11 2.69076e-11 1.99502e-11 1.47136e-11 1.07981e-11 7.88145e-12 5.71847e-12 4.1214e-12 2.95139e-12 2.10219e-12 1.49329e-12 1.06472e-12 7.67444e-13 5.63573e-13 4.21523e-13 3.11924e-13 2.1247e-13 1.06796e-13 1.99852e-14 
1.25137e-12 2.4111e-12 3.67206e-12 5.17241e-12 7.04278e-12 9.4098e-12 1.24175e-11 1.6236e-11 2.10642e-11 2.71379e-11 3.4718e-11 4.40711e-11 5.54283e-11 6.89219e-11 8.44967e-11 1.01802e-10 1.20098e-10 1.38212e-10 1.54622e-10 1.67703e-10 1.76102e-10 1.79069e-10 1.76538e-10 1.68927e-10 1.56897e-10 1.41275e-10 1.23118e-10 1.03751e-10 8.4594e-11 6.6898e-11 5.15192e-11 3.88394e-11 2.88255e-11 2.11713e-11 1.54474e-11 1.12215e-11 8.11954e-12 5.84922e-12 4.19149e-12 2.9864e-12 2.11626e-12 1.49329e-12 1.05381e-12 7.484e-13 5.38903e-13 3.9528e-13 2.92708e-13 2.08734e-13 1.27387e-13 4.23171e-14 4.23171e-14 
5.83614e-13 1.52388e-12 2.5281e-12 3.68769e-12 5.12319e-12 6.95238e-12 9.30615e-12 1.23387e-11 1.6236e-11 2.12185e-11 2.75417e-11 3.54776e-11 4.52824e-11 5.71471e-11 7.11141e-11 8.69815e-11 1.04198e-10 1.21805e-10 1.38463e-10 1.52632e-10 1.62894e-10 1.68288e-10 1.68485e-10 1.637e-10 1.54459e-10 1.41437e-10 1.25486e-10 1.07696e-10 8.93482e-11 7.17143e-11 5.58236e-11 4.23093e-11 3.13819e-11 2.29098e-11 1.65507e-11 1.18819e-11 8.49923e-12 6.06058e-12 4.30772e-12 3.04836e-12 2.14726e-12 1.50599e-12 1.05381e-12 7.39465e-13 5.23531e-13 3.76646e-13 2.7539e-13 1.9954e-13 1.3372e-13 6.61905e-14 1.22107e-14 
8.666e-13 1.6783e-12 2.57913e-12 3.67373e-12 5.07026e-12 6.8841e-12 9.25141e-12 1.23387e-11 1.63479e-11 2.15159e-11 2.81093e-11 3.63946e-11 4.66033e-11 5.88582e-11 7.30875e-11 8.89234e-11 1.05622e-10 1.22056e-10 1.36823e-10 1.48508e-10 1.55991e-10 1.58697e-10 1.56608e-10 1.50094e-10 1.39715e-10 1.26164e-10 1.10321e-10 9.32773e-11 7.62243e-11 6.02581e-11 4.61947e-11 3.44743e-11 2.51696e-11 1.80808e-11 1.28514e-11 9.07948e-12 6.39452e-12 4.49365e-12 3.1505e-12 2.20154e-12 1.53326e-12 1.06472e-12 7.39465e-13 5.16591e-13 3.65235e-13 2.62165e-13 1.89897e-13 1.33296e-13 7.99671e-14 2.60797e-14 2.60797e-14 
4.01586e-13 1.05244e-12 1.76024e-12 2.59426e-12 3.6503e-12 5.02938e-12 6.84791e-12 9.25141e-12 1.24175e-11 1.65617e-11 2.19319e-11 2.87922e-11 3.73925e-11 4.79146e-11 6.03921e-11 7.46199e-11 9.00646e-11 1.05822e-10 1.20674e-10 1.33274e-10 1.4242e-10 1.47328e-10 1.47737e-10 1.43831e-10 1.36045e-10 1.24959e-10 1.11287e-10 9.59266e-11 7.99287e-11 6.43609e-11 5.01357e-11 3.78712e-11 2.78434e-11 2.00217e-11 1.41615e-11 9.90838e-12 6.89139e-12 4.78002e-12 3.31015e-12 2.28904e-12 1.57992e-12 1.08741e-12 7.484e-13 5.16591e-13 3.59457e-13 2.53977e-13 1.81718e-13 1.29019e-13 8.54582e-14 4.19866e-14 7.56829e-15 
5.95416e-13 1.15967e-12 1.79912e-12 2.59288e-12 3.62937e-12 5.00685e-12 6.84791e-12 9.30615e-12 1.25696e-11 1.68604e-11 2.24294e-11 2.9529e-11 3.83746e-11 4.90773e-11 6.15659e-11 7.5496e-11 9.0187e-11 1.04631e-10 1.1761e-10 1.27923e-10 1.34638e-10 1.3727e-10 1.35789e-10 1.30488e-10 1.21836e-10 1.10427e-10 9.69928e-11 8.24236e-11 6.76952e-11 5.37307e-11 4.12602e-11 3.07259e-11 2.22695e-11 1.57836e-11 1.10004e-11 7.5829e-12 5.19547e-12 3.54988e-12 2.4232e-12 1.65328e-12 1.12645e-12 7.67444e-13 5.23531e-13 3.59457e-13 2.49697e-13 1.75741e-13 1.25241e-13 8.62311e-14 5.12085e-14 1.66458e-14 1.66458e-14 
2.74574e-13 7.22633e-13 1.21806e-12 1.81402e-12 2.58603e-12 3.61633e-12 5.00685e-12 6.8841e-12 9.4098e-12 1.27781e-11 1.72149e-11 2.29625e-11 3.0247e-11 3.92329e-11 4.99482e-11 6.22057e-11 7.55315e-11 8.9136e-11 1.01978e-10 1.12925e-10 1.20978e-10 1.25475e-10 1.26171e-10 1.23186e-10 1.16871e-10 1.07716e-10 9.63245e-11 8.344e-11 6.99094e-11 5.66073e-11 4.43013e-11 3.35494e-11 2.46434e-11 1.76185e-11 1.2318e-11 8.46709e-12 5.75539e-12 3.88696e-12 2.61889e-12 1.76325e-12 1.18662e-12 7.98907e-13 5.38903e-13 3.65235e-13 2.49697e-13 1.73143e-13 1.2156e-13 8.46377e-14 5.52133e-14 2.64461e-14 4.92763e-15 
4.05618e-13 7.96796e-13 1.2472e-12 1.81896e-12 2.58097e-12 3.61633e-12 5.02938e-12 6.95238e-12 9.55075e-12 1.30226e-11 1.75883e-11 2.34705e-11 3.08592e-11 3.98518e-11 5.03826e-11 6.21544e-11 7.45865e-11 8.68342e-11 9.78934e-11 1.06775e-10 1.12705e-10 1.15256e-10 1.1436e-10 1.10227e-10 1.03243e-10 9.39107e-11 8.28449e-11 7.07682e-11 5.84634e-11 4.66794e-11 3.60315e-11 2.69213e-11 1.95151e-11 1.3773e-11 9.50603e-12 6.45131e-12 4.32757e-12 2.88458e-12 1.91768e-12 1.27355e-12 8.46698e-13 5.63573e-13 3.76646e-13 2.53977e-13 1.73143e-13 1.20062e-13 8.39105e-14 5.62879e-14 3.33079e-14 1.09877e-14 1.09877e-14 
1.86584e-13 4.92625e-13 8.3733e-13 1.2606e-12 1.82027e-12 2.58097e-12 3.62937e-12 5.07026e-12 7.04278e-12 9.71177e-12 1.32725e-11 1.79326e-11 2.38864e-11 3.12729e-11 4.0113e-11 5.02495e-11 6.12868e-11 7.25796e-11 8.32835e-11 9.24858e-11 9.93755e-11 1.0339e-10 1.04291e-10 1.02131e-10 9.71786e-11 8.98405e-11 8.0629e-11 7.01533e-11 5.90923e-11 4.81371e-11 3.79066e-11 2.88678e-11 2.12881e-11 1.52373e-11 1.06224e-11 7.24486e-12 4.85762e-12 3.2197e-12 2.11987e-12 1.39147e-12 9.12823e-13 6.00214e-13 3.9528e-13 2.62165e-13 1.75741e-13 1.20062e-13 8.28434e-14 5.70591e-14 3.61003e-14 1.71245e-14 3.26899e-15 
2.75718e-13 5.42989e-13 8.58696e-13 1.26564e-12 1.82027e-12 2.58603e-12 3.6503e-12 5.12319e-12 7.14062e-12 9.86838e-12 1.34904e-11 1.81937e-11 2.41334e-11 3.13881e-11 3.99043e-11 4.94373e-11 5.95221e-11 6.94917e-11 7.85516e-11 8.59197e-11 9.09654e-11 9.33107e-11 9.28581e-11 8.97452e-11 8.42768e-11 7.68754e-11 6.80525e-11 5.83863e-11 4.84922e-11 3.89534e-11 3.02577e-11 2.27388e-11 1.65566e-11 1.17075e-11 8.06733e-12 5.43933e-12 3.60705e-12 2.36409e-12 1.5388e-12 9.98226e-13 6.47802e-13 4.21523e-13 2.7539e-13 1.81718e-13 1.2156e-13 8.28434e-14 5.70503e-14 3.82501e-14 2.21977e-14 7.14774e-15 7.14774e-15 
1.26617e-13 3.33862e-13 5.71011e-13 8.67664e-13 1.26564e-12 1.81896e-12 2.59288e-12 3.67373e-12 5.17241e-12 7.22494e-12 9.98647e-12 1.36284e-11 1.8304e-11 2.41256e-11 3.11071e-11 3.91227e-11 4.78599e-11 5.68195e-11 6.53514e-11 7.27513e-11 7.83816e-11 8.17781e-11 8.27143e-11 8.11973e-11 7.74235e-11 7.17255e-11 6.45266e-11 5.63194e-11 4.76357e-11 3.90044e-11 3.0897e-11 2.36752e-11 1.75613e-11 1.26292e-11 8.82571e-12 6.01364e-12 4.01191e-12 2.63235e-12 1.70777e-12 1.09997e-12 7.06309e-13 4.53944e-13 2.92708e-13 1.89897e-13 1.25241e-13 8.39105e-14 5.70503e-14 3.85515e-14 2.41185e-14 1.19314e-14 2.48547e-15 
1.85152e-13 3.66472e-13 5.83169e-13 8.67664e-13 1.2606e-12 1.81402e-12 2.59426e-12 3.68769e-12 5.20165e-12 7.26618e-12 1.00256e-11 1.36272e-11 1.81892e-11 2.37719e-11 3.03294e-11 3.76744e-11 4.5454e-11 5.31664e-11 6.02145e-11 6.6005e-11 7.00424e-11 7.20095e-11 7.17997e-11 6.94982e-11 6.53432e-11 5.96792e-11 5.29197e-11 4.55189e-11 3.79415e-11 3.06208e-11 2.3915e-11 1.80774e-11 1.32356e-11 9.40185e-12 6.49437e-12 4.37764e-12 2.89058e-12 1.87797e-12 1.20691e-12 7.70022e-13 4.90003e-13 3.11924e-13 1.9954e-13 1.29019e-13 8.46377e-14 5.70591e-14 3.85515e-14 2.54101e-14 1.4223e-14 4.91439e-15 4.91439e-15 
8.46839e-14 2.22478e-13 3.81158e-13 5.83169e-13 8.58696e-13 1.2472e-12 1.79912e-12 2.57913e-12 3.67206e-12 5.18027e-12 7.22375e-12 9.92993e-12 1.34142e-11 1.77581e-11 2.29693e-11 2.89513e-11 3.54715e-11 4.21653e-11 4.85573e-11 5.41312e-11 5.84086e-11 6.10284e-11 6.17977e-11 6.07031e-11 5.78893e-11 5.36185e-11 4.82342e-11 4.21214e-11 3.56793e-11 2.92899e-11 2.32879e-11 1.79264e-11 1.33637e-11 9.65611e-12 6.77521e-12 4.62668e-12 3.0849e-12 2.01729e-12 1.29809e-12 8.26449e-13 5.23222e-13 3.29848e-13 2.08734e-13 1.33296e-13 8.62311e-14 5.62879e-14 3.82501e-14 2.54101e-14 1.57287e-14 7.44275e-15 1.70357e-15 
1.22199e-13 2.40107e-13 3.81158e-13 5.71011e-13 8.3733e-13 1.21806e-12 1.76024e-12 2.5281e-12 3.59966e-12 5.06905e-12 7.0421e-12 9.62239e-12 1.28947e-11 1.68973e-11 2.15937e-11 2.68472e-11 3.24068e-11 3.79176e-11 4.29592e-11 4.71061e-11 4.99982e-11 5.1393e-11 5.12011e-11 4.94835e-11 4.64239e-11 4.2295e-11 3.74192e-11 3.2136e-11 2.67733e-11 2.16232e-11 1.69223e-11 1.28298e-11 9.4267e-12 6.7191e-12 4.65495e-12 3.14249e-12 2.07258e-12 1.34217e-12 8.55952e-13 5.40974e-13 3.39687e-13 2.1247e-13 1.3372e-13 8.54582e-14 5.52133e-14 3.61003e-14 2.41185e-14 1.57287e-14 9.11362e-15 2.56565e-15 2.56565e-15 
5.47973e-14 1.42339e-13 2.40107e-13 3.66472e-13 5.42989e-13 7.96796e-13 1.15967e-12 1.6783e-12 2.4111e-12 3.4269e-12 4.80836e-12 6.64e-12 9.00096e-12 1.19398e-11 1.54572e-11 1.94835e-11 2.38578e-11 2.83309e-11 3.25865e-11 3.6276e-11 3.90729e-11 4.07278e-11 4.11072e-11 4.02041e-11 3.81335e-11 3.51018e-11 3.13711e-11 2.72239e-11 2.29355e-11 1.87521e-11 1.4871e-11 1.14358e-11 8.52688e-12 6.16797e-12 4.33363e-12 2.9621e-12 1.97524e-12 1.28872e-12 8.2607e-13 5.22517e-13 3.27264e-13 2.03783e-13 1.27387e-13 7.99671e-14 5.12085e-14 3.33079e-14 2.21977e-14 1.4223e-14 9.11362e-15 4.34387e-15 8.89049e-16 
7.51333e-14 1.42339e-13 2.22478e-13 3.33862e-13 4.92625e-13 7.22633e-13 1.05244e-12 1.52388e-12 2.1841e-12 3.09218e-12 4.31388e-12 5.90877e-12 7.92776e-12 1.03858e-11 1.32551e-11 1.64425e-11 1.97867e-11 2.30669e-11 2.60221e-11 2.83909e-11 2.99495e-11 3.05545e-11 3.01615e-11 2.88292e-11 2.67048e-11 2.39926e-11 2.0921e-11 1.77143e-11 1.45671e-11 1.16342e-11 9.0225e-12 6.79407e-12 4.96809e-12 3.5292e-12 2.43952e-12 1.64263e-12 1.08113e-12 6.9708e-13 4.42273e-13 2.77007e-13 1.72288e-13 1.06796e-13 6.61905e-14 4.19866e-14 2.64461e-14 1.71245e-14 1.19314e-14 7.44275e-15 4.34387e-15 1.80561e-15 1.80561e-15 
3.19474e-14 7.51333e-14 1.22199e-13 1.85152e-13 2.75718e-13 4.05618e-13 5.95416e-13 8.666e-13 1.25137e-12 1.78665e-12 2.51391e-12 3.47704e-12 4.71217e-12 6.23852e-12 8.04841e-12 1.00955e-11 1.2287e-11 1.4484e-11 1.65157e-11 1.81979e-11 1.93647e-11 1.98951e-11 1.97342e-11 1.89073e-11 1.75071e-11 1.56806e-11 1.36007e-11 1.14375e-11 9.33614e-12 7.40502e-12 5.71213e-12 4.28757e-12 3.13329e-12 2.23008e-12 1.54768e-12 1.04708e-12 6.9266e-13 4.48151e-13 2.84551e-13 1.78748e-13 1.1051e-13 6.78166e-14 4.23171e-14 2.60797e-14 1.66458e-14 1.09877e-14 7.14774e-15 4.91439e-15 2.56565e-15 1.80561e-15 0 
3.19474e-14 5.47973e-14 8.46839e-14 1.26617e-13 1.86584e-13 2.74574e-13 4.01586e-13 5.83614e-13 8.38634e-13 1.19056e-12 1.66016e-12 2.27199e-12 3.04022e-12 3.96552e-12 5.03199e-12 6.1983e-12 7.39504e-12 8.53437e-12 9.51284e-12 1.02331e-11 1.06135e-11 1.06107e-11 1.02208e-11 9.488e-12 8.48968e-12 7.32693e-12 6.10567e-12 4.91981e-12 3.84036e-12 2.91018e-12 2.14589e-12 1.5425e-12 1.08403e-12 7.45694e-13 5.01825e-13 3.31657e-13 2.15444e-13 1.37704e-13 8.60677e-14 5.33921e-14 3.30022e-14 1.99852e-14 1.22107e-14 7.56829e-15 4.92763e-15 3.26899e-15 2.48547e-15 1.70357e-15 8.89049e-16 0 0 
