1 101 51
9.99459e-16 2.677e-15 4.12901e-15 6.33721e-15 1.00849e-14 1.63712e-14 2.5749e-14 4.31136e-14 7.22491e-14 1.22502e-13 2.06324e-13 3.44435e-13 5.67987e-13 9.21851e-13 1.46931e-12 2.294e-12 3.50761e-12 5.24958e-12 7.68774e-12 1.1004e-11 1.53726e-11 2.09078e-11 2.76074e-11 3.52898e-11 4.35584e-11 5.18068e-11 5.92829e-11 6.52e-11 6.88795e-11 6.98785e-11 6.80822e-11 6.37239e-11 5.73331e-11 4.96281e-11 4.13794e-11 3.32865e-11 2.5883e-11 1.95015e-11 1.4275e-11 1.01829e-11 7.10351e-12 4.86366e-12 3.28085e-12 2.18908e-12 1.44924e-12 9.56237e-13 6.29084e-13 4.13819e-13 2.68548e-13 1.66343e-13 7.99952e-14 
4.54036e-15 9.27462e-15 1.51332e-14 2.29722e-14 3.54844e-14 5.67143e-14 9.2313e-14 1.53617e-13 2.59108e-13 4.35663e-13 7.29375e-13 1.20723e-12 1.96932e-12 3.15369e-12 4.94205e-12 7.55802e-12 1.12598e-11 1.63229e-11 2.30144e-11 3.15581e-11 4.20802e-11 5.45408e-11 6.86545e-11 8.38102e-11 9.90517e-11 1.13134e-10 1.2467e-10 1.32365e-10 1.35267e-10 1.32967e-10 1.25697e-10 1.14286e-10 9.99956e-11 8.42753e-11 6.85099e-11 5.38164e-11 4.09407e-11 3.02425e-11 2.17572e-11 1.52939e-11 1.05424e-11 7.15238e-12 4.79461e-12 3.18781e-12 2.10833e-12 1.39138e-12 9.15436e-13 5.98304e-13 3.78481e-13 2.07146e-13 2.07146e-13 
2.677e-15 1.29083e-14 2.43814e-14 3.79043e-14 5.87462e-14 9.20274e-14 1.47895e-13 2.44293e-13 4.06953e-13 6.80948e-13 1.13565e-12 1.88053e-12 3.07751e-12 4.95606e-12 7.8253e-12 1.20671e-11 1.81216e-11 2.64368e-11 3.74119e-11 5.13217e-11 6.82433e-11 8.79872e-11 1.10032e-10 1.3347e-10 1.56981e-10 1.78861e-10 1.9717e-10 2.09991e-10 2.15773e-10 2.13662e-10 2.03724e-10 1.86972e-10 1.65188e-10 1.40577e-10 1.1537e-10 9.14621e-11 7.01929e-11 5.22847e-11 3.79113e-11 2.68476e-11 1.86331e-11 1.27211e-11 8.57613e-12 5.72946e-12 3.80582e-12 2.52066e-12 1.66509e-12 1.09462e-12 7.0623e-13 4.1928e-13 1.66343e-13 
9.27462e-15 2.85994e-14 4.78276e-14 7.32916e-14 1.13281e-13 1.78856e-13 2.91284e-13 4.80799e-13 7.99618e-13 1.33099e-12 2.20427e-12 3.62049e-12 5.87056e-12 9.36143e-12 1.46179e-11 2.22667e-11 3.29836e-11 4.73914e-11 6.59451e-11 8.88051e-11 1.15734e-10 1.46031e-10 1.78503e-10 2.11463e-10 2.42762e-10 2.6991e-10 2.90321e-10 3.0169e-10 3.02453e-10 2.92176e-10 2.71748e-10 2.43271e-10 2.09677e-10 1.74161e-10 1.39629e-10 1.08279e-10 8.14337e-11 5.95744e-11 4.25354e-11 2.97447e-11 2.04483e-11 1.38708e-11 9.3184e-12 6.22141e-12 4.13796e-12 2.74733e-12 1.81745e-12 1.1884e-12 7.41535e-13 3.78481e-13 3.78481e-13 
4.12901e-15 2.43814e-14 5.08344e-14 8.09421e-14 1.23117e-13 1.91228e-13 3.05534e-13 4.9887e-13 8.22735e-13 1.36318e-12 2.25461e-12 3.70829e-12 6.04536e-12 9.72518e-12 1.53751e-11 2.3783e-11 3.5854e-11 5.24998e-11 7.44786e-11 1.02206e-10 1.35581e-10 1.73873e-10 2.15691e-10 2.59014e-10 3.01255e-10 3.39381e-10 3.70112e-10 3.9028e-10 3.97358e-10 3.90036e-10 3.68646e-10 3.3526e-10 2.93354e-10 2.47133e-10 2.00732e-10 1.5753e-10 1.19766e-10 8.84851e-11 6.3747e-11 4.49439e-11 3.11277e-11 2.12576e-11 1.43682e-11 9.64577e-12 6.45006e-12 4.30399e-12 2.86536e-12 1.89411e-12 1.2175e-12 7.0623e-13 2.68548e-13 
1.51332e-14 4.78276e-14 8.34016e-14 1.2724e-13 1.94375e-13 3.03193e-13 4.8695e-13 7.94123e-13 1.30556e-12 2.15089e-12 3.53477e-12 5.77394e-12 9.34561e-12 1.49247e-11 2.34117e-11 3.59091e-11 5.36286e-11 7.77107e-11 1.08985e-10 1.47692e-10 1.93287e-10 2.44338e-10 2.98564e-10 3.52962e-10 4.0395e-10 4.47563e-10 4.79744e-10 4.9685e-10 4.9636e-10 4.77569e-10 4.4201e-10 3.9334e-10 3.36657e-10 2.7747e-10 2.20665e-10 1.69792e-10 1.26812e-10 9.22564e-11 6.56232e-11 4.58157e-11 3.15172e-11 2.14449e-11 1.44831e-11 9.73975e-12 6.53511e-12 4.37761e-12 2.92021e-12 1.91708e-12 1.1884e-12 5.98304e-13 5.98304e-13 
6.33721e-15 3.79043e-14 8.09421e-14 1.28267e-13 1.93613e-13 2.95481e-13 4.64069e-13 7.45974e-13 1.21355e-12 1.98445e-12 3.24559e-12 5.293e-12 8.58439e-12 1.37953e-11 2.18761e-11 3.40652e-11 5.18342e-11 7.67282e-11 1.1009e-10 1.52706e-10 2.04467e-10 2.64144e-10 3.29352e-10 3.96714e-10 4.62093e-10 5.20837e-10 5.68022e-10 5.9887e-10 6.09435e-10 5.97532e-10 5.63548e-10 5.10745e-10 4.44772e-10 3.72501e-10 3.00603e-10 2.34373e-10 1.77133e-10 1.30249e-10 9.35443e-11 6.58803e-11 4.56807e-11 3.13057e-11 2.12834e-11 1.43996e-11 9.72053e-12 6.55297e-12 4.40709e-12 2.93681e-12 1.89411e-12 1.09462e-12 4.13819e-13 
2.29722e-14 7.32916e-14 1.2724e-13 1.9301e-13 2.89032e-13 4.42646e-13 6.9683e-13 1.11794e-12 1.80825e-12 2.93392e-12 4.75772e-12 7.69526e-12 1.23829e-11 1.97577e-11 3.11116e-11 4.80973e-11 7.26137e-11 1.06547e-10 1.51377e-10 2.07686e-10 2.74758e-10 3.50379e-10 4.30941e-10 5.11758e-10 5.87453e-10 6.52259e-10 7.0032e-10 7.26239e-10 7.26044e-10 6.98369e-10 6.45332e-10 5.72518e-10 4.8789e-10 4.00038e-10 3.16428e-10 2.42271e-10 1.80235e-10 1.30813e-10 9.30088e-11 6.50498e-11 4.49316e-11 3.07679e-11 2.09585e-11 1.42387e-11 9.66308e-12 6.54929e-12 4.41506e-12 2.92021e-12 1.81745e-12 9.15436e-13 9.15436e-13 
1.00849e-14 5.87462e-14 1.23117e-13 1.93613e-13 2.86527e-13 4.27693e-13 6.57643e-13 1.03451e-12 1.6513e-12 2.64963e-12 4.2572e-12 6.83634e-12 1.09557e-11 1.74851e-11 2.76885e-11 4.32874e-11 6.64252e-11 9.94788e-11 1.44659e-10 2.03448e-10 2.75986e-10 3.60618e-10 4.53804e-10 5.50424e-10 6.44331e-10 7.28862e-10 7.97154e-10 8.42481e-10 8.59015e-10 8.43171e-10 7.95101e-10 7.1943e-10 6.24611e-10 5.21027e-10 4.18627e-10 3.25076e-10 2.44934e-10 1.79825e-10 1.29195e-10 9.12189e-11 6.3557e-11 4.38699e-11 3.01047e-11 2.05974e-11 1.4077e-11 9.61365e-12 6.54627e-12 4.40709e-12 2.86536e-12 1.66509e-12 6.29084e-13 
3.54844e-14 1.13281e-13 1.94375e-13 2.89032e-13 4.22376e-13 6.32173e-13 9.72103e-13 1.52467e-12 2.41445e-12 3.83483e-12 6.09349e-12 9.67945e-12 1.53566e-11 2.42886e-11 3.81512e-11 5.91853e-11 9.01095e-11 1.338e-10 1.92718e-10 2.68147e-10 3.59445e-10 4.63619e-10 5.7543e-10 6.88023e-10 7.93729e-10 8.84646e-10 9.5288e-10 9.90926e-10 9.92817e-10 9.56018e-10 8.83112e-10 7.82052e-10 6.64506e-10 5.42994e-10 4.28145e-10 3.27079e-10 2.43156e-10 1.76697e-10 1.26063e-10 8.86771e-11 6.17504e-11 4.2723e-11 2.94576e-11 2.02851e-11 1.39628e-11 9.59537e-12 6.54929e-12 4.37761e-12 2.74733e-12 1.39138e-12 1.39138e-12 
1.63712e-14 9.20274e-14 1.91228e-13 2.95481e-13 4.27693e-13 6.23193e-13 9.33881e-13 1.43459e-12 2.2357e-12 3.50379e-12 5.49943e-12 8.6306e-12 1.35449e-11 2.12543e-11 3.32875e-11 5.18223e-11 7.97164e-11 1.20326e-10 1.77014e-10 2.52343e-10 3.47088e-10 4.59402e-10 5.84502e-10 7.15129e-10 8.42578e-10 9.5774e-10 1.05159e-09 1.11525e-09 1.14058e-09 1.12199e-09 1.05894e-09 9.57558e-10 8.29794e-10 6.90441e-10 5.53432e-10 4.29135e-10 3.23374e-10 2.37914e-10 1.71681e-10 1.22041e-10 8.5814e-11 5.99123e-11 4.16647e-11 2.89283e-11 2.00772e-11 1.39223e-11 9.61365e-12 6.55297e-12 4.30399e-12 2.52066e-12 9.56237e-13 
5.67143e-14 1.78856e-13 3.03193e-13 4.42646e-13 6.32173e-13 9.21147e-13 1.3808e-12 2.11128e-12 3.26181e-12 5.05332e-12 7.82673e-12 1.21189e-11 1.87732e-11 2.91059e-11 4.50906e-11 6.95046e-11 1.05908e-10 1.58329e-10 2.30535e-10 3.24946e-10 4.41424e-10 5.76411e-10 7.22906e-10 8.71418e-10 1.01147e-09 1.1327e-09 1.22506e-09 1.27872e-09 1.28518e-09 1.24005e-09 1.14611e-09 1.01412e-09 8.60281e-10 7.01821e-10 5.52958e-10 4.22782e-10 3.15227e-10 2.30292e-10 1.65592e-10 1.17691e-10 8.29959e-11 5.82653e-11 4.08229e-11 2.85856e-11 2.00048e-11 1.39628e-11 9.66308e-12 6.53511e-12 4.13796e-12 2.10833e-12 2.10833e-12 
2.5749e-14 1.47895e-13 3.05534e-13 4.64069e-13 6.57643e-13 9.33881e-13 1.36262e-12 2.0389e-12 3.09877e-12 4.73619e-12 7.24336e-12 1.10638e-11 1.68897e-11 2.58057e-11 3.9492e-11 6.04474e-11 9.2138e-11 1.38892e-10 2.0539e-10 2.95642e-10 4.11574e-10 5.51632e-10 7.10038e-10 8.77234e-10 1.04148e-09 1.19078e-09 1.31374e-09 1.39932e-09 1.43673e-09 1.41766e-09 1.34029e-09 1.21228e-09 1.04974e-09 8.72641e-10 6.99368e-10 5.43083e-10 4.10737e-10 3.04068e-10 2.2137e-10 1.59179e-10 1.13495e-10 8.05133e-11 5.69749e-11 4.0284e-11 2.84674e-11 2.00772e-11 1.4077e-11 9.72053e-12 6.45006e-12 3.80582e-12 1.44924e-12 
9.2313e-14 2.91284e-13 4.8695e-13 6.9683e-13 9.72103e-13 1.3808e-12 2.01518e-12 3.00493e-12 4.52759e-12 6.84078e-12 1.0322e-11 1.55431e-11 2.33854e-11 3.52195e-11 5.31504e-11 8.02766e-11 1.20817e-10 1.79891e-10 2.62746e-10 3.73373e-10 5.12762e-10 6.77408e-10 8.58844e-10 1.04479e-09 1.22145e-09 1.37568e-09 1.49523e-09 1.56789e-09 1.58204e-09 1.53072e-09 1.41662e-09 1.25364e-09 1.0632e-09 8.67705e-10 6.85003e-10 5.25971e-10 3.94898e-10 2.91338e-10 2.12145e-10 1.53083e-10 1.09844e-10 7.85868e-11 5.61564e-11 4.00998e-11 2.85856e-11 2.02851e-11 1.42387e-11 9.73975e-12 6.22141e-12 3.18781e-12 3.18781e-12 
4.31136e-14 2.44293e-13 4.9887e-13 7.45974e-13 1.03451e-12 1.43459e-12 2.0389e-12 2.97478e-12 4.40998e-12 6.58044e-12 9.82068e-12 1.46194e-11 2.17056e-11 3.21881e-11 4.77668e-11 7.10229e-11 1.05702e-10 1.56806e-10 2.30209e-10 3.31556e-10 4.6448e-10 6.28543e-10 8.17746e-10 1.02058e-09 1.22207e-09 1.40682e-09 1.56092e-09 1.67115e-09 1.72379e-09 1.7071e-09 1.61752e-09 1.46439e-09 1.2685e-09 1.0554e-09 8.47862e-10 6.61516e-10 5.04109e-10 3.77172e-10 2.78362e-10 2.03474e-10 1.47825e-10 1.07032e-10 7.73717e-11 5.58765e-11 4.0284e-11 2.89283e-11 2.05974e-11 1.43996e-11 9.64577e-12 5.72946e-12 2.18908e-12 
1.53617e-13 4.80799e-13 7.94123e-13 1.11794e-12 1.52467e-12 2.11128e-12 3.00493e-12 4.37248e-12 6.43568e-12 9.50259e-12 1.40073e-11 2.05782e-11 3.01377e-11 4.40613e-11 6.44194e-11 9.42965e-11 1.38094e-10 2.0157e-10 2.91244e-10 4.12932e-10 5.69515e-10 7.58599e-10 9.71189e-10 1.19252e-09 1.40524e-09 1.59297e-09 1.7412e-09 1.83515e-09 1.85962e-09 1.80452e-09 1.67253e-09 1.48127e-09 1.25771e-09 1.0292e-09 8.16636e-10 6.3212e-10 4.7999e-10 3.59304e-10 2.66273e-10 1.96047e-10 1.43799e-10 1.05265e-10 7.69573e-11 5.61564e-11 4.08229e-11 2.94576e-11 2.09585e-11 1.44831e-11 9.3184e-12 4.79461e-12 4.79461e-12 
7.22491e-14 4.06953e-13 8.22735e-13 1.21355e-12 1.6513e-12 2.2357e-12 3.09877e-12 4.40998e-12 6.38925e-12 9.32567e-12 1.36193e-11 1.98348e-11 2.87763e-11 4.16014e-11 5.99918e-11 8.64106e-11 1.24442e-10 1.79101e-10 2.56805e-10 3.64559e-10 5.0807e-10 6.89025e-10 9.02512e-10 1.13608e-09 1.37174e-09 1.59046e-09 1.7754e-09 1.91101e-09 1.98032e-09 1.9677e-09 1.86787e-09 1.69257e-09 1.46788e-09 1.22458e-09 9.8895e-10 7.78108e-10 6.00033e-10 4.55885e-10 3.42774e-10 2.55978e-10 1.90386e-10 1.41276e-10 1.04663e-10 7.73717e-11 5.69749e-11 4.16647e-11 3.01047e-11 2.12834e-11 1.43682e-11 8.57613e-12 3.28085e-12 
2.59108e-13 7.99618e-13 1.30556e-12 1.80825e-12 2.41445e-12 3.26181e-12 4.52759e-12 6.43568e-12 9.26875e-12 1.34047e-11 1.93641e-11 2.78757e-11 3.99649e-11 5.7071e-11 8.12171e-11 1.1526e-10 1.63236e-10 2.30676e-10 3.24511e-10 4.52013e-10 6.18439e-10 8.23752e-10 1.0599e-09 1.31068e-09 1.55533e-09 1.77394e-09 1.94938e-09 2.06414e-09 2.09902e-09 2.04075e-09 1.89285e-09 1.67772e-09 1.42783e-09 1.17432e-09 9.39728e-10 7.36358e-10 5.68167e-10 4.33708e-10 3.28762e-10 2.48159e-10 1.86848e-10 1.40417e-10 1.05265e-10 7.85868e-11 5.82653e-11 4.2723e-11 3.07679e-11 2.14449e-11 1.38708e-11 7.15238e-12 7.15238e-12 
1.22502e-13 6.80948e-13 1.36318e-12 1.98445e-12 2.64963e-12 3.50379e-12 4.73619e-12 6.58044e-12 9.32567e-12 1.33357e-11 1.91004e-11 2.72944e-11 3.88586e-11 5.50902e-11 7.77564e-11 1.09241e-10 1.52773e-10 2.12764e-10 2.95119e-10 4.07084e-10 5.55904e-10 7.45903e-10 9.74647e-10 1.23034e-09 1.49299e-09 1.73991e-09 1.95134e-09 2.10938e-09 2.19334e-09 2.18329e-09 2.07312e-09 1.87859e-09 1.63157e-09 1.36709e-09 1.11306e-09 8.86608e-10 6.95066e-10 5.3896e-10 4.14972e-10 3.18148e-10 2.43284e-10 1.85646e-10 1.41276e-10 1.07032e-10 8.05133e-11 5.99123e-11 4.38699e-11 3.13057e-11 2.12576e-11 1.27211e-11 4.86366e-12 
4.35663e-13 1.33099e-12 2.15089e-12 2.93392e-12 3.83483e-12 5.05332e-12 6.84078e-12 9.50259e-12 1.34047e-11 1.90151e-11 2.69644e-11 3.81239e-11 5.36986e-11 7.53129e-11 1.05103e-10 1.45823e-10 2.01037e-10 2.75435e-10 3.75131e-10 5.07401e-10 6.79e-10 8.92618e-10 1.14257e-09 1.4127e-09 1.67976e-09 1.92099e-09 2.11753e-09 2.24883e-09 2.29032e-09 2.22602e-09 2.06245e-09 1.82817e-09 1.56063e-09 1.29286e-09 1.04699e-09 8.34168e-10 6.57308e-10 5.14342e-10 4.00807e-10 3.11541e-10 2.41628e-10 1.86848e-10 1.43799e-10 1.09844e-10 8.29959e-11 6.17504e-11 4.49316e-11 3.15172e-11 2.04483e-11 1.05424e-11 1.05424e-11 
2.06324e-13 1.13565e-12 2.25461e-12 3.24559e-12 4.2572e-12 5.49943e-12 7.24336e-12 9.82068e-12 1.36193e-11 1.91004e-11 2.68566e-11 3.7696e-11 5.27373e-11 7.35045e-11 1.02006e-10 1.40783e-10 1.92967e-10 2.62424e-10 3.54021e-10 4.73856e-10 6.288e-10 8.24386e-10 1.06061e-09 1.32726e-09 1.60363e-09 1.8657e-09 2.09324e-09 2.26681e-09 2.3597e-09 2.34663e-09 2.22283e-09 2.01065e-09 1.7482e-09 1.47307e-09 1.21252e-09 9.8172e-10 7.86243e-10 6.25512e-10 4.95751e-10 3.92e-10 3.093e-10 2.43284e-10 1.90386e-10 1.47825e-10 1.13495e-10 8.5814e-11 6.3557e-11 4.56807e-11 3.11277e-11 1.86331e-11 7.10351e-12 
7.29375e-13 2.20427e-12 3.53477e-12 4.75772e-12 6.09349e-12 7.82673e-12 1.0322e-11 1.40073e-11 1.93641e-11 2.69644e-11 3.75543e-11 5.21604e-11 7.22e-11 9.95801e-11 1.36746e-10 1.86689e-10 2.52943e-10 3.39644e-10 4.5171e-10 5.94885e-10 7.7496e-10 9.9503e-10 1.25043e-09 1.52524e-09 1.79673e-09 2.04471e-09 2.2518e-09 2.39197e-09 2.43256e-09 2.35541e-09 2.17359e-09 1.92381e-09 1.64761e-09 1.37751e-09 1.13286e-09 9.21987e-10 7.45872e-10 6.01505e-10 4.84195e-10 3.89013e-10 3.11541e-10 2.48159e-10 1.96047e-10 1.53083e-10 1.17691e-10 8.86771e-11 6.50498e-11 4.58157e-11 2.97447e-11 1.52939e-11 1.52939e-11 
3.44435e-13 1.88053e-12 3.70829e-12 5.293e-12 6.83634e-12 8.6306e-12 1.10638e-11 1.46194e-11 1.98348e-11 2.72944e-11 3.7696e-11 5.19665e-11 7.13955e-11 9.77594e-11 1.33413e-10 1.81314e-10 2.44969e-10 3.28344e-10 4.35813e-10 5.72141e-10 7.42217e-10 9.4958e-10 1.19237e-09 1.45889e-09 1.72926e-09 1.98471e-09 2.21234e-09 2.39072e-09 2.4833e-09 2.45782e-09 2.31356e-09 2.08309e-09 1.81127e-09 1.53628e-09 1.28209e-09 1.05971e-09 8.71585e-10 7.15367e-10 5.86579e-10 4.80276e-10 3.92e-10 3.18148e-10 2.55978e-10 2.03474e-10 1.59179e-10 1.22041e-10 9.12189e-11 6.58803e-11 4.49439e-11 2.68476e-11 1.01829e-11 
1.20723e-12 3.62049e-12 5.77394e-12 7.69526e-12 9.67945e-12 1.21189e-11 1.55431e-11 2.05782e-11 2.78757e-11 3.81239e-11 5.21604e-11 7.11227e-11 9.6612e-11 1.30835e-10 1.76688e-10 2.37738e-10 3.1809e-10 4.22173e-10 5.54519e-10 7.19475e-10 9.20139e-10 1.15506e-09 1.41408e-09 1.67866e-09 1.93083e-09 2.16278e-09 2.36378e-09 2.50079e-09 2.52862e-09 2.42862e-09 2.22362e-09 1.96058e-09 1.68417e-09 1.42397e-09 1.19399e-09 9.97805e-10 8.33431e-10 6.96382e-10 5.81515e-10 4.84195e-10 4.00807e-10 3.28762e-10 2.66273e-10 2.12145e-10 1.65592e-10 1.26063e-10 9.30088e-11 6.56232e-11 4.25354e-11 2.17572e-11 2.17572e-11 
5.67987e-13 3.07751e-12 6.04536e-12 8.58439e-12 1.09557e-11 1.35449e-11 1.68897e-11 2.17056e-11 2.87763e-11 3.88586e-11 5.27373e-11 7.13955e-11 9.62182e-11 1.29185e-10 1.73033e-10 2.31324e-10 3.08354e-10 4.08909e-10 5.37904e-10 6.99988e-10 8.98494e-10 1.13212e-09 1.39061e-09 1.6539e-09 1.9005e-09 2.1236e-09 2.32602e-09 2.49087e-09 2.56795e-09 2.51689e-09 2.34433e-09 2.09418e-09 1.81842e-09 1.55418e-09 1.31954e-09 1.11914e-09 9.50822e-10 8.09648e-10 6.89937e-10 5.86579e-10 4.95751e-10 4.14972e-10 3.42774e-10 2.78362e-10 2.2137e-10 1.71681e-10 1.29195e-10 9.35443e-11 6.3747e-11 3.79113e-11 1.4275e-11 
1.96932e-12 5.87056e-12 9.34561e-12 1.23829e-11 1.53566e-11 1.87732e-11 2.33854e-11 3.01377e-11 3.99649e-11 5.36986e-11 7.22e-11 9.6612e-11 1.28615e-10 1.70671e-10 2.26186e-10 2.99529e-10 3.9585e-10 5.20723e-10 6.79717e-10 8.77376e-10 1.11372e-09 1.3793e-09 1.65201e-09 1.90248e-09 2.11507e-09 2.29989e-09 2.46697e-09 2.57895e-09 2.57738e-09 2.44376e-09 2.21224e-09 1.93862e-09 1.67045e-09 1.43227e-09 1.23044e-09 1.06218e-09 9.21478e-10 8.01567e-10 6.96382e-10 6.01505e-10 5.14342e-10 4.33708e-10 3.59304e-10 2.91338e-10 2.30292e-10 1.76697e-10 1.30813e-10 9.22564e-11 5.95744e-11 3.02425e-11 3.02425e-11 
9.21851e-13 4.95606e-12 9.72518e-12 1.37953e-11 1.74851e-11 2.12543e-11 2.58057e-11 3.21881e-11 4.16014e-11 5.50902e-11 7.35045e-11 9.77594e-11 1.29185e-10 1.69852e-10 2.22842e-10 2.92384e-10 3.83799e-10 5.0326e-10 6.57498e-10 8.52903e-10 1.09206e-09 1.36833e-09 1.66015e-09 1.93065e-09 2.14647e-09 2.30814e-09 2.45069e-09 2.57182e-09 2.61098e-09 2.52108e-09 2.31473e-09 2.04649e-09 1.77321e-09 1.53028e-09 1.3278e-09 1.16245e-09 1.02653e-09 9.11496e-10 8.09648e-10 7.15367e-10 6.25512e-10 5.3896e-10 4.55885e-10 3.77172e-10 3.04068e-10 2.37914e-10 1.79825e-10 1.30249e-10 8.84851e-11 5.22847e-11 1.95015e-11 
3.15369e-12 9.36143e-12 1.49247e-11 1.97577e-11 2.42886e-11 2.91059e-11 3.52195e-11 4.40613e-11 5.7071e-11 7.53129e-11 9.95801e-11 1.30835e-10 1.70671e-10 2.2168e-10 2.87706e-10 3.73936e-10 4.86849e-10 6.34165e-10 8.24306e-10 1.06321e-09 1.34892e-09 1.66386e-09 1.96794e-09 2.20931e-09 2.36179e-09 2.4644e-09 2.56348e-09 2.62427e-09 2.57624e-09 2.40229e-09 2.14421e-09 1.86574e-09 1.61466e-09 1.40965e-09 1.24797e-09 1.11986e-09 1.01439e-09 9.21478e-10 8.33431e-10 7.45872e-10 6.57308e-10 5.68167e-10 4.7999e-10 3.94898e-10 3.15227e-10 2.43156e-10 1.80235e-10 1.26812e-10 8.14337e-11 4.09407e-11 4.09407e-11 
1.46931e-12 7.8253e-12 1.53751e-11 2.18761e-11 2.76885e-11 3.32875e-11 3.9492e-11 4.77668e-11 5.99918e-11 7.77564e-11 1.02006e-10 1.33413e-10 1.73033e-10 2.22842e-10 2.86075e-10 3.6743e-10 4.73239e-10 6.11755e-10 7.93084e-10 1.02668e-09 1.31663e-09 1.65264e-09 1.99692e-09 2.28383e-09 2.4532e-09 2.52087e-09 2.57099e-09 2.62731e-09 2.61303e-09 2.47535e-09 2.23507e-09 1.95287e-09 1.68997e-09 1.47759e-09 1.3175e-09 1.19796e-09 1.10534e-09 1.02653e-09 9.50822e-10 8.71585e-10 7.86243e-10 6.95066e-10 6.00033e-10 5.04109e-10 4.10737e-10 3.23374e-10 2.44934e-10 1.77133e-10 1.19766e-10 7.01929e-11 2.5883e-11 
4.94205e-12 1.46179e-11 2.34117e-11 3.11116e-11 3.81512e-11 4.50906e-11 5.31504e-11 6.44194e-11 8.12171e-11 1.05103e-10 1.36746e-10 1.76688e-10 2.26186e-10 2.87706e-10 3.65152e-10 4.64169e-10 5.92858e-10 7.62305e-10 9.84889e-10 1.27108e-09 1.6207e-09 2.00435e-09 2.35026e-09 2.56595e-09 2.62015e-09 2.60874e-09 2.62902e-09 2.63565e-09 2.53636e-09 2.32141e-09 2.04135e-09 1.76347e-09 1.53703e-09 1.37307e-09 1.25991e-09 1.18093e-09 1.11986e-09 1.06218e-09 9.97805e-10 9.21987e-10 8.34168e-10 7.36358e-10 6.3212e-10 5.25971e-10 4.22782e-10 3.27079e-10 2.42271e-10 1.69792e-10 1.08279e-10 5.38164e-11 5.38164e-11 
2.294e-12 1.20671e-11 2.3783e-11 3.40652e-11 4.32874e-11 5.18223e-11 6.04474e-11 7.10229e-11 8.64106e-11 1.09241e-10 1.40783e-10 1.81314e-10 2.31324e-10 2.92384e-10 3.6743e-10 4.60974e-10 5.80107e-10 7.3587e-10 9.42588e-10 1.21638e-09 1.56791e-09 1.98149e-09 2.39094e-09 2.68115e-09 2.76143e-09 2.6936e-09 2.64557e-09 2.64743e-09 2.58762e-09 2.40609e-09 2.13685e-09 1.84528e-09 1.59669e-09 1.42063e-09 1.30817e-09 1.24035e-09 1.19796e-09 1.16245e-09 1.11914e-09 1.05971e-09 9.8172e-10 8.86608e-10 7.78108e-10 6.61516e-10 5.43083e-10 4.29135e-10 3.25076e-10 2.34373e-10 1.5753e-10 9.14621e-11 3.32865e-11 
7.55802e-12 2.22667e-11 3.59091e-11 4.80973e-11 5.91853e-11 6.95046e-11 8.02766e-11 9.42965e-11 1.1526e-10 1.45823e-10 1.86689e-10 2.37738e-10 2.99529e-10 3.73936e-10 4.64169e-10 5.75587e-10 7.17846e-10 9.05748e-10 1.16e-09 1.50139e-09 1.92897e-09 2.39294e-09 2.77346e-09 2.92923e-09 2.84922e-09 2.70965e-09 2.66641e-09 2.63509e-09 2.49357e-09 2.24431e-09 1.94522e-09 1.66855e-09 1.46935e-09 1.3491e-09 1.28628e-09 1.25991e-09 1.24797e-09 1.23044e-09 1.19399e-09 1.13286e-09 1.04699e-09 9.39728e-10 8.16636e-10 6.85003e-10 5.52958e-10 4.28145e-10 3.16428e-10 2.20665e-10 1.39629e-10 6.85099e-11 6.85099e-11 
3.50761e-12 1.81216e-11 3.5854e-11 5.18342e-11 6.64252e-11 7.97164e-11 9.2138e-11 1.05702e-10 1.24442e-10 1.52773e-10 1.92967e-10 2.44969e-10 3.08354e-10 3.83799e-10 4.73239e-10 5.80107e-10 7.11435e-10 8.80624e-10 1.11088e-09 1.43237e-09 1.85761e-09 2.35903e-09 2.82535e-09 3.0888e-09 3.06845e-09 2.86685e-09 2.73099e-09 2.69964e-09 2.59824e-09 2.37139e-09 2.07198e-09 1.76528e-09 1.53093e-09 1.392e-09 1.32531e-09 1.30817e-09 1.3175e-09 1.3278e-09 1.31954e-09 1.28209e-09 1.21252e-09 1.11306e-09 9.8895e-10 8.47862e-10 6.99368e-10 5.53432e-10 4.18627e-10 3.00603e-10 2.00732e-10 1.1537e-10 4.13794e-11 
1.12598e-11 3.29836e-11 5.36286e-11 7.26137e-11 9.01095e-11 1.05908e-10 1.20817e-10 1.38094e-10 1.63236e-10 2.01037e-10 2.52943e-10 3.1809e-10 3.9585e-10 4.86849e-10 5.92858e-10 7.17846e-10 8.71749e-10 1.07802e-09 1.37305e-09 1.7829e-09 2.29905e-09 2.84035e-09 3.22467e-09 3.30374e-09 3.11932e-09 2.89428e-09 2.80971e-09 2.74374e-09 2.53986e-09 2.23625e-09 1.89981e-09 1.61748e-09 1.44719e-09 1.36682e-09 1.3491e-09 1.37307e-09 1.40965e-09 1.43227e-09 1.42397e-09 1.37751e-09 1.29286e-09 1.17432e-09 1.0292e-09 8.67705e-10 7.01821e-10 5.42994e-10 4.00038e-10 2.7747e-10 1.74161e-10 8.42753e-11 8.42753e-11 
5.24958e-12 2.64368e-11 5.24998e-11 7.67282e-11 9.94788e-11 1.20326e-10 1.38892e-10 1.56806e-10 1.79101e-10 2.12764e-10 2.62424e-10 3.28344e-10 4.08909e-10 5.0326e-10 6.11755e-10 7.3587e-10 8.80624e-10 1.06673e-09 1.33499e-09 1.71998e-09 2.23241e-09 2.81815e-09 3.32995e-09 3.54485e-09 3.41147e-09 3.17743e-09 3.01398e-09 2.93474e-09 2.77363e-09 2.46203e-09 2.08702e-09 1.74379e-09 1.52364e-09 1.42046e-09 1.392e-09 1.42063e-09 1.47759e-09 1.53028e-09 1.55418e-09 1.53628e-09 1.47307e-09 1.36709e-09 1.22458e-09 1.0554e-09 8.72641e-10 6.90441e-10 5.21027e-10 3.72501e-10 2.47133e-10 1.40577e-10 4.96281e-11 
1.63229e-11 4.73914e-11 7.77107e-11 1.06547e-10 1.338e-10 1.58329e-10 1.79891e-10 2.0157e-10 2.30676e-10 2.75435e-10 3.39644e-10 4.22173e-10 5.20723e-10 6.34165e-10 7.62305e-10 9.05748e-10 1.07802e-09 1.32274e-09 1.68185e-09 2.17676e-09 2.78447e-09 3.3953e-09 3.7777e-09 3.76668e-09 3.49909e-09 3.31167e-09 3.20533e-09 3.0563e-09 2.76584e-09 2.3482e-09 1.93115e-09 1.63372e-09 1.49339e-09 1.44719e-09 1.46935e-09 1.53703e-09 1.61466e-09 1.67045e-09 1.68417e-09 1.64761e-09 1.56063e-09 1.42783e-09 1.25771e-09 1.0632e-09 8.60281e-10 6.64506e-10 4.8789e-10 3.36657e-10 2.09677e-10 9.99956e-11 9.99956e-11 
7.68774e-12 3.74119e-11 7.44786e-11 1.1009e-10 1.44659e-10 1.77014e-10 2.0539e-10 2.30209e-10 2.56805e-10 2.95119e-10 3.54021e-10 4.35813e-10 5.37904e-10 6.57498e-10 7.93084e-10 9.42588e-10 1.11088e-09 1.33499e-09 1.67114e-09 2.14311e-09 2.75654e-09 3.45611e-09 4.01055e-09 4.14597e-09 3.90972e-09 3.61481e-09 3.50327e-09 3.37859e-09 3.11799e-09 2.68386e-09 2.20376e-09 1.80309e-09 1.59561e-09 1.52364e-09 1.53093e-09 1.59669e-09 1.68997e-09 1.77321e-09 1.81842e-09 1.81127e-09 1.7482e-09 1.63157e-09 1.46788e-09 1.2685e-09 1.04974e-09 8.29794e-10 6.24611e-10 4.44772e-10 2.93354e-10 1.65188e-10 5.73331e-11 
2.30144e-11 6.59451e-11 1.08985e-10 1.51377e-10 1.92718e-10 2.30535e-10 2.62746e-10 2.91244e-10 3.24511e-10 3.75131e-10 4.5171e-10 5.54519e-10 6.79717e-10 8.24306e-10 9.84889e-10 1.16e-09 1.37305e-09 1.68185e-09 2.13458e-09 2.73428e-09 3.52031e-09 4.23881e-09 4.56913e-09 4.35507e-09 4.05338e-09 3.83499e-09 3.65458e-09 3.44777e-09 3.08329e-09 2.5392e-09 2.06856e-09 1.75334e-09 1.63372e-09 1.61748e-09 1.66855e-09 1.76347e-09 1.86574e-09 1.93862e-09 1.96058e-09 1.92381e-09 1.82817e-09 1.67772e-09 1.48127e-09 1.25364e-09 1.01412e-09 7.82052e-10 5.72518e-10 3.9334e-10 2.43271e-10 1.14286e-10 1.14286e-10 
1.1004e-11 5.13217e-11 1.02206e-10 1.52706e-10 2.03448e-10 2.52343e-10 2.95642e-10 3.31556e-10 3.64559e-10 4.07084e-10 4.73856e-10 5.72141e-10 6.99988e-10 8.52903e-10 1.02668e-09 1.21638e-09 1.43237e-09 1.71998e-09 2.14311e-09 2.72559e-09 3.55984e-09 4.45859e-09 4.94394e-09 4.94322e-09 4.43984e-09 4.1868e-09 4.00299e-09 3.73538e-09 3.44188e-09 2.946e-09 2.40559e-09 2.00923e-09 1.80309e-09 1.74379e-09 1.76528e-09 1.84528e-09 1.95287e-09 2.04649e-09 2.09418e-09 2.08309e-09 2.01065e-09 1.87859e-09 1.69257e-09 1.46439e-09 1.21228e-09 9.57558e-10 7.1943e-10 5.10745e-10 3.3526e-10 1.86972e-10 6.37239e-11 
3.15581e-11 8.88051e-11 1.47692e-10 2.07686e-10 2.68147e-10 3.24946e-10 3.73373e-10 4.12932e-10 4.52013e-10 5.07401e-10 5.94885e-10 7.19475e-10 8.77376e-10 1.06321e-09 1.27108e-09 1.50139e-09 1.7829e-09 2.17676e-09 2.73428e-09 3.56637e-09 4.63147e-09 5.30832e-09 5.34182e-09 4.9605e-09 4.29639e-09 4.06306e-09 3.96899e-09 3.81133e-09 3.39075e-09 2.83708e-09 2.34092e-09 2.06856e-09 1.93115e-09 1.89981e-09 1.94522e-09 2.04135e-09 2.14421e-09 2.21224e-09 2.22362e-09 2.17359e-09 2.06245e-09 1.89285e-09 1.67253e-09 1.41662e-09 1.14611e-09 8.83112e-10 6.45332e-10 4.4201e-10 2.71748e-10 1.25697e-10 1.25697e-10 
1.53726e-11 6.82433e-11 1.35581e-10 2.04467e-10 2.75986e-10 3.47088e-10 4.11574e-10 4.6448e-10 5.0807e-10 5.55904e-10 6.288e-10 7.42217e-10 8.98494e-10 1.09206e-09 1.31663e-09 1.56791e-09 1.85761e-09 2.23241e-09 2.75654e-09 3.55984e-09 4.7058e-09 5.56421e-09 5.76531e-09 5.2045e-09 4.37693e-09 3.89538e-09 3.8581e-09 3.93854e-09 3.79407e-09 3.41667e-09 2.78196e-09 2.40559e-09 2.20376e-09 2.08702e-09 2.07198e-09 2.13685e-09 2.23507e-09 2.31473e-09 2.34433e-09 2.31356e-09 2.22283e-09 2.07312e-09 1.86787e-09 1.61752e-09 1.34029e-09 1.05894e-09 7.95101e-10 5.63548e-10 3.68646e-10 2.03724e-10 6.80822e-11 
4.20802e-11 1.15734e-10 1.93287e-10 2.74758e-10 3.59445e-10 4.41424e-10 5.12762e-10 5.69515e-10 6.18439e-10 6.79e-10 7.7496e-10 9.20139e-10 1.11372e-09 1.34892e-09 1.6207e-09 1.92897e-09 2.29905e-09 2.78447e-09 3.52031e-09 4.63147e-09 5.70822e-09 6.10216e-09 5.38924e-09 4.59306e-09 3.83758e-09 3.70032e-09 3.92433e-09 3.9165e-09 3.78983e-09 3.42296e-09 2.83708e-09 2.5392e-09 2.3482e-09 2.23625e-09 2.24431e-09 2.32141e-09 2.40229e-09 2.44376e-09 2.42862e-09 2.35541e-09 2.22602e-09 2.04075e-09 1.80452e-09 1.53072e-09 1.24005e-09 9.56018e-10 6.98369e-10 4.77569e-10 2.92176e-10 1.32967e-10 1.32967e-10 
2.09078e-11 8.79872e-11 1.73873e-10 2.64144e-10 3.60618e-10 4.59402e-10 5.51632e-10 6.28543e-10 6.89025e-10 7.45903e-10 8.24386e-10 9.4958e-10 1.13212e-09 1.36833e-09 1.65264e-09 1.98149e-09 2.35903e-09 2.81815e-09 3.45611e-09 4.45859e-09 5.56421e-09 6.25882e-09 5.66258e-09 4.4497e-09 3.72718e-09 3.42134e-09 3.57322e-09 3.94241e-09 3.88586e-09 3.81503e-09 3.41667e-09 2.946e-09 2.68386e-09 2.46203e-09 2.37139e-09 2.40609e-09 2.47535e-09 2.52108e-09 2.51689e-09 2.45782e-09 2.34663e-09 2.18329e-09 1.9677e-09 1.7071e-09 1.41766e-09 1.12199e-09 8.43171e-10 5.97532e-10 3.90036e-10 2.13662e-10 6.98785e-11 
5.45408e-11 1.46031e-10 2.44338e-10 3.50379e-10 4.63619e-10 5.76411e-10 6.77408e-10 7.58599e-10 8.23752e-10 8.92618e-10 9.9503e-10 1.15506e-09 1.3793e-09 1.66386e-09 2.00435e-09 2.39294e-09 2.84035e-09 3.3953e-09 4.23881e-09 5.30832e-09 6.10216e-09 5.75174e-09 4.60815e-09 3.66641e-09 3.19448e-09 3.09224e-09 3.54713e-09 3.84352e-09 3.90489e-09 3.78983e-09 3.39075e-09 3.08329e-09 2.76584e-09 2.53986e-09 2.49357e-09 2.53636e-09 2.57624e-09 2.57738e-09 2.52862e-09 2.43256e-09 2.29032e-09 2.09902e-09 1.85962e-09 1.58204e-09 1.28518e-09 9.92817e-10 7.26044e-10 4.9636e-10 3.02453e-10 1.35267e-10 1.35267e-10 
2.76074e-11 1.10032e-10 2.15691e-10 3.29352e-10 4.53804e-10 5.84502e-10 7.10038e-10 8.17746e-10 9.02512e-10 9.74647e-10 1.06061e-09 1.19237e-09 1.39061e-09 1.66015e-09 1.99692e-09 2.39094e-09 2.82535e-09 3.32995e-09 4.01055e-09 4.94394e-09 5.76531e-09 5.66258e-09 4.57787e-09 3.9727e-09 3.99471e-09 3.74136e-09 3.34684e-09 3.57986e-09 3.81652e-09 3.88586e-09 3.79407e-09 3.44188e-09 3.11799e-09 2.77363e-09 2.59824e-09 2.58762e-09 2.61303e-09 2.61098e-09 2.56795e-09 2.4833e-09 2.3597e-09 2.19334e-09 1.98032e-09 1.72379e-09 1.43673e-09 1.14058e-09 8.59015e-10 6.09435e-10 3.97358e-10 2.15773e-10 6.88795e-11 
6.86545e-11 1.78503e-10 2.98564e-10 4.30941e-10 5.7543e-10 7.22906e-10 8.58844e-10 9.71189e-10 1.0599e-09 1.14257e-09 1.25043e-09 1.41408e-09 1.65201e-09 1.96794e-09 2.35026e-09 2.77346e-09 3.22467e-09 3.7777e-09 4.56913e-09 5.34182e-09 5.38924e-09 4.60815e-09 4.12403e-09 5.0876e-09 5.83995e-09 5.03276e-09 3.50931e-09 3.60105e-09 3.84352e-09 3.9165e-09 3.81133e-09 3.44777e-09 3.0563e-09 2.74374e-09 2.63509e-09 2.63565e-09 2.62427e-09 2.57895e-09 2.50079e-09 2.39197e-09 2.24883e-09 2.06414e-09 1.83515e-09 1.56789e-09 1.27872e-09 9.90926e-10 7.26239e-10 4.9685e-10 3.0169e-10 1.32365e-10 1.32365e-10 
3.52898e-11 1.3347e-10 2.59014e-10 3.96714e-10 5.50424e-10 7.15129e-10 8.77234e-10 1.02058e-09 1.13608e-09 1.23034e-09 1.32726e-09 1.45889e-09 1.6539e-09 1.93065e-09 2.28383e-09 2.68115e-09 3.0888e-09 3.54485e-09 4.14597e-09 4.94322e-09 5.2045e-09 4.4497e-09 3.9727e-09 5.42667e-09 7.13496e-09 6.80069e-09 5.41659e-09 3.61911e-09 3.57986e-09 3.94241e-09 3.93854e-09 3.73538e-09 3.37859e-09 2.93474e-09 2.69964e-09 2.64743e-09 2.62731e-09 2.57182e-09 2.49087e-09 2.39072e-09 2.26681e-09 2.10938e-09 1.91101e-09 1.67115e-09 1.39932e-09 1.11525e-09 8.42481e-10 5.9887e-10 3.9028e-10 2.09991e-10 6.52e-11 
8.38102e-11 2.11463e-10 3.52962e-10 5.11758e-10 6.88023e-10 8.71418e-10 1.04479e-09 1.19252e-09 1.31068e-09 1.4127e-09 1.52524e-09 1.67866e-09 1.90248e-09 2.20931e-09 2.56595e-09 2.92923e-09 3.30374e-09 3.76668e-09 4.35507e-09 4.9605e-09 4.59306e-09 3.66641e-09 5.0876e-09 7.81146e-09 8.40944e-09 7.38043e-09 5.61398e-09 3.50931e-09 3.54713e-09 3.92433e-09 3.96899e-09 3.65458e-09 3.20533e-09 2.80971e-09 2.66641e-09 2.62902e-09 2.56348e-09 2.46697e-09 2.36378e-09 2.2518e-09 2.11753e-09 1.94938e-09 1.7412e-09 1.49523e-09 1.22506e-09 9.5288e-10 7.0032e-10 4.79744e-10 2.90321e-10 1.2467e-10 1.2467e-10 
4.35584e-11 1.56981e-10 3.01255e-10 4.62093e-10 6.44331e-10 8.42578e-10 1.04148e-09 1.22207e-09 1.37174e-09 1.49299e-09 1.60363e-09 1.72926e-09 1.9005e-09 2.14647e-09 2.4532e-09 2.76143e-09 3.06845e-09 3.41147e-09 3.90972e-09 4.43984e-09 4.37693e-09 3.72718e-09 3.99471e-09 7.13496e-09 8.9421e-09 9.17825e-09 7.65486e-09 5.41659e-09 3.34684e-09 3.57322e-09 3.8581e-09 4.00299e-09 3.50327e-09 3.01398e-09 2.73099e-09 2.64557e-09 2.57099e-09 2.45069e-09 2.32602e-09 2.21234e-09 2.09324e-09 1.95134e-09 1.7754e-09 1.56092e-09 1.31374e-09 1.05159e-09 7.97154e-10 5.68022e-10 3.70112e-10 1.9717e-10 5.92829e-11 
9.90517e-11 2.42762e-10 4.0395e-10 5.87453e-10 7.93729e-10 1.01147e-09 1.22145e-09 1.40524e-09 1.55533e-09 1.67976e-09 1.79673e-09 1.93083e-09 2.11507e-09 2.36179e-09 2.62015e-09 2.84922e-09 3.11932e-09 3.49909e-09 4.05338e-09 4.29639e-09 3.83758e-09 3.19448e-09 5.83995e-09 8.40944e-09 9.77352e-09 9.47435e-09 7.38043e-09 5.03276e-09 3.09224e-09 3.70032e-09 4.06306e-09 3.83499e-09 3.31167e-09 2.89428e-09 2.70965e-09 2.60874e-09 2.4644e-09 2.29989e-09 2.16278e-09 2.04471e-09 1.92099e-09 1.77394e-09 1.59297e-09 1.37568e-09 1.1327e-09 8.84646e-10 6.52259e-10 4.47563e-10 2.6991e-10 1.13134e-10 1.13134e-10 
5.18068e-11 1.78861e-10 3.39381e-10 5.20837e-10 7.28862e-10 9.5774e-10 1.19078e-09 1.40682e-09 1.59046e-09 1.73991e-09 1.8657e-09 1.98471e-09 2.1236e-09 2.30814e-09 2.52087e-09 2.6936e-09 2.86685e-09 3.17743e-09 3.61481e-09 4.1868e-09 3.89538e-09 3.42134e-09 3.74136e-09 6.80069e-09 9.17825e-09 1.00773e-08 9.17825e-09 6.80069e-09 3.74136e-09 3.42134e-09 3.89538e-09 4.1868e-09 3.61481e-09 3.17743e-09 2.86685e-09 2.6936e-09 2.52087e-09 2.30814e-09 2.1236e-09 1.98471e-09 1.8657e-09 1.73991e-09 1.59046e-09 1.40682e-09 1.19078e-09 9.5774e-10 7.28862e-10 5.20837e-10 3.39381e-10 1.78861e-10 5.18068e-11 
1.13134e-10 2.6991e-10 4.47563e-10 6.52259e-10 8.84646e-10 1.1327e-09 1.37568e-09 1.59297e-09 1.77394e-09 1.92099e-09 2.04471e-09 2.16278e-09 2.29989e-09 2.4644e-09 2.60874e-09 2.70965e-09 2.89428e-09 3.31167e-09 3.83499e-09 4.06306e-09 3.70032e-09 3.09224e-09 5.03276e-09 7.38043e-09 9.47435e-09 9.77352e-09 8.40944e-09 5.83995e-09 3.19448e-09 3.83758e-09 4.29639e-09 4.05338e-09 3.49909e-09 3.11932e-09 2.84922e-09 2.62015e-09 2.36179e-09 2.11507e-09 1.93083e-09 1.79673e-09 1.67976e-09 1.55533e-09 1.40524e-09 1.22145e-09 1.01147e-09 7.93729e-10 5.87453e-10 4.0395e-10 2.42762e-10 9.90517e-11 9.90517e-11 
5.92829e-11 1.9717e-10 3.70112e-10 5.68022e-10 7.97154e-10 1.05159e-09 1.31374e-09 1.56092e-09 1.7754e-09 1.95134e-09 2.09324e-09 2.21234e-09 2.32602e-09 2.45069e-09 2.57099e-09 2.64557e-09 2.73099e-09 3.01398e-09 3.50327e-09 4.00299e-09 3.8581e-09 3.57322e-09 3.34684e-09 5.41659e-09 7.65486e-09 9.17825e-09 8.9421e-09 7.13496e-09 3.99471e-09 3.72718e-09 4.37693e-09 4.43984e-09 3.90972e-09 3.41147e-09 3.06845e-09 2.76143e-09 2.4532e-09 2.14647e-09 1.9005e-09 1.72926e-09 1.60363e-09 1.49299e-09 1.37174e-09 1.22207e-09 1.04148e-09 8.42578e-10 6.44331e-10 4.62093e-10 3.01255e-10 1.56981e-10 4.35584e-11 
1.2467e-10 2.90321e-10 4.79744e-10 7.0032e-10 9.5288e-10 1.22506e-09 1.49523e-09 1.7412e-09 1.94938e-09 2.11753e-09 2.2518e-09 2.36378e-09 2.46697e-09 2.56348e-09 2.62902e-09 2.66641e-09 2.80971e-09 3.20533e-09 3.65458e-09 3.96899e-09 3.92433e-09 3.54713e-09 3.50931e-09 5.61398e-09 7.38043e-09 8.40944e-09 7.81146e-09 5.0876e-09 3.66641e-09 4.59306e-09 4.9605e-09 4.35507e-09 3.76668e-09 3.30374e-09 2.92923e-09 2.56595e-09 2.20931e-09 1.90248e-09 1.67866e-09 1.52524e-09 1.4127e-09 1.31068e-09 1.19252e-09 1.04479e-09 8.71418e-10 6.88023e-10 5.11758e-10 3.52962e-10 2.11463e-10 8.38102e-11 8.38102e-11 
6.52e-11 2.09991e-10 3.9028e-10 5.9887e-10 8.42481e-10 1.11525e-09 1.39932e-09 1.67115e-09 1.91101e-09 2.10938e-09 2.26681e-09 2.39072e-09 2.49087e-09 2.57182e-09 2.62731e-09 2.64743e-09 2.69964e-09 2.93474e-09 3.37859e-09 3.73538e-09 3.93854e-09 3.94241e-09 3.57986e-09 3.61911e-09 5.41659e-09 6.80069e-09 7.13496e-09 5.42667e-09 3.9727e-09 4.4497e-09 5.2045e-09 4.94322e-09 4.14597e-09 3.54485e-09 3.0888e-09 2.68115e-09 2.28383e-09 1.93065e-09 1.6539e-09 1.45889e-09 1.32726e-09 1.23034e-09 1.13608e-09 1.02058e-09 8.77234e-10 7.15129e-10 5.50424e-10 3.96714e-10 2.59014e-10 1.3347e-10 3.52898e-11 
1.32365e-10 3.0169e-10 4.9685e-10 7.26239e-10 9.90926e-10 1.27872e-09 1.56789e-09 1.83515e-09 2.06414e-09 2.24883e-09 2.39197e-09 2.50079e-09 2.57895e-09 2.62427e-09 2.63565e-09 2.63509e-09 2.74374e-09 3.0563e-09 3.44777e-09 3.81133e-09 3.9165e-09 3.84352e-09 3.60105e-09 3.50931e-09 5.03276e-09 5.83995e-09 5.0876e-09 4.12403e-09 4.60815e-09 5.38924e-09 5.34182e-09 4.56913e-09 3.7777e-09 3.22467e-09 2.77346e-09 2.35026e-09 1.96794e-09 1.65201e-09 1.41408e-09 1.25043e-09 1.14257e-09 1.0599e-09 9.71189e-10 8.58844e-10 7.22906e-10 5.7543e-10 4.30941e-10 2.98564e-10 1.78503e-10 6.86545e-11 6.86545e-11 
6.88795e-11 2.15773e-10 3.97358e-10 6.09435e-10 8.59015e-10 1.14058e-09 1.43673e-09 1.72379e-09 1.98032e-09 2.19334e-09 2.3597e-09 2.4833e-09 2.56795e-09 2.61098e-09 2.61303e-09 2.58762e-09 2.59824e-09 2.77363e-09 3.11799e-09 3.44188e-09 3.79407e-09 3.88586e-09 3.81652e-09 3.57986e-09 3.34684e-09 3.74136e-09 3.99471e-09 3.9727e-09 4.57787e-09 5.66258e-09 5.76531e-09 4.94394e-09 4.01055e-09 3.32995e-09 2.82535e-09 2.39094e-09 1.99692e-09 1.66015e-09 1.39061e-09 1.19237e-09 1.06061e-09 9.74647e-10 9.02512e-10 8.17746e-10 7.10038e-10 5.84502e-10 4.53804e-10 3.29352e-10 2.15691e-10 1.10032e-10 2.76074e-11 
1.35267e-10 3.02453e-10 4.9636e-10 7.26044e-10 9.92817e-10 1.28518e-09 1.58204e-09 1.85962e-09 2.09902e-09 2.29032e-09 2.43256e-09 2.52862e-09 2.57738e-09 2.57624e-09 2.53636e-09 2.49357e-09 2.53986e-09 2.76584e-09 3.08329e-09 3.39075e-09 3.78983e-09 3.90489e-09 3.84352e-09 3.54713e-09 3.09224e-09 3.19448e-09 3.66641e-09 4.60815e-09 5.75174e-09 6.10216e-09 5.30832e-09 4.23881e-09 3.3953e-09 2.84035e-09 2.39294e-09 2.00435e-09 1.66386e-09 1.3793e-09 1.15506e-09 9.9503e-10 8.92618e-10 8.23752e-10 7.58599e-10 6.77408e-10 5.76411e-10 4.63619e-10 3.50379e-10 2.44338e-10 1.46031e-10 5.45408e-11 5.45408e-11 
6.98785e-11 2.13662e-10 3.90036e-10 5.97532e-10 8.43171e-10 1.12199e-09 1.41766e-09 1.7071e-09 1.9677e-09 2.18329e-09 2.34663e-09 2.45782e-09 2.51689e-09 2.52108e-09 2.47535e-09 2.40609e-09 2.37139e-09 2.46203e-09 2.68386e-09 2.946e-09 3.41667e-09 3.81503e-09 3.88586e-09 3.94241e-09 3.57322e-09 3.42134e-09 3.72718e-09 4.4497e-09 5.66258e-09 6.25882e-09 5.56421e-09 4.45859e-09 3.45611e-09 2.81815e-09 2.35903e-09 1.98149e-09 1.65264e-09 1.36833e-09 1.13212e-09 9.4958e-10 8.24386e-10 7.45903e-10 6.89025e-10 6.28543e-10 5.51632e-10 4.59402e-10 3.60618e-10 2.64144e-10 1.73873e-10 8.79872e-11 2.09078e-11 
1.32967e-10 2.92176e-10 4.77569e-10 6.98369e-10 9.56018e-10 1.24005e-09 1.53072e-09 1.80452e-09 2.04075e-09 2.22602e-09 2.35541e-09 2.42862e-09 2.44376e-09 2.40229e-09 2.32141e-09 2.24431e-09 2.23625e-09 2.3482e-09 2.5392e-09 2.83708e-09 3.42296e-09 3.78983e-09 3.9165e-09 3.92433e-09 3.70032e-09 3.83758e-09 4.59306e-09 5.38924e-09 6.10216e-09 5.70822e-09 4.63147e-09 3.52031e-09 2.78447e-09 2.29905e-09 1.92897e-09 1.6207e-09 1.34892e-09 1.11372e-09 9.20139e-10 7.7496e-10 6.79e-10 6.18439e-10 5.69515e-10 5.12762e-10 4.41424e-10 3.59445e-10 2.74758e-10 1.93287e-10 1.15734e-10 4.20802e-11 4.20802e-11 
6.80822e-11 2.03724e-10 3.68646e-10 5.63548e-10 7.95101e-10 1.05894e-09 1.34029e-09 1.61752e-09 1.86787e-09 2.07312e-09 2.22283e-09 2.31356e-09 2.34433e-09 2.31473e-09 2.23507e-09 2.13685e-09 2.07198e-09 2.08702e-09 2.20376e-09 2.40559e-09 2.78196e-09 3.41667e-09 3.79407e-09 3.93854e-09 3.8581e-09 3.89538e-09 4.37693e-09 5.2045e-09 5.76531e-09 5.56421e-09 4.7058e-09 3.55984e-09 2.75654e-09 2.23241e-09 1.85761e-09 1.56791e-09 1.31663e-09 1.09206e-09 8.98494e-10 7.42217e-10 6.288e-10 5.55904e-10 5.0807e-10 4.6448e-10 4.11574e-10 3.47088e-10 2.75986e-10 2.04467e-10 1.35581e-10 6.82433e-11 1.53726e-11 
1.25697e-10 2.71748e-10 4.4201e-10 6.45332e-10 8.83112e-10 1.14611e-09 1.41662e-09 1.67253e-09 1.89285e-09 2.06245e-09 2.17359e-09 2.22362e-09 2.21224e-09 2.14421e-09 2.04135e-09 1.94522e-09 1.89981e-09 1.93115e-09 2.06856e-09 2.34092e-09 2.83708e-09 3.39075e-09 3.81133e-09 3.96899e-09 4.06306e-09 4.29639e-09 4.9605e-09 5.34182e-09 5.30832e-09 4.63147e-09 3.56637e-09 2.73428e-09 2.17676e-09 1.7829e-09 1.50139e-09 1.27108e-09 1.06321e-09 8.77376e-10 7.19475e-10 5.94885e-10 5.07401e-10 4.52013e-10 4.12932e-10 3.73373e-10 3.24946e-10 2.68147e-10 2.07686e-10 1.47692e-10 8.88051e-11 3.15581e-11 3.15581e-11 
6.37239e-11 1.86972e-10 3.3526e-10 5.10745e-10 7.1943e-10 9.57558e-10 1.21228e-09 1.46439e-09 1.69257e-09 1.87859e-09 2.01065e-09 2.08309e-09 2.09418e-09 2.04649e-09 1.95287e-09 1.84528e-09 1.76528e-09 1.74379e-09 1.80309e-09 2.00923e-09 2.40559e-09 2.946e-09 3.44188e-09 3.73538e-09 4.00299e-09 4.1868e-09 4.43984e-09 4.94322e-09 4.94394e-09 4.45859e-09 3.55984e-09 2.72559e-09 2.14311e-09 1.71998e-09 1.43237e-09 1.21638e-09 1.02668e-09 8.52903e-10 6.99988e-10 5.72141e-10 4.73856e-10 4.07084e-10 3.64559e-10 3.31556e-10 2.95642e-10 2.52343e-10 2.03448e-10 1.52706e-10 1.02206e-10 5.13217e-11 1.1004e-11 
1.14286e-10 2.43271e-10 3.9334e-10 5.72518e-10 7.82052e-10 1.01412e-09 1.25364e-09 1.48127e-09 1.67772e-09 1.82817e-09 1.92381e-09 1.96058e-09 1.93862e-09 1.86574e-09 1.76347e-09 1.66855e-09 1.61748e-09 1.63372e-09 1.75334e-09 2.06856e-09 2.5392e-09 3.08329e-09 3.44777e-09 3.65458e-09 3.83499e-09 4.05338e-09 4.35507e-09 4.56913e-09 4.23881e-09 3.52031e-09 2.73428e-09 2.13458e-09 1.68185e-09 1.37305e-09 1.16e-09 9.84889e-10 8.24306e-10 6.79717e-10 5.54519e-10 4.5171e-10 3.75131e-10 3.24511e-10 2.91244e-10 2.62746e-10 2.30535e-10 1.92718e-10 1.51377e-10 1.08985e-10 6.59451e-11 2.30144e-11 2.30144e-11 
5.73331e-11 1.65188e-10 2.93354e-10 4.44772e-10 6.24611e-10 8.29794e-10 1.04974e-09 1.2685e-09 1.46788e-09 1.63157e-09 1.7482e-09 1.81127e-09 1.81842e-09 1.77321e-09 1.68997e-09 1.59669e-09 1.53093e-09 1.52364e-09 1.59561e-09 1.80309e-09 2.20376e-09 2.68386e-09 3.11799e-09 3.37859e-09 3.50327e-09 3.61481e-09 3.90972e-09 4.14597e-09 4.01055e-09 3.45611e-09 2.75654e-09 2.14311e-09 1.67114e-09 1.33499e-09 1.11088e-09 9.42588e-10 7.93084e-10 6.57498e-10 5.37904e-10 4.35813e-10 3.54021e-10 2.95119e-10 2.56805e-10 2.30209e-10 2.0539e-10 1.77014e-10 1.44659e-10 1.1009e-10 7.44786e-11 3.74119e-11 7.68774e-12 
9.99956e-11 2.09677e-10 3.36657e-10 4.8789e-10 6.64506e-10 8.60281e-10 1.0632e-09 1.25771e-09 1.42783e-09 1.56063e-09 1.64761e-09 1.68417e-09 1.67045e-09 1.61466e-09 1.53703e-09 1.46935e-09 1.44719e-09 1.49339e-09 1.63372e-09 1.93115e-09 2.3482e-09 2.76584e-09 3.0563e-09 3.20533e-09 3.31167e-09 3.49909e-09 3.76668e-09 3.7777e-09 3.3953e-09 2.78447e-09 2.17676e-09 1.68185e-09 1.32274e-09 1.07802e-09 9.05748e-10 7.62305e-10 6.34165e-10 5.20723e-10 4.22173e-10 3.39644e-10 2.75435e-10 2.30676e-10 2.0157e-10 1.79891e-10 1.58329e-10 1.338e-10 1.06547e-10 7.77107e-11 4.73914e-11 1.63229e-11 1.63229e-11 
4.96281e-11 1.40577e-10 2.47133e-10 3.72501e-10 5.21027e-10 6.90441e-10 8.72641e-10 1.0554e-09 1.22458e-09 1.36709e-09 1.47307e-09 1.53628e-09 1.55418e-09 1.53028e-09 1.47759e-09 1.42063e-09 1.392e-09 1.42046e-09 1.52364e-09 1.74379e-09 2.08702e-09 2.46203e-09 2.77363e-09 2.93474e-09 3.01398e-09 3.17743e-09 3.41147e-09 3.54485e-09 3.32995e-09 2.81815e-09 2.23241e-09 1.71998e-09 1.33499e-09 1.06673e-09 8.80624e-10 7.3587e-10 6.11755e-10 5.0326e-10 4.08909e-10 3.28344e-10 2.62424e-10 2.12764e-10 1.79101e-10 1.56806e-10 1.38892e-10 1.20326e-10 9.94788e-11 7.67282e-11 5.24998e-11 2.64368e-11 5.24958e-12 
8.42753e-11 1.74161e-10 2.7747e-10 4.00038e-10 5.42994e-10 7.01821e-10 8.67705e-10 1.0292e-09 1.17432e-09 1.29286e-09 1.37751e-09 1.42397e-09 1.43227e-09 1.40965e-09 1.37307e-09 1.3491e-09 1.36682e-09 1.44719e-09 1.61748e-09 1.89981e-09 2.23625e-09 2.53986e-09 2.74374e-09 2.80971e-09 2.89428e-09 3.11932e-09 3.30374e-09 3.22467e-09 2.84035e-09 2.29905e-09 1.7829e-09 1.37305e-09 1.07802e-09 8.71749e-10 7.17846e-10 5.92858e-10 4.86849e-10 3.9585e-10 3.1809e-10 2.52943e-10 2.01037e-10 1.63236e-10 1.38094e-10 1.20817e-10 1.05908e-10 9.01095e-11 7.26137e-11 5.36286e-11 3.29836e-11 1.12598e-11 1.12598e-11 
4.13794e-11 1.1537e-10 2.00732e-10 3.00603e-10 4.18627e-10 5.53432e-10 6.99368e-10 8.47862e-10 9.8895e-10 1.11306e-09 1.21252e-09 1.28209e-09 1.31954e-09 1.3278e-09 1.3175e-09 1.30817e-09 1.32531e-09 1.392e-09 1.53093e-09 1.76528e-09 2.07198e-09 2.37139e-09 2.59824e-09 2.69964e-09 2.73099e-09 2.86685e-09 3.06845e-09 3.0888e-09 2.82535e-09 2.35903e-09 1.85761e-09 1.43237e-09 1.11088e-09 8.80624e-10 7.11435e-10 5.80107e-10 4.73239e-10 3.83799e-10 3.08354e-10 2.44969e-10 1.92967e-10 1.52773e-10 1.24442e-10 1.05702e-10 9.2138e-11 7.97164e-11 6.64252e-11 5.18342e-11 3.5854e-11 1.81216e-11 3.50761e-12 
6.85099e-11 1.39629e-10 2.20665e-10 3.16428e-10 4.28145e-10 5.52958e-10 6.85003e-10 8.16636e-10 9.39728e-10 1.04699e-09 1.13286e-09 1.19399e-09 1.23044e-09 1.24797e-09 1.25991e-09 1.28628e-09 1.3491e-09 1.46935e-09 1.66855e-09 1.94522e-09 2.24431e-09 2.49357e-09 2.63509e-09 2.66641e-09 2.70965e-09 2.84922e-09 2.92923e-09 2.77346e-09 2.39294e-09 1.92897e-09 1.50139e-09 1.16e-09 9.05748e-10 7.17846e-10 5.75587e-10 4.64169e-10 3.73936e-10 2.99529e-10 2.37738e-10 1.86689e-10 1.45823e-10 1.1526e-10 9.42965e-11 8.02766e-11 6.95046e-11 5.91853e-11 4.80973e-11 3.59091e-11 2.22667e-11 7.55802e-12 7.55802e-12 
3.32865e-11 9.14621e-11 1.5753e-10 2.34373e-10 3.25076e-10 4.29135e-10 5.43083e-10 6.61516e-10 7.78108e-10 8.86608e-10 9.8172e-10 1.05971e-09 1.11914e-09 1.16245e-09 1.19796e-09 1.24035e-09 1.30817e-09 1.42063e-09 1.59669e-09 1.84528e-09 2.13685e-09 2.40609e-09 2.58762e-09 2.64743e-09 2.64557e-09 2.6936e-09 2.76143e-09 2.68115e-09 2.39094e-09 1.98149e-09 1.56791e-09 1.21638e-09 9.42588e-10 7.3587e-10 5.80107e-10 4.60974e-10 3.6743e-10 2.92384e-10 2.31324e-10 1.81314e-10 1.40783e-10 1.09241e-10 8.64106e-11 7.10229e-11 6.04474e-11 5.18223e-11 4.32874e-11 3.40652e-11 2.3783e-11 1.20671e-11 2.294e-12 
5.38164e-11 1.08279e-10 1.69792e-10 2.42271e-10 3.27079e-10 4.22782e-10 5.25971e-10 6.3212e-10 7.36358e-10 8.34168e-10 9.21987e-10 9.97805e-10 1.06218e-09 1.11986e-09 1.18093e-09 1.25991e-09 1.37307e-09 1.53703e-09 1.76347e-09 2.04135e-09 2.32141e-09 2.53636e-09 2.63565e-09 2.62902e-09 2.60874e-09 2.62015e-09 2.56595e-09 2.35026e-09 2.00435e-09 1.6207e-09 1.27108e-09 9.84889e-10 7.62305e-10 5.92858e-10 4.64169e-10 3.65152e-10 2.87706e-10 2.26186e-10 1.76688e-10 1.36746e-10 1.05103e-10 8.12171e-11 6.44194e-11 5.31504e-11 4.50906e-11 3.81512e-11 3.11116e-11 2.34117e-11 1.46179e-11 4.94205e-12 4.94205e-12 
2.5883e-11 7.01929e-11 1.19766e-10 1.77133e-10 2.44934e-10 3.23374e-10 4.10737e-10 5.04109e-10 6.00033e-10 6.95066e-10 7.86243e-10 8.71585e-10 9.50822e-10 1.02653e-09 1.10534e-09 1.19796e-09 1.3175e-09 1.47759e-09 1.68997e-09 1.95287e-09 2.23507e-09 2.47535e-09 2.61303e-09 2.62731e-09 2.57099e-09 2.52087e-09 2.4532e-09 2.28383e-09 1.99692e-09 1.65264e-09 1.31663e-09 1.02668e-09 7.93084e-10 6.11755e-10 4.73239e-10 3.6743e-10 2.86075e-10 2.22842e-10 1.73033e-10 1.33413e-10 1.02006e-10 7.77564e-11 5.99918e-11 4.77668e-11 3.9492e-11 3.32875e-11 2.76885e-11 2.18761e-11 1.53751e-11 7.8253e-12 1.46931e-12 
4.09407e-11 8.14337e-11 1.26812e-10 1.80235e-10 2.43156e-10 3.15227e-10 3.94898e-10 4.7999e-10 5.68167e-10 6.57308e-10 7.45872e-10 8.33431e-10 9.21478e-10 1.01439e-09 1.11986e-09 1.24797e-09 1.40965e-09 1.61466e-09 1.86574e-09 2.14421e-09 2.40229e-09 2.57624e-09 2.62427e-09 2.56348e-09 2.4644e-09 2.36179e-09 2.20931e-09 1.96794e-09 1.66386e-09 1.34892e-09 1.06321e-09 8.24306e-10 6.34165e-10 4.86849e-10 3.73936e-10 2.87706e-10 2.2168e-10 1.70671e-10 1.30835e-10 9.95801e-11 7.53129e-11 5.7071e-11 4.40613e-11 3.52195e-11 2.91059e-11 2.42886e-11 1.97577e-11 1.49247e-11 9.36143e-12 3.15369e-12 3.15369e-12 
1.95015e-11 5.22847e-11 8.84851e-11 1.30249e-10 1.79825e-10 2.37914e-10 3.04068e-10 3.77172e-10 4.55885e-10 5.3896e-10 6.25512e-10 7.15367e-10 8.09648e-10 9.11496e-10 1.02653e-09 1.16245e-09 1.3278e-09 1.53028e-09 1.77321e-09 2.04649e-09 2.31473e-09 2.52108e-09 2.61098e-09 2.57182e-09 2.45069e-09 2.30814e-09 2.14647e-09 1.93065e-09 1.66015e-09 1.36833e-09 1.09206e-09 8.52903e-10 6.57498e-10 5.0326e-10 3.83799e-10 2.92384e-10 2.22842e-10 1.69852e-10 1.29185e-10 9.77594e-11 7.35045e-11 5.50902e-11 4.16014e-11 3.21881e-11 2.58057e-11 2.12543e-11 1.74851e-11 1.37953e-11 9.72518e-12 4.95606e-12 9.21851e-13 
3.02425e-11 5.95744e-11 9.22564e-11 1.30813e-10 1.76697e-10 2.30292e-10 2.91338e-10 3.59304e-10 4.33708e-10 5.14342e-10 6.01505e-10 6.96382e-10 8.01567e-10 9.21478e-10 1.06218e-09 1.23044e-09 1.43227e-09 1.67045e-09 1.93862e-09 2.21224e-09 2.44376e-09 2.57738e-09 2.57895e-09 2.46697e-09 2.29989e-09 2.11507e-09 1.90248e-09 1.65201e-09 1.3793e-09 1.11372e-09 8.77376e-10 6.79717e-10 5.20723e-10 3.9585e-10 2.99529e-10 2.26186e-10 1.70671e-10 1.28615e-10 9.6612e-11 7.22e-11 5.36986e-11 3.99649e-11 3.01377e-11 2.33854e-11 1.87732e-11 1.53566e-11 1.23829e-11 9.34561e-12 5.87056e-12 1.96932e-12 1.96932e-12 
1.4275e-11 3.79113e-11 6.3747e-11 9.35443e-11 1.29195e-10 1.71681e-10 2.2137e-10 2.78362e-10 3.42774e-10 4.14972e-10 4.95751e-10 5.86579e-10 6.89937e-10 8.09648e-10 9.50822e-10 1.11914e-09 1.31954e-09 1.55418e-09 1.81842e-09 2.09418e-09 2.34433e-09 2.51689e-09 2.56795e-09 2.49087e-09 2.32602e-09 2.1236e-09 1.9005e-09 1.6539e-09 1.39061e-09 1.13212e-09 8.98494e-10 6.99988e-10 5.37904e-10 4.08909e-10 3.08354e-10 2.31324e-10 1.73033e-10 1.29185e-10 9.62182e-11 7.13955e-11 5.27373e-11 3.88586e-11 2.87763e-11 2.17056e-11 1.68897e-11 1.35449e-11 1.09557e-11 8.58439e-12 6.04536e-12 3.07751e-12 5.67987e-13 
2.17572e-11 4.25354e-11 6.56232e-11 9.30088e-11 1.26063e-10 1.65592e-10 2.12145e-10 2.66273e-10 3.28762e-10 4.00807e-10 4.84195e-10 5.81515e-10 6.96382e-10 8.33431e-10 9.97805e-10 1.19399e-09 1.42397e-09 1.68417e-09 1.96058e-09 2.22362e-09 2.42862e-09 2.52862e-09 2.50079e-09 2.36378e-09 2.16278e-09 1.93083e-09 1.67866e-09 1.41408e-09 1.15506e-09 9.20139e-10 7.19475e-10 5.54519e-10 4.22173e-10 3.1809e-10 2.37738e-10 1.76688e-10 1.30835e-10 9.6612e-11 7.11227e-11 5.21604e-11 3.81239e-11 2.78757e-11 2.05782e-11 1.55431e-11 1.21189e-11 9.67945e-12 7.69526e-12 5.77394e-12 3.62049e-12 1.20723e-12 1.20723e-12 
1.01829e-11 2.68476e-11 4.49439e-11 6.58803e-11 9.12189e-11 1.22041e-10 1.59179e-10 2.03474e-10 2.55978e-10 3.18148e-10 3.92e-10 4.80276e-10 5.86579e-10 7.15367e-10 8.71585e-10 1.05971e-09 1.28209e-09 1.53628e-09 1.81127e-09 2.08309e-09 2.31356e-09 2.45782e-09 2.4833e-09 2.39072e-09 2.21234e-09 1.98471e-09 1.72926e-09 1.45889e-09 1.19237e-09 9.4958e-10 7.42217e-10 5.72141e-10 4.35813e-10 3.28344e-10 2.44969e-10 1.81314e-10 1.33413e-10 9.77594e-11 7.13955e-11 5.19665e-11 3.7696e-11 2.72944e-11 1.98348e-11 1.46194e-11 1.10638e-11 8.6306e-12 6.83634e-12 5.293e-12 3.70829e-12 1.88053e-12 3.44435e-13 
1.52939e-11 2.97447e-11 4.58157e-11 6.50498e-11 8.86771e-11 1.17691e-10 1.53083e-10 1.96047e-10 2.48159e-10 3.11541e-10 3.89013e-10 4.84195e-10 6.01505e-10 7.45872e-10 9.21987e-10 1.13286e-09 1.37751e-09 1.64761e-09 1.92381e-09 2.17359e-09 2.35541e-09 2.43256e-09 2.39197e-09 2.2518e-09 2.04471e-09 1.79673e-09 1.52524e-09 1.25043e-09 9.9503e-10 7.7496e-10 5.94885e-10 4.5171e-10 3.39644e-10 2.52943e-10 1.86689e-10 1.36746e-10 9.95801e-11 7.22e-11 5.21604e-11 3.75543e-11 2.69644e-11 1.93641e-11 1.40073e-11 1.0322e-11 7.82673e-12 6.09349e-12 4.75772e-12 3.53477e-12 2.20427e-12 7.29375e-13 7.29375e-13 
7.10351e-12 1.86331e-11 3.11277e-11 4.56807e-11 6.3557e-11 8.5814e-11 1.13495e-10 1.47825e-10 1.90386e-10 2.43284e-10 3.093e-10 3.92e-10 4.95751e-10 6.25512e-10 7.86243e-10 9.8172e-10 1.21252e-09 1.47307e-09 1.7482e-09 2.01065e-09 2.22283e-09 2.34663e-09 2.3597e-09 2.26681e-09 2.09324e-09 1.8657e-09 1.60363e-09 1.32726e-09 1.06061e-09 8.24386e-10 6.288e-10 4.73856e-10 3.54021e-10 2.62424e-10 1.92967e-10 1.40783e-10 1.02006e-10 7.35045e-11 5.27373e-11 3.7696e-11 2.68566e-11 1.91004e-11 1.36193e-11 9.82068e-12 7.24336e-12 5.49943e-12 4.2572e-12 3.24559e-12 2.25461e-12 1.13565e-12 2.06324e-13 
1.05424e-11 2.04483e-11 3.15172e-11 4.49316e-11 6.17504e-11 8.29959e-11 1.09844e-10 1.43799e-10 1.86848e-10 2.41628e-10 3.11541e-10 4.00807e-10 5.14342e-10 6.57308e-10 8.34168e-10 1.04699e-09 1.29286e-09 1.56063e-09 1.82817e-09 2.06245e-09 2.22602e-09 2.29032e-09 2.24883e-09 2.11753e-09 1.92099e-09 1.67976e-09 1.4127e-09 1.14257e-09 8.92618e-10 6.79e-10 5.07401e-10 3.75131e-10 2.75435e-10 2.01037e-10 1.45823e-10 1.05103e-10 7.53129e-11 5.36986e-11 3.81239e-11 2.69644e-11 1.90151e-11 1.34047e-11 9.50259e-12 6.84078e-12 5.05332e-12 3.83483e-12 2.93392e-12 2.15089e-12 1.33099e-12 4.35663e-13 4.35663e-13 
4.86366e-12 1.27211e-11 2.12576e-11 3.13057e-11 4.38699e-11 5.99123e-11 8.05133e-11 1.07032e-10 1.41276e-10 1.85646e-10 2.43284e-10 3.18148e-10 4.14972e-10 5.3896e-10 6.95066e-10 8.86608e-10 1.11306e-09 1.36709e-09 1.63157e-09 1.87859e-09 2.07312e-09 2.18329e-09 2.19334e-09 2.10938e-09 1.95134e-09 1.73991e-09 1.49299e-09 1.23034e-09 9.74647e-10 7.45903e-10 5.55904e-10 4.07084e-10 2.95119e-10 2.12764e-10 1.52773e-10 1.09241e-10 7.77564e-11 5.50902e-11 3.88586e-11 2.72944e-11 1.91004e-11 1.33357e-11 9.32567e-12 6.58044e-12 4.73619e-12 3.50379e-12 2.64963e-12 1.98445e-12 1.36318e-12 6.80948e-13 1.22502e-13 
7.15238e-12 1.38708e-11 2.14449e-11 3.07679e-11 4.2723e-11 5.82653e-11 7.85868e-11 1.05265e-10 1.40417e-10 1.86848e-10 2.48159e-10 3.28762e-10 4.33708e-10 5.68167e-10 7.36358e-10 9.39728e-10 1.17432e-09 1.42783e-09 1.67772e-09 1.89285e-09 2.04075e-09 2.09902e-09 2.06414e-09 1.94938e-09 1.77394e-09 1.55533e-09 1.31068e-09 1.0599e-09 8.23752e-10 6.18439e-10 4.52013e-10 3.24511e-10 2.30676e-10 1.63236e-10 1.1526e-10 8.12171e-11 5.7071e-11 3.99649e-11 2.78757e-11 1.93641e-11 1.34047e-11 9.26875e-12 6.43568e-12 4.52759e-12 3.26181e-12 2.41445e-12 1.80825e-12 1.30556e-12 7.99618e-13 2.59108e-13 2.59108e-13 
3.28085e-12 8.57613e-12 1.43682e-11 2.12834e-11 3.01047e-11 4.16647e-11 5.69749e-11 7.73717e-11 1.04663e-10 1.41276e-10 1.90386e-10 2.55978e-10 3.42774e-10 4.55885e-10 6.00033e-10 7.78108e-10 9.8895e-10 1.22458e-09 1.46788e-09 1.69257e-09 1.86787e-09 1.9677e-09 1.98032e-09 1.91101e-09 1.7754e-09 1.59046e-09 1.37174e-09 1.13608e-09 9.02512e-10 6.89025e-10 5.0807e-10 3.64559e-10 2.56805e-10 1.79101e-10 1.24442e-10 8.64106e-11 5.99918e-11 4.16014e-11 2.87763e-11 1.98348e-11 1.36193e-11 9.32567e-12 6.38925e-12 4.40998e-12 3.09877e-12 2.2357e-12 1.6513e-12 1.21355e-12 8.22735e-13 4.06953e-13 7.22491e-14 
4.79461e-12 9.3184e-12 1.44831e-11 2.09585e-11 2.94576e-11 4.08229e-11 5.61564e-11 7.69573e-11 1.05265e-10 1.43799e-10 1.96047e-10 2.66273e-10 3.59304e-10 4.7999e-10 6.3212e-10 8.16636e-10 1.0292e-09 1.25771e-09 1.48127e-09 1.67253e-09 1.80452e-09 1.85962e-09 1.83515e-09 1.7412e-09 1.59297e-09 1.40524e-09 1.19252e-09 9.71189e-10 7.58599e-10 5.69515e-10 4.12932e-10 2.91244e-10 2.0157e-10 1.38094e-10 9.42965e-11 6.44194e-11 4.40613e-11 3.01377e-11 2.05782e-11 1.40073e-11 9.50259e-12 6.43568e-12 4.37248e-12 3.00493e-12 2.11128e-12 1.52467e-12 1.11794e-12 7.94123e-13 4.80799e-13 1.53617e-13 1.53617e-13 
2.18908e-12 5.72946e-12 9.64577e-12 1.43996e-11 2.05974e-11 2.89283e-11 4.0284e-11 5.58765e-11 7.73717e-11 1.07032e-10 1.47825e-10 2.03474e-10 2.78362e-10 3.77172e-10 5.04109e-10 6.61516e-10 8.47862e-10 1.0554e-09 1.2685e-09 1.46439e-09 1.61752e-09 1.7071e-09 1.72379e-09 1.67115e-09 1.56092e-09 1.40682e-09 1.22207e-09 1.02058e-09 8.17746e-10 6.28543e-10 4.6448e-10 3.31556e-10 2.30209e-10 1.56806e-10 1.05702e-10 7.10229e-11 4.77668e-11 3.21881e-11 2.17056e-11 1.46194e-11 9.82068e-12 6.58044e-12 4.40998e-12 2.97478e-12 2.0389e-12 1.43459e-12 1.03451e-12 7.45974e-13 4.9887e-13 2.44293e-13 4.31136e-14 
3.18781e-12 6.22141e-12 9.73975e-12 1.42387e-11 2.02851e-11 2.85856e-11 4.00998e-11 5.61564e-11 7.85868e-11 1.09844e-10 1.53083e-10 2.12145e-10 2.91338e-10 3.94898e-10 5.25971e-10 6.85003e-10 8.67705e-10 1.0632e-09 1.25364e-09 1.41662e-09 1.53072e-09 1.58204e-09 1.56789e-09 1.49523e-09 1.37568e-09 1.22145e-09 1.04479e-09 8.58844e-10 6.77408e-10 5.12762e-10 3.73373e-10 2.62746e-10 1.79891e-10 1.20817e-10 8.02766e-11 5.31504e-11 3.52195e-11 2.33854e-11 1.55431e-11 1.0322e-11 6.84078e-12 4.52759e-12 3.00493e-12 2.01518e-12 1.3808e-12 9.72103e-13 6.9683e-13 4.8695e-13 2.91284e-13 9.2313e-14 9.2313e-14 
1.44924e-12 3.80582e-12 6.45006e-12 9.72053e-12 1.4077e-11 2.00772e-11 2.84674e-11 4.0284e-11 5.69749e-11 8.05133e-11 1.13495e-10 1.59179e-10 2.2137e-10 3.04068e-10 4.10737e-10 5.43083e-10 6.99368e-10 8.72641e-10 1.04974e-09 1.21228e-09 1.34029e-09 1.41766e-09 1.43673e-09 1.39932e-09 1.31374e-09 1.19078e-09 1.04148e-09 8.77234e-10 7.10038e-10 5.51632e-10 4.11574e-10 2.95642e-10 2.0539e-10 1.38892e-10 9.2138e-11 6.04474e-11 3.9492e-11 2.58057e-11 1.68897e-11 1.10638e-11 7.24336e-12 4.73619e-12 3.09877e-12 2.0389e-12 1.36262e-12 9.33881e-13 6.57643e-13 4.64069e-13 3.05534e-13 1.47895e-13 2.5749e-14 
2.10833e-12 4.13796e-12 6.53511e-12 9.66308e-12 1.39628e-11 2.00048e-11 2.85856e-11 4.08229e-11 5.82653e-11 8.29959e-11 1.17691e-10 1.65592e-10 2.30292e-10 3.15227e-10 4.22782e-10 5.52958e-10 7.01821e-10 8.60281e-10 1.01412e-09 1.14611e-09 1.24005e-09 1.28518e-09 1.27872e-09 1.22506e-09 1.1327e-09 1.01147e-09 8.71418e-10 7.22906e-10 5.76411e-10 4.41424e-10 3.24946e-10 2.30535e-10 1.58329e-10 1.05908e-10 6.95046e-11 4.50906e-11 2.91059e-11 1.87732e-11 1.21189e-11 7.82673e-12 5.05332e-12 3.26181e-12 2.11128e-12 1.3808e-12 9.21147e-13 6.32173e-13 4.42646e-13 3.03193e-13 1.78856e-13 5.67143e-14 5.67143e-14 
9.56237e-13 2.52066e-12 4.30399e-12 6.55297e-12 9.61365e-12 1.39223e-11 2.00772e-11 2.89283e-11 4.16647e-11 5.99123e-11 8.5814e-11 1.22041e-10 1.71681e-10 2.37914e-10 3.23374e-10 4.29135e-10 5.53432e-10 6.90441e-10 8.29794e-10 9.57558e-10 1.05894e-09 1.12199e-09 1.14058e-09 1.11525e-09 1.05159e-09 9.5774e-10 8.42578e-10 7.15129e-10 5.84502e-10 4.59402e-10 3.47088e-10 2.52343e-10 1.77014e-10 1.20326e-10 7.97164e-11 5.18223e-11 3.32875e-11 2.12543e-11 1.35449e-11 8.6306e-12 5.49943e-12 3.50379e-12 2.2357e-12 1.43459e-12 9.33881e-13 6.23193e-13 4.27693e-13 2.95481e-13 1.91228e-13 9.20274e-14 1.63712e-14 
1.39138e-12 2.74733e-12 4.37761e-12 6.54929e-12 9.59537e-12 1.39628e-11 2.02851e-11 2.94576e-11 4.2723e-11 6.17504e-11 8.86771e-11 1.26063e-10 1.76697e-10 2.43156e-10 3.27079e-10 4.28145e-10 5.42994e-10 6.64506e-10 7.82052e-10 8.83112e-10 9.56018e-10 9.92817e-10 9.90926e-10 9.5288e-10 8.84646e-10 7.93729e-10 6.88023e-10 5.7543e-10 4.63619e-10 3.59445e-10 2.68147e-10 1.92718e-10 1.338e-10 9.01095e-11 5.91853e-11 3.81512e-11 2.42886e-11 1.53566e-11 9.67945e-12 6.09349e-12 3.83483e-12 2.41445e-12 1.52467e-12 9.72103e-13 6.32173e-13 4.22376e-13 2.89032e-13 1.94375e-13 1.13281e-13 3.54844e-14 3.54844e-14 
6.29084e-13 1.66509e-12 2.86536e-12 4.40709e-12 6.54627e-12 9.61365e-12 1.4077e-11 2.05974e-11 3.01047e-11 4.38699e-11 6.3557e-11 9.12189e-11 1.29195e-10 1.79825e-10 2.44934e-10 3.25076e-10 4.18627e-10 5.21027e-10 6.24611e-10 7.1943e-10 7.95101e-10 8.43171e-10 8.59015e-10 8.42481e-10 7.97154e-10 7.28862e-10 6.44331e-10 5.50424e-10 4.53804e-10 3.60618e-10 2.75986e-10 2.03448e-10 1.44659e-10 9.94788e-11 6.64252e-11 4.32874e-11 2.76885e-11 1.74851e-11 1.09557e-11 6.83634e-12 4.2572e-12 2.64963e-12 1.6513e-12 1.03451e-12 6.57643e-13 4.27693e-13 2.86527e-13 1.93613e-13 1.23117e-13 5.87462e-14 1.00849e-14 
9.15436e-13 1.81745e-12 2.92021e-12 4.41506e-12 6.54929e-12 9.66308e-12 1.42387e-11 2.09585e-11 3.07679e-11 4.49316e-11 6.50498e-11 9.30088e-11 1.30813e-10 1.80235e-10 2.42271e-10 3.16428e-10 4.00038e-10 4.8789e-10 5.72518e-10 6.45332e-10 6.98369e-10 7.26044e-10 7.26239e-10 7.0032e-10 6.52259e-10 5.87453e-10 5.11758e-10 4.30941e-10 3.50379e-10 2.74758e-10 2.07686e-10 1.51377e-10 1.06547e-10 7.26137e-11 4.80973e-11 3.11116e-11 1.97577e-11 1.23829e-11 7.69526e-12 4.75772e-12 2.93392e-12 1.80825e-12 1.11794e-12 6.9683e-13 4.42646e-13 2.89032e-13 1.9301e-13 1.2724e-13 7.32916e-14 2.29722e-14 2.29722e-14 
4.13819e-13 1.09462e-12 1.89411e-12 2.93681e-12 4.40709e-12 6.55297e-12 9.72053e-12 1.43996e-11 2.12834e-11 3.13057e-11 4.56807e-11 6.58803e-11 9.35443e-11 1.30249e-10 1.77133e-10 2.34373e-10 3.00603e-10 3.72501e-10 4.44772e-10 5.10745e-10 5.63548e-10 5.97532e-10 6.09435e-10 5.9887e-10 5.68022e-10 5.20837e-10 4.62093e-10 3.96714e-10 3.29352e-10 2.64144e-10 2.04467e-10 1.52706e-10 1.1009e-10 7.67282e-11 5.18342e-11 3.40652e-11 2.18761e-11 1.37953e-11 8.58439e-12 5.293e-12 3.24559e-12 1.98445e-12 1.21355e-12 7.45974e-13 4.64069e-13 2.95481e-13 1.93613e-13 1.28267e-13 8.09421e-14 3.79043e-14 6.33721e-15 
5.98304e-13 1.1884e-12 1.91708e-12 2.92021e-12 4.37761e-12 6.53511e-12 9.73975e-12 1.44831e-11 2.14449e-11 3.15172e-11 4.58157e-11 6.56232e-11 9.22564e-11 1.26812e-10 1.69792e-10 2.20665e-10 2.7747e-10 3.36657e-10 3.9334e-10 4.4201e-10 4.77569e-10 4.9636e-10 4.9685e-10 4.79744e-10 4.47563e-10 4.0395e-10 3.52962e-10 2.98564e-10 2.44338e-10 1.93287e-10 1.47692e-10 1.08985e-10 7.77107e-11 5.36286e-11 3.59091e-11 2.34117e-11 1.49247e-11 9.34561e-12 5.77394e-12 3.53477e-12 2.15089e-12 1.30556e-12 7.94123e-13 4.8695e-13 3.03193e-13 1.94375e-13 1.2724e-13 8.34016e-14 4.78276e-14 1.51332e-14 1.51332e-14 
2.68548e-13 7.0623e-13 1.2175e-12 1.89411e-12 2.86536e-12 4.30399e-12 6.45006e-12 9.64577e-12 1.43682e-11 2.12576e-11 3.11277e-11 4.49439e-11 6.3747e-11 8.84851e-11 1.19766e-10 1.5753e-10 2.00732e-10 2.47133e-10 2.93354e-10 3.3526e-10 3.68646e-10 3.90036e-10 3.97358e-10 3.9028e-10 3.70112e-10 3.39381e-10 3.01255e-10 2.59014e-10 2.15691e-10 1.73873e-10 1.35581e-10 1.02206e-10 7.44786e-11 5.24998e-11 3.5854e-11 2.3783e-11 1.53751e-11 9.72518e-12 6.04536e-12 3.70829e-12 2.25461e-12 1.36318e-12 8.22735e-13 4.9887e-13 3.05534e-13 1.91228e-13 1.23117e-13 8.09421e-14 5.08344e-14 2.43814e-14 4.12901e-15 
3.78481e-13 7.41535e-13 1.1884e-12 1.81745e-12 2.74733e-12 4.13796e-12 6.22141e-12 9.3184e-12 1.38708e-11 2.04483e-11 2.97447e-11 4.25354e-11 5.95744e-11 8.14337e-11 1.08279e-10 1.39629e-10 1.74161e-10 2.09677e-10 2.43271e-10 2.71748e-10 2.92176e-10 3.02453e-10 3.0169e-10 2.90321e-10 2.6991e-10 2.42762e-10 2.11463e-10 1.78503e-10 1.46031e-10 1.15734e-10 8.88051e-11 6.59451e-11 4.73914e-11 3.29836e-11 2.22667e-11 1.46179e-11 9.36143e-12 5.87056e-12 3.62049e-12 2.20427e-12 1.33099e-12 7.99618e-13 4.80799e-13 2.91284e-13 1.78856e-13 1.13281e-13 7.32916e-14 4.78276e-14 2.85994e-14 9.27462e-15 9.27462e-15 
1.66343e-13 4.1928e-13 7.0623e-13 1.09462e-12 1.66509e-12 2.52066e-12 3.80582e-12 5.72946e-12 8.57613e-12 1.27211e-11 1.86331e-11 2.68476e-11 3.79113e-11 5.22847e-11 7.01929e-11 9.14621e-11 1.1537e-10 1.40577e-10 1.65188e-10 1.86972e-10 2.03724e-10 2.13662e-10 2.15773e-10 2.09991e-10 1.9717e-10 1.78861e-10 1.56981e-10 1.3347e-10 1.10032e-10 8.79872e-11 6.82433e-11 5.13217e-11 3.74119e-11 2.64368e-11 1.81216e-11 1.20671e-11 7.8253e-12 4.95606e-12 3.07751e-12 1.88053e-12 1.13565e-12 6.80948e-13 4.06953e-13 2.44293e-13 1.47895e-13 9.20274e-14 5.87462e-14 3.79043e-14 2.43814e-14 1.29083e-14 2.677e-15 
2.07146e-13 3.78481e-13 5.98304e-13 9.15436e-13 1.39138e-12 2.10833e-12 3.18781e-12 4.79461e-12 7.15238e-12 1.05424e-11 1.52939e-11 2.17572e-11 3.02425e-11 4.09407e-11 5.38164e-11 6.85099e-11 8.42753e-11 9.99956e-11 1.14286e-10 1.25697e-10 1.32967e-10 1.35267e-10 1.32365e-10 1.2467e-10 1.13134e-10 9.90517e-11 8.38102e-11 6.86545e-11 5.45408e-11 4.20802e-11 3.15581e-11 2.30144e-11 1.63229e-11 1.12598e-11 7.55802e-12 4.94205e-12 3.15369e-12 1.96932e-12 1.20723e-12 7.29375e-13 4.35663e-13 2.59108e-13 1.53617e-13 9.2313e-14 5.67143e-14 3.54844e-14 2.29722e-14 1.51332e-14 9.27462e-15 4.54036e-15 4.54036e-15 
7.99952e-14 1.66343e-13 2.68548e-13 4.13819e-13 6.29084e-13 9.56237e-13 1.44924e-12 2.18908e-12 3.28085e-12 4.86366e-12 7.10351e-12 1.01829e-11 1.4275e-11 1.95015e-11 2.5883e-11 3.32865e-11 4.13794e-11 4.96281e-11 5.73331e-11 6.37239e-11 6.80822e-11 6.98785e-11 6.88795e-11 6.52e-11 5.92829e-11 5.18068e-11 4.35584e-11 3.52898e-11 2.76074e-11 2.09078e-11 1.53726e-11 1.1004e-11 7.68774e-12 5.24958e-12 3.50761e-12 2.294e-12 1.46931e-12 9.21851e-13 5.67987e-13 3.44435e-13 2.06324e-13 1.22502e-13 7.22491e-14 4.31136e-14 2.5749e-14 1.63712e-14 1.00849e-14 6.33721e-15 4.12901e-15 2.677e-15 9.99459e-16 
