1 101 51
0 0 0 0 0 9.77062e-16 9.74382e-16 9.73955e-16 1.95154e-15 2.93822e-15 3.93653e-15 5.93458e-15 8.94172e-15 1.29595e-14 1.898e-14 2.69932e-14 3.79821e-14 5.29263e-14 7.18068e-14 9.46133e-14 1.23336e-13 1.54999e-13 1.91612e-13 2.29225e-13 2.66871e-13 3.01593e-13 3.32406e-13 3.55339e-13 3.68394e-13 3.71548e-13 3.63785e-13 3.46074e-13 3.20386e-13 2.88694e-13 2.52982e-13 2.15236e-13 1.79445e-13 1.45612e-13 1.15739e-13 8.98316e-14 6.88953e-14 5.19379e-14 3.89647e-14 2.79818e-14 2.09907e-14 1.49958e-14 9.99838e-15 6.99939e-15 4.99976e-15 2.99993e-15 2.99993e-15 
0 0 0 0 9.35296e-16 9.18566e-16 9.06963e-16 1.80363e-15 2.7106e-15 3.64595e-15 6.46911e-15 9.39451e-15 1.33723e-14 2.03577e-14 2.94265e-14 4.15348e-14 5.96087e-14 8.25785e-14 1.11317e-13 1.4669e-13 1.89582e-13 2.38941e-13 2.92815e-13 3.50314e-13 4.08652e-13 4.6411e-13 5.12969e-13 5.52441e-13 5.78704e-13 5.89798e-13 5.84671e-13 5.64167e-13 5.29115e-13 4.83277e-13 4.29473e-13 3.71542e-13 3.13368e-13 2.58881e-13 2.08103e-13 1.64029e-13 1.27695e-13 9.717e-14 7.2492e-14 5.36977e-14 3.9824e-14 2.89022e-14 1.99496e-14 1.49728e-14 9.98783e-15 6.99547e-15 2.99993e-15 
0 0 0 9.01903e-16 8.73718e-16 1.7047e-15 2.51901e-15 3.34693e-15 4.21733e-15 6.86818e-15 1.05538e-14 1.53571e-14 2.31797e-14 3.31986e-14 4.82884e-14 6.94455e-14 9.55918e-14 1.30465e-13 1.72824e-13 2.23376e-13 2.81882e-13 3.47228e-13 4.16523e-13 4.8707e-13 5.56323e-13 6.19896e-13 6.73413e-13 7.12413e-13 7.35134e-13 7.38692e-13 7.21956e-13 6.87502e-13 6.37885e-13 5.75688e-13 5.0644e-13 4.34814e-13 3.63645e-13 2.97783e-13 2.38262e-13 1.8712e-13 1.44457e-13 1.0939e-13 8.20068e-14 6.04074e-14 4.46503e-14 3.18037e-14 2.28902e-14 1.59423e-14 1.09736e-14 6.99547e-15 6.99547e-15 
0 0 9.24695e-16 8.80755e-16 8.42548e-16 1.62439e-15 2.37372e-15 3.12389e-15 4.69231e-15 7.14636e-15 9.78199e-15 1.51655e-14 2.26894e-14 3.33841e-14 4.92198e-14 7.03091e-14 9.94761e-14 1.3561e-13 1.81318e-13 2.36209e-13 3.00836e-13 3.71915e-13 4.49282e-13 5.30104e-13 6.09919e-13 6.84522e-13 7.50767e-13 8.02661e-13 8.37818e-13 8.52671e-13 8.46206e-13 8.18128e-13 7.70832e-13 7.06686e-13 6.31888e-13 5.50879e-13 4.69189e-13 3.89621e-13 3.17006e-13 2.52411e-13 1.96937e-13 1.51713e-13 1.1493e-13 8.57337e-14 6.32419e-14 4.655e-14 3.37376e-14 2.38519e-14 1.69214e-14 1.09736e-14 4.99976e-15 
0 9.24695e-16 8.71198e-16 8.24473e-16 1.57401e-15 2.27768e-15 2.96704e-15 4.41231e-15 6.66472e-15 9.8363e-15 1.40738e-14 2.19576e-14 3.2193e-14 4.75364e-14 6.82425e-14 9.71571e-14 1.35235e-13 1.82253e-13 2.40684e-13 3.08068e-13 3.85791e-13 4.70502e-13 5.59113e-13 6.48888e-13 7.3459e-13 8.13172e-13 8.78887e-13 9.27824e-13 9.54922e-13 9.60373e-13 9.41259e-13 8.99039e-13 8.37829e-13 7.60802e-13 6.73084e-13 5.81851e-13 4.90686e-13 4.04278e-13 3.26514e-13 2.585e-13 2.01387e-13 1.54403e-13 1.16755e-13 8.76215e-14 6.41767e-14 4.75013e-14 3.37089e-14 2.48281e-14 1.69214e-14 9.98783e-15 9.98783e-15 
0 0 8.71198e-16 8.16696e-16 1.54698e-15 2.22277e-15 2.87285e-15 4.23201e-15 6.32514e-15 9.24323e-15 1.38631e-14 2.04391e-14 3.00305e-14 4.4605e-14 6.45685e-14 9.27998e-14 1.30418e-13 1.78302e-13 2.37089e-13 3.08177e-13 3.89969e-13 4.80839e-13 5.78348e-13 6.78455e-13 7.75648e-13 8.66748e-13 9.46988e-13 1.00989e-12 1.0526e-12 1.07015e-12 1.06273e-12 1.02922e-12 9.71907e-13 8.95718e-13 8.04652e-13 7.04681e-13 6.02914e-13 5.04809e-13 4.13175e-13 3.31921e-13 2.61232e-13 2.03273e-13 1.55371e-13 1.17741e-13 8.76223e-14 6.51553e-14 4.74861e-14 3.4687e-14 2.48281e-14 1.59423e-14 6.99939e-15 
0 8.80755e-16 8.16696e-16 1.53567e-15 2.19523e-15 2.82399e-15 4.13443e-15 6.12524e-15 8.85306e-15 1.31291e-14 1.91853e-14 2.80596e-14 4.09159e-14 5.97999e-14 8.6887e-14 1.22609e-13 1.69766e-13 2.29237e-13 3.02543e-13 3.87205e-13 4.83378e-13 5.88394e-13 6.97857e-13 8.0775e-13 9.12646e-13 1.0076e-12 1.08615e-12 1.14477e-12 1.17792e-12 1.18347e-12 1.16157e-12 1.11105e-12 1.03778e-12 9.4473e-13 8.39519e-13 7.29001e-13 6.18385e-13 5.1312e-13 4.17945e-13 3.33962e-13 2.62365e-13 2.02458e-13 1.55494e-13 1.16836e-13 8.76585e-14 6.51627e-14 4.74808e-14 3.4687e-14 2.38519e-14 1.49728e-14 1.49728e-14 
0 9.01903e-16 8.24473e-16 1.53567e-15 2.18431e-15 2.80257e-15 4.0928e-15 6.03572e-15 8.65377e-15 1.26904e-14 1.76384e-14 2.58106e-14 3.76803e-14 5.5286e-14 8.00715e-14 1.14256e-13 1.59153e-13 2.17579e-13 2.904e-13 3.77204e-13 4.77258e-13 5.88726e-13 7.06949e-13 8.28439e-13 9.47306e-13 1.05821e-12 1.15354e-12 1.22978e-12 1.27982e-12 1.30193e-12 1.29304e-12 1.25329e-12 1.18599e-12 1.09415e-12 9.8617e-13 8.67739e-13 7.45654e-13 6.27934e-13 5.1724e-13 4.18357e-13 3.33413e-13 2.60781e-13 2.01749e-13 1.5469e-13 1.16933e-13 8.76975e-14 6.51695e-14 4.74808e-14 3.37089e-14 2.28902e-14 9.99838e-15 
9.35296e-16 8.42548e-16 1.54698e-15 2.18431e-15 2.79531e-15 4.08117e-15 6.01589e-15 8.59901e-15 1.25198e-14 1.72085e-14 2.4854e-14 3.51633e-14 5.07456e-14 7.30783e-14 1.0448e-13 1.47316e-13 2.03002e-13 2.7436e-13 3.61337e-13 4.63404e-13 5.78777e-13 7.0548e-13 8.37842e-13 9.70442e-13 1.09742e-12 1.21073e-12 1.30571e-12 1.37529e-12 1.41526e-12 1.42303e-12 1.39644e-12 1.33737e-12 1.25085e-12 1.14159e-12 1.01788e-12 8.87181e-13 7.5628e-13 6.32287e-13 5.17925e-13 4.18069e-13 3.31093e-13 2.59277e-13 2.0107e-13 1.53884e-13 1.1603e-13 8.77208e-14 6.51695e-14 4.74861e-14 3.37376e-14 1.99496e-14 1.99496e-14 
0 8.73718e-16 1.57401e-15 2.19523e-15 2.79531e-15 4.7604e-15 6.02685e-15 8.6276e-15 1.1882e-14 1.71326e-14 2.38169e-14 3.34976e-14 4.79823e-14 6.79856e-14 9.65106e-14 1.3529e-13 1.87531e-13 2.5558e-13 3.40634e-13 4.42547e-13 5.60676e-13 6.93115e-13 8.34995e-13 9.80525e-13 1.12331e-12 1.25566e-12 1.3706e-12 1.46084e-12 1.52132e-12 1.54705e-12 1.53727e-12 1.4907e-12 1.41183e-12 1.30552e-12 1.17908e-12 1.04068e-12 8.99591e-13 7.61682e-13 6.32246e-13 5.1694e-13 4.15041e-13 3.28827e-13 2.57774e-13 1.99384e-13 1.53037e-13 1.16075e-13 8.77208e-14 6.51627e-14 4.75013e-14 3.18037e-14 1.49958e-14 
9.18566e-16 1.62439e-15 2.22277e-15 2.80257e-15 4.7604e-15 6.03981e-15 8.68202e-15 1.19962e-14 1.72955e-14 2.39209e-14 3.26365e-14 4.57156e-14 6.37039e-14 8.94891e-14 1.2487e-13 1.73208e-13 2.36361e-13 3.17487e-13 4.17812e-13 5.36304e-13 6.72187e-13 8.20704e-13 9.76786e-13 1.13452e-12 1.28565e-12 1.42163e-12 1.53468e-12 1.61772e-12 1.66494e-12 1.67325e-12 1.6419e-12 1.57405e-12 1.47398e-12 1.34822e-12 1.20573e-12 1.0555e-12 9.04923e-13 7.61777e-13 6.29596e-13 5.1322e-13 4.12048e-13 3.26536e-13 2.56212e-13 1.98606e-13 1.53109e-13 1.16075e-13 8.76975e-14 6.51553e-14 4.655e-14 2.89022e-14 2.89022e-14 
9.77062e-16 1.7047e-15 2.27768e-15 2.82399e-15 4.08117e-15 6.03981e-15 8.72013e-15 1.21216e-14 1.68853e-14 2.3642e-14 3.23723e-14 4.4511e-14 6.1707e-14 8.45776e-14 1.16837e-13 1.6047e-13 2.19026e-13 2.94523e-13 3.91012e-13 5.07325e-13 6.43128e-13 7.96633e-13 9.62031e-13 1.13227e-12 1.30128e-12 1.45806e-12 1.59414e-12 1.701e-12 1.77266e-12 1.80256e-12 1.79038e-12 1.73623e-12 1.64488e-12 1.52224e-12 1.37824e-12 1.22167e-12 1.06146e-12 9.05017e-13 7.58369e-13 6.25187e-13 5.08572e-13 4.08041e-13 3.24153e-13 2.54545e-13 1.98713e-13 1.53109e-13 1.1603e-13 8.76585e-14 6.41767e-14 4.46503e-14 2.09907e-14 
9.06963e-16 2.37372e-15 2.87285e-15 4.0928e-15 6.02685e-15 8.72013e-15 1.21994e-14 1.71233e-14 2.41216e-14 3.31081e-14 4.47088e-14 6.03583e-14 8.24179e-14 1.1157e-13 1.50987e-13 2.04237e-13 2.74379e-13 3.6438e-13 4.76065e-13 6.0983e-13 7.64476e-13 9.35482e-13 1.11765e-12 1.302e-12 1.47869e-12 1.63851e-12 1.77127e-12 1.86775e-12 1.92306e-12 1.93169e-12 1.89512e-12 1.81603e-12 1.70081e-12 1.5578e-12 1.39759e-12 1.22884e-12 1.06042e-12 8.99824e-13 7.51365e-13 6.18913e-13 5.03854e-13 4.04871e-13 3.22594e-13 2.53719e-13 1.98713e-13 1.53037e-13 1.16933e-13 8.76223e-14 6.32419e-14 3.9824e-14 3.9824e-14 
9.74382e-16 2.51901e-15 2.96704e-15 4.13443e-15 6.01589e-15 8.68202e-15 1.21994e-14 1.72628e-14 2.38327e-14 3.32062e-14 4.52438e-14 6.12301e-14 8.18743e-14 1.08872e-13 1.4574e-13 1.94411e-13 2.58653e-13 3.41741e-13 4.47597e-13 5.76675e-13 7.28549e-13 9.01876e-13 1.09111e-12 1.28823e-12 1.48397e-12 1.66662e-12 1.82603e-12 1.95036e-12 2.03148e-12 2.06558e-12 2.04905e-12 1.98514e-12 1.87992e-12 1.7413e-12 1.58004e-12 1.40558e-12 1.22734e-12 1.05424e-12 8.92065e-13 7.44423e-13 6.13513e-13 4.99934e-13 4.02474e-13 3.21824e-13 2.53719e-13 1.98606e-13 1.53884e-13 1.16836e-13 8.76215e-14 6.04074e-14 2.79818e-14 
1.80363e-15 3.12389e-15 4.23201e-15 6.03572e-15 8.6276e-15 1.21216e-14 1.72628e-14 2.40597e-14 3.38491e-14 4.57532e-14 6.17146e-14 8.22522e-14 1.08743e-13 1.43585e-13 1.88944e-13 2.48284e-13 3.24871e-13 4.22952e-13 5.452e-13 6.92969e-13 8.65126e-13 1.05778e-12 1.26426e-12 1.47538e-12 1.67987e-12 1.86413e-12 2.01709e-12 2.12797e-12 2.18884e-12 2.19607e-12 2.15058e-12 2.05819e-12 1.92652e-12 1.76673e-12 1.58924e-12 1.40325e-12 1.21995e-12 1.04469e-12 8.82551e-13 7.36466e-13 6.07922e-13 4.96731e-13 4.01772e-13 3.21824e-13 2.54545e-13 1.99384e-13 1.5469e-13 1.17741e-13 8.57337e-14 5.36977e-14 5.36977e-14 
9.73955e-16 3.34693e-15 4.41231e-15 6.12524e-15 8.59901e-15 1.19962e-14 1.71233e-14 2.40597e-14 3.34776e-14 4.67106e-14 6.27772e-14 8.35799e-14 1.10297e-13 1.44241e-13 1.87793e-13 2.43868e-13 3.15323e-13 4.06347e-13 5.21476e-13 6.6141e-13 8.29169e-13 1.02135e-12 1.23309e-12 1.45579e-12 1.67822e-12 1.88709e-12 2.06864e-12 2.21007e-12 2.29988e-12 2.33391e-12 2.31046e-12 2.23403e-12 2.11205e-12 1.95628e-12 1.77656e-12 1.58653e-12 1.39432e-12 1.20843e-12 1.03348e-12 8.72995e-13 7.30189e-13 6.03942e-13 4.95146e-13 4.01772e-13 3.22594e-13 2.56212e-13 2.0107e-13 1.55494e-13 1.16755e-13 8.20068e-14 3.89647e-14 
2.7106e-15 4.69231e-15 6.32514e-15 8.65377e-15 1.1882e-14 1.68853e-14 2.38327e-14 3.34776e-14 4.64822e-14 6.33828e-14 8.53535e-14 1.12715e-13 1.47315e-13 1.90379e-13 2.44256e-13 3.12611e-13 3.98381e-13 5.0596e-13 6.38693e-13 7.99057e-13 9.87273e-13 1.19995e-12 1.42967e-12 1.66667e-12 1.89769e-12 2.1057e-12 2.27761e-12 2.39895e-12 2.46279e-12 2.46347e-12 2.40561e-12 2.29632e-12 2.14545e-12 1.96783e-12 1.77376e-12 1.57473e-12 1.37967e-12 1.19357e-12 1.02137e-12 8.65101e-13 7.24509e-13 6.01495e-13 4.95146e-13 4.02474e-13 3.24153e-13 2.57774e-13 2.01749e-13 1.55371e-13 1.1493e-13 7.2492e-14 7.2492e-14 
1.95154e-15 4.21733e-15 6.66472e-15 8.85306e-15 1.25198e-14 1.72955e-14 2.41216e-14 3.38491e-14 4.64822e-14 6.41094e-14 8.64536e-14 1.14594e-13 1.50311e-13 1.93791e-13 2.48486e-13 3.15113e-13 3.98102e-13 5.01187e-13 6.26733e-13 7.79867e-13 9.61906e-13 1.17101e-12 1.4038e-12 1.65032e-12 1.89879e-12 2.13137e-12 2.33318e-12 2.48678e-12 2.58124e-12 2.60902e-12 2.57257e-12 2.47754e-12 2.33531e-12 2.15973e-12 1.96334e-12 1.76033e-12 1.55747e-12 1.36188e-12 1.17975e-12 1.01092e-12 8.58696e-13 7.22173e-13 6.01495e-13 4.96731e-13 4.04871e-13 3.26536e-13 2.59277e-13 2.02458e-13 1.54403e-13 1.0939e-13 5.19379e-14 
3.64595e-15 7.14636e-15 9.24323e-15 1.26904e-14 1.71326e-14 2.3642e-14 3.32062e-14 4.67106e-14 6.41094e-14 8.66507e-14 1.16292e-13 1.52431e-13 1.9836e-13 2.53303e-13 3.21433e-13 4.04092e-13 5.04896e-13 6.26881e-13 7.74091e-13 9.48972e-13 1.15392e-12 1.38507e-12 1.63673e-12 1.8971e-12 2.15077e-12 2.37939e-12 2.56448e-12 2.69105e-12 2.74838e-12 2.7353e-12 2.65632e-12 2.52408e-12 2.35151e-12 2.1545e-12 1.94754e-12 1.73814e-12 1.53643e-12 1.34436e-12 1.16672e-12 1.00379e-12 8.55531e-13 7.22173e-13 6.03942e-13 4.99934e-13 4.08041e-13 3.28827e-13 2.60781e-13 2.03273e-13 1.51713e-13 9.717e-14 9.717e-14 
2.93822e-15 6.86818e-15 9.8363e-15 1.31291e-14 1.72085e-14 2.39209e-14 3.31081e-14 4.57532e-14 6.33828e-14 8.66507e-14 1.16783e-13 1.54837e-13 2.01682e-13 2.58884e-13 3.28778e-13 4.12972e-13 5.14272e-13 6.36197e-13 7.80248e-13 9.5219e-13 1.15172e-12 1.38084e-12 1.63358e-12 1.90192e-12 2.1714e-12 2.42373e-12 2.63768e-12 2.79536e-12 2.88353e-12 2.89609e-12 2.83489e-12 2.71245e-12 2.54401e-12 2.34635e-12 2.13543e-12 1.92151e-12 1.71337e-12 1.51499e-12 1.32957e-12 1.15698e-12 9.99803e-13 8.55531e-13 7.24509e-13 6.07922e-13 5.03854e-13 4.12048e-13 3.31093e-13 2.62365e-13 2.01387e-13 1.44457e-13 6.88953e-14 
6.46911e-15 9.78199e-15 1.38631e-14 1.76384e-14 2.38169e-14 3.23723e-14 4.52438e-14 6.27772e-14 8.64536e-14 1.16783e-13 1.55674e-13 2.04068e-13 2.64405e-13 3.36427e-13 4.24018e-13 5.27777e-13 6.51984e-13 7.97643e-13 9.68609e-13 1.16771e-12 1.39491e-12 1.64869e-12 1.92249e-12 2.20354e-12 2.47466e-12 2.7147e-12 2.9021e-12 3.02058e-12 3.0581e-12 3.01578e-12 2.90449e-12 2.73879e-12 2.53876e-12 2.32294e-12 2.10373e-12 1.89056e-12 1.6876e-12 1.49642e-12 1.31809e-12 1.15217e-12 9.99803e-13 8.58696e-13 7.30189e-13 6.13513e-13 5.08572e-13 4.15041e-13 3.33413e-13 2.61232e-13 1.96937e-13 1.27695e-13 1.27695e-13 
3.93653e-15 1.05538e-14 1.40738e-14 1.91853e-14 2.4854e-14 3.26365e-14 4.47088e-14 6.17146e-14 8.53535e-14 1.16292e-13 1.55674e-13 2.06156e-13 2.677e-13 3.42626e-13 4.33109e-13 5.42045e-13 6.6982e-13 8.2056e-13 9.96708e-13 1.19887e-12 1.42926e-12 1.68573e-12 1.96469e-12 2.25654e-12 2.54362e-12 2.80682e-12 3.02144e-12 3.16747e-12 3.22975e-12 3.20595e-12 3.10303e-12 2.93837e-12 2.73499e-12 2.51152e-12 2.28527e-12 2.06656e-12 1.85898e-12 1.66496e-12 1.48218e-12 1.31243e-12 1.15217e-12 1.00379e-12 8.65101e-13 7.36466e-13 6.18913e-13 5.1322e-13 4.18069e-13 3.33962e-13 2.585e-13 1.8712e-13 8.98316e-14 
9.39451e-15 1.51655e-14 2.04391e-14 2.58106e-14 3.34976e-14 4.4511e-14 6.12301e-14 8.35799e-14 1.14594e-13 1.54837e-13 2.06156e-13 2.69381e-13 3.46891e-13 4.41811e-13 5.54442e-13 6.88426e-13 8.46483e-13 1.02997e-12 1.24121e-12 1.4799e-12 1.74597e-12 2.03504e-12 2.33891e-12 2.64317e-12 2.92749e-12 3.16768e-12 3.33898e-12 3.42336e-12 3.41463e-12 3.31812e-12 3.15094e-12 2.93765e-12 2.70342e-12 2.46726e-12 2.24063e-12 2.02832e-12 1.83178e-12 1.64776e-12 1.4747e-12 1.31243e-12 1.15698e-12 1.01092e-12 8.72995e-13 7.44423e-13 6.25187e-13 5.1694e-13 4.18357e-13 3.31921e-13 2.52411e-13 1.64029e-13 1.64029e-13 
5.93458e-15 1.53571e-14 2.19576e-14 2.80596e-14 3.51633e-14 4.57156e-14 6.03583e-14 8.22522e-14 1.12715e-13 1.52431e-13 2.04068e-13 2.69381e-13 3.49044e-13 4.47115e-13 5.64868e-13 7.05143e-13 8.70563e-13 1.06537e-12 1.28895e-12 1.54178e-12 1.82432e-12 2.13157e-12 2.45437e-12 2.78119e-12 3.0901e-12 3.35641e-12 3.55265e-12 3.65693e-12 3.65958e-12 3.56327e-12 3.38636e-12 3.15691e-12 2.90374e-12 2.65001e-12 2.41182e-12 2.19364e-12 1.99409e-12 1.8104e-12 1.63837e-12 1.4747e-12 1.31809e-12 1.16672e-12 1.02137e-12 8.82551e-13 7.51365e-13 6.29596e-13 5.17925e-13 4.17945e-13 3.26514e-13 2.38262e-13 1.15739e-13 
1.33723e-14 2.26894e-14 3.00305e-14 3.76803e-14 4.79823e-14 6.1707e-14 8.18743e-14 1.10297e-13 1.50311e-13 2.01682e-13 2.677e-13 3.49044e-13 4.49765e-13 5.71217e-13 7.17307e-13 8.91705e-13 1.09776e-12 1.33601e-12 1.60908e-12 1.91378e-12 2.24794e-12 2.60065e-12 2.95998e-12 3.30258e-12 3.60187e-12 3.8272e-12 3.95232e-12 3.96238e-12 3.85955e-12 3.66426e-12 3.40581e-12 3.12204e-12 2.84098e-12 2.58261e-12 2.35359e-12 2.15133e-12 1.96887e-12 1.7998e-12 1.63837e-12 1.48218e-12 1.32957e-12 1.17975e-12 1.03348e-12 8.92065e-13 7.58369e-13 6.32246e-13 5.1724e-13 4.13175e-13 3.17006e-13 2.08103e-13 2.08103e-13 
8.94172e-15 2.31797e-14 3.2193e-14 4.09159e-14 5.07456e-14 6.37039e-14 8.24179e-14 1.08743e-13 1.47315e-13 1.9836e-13 2.64405e-13 3.46891e-13 4.49765e-13 5.75263e-13 7.26482e-13 9.08257e-13 1.12425e-12 1.37861e-12 1.67344e-12 2.00673e-12 2.37588e-12 2.76996e-12 3.17513e-12 3.56632e-12 3.91424e-12 4.18087e-12 4.33399e-12 4.35281e-12 4.23815e-12 4.01016e-12 3.70783e-12 3.37535e-12 3.05058e-12 2.75999e-12 2.51093e-12 2.30084e-12 2.11974e-12 1.95504e-12 1.7998e-12 1.64776e-12 1.49642e-12 1.34436e-12 1.19357e-12 1.04469e-12 8.99824e-13 7.61777e-13 6.32287e-13 5.1312e-13 4.04278e-13 2.97783e-13 1.45612e-13 
2.03577e-14 3.33841e-14 4.4605e-14 5.5286e-14 6.79856e-14 8.45776e-14 1.08872e-13 1.44241e-13 1.93791e-13 2.58884e-13 3.42626e-13 4.47115e-13 5.75263e-13 7.31e-13 9.19298e-13 1.14509e-12 1.41482e-12 1.73078e-12 2.09495e-12 2.50414e-12 2.95017e-12 3.41641e-12 3.87535e-12 4.29221e-12 4.62206e-12 4.82198e-12 4.86064e-12 4.73326e-12 4.46297e-12 4.09654e-12 3.69116e-12 3.29811e-12 2.95347e-12 2.67125e-12 2.4456e-12 2.26169e-12 2.1031e-12 1.95504e-12 1.8104e-12 1.66496e-12 1.51499e-12 1.36188e-12 1.20843e-12 1.05424e-12 9.05017e-13 7.61682e-13 6.27934e-13 5.04809e-13 3.89621e-13 2.58881e-13 2.58881e-13 
1.29595e-14 3.31986e-14 4.75364e-14 5.97999e-14 7.30783e-14 8.94891e-14 1.1157e-13 1.43585e-13 1.90379e-13 2.53303e-13 3.36427e-13 4.41811e-13 5.71217e-13 7.31e-13 9.24224e-13 1.15875e-12 1.44155e-12 1.77742e-12 2.17146e-12 2.6237e-12 3.12793e-12 3.66834e-12 4.21513e-12 4.72802e-12 5.15142e-12 5.42768e-12 5.51197e-12 5.38445e-12 5.06833e-12 4.61839e-12 4.10996e-12 3.61517e-12 3.1852e-12 2.84448e-12 2.58813e-12 2.39555e-12 2.23994e-12 2.1031e-12 1.96887e-12 1.83178e-12 1.6876e-12 1.53643e-12 1.37967e-12 1.21995e-12 1.06042e-12 9.04923e-13 7.5628e-13 6.18385e-13 4.90686e-13 3.63645e-13 1.79445e-13 
2.94265e-14 4.92198e-14 6.45685e-14 8.00715e-14 9.65106e-14 1.16837e-13 1.4574e-13 1.87793e-13 2.48486e-13 3.28778e-13 4.33109e-13 5.64868e-13 7.26482e-13 9.24224e-13 1.16583e-12 1.45852e-12 1.81242e-12 2.23358e-12 2.7282e-12 3.29253e-12 3.9145e-12 4.56578e-12 5.2008e-12 5.7542e-12 6.15124e-12 6.32224e-12 6.22676e-12 5.87629e-12 5.33201e-12 4.6896e-12 4.04961e-12 3.4909e-12 3.05448e-12 2.74164e-12 2.52484e-12 2.36855e-12 2.23994e-12 2.11974e-12 1.99409e-12 1.85898e-12 1.71337e-12 1.55747e-12 1.39432e-12 1.22734e-12 1.06146e-12 8.99591e-13 7.45654e-13 6.02914e-13 4.69189e-13 3.13368e-13 3.13368e-13 
1.898e-14 4.82884e-14 6.82425e-14 8.6887e-14 1.0448e-13 1.2487e-13 1.50987e-13 1.88944e-13 2.44256e-13 3.21433e-13 4.24018e-13 5.54442e-13 7.17307e-13 9.19298e-13 1.16583e-12 1.46759e-12 1.83508e-12 2.27994e-12 2.81158e-12 3.43464e-12 4.14062e-12 4.9067e-12 5.68683e-12 6.40706e-12 6.97481e-12 7.2902e-12 7.28246e-12 6.93378e-12 6.30262e-12 5.50248e-12 4.67138e-12 3.92608e-12 3.33866e-12 2.92679e-12 2.66053e-12 2.48966e-12 2.36855e-12 2.26169e-12 2.15133e-12 2.02832e-12 1.89056e-12 1.73814e-12 1.57473e-12 1.40325e-12 1.22884e-12 1.0555e-12 8.87181e-13 7.29001e-13 5.81851e-13 4.34814e-13 2.15236e-13 
4.15348e-14 7.03091e-14 9.27998e-14 1.14256e-13 1.3529e-13 1.6047e-13 1.94411e-13 2.43868e-13 3.15113e-13 4.12972e-13 5.42045e-13 7.05143e-13 9.08257e-13 1.15875e-12 1.46759e-12 1.84593e-12 2.31054e-12 2.87311e-12 3.54758e-12 4.33436e-12 5.21816e-12 6.15757e-12 7.07603e-12 7.86624e-12 8.39722e-12 8.55242e-12 8.27284e-12 7.5905e-12 6.6296e-12 5.56666e-12 4.57046e-12 3.76033e-12 3.18463e-12 2.8245e-12 2.61541e-12 2.48966e-12 2.39555e-12 2.30084e-12 2.19364e-12 2.06656e-12 1.92151e-12 1.76033e-12 1.58653e-12 1.40558e-12 1.22167e-12 1.04068e-12 8.67739e-13 7.04681e-13 5.50879e-13 3.71542e-13 3.71542e-13 
2.69932e-14 6.94455e-14 9.71571e-14 1.22609e-13 1.47316e-13 1.73208e-13 2.04237e-13 2.48284e-13 3.12611e-13 4.04092e-13 5.27777e-13 6.88426e-13 8.91705e-13 1.14509e-12 1.45852e-12 1.84593e-12 2.32469e-12 2.91367e-12 3.63054e-12 4.48852e-12 5.48381e-12 6.5866e-12 7.72502e-12 8.78239e-12 9.60181e-12 1.00153e-11 9.9009e-12 9.24209e-12 8.15087e-12 6.83514e-12 5.52689e-12 4.40952e-12 3.58455e-12 3.05866e-12 2.76735e-12 2.61541e-12 2.52484e-12 2.4456e-12 2.35359e-12 2.24063e-12 2.10373e-12 1.94754e-12 1.77376e-12 1.58924e-12 1.39759e-12 1.20573e-12 1.01788e-12 8.39519e-13 6.73084e-13 5.0644e-13 2.52982e-13 
5.96087e-14 9.94761e-14 1.30418e-13 1.59153e-13 1.87531e-13 2.19026e-13 2.58653e-13 3.15323e-13 3.98102e-13 5.14272e-13 6.6982e-13 8.70563e-13 1.12425e-12 1.44155e-12 1.83508e-12 2.32469e-12 2.93253e-12 3.68374e-12 4.60159e-12 5.69515e-12 6.95262e-12 8.31611e-12 9.67281e-12 1.08475e-11 1.16216e-11 1.17983e-11 1.12796e-11 1.01311e-11 8.57672e-12 6.91099e-12 5.4031e-12 4.22545e-12 3.43628e-12 2.98773e-12 2.76735e-12 2.66053e-12 2.58813e-12 2.51093e-12 2.41182e-12 2.28527e-12 2.13543e-12 1.96334e-12 1.77656e-12 1.58004e-12 1.37824e-12 1.17908e-12 9.8617e-13 8.04652e-13 6.31888e-13 4.29473e-13 4.29473e-13 
3.79821e-14 9.55918e-14 1.35235e-13 1.69766e-13 2.03002e-13 2.36361e-13 2.74379e-13 3.24871e-13 3.98381e-13 5.04896e-13 6.51984e-13 8.46483e-13 1.09776e-12 1.41482e-12 1.81242e-12 2.31054e-12 2.93253e-12 3.71043e-12 4.67351e-12 5.84937e-12 7.24322e-12 8.82104e-12 1.04866e-11 1.20631e-11 1.32967e-11 1.39068e-11 1.36869e-11 1.2613e-11 1.08817e-11 8.84738e-12 6.87556e-12 5.23808e-12 4.06419e-12 3.35102e-12 2.98773e-12 2.8245e-12 2.74164e-12 2.67125e-12 2.58261e-12 2.46726e-12 2.32294e-12 2.1545e-12 1.96783e-12 1.76673e-12 1.5578e-12 1.34822e-12 1.14159e-12 9.4473e-13 7.60802e-13 5.75688e-13 2.88694e-13 
8.25785e-14 1.3561e-13 1.78302e-13 2.17579e-13 2.5558e-13 2.94523e-13 3.41741e-13 4.06347e-13 5.01187e-13 6.36197e-13 8.2056e-13 1.06537e-12 1.37861e-12 1.77742e-12 2.27994e-12 2.91367e-12 3.71043e-12 4.70907e-12 5.94752e-12 7.45277e-12 9.21897e-12 1.11791e-11 1.31767e-11 1.49431e-11 1.61291e-11 1.64009e-11 1.55923e-11 1.38192e-11 1.14538e-11 8.97108e-12 6.76976e-12 5.0822e-12 3.96957e-12 3.35102e-12 3.05866e-12 2.92679e-12 2.84448e-12 2.75999e-12 2.65001e-12 2.51152e-12 2.34635e-12 2.15973e-12 1.95628e-12 1.7413e-12 1.52224e-12 1.30552e-12 1.09415e-12 8.95718e-13 7.06686e-13 4.83277e-13 4.83277e-13 
5.29263e-14 1.30465e-13 1.82253e-13 2.29237e-13 2.7436e-13 3.17487e-13 3.6438e-13 4.22952e-13 5.0596e-13 6.26881e-13 7.97643e-13 1.02997e-12 1.33601e-12 1.73078e-12 2.23358e-12 2.87311e-12 3.68374e-12 4.70907e-12 5.99462e-12 7.58599e-12 9.50478e-12 1.1724e-11 1.41229e-11 1.64556e-11 1.83322e-11 1.92975e-11 1.90042e-11 1.74068e-11 1.48287e-11 1.18343e-11 8.98291e-12 6.64973e-12 4.98829e-12 3.96957e-12 3.43628e-12 3.18463e-12 3.05448e-12 2.95347e-12 2.84098e-12 2.70342e-12 2.53876e-12 2.35151e-12 2.14545e-12 1.92652e-12 1.70081e-12 1.47398e-12 1.25085e-12 1.03778e-12 8.37829e-13 6.37885e-13 3.20386e-13 
1.11317e-13 1.81318e-13 2.37089e-13 2.904e-13 3.40634e-13 3.91012e-13 4.47597e-13 5.21476e-13 6.26733e-13 7.80248e-13 9.96708e-13 1.28895e-12 1.67344e-12 2.17146e-12 2.81158e-12 3.63054e-12 4.67351e-12 5.99462e-12 7.65066e-12 9.68584e-12 1.21116e-11 1.48626e-11 1.7741e-11 2.03659e-11 2.21988e-11 2.2698e-11 2.15813e-11 1.902e-11 1.55998e-11 1.20483e-11 8.94084e-12 6.57239e-12 4.98829e-12 4.06419e-12 3.58455e-12 3.33866e-12 3.1852e-12 3.05058e-12 2.90374e-12 2.73499e-12 2.54401e-12 2.33531e-12 2.11205e-12 1.87992e-12 1.64488e-12 1.41183e-12 1.18599e-12 9.71907e-13 7.70832e-13 5.29115e-13 5.29115e-13 
7.18068e-14 1.72824e-13 2.40684e-13 3.02543e-13 3.61337e-13 4.17812e-13 4.76065e-13 5.452e-13 6.38693e-13 7.74091e-13 9.68609e-13 1.24121e-12 1.60908e-12 2.09495e-12 2.7282e-12 3.54758e-12 4.60159e-12 5.94752e-12 7.65066e-12 9.7718e-12 1.23522e-11 1.53828e-11 1.87354e-11 2.20902e-11 2.48904e-11 2.64392e-11 2.61697e-11 2.39771e-11 2.03465e-11 1.61273e-11 1.21424e-11 8.90185e-12 6.57239e-12 5.0822e-12 4.22545e-12 3.76033e-12 3.4909e-12 3.29811e-12 3.12204e-12 2.93765e-12 2.73879e-12 2.52408e-12 2.29632e-12 2.05819e-12 1.81603e-12 1.57405e-12 1.33737e-12 1.11105e-12 8.99039e-13 6.87502e-13 3.46074e-13 
1.4669e-13 2.36209e-13 3.08177e-13 3.77204e-13 4.42547e-13 5.07325e-13 5.76675e-13 6.6141e-13 7.79867e-13 9.5219e-13 1.19887e-12 1.54178e-12 2.00673e-12 2.6237e-12 3.43464e-12 4.48852e-12 5.84937e-12 7.58599e-12 9.7718e-12 1.24663e-11 1.57009e-11 1.94243e-11 2.3412e-11 2.71696e-11 2.99317e-11 3.08703e-11 2.95038e-11 2.60423e-11 2.13342e-11 1.64412e-11 1.21718e-11 8.90185e-12 6.64973e-12 5.23808e-12 4.40952e-12 3.92608e-12 3.61517e-12 3.37535e-12 3.15691e-12 2.93837e-12 2.71245e-12 2.47754e-12 2.23403e-12 1.98514e-12 1.73623e-12 1.4907e-12 1.25329e-12 1.02922e-12 8.18128e-13 5.64167e-13 5.64167e-13 
9.46133e-14 2.23376e-13 3.08068e-13 3.87205e-13 4.63404e-13 5.36304e-13 6.0983e-13 6.92969e-13 7.99057e-13 9.48972e-13 1.16771e-12 1.4799e-12 1.91378e-12 2.50414e-12 3.29253e-12 4.33436e-12 5.69515e-12 7.45277e-12 9.68584e-12 1.24663e-11 1.58481e-11 1.98358e-11 2.4308e-11 2.88961e-11 3.28857e-11 3.52914e-11 3.52341e-11 3.24763e-11 2.76582e-11 2.19767e-11 1.65827e-11 1.21718e-11 8.94084e-12 6.76976e-12 5.4031e-12 4.57046e-12 4.04961e-12 3.69116e-12 3.40581e-12 3.15094e-12 2.90449e-12 2.65632e-12 2.40561e-12 2.15058e-12 1.89512e-12 1.6419e-12 1.39644e-12 1.16157e-12 9.41259e-13 7.21956e-13 3.63785e-13 
1.89582e-13 3.00836e-13 3.89969e-13 4.77258e-13 5.60676e-13 6.43128e-13 7.28549e-13 8.29169e-13 9.61906e-13 1.15172e-12 1.42926e-12 1.82432e-12 2.37588e-12 3.12793e-12 4.14062e-12 5.48381e-12 7.24322e-12 9.50478e-12 1.23522e-11 1.58481e-11 2.00218e-11 2.48293e-11 3.00412e-11 3.5101e-11 3.90338e-11 4.0669e-11 3.9227e-11 3.48835e-11 2.87572e-11 2.22884e-11 1.65827e-11 1.21424e-11 8.98291e-12 6.87556e-12 5.52689e-12 4.67138e-12 4.10996e-12 3.70783e-12 3.38636e-12 3.10303e-12 2.83489e-12 2.57257e-12 2.31046e-12 2.04905e-12 1.79038e-12 1.53727e-12 1.29304e-12 1.06273e-12 8.46206e-13 5.84671e-13 5.84671e-13 
1.23336e-13 2.81882e-13 3.85791e-13 4.83378e-13 5.78777e-13 6.72187e-13 7.64476e-13 8.65126e-13 9.87273e-13 1.15392e-12 1.39491e-12 1.74597e-12 2.24794e-12 2.95017e-12 3.9145e-12 5.21816e-12 6.95262e-12 9.21897e-12 1.21116e-11 1.57009e-11 2.00218e-11 2.50574e-11 3.06837e-11 3.65354e-11 4.18146e-11 4.52808e-11 4.5684e-11 4.25399e-11 3.65677e-11 2.93091e-11 2.22884e-11 1.64412e-11 1.20483e-11 8.97108e-12 6.91099e-12 5.56666e-12 4.6896e-12 4.09654e-12 3.66426e-12 3.31812e-12 3.01578e-12 2.7353e-12 2.46347e-12 2.19607e-12 1.93169e-12 1.67325e-12 1.42303e-12 1.18347e-12 9.60373e-13 7.38692e-13 3.71548e-13 
2.38941e-13 3.71915e-13 4.80839e-13 5.88726e-13 6.93115e-13 7.96633e-13 9.01876e-13 1.02135e-12 1.17101e-12 1.38084e-12 1.68573e-12 2.13157e-12 2.76996e-12 3.66834e-12 4.9067e-12 6.5866e-12 8.82104e-12 1.1724e-11 1.53828e-11 1.98358e-11 2.50574e-11 3.09544e-11 3.73062e-11 4.35747e-11 4.86874e-11 5.11831e-11 4.99175e-11 4.49046e-11 3.74321e-11 2.93091e-11 2.19767e-11 1.61273e-11 1.18343e-11 8.84738e-12 6.83514e-12 5.50248e-12 4.61839e-12 4.01016e-12 3.56327e-12 3.20595e-12 2.89609e-12 2.60902e-12 2.33391e-12 2.06558e-12 1.80256e-12 1.54705e-12 1.30193e-12 1.07015e-12 8.52671e-13 5.89798e-13 5.89798e-13 
1.54999e-13 3.47228e-13 4.70502e-13 5.88394e-13 7.0548e-13 8.20704e-13 9.35482e-13 1.05778e-12 1.19995e-12 1.38507e-12 1.64869e-12 2.03504e-12 2.60065e-12 3.41641e-12 4.56578e-12 6.15757e-12 8.31611e-12 1.11791e-11 1.48626e-11 1.94243e-11 2.48293e-11 3.09544e-11 3.76166e-11 4.44816e-11 5.07995e-11 5.52287e-11 5.62259e-11 5.29841e-11 4.61332e-11 3.74321e-11 2.87572e-11 2.13342e-11 1.55998e-11 1.14538e-11 8.57672e-12 6.6296e-12 5.33201e-12 4.46297e-12 3.85955e-12 3.41463e-12 3.0581e-12 2.74838e-12 2.46279e-12 2.18884e-12 1.92306e-12 1.66494e-12 1.41526e-12 1.17792e-12 9.54922e-13 7.35134e-13 3.68394e-13 
2.92815e-13 4.49282e-13 5.78348e-13 7.06949e-13 8.34995e-13 9.62031e-13 1.09111e-12 1.23309e-12 1.4038e-12 1.63358e-12 1.96469e-12 2.45437e-12 3.17513e-12 4.21513e-12 5.68683e-12 7.72502e-12 1.04866e-11 1.41229e-11 1.87354e-11 2.4308e-11 3.06837e-11 3.76166e-11 4.48262e-11 5.18453e-11 5.76987e-11 6.08583e-11 5.99133e-11 5.45931e-11 4.61332e-11 3.65677e-11 2.76582e-11 2.03465e-11 1.48287e-11 1.08817e-11 8.15087e-12 6.30262e-12 5.06833e-12 4.23815e-12 3.65958e-12 3.22975e-12 2.88353e-12 2.58124e-12 2.29988e-12 2.03148e-12 1.77266e-12 1.52132e-12 1.27982e-12 1.0526e-12 8.37818e-13 5.78704e-13 5.78704e-13 
1.91612e-13 4.16523e-13 5.59113e-13 6.97857e-13 8.37842e-13 9.76786e-13 1.11765e-12 1.26426e-12 1.42967e-12 1.63673e-12 1.92249e-12 2.33891e-12 2.95998e-12 3.87535e-12 5.2008e-12 7.07603e-12 9.67281e-12 1.31767e-11 1.7741e-11 2.3412e-11 3.00412e-11 3.73062e-11 4.48262e-11 5.22185e-11 5.88795e-11 6.36581e-11 6.50021e-11 6.18626e-11 5.45931e-11 4.49046e-11 3.48835e-11 2.60423e-11 1.902e-11 1.38192e-11 1.01311e-11 7.5905e-12 5.87629e-12 4.73326e-12 3.96238e-12 3.42336e-12 3.02058e-12 2.69105e-12 2.39895e-12 2.12797e-12 1.86775e-12 1.61772e-12 1.37529e-12 1.14477e-12 9.27824e-13 7.12413e-13 3.55339e-13 
3.50314e-13 5.30104e-13 6.78455e-13 8.28439e-13 9.80525e-13 1.13227e-12 1.28823e-12 1.45579e-12 1.65032e-12 1.90192e-12 2.25654e-12 2.78119e-12 3.56632e-12 4.72802e-12 6.40706e-12 8.78239e-12 1.20631e-11 1.64556e-11 2.20902e-11 2.88961e-11 3.65354e-11 4.44816e-11 5.22185e-11 5.92775e-11 6.49623e-11 6.80599e-11 6.72017e-11 6.18626e-11 5.29841e-11 4.25399e-11 3.24763e-11 2.39771e-11 1.74068e-11 1.2613e-11 9.24209e-12 6.93378e-12 5.38445e-12 4.35281e-12 3.65693e-12 3.16747e-12 2.79536e-12 2.48678e-12 2.21007e-12 1.95036e-12 1.701e-12 1.46084e-12 1.22978e-12 1.00989e-12 8.02661e-13 5.52441e-13 5.52441e-13 
2.29225e-13 4.8707e-13 6.48888e-13 8.0775e-13 9.70442e-13 1.13452e-12 1.302e-12 1.47538e-12 1.66667e-12 1.8971e-12 2.20354e-12 2.64317e-12 3.30258e-12 4.29221e-12 5.7542e-12 7.86624e-12 1.08475e-11 1.49431e-11 2.03659e-11 2.71696e-11 3.5101e-11 4.35747e-11 5.18453e-11 5.92775e-11 6.53812e-11 6.94633e-11 7.04028e-11 6.72017e-11 5.99133e-11 4.99175e-11 3.9227e-11 2.95038e-11 2.15813e-11 1.55923e-11 1.12796e-11 8.27284e-12 6.22676e-12 4.86064e-12 3.95232e-12 3.33898e-12 2.9021e-12 2.56448e-12 2.27761e-12 2.01709e-12 1.77127e-12 1.53468e-12 1.30571e-12 1.08615e-12 8.78887e-13 6.73413e-13 3.32406e-13 
4.08652e-13 6.09919e-13 7.75648e-13 9.47306e-13 1.12331e-12 1.30128e-12 1.48397e-12 1.67822e-12 1.89879e-12 2.1714e-12 2.54362e-12 3.0901e-12 3.91424e-12 5.15142e-12 6.97481e-12 9.60181e-12 1.32967e-11 1.83322e-11 2.48904e-11 3.28857e-11 4.18146e-11 5.07995e-11 5.88795e-11 6.53812e-11 6.98984e-11 7.18623e-11 7.04028e-11 6.50021e-11 5.62259e-11 4.5684e-11 3.52341e-11 2.61697e-11 1.90042e-11 1.36869e-11 9.9009e-12 7.28246e-12 5.51197e-12 4.33399e-12 3.55265e-12 3.02144e-12 2.63768e-12 2.33318e-12 2.06864e-12 1.82603e-12 1.59414e-12 1.3706e-12 1.15354e-12 9.46988e-13 7.50767e-13 5.12969e-13 5.12969e-13 
2.66871e-13 5.56323e-13 7.3459e-13 9.12646e-13 1.09742e-12 1.28565e-12 1.47869e-12 1.67987e-12 1.89769e-12 2.15077e-12 2.47466e-12 2.92749e-12 3.60187e-12 4.62206e-12 6.15124e-12 8.39722e-12 1.16216e-11 1.61291e-11 2.21988e-11 2.99317e-11 3.90338e-11 4.86874e-11 5.76987e-11 6.49623e-11 6.98984e-11 7.23081e-11 7.18623e-11 6.80599e-11 6.08583e-11 5.11831e-11 4.0669e-11 3.08703e-11 2.2698e-11 1.64009e-11 1.17983e-11 8.55242e-12 6.32224e-12 4.82198e-12 3.8272e-12 3.16768e-12 2.7147e-12 2.37939e-12 2.1057e-12 1.86413e-12 1.63851e-12 1.42163e-12 1.21073e-12 1.0076e-12 8.13172e-13 6.19896e-13 3.01593e-13 
4.6411e-13 6.84522e-13 8.66748e-13 1.05821e-12 1.25566e-12 1.45806e-12 1.66662e-12 1.88709e-12 2.13137e-12 2.42373e-12 2.80682e-12 3.35641e-12 4.18087e-12 5.42768e-12 7.2902e-12 1.00153e-11 1.39068e-11 1.92975e-11 2.64392e-11 3.52914e-11 4.52808e-11 5.52287e-11 6.36581e-11 6.94633e-11 7.23081e-11 7.23081e-11 6.94633e-11 6.36581e-11 5.52287e-11 4.52808e-11 3.52914e-11 2.64392e-11 1.92975e-11 1.39068e-11 1.00153e-11 7.2902e-12 5.42768e-12 4.18087e-12 3.35641e-12 2.80682e-12 2.42373e-12 2.13137e-12 1.88709e-12 1.66662e-12 1.45806e-12 1.25566e-12 1.05821e-12 8.66748e-13 6.84522e-13 4.6411e-13 4.6411e-13 
3.01593e-13 6.19896e-13 8.13172e-13 1.0076e-12 1.21073e-12 1.42163e-12 1.63851e-12 1.86413e-12 2.1057e-12 2.37939e-12 2.7147e-12 3.16768e-12 3.8272e-12 4.82198e-12 6.32224e-12 8.55242e-12 1.17983e-11 1.64009e-11 2.2698e-11 3.08703e-11 4.0669e-11 5.11831e-11 6.08583e-11 6.80599e-11 7.18623e-11 7.23081e-11 6.98984e-11 6.49623e-11 5.76987e-11 4.86874e-11 3.90338e-11 2.99317e-11 2.21988e-11 1.61291e-11 1.16216e-11 8.39722e-12 6.15124e-12 4.62206e-12 3.60187e-12 2.92749e-12 2.47466e-12 2.15077e-12 1.89769e-12 1.67987e-12 1.47869e-12 1.28565e-12 1.09742e-12 9.12646e-13 7.3459e-13 5.56323e-13 2.66871e-13 
5.12969e-13 7.50767e-13 9.46988e-13 1.15354e-12 1.3706e-12 1.59414e-12 1.82603e-12 2.06864e-12 2.33318e-12 2.63768e-12 3.02144e-12 3.55265e-12 4.33399e-12 5.51197e-12 7.28246e-12 9.9009e-12 1.36869e-11 1.90042e-11 2.61697e-11 3.52341e-11 4.5684e-11 5.62259e-11 6.50021e-11 7.04028e-11 7.18623e-11 6.98984e-11 6.53812e-11 5.88795e-11 5.07995e-11 4.18146e-11 3.28857e-11 2.48904e-11 1.83322e-11 1.32967e-11 9.60181e-12 6.97481e-12 5.15142e-12 3.91424e-12 3.0901e-12 2.54362e-12 2.1714e-12 1.89879e-12 1.67822e-12 1.48397e-12 1.30128e-12 1.12331e-12 9.47306e-13 7.75648e-13 6.09919e-13 4.08652e-13 4.08652e-13 
3.32406e-13 6.73413e-13 8.78887e-13 1.08615e-12 1.30571e-12 1.53468e-12 1.77127e-12 2.01709e-12 2.27761e-12 2.56448e-12 2.9021e-12 3.33898e-12 3.95232e-12 4.86064e-12 6.22676e-12 8.27284e-12 1.12796e-11 1.55923e-11 2.15813e-11 2.95038e-11 3.9227e-11 4.99175e-11 5.99133e-11 6.72017e-11 7.04028e-11 6.94633e-11 6.53812e-11 5.92775e-11 5.18453e-11 4.35747e-11 3.5101e-11 2.71696e-11 2.03659e-11 1.49431e-11 1.08475e-11 7.86624e-12 5.7542e-12 4.29221e-12 3.30258e-12 2.64317e-12 2.20354e-12 1.8971e-12 1.66667e-12 1.47538e-12 1.302e-12 1.13452e-12 9.70442e-13 8.0775e-13 6.48888e-13 4.8707e-13 2.29225e-13 
5.52441e-13 8.02661e-13 1.00989e-12 1.22978e-12 1.46084e-12 1.701e-12 1.95036e-12 2.21007e-12 2.48678e-12 2.79536e-12 3.16747e-12 3.65693e-12 4.35281e-12 5.38445e-12 6.93378e-12 9.24209e-12 1.2613e-11 1.74068e-11 2.39771e-11 3.24763e-11 4.25399e-11 5.29841e-11 6.18626e-11 6.72017e-11 6.80599e-11 6.49623e-11 5.92775e-11 5.22185e-11 4.44816e-11 3.65354e-11 2.88961e-11 2.20902e-11 1.64556e-11 1.20631e-11 8.78239e-12 6.40706e-12 4.72802e-12 3.56632e-12 2.78119e-12 2.25654e-12 1.90192e-12 1.65032e-12 1.45579e-12 1.28823e-12 1.13227e-12 9.80525e-13 8.28439e-13 6.78455e-13 5.30104e-13 3.50314e-13 3.50314e-13 
3.55339e-13 7.12413e-13 9.27824e-13 1.14477e-12 1.37529e-12 1.61772e-12 1.86775e-12 2.12797e-12 2.39895e-12 2.69105e-12 3.02058e-12 3.42336e-12 3.96238e-12 4.73326e-12 5.87629e-12 7.5905e-12 1.01311e-11 1.38192e-11 1.902e-11 2.60423e-11 3.48835e-11 4.49046e-11 5.45931e-11 6.18626e-11 6.50021e-11 6.36581e-11 5.88795e-11 5.22185e-11 4.48262e-11 3.73062e-11 3.00412e-11 2.3412e-11 1.7741e-11 1.31767e-11 9.67281e-12 7.07603e-12 5.2008e-12 3.87535e-12 2.95998e-12 2.33891e-12 1.92249e-12 1.63673e-12 1.42967e-12 1.26426e-12 1.11765e-12 9.76786e-13 8.37842e-13 6.97857e-13 5.59113e-13 4.16523e-13 1.91612e-13 
5.78704e-13 8.37818e-13 1.0526e-12 1.27982e-12 1.52132e-12 1.77266e-12 2.03148e-12 2.29988e-12 2.58124e-12 2.88353e-12 3.22975e-12 3.65958e-12 4.23815e-12 5.06833e-12 6.30262e-12 8.15087e-12 1.08817e-11 1.48287e-11 2.03465e-11 2.76582e-11 3.65677e-11 4.61332e-11 5.45931e-11 5.99133e-11 6.08583e-11 5.76987e-11 5.18453e-11 4.48262e-11 3.76166e-11 3.06837e-11 2.4308e-11 1.87354e-11 1.41229e-11 1.04866e-11 7.72502e-12 5.68683e-12 4.21513e-12 3.17513e-12 2.45437e-12 1.96469e-12 1.63358e-12 1.4038e-12 1.23309e-12 1.09111e-12 9.62031e-13 8.34995e-13 7.06949e-13 5.78348e-13 4.49282e-13 2.92815e-13 2.92815e-13 
3.68394e-13 7.35134e-13 9.54922e-13 1.17792e-12 1.41526e-12 1.66494e-12 1.92306e-12 2.18884e-12 2.46279e-12 2.74838e-12 3.0581e-12 3.41463e-12 3.85955e-12 4.46297e-12 5.33201e-12 6.6296e-12 8.57672e-12 1.14538e-11 1.55998e-11 2.13342e-11 2.87572e-11 3.74321e-11 4.61332e-11 5.29841e-11 5.62259e-11 5.52287e-11 5.07995e-11 4.44816e-11 3.76166e-11 3.09544e-11 2.48293e-11 1.94243e-11 1.48626e-11 1.11791e-11 8.31611e-12 6.15757e-12 4.56578e-12 3.41641e-12 2.60065e-12 2.03504e-12 1.64869e-12 1.38507e-12 1.19995e-12 1.05778e-12 9.35482e-13 8.20704e-13 7.0548e-13 5.88394e-13 4.70502e-13 3.47228e-13 1.54999e-13 
5.89798e-13 8.52671e-13 1.07015e-12 1.30193e-12 1.54705e-12 1.80256e-12 2.06558e-12 2.33391e-12 2.60902e-12 2.89609e-12 3.20595e-12 3.56327e-12 4.01016e-12 4.61839e-12 5.50248e-12 6.83514e-12 8.84738e-12 1.18343e-11 1.61273e-11 2.19767e-11 2.93091e-11 3.74321e-11 4.49046e-11 4.99175e-11 5.11831e-11 4.86874e-11 4.35747e-11 3.73062e-11 3.09544e-11 2.50574e-11 1.98358e-11 1.53828e-11 1.1724e-11 8.82104e-12 6.5866e-12 4.9067e-12 3.66834e-12 2.76996e-12 2.13157e-12 1.68573e-12 1.38084e-12 1.17101e-12 1.02135e-12 9.01876e-13 7.96633e-13 6.93115e-13 5.88726e-13 4.80839e-13 3.71915e-13 2.38941e-13 2.38941e-13 
3.71548e-13 7.38692e-13 9.60373e-13 1.18347e-12 1.42303e-12 1.67325e-12 1.93169e-12 2.19607e-12 2.46347e-12 2.7353e-12 3.01578e-12 3.31812e-12 3.66426e-12 4.09654e-12 4.6896e-12 5.56666e-12 6.91099e-12 8.97108e-12 1.20483e-11 1.64412e-11 2.22884e-11 2.93091e-11 3.65677e-11 4.25399e-11 4.5684e-11 4.52808e-11 4.18146e-11 3.65354e-11 3.06837e-11 2.50574e-11 2.00218e-11 1.57009e-11 1.21116e-11 9.21897e-12 6.95262e-12 5.21816e-12 3.9145e-12 2.95017e-12 2.24794e-12 1.74597e-12 1.39491e-12 1.15392e-12 9.87273e-13 8.65126e-13 7.64476e-13 6.72187e-13 5.78777e-13 4.83378e-13 3.85791e-13 2.81882e-13 1.23336e-13 
5.84671e-13 8.46206e-13 1.06273e-12 1.29304e-12 1.53727e-12 1.79038e-12 2.04905e-12 2.31046e-12 2.57257e-12 2.83489e-12 3.10303e-12 3.38636e-12 3.70783e-12 4.10996e-12 4.67138e-12 5.52689e-12 6.87556e-12 8.98291e-12 1.21424e-11 1.65827e-11 2.22884e-11 2.87572e-11 3.48835e-11 3.9227e-11 4.0669e-11 3.90338e-11 3.5101e-11 3.00412e-11 2.48293e-11 2.00218e-11 1.58481e-11 1.23522e-11 9.50478e-12 7.24322e-12 5.48381e-12 4.14062e-12 3.12793e-12 2.37588e-12 1.82432e-12 1.42926e-12 1.15172e-12 9.61906e-13 8.29169e-13 7.28549e-13 6.43128e-13 5.60676e-13 4.77258e-13 3.89969e-13 3.00836e-13 1.89582e-13 1.89582e-13 
3.63785e-13 7.21956e-13 9.41259e-13 1.16157e-12 1.39644e-12 1.6419e-12 1.89512e-12 2.15058e-12 2.40561e-12 2.65632e-12 2.90449e-12 3.15094e-12 3.40581e-12 3.69116e-12 4.04961e-12 4.57046e-12 5.4031e-12 6.76976e-12 8.94084e-12 1.21718e-11 1.65827e-11 2.19767e-11 2.76582e-11 3.24763e-11 3.52341e-11 3.52914e-11 3.28857e-11 2.88961e-11 2.4308e-11 1.98358e-11 1.58481e-11 1.24663e-11 9.68584e-12 7.45277e-12 5.69515e-12 4.33436e-12 3.29253e-12 2.50414e-12 1.91378e-12 1.4799e-12 1.16771e-12 9.48972e-13 7.99057e-13 6.92969e-13 6.0983e-13 5.36304e-13 4.63404e-13 3.87205e-13 3.08068e-13 2.23376e-13 9.46133e-14 
5.64167e-13 8.18128e-13 1.02922e-12 1.25329e-12 1.4907e-12 1.73623e-12 1.98514e-12 2.23403e-12 2.47754e-12 2.71245e-12 2.93837e-12 3.15691e-12 3.37535e-12 3.61517e-12 3.92608e-12 4.40952e-12 5.23808e-12 6.64973e-12 8.90185e-12 1.21718e-11 1.64412e-11 2.13342e-11 2.60423e-11 2.95038e-11 3.08703e-11 2.99317e-11 2.71696e-11 2.3412e-11 1.94243e-11 1.57009e-11 1.24663e-11 9.7718e-12 7.58599e-12 5.84937e-12 4.48852e-12 3.43464e-12 2.6237e-12 2.00673e-12 1.54178e-12 1.19887e-12 9.5219e-13 7.79867e-13 6.6141e-13 5.76675e-13 5.07325e-13 4.42547e-13 3.77204e-13 3.08177e-13 2.36209e-13 1.4669e-13 1.4669e-13 
3.46074e-13 6.87502e-13 8.99039e-13 1.11105e-12 1.33737e-12 1.57405e-12 1.81603e-12 2.05819e-12 2.29632e-12 2.52408e-12 2.73879e-12 2.93765e-12 3.12204e-12 3.29811e-12 3.4909e-12 3.76033e-12 4.22545e-12 5.0822e-12 6.57239e-12 8.90185e-12 1.21424e-11 1.61273e-11 2.03465e-11 2.39771e-11 2.61697e-11 2.64392e-11 2.48904e-11 2.20902e-11 1.87354e-11 1.53828e-11 1.23522e-11 9.7718e-12 7.65066e-12 5.94752e-12 4.60159e-12 3.54758e-12 2.7282e-12 2.09495e-12 1.60908e-12 1.24121e-12 9.68609e-13 7.74091e-13 6.38693e-13 5.452e-13 4.76065e-13 4.17812e-13 3.61337e-13 3.02543e-13 2.40684e-13 1.72824e-13 7.18068e-14 
5.29115e-13 7.70832e-13 9.71907e-13 1.18599e-12 1.41183e-12 1.64488e-12 1.87992e-12 2.11205e-12 2.33531e-12 2.54401e-12 2.73499e-12 2.90374e-12 3.05058e-12 3.1852e-12 3.33866e-12 3.58455e-12 4.06419e-12 4.98829e-12 6.57239e-12 8.94084e-12 1.20483e-11 1.55998e-11 1.902e-11 2.15813e-11 2.2698e-11 2.21988e-11 2.03659e-11 1.7741e-11 1.48626e-11 1.21116e-11 9.68584e-12 7.65066e-12 5.99462e-12 4.67351e-12 3.63054e-12 2.81158e-12 2.17146e-12 1.67344e-12 1.28895e-12 9.96708e-13 7.80248e-13 6.26733e-13 5.21476e-13 4.47597e-13 3.91012e-13 3.40634e-13 2.904e-13 2.37089e-13 1.81318e-13 1.11317e-13 1.11317e-13 
3.20386e-13 6.37885e-13 8.37829e-13 1.03778e-12 1.25085e-12 1.47398e-12 1.70081e-12 1.92652e-12 2.14545e-12 2.35151e-12 2.53876e-12 2.70342e-12 2.84098e-12 2.95347e-12 3.05448e-12 3.18463e-12 3.43628e-12 3.96957e-12 4.98829e-12 6.64973e-12 8.98291e-12 1.18343e-11 1.48287e-11 1.74068e-11 1.90042e-11 1.92975e-11 1.83322e-11 1.64556e-11 1.41229e-11 1.1724e-11 9.50478e-12 7.58599e-12 5.99462e-12 4.70907e-12 3.68374e-12 2.87311e-12 2.23358e-12 1.73078e-12 1.33601e-12 1.02997e-12 7.97643e-13 6.26881e-13 5.0596e-13 4.22952e-13 3.6438e-13 3.17487e-13 2.7436e-13 2.29237e-13 1.82253e-13 1.30465e-13 5.29263e-14 
4.83277e-13 7.06686e-13 8.95718e-13 1.09415e-12 1.30552e-12 1.52224e-12 1.7413e-12 1.95628e-12 2.15973e-12 2.34635e-12 2.51152e-12 2.65001e-12 2.75999e-12 2.84448e-12 2.92679e-12 3.05866e-12 3.35102e-12 3.96957e-12 5.0822e-12 6.76976e-12 8.97108e-12 1.14538e-11 1.38192e-11 1.55923e-11 1.64009e-11 1.61291e-11 1.49431e-11 1.31767e-11 1.11791e-11 9.21897e-12 7.45277e-12 5.94752e-12 4.70907e-12 3.71043e-12 2.91367e-12 2.27994e-12 1.77742e-12 1.37861e-12 1.06537e-12 8.2056e-13 6.36197e-13 5.01187e-13 4.06347e-13 3.41741e-13 2.94523e-13 2.5558e-13 2.17579e-13 1.78302e-13 1.3561e-13 8.25785e-14 8.25785e-14 
2.88694e-13 5.75688e-13 7.60802e-13 9.4473e-13 1.14159e-12 1.34822e-12 1.5578e-12 1.76673e-12 1.96783e-12 2.1545e-12 2.32294e-12 2.46726e-12 2.58261e-12 2.67125e-12 2.74164e-12 2.8245e-12 2.98773e-12 3.35102e-12 4.06419e-12 5.23808e-12 6.87556e-12 8.84738e-12 1.08817e-11 1.2613e-11 1.36869e-11 1.39068e-11 1.32967e-11 1.20631e-11 1.04866e-11 8.82104e-12 7.24322e-12 5.84937e-12 4.67351e-12 3.71043e-12 2.93253e-12 2.31054e-12 1.81242e-12 1.41482e-12 1.09776e-12 8.46483e-13 6.51984e-13 5.04896e-13 3.98381e-13 3.24871e-13 2.74379e-13 2.36361e-13 2.03002e-13 1.69766e-13 1.35235e-13 9.55918e-14 3.79821e-14 
4.29473e-13 6.31888e-13 8.04652e-13 9.8617e-13 1.17908e-12 1.37824e-12 1.58004e-12 1.77656e-12 1.96334e-12 2.13543e-12 2.28527e-12 2.41182e-12 2.51093e-12 2.58813e-12 2.66053e-12 2.76735e-12 2.98773e-12 3.43628e-12 4.22545e-12 5.4031e-12 6.91099e-12 8.57672e-12 1.01311e-11 1.12796e-11 1.17983e-11 1.16216e-11 1.08475e-11 9.67281e-12 8.31611e-12 6.95262e-12 5.69515e-12 4.60159e-12 3.68374e-12 2.93253e-12 2.32469e-12 1.83508e-12 1.44155e-12 1.12425e-12 8.70563e-13 6.6982e-13 5.14272e-13 3.98102e-13 3.15323e-13 2.58653e-13 2.19026e-13 1.87531e-13 1.59153e-13 1.30418e-13 9.94761e-14 5.96087e-14 5.96087e-14 
2.52982e-13 5.0644e-13 6.73084e-13 8.39519e-13 1.01788e-12 1.20573e-12 1.39759e-12 1.58924e-12 1.77376e-12 1.94754e-12 2.10373e-12 2.24063e-12 2.35359e-12 2.4456e-12 2.52484e-12 2.61541e-12 2.76735e-12 3.05866e-12 3.58455e-12 4.40952e-12 5.52689e-12 6.83514e-12 8.15087e-12 9.24209e-12 9.9009e-12 1.00153e-11 9.60181e-12 8.78239e-12 7.72502e-12 6.5866e-12 5.48381e-12 4.48852e-12 3.63054e-12 2.91367e-12 2.32469e-12 1.84593e-12 1.45852e-12 1.14509e-12 8.91705e-13 6.88426e-13 5.27777e-13 4.04092e-13 3.12611e-13 2.48284e-13 2.04237e-13 1.73208e-13 1.47316e-13 1.22609e-13 9.71571e-14 6.94455e-14 2.69932e-14 
3.71542e-13 5.50879e-13 7.04681e-13 8.67739e-13 1.04068e-12 1.22167e-12 1.40558e-12 1.58653e-12 1.76033e-12 1.92151e-12 2.06656e-12 2.19364e-12 2.30084e-12 2.39555e-12 2.48966e-12 2.61541e-12 2.8245e-12 3.18463e-12 3.76033e-12 4.57046e-12 5.56666e-12 6.6296e-12 7.5905e-12 8.27284e-12 8.55242e-12 8.39722e-12 7.86624e-12 7.07603e-12 6.15757e-12 5.21816e-12 4.33436e-12 3.54758e-12 2.87311e-12 2.31054e-12 1.84593e-12 1.46759e-12 1.15875e-12 9.08257e-13 7.05143e-13 5.42045e-13 4.12972e-13 3.15113e-13 2.43868e-13 1.94411e-13 1.6047e-13 1.3529e-13 1.14256e-13 9.27998e-14 7.03091e-14 4.15348e-14 4.15348e-14 
2.15236e-13 4.34814e-13 5.81851e-13 7.29001e-13 8.87181e-13 1.0555e-12 1.22884e-12 1.40325e-12 1.57473e-12 1.73814e-12 1.89056e-12 2.02832e-12 2.15133e-12 2.26169e-12 2.36855e-12 2.48966e-12 2.66053e-12 2.92679e-12 3.33866e-12 3.92608e-12 4.67138e-12 5.50248e-12 6.30262e-12 6.93378e-12 7.28246e-12 7.2902e-12 6.97481e-12 6.40706e-12 5.68683e-12 4.9067e-12 4.14062e-12 3.43464e-12 2.81158e-12 2.27994e-12 1.83508e-12 1.46759e-12 1.16583e-12 9.19298e-13 7.17307e-13 5.54442e-13 4.24018e-13 3.21433e-13 2.44256e-13 1.88944e-13 1.50987e-13 1.2487e-13 1.0448e-13 8.6887e-14 6.82425e-14 4.82884e-14 1.898e-14 
3.13368e-13 4.69189e-13 6.02914e-13 7.45654e-13 8.99591e-13 1.06146e-12 1.22734e-12 1.39432e-12 1.55747e-12 1.71337e-12 1.85898e-12 1.99409e-12 2.11974e-12 2.23994e-12 2.36855e-12 2.52484e-12 2.74164e-12 3.05448e-12 3.4909e-12 4.04961e-12 4.6896e-12 5.33201e-12 5.87629e-12 6.22676e-12 6.32224e-12 6.15124e-12 5.7542e-12 5.2008e-12 4.56578e-12 3.9145e-12 3.29253e-12 2.7282e-12 2.23358e-12 1.81242e-12 1.45852e-12 1.16583e-12 9.24224e-13 7.26482e-13 5.64868e-13 4.33109e-13 3.28778e-13 2.48486e-13 1.87793e-13 1.4574e-13 1.16837e-13 9.65106e-14 8.00715e-14 6.45685e-14 4.92198e-14 2.94265e-14 2.94265e-14 
1.79445e-13 3.63645e-13 4.90686e-13 6.18385e-13 7.5628e-13 9.04923e-13 1.06042e-12 1.21995e-12 1.37967e-12 1.53643e-12 1.6876e-12 1.83178e-12 1.96887e-12 2.1031e-12 2.23994e-12 2.39555e-12 2.58813e-12 2.84448e-12 3.1852e-12 3.61517e-12 4.10996e-12 4.61839e-12 5.06833e-12 5.38445e-12 5.51197e-12 5.42768e-12 5.15142e-12 4.72802e-12 4.21513e-12 3.66834e-12 3.12793e-12 2.6237e-12 2.17146e-12 1.77742e-12 1.44155e-12 1.15875e-12 9.24224e-13 7.31e-13 5.71217e-13 4.41811e-13 3.36427e-13 2.53303e-13 1.90379e-13 1.43585e-13 1.1157e-13 8.94891e-14 7.30783e-14 5.97999e-14 4.75364e-14 3.31986e-14 1.29595e-14 
2.58881e-13 3.89621e-13 5.04809e-13 6.27934e-13 7.61682e-13 9.05017e-13 1.05424e-12 1.20843e-12 1.36188e-12 1.51499e-12 1.66496e-12 1.8104e-12 1.95504e-12 2.1031e-12 2.26169e-12 2.4456e-12 2.67125e-12 2.95347e-12 3.29811e-12 3.69116e-12 4.09654e-12 4.46297e-12 4.73326e-12 4.86064e-12 4.82198e-12 4.62206e-12 4.29221e-12 3.87535e-12 3.41641e-12 2.95017e-12 2.50414e-12 2.09495e-12 1.73078e-12 1.41482e-12 1.14509e-12 9.19298e-13 7.31e-13 5.75263e-13 4.47115e-13 3.42626e-13 2.58884e-13 1.93791e-13 1.44241e-13 1.08872e-13 8.45776e-14 6.79856e-14 5.5286e-14 4.4605e-14 3.33841e-14 2.03577e-14 2.03577e-14 
1.45612e-13 2.97783e-13 4.04278e-13 5.1312e-13 6.32287e-13 7.61777e-13 8.99824e-13 1.04469e-12 1.19357e-12 1.34436e-12 1.49642e-12 1.64776e-12 1.7998e-12 1.95504e-12 2.11974e-12 2.30084e-12 2.51093e-12 2.75999e-12 3.05058e-12 3.37535e-12 3.70783e-12 4.01016e-12 4.23815e-12 4.35281e-12 4.33399e-12 4.18087e-12 3.91424e-12 3.56632e-12 3.17513e-12 2.76996e-12 2.37588e-12 2.00673e-12 1.67344e-12 1.37861e-12 1.12425e-12 9.08257e-13 7.26482e-13 5.75263e-13 4.49765e-13 3.46891e-13 2.64405e-13 1.9836e-13 1.47315e-13 1.08743e-13 8.24179e-14 6.37039e-14 5.07456e-14 4.09159e-14 3.2193e-14 2.31797e-14 8.94172e-15 
2.08103e-13 3.17006e-13 4.13175e-13 5.1724e-13 6.32246e-13 7.58369e-13 8.92065e-13 1.03348e-12 1.17975e-12 1.32957e-12 1.48218e-12 1.63837e-12 1.7998e-12 1.96887e-12 2.15133e-12 2.35359e-12 2.58261e-12 2.84098e-12 3.12204e-12 3.40581e-12 3.66426e-12 3.85955e-12 3.96238e-12 3.95232e-12 3.8272e-12 3.60187e-12 3.30258e-12 2.95998e-12 2.60065e-12 2.24794e-12 1.91378e-12 1.60908e-12 1.33601e-12 1.09776e-12 8.91705e-13 7.17307e-13 5.71217e-13 4.49765e-13 3.49044e-13 2.677e-13 2.01682e-13 1.50311e-13 1.10297e-13 8.18743e-14 6.1707e-14 4.79823e-14 3.76803e-14 3.00305e-14 2.26894e-14 1.33723e-14 1.33723e-14 
1.15739e-13 2.38262e-13 3.26514e-13 4.17945e-13 5.17925e-13 6.29596e-13 7.51365e-13 8.82551e-13 1.02137e-12 1.16672e-12 1.31809e-12 1.4747e-12 1.63837e-12 1.8104e-12 1.99409e-12 2.19364e-12 2.41182e-12 2.65001e-12 2.90374e-12 3.15691e-12 3.38636e-12 3.56327e-12 3.65958e-12 3.65693e-12 3.55265e-12 3.35641e-12 3.0901e-12 2.78119e-12 2.45437e-12 2.13157e-12 1.82432e-12 1.54178e-12 1.28895e-12 1.06537e-12 8.70563e-13 7.05143e-13 5.64868e-13 4.47115e-13 3.49044e-13 2.69381e-13 2.04068e-13 1.52431e-13 1.12715e-13 8.22522e-14 6.03583e-14 4.57156e-14 3.51633e-14 2.80596e-14 2.19576e-14 1.53571e-14 5.93458e-15 
1.64029e-13 2.52411e-13 3.31921e-13 4.18357e-13 5.1694e-13 6.25187e-13 7.44423e-13 8.72995e-13 1.01092e-12 1.15698e-12 1.31243e-12 1.4747e-12 1.64776e-12 1.83178e-12 2.02832e-12 2.24063e-12 2.46726e-12 2.70342e-12 2.93765e-12 3.15094e-12 3.31812e-12 3.41463e-12 3.42336e-12 3.33898e-12 3.16768e-12 2.92749e-12 2.64317e-12 2.33891e-12 2.03504e-12 1.74597e-12 1.4799e-12 1.24121e-12 1.02997e-12 8.46483e-13 6.88426e-13 5.54442e-13 4.41811e-13 3.46891e-13 2.69381e-13 2.06156e-13 1.54837e-13 1.14594e-13 8.35799e-14 6.12301e-14 4.4511e-14 3.34976e-14 2.58106e-14 2.04391e-14 1.51655e-14 9.39451e-15 9.39451e-15 
8.98316e-14 1.8712e-13 2.585e-13 3.33962e-13 4.18069e-13 5.1322e-13 6.18913e-13 7.36466e-13 8.65101e-13 1.00379e-12 1.15217e-12 1.31243e-12 1.48218e-12 1.66496e-12 1.85898e-12 2.06656e-12 2.28527e-12 2.51152e-12 2.73499e-12 2.93837e-12 3.10303e-12 3.20595e-12 3.22975e-12 3.16747e-12 3.02144e-12 2.80682e-12 2.54362e-12 2.25654e-12 1.96469e-12 1.68573e-12 1.42926e-12 1.19887e-12 9.96708e-13 8.2056e-13 6.6982e-13 5.42045e-13 4.33109e-13 3.42626e-13 2.677e-13 2.06156e-13 1.55674e-13 1.16292e-13 8.53535e-14 6.17146e-14 4.47088e-14 3.26365e-14 2.4854e-14 1.91853e-14 1.40738e-14 1.05538e-14 3.93653e-15 
1.27695e-13 1.96937e-13 2.61232e-13 3.33413e-13 4.15041e-13 5.08572e-13 6.13513e-13 7.30189e-13 8.58696e-13 9.99803e-13 1.15217e-12 1.31809e-12 1.49642e-12 1.6876e-12 1.89056e-12 2.10373e-12 2.32294e-12 2.53876e-12 2.73879e-12 2.90449e-12 3.01578e-12 3.0581e-12 3.02058e-12 2.9021e-12 2.7147e-12 2.47466e-12 2.20354e-12 1.92249e-12 1.64869e-12 1.39491e-12 1.16771e-12 9.68609e-13 7.97643e-13 6.51984e-13 5.27777e-13 4.24018e-13 3.36427e-13 2.64405e-13 2.04068e-13 1.55674e-13 1.16783e-13 8.64536e-14 6.27772e-14 4.52438e-14 3.23723e-14 2.38169e-14 1.76384e-14 1.38631e-14 9.78199e-15 6.46911e-15 6.46911e-15 
6.88953e-14 1.44457e-13 2.01387e-13 2.62365e-13 3.31093e-13 4.12048e-13 5.03854e-13 6.07922e-13 7.24509e-13 8.55531e-13 9.99803e-13 1.15698e-12 1.32957e-12 1.51499e-12 1.71337e-12 1.92151e-12 2.13543e-12 2.34635e-12 2.54401e-12 2.71245e-12 2.83489e-12 2.89609e-12 2.88353e-12 2.79536e-12 2.63768e-12 2.42373e-12 2.1714e-12 1.90192e-12 1.63358e-12 1.38084e-12 1.15172e-12 9.5219e-13 7.80248e-13 6.36197e-13 5.14272e-13 4.12972e-13 3.28778e-13 2.58884e-13 2.01682e-13 1.54837e-13 1.16783e-13 8.66507e-14 6.33828e-14 4.57532e-14 3.31081e-14 2.39209e-14 1.72085e-14 1.31291e-14 9.8363e-15 6.86818e-15 2.93822e-15 
9.717e-14 1.51713e-13 2.03273e-13 2.60781e-13 3.28827e-13 4.08041e-13 4.99934e-13 6.03942e-13 7.22173e-13 8.55531e-13 1.00379e-12 1.16672e-12 1.34436e-12 1.53643e-12 1.73814e-12 1.94754e-12 2.1545e-12 2.35151e-12 2.52408e-12 2.65632e-12 2.7353e-12 2.74838e-12 2.69105e-12 2.56448e-12 2.37939e-12 2.15077e-12 1.8971e-12 1.63673e-12 1.38507e-12 1.15392e-12 9.48972e-13 7.74091e-13 6.26881e-13 5.04896e-13 4.04092e-13 3.21433e-13 2.53303e-13 1.9836e-13 1.52431e-13 1.16292e-13 8.66507e-14 6.41094e-14 4.67106e-14 3.32062e-14 2.3642e-14 1.71326e-14 1.26904e-14 9.24323e-15 7.14636e-15 3.64595e-15 3.64595e-15 
5.19379e-14 1.0939e-13 1.54403e-13 2.02458e-13 2.59277e-13 3.26536e-13 4.04871e-13 4.96731e-13 6.01495e-13 7.22173e-13 8.58696e-13 1.01092e-12 1.17975e-12 1.36188e-12 1.55747e-12 1.76033e-12 1.96334e-12 2.15973e-12 2.33531e-12 2.47754e-12 2.57257e-12 2.60902e-12 2.58124e-12 2.48678e-12 2.33318e-12 2.13137e-12 1.89879e-12 1.65032e-12 1.4038e-12 1.17101e-12 9.61906e-13 7.79867e-13 6.26733e-13 5.01187e-13 3.98102e-13 3.15113e-13 2.48486e-13 1.93791e-13 1.50311e-13 1.14594e-13 8.64536e-14 6.41094e-14 4.64822e-14 3.38491e-14 2.41216e-14 1.72955e-14 1.25198e-14 8.85306e-15 6.66472e-15 4.21733e-15 1.95154e-15 
7.2492e-14 1.1493e-13 1.55371e-13 2.01749e-13 2.57774e-13 3.24153e-13 4.02474e-13 4.95146e-13 6.01495e-13 7.24509e-13 8.65101e-13 1.02137e-12 1.19357e-12 1.37967e-12 1.57473e-12 1.77376e-12 1.96783e-12 2.14545e-12 2.29632e-12 2.40561e-12 2.46347e-12 2.46279e-12 2.39895e-12 2.27761e-12 2.1057e-12 1.89769e-12 1.66667e-12 1.42967e-12 1.19995e-12 9.87273e-13 7.99057e-13 6.38693e-13 5.0596e-13 3.98381e-13 3.12611e-13 2.44256e-13 1.90379e-13 1.47315e-13 1.12715e-13 8.53535e-14 6.33828e-14 4.64822e-14 3.34776e-14 2.38327e-14 1.68853e-14 1.1882e-14 8.65377e-15 6.32514e-15 4.69231e-15 2.7106e-15 2.7106e-15 
3.89647e-14 8.20068e-14 1.16755e-13 1.55494e-13 2.0107e-13 2.56212e-13 3.22594e-13 4.01772e-13 4.95146e-13 6.03942e-13 7.30189e-13 8.72995e-13 1.03348e-12 1.20843e-12 1.39432e-12 1.58653e-12 1.77656e-12 1.95628e-12 2.11205e-12 2.23403e-12 2.31046e-12 2.33391e-12 2.29988e-12 2.21007e-12 2.06864e-12 1.88709e-12 1.67822e-12 1.45579e-12 1.23309e-12 1.02135e-12 8.29169e-13 6.6141e-13 5.21476e-13 4.06347e-13 3.15323e-13 2.43868e-13 1.87793e-13 1.44241e-13 1.10297e-13 8.35799e-14 6.27772e-14 4.67106e-14 3.34776e-14 2.40597e-14 1.71233e-14 1.19962e-14 8.59901e-15 6.12524e-15 4.41231e-15 3.34693e-15 9.73955e-16 
5.36977e-14 8.57337e-14 1.17741e-13 1.5469e-13 1.99384e-13 2.54545e-13 3.21824e-13 4.01772e-13 4.96731e-13 6.07922e-13 7.36466e-13 8.82551e-13 1.04469e-12 1.21995e-12 1.40325e-12 1.58924e-12 1.76673e-12 1.92652e-12 2.05819e-12 2.15058e-12 2.19607e-12 2.18884e-12 2.12797e-12 2.01709e-12 1.86413e-12 1.67987e-12 1.47538e-12 1.26426e-12 1.05778e-12 8.65126e-13 6.92969e-13 5.452e-13 4.22952e-13 3.24871e-13 2.48284e-13 1.88944e-13 1.43585e-13 1.08743e-13 8.22522e-14 6.17146e-14 4.57532e-14 3.38491e-14 2.40597e-14 1.72628e-14 1.21216e-14 8.6276e-15 6.03572e-15 4.23201e-15 3.12389e-15 1.80363e-15 1.80363e-15 
2.79818e-14 6.04074e-14 8.76215e-14 1.16836e-13 1.53884e-13 1.98606e-13 2.53719e-13 3.21824e-13 4.02474e-13 4.99934e-13 6.13513e-13 7.44423e-13 8.92065e-13 1.05424e-12 1.22734e-12 1.40558e-12 1.58004e-12 1.7413e-12 1.87992e-12 1.98514e-12 2.04905e-12 2.06558e-12 2.03148e-12 1.95036e-12 1.82603e-12 1.66662e-12 1.48397e-12 1.28823e-12 1.09111e-12 9.01876e-13 7.28549e-13 5.76675e-13 4.47597e-13 3.41741e-13 2.58653e-13 1.94411e-13 1.4574e-13 1.08872e-13 8.18743e-14 6.12301e-14 4.52438e-14 3.32062e-14 2.38327e-14 1.72628e-14 1.21994e-14 8.68202e-15 6.01589e-15 4.13443e-15 2.96704e-15 2.51901e-15 9.74382e-16 
3.9824e-14 6.32419e-14 8.76223e-14 1.16933e-13 1.53037e-13 1.98713e-13 2.53719e-13 3.22594e-13 4.04871e-13 5.03854e-13 6.18913e-13 7.51365e-13 8.99824e-13 1.06042e-12 1.22884e-12 1.39759e-12 1.5578e-12 1.70081e-12 1.81603e-12 1.89512e-12 1.93169e-12 1.92306e-12 1.86775e-12 1.77127e-12 1.63851e-12 1.47869e-12 1.302e-12 1.11765e-12 9.35482e-13 7.64476e-13 6.0983e-13 4.76065e-13 3.6438e-13 2.74379e-13 2.04237e-13 1.50987e-13 1.1157e-13 8.24179e-14 6.03583e-14 4.47088e-14 3.31081e-14 2.41216e-14 1.71233e-14 1.21994e-14 8.72013e-15 6.02685e-15 4.0928e-15 2.87285e-15 2.37372e-15 9.06963e-16 9.06963e-16 
2.09907e-14 4.46503e-14 6.41767e-14 8.76585e-14 1.1603e-13 1.53109e-13 1.98713e-13 2.54545e-13 3.24153e-13 4.08041e-13 5.08572e-13 6.25187e-13 7.58369e-13 9.05017e-13 1.06146e-12 1.22167e-12 1.37824e-12 1.52224e-12 1.64488e-12 1.73623e-12 1.79038e-12 1.80256e-12 1.77266e-12 1.701e-12 1.59414e-12 1.45806e-12 1.30128e-12 1.13227e-12 9.62031e-13 7.96633e-13 6.43128e-13 5.07325e-13 3.91012e-13 2.94523e-13 2.19026e-13 1.6047e-13 1.16837e-13 8.45776e-14 6.1707e-14 4.4511e-14 3.23723e-14 2.3642e-14 1.68853e-14 1.21216e-14 8.72013e-15 6.03981e-15 4.08117e-15 2.82399e-15 2.27768e-15 1.7047e-15 9.77062e-16 
2.89022e-14 4.655e-14 6.51553e-14 8.76975e-14 1.16075e-13 1.53109e-13 1.98606e-13 2.56212e-13 3.26536e-13 4.12048e-13 5.1322e-13 6.29596e-13 7.61777e-13 9.04923e-13 1.0555e-12 1.20573e-12 1.34822e-12 1.47398e-12 1.57405e-12 1.6419e-12 1.67325e-12 1.66494e-12 1.61772e-12 1.53468e-12 1.42163e-12 1.28565e-12 1.13452e-12 9.76786e-13 8.20704e-13 6.72187e-13 5.36304e-13 4.17812e-13 3.17487e-13 2.36361e-13 1.73208e-13 1.2487e-13 8.94891e-14 6.37039e-14 4.57156e-14 3.26365e-14 2.39209e-14 1.72955e-14 1.19962e-14 8.68202e-15 6.03981e-15 4.7604e-15 2.80257e-15 2.22277e-15 1.62439e-15 9.18566e-16 9.18566e-16 
1.49958e-14 3.18037e-14 4.75013e-14 6.51627e-14 8.77208e-14 1.16075e-13 1.53037e-13 1.99384e-13 2.57774e-13 3.28827e-13 4.15041e-13 5.1694e-13 6.32246e-13 7.61682e-13 8.99591e-13 1.04068e-12 1.17908e-12 1.30552e-12 1.41183e-12 1.4907e-12 1.53727e-12 1.54705e-12 1.52132e-12 1.46084e-12 1.3706e-12 1.25566e-12 1.12331e-12 9.80525e-13 8.34995e-13 6.93115e-13 5.60676e-13 4.42547e-13 3.40634e-13 2.5558e-13 1.87531e-13 1.3529e-13 9.65106e-14 6.79856e-14 4.79823e-14 3.34976e-14 2.38169e-14 1.71326e-14 1.1882e-14 8.6276e-15 6.02685e-15 4.7604e-15 2.79531e-15 2.19523e-15 1.57401e-15 8.73718e-16 0 
1.99496e-14 3.37376e-14 4.74861e-14 6.51695e-14 8.77208e-14 1.1603e-13 1.53884e-13 2.0107e-13 2.59277e-13 3.31093e-13 4.18069e-13 5.17925e-13 6.32287e-13 7.5628e-13 8.87181e-13 1.01788e-12 1.14159e-12 1.25085e-12 1.33737e-12 1.39644e-12 1.42303e-12 1.41526e-12 1.37529e-12 1.30571e-12 1.21073e-12 1.09742e-12 9.70442e-13 8.37842e-13 7.0548e-13 5.78777e-13 4.63404e-13 3.61337e-13 2.7436e-13 2.03002e-13 1.47316e-13 1.0448e-13 7.30783e-14 5.07456e-14 3.51633e-14 2.4854e-14 1.72085e-14 1.25198e-14 8.59901e-15 6.01589e-15 4.08117e-15 2.79531e-15 2.18431e-15 1.54698e-15 8.42548e-16 9.35296e-16 9.35296e-16 
9.99838e-15 2.28902e-14 3.37089e-14 4.74808e-14 6.51695e-14 8.76975e-14 1.16933e-13 1.5469e-13 2.01749e-13 2.60781e-13 3.33413e-13 4.18357e-13 5.1724e-13 6.27934e-13 7.45654e-13 8.67739e-13 9.8617e-13 1.09415e-12 1.18599e-12 1.25329e-12 1.29304e-12 1.30193e-12 1.27982e-12 1.22978e-12 1.15354e-12 1.05821e-12 9.47306e-13 8.28439e-13 7.06949e-13 5.88726e-13 4.77258e-13 3.77204e-13 2.904e-13 2.17579e-13 1.59153e-13 1.14256e-13 8.00715e-14 5.5286e-14 3.76803e-14 2.58106e-14 1.76384e-14 1.26904e-14 8.65377e-15 6.03572e-15 4.0928e-15 2.80257e-15 2.18431e-15 1.53567e-15 8.24473e-16 9.01903e-16 0 
1.49728e-14 2.38519e-14 3.4687e-14 4.74808e-14 6.51627e-14 8.76585e-14 1.16836e-13 1.55494e-13 2.02458e-13 2.62365e-13 3.33962e-13 4.17945e-13 5.1312e-13 6.18385e-13 7.29001e-13 8.39519e-13 9.4473e-13 1.03778e-12 1.11105e-12 1.16157e-12 1.18347e-12 1.17792e-12 1.14477e-12 1.08615e-12 1.0076e-12 9.12646e-13 8.0775e-13 6.97857e-13 5.88394e-13 4.83378e-13 3.87205e-13 3.02543e-13 2.29237e-13 1.69766e-13 1.22609e-13 8.6887e-14 5.97999e-14 4.09159e-14 2.80596e-14 1.91853e-14 1.31291e-14 8.85306e-15 6.12524e-15 4.13443e-15 2.82399e-15 2.19523e-15 1.53567e-15 8.16696e-16 8.80755e-16 0 0 
6.99939e-15 1.59423e-14 2.48281e-14 3.4687e-14 4.74861e-14 6.51553e-14 8.76223e-14 1.17741e-13 1.55371e-13 2.03273e-13 2.61232e-13 3.31921e-13 4.13175e-13 5.04809e-13 6.02914e-13 7.04681e-13 8.04652e-13 8.95718e-13 9.71907e-13 1.02922e-12 1.06273e-12 1.07015e-12 1.0526e-12 1.00989e-12 9.46988e-13 8.66748e-13 7.75648e-13 6.78455e-13 5.78348e-13 4.80839e-13 3.89969e-13 3.08177e-13 2.37089e-13 1.78302e-13 1.30418e-13 9.27998e-14 6.45685e-14 4.4605e-14 3.00305e-14 2.04391e-14 1.38631e-14 9.24323e-15 6.32514e-15 4.23201e-15 2.87285e-15 2.22277e-15 1.54698e-15 8.16696e-16 8.71198e-16 0 0 
9.98783e-15 1.69214e-14 2.48281e-14 3.37089e-14 4.75013e-14 6.41767e-14 8.76215e-14 1.16755e-13 1.54403e-13 2.01387e-13 2.585e-13 3.26514e-13 4.04278e-13 4.90686e-13 5.81851e-13 6.73084e-13 7.60802e-13 8.37829e-13 8.99039e-13 9.41259e-13 9.60373e-13 9.54922e-13 9.27824e-13 8.78887e-13 8.13172e-13 7.3459e-13 6.48888e-13 5.59113e-13 4.70502e-13 3.85791e-13 3.08068e-13 2.40684e-13 1.82253e-13 1.35235e-13 9.71571e-14 6.82425e-14 4.75364e-14 3.2193e-14 2.19576e-14 1.40738e-14 9.8363e-15 6.66472e-15 4.41231e-15 2.96704e-15 2.27768e-15 1.57401e-15 8.24473e-16 8.71198e-16 9.24695e-16 0 0 
4.99976e-15 1.09736e-14 1.69214e-14 2.38519e-14 3.37376e-14 4.655e-14 6.32419e-14 8.57337e-14 1.1493e-13 1.51713e-13 1.96937e-13 2.52411e-13 3.17006e-13 3.89621e-13 4.69189e-13 5.50879e-13 6.31888e-13 7.06686e-13 7.70832e-13 8.18128e-13 8.46206e-13 8.52671e-13 8.37818e-13 8.02661e-13 7.50767e-13 6.84522e-13 6.09919e-13 5.30104e-13 4.49282e-13 3.71915e-13 3.00836e-13 2.36209e-13 1.81318e-13 1.3561e-13 9.94761e-14 7.03091e-14 4.92198e-14 3.33841e-14 2.26894e-14 1.51655e-14 9.78199e-15 7.14636e-15 4.69231e-15 3.12389e-15 2.37372e-15 1.62439e-15 8.42548e-16 8.80755e-16 9.24695e-16 0 0 
6.99547e-15 1.09736e-14 1.59423e-14 2.28902e-14 3.18037e-14 4.46503e-14 6.04074e-14 8.20068e-14 1.0939e-13 1.44457e-13 1.8712e-13 2.38262e-13 2.97783e-13 3.63645e-13 4.34814e-13 5.0644e-13 5.75688e-13 6.37885e-13 6.87502e-13 7.21956e-13 7.38692e-13 7.35134e-13 7.12413e-13 6.73413e-13 6.19896e-13 5.56323e-13 4.8707e-13 4.16523e-13 3.47228e-13 2.81882e-13 2.23376e-13 1.72824e-13 1.30465e-13 9.55918e-14 6.94455e-14 4.82884e-14 3.31986e-14 2.31797e-14 1.53571e-14 1.05538e-14 6.86818e-15 4.21733e-15 3.34693e-15 2.51901e-15 1.7047e-15 8.73718e-16 9.01903e-16 0 0 0 0 
2.99993e-15 6.99547e-15 9.98783e-15 1.49728e-14 1.99496e-14 2.89022e-14 3.9824e-14 5.36977e-14 7.2492e-14 9.717e-14 1.27695e-13 1.64029e-13 2.08103e-13 2.58881e-13 3.13368e-13 3.71542e-13 4.29473e-13 4.83277e-13 5.29115e-13 5.64167e-13 5.84671e-13 5.89798e-13 5.78704e-13 5.52441e-13 5.12969e-13 4.6411e-13 4.08652e-13 3.50314e-13 2.92815e-13 2.38941e-13 1.89582e-13 1.4669e-13 1.11317e-13 8.25785e-14 5.96087e-14 4.15348e-14 2.94265e-14 2.03577e-14 1.33723e-14 9.39451e-15 6.46911e-15 3.64595e-15 2.7106e-15 1.80363e-15 9.06963e-16 9.18566e-16 9.35296e-16 0 0 0 0 
2.99993e-15 4.99976e-15 6.99939e-15 9.99838e-15 1.49958e-14 2.09907e-14 2.79818e-14 3.89647e-14 5.19379e-14 6.88953e-14 8.98316e-14 1.15739e-13 1.45612e-13 1.79445e-13 2.15236e-13 2.52982e-13 2.88694e-13 3.20386e-13 3.46074e-13 3.63785e-13 3.71548e-13 3.68394e-13 3.55339e-13 3.32406e-13 3.01593e-13 2.66871e-13 2.29225e-13 1.91612e-13 1.54999e-13 1.23336e-13 9.46133e-14 7.18068e-14 5.29263e-14 3.79821e-14 2.69932e-14 1.898e-14 1.29595e-14 8.94172e-15 5.93458e-15 3.93653e-15 2.93822e-15 1.95154e-15 9.73955e-16 9.74382e-16 9.77062e-16 0 0 0 0 0 0 
