1 101 51
1.81847e-13 2.78372e-13 4.28026e-13 6.05325e-13 8.60939e-13 1.30271e-12 2.19774e-12 4.11239e-12 8.0892e-12 1.59164e-11 3.04954e-11 5.61504e-11 9.86337e-11 1.64485e-10 2.59622e-10 3.87693e-10 5.49717e-10 7.47096e-10 9.88546e-10 1.29669e-09 1.70554e-09 2.24562e-09 2.92759e-09 3.73576e-09 4.63095e-09 5.55701e-09 6.44747e-09 7.2319e-09 7.84202e-09 8.21771e-09 8.31341e-09 8.10494e-09 7.59644e-09 6.82569e-09 5.86409e-09 4.80778e-09 3.75949e-09 2.80689e-09 2.0065e-09 1.37912e-09 9.16238e-10 5.91967e-10 3.74395e-10 2.33367e-10 1.44271e-10 8.89245e-11 5.48268e-11 3.38209e-11 2.07593e-11 1.23643e-11 5.76658e-12 
4.96821e-13 9.96601e-13 1.47287e-12 2.15576e-12 3.35834e-12 5.65022e-12 1.01232e-11 1.88305e-11 3.55008e-11 6.65895e-11 1.22597e-10 2.19219e-10 3.77421e-10 6.21134e-10 9.7184e-10 1.4413e-09 2.02673e-09 2.71459e-09 3.49614e-09 4.38833e-09 5.44235e-09 6.72352e-09 8.27028e-09 1.00619e-08 1.20132e-08 1.39894e-08 1.58269e-08 1.73535e-08 1.84067e-08 1.88518e-08 1.86015e-08 1.76353e-08 1.60166e-08 1.38964e-08 1.1495e-08 9.05964e-09 6.81019e-09 4.89604e-09 3.38058e-09 2.2537e-09 1.45951e-09 9.24323e-10 5.76435e-10 3.56344e-10 2.19597e-10 1.35416e-10 8.36326e-11 5.14958e-11 3.09798e-11 1.61226e-11 1.61226e-11 
2.78372e-13 1.46013e-12 2.59012e-12 3.87627e-12 6.04304e-12 1.00133e-11 1.73664e-11 3.10412e-11 5.65417e-11 1.03903e-10 1.90569e-10 3.44922e-10 6.0916e-10 1.03885e-09 1.69562e-09 2.63114e-09 3.86604e-09 5.37528e-09 7.09525e-09 8.96057e-09 1.09573e-08 1.31548e-08 1.56767e-08 1.86151e-08 2.19465e-08 2.55033e-08 2.90019e-08 3.20944e-08 3.44216e-08 3.56617e-08 3.55796e-08 3.40749e-08 3.12241e-08 2.72952e-08 2.27162e-08 1.79877e-08 1.35678e-08 9.77691e-09 6.76003e-09 4.50931e-09 2.92002e-09 1.84814e-09 1.15148e-09 7.11145e-10 4.37981e-10 2.70162e-10 1.67167e-10 1.03425e-10 6.29744e-11 3.51667e-11 1.23643e-11 
9.96601e-13 3.07479e-12 4.96601e-12 7.69013e-12 1.25462e-11 2.12653e-11 3.6866e-11 6.50921e-11 1.16942e-10 2.12882e-10 3.88955e-10 7.03943e-10 1.24453e-09 2.12261e-09 3.45775e-09 5.34207e-09 7.79719e-09 1.07486e-08 1.40485e-08 1.75597e-08 2.12641e-08 2.53149e-08 2.99547e-08 3.53281e-08 4.1322e-08 4.75371e-08 5.33669e-08 5.81148e-08 6.11083e-08 6.18088e-08 5.99196e-08 5.54798e-08 4.89112e-08 4.09713e-08 3.25922e-08 2.46542e-08 1.77908e-08 1.23041e-08 8.20225e-09 5.3044e-09 3.3513e-09 2.08387e-09 1.28457e-09 7.90061e-10 4.87152e-10 3.01821e-10 1.8751e-10 1.15389e-10 6.71148e-11 3.09798e-11 3.09798e-11 
4.28026e-13 2.59012e-12 5.33553e-12 8.45717e-12 1.36747e-11 2.2853e-11 3.86435e-11 6.58935e-11 1.14206e-10 2.02829e-10 3.68881e-10 6.78842e-10 1.24112e-09 2.21381e-09 3.79693e-09 6.19668e-09 9.55943e-09 1.38972e-08 1.90551e-08 2.47751e-08 3.08659e-08 3.73875e-08 4.46817e-08 5.31409e-08 6.2846e-08 7.33506e-08 8.37241e-08 9.27487e-08 9.91509e-08 1.01826e-07 1.00059e-07 9.37282e-08 8.34218e-08 7.03929e-08 5.62842e-08 4.27068e-08 3.08576e-08 2.13381e-08 1.42069e-08 9.16878e-09 5.77786e-09 3.58269e-09 2.20264e-09 1.35186e-09 8.32675e-10 5.16217e-10 3.218e-10 1.99873e-10 1.19737e-10 6.29744e-11 2.07593e-11 
1.47287e-12 4.96601e-12 8.68614e-12 1.41668e-11 2.3639e-11 3.952e-11 6.55423e-11 1.08812e-10 1.84298e-10 3.24142e-10 5.92998e-10 1.10778e-09 2.0576e-09 3.71446e-09 6.41567e-09 1.04979e-08 1.61829e-08 2.34605e-08 3.20621e-08 4.16109e-08 5.19286e-08 6.32902e-08 7.63201e-08 9.14617e-08 1.08406e-07 1.25917e-07 1.42057e-07 1.54592e-07 1.61424e-07 1.61016e-07 1.52805e-07 1.37484e-07 1.16997e-07 9.41139e-08 7.16754e-08 5.18723e-08 3.58659e-08 2.38447e-08 1.53508e-08 9.643e-09 5.95862e-09 3.65104e-09 2.23452e-09 1.37392e-09 8.51687e-10 5.32291e-10 3.33201e-10 2.04193e-10 1.15389e-10 5.14958e-11 5.14958e-11 
6.05325e-13 3.87627e-12 8.45717e-12 1.43223e-11 2.41733e-11 4.06389e-11 6.68538e-11 1.07861e-10 1.73572e-10 2.86715e-10 5.00377e-10 9.25413e-10 1.76173e-09 3.32805e-09 6.07635e-09 1.05577e-08 1.7307e-08 2.66545e-08 3.85565e-08 5.26042e-08 6.83331e-08 8.57194e-08 1.05428e-07 1.28357e-07 1.54639e-07 1.82927e-07 2.10427e-07 2.33476e-07 2.48312e-07 2.51868e-07 2.42573e-07 2.20979e-07 1.89915e-07 1.5387e-07 1.1772e-07 8.53804e-08 5.90435e-08 3.91966e-08 2.51657e-08 1.57518e-08 9.69394e-09 5.91586e-09 3.6079e-09 2.21283e-09 1.37053e-09 8.57973e-10 5.40417e-10 3.37026e-10 1.99873e-10 1.03425e-10 3.38209e-11 
2.15576e-12 7.69013e-12 1.41668e-11 2.43858e-11 4.17081e-11 6.93673e-11 1.11576e-10 1.75002e-10 2.73153e-10 4.40322e-10 7.63929e-10 1.43151e-09 2.77701e-09 5.3246e-09 9.80942e-09 1.71156e-08 2.80814e-08 4.3202e-08 6.24012e-08 8.51368e-08 1.10972e-07 1.40279e-07 1.74259e-07 2.13789e-07 2.57857e-07 3.02886e-07 3.4328e-07 3.72627e-07 3.85147e-07 3.77187e-07 3.48531e-07 3.02979e-07 2.47563e-07 1.90453e-07 1.38528e-07 9.58507e-08 6.35482e-08 4.06864e-08 2.53673e-08 1.55408e-08 9.44005e-09 5.73307e-09 3.50496e-09 2.16723e-09 1.35766e-09 8.59155e-10 5.42956e-10 3.33201e-10 1.8751e-10 8.36326e-11 8.36326e-11 
8.60939e-13 6.04304e-12 1.36747e-11 2.41733e-11 4.21474e-11 7.16106e-11 1.16961e-10 1.84021e-10 2.8159e-10 4.28021e-10 6.75161e-10 1.16608e-09 2.21303e-09 4.36327e-09 8.46466e-09 1.56973e-08 2.74658e-08 4.50793e-08 6.93004e-08 1.00069e-07 1.3681e-07 1.79391e-07 2.28906e-07 2.87012e-07 3.5364e-07 4.24913e-07 4.92942e-07 5.47389e-07 5.77876e-07 5.76735e-07 5.4162e-07 4.77049e-07 3.93655e-07 3.04853e-07 2.22542e-07 1.54145e-07 1.0209e-07 6.5182e-08 4.0474e-08 2.4674e-08 1.49108e-08 9.01212e-09 5.4882e-09 3.38537e-09 2.12033e-09 1.34616e-09 8.5919e-10 5.40417e-10 3.218e-10 1.67167e-10 5.48268e-11 
3.35834e-12 1.25462e-11 2.3639e-11 4.17081e-11 7.24845e-11 1.21226e-10 1.94332e-10 3.00049e-10 4.50167e-10 6.69973e-10 1.03817e-09 1.78648e-09 3.42646e-09 6.84198e-09 1.339e-08 2.49506e-08 4.37454e-08 7.18298e-08 1.10437e-07 1.59704e-07 2.19349e-07 2.90056e-07 3.73912e-07 4.72232e-07 5.81753e-07 6.92437e-07 7.88599e-07 8.52499e-07 8.69155e-07 8.31356e-07 7.43284e-07 6.2035e-07 4.84153e-07 3.55011e-07 2.463e-07 1.63008e-07 1.03804e-07 6.41874e-08 3.89278e-08 2.33938e-08 1.40641e-08 8.52632e-09 5.2432e-09 3.28055e-09 2.08698e-09 1.34176e-09 8.59155e-10 5.32291e-10 3.01821e-10 1.35416e-10 1.35416e-10 
1.30271e-12 1.00133e-11 2.2853e-11 4.06389e-11 7.16106e-11 1.22806e-10 2.01792e-10 3.18175e-10 4.83899e-10 7.15261e-10 1.04794e-09 1.60185e-09 2.74782e-09 5.31181e-09 1.07067e-08 2.10899e-08 3.94446e-08 6.92865e-08 1.13889e-07 1.75385e-07 2.54616e-07 3.52356e-07 4.70872e-07 6.1292e-07 7.769e-07 9.51513e-07 1.11461e-06 1.2374e-06 1.29225e-06 1.26199e-06 1.14766e-06 9.70376e-07 7.642e-07 5.6338e-07 3.91747e-07 2.59195e-07 1.64658e-07 1.01395e-07 6.11637e-08 3.65403e-08 2.18415e-08 1.31752e-08 8.07224e-09 5.0418e-09 3.2106e-09 2.07507e-09 1.34616e-09 8.57973e-10 5.16217e-10 2.70162e-10 8.89245e-11 
5.65022e-12 2.12653e-11 3.952e-11 6.93673e-11 1.21226e-10 2.04458e-10 3.30479e-10 5.13895e-10 7.72416e-10 1.12941e-09 1.63661e-09 2.47723e-09 4.23799e-09 8.2364e-09 1.67143e-08 3.3088e-08 6.20855e-08 1.09301e-07 1.80072e-07 2.78371e-07 4.06968e-07 5.69186e-07 7.69532e-07 1.00911e-06 1.2769e-06 1.54398e-06 1.76619e-06 1.89524e-06 1.89493e-06 1.75691e-06 1.50777e-06 1.19989e-06 8.90272e-07 6.20903e-07 4.10904e-07 2.60486e-07 1.59755e-07 9.5843e-08 5.69079e-08 3.38091e-08 2.02838e-08 1.23758e-08 7.71161e-09 4.91142e-09 3.1862e-09 2.08698e-09 1.35766e-09 8.51687e-10 4.87152e-10 2.19597e-10 2.19597e-10 
2.19774e-12 1.73664e-11 3.86435e-11 6.68538e-11 1.16961e-10 2.01792e-10 3.34763e-10 5.33346e-10 8.19887e-10 1.22119e-09 1.77196e-09 2.5491e-09 3.83303e-09 6.5429e-09 1.27597e-08 2.60209e-08 5.17242e-08 9.73754e-08 1.71975e-07 2.84533e-07 4.42899e-07 6.54423e-07 9.27352e-07 1.26755e-06 1.66687e-06 2.09047e-06 2.47438e-06 2.73845e-06 2.81235e-06 2.66574e-06 2.32707e-06 1.87447e-06 1.40142e-06 9.81147e-07 6.49846e-07 4.11266e-07 2.51253e-07 1.49912e-07 8.84528e-08 5.22169e-08 3.11477e-08 1.89174e-08 1.17545e-08 7.48229e-09 4.86649e-09 3.2106e-09 2.12033e-09 1.37053e-09 8.32675e-10 4.37981e-10 1.44271e-10 
1.01232e-11 3.6866e-11 6.55423e-11 1.11576e-10 1.94332e-10 3.30479e-10 5.39985e-10 8.49618e-10 1.29368e-09 1.91336e-09 2.76165e-09 3.95508e-09 5.92301e-09 1.00935e-08 1.97263e-08 4.03795e-08 8.05749e-08 1.52291e-07 2.70275e-07 4.50373e-07 7.08672e-07 1.06221e-06 1.52662e-06 2.10258e-06 2.75313e-06 3.39071e-06 3.8886e-06 4.11847e-06 4.00417e-06 3.56489e-06 2.91232e-06 2.19718e-06 1.54576e-06 1.02543e-06 6.48213e-07 3.94595e-07 2.34164e-07 1.37284e-07 8.05157e-08 4.77402e-08 2.88537e-08 1.78711e-08 1.13641e-08 7.40388e-09 4.91142e-09 3.28055e-09 2.16723e-09 1.37392e-09 7.90061e-10 3.56344e-10 3.56344e-10 
4.11239e-12 3.10412e-11 6.58935e-11 1.07861e-10 1.84021e-10 3.18175e-10 5.33346e-10 8.59607e-10 1.33782e-09 2.02071e-09 2.97211e-09 4.27438e-09 6.10622e-09 9.12412e-09 1.55303e-08 3.03958e-08 6.24223e-08 1.25083e-07 2.37685e-07 4.25028e-07 7.16202e-07 1.14441e-06 1.74475e-06 2.53891e-06 3.5004e-06 4.51948e-06 5.4047e-06 5.93363e-06 5.94193e-06 5.41264e-06 4.49557e-06 3.42865e-06 2.42693e-06 1.61403e-06 1.01985e-06 6.18864e-07 3.65321e-07 2.12812e-07 1.23986e-07 7.30616e-08 4.3933e-08 2.71166e-08 1.72193e-08 1.12313e-08 7.48229e-09 5.0418e-09 3.38537e-09 2.21283e-09 1.35186e-09 7.11145e-10 2.33367e-10 
1.88305e-11 6.50921e-11 1.08812e-10 1.75002e-10 3.00049e-10 5.13895e-10 8.49618e-10 1.35245e-09 2.08444e-09 3.1265e-09 4.57787e-09 6.56749e-09 9.37051e-09 1.39869e-08 2.37884e-08 4.66141e-08 9.60566e-08 1.93514e-07 3.70624e-07 6.70505e-07 1.14851e-06 1.87167e-06 2.90302e-06 4.25334e-06 5.81125e-06 7.30746e-06 8.37297e-06 8.6827e-06 8.12594e-06 6.88276e-06 5.3185e-06 3.79381e-06 2.53249e-06 1.60099e-06 9.69022e-07 5.69168e-07 3.29472e-07 1.90678e-07 1.11659e-07 6.67913e-08 4.10761e-08 2.60421e-08 1.69986e-08 1.13641e-08 7.71161e-09 5.2432e-09 3.50496e-09 2.23452e-09 1.28457e-09 5.76435e-10 5.76435e-10 
8.0892e-12 5.65417e-11 1.14206e-10 1.73572e-10 2.8159e-10 4.83899e-10 8.19887e-10 1.33782e-09 2.10529e-09 3.2159e-09 4.79331e-09 6.99142e-09 1.00117e-08 1.42763e-08 2.12968e-08 3.61962e-08 7.10272e-08 1.47016e-07 2.98484e-07 5.78584e-07 1.06517e-06 1.86554e-06 3.10781e-06 4.88358e-06 7.13145e-06 9.52677e-06 1.14961e-05 1.24339e-05 1.20203e-05 1.04241e-05 8.18488e-06 5.89585e-06 3.95651e-06 2.50565e-06 1.51397e-06 8.85198e-07 5.09288e-07 2.92813e-07 1.70393e-07 1.01387e-07 6.21227e-08 3.93192e-08 2.56793e-08 1.72193e-08 1.17545e-08 8.07224e-09 5.4882e-09 3.6079e-09 2.20264e-09 1.15148e-09 3.74395e-10 
3.55008e-11 1.16942e-10 1.84298e-10 2.73153e-10 4.50167e-10 7.72416e-10 1.29368e-09 2.08444e-09 3.24474e-09 4.91472e-09 7.28199e-09 1.05835e-08 1.51308e-08 2.15633e-08 3.21384e-08 5.45708e-08 1.07319e-07 2.23661e-07 4.59665e-07 9.07766e-07 1.71341e-06 3.08288e-06 5.23812e-06 8.25668e-06 1.18428e-05 1.52168e-05 1.73298e-05 1.74317e-05 1.55586e-05 1.24608e-05 9.08872e-06 6.14396e-06 3.90456e-06 2.35798e-06 1.37329e-06 7.85587e-07 4.48811e-07 2.59562e-07 1.53635e-07 9.37931e-08 5.92663e-08 3.87277e-08 2.60421e-08 1.78711e-08 1.23758e-08 8.52632e-09 5.73307e-09 3.65104e-09 2.08387e-09 9.24323e-10 9.24323e-10 
1.59164e-11 1.03903e-10 2.02829e-10 2.86715e-10 4.28021e-10 7.15261e-10 1.22119e-09 2.02071e-09 3.2159e-09 4.95324e-09 7.44042e-09 1.09592e-08 1.58696e-08 2.26448e-08 3.22303e-08 4.79322e-08 8.12517e-08 1.60447e-07 3.38321e-07 7.09385e-07 1.44112e-06 2.8103e-06 5.19556e-06 8.9187e-06 1.38783e-05 1.91958e-05 2.32853e-05 2.46061e-05 2.27634e-05 1.86907e-05 1.38538e-05 9.45925e-06 6.04666e-06 3.6558e-06 2.12288e-06 1.2082e-06 6.86177e-07 3.94491e-07 2.32313e-07 1.41328e-07 8.91694e-08 5.83072e-08 3.93192e-08 2.71166e-08 1.89174e-08 1.31752e-08 9.01212e-09 5.91586e-09 3.58269e-09 1.84814e-09 5.91967e-10 
6.65895e-11 2.12882e-10 3.24142e-10 4.40322e-10 6.69973e-10 1.12941e-09 1.91336e-09 3.1265e-09 4.91472e-09 7.48961e-09 1.1155e-08 1.63284e-08 2.35461e-08 3.35058e-08 4.75504e-08 7.03752e-08 1.18948e-07 2.36887e-07 5.10306e-07 1.10618e-06 2.33944e-06 4.72965e-06 8.90594e-06 1.51736e-05 2.28257e-05 2.98119e-05 3.34857e-05 3.24066e-05 2.74674e-05 2.079e-05 1.43876e-05 9.28041e-06 5.63071e-06 3.26467e-06 1.85036e-06 1.04543e-06 5.97749e-07 3.50326e-07 2.12433e-07 1.3387e-07 8.76207e-08 5.92663e-08 4.10761e-08 2.88537e-08 2.02838e-08 1.40641e-08 9.44005e-09 5.95862e-09 3.3513e-09 1.45951e-09 1.45951e-09 
3.04954e-11 1.90569e-10 3.68881e-10 5.00377e-10 6.75161e-10 1.04794e-09 1.77196e-09 2.97211e-09 4.79331e-09 7.44042e-09 1.12139e-08 1.6551e-08 2.40579e-08 3.45132e-08 4.88974e-08 6.89859e-08 1.01114e-07 1.70158e-07 3.45406e-07 7.74812e-07 1.77057e-06 3.93227e-06 8.17659e-06 1.53669e-05 2.53541e-05 3.59958e-05 4.34213e-05 4.44597e-05 3.92492e-05 3.05375e-05 2.15134e-05 1.40629e-05 8.591e-06 4.98325e-06 2.81691e-06 1.58507e-06 9.02043e-07 5.26409e-07 3.1832e-07 2.00443e-07 1.31378e-07 8.91694e-08 6.21227e-08 4.3933e-08 3.11477e-08 2.18415e-08 1.49108e-08 9.69394e-09 5.77786e-09 2.92002e-09 9.16238e-10 
1.22597e-10 3.88955e-10 5.92998e-10 7.63929e-10 1.03817e-09 1.63661e-09 2.76165e-09 4.57787e-09 7.28199e-09 1.1155e-08 1.66143e-08 2.42748e-08 3.49946e-08 4.98593e-08 7.0138e-08 9.78478e-08 1.40769e-07 2.35894e-07 5.01637e-07 1.21252e-06 2.97706e-06 6.89633e-06 1.43899e-05 2.61992e-05 4.07006e-05 5.31799e-05 5.81062e-05 5.40322e-05 4.35875e-05 3.14203e-05 2.0932e-05 1.29346e-05 7.52606e-06 4.25209e-06 2.38715e-06 1.35373e-06 7.87276e-07 4.75074e-07 2.99109e-07 1.96446e-07 1.3387e-07 9.37931e-08 6.67913e-08 4.77402e-08 3.38091e-08 2.33938e-08 1.55408e-08 9.643e-09 5.3044e-09 2.2537e-09 2.2537e-09 
5.61504e-11 3.44922e-10 6.78842e-10 9.25413e-10 1.16608e-09 1.60185e-09 2.5491e-09 4.27438e-09 6.99142e-09 1.09592e-08 1.6551e-08 2.43287e-08 3.5132e-08 5.01319e-08 7.07498e-08 9.83627e-08 1.34364e-07 1.86485e-07 3.15126e-07 7.53006e-07 2.0417e-06 5.35853e-06 1.25332e-05 2.52666e-05 4.31062e-05 6.13123e-05 7.18752e-05 7.09295e-05 6.00396e-05 4.4475e-05 3.04061e-05 1.91243e-05 1.1198e-05 6.34225e-06 3.56163e-06 2.01633e-06 1.17005e-06 7.05326e-07 4.44417e-07 2.92721e-07 2.00443e-07 1.41328e-07 1.01387e-07 7.30616e-08 5.22169e-08 3.65403e-08 2.4674e-08 1.57518e-08 9.16878e-09 4.50931e-09 1.37912e-09 
2.19219e-10 7.03943e-10 1.10778e-09 1.43151e-09 1.78648e-09 2.47723e-09 3.95508e-09 6.56749e-09 1.05835e-08 1.63284e-08 2.42748e-08 3.51475e-08 5.00466e-08 7.0488e-08 9.81318e-08 1.33758e-07 1.75445e-07 2.27064e-07 4.21969e-07 1.28218e-06 3.84188e-06 1.0263e-05 2.3055e-05 4.32273e-05 6.72165e-05 8.44612e-05 8.86924e-05 7.95227e-05 6.06778e-05 4.28198e-05 2.76279e-05 1.63264e-05 9.30431e-06 5.24573e-06 2.97254e-06 1.72434e-06 1.04003e-06 6.56643e-07 4.34247e-07 2.99109e-07 2.12433e-07 1.53635e-07 1.11659e-07 8.05157e-08 5.69079e-08 3.89278e-08 2.53673e-08 1.53508e-08 8.20225e-09 3.38058e-09 3.38058e-09 
9.86337e-11 6.0916e-10 1.24112e-09 1.76173e-09 2.21303e-09 2.74782e-09 3.83303e-09 6.10622e-09 1.00117e-08 1.58696e-08 2.40579e-08 3.5132e-08 4.99687e-08 6.99292e-08 9.6824e-08 1.32136e-07 1.73997e-07 2.10099e-07 2.46262e-07 7.13969e-07 2.6649e-06 7.93269e-06 2.02196e-05 4.17679e-05 7.12467e-05 9.64536e-05 0.000107323 0.000102485 8.01551e-05 5.85628e-05 3.89487e-05 2.31993e-05 1.33513e-05 7.59182e-06 4.32136e-06 2.51254e-06 1.5198e-06 9.63212e-07 6.40533e-07 4.44417e-07 3.1832e-07 2.32313e-07 1.70393e-07 1.23986e-07 8.84528e-08 6.11637e-08 4.0474e-08 2.51657e-08 1.42069e-08 6.76003e-09 2.0065e-09 
3.77421e-10 1.24453e-09 2.0576e-09 2.77701e-09 3.42646e-09 4.23799e-09 5.92301e-09 9.37051e-09 1.51308e-08 2.35461e-08 3.49946e-08 5.00466e-08 6.96628e-08 9.54059e-08 1.29181e-07 1.71205e-07 2.11975e-07 2.18292e-07 3.90469e-07 1.77144e-06 6.23177e-06 1.68502e-05 3.96885e-05 7.28442e-05 0.000106904 0.000126742 0.000129072 0.000103706 7.97507e-05 5.459e-05 3.21588e-05 1.86586e-05 1.07425e-05 6.16558e-06 3.60522e-06 2.19453e-06 1.3996e-06 9.37857e-07 6.56643e-07 4.75074e-07 3.50326e-07 2.59562e-07 1.90678e-07 1.37284e-07 9.5843e-08 6.41874e-08 4.06864e-08 2.38447e-08 1.23041e-08 4.89604e-09 4.89604e-09 
1.64485e-10 1.03885e-09 2.21381e-09 3.32805e-09 4.36327e-09 5.31181e-09 6.5429e-09 9.12412e-09 1.42763e-08 2.26448e-08 3.45132e-08 5.01319e-08 6.99292e-08 9.48026e-08 1.26444e-07 1.66559e-07 2.12136e-07 2.40459e-07 2.98013e-07 1.30153e-06 4.75074e-06 1.46868e-05 3.45454e-05 7.34556e-05 0.000113093 0.000143175 0.000149554 0.000128432 0.000106989 7.86216e-05 4.47211e-05 2.5652e-05 1.48424e-05 8.58951e-06 5.0673e-06 3.11911e-06 2.00855e-06 1.36003e-06 9.63212e-07 7.05326e-07 5.26409e-07 3.94491e-07 2.92813e-07 2.12812e-07 1.49912e-07 1.01395e-07 6.5182e-08 3.91966e-08 2.13381e-08 9.77691e-09 2.80689e-09 
6.21134e-10 2.12261e-09 3.71446e-09 5.3246e-09 6.84198e-09 8.2364e-09 1.00935e-08 1.39869e-08 2.15633e-08 3.35058e-08 4.98593e-08 7.0488e-08 9.54059e-08 1.25314e-07 1.62398e-07 2.08728e-07 2.59202e-07 3.39324e-07 1.00821e-06 4.02094e-06 1.19106e-05 3.09105e-05 6.13273e-05 0.000126497 0.000171117 0.000200216 0.000155242 0.000144555 0.00010696 6.36978e-05 3.72355e-05 2.04983e-05 1.16789e-05 6.93414e-06 4.34288e-06 2.83556e-06 1.94748e-06 1.3996e-06 1.04003e-06 7.87276e-07 5.97749e-07 4.48811e-07 3.29472e-07 2.34164e-07 1.59755e-07 1.03804e-07 6.35482e-08 3.58659e-08 1.77908e-08 6.81019e-09 6.81019e-09 
2.59622e-10 1.69562e-09 3.79693e-09 6.07635e-09 8.46466e-09 1.07067e-08 1.27597e-08 1.55303e-08 2.12968e-08 3.22303e-08 4.88974e-08 7.07498e-08 9.6824e-08 1.26444e-07 1.60622e-07 2.04869e-07 2.67876e-07 3.79961e-07 9.25388e-07 3.18921e-06 1.06549e-05 2.28098e-05 5.96751e-05 0.000110718 0.000147174 0.000176486 0.000174444 0.000155943 0.000148191 0.000103332 5.68305e-05 3.00158e-05 1.59524e-05 9.21402e-06 5.89734e-06 3.91876e-06 2.74277e-06 2.00855e-06 1.5198e-06 1.17005e-06 9.02043e-07 6.86177e-07 5.09288e-07 3.65321e-07 2.51253e-07 1.64658e-07 1.0209e-07 5.90435e-08 3.08576e-08 1.35678e-08 3.75949e-09 
9.7184e-10 3.45775e-09 6.41567e-09 9.80942e-09 1.339e-08 1.67143e-08 1.97263e-08 2.37884e-08 3.21384e-08 4.75504e-08 7.0138e-08 9.81318e-08 1.29181e-07 1.62398e-07 2.02816e-07 2.69976e-07 4.03696e-07 8.4333e-07 2.92637e-06 7.80193e-06 2.2531e-05 4.77655e-05 8.21152e-05 0.000110872 0.000133695 0.000144575 0.000143075 0.000145053 0.000122542 8.95201e-05 4.60057e-05 2.20938e-05 1.22624e-05 7.82942e-06 5.27854e-06 3.78074e-06 2.83556e-06 2.19453e-06 1.72434e-06 1.35373e-06 1.04543e-06 7.85587e-07 5.69168e-07 3.94595e-07 2.60486e-07 1.63008e-07 9.58507e-08 5.18723e-08 2.46542e-08 9.05964e-09 9.05964e-09 
3.87693e-10 2.63114e-09 6.19668e-09 1.05577e-08 1.56973e-08 2.10899e-08 2.60209e-08 3.03958e-08 3.61962e-08 4.79322e-08 6.89859e-08 9.83627e-08 1.32136e-07 1.66559e-07 2.04869e-07 2.69214e-07 4.08963e-07 7.66358e-07 2.43914e-06 8.09508e-06 1.80421e-05 3.48875e-05 5.58001e-05 7.71417e-05 9.5344e-05 0.000106705 0.000111498 0.000116801 0.000109752 9.28569e-05 6.46587e-05 3.67376e-05 1.68723e-05 1.08336e-05 6.95011e-06 5.07886e-06 3.91876e-06 3.11911e-06 2.51254e-06 2.01633e-06 1.58507e-06 1.2082e-06 8.85198e-07 6.18864e-07 4.11266e-07 2.59195e-07 1.54145e-07 8.53804e-08 4.27068e-08 1.79877e-08 4.80778e-09 
1.4413e-09 5.34207e-09 1.04979e-08 1.71156e-08 2.49506e-08 3.3088e-08 4.03795e-08 4.66141e-08 5.45708e-08 7.03752e-08 9.78478e-08 1.33758e-07 1.71205e-07 2.08728e-07 2.69976e-07 4.10436e-07 6.90479e-07 1.80564e-06 6.98491e-06 1.43972e-05 2.40042e-05 3.7833e-05 5.19059e-05 6.56483e-05 7.61227e-05 8.19898e-05 8.73666e-05 8.64439e-05 7.99443e-05 6.68969e-05 5.02503e-05 2.7542e-05 1.60566e-05 9.55753e-06 6.67003e-06 5.27854e-06 4.34288e-06 3.60522e-06 2.97254e-06 2.38715e-06 1.85036e-06 1.37329e-06 9.69022e-07 6.48213e-07 4.10904e-07 2.463e-07 1.38528e-07 7.16754e-08 3.25922e-08 1.1495e-08 1.1495e-08 
5.49717e-10 3.86604e-09 9.55943e-09 1.7307e-08 2.74658e-08 3.94446e-08 5.17242e-08 6.24223e-08 7.10272e-08 8.12517e-08 1.01114e-07 1.34364e-07 1.73997e-07 2.12136e-07 2.67876e-07 4.08963e-07 6.81695e-07 1.21061e-06 6.17194e-06 1.09233e-05 1.75445e-05 2.58244e-05 3.56812e-05 4.53198e-05 5.38724e-05 6.00818e-05 6.49012e-05 6.65979e-05 6.44579e-05 5.88938e-05 5.06707e-05 3.81129e-05 2.62361e-05 1.4229e-05 9.16122e-06 6.95011e-06 5.89734e-06 5.0673e-06 4.32136e-06 3.56163e-06 2.81691e-06 2.12288e-06 1.51397e-06 1.01985e-06 6.49846e-07 3.91747e-07 2.22542e-07 1.1772e-07 5.62842e-08 2.27162e-08 5.86409e-09 
2.02673e-09 7.79719e-09 1.61829e-08 2.80814e-08 4.37454e-08 6.20855e-08 8.05749e-08 9.60566e-08 1.07319e-07 1.18948e-07 1.40769e-07 1.75445e-07 2.11975e-07 2.59202e-07 4.03696e-07 6.90479e-07 1.12494e-06 4.87855e-06 8.74521e-06 1.32362e-05 1.89421e-05 2.53072e-05 3.23028e-05 3.88763e-05 4.44558e-05 4.90595e-05 5.16405e-05 5.17871e-05 4.96259e-05 4.57196e-05 3.9315e-05 3.14343e-05 2.18105e-05 1.35569e-05 9.55753e-06 7.82942e-06 6.93414e-06 6.16558e-06 5.24573e-06 4.25209e-06 3.26467e-06 2.35798e-06 1.60099e-06 1.02543e-06 6.20903e-07 3.55011e-07 1.90453e-07 9.41139e-08 4.09713e-08 1.38964e-08 1.38964e-08 
7.47096e-10 5.37528e-09 1.38972e-08 2.66545e-08 4.50793e-08 6.92865e-08 9.73754e-08 1.25083e-07 1.47016e-07 1.60447e-07 1.70158e-07 1.86485e-07 2.10099e-07 2.40459e-07 3.79961e-07 7.66358e-07 1.21061e-06 4.64287e-06 7.40478e-06 1.07803e-05 1.46566e-05 1.91302e-05 2.39653e-05 2.89867e-05 3.36267e-05 3.77292e-05 4.06837e-05 4.19673e-05 4.17003e-05 4.00973e-05 3.6919e-05 3.26298e-05 2.69556e-05 2.04059e-05 1.4229e-05 1.08336e-05 9.21402e-06 8.58951e-06 7.59182e-06 6.34225e-06 4.98325e-06 3.6558e-06 2.50565e-06 1.61403e-06 9.81147e-07 5.6338e-07 3.04853e-07 1.5387e-07 7.03929e-08 2.72952e-08 6.82569e-09 
2.71459e-09 1.07486e-08 2.34605e-08 4.3202e-08 7.18298e-08 1.09301e-07 1.52291e-07 1.93514e-07 2.23661e-07 2.36887e-07 2.35894e-07 2.27064e-07 2.18292e-07 3.39324e-07 8.4333e-07 1.80564e-06 4.87855e-06 7.14532e-06 9.42266e-06 1.2171e-05 1.52699e-05 1.87545e-05 2.24604e-05 2.61768e-05 2.96716e-05 3.25495e-05 3.44143e-05 3.51835e-05 3.4972e-05 3.37231e-05 3.16497e-05 2.88922e-05 2.55713e-05 2.18105e-05 1.60566e-05 1.22624e-05 1.16789e-05 1.07425e-05 9.30431e-06 7.52606e-06 5.63071e-06 3.90456e-06 2.53249e-06 1.54576e-06 8.90272e-07 4.84153e-07 2.47563e-07 1.16997e-07 4.89112e-08 1.60166e-08 1.60166e-08 
9.88546e-10 7.09525e-09 1.90551e-08 3.85565e-08 6.93004e-08 1.13889e-07 1.71975e-07 2.37685e-07 2.98484e-07 3.38321e-07 3.45406e-07 3.15126e-07 2.46262e-07 2.98013e-07 9.25388e-07 2.43914e-06 6.17194e-06 7.40478e-06 9.07536e-06 1.08305e-05 1.29447e-05 1.54147e-05 1.8176e-05 2.10628e-05 2.39418e-05 2.65386e-05 2.85536e-05 2.98646e-05 3.04705e-05 3.04046e-05 2.98035e-05 2.88225e-05 2.76634e-05 2.69556e-05 2.62361e-05 1.68723e-05 1.59524e-05 1.48424e-05 1.33513e-05 1.1198e-05 8.591e-06 6.04666e-06 3.95651e-06 2.42693e-06 1.40142e-06 7.642e-07 3.93655e-07 1.89915e-07 8.34218e-08 3.12241e-08 7.59644e-09 
3.49614e-09 1.40485e-08 3.20621e-08 6.24012e-08 1.10437e-07 1.80072e-07 2.70275e-07 3.70624e-07 4.59665e-07 5.10306e-07 5.01637e-07 4.21969e-07 3.90469e-07 1.00821e-06 2.92637e-06 6.98491e-06 8.74521e-06 9.42266e-06 1.044e-05 1.16708e-05 1.33334e-05 1.5342e-05 1.75623e-05 1.98731e-05 2.21007e-05 2.40349e-05 2.55443e-05 2.65953e-05 2.721e-05 2.75169e-05 2.76865e-05 2.79182e-05 2.88922e-05 3.14343e-05 2.7542e-05 2.20938e-05 2.04983e-05 1.86586e-05 1.63264e-05 1.29346e-05 9.28041e-06 6.14396e-06 3.79381e-06 2.19718e-06 1.19989e-06 6.2035e-07 3.02979e-07 1.37484e-07 5.54798e-08 1.76353e-08 1.76353e-08 
1.29669e-09 8.96057e-09 2.47751e-08 5.26042e-08 1.00069e-07 1.75385e-07 2.84533e-07 4.25028e-07 5.78584e-07 7.09385e-07 7.74812e-07 7.53006e-07 7.13969e-07 1.30153e-06 3.18921e-06 8.09508e-06 1.09233e-05 1.07803e-05 1.08305e-05 1.12753e-05 1.21713e-05 1.3528e-05 1.51807e-05 1.69988e-05 1.88436e-05 2.05738e-05 2.20827e-05 2.33168e-05 2.42896e-05 2.50966e-05 2.59287e-05 2.7005e-05 2.88225e-05 3.26298e-05 3.81129e-05 3.67376e-05 3.00158e-05 2.5652e-05 2.31993e-05 1.91243e-05 1.40629e-05 9.45925e-06 5.89585e-06 3.42865e-06 1.87447e-06 9.70376e-07 4.77049e-07 2.20979e-07 9.37282e-08 3.40749e-08 8.10494e-09 
4.38833e-09 1.75597e-08 4.16109e-08 8.51368e-08 1.59704e-07 2.78371e-07 4.50373e-07 6.70505e-07 9.07766e-07 1.10618e-06 1.21252e-06 1.28218e-06 1.77144e-06 4.02094e-06 7.80193e-06 1.43972e-05 1.32362e-05 1.2171e-05 1.16708e-05 1.17993e-05 1.25013e-05 1.36248e-05 1.49984e-05 1.64796e-05 1.79552e-05 1.93453e-05 2.05998e-05 2.17155e-05 2.27662e-05 2.39146e-05 2.54142e-05 2.76865e-05 3.16497e-05 3.9315e-05 5.02503e-05 4.60057e-05 3.72355e-05 3.21588e-05 2.76279e-05 2.0932e-05 1.43876e-05 9.08872e-06 5.3185e-06 2.91232e-06 1.50777e-06 7.43284e-07 3.48531e-07 1.52805e-07 5.99196e-08 1.86015e-08 1.86015e-08 
1.70554e-09 1.09573e-08 3.08659e-08 6.83331e-08 1.3681e-07 2.54616e-07 4.42899e-07 7.16202e-07 1.06517e-06 1.44112e-06 1.77057e-06 2.0417e-06 2.6649e-06 4.75074e-06 1.06549e-05 1.80421e-05 1.75445e-05 1.46566e-05 1.29447e-05 1.21713e-05 1.2168e-05 1.27345e-05 1.36713e-05 1.48026e-05 1.60087e-05 1.72189e-05 1.83908e-05 1.95151e-05 2.06407e-05 2.19026e-05 2.35312e-05 2.59287e-05 2.98035e-05 3.6919e-05 5.06707e-05 6.46587e-05 5.68305e-05 4.47211e-05 3.89487e-05 3.04061e-05 2.15134e-05 1.38538e-05 8.18488e-06 4.49557e-06 2.32707e-06 1.14766e-06 5.4162e-07 2.42573e-07 1.00059e-07 3.55796e-08 8.31341e-09 
5.44235e-09 2.12641e-08 5.19286e-08 1.10972e-07 2.19349e-07 4.06968e-07 7.08672e-07 1.14851e-06 1.71341e-06 2.33944e-06 2.97706e-06 3.84188e-06 6.23177e-06 1.19106e-05 2.2531e-05 2.40042e-05 1.89421e-05 1.52699e-05 1.33334e-05 1.25013e-05 1.24434e-05 1.2906e-05 1.36766e-05 1.46043e-05 1.56051e-05 1.6635e-05 1.76814e-05 1.8777e-05 2.00243e-05 2.16218e-05 2.39146e-05 2.75169e-05 3.37231e-05 4.57196e-05 6.68969e-05 8.95201e-05 6.36978e-05 5.459e-05 4.28198e-05 3.14203e-05 2.079e-05 1.24608e-05 6.88276e-06 3.56489e-06 1.75691e-06 8.31356e-07 3.77187e-07 1.61016e-07 6.18088e-08 1.88518e-08 1.88518e-08 
2.24562e-09 1.31548e-08 3.73875e-08 8.57194e-08 1.79391e-07 3.52356e-07 6.54423e-07 1.14441e-06 1.86554e-06 2.8103e-06 3.93227e-06 5.35853e-06 7.93269e-06 1.46868e-05 2.28098e-05 3.48875e-05 2.58244e-05 1.91302e-05 1.54147e-05 1.3528e-05 1.27345e-05 1.26549e-05 1.30235e-05 1.36514e-05 1.44231e-05 1.5278e-05 1.61945e-05 1.71927e-05 1.83494e-05 1.98231e-05 2.19026e-05 2.50966e-05 3.04046e-05 4.00973e-05 5.88938e-05 9.28569e-05 0.000103332 7.86216e-05 5.85628e-05 4.4475e-05 3.05375e-05 1.86907e-05 1.04241e-05 5.41264e-06 2.66574e-06 1.26199e-06 5.76735e-07 2.51868e-07 1.01826e-07 3.56617e-08 8.21771e-09 
6.72352e-09 2.53149e-08 6.32902e-08 1.40279e-07 2.90056e-07 5.69186e-07 1.06221e-06 1.87167e-06 3.08288e-06 4.72965e-06 6.89633e-06 1.0263e-05 1.68502e-05 3.09105e-05 4.77655e-05 3.7833e-05 2.53072e-05 1.87545e-05 1.5342e-05 1.36248e-05 1.2906e-05 1.28087e-05 1.30957e-05 1.36133e-05 1.42707e-05 1.5027e-05 1.58873e-05 1.69069e-05 1.82092e-05 2.00243e-05 2.27662e-05 2.721e-05 3.4972e-05 4.96259e-05 7.99443e-05 0.000122542 0.00010696 7.97507e-05 6.06778e-05 4.35875e-05 2.74674e-05 1.55586e-05 8.12594e-06 4.00417e-06 1.89493e-06 8.69155e-07 3.85147e-07 1.61424e-07 6.11083e-08 1.84067e-08 1.84067e-08 
2.92759e-09 1.56767e-08 4.46817e-08 1.05428e-07 2.28906e-07 4.70872e-07 9.27352e-07 1.74475e-06 3.10781e-06 5.19556e-06 8.17659e-06 1.25332e-05 2.02196e-05 3.45454e-05 5.96751e-05 5.58001e-05 3.56812e-05 2.39653e-05 1.8176e-05 1.51807e-05 1.36713e-05 1.30235e-05 1.29127e-05 1.31389e-05 1.35745e-05 1.41503e-05 1.48493e-05 1.57058e-05 1.68128e-05 1.83494e-05 2.06407e-05 2.42896e-05 3.04705e-05 4.17003e-05 6.44579e-05 0.000109752 0.000148191 0.000106989 8.01551e-05 6.00396e-05 3.92492e-05 2.27634e-05 1.20203e-05 5.94193e-06 2.81235e-06 1.29225e-06 5.77876e-07 2.48312e-07 9.91509e-08 3.44216e-08 7.84202e-09 
8.27028e-09 2.99547e-08 7.63201e-08 1.74259e-07 3.73912e-07 7.69532e-07 1.52662e-06 2.90302e-06 5.23812e-06 8.90594e-06 1.43899e-05 2.3055e-05 3.96885e-05 6.13273e-05 8.21152e-05 5.19059e-05 3.23028e-05 2.24604e-05 1.75623e-05 1.49984e-05 1.36766e-05 1.30957e-05 1.29823e-05 1.31646e-05 1.35397e-05 1.40627e-05 1.47431e-05 1.56458e-05 1.69069e-05 1.8777e-05 2.17155e-05 2.65953e-05 3.51835e-05 5.17871e-05 8.64439e-05 0.000145053 0.000144555 0.000103706 7.95227e-05 5.40322e-05 3.24066e-05 1.74317e-05 8.6827e-06 4.11847e-06 1.89524e-06 8.52499e-07 3.72627e-07 1.54592e-07 5.81148e-08 1.73535e-08 1.73535e-08 
3.73576e-09 1.86151e-08 5.31409e-08 1.28357e-07 2.87012e-07 6.1292e-07 1.26755e-06 2.53891e-06 4.88358e-06 8.9187e-06 1.53669e-05 2.52666e-05 4.17679e-05 7.34556e-05 0.000110718 7.71417e-05 4.53198e-05 2.89867e-05 2.10628e-05 1.69988e-05 1.48026e-05 1.36514e-05 1.31389e-05 1.30291e-05 1.31787e-05 1.35115e-05 1.40092e-05 1.47078e-05 1.57058e-05 1.71927e-05 1.95151e-05 2.33168e-05 2.98646e-05 4.19673e-05 6.65979e-05 0.000116801 0.000155943 0.000128432 0.000102485 7.09295e-05 4.44597e-05 2.46061e-05 1.24339e-05 5.93363e-06 2.73845e-06 1.2374e-06 5.47389e-07 2.33476e-07 9.27487e-08 3.20944e-08 7.2319e-09 
1.00619e-08 3.53281e-08 9.14617e-08 2.13789e-07 4.72232e-07 1.00911e-06 2.10258e-06 4.25334e-06 8.25668e-06 1.51736e-05 2.61992e-05 4.32273e-05 7.28442e-05 0.000126497 0.000110872 6.56483e-05 3.88763e-05 2.61768e-05 1.98731e-05 1.64796e-05 1.46043e-05 1.36133e-05 1.31646e-05 1.30591e-05 1.31846e-05 1.34929e-05 1.39911e-05 1.47431e-05 1.58873e-05 1.76814e-05 2.05998e-05 2.55443e-05 3.44143e-05 5.16405e-05 8.73666e-05 0.000143075 0.000155242 0.000129072 8.86924e-05 5.81062e-05 3.34857e-05 1.73298e-05 8.37297e-06 3.8886e-06 1.76619e-06 7.88599e-07 3.4328e-07 1.42057e-07 5.33669e-08 1.58269e-08 1.58269e-08 
4.63095e-09 2.19465e-08 6.2846e-08 1.54639e-07 3.5364e-07 7.769e-07 1.66687e-06 3.5004e-06 7.13145e-06 1.38783e-05 2.53541e-05 4.31062e-05 7.12467e-05 0.000113093 0.000147174 9.5344e-05 5.38724e-05 3.36267e-05 2.39418e-05 1.88436e-05 1.60087e-05 1.44231e-05 1.35745e-05 1.31787e-05 1.30762e-05 1.31861e-05 1.34864e-05 1.40092e-05 1.48493e-05 1.61945e-05 1.83908e-05 2.20827e-05 2.85536e-05 4.06837e-05 6.49012e-05 0.000111498 0.000174444 0.000149554 0.000107323 7.18752e-05 4.34213e-05 2.32853e-05 1.14961e-05 5.4047e-06 2.47438e-06 1.11461e-06 4.92942e-07 2.10427e-07 8.37241e-08 2.90019e-08 6.44747e-09 
1.20132e-08 4.1322e-08 1.08406e-07 2.57857e-07 5.81753e-07 1.2769e-06 2.75313e-06 5.81125e-06 1.18428e-05 2.28257e-05 4.07006e-05 6.72165e-05 0.000106904 0.000171117 0.000133695 7.61227e-05 4.44558e-05 2.96716e-05 2.21007e-05 1.79552e-05 1.56051e-05 1.42707e-05 1.35397e-05 1.31846e-05 1.30843e-05 1.31863e-05 1.34929e-05 1.40627e-05 1.5027e-05 1.6635e-05 1.93453e-05 2.40349e-05 3.25495e-05 4.90595e-05 8.19898e-05 0.000144575 0.000200216 0.000126742 8.44612e-05 5.31799e-05 2.98119e-05 1.52168e-05 7.30746e-06 3.39071e-06 1.54398e-06 6.92437e-07 3.02886e-07 1.25917e-07 4.75371e-08 1.39894e-08 1.39894e-08 
5.55701e-09 2.55033e-08 7.33506e-08 1.82927e-07 4.24913e-07 9.51513e-07 2.09047e-06 4.51948e-06 9.52677e-06 1.91958e-05 3.59958e-05 6.13123e-05 9.64536e-05 0.000143175 0.000176486 0.000106705 6.00818e-05 3.77292e-05 2.65386e-05 2.05738e-05 1.72189e-05 1.5278e-05 1.41503e-05 1.35115e-05 1.31861e-05 1.30866e-05 1.31861e-05 1.35115e-05 1.41503e-05 1.5278e-05 1.72189e-05 2.05738e-05 2.65386e-05 3.77292e-05 6.00818e-05 0.000106705 0.000176486 0.000143175 9.64536e-05 6.13123e-05 3.59958e-05 1.91958e-05 9.52677e-06 4.51948e-06 2.09047e-06 9.51513e-07 4.24913e-07 1.82927e-07 7.33506e-08 2.55033e-08 5.55701e-09 
1.39894e-08 4.75371e-08 1.25917e-07 3.02886e-07 6.92437e-07 1.54398e-06 3.39071e-06 7.30746e-06 1.52168e-05 2.98119e-05 5.31799e-05 8.44612e-05 0.000126742 0.000200216 0.000144575 8.19898e-05 4.90595e-05 3.25495e-05 2.40349e-05 1.93453e-05 1.6635e-05 1.5027e-05 1.40627e-05 1.34929e-05 1.31863e-05 1.30843e-05 1.31846e-05 1.35397e-05 1.42707e-05 1.56051e-05 1.79552e-05 2.21007e-05 2.96716e-05 4.44558e-05 7.61227e-05 0.000133695 0.000171117 0.000106904 6.72165e-05 4.07006e-05 2.28257e-05 1.18428e-05 5.81125e-06 2.75313e-06 1.2769e-06 5.81753e-07 2.57857e-07 1.08406e-07 4.1322e-08 1.20132e-08 1.20132e-08 
6.44747e-09 2.90019e-08 8.37241e-08 2.10427e-07 4.92942e-07 1.11461e-06 2.47438e-06 5.4047e-06 1.14961e-05 2.32853e-05 4.34213e-05 7.18752e-05 0.000107323 0.000149554 0.000174444 0.000111498 6.49012e-05 4.06837e-05 2.85536e-05 2.20827e-05 1.83908e-05 1.61945e-05 1.48493e-05 1.40092e-05 1.34864e-05 1.31861e-05 1.30762e-05 1.31787e-05 1.35745e-05 1.44231e-05 1.60087e-05 1.88436e-05 2.39418e-05 3.36267e-05 5.38724e-05 9.5344e-05 0.000147174 0.000113093 7.12467e-05 4.31062e-05 2.53541e-05 1.38783e-05 7.13145e-06 3.5004e-06 1.66687e-06 7.769e-07 3.5364e-07 1.54639e-07 6.2846e-08 2.19465e-08 4.63095e-09 
1.58269e-08 5.33669e-08 1.42057e-07 3.4328e-07 7.88599e-07 1.76619e-06 3.8886e-06 8.37297e-06 1.73298e-05 3.34857e-05 5.81062e-05 8.86924e-05 0.000129072 0.000155242 0.000143075 8.73666e-05 5.16405e-05 3.44143e-05 2.55443e-05 2.05998e-05 1.76814e-05 1.58873e-05 1.47431e-05 1.39911e-05 1.34929e-05 1.31846e-05 1.30591e-05 1.31646e-05 1.36133e-05 1.46043e-05 1.64796e-05 1.98731e-05 2.61768e-05 3.88763e-05 6.56483e-05 0.000110872 0.000126497 7.28442e-05 4.32273e-05 2.61992e-05 1.51736e-05 8.25668e-06 4.25334e-06 2.10258e-06 1.00911e-06 4.72232e-07 2.13789e-07 9.14617e-08 3.53281e-08 1.00619e-08 1.00619e-08 
7.2319e-09 3.20944e-08 9.27487e-08 2.33476e-07 5.47389e-07 1.2374e-06 2.73845e-06 5.93363e-06 1.24339e-05 2.46061e-05 4.44597e-05 7.09295e-05 0.000102485 0.000128432 0.000155943 0.000116801 6.65979e-05 4.19673e-05 2.98646e-05 2.33168e-05 1.95151e-05 1.71927e-05 1.57058e-05 1.47078e-05 1.40092e-05 1.35115e-05 1.31787e-05 1.30291e-05 1.31389e-05 1.36514e-05 1.48026e-05 1.69988e-05 2.10628e-05 2.89867e-05 4.53198e-05 7.71417e-05 0.000110718 7.34556e-05 4.17679e-05 2.52666e-05 1.53669e-05 8.9187e-06 4.88358e-06 2.53891e-06 1.26755e-06 6.1292e-07 2.87012e-07 1.28357e-07 5.31409e-08 1.86151e-08 3.73576e-09 
1.73535e-08 5.81148e-08 1.54592e-07 3.72627e-07 8.52499e-07 1.89524e-06 4.11847e-06 8.6827e-06 1.74317e-05 3.24066e-05 5.40322e-05 7.95227e-05 0.000103706 0.000144555 0.000145053 8.64439e-05 5.17871e-05 3.51835e-05 2.65953e-05 2.17155e-05 1.8777e-05 1.69069e-05 1.56458e-05 1.47431e-05 1.40627e-05 1.35397e-05 1.31646e-05 1.29823e-05 1.30957e-05 1.36766e-05 1.49984e-05 1.75623e-05 2.24604e-05 3.23028e-05 5.19059e-05 8.21152e-05 6.13273e-05 3.96885e-05 2.3055e-05 1.43899e-05 8.90594e-06 5.23812e-06 2.90302e-06 1.52662e-06 7.69532e-07 3.73912e-07 1.74259e-07 7.63201e-08 2.99547e-08 8.27028e-09 8.27028e-09 
7.84202e-09 3.44216e-08 9.91509e-08 2.48312e-07 5.77876e-07 1.29225e-06 2.81235e-06 5.94193e-06 1.20203e-05 2.27634e-05 3.92492e-05 6.00396e-05 8.01551e-05 0.000106989 0.000148191 0.000109752 6.44579e-05 4.17003e-05 3.04705e-05 2.42896e-05 2.06407e-05 1.83494e-05 1.68128e-05 1.57058e-05 1.48493e-05 1.41503e-05 1.35745e-05 1.31389e-05 1.29127e-05 1.30235e-05 1.36713e-05 1.51807e-05 1.8176e-05 2.39653e-05 3.56812e-05 5.58001e-05 5.96751e-05 3.45454e-05 2.02196e-05 1.25332e-05 8.17659e-06 5.19556e-06 3.10781e-06 1.74475e-06 9.27352e-07 4.70872e-07 2.28906e-07 1.05428e-07 4.46817e-08 1.56767e-08 2.92759e-09 
1.84067e-08 6.11083e-08 1.61424e-07 3.85147e-07 8.69155e-07 1.89493e-06 4.00417e-06 8.12594e-06 1.55586e-05 2.74674e-05 4.35875e-05 6.06778e-05 7.97507e-05 0.00010696 0.000122542 7.99443e-05 4.96259e-05 3.4972e-05 2.721e-05 2.27662e-05 2.00243e-05 1.82092e-05 1.69069e-05 1.58873e-05 1.5027e-05 1.42707e-05 1.36133e-05 1.30957e-05 1.28087e-05 1.2906e-05 1.36248e-05 1.5342e-05 1.87545e-05 2.53072e-05 3.7833e-05 4.77655e-05 3.09105e-05 1.68502e-05 1.0263e-05 6.89633e-06 4.72965e-06 3.08288e-06 1.87167e-06 1.06221e-06 5.69186e-07 2.90056e-07 1.40279e-07 6.32902e-08 2.53149e-08 6.72352e-09 6.72352e-09 
8.21771e-09 3.56617e-08 1.01826e-07 2.51868e-07 5.76735e-07 1.26199e-06 2.66574e-06 5.41264e-06 1.04241e-05 1.86907e-05 3.05375e-05 4.4475e-05 5.85628e-05 7.86216e-05 0.000103332 9.28569e-05 5.88938e-05 4.00973e-05 3.04046e-05 2.50966e-05 2.19026e-05 1.98231e-05 1.83494e-05 1.71927e-05 1.61945e-05 1.5278e-05 1.44231e-05 1.36514e-05 1.30235e-05 1.26549e-05 1.27345e-05 1.3528e-05 1.54147e-05 1.91302e-05 2.58244e-05 3.48875e-05 2.28098e-05 1.46868e-05 7.93269e-06 5.35853e-06 3.93227e-06 2.8103e-06 1.86554e-06 1.14441e-06 6.54423e-07 3.52356e-07 1.79391e-07 8.57194e-08 3.73875e-08 1.31548e-08 2.24562e-09 
1.88518e-08 6.18088e-08 1.61016e-07 3.77187e-07 8.31356e-07 1.75691e-06 3.56489e-06 6.88276e-06 1.24608e-05 2.079e-05 3.14203e-05 4.28198e-05 5.459e-05 6.36978e-05 8.95201e-05 6.68969e-05 4.57196e-05 3.37231e-05 2.75169e-05 2.39146e-05 2.16218e-05 2.00243e-05 1.8777e-05 1.76814e-05 1.6635e-05 1.56051e-05 1.46043e-05 1.36766e-05 1.2906e-05 1.24434e-05 1.25013e-05 1.33334e-05 1.52699e-05 1.89421e-05 2.40042e-05 2.2531e-05 1.19106e-05 6.23177e-06 3.84188e-06 2.97706e-06 2.33944e-06 1.71341e-06 1.14851e-06 7.08672e-07 4.06968e-07 2.19349e-07 1.10972e-07 5.19286e-08 2.12641e-08 5.44235e-09 5.44235e-09 
8.31341e-09 3.55796e-08 1.00059e-07 2.42573e-07 5.4162e-07 1.14766e-06 2.32707e-06 4.49557e-06 8.18488e-06 1.38538e-05 2.15134e-05 3.04061e-05 3.89487e-05 4.47211e-05 5.68305e-05 6.46587e-05 5.06707e-05 3.6919e-05 2.98035e-05 2.59287e-05 2.35312e-05 2.19026e-05 2.06407e-05 1.95151e-05 1.83908e-05 1.72189e-05 1.60087e-05 1.48026e-05 1.36713e-05 1.27345e-05 1.2168e-05 1.21713e-05 1.29447e-05 1.46566e-05 1.75445e-05 1.80421e-05 1.06549e-05 4.75074e-06 2.6649e-06 2.0417e-06 1.77057e-06 1.44112e-06 1.06517e-06 7.16202e-07 4.42899e-07 2.54616e-07 1.3681e-07 6.83331e-08 3.08659e-08 1.09573e-08 1.70554e-09 
1.86015e-08 5.99196e-08 1.52805e-07 3.48531e-07 7.43284e-07 1.50777e-06 2.91232e-06 5.3185e-06 9.08872e-06 1.43876e-05 2.0932e-05 2.76279e-05 3.21588e-05 3.72355e-05 4.60057e-05 5.02503e-05 3.9315e-05 3.16497e-05 2.76865e-05 2.54142e-05 2.39146e-05 2.27662e-05 2.17155e-05 2.05998e-05 1.93453e-05 1.79552e-05 1.64796e-05 1.49984e-05 1.36248e-05 1.25013e-05 1.17993e-05 1.16708e-05 1.2171e-05 1.32362e-05 1.43972e-05 7.80193e-06 4.02094e-06 1.77144e-06 1.28218e-06 1.21252e-06 1.10618e-06 9.07766e-07 6.70505e-07 4.50373e-07 2.78371e-07 1.59704e-07 8.51368e-08 4.16109e-08 1.75597e-08 4.38833e-09 4.38833e-09 
8.10494e-09 3.40749e-08 9.37282e-08 2.20979e-07 4.77049e-07 9.70376e-07 1.87447e-06 3.42865e-06 5.89585e-06 9.45925e-06 1.40629e-05 1.91243e-05 2.31993e-05 2.5652e-05 3.00158e-05 3.67376e-05 3.81129e-05 3.26298e-05 2.88225e-05 2.7005e-05 2.59287e-05 2.50966e-05 2.42896e-05 2.33168e-05 2.20827e-05 2.05738e-05 1.88436e-05 1.69988e-05 1.51807e-05 1.3528e-05 1.21713e-05 1.12753e-05 1.08305e-05 1.07803e-05 1.09233e-05 8.09508e-06 3.18921e-06 1.30153e-06 7.13969e-07 7.53006e-07 7.74812e-07 7.09385e-07 5.78584e-07 4.25028e-07 2.84533e-07 1.75385e-07 1.00069e-07 5.26042e-08 2.47751e-08 8.96057e-09 1.29669e-09 
1.76353e-08 5.54798e-08 1.37484e-07 3.02979e-07 6.2035e-07 1.19989e-06 2.19718e-06 3.79381e-06 6.14396e-06 9.28041e-06 1.29346e-05 1.63264e-05 1.86586e-05 2.04983e-05 2.20938e-05 2.7542e-05 3.14343e-05 2.88922e-05 2.79182e-05 2.76865e-05 2.75169e-05 2.721e-05 2.65953e-05 2.55443e-05 2.40349e-05 2.21007e-05 1.98731e-05 1.75623e-05 1.5342e-05 1.33334e-05 1.16708e-05 1.044e-05 9.42266e-06 8.74521e-06 6.98491e-06 2.92637e-06 1.00821e-06 3.90469e-07 4.21969e-07 5.01637e-07 5.10306e-07 4.59665e-07 3.70624e-07 2.70275e-07 1.80072e-07 1.10437e-07 6.24012e-08 3.20621e-08 1.40485e-08 3.49614e-09 3.49614e-09 
7.59644e-09 3.12241e-08 8.34218e-08 1.89915e-07 3.93655e-07 7.642e-07 1.40142e-06 2.42693e-06 3.95651e-06 6.04666e-06 8.591e-06 1.1198e-05 1.33513e-05 1.48424e-05 1.59524e-05 1.68723e-05 2.62361e-05 2.69556e-05 2.76634e-05 2.88225e-05 2.98035e-05 3.04046e-05 3.04705e-05 2.98646e-05 2.85536e-05 2.65386e-05 2.39418e-05 2.10628e-05 1.8176e-05 1.54147e-05 1.29447e-05 1.08305e-05 9.07536e-06 7.40478e-06 6.17194e-06 2.43914e-06 9.25388e-07 2.98013e-07 2.46262e-07 3.15126e-07 3.45406e-07 3.38321e-07 2.98484e-07 2.37685e-07 1.71975e-07 1.13889e-07 6.93004e-08 3.85565e-08 1.90551e-08 7.09525e-09 9.88546e-10 
1.60166e-08 4.89112e-08 1.16997e-07 2.47563e-07 4.84153e-07 8.90272e-07 1.54576e-06 2.53249e-06 3.90456e-06 5.63071e-06 7.52606e-06 9.30431e-06 1.07425e-05 1.16789e-05 1.22624e-05 1.60566e-05 2.18105e-05 2.55713e-05 2.88922e-05 3.16497e-05 3.37231e-05 3.4972e-05 3.51835e-05 3.44143e-05 3.25495e-05 2.96716e-05 2.61768e-05 2.24604e-05 1.87545e-05 1.52699e-05 1.2171e-05 9.42266e-06 7.14532e-06 4.87855e-06 1.80564e-06 8.4333e-07 3.39324e-07 2.18292e-07 2.27064e-07 2.35894e-07 2.36887e-07 2.23661e-07 1.93514e-07 1.52291e-07 1.09301e-07 7.18298e-08 4.3202e-08 2.34605e-08 1.07486e-08 2.71459e-09 2.71459e-09 
6.82569e-09 2.72952e-08 7.03929e-08 1.5387e-07 3.04853e-07 5.6338e-07 9.81147e-07 1.61403e-06 2.50565e-06 3.6558e-06 4.98325e-06 6.34225e-06 7.59182e-06 8.58951e-06 9.21402e-06 1.08336e-05 1.4229e-05 2.04059e-05 2.69556e-05 3.26298e-05 3.6919e-05 4.00973e-05 4.17003e-05 4.19673e-05 4.06837e-05 3.77292e-05 3.36267e-05 2.89867e-05 2.39653e-05 1.91302e-05 1.46566e-05 1.07803e-05 7.40478e-06 4.64287e-06 1.21061e-06 7.66358e-07 3.79961e-07 2.40459e-07 2.10099e-07 1.86485e-07 1.70158e-07 1.60447e-07 1.47016e-07 1.25083e-07 9.73754e-08 6.92865e-08 4.50793e-08 2.66545e-08 1.38972e-08 5.37528e-09 7.47096e-10 
1.38964e-08 4.09713e-08 9.41139e-08 1.90453e-07 3.55011e-07 6.20903e-07 1.02543e-06 1.60099e-06 2.35798e-06 3.26467e-06 4.25209e-06 5.24573e-06 6.16558e-06 6.93414e-06 7.82942e-06 9.55753e-06 1.35569e-05 2.18105e-05 3.14343e-05 3.9315e-05 4.57196e-05 4.96259e-05 5.17871e-05 5.16405e-05 4.90595e-05 4.44558e-05 3.88763e-05 3.23028e-05 2.53072e-05 1.89421e-05 1.32362e-05 8.74521e-06 4.87855e-06 1.12494e-06 6.90479e-07 4.03696e-07 2.59202e-07 2.11975e-07 1.75445e-07 1.40769e-07 1.18948e-07 1.07319e-07 9.60566e-08 8.05749e-08 6.20855e-08 4.37454e-08 2.80814e-08 1.61829e-08 7.79719e-09 2.02673e-09 2.02673e-09 
5.86409e-09 2.27162e-08 5.62842e-08 1.1772e-07 2.22542e-07 3.91747e-07 6.49846e-07 1.01985e-06 1.51397e-06 2.12288e-06 2.81691e-06 3.56163e-06 4.32136e-06 5.0673e-06 5.89734e-06 6.95011e-06 9.16122e-06 1.4229e-05 2.62361e-05 3.81129e-05 5.06707e-05 5.88938e-05 6.44579e-05 6.65979e-05 6.49012e-05 6.00818e-05 5.38724e-05 4.53198e-05 3.56812e-05 2.58244e-05 1.75445e-05 1.09233e-05 6.17194e-06 1.21061e-06 6.81695e-07 4.08963e-07 2.67876e-07 2.12136e-07 1.73997e-07 1.34364e-07 1.01114e-07 8.12517e-08 7.10272e-08 6.24223e-08 5.17242e-08 3.94446e-08 2.74658e-08 1.7307e-08 9.55943e-09 3.86604e-09 5.49717e-10 
1.1495e-08 3.25922e-08 7.16754e-08 1.38528e-07 2.463e-07 4.10904e-07 6.48213e-07 9.69022e-07 1.37329e-06 1.85036e-06 2.38715e-06 2.97254e-06 3.60522e-06 4.34288e-06 5.27854e-06 6.67003e-06 9.55753e-06 1.60566e-05 2.7542e-05 5.02503e-05 6.68969e-05 7.99443e-05 8.64439e-05 8.73666e-05 8.19898e-05 7.61227e-05 6.56483e-05 5.19059e-05 3.7833e-05 2.40042e-05 1.43972e-05 6.98491e-06 1.80564e-06 6.90479e-07 4.10436e-07 2.69976e-07 2.08728e-07 1.71205e-07 1.33758e-07 9.78478e-08 7.03752e-08 5.45708e-08 4.66141e-08 4.03795e-08 3.3088e-08 2.49506e-08 1.71156e-08 1.04979e-08 5.34207e-09 1.4413e-09 1.4413e-09 
4.80778e-09 1.79877e-08 4.27068e-08 8.53804e-08 1.54145e-07 2.59195e-07 4.11266e-07 6.18864e-07 8.85198e-07 1.2082e-06 1.58507e-06 2.01633e-06 2.51254e-06 3.11911e-06 3.91876e-06 5.07886e-06 6.95011e-06 1.08336e-05 1.68723e-05 3.67376e-05 6.46587e-05 9.28569e-05 0.000109752 0.000116801 0.000111498 0.000106705 9.5344e-05 7.71417e-05 5.58001e-05 3.48875e-05 1.80421e-05 8.09508e-06 2.43914e-06 7.66358e-07 4.08963e-07 2.69214e-07 2.04869e-07 1.66559e-07 1.32136e-07 9.83627e-08 6.89859e-08 4.79322e-08 3.61962e-08 3.03958e-08 2.60209e-08 2.10899e-08 1.56973e-08 1.05577e-08 6.19668e-09 2.63114e-09 3.87693e-10 
9.05964e-09 2.46542e-08 5.18723e-08 9.58507e-08 1.63008e-07 2.60486e-07 3.94595e-07 5.69168e-07 7.85587e-07 1.04543e-06 1.35373e-06 1.72434e-06 2.19453e-06 2.83556e-06 3.78074e-06 5.27854e-06 7.82942e-06 1.22624e-05 2.20938e-05 4.60057e-05 8.95201e-05 0.000122542 0.000145053 0.000143075 0.000144575 0.000133695 0.000110872 8.21152e-05 4.77655e-05 2.2531e-05 7.80193e-06 2.92637e-06 8.4333e-07 4.03696e-07 2.69976e-07 2.02816e-07 1.62398e-07 1.29181e-07 9.81318e-08 7.0138e-08 4.75504e-08 3.21384e-08 2.37884e-08 1.97263e-08 1.67143e-08 1.339e-08 9.80942e-09 6.41567e-09 3.45775e-09 9.7184e-10 9.7184e-10 
3.75949e-09 1.35678e-08 3.08576e-08 5.90435e-08 1.0209e-07 1.64658e-07 2.51253e-07 3.65321e-07 5.09288e-07 6.86177e-07 9.02043e-07 1.17005e-06 1.5198e-06 2.00855e-06 2.74277e-06 3.91876e-06 5.89734e-06 9.21402e-06 1.59524e-05 3.00158e-05 5.68305e-05 0.000103332 0.000148191 0.000155943 0.000174444 0.000176486 0.000147174 0.000110718 5.96751e-05 2.28098e-05 1.06549e-05 3.18921e-06 9.25388e-07 3.79961e-07 2.67876e-07 2.04869e-07 1.60622e-07 1.26444e-07 9.6824e-08 7.07498e-08 4.88974e-08 3.22303e-08 2.12968e-08 1.55303e-08 1.27597e-08 1.07067e-08 8.46466e-09 6.07635e-09 3.79693e-09 1.69562e-09 2.59622e-10 
6.81019e-09 1.77908e-08 3.58659e-08 6.35482e-08 1.03804e-07 1.59755e-07 2.34164e-07 3.29472e-07 4.48811e-07 5.97749e-07 7.87276e-07 1.04003e-06 1.3996e-06 1.94748e-06 2.83556e-06 4.34288e-06 6.93414e-06 1.16789e-05 2.04983e-05 3.72355e-05 6.36978e-05 0.00010696 0.000144555 0.000155242 0.000200216 0.000171117 0.000126497 6.13273e-05 3.09105e-05 1.19106e-05 4.02094e-06 1.00821e-06 3.39324e-07 2.59202e-07 2.08728e-07 1.62398e-07 1.25314e-07 9.54059e-08 7.0488e-08 4.98593e-08 3.35058e-08 2.15633e-08 1.39869e-08 1.00935e-08 8.2364e-09 6.84198e-09 5.3246e-09 3.71446e-09 2.12261e-09 6.21134e-10 6.21134e-10 
2.80689e-09 9.77691e-09 2.13381e-08 3.91966e-08 6.5182e-08 1.01395e-07 1.49912e-07 2.12812e-07 2.92813e-07 3.94491e-07 5.26409e-07 7.05326e-07 9.63212e-07 1.36003e-06 2.00855e-06 3.11911e-06 5.0673e-06 8.58951e-06 1.48424e-05 2.5652e-05 4.47211e-05 7.86216e-05 0.000106989 0.000128432 0.000149554 0.000143175 0.000113093 7.34556e-05 3.45454e-05 1.46868e-05 4.75074e-06 1.30153e-06 2.98013e-07 2.40459e-07 2.12136e-07 1.66559e-07 1.26444e-07 9.48026e-08 6.99292e-08 5.01319e-08 3.45132e-08 2.26448e-08 1.42763e-08 9.12412e-09 6.5429e-09 5.31181e-09 4.36327e-09 3.32805e-09 2.21381e-09 1.03885e-09 1.64485e-10 
4.89604e-09 1.23041e-08 2.38447e-08 4.06864e-08 6.41874e-08 9.5843e-08 1.37284e-07 1.90678e-07 2.59562e-07 3.50326e-07 4.75074e-07 6.56643e-07 9.37857e-07 1.3996e-06 2.19453e-06 3.60522e-06 6.16558e-06 1.07425e-05 1.86586e-05 3.21588e-05 5.459e-05 7.97507e-05 0.000103706 0.000129072 0.000126742 0.000106904 7.28442e-05 3.96885e-05 1.68502e-05 6.23177e-06 1.77144e-06 3.90469e-07 2.18292e-07 2.11975e-07 1.71205e-07 1.29181e-07 9.54059e-08 6.96628e-08 5.00466e-08 3.49946e-08 2.35461e-08 1.51308e-08 9.37051e-09 5.92301e-09 4.23799e-09 3.42646e-09 2.77701e-09 2.0576e-09 1.24453e-09 3.77421e-10 3.77421e-10 
2.0065e-09 6.76003e-09 1.42069e-08 2.51657e-08 4.0474e-08 6.11637e-08 8.84528e-08 1.23986e-07 1.70393e-07 2.32313e-07 3.1832e-07 4.44417e-07 6.40533e-07 9.63212e-07 1.5198e-06 2.51254e-06 4.32136e-06 7.59182e-06 1.33513e-05 2.31993e-05 3.89487e-05 5.85628e-05 8.01551e-05 0.000102485 0.000107323 9.64536e-05 7.12467e-05 4.17679e-05 2.02196e-05 7.93269e-06 2.6649e-06 7.13969e-07 2.46262e-07 2.10099e-07 1.73997e-07 1.32136e-07 9.6824e-08 6.99292e-08 4.99687e-08 3.5132e-08 2.40579e-08 1.58696e-08 1.00117e-08 6.10622e-09 3.83303e-09 2.74782e-09 2.21303e-09 1.76173e-09 1.24112e-09 6.0916e-10 9.86337e-11 
3.38058e-09 8.20225e-09 1.53508e-08 2.53673e-08 3.89278e-08 5.69079e-08 8.05157e-08 1.11659e-07 1.53635e-07 2.12433e-07 2.99109e-07 4.34247e-07 6.56643e-07 1.04003e-06 1.72434e-06 2.97254e-06 5.24573e-06 9.30431e-06 1.63264e-05 2.76279e-05 4.28198e-05 6.06778e-05 7.95227e-05 8.86924e-05 8.44612e-05 6.72165e-05 4.32273e-05 2.3055e-05 1.0263e-05 3.84188e-06 1.28218e-06 4.21969e-07 2.27064e-07 1.75445e-07 1.33758e-07 9.81318e-08 7.0488e-08 5.00466e-08 3.51475e-08 2.42748e-08 1.63284e-08 1.05835e-08 6.56749e-09 3.95508e-09 2.47723e-09 1.78648e-09 1.43151e-09 1.10778e-09 7.03943e-10 2.19219e-10 2.19219e-10 
1.37912e-09 4.50931e-09 9.16878e-09 1.57518e-08 2.4674e-08 3.65403e-08 5.22169e-08 7.30616e-08 1.01387e-07 1.41328e-07 2.00443e-07 2.92721e-07 4.44417e-07 7.05326e-07 1.17005e-06 2.01633e-06 3.56163e-06 6.34225e-06 1.1198e-05 1.91243e-05 3.04061e-05 4.4475e-05 6.00396e-05 7.09295e-05 7.18752e-05 6.13123e-05 4.31062e-05 2.52666e-05 1.25332e-05 5.35853e-06 2.0417e-06 7.53006e-07 3.15126e-07 1.86485e-07 1.34364e-07 9.83627e-08 7.07498e-08 5.01319e-08 3.5132e-08 2.43287e-08 1.6551e-08 1.09592e-08 6.99142e-09 4.27438e-09 2.5491e-09 1.60185e-09 1.16608e-09 9.25413e-10 6.78842e-10 3.44922e-10 5.61504e-11 
2.2537e-09 5.3044e-09 9.643e-09 1.55408e-08 2.33938e-08 3.38091e-08 4.77402e-08 6.67913e-08 9.37931e-08 1.3387e-07 1.96446e-07 2.99109e-07 4.75074e-07 7.87276e-07 1.35373e-06 2.38715e-06 4.25209e-06 7.52606e-06 1.29346e-05 2.0932e-05 3.14203e-05 4.35875e-05 5.40322e-05 5.81062e-05 5.31799e-05 4.07006e-05 2.61992e-05 1.43899e-05 6.89633e-06 2.97706e-06 1.21252e-06 5.01637e-07 2.35894e-07 1.40769e-07 9.78478e-08 7.0138e-08 4.98593e-08 3.49946e-08 2.42748e-08 1.66143e-08 1.1155e-08 7.28199e-09 4.57787e-09 2.76165e-09 1.63661e-09 1.03817e-09 7.63929e-10 5.92998e-10 3.88955e-10 1.22597e-10 1.22597e-10 
9.16238e-10 2.92002e-09 5.77786e-09 9.69394e-09 1.49108e-08 2.18415e-08 3.11477e-08 4.3933e-08 6.21227e-08 8.91694e-08 1.31378e-07 2.00443e-07 3.1832e-07 5.26409e-07 9.02043e-07 1.58507e-06 2.81691e-06 4.98325e-06 8.591e-06 1.40629e-05 2.15134e-05 3.05375e-05 3.92492e-05 4.44597e-05 4.34213e-05 3.59958e-05 2.53541e-05 1.53669e-05 8.17659e-06 3.93227e-06 1.77057e-06 7.74812e-07 3.45406e-07 1.70158e-07 1.01114e-07 6.89859e-08 4.88974e-08 3.45132e-08 2.40579e-08 1.6551e-08 1.12139e-08 7.44042e-09 4.79331e-09 2.97211e-09 1.77196e-09 1.04794e-09 6.75161e-10 5.00377e-10 3.68881e-10 1.90569e-10 3.04954e-11 
1.45951e-09 3.3513e-09 5.95862e-09 9.44005e-09 1.40641e-08 2.02838e-08 2.88537e-08 4.10761e-08 5.92663e-08 8.76207e-08 1.3387e-07 2.12433e-07 3.50326e-07 5.97749e-07 1.04543e-06 1.85036e-06 3.26467e-06 5.63071e-06 9.28041e-06 1.43876e-05 2.079e-05 2.74674e-05 3.24066e-05 3.34857e-05 2.98119e-05 2.28257e-05 1.51736e-05 8.90594e-06 4.72965e-06 2.33944e-06 1.10618e-06 5.10306e-07 2.36887e-07 1.18948e-07 7.03752e-08 4.75504e-08 3.35058e-08 2.35461e-08 1.63284e-08 1.1155e-08 7.48961e-09 4.91472e-09 3.1265e-09 1.91336e-09 1.12941e-09 6.69973e-10 4.40322e-10 3.24142e-10 2.12882e-10 6.65895e-11 6.65895e-11 
5.91967e-10 1.84814e-09 3.58269e-09 5.91586e-09 9.01212e-09 1.31752e-08 1.89174e-08 2.71166e-08 3.93192e-08 5.83072e-08 8.91694e-08 1.41328e-07 2.32313e-07 3.94491e-07 6.86177e-07 1.2082e-06 2.12288e-06 3.6558e-06 6.04666e-06 9.45925e-06 1.38538e-05 1.86907e-05 2.27634e-05 2.46061e-05 2.32853e-05 1.91958e-05 1.38783e-05 8.9187e-06 5.19556e-06 2.8103e-06 1.44112e-06 7.09385e-07 3.38321e-07 1.60447e-07 8.12517e-08 4.79322e-08 3.22303e-08 2.26448e-08 1.58696e-08 1.09592e-08 7.44042e-09 4.95324e-09 3.2159e-09 2.02071e-09 1.22119e-09 7.15261e-10 4.28021e-10 2.86715e-10 2.02829e-10 1.03903e-10 1.59164e-11 
9.24323e-10 2.08387e-09 3.65104e-09 5.73307e-09 8.52632e-09 1.23758e-08 1.78711e-08 2.60421e-08 3.87277e-08 5.92663e-08 9.37931e-08 1.53635e-07 2.59562e-07 4.48811e-07 7.85587e-07 1.37329e-06 2.35798e-06 3.90456e-06 6.14396e-06 9.08872e-06 1.24608e-05 1.55586e-05 1.74317e-05 1.73298e-05 1.52168e-05 1.18428e-05 8.25668e-06 5.23812e-06 3.08288e-06 1.71341e-06 9.07766e-07 4.59665e-07 2.23661e-07 1.07319e-07 5.45708e-08 3.21384e-08 2.15633e-08 1.51308e-08 1.05835e-08 7.28199e-09 4.91472e-09 3.24474e-09 2.08444e-09 1.29368e-09 7.72416e-10 4.50167e-10 2.73153e-10 1.84298e-10 1.16942e-10 3.55008e-11 3.55008e-11 
3.74395e-10 1.15148e-09 2.20264e-09 3.6079e-09 5.4882e-09 8.07224e-09 1.17545e-08 1.72193e-08 2.56793e-08 3.93192e-08 6.21227e-08 1.01387e-07 1.70393e-07 2.92813e-07 5.09288e-07 8.85198e-07 1.51397e-06 2.50565e-06 3.95651e-06 5.89585e-06 8.18488e-06 1.04241e-05 1.20203e-05 1.24339e-05 1.14961e-05 9.52677e-06 7.13145e-06 4.88358e-06 3.10781e-06 1.86554e-06 1.06517e-06 5.78584e-07 2.98484e-07 1.47016e-07 7.10272e-08 3.61962e-08 2.12968e-08 1.42763e-08 1.00117e-08 6.99142e-09 4.79331e-09 3.2159e-09 2.10529e-09 1.33782e-09 8.19887e-10 4.83899e-10 2.8159e-10 1.73572e-10 1.14206e-10 5.65417e-11 8.0892e-12 
5.76435e-10 1.28457e-09 2.23452e-09 3.50496e-09 5.2432e-09 7.71161e-09 1.13641e-08 1.69986e-08 2.60421e-08 4.10761e-08 6.67913e-08 1.11659e-07 1.90678e-07 3.29472e-07 5.69168e-07 9.69022e-07 1.60099e-06 2.53249e-06 3.79381e-06 5.3185e-06 6.88276e-06 8.12594e-06 8.6827e-06 8.37297e-06 7.30746e-06 5.81125e-06 4.25334e-06 2.90302e-06 1.87167e-06 1.14851e-06 6.70505e-07 3.70624e-07 1.93514e-07 9.60566e-08 4.66141e-08 2.37884e-08 1.39869e-08 9.37051e-09 6.56749e-09 4.57787e-09 3.1265e-09 2.08444e-09 1.35245e-09 8.49618e-10 5.13895e-10 3.00049e-10 1.75002e-10 1.08812e-10 6.50921e-11 1.88305e-11 1.88305e-11 
2.33367e-10 7.11145e-10 1.35186e-09 2.21283e-09 3.38537e-09 5.0418e-09 7.48229e-09 1.12313e-08 1.72193e-08 2.71166e-08 4.3933e-08 7.30616e-08 1.23986e-07 2.12812e-07 3.65321e-07 6.18864e-07 1.01985e-06 1.61403e-06 2.42693e-06 3.42865e-06 4.49557e-06 5.41264e-06 5.94193e-06 5.93363e-06 5.4047e-06 4.51948e-06 3.5004e-06 2.53891e-06 1.74475e-06 1.14441e-06 7.16202e-07 4.25028e-07 2.37685e-07 1.25083e-07 6.24223e-08 3.03958e-08 1.55303e-08 9.12412e-09 6.10622e-09 4.27438e-09 2.97211e-09 2.02071e-09 1.33782e-09 8.59607e-10 5.33346e-10 3.18175e-10 1.84021e-10 1.07861e-10 6.58935e-11 3.10412e-11 4.11239e-12 
3.56344e-10 7.90061e-10 1.37392e-09 2.16723e-09 3.28055e-09 4.91142e-09 7.40388e-09 1.13641e-08 1.78711e-08 2.88537e-08 4.77402e-08 8.05157e-08 1.37284e-07 2.34164e-07 3.94595e-07 6.48213e-07 1.02543e-06 1.54576e-06 2.19718e-06 2.91232e-06 3.56489e-06 4.00417e-06 4.11847e-06 3.8886e-06 3.39071e-06 2.75313e-06 2.10258e-06 1.52662e-06 1.06221e-06 7.08672e-07 4.50373e-07 2.70275e-07 1.52291e-07 8.05749e-08 4.03795e-08 1.97263e-08 1.00935e-08 5.92301e-09 3.95508e-09 2.76165e-09 1.91336e-09 1.29368e-09 8.49618e-10 5.39985e-10 3.30479e-10 1.94332e-10 1.11576e-10 6.55423e-11 3.6866e-11 1.01232e-11 1.01232e-11 
1.44271e-10 4.37981e-10 8.32675e-10 1.37053e-09 2.12033e-09 3.2106e-09 4.86649e-09 7.48229e-09 1.17545e-08 1.89174e-08 3.11477e-08 5.22169e-08 8.84528e-08 1.49912e-07 2.51253e-07 4.11266e-07 6.49846e-07 9.81147e-07 1.40142e-06 1.87447e-06 2.32707e-06 2.66574e-06 2.81235e-06 2.73845e-06 2.47438e-06 2.09047e-06 1.66687e-06 1.26755e-06 9.27352e-07 6.54423e-07 4.42899e-07 2.84533e-07 1.71975e-07 9.73754e-08 5.17242e-08 2.60209e-08 1.27597e-08 6.5429e-09 3.83303e-09 2.5491e-09 1.77196e-09 1.22119e-09 8.19887e-10 5.33346e-10 3.34763e-10 2.01792e-10 1.16961e-10 6.68538e-11 3.86435e-11 1.73664e-11 2.19774e-12 
2.19597e-10 4.87152e-10 8.51687e-10 1.35766e-09 2.08698e-09 3.1862e-09 4.91142e-09 7.71161e-09 1.23758e-08 2.02838e-08 3.38091e-08 5.69079e-08 9.5843e-08 1.59755e-07 2.60486e-07 4.10904e-07 6.20903e-07 8.90272e-07 1.19989e-06 1.50777e-06 1.75691e-06 1.89493e-06 1.89524e-06 1.76619e-06 1.54398e-06 1.2769e-06 1.00911e-06 7.69532e-07 5.69186e-07 4.06968e-07 2.78371e-07 1.80072e-07 1.09301e-07 6.20855e-08 3.3088e-08 1.67143e-08 8.2364e-09 4.23799e-09 2.47723e-09 1.63661e-09 1.12941e-09 7.72416e-10 5.13895e-10 3.30479e-10 2.04458e-10 1.21226e-10 6.93673e-11 3.952e-11 2.12653e-11 5.65022e-12 5.65022e-12 
8.89245e-11 2.70162e-10 5.16217e-10 8.57973e-10 1.34616e-09 2.07507e-09 3.2106e-09 5.0418e-09 8.07224e-09 1.31752e-08 2.18415e-08 3.65403e-08 6.11637e-08 1.01395e-07 1.64658e-07 2.59195e-07 3.91747e-07 5.6338e-07 7.642e-07 9.70376e-07 1.14766e-06 1.26199e-06 1.29225e-06 1.2374e-06 1.11461e-06 9.51513e-07 7.769e-07 6.1292e-07 4.70872e-07 3.52356e-07 2.54616e-07 1.75385e-07 1.13889e-07 6.92865e-08 3.94446e-08 2.10899e-08 1.07067e-08 5.31181e-09 2.74782e-09 1.60185e-09 1.04794e-09 7.15261e-10 4.83899e-10 3.18175e-10 2.01792e-10 1.22806e-10 7.16106e-11 4.06389e-11 2.2853e-11 1.00133e-11 1.30271e-12 
1.35416e-10 3.01821e-10 5.32291e-10 8.59155e-10 1.34176e-09 2.08698e-09 3.28055e-09 5.2432e-09 8.52632e-09 1.40641e-08 2.33938e-08 3.89278e-08 6.41874e-08 1.03804e-07 1.63008e-07 2.463e-07 3.55011e-07 4.84153e-07 6.2035e-07 7.43284e-07 8.31356e-07 8.69155e-07 8.52499e-07 7.88599e-07 6.92437e-07 5.81753e-07 4.72232e-07 3.73912e-07 2.90056e-07 2.19349e-07 1.59704e-07 1.10437e-07 7.18298e-08 4.37454e-08 2.49506e-08 1.339e-08 6.84198e-09 3.42646e-09 1.78648e-09 1.03817e-09 6.69973e-10 4.50167e-10 3.00049e-10 1.94332e-10 1.21226e-10 7.24845e-11 4.17081e-11 2.3639e-11 1.25462e-11 3.35834e-12 3.35834e-12 
5.48268e-11 1.67167e-10 3.218e-10 5.40417e-10 8.5919e-10 1.34616e-09 2.12033e-09 3.38537e-09 5.4882e-09 9.01212e-09 1.49108e-08 2.4674e-08 4.0474e-08 6.5182e-08 1.0209e-07 1.54145e-07 2.22542e-07 3.04853e-07 3.93655e-07 4.77049e-07 5.4162e-07 5.76735e-07 5.77876e-07 5.47389e-07 4.92942e-07 4.24913e-07 3.5364e-07 2.87012e-07 2.28906e-07 1.79391e-07 1.3681e-07 1.00069e-07 6.93004e-08 4.50793e-08 2.74658e-08 1.56973e-08 8.46466e-09 4.36327e-09 2.21303e-09 1.16608e-09 6.75161e-10 4.28021e-10 2.8159e-10 1.84021e-10 1.16961e-10 7.16106e-11 4.21474e-11 2.41733e-11 1.36747e-11 6.04304e-12 8.60939e-13 
8.36326e-11 1.8751e-10 3.33201e-10 5.42956e-10 8.59155e-10 1.35766e-09 2.16723e-09 3.50496e-09 5.73307e-09 9.44005e-09 1.55408e-08 2.53673e-08 4.06864e-08 6.35482e-08 9.58507e-08 1.38528e-07 1.90453e-07 2.47563e-07 3.02979e-07 3.48531e-07 3.77187e-07 3.85147e-07 3.72627e-07 3.4328e-07 3.02886e-07 2.57857e-07 2.13789e-07 1.74259e-07 1.40279e-07 1.10972e-07 8.51368e-08 6.24012e-08 4.3202e-08 2.80814e-08 1.71156e-08 9.80942e-09 5.3246e-09 2.77701e-09 1.43151e-09 7.63929e-10 4.40322e-10 2.73153e-10 1.75002e-10 1.11576e-10 6.93673e-11 4.17081e-11 2.43858e-11 1.41668e-11 7.69013e-12 2.15576e-12 2.15576e-12 
3.38209e-11 1.03425e-10 1.99873e-10 3.37026e-10 5.40417e-10 8.57973e-10 1.37053e-09 2.21283e-09 3.6079e-09 5.91586e-09 9.69394e-09 1.57518e-08 2.51657e-08 3.91966e-08 5.90435e-08 8.53804e-08 1.1772e-07 1.5387e-07 1.89915e-07 2.20979e-07 2.42573e-07 2.51868e-07 2.48312e-07 2.33476e-07 2.10427e-07 1.82927e-07 1.54639e-07 1.28357e-07 1.05428e-07 8.57194e-08 6.83331e-08 5.26042e-08 3.85565e-08 2.66545e-08 1.7307e-08 1.05577e-08 6.07635e-09 3.32805e-09 1.76173e-09 9.25413e-10 5.00377e-10 2.86715e-10 1.73572e-10 1.07861e-10 6.68538e-11 4.06389e-11 2.41733e-11 1.43223e-11 8.45717e-12 3.87627e-12 6.05325e-13 
5.14958e-11 1.15389e-10 2.04193e-10 3.33201e-10 5.32291e-10 8.51687e-10 1.37392e-09 2.23452e-09 3.65104e-09 5.95862e-09 9.643e-09 1.53508e-08 2.38447e-08 3.58659e-08 5.18723e-08 7.16754e-08 9.41139e-08 1.16997e-07 1.37484e-07 1.52805e-07 1.61016e-07 1.61424e-07 1.54592e-07 1.42057e-07 1.25917e-07 1.08406e-07 9.14617e-08 7.63201e-08 6.32902e-08 5.19286e-08 4.16109e-08 3.20621e-08 2.34605e-08 1.61829e-08 1.04979e-08 6.41567e-09 3.71446e-09 2.0576e-09 1.10778e-09 5.92998e-10 3.24142e-10 1.84298e-10 1.08812e-10 6.55423e-11 3.952e-11 2.3639e-11 1.41668e-11 8.68614e-12 4.96601e-12 1.47287e-12 1.47287e-12 
2.07593e-11 6.29744e-11 1.19737e-10 1.99873e-10 3.218e-10 5.16217e-10 8.32675e-10 1.35186e-09 2.20264e-09 3.58269e-09 5.77786e-09 9.16878e-09 1.42069e-08 2.13381e-08 3.08576e-08 4.27068e-08 5.62842e-08 7.03929e-08 8.34218e-08 9.37282e-08 1.00059e-07 1.01826e-07 9.91509e-08 9.27487e-08 8.37241e-08 7.33506e-08 6.2846e-08 5.31409e-08 4.46817e-08 3.73875e-08 3.08659e-08 2.47751e-08 1.90551e-08 1.38972e-08 9.55943e-09 6.19668e-09 3.79693e-09 2.21381e-09 1.24112e-09 6.78842e-10 3.68881e-10 2.02829e-10 1.14206e-10 6.58935e-11 3.86435e-11 2.2853e-11 1.36747e-11 8.45717e-12 5.33553e-12 2.59012e-12 4.28026e-13 
3.09798e-11 6.71148e-11 1.15389e-10 1.8751e-10 3.01821e-10 4.87152e-10 7.90061e-10 1.28457e-09 2.08387e-09 3.3513e-09 5.3044e-09 8.20225e-09 1.23041e-08 1.77908e-08 2.46542e-08 3.25922e-08 4.09713e-08 4.89112e-08 5.54798e-08 5.99196e-08 6.18088e-08 6.11083e-08 5.81148e-08 5.33669e-08 4.75371e-08 4.1322e-08 3.53281e-08 2.99547e-08 2.53149e-08 2.12641e-08 1.75597e-08 1.40485e-08 1.07486e-08 7.79719e-09 5.34207e-09 3.45775e-09 2.12261e-09 1.24453e-09 7.03943e-10 3.88955e-10 2.12882e-10 1.16942e-10 6.50921e-11 3.6866e-11 2.12653e-11 1.25462e-11 7.69013e-12 4.96601e-12 3.07479e-12 9.96601e-13 9.96601e-13 
1.23643e-11 3.51667e-11 6.29744e-11 1.03425e-10 1.67167e-10 2.70162e-10 4.37981e-10 7.11145e-10 1.15148e-09 1.84814e-09 2.92002e-09 4.50931e-09 6.76003e-09 9.77691e-09 1.35678e-08 1.79877e-08 2.27162e-08 2.72952e-08 3.12241e-08 3.40749e-08 3.55796e-08 3.56617e-08 3.44216e-08 3.20944e-08 2.90019e-08 2.55033e-08 2.19465e-08 1.86151e-08 1.56767e-08 1.31548e-08 1.09573e-08 8.96057e-09 7.09525e-09 5.37528e-09 3.86604e-09 2.63114e-09 1.69562e-09 1.03885e-09 6.0916e-10 3.44922e-10 1.90569e-10 1.03903e-10 5.65417e-11 3.10412e-11 1.73664e-11 1.00133e-11 6.04304e-12 3.87627e-12 2.59012e-12 1.46013e-12 2.78372e-13 
1.61226e-11 3.09798e-11 5.14958e-11 8.36326e-11 1.35416e-10 2.19597e-10 3.56344e-10 5.76435e-10 9.24323e-10 1.45951e-09 2.2537e-09 3.38058e-09 4.89604e-09 6.81019e-09 9.05964e-09 1.1495e-08 1.38964e-08 1.60166e-08 1.76353e-08 1.86015e-08 1.88518e-08 1.84067e-08 1.73535e-08 1.58269e-08 1.39894e-08 1.20132e-08 1.00619e-08 8.27028e-09 6.72352e-09 5.44235e-09 4.38833e-09 3.49614e-09 2.71459e-09 2.02673e-09 1.4413e-09 9.7184e-10 6.21134e-10 3.77421e-10 2.19219e-10 1.22597e-10 6.65895e-11 3.55008e-11 1.88305e-11 1.01232e-11 5.65022e-12 3.35834e-12 2.15576e-12 1.47287e-12 9.96601e-13 4.96821e-13 4.96821e-13 
5.76658e-12 1.23643e-11 2.07593e-11 3.38209e-11 5.48268e-11 8.89245e-11 1.44271e-10 2.33367e-10 3.74395e-10 5.91967e-10 9.16238e-10 1.37912e-09 2.0065e-09 2.80689e-09 3.75949e-09 4.80778e-09 5.86409e-09 6.82569e-09 7.59644e-09 8.10494e-09 8.31341e-09 8.21771e-09 7.84202e-09 7.2319e-09 6.44747e-09 5.55701e-09 4.63095e-09 3.73576e-09 2.92759e-09 2.24562e-09 1.70554e-09 1.29669e-09 9.88546e-10 7.47096e-10 5.49717e-10 3.87693e-10 2.59622e-10 1.64485e-10 9.86337e-11 5.61504e-11 3.04954e-11 1.59164e-11 8.0892e-12 4.11239e-12 2.19774e-12 1.30271e-12 8.60939e-13 6.05325e-13 4.28026e-13 2.78372e-13 1.81847e-13 
