1 100 50
4.95605e-15 8.88694e-15 1.47769e-14 2.2604e-14 3.53179e-14 5.48967e-14 8.72477e-14 1.40245e-13 2.26697e-13 3.69305e-13 5.98807e-13 9.68852e-13 1.55027e-12 2.4479e-12 3.79263e-12 5.74001e-12 8.45469e-12 1.20758e-11 1.66805e-11 2.22339e-11 2.85543e-11 3.52977e-11 4.19751e-11 4.80109e-11 5.28261e-11 5.59338e-11 5.70231e-11 5.60118e-11 5.30555e-11 4.85055e-11 4.28462e-11 3.66093e-11 3.02938e-11 2.43139e-11 1.8958e-11 1.43869e-11 1.06506e-11 7.70839e-12 5.47e-12 3.81577e-12 2.62558e-12 1.78641e-12 1.20682e-12 8.10779e-13 5.42726e-13 3.63415e-13 2.43136e-13 1.6249e-13 1.08613e-13 7.14343e-14 
9.84568e-15 1.65969e-14 2.62069e-14 4.06345e-14 6.28521e-14 9.97669e-14 1.58364e-13 2.54453e-13 4.1277e-13 6.69008e-13 1.08263e-12 1.73893e-12 2.76164e-12 4.31646e-12 6.60804e-12 9.86461e-12 1.43074e-11 2.00898e-11 2.72395e-11 3.55904e-11 4.47503e-11 5.41054e-11 6.2885e-11 7.0269e-11 7.5528e-11 7.81442e-11 7.78975e-11 7.48929e-11 6.95237e-11 6.23862e-11 5.41739e-11 4.55768e-11 3.71949e-11 2.94822e-11 2.27344e-11 1.70843e-11 1.25371e-11 9.00602e-12 6.34913e-12 4.40523e-12 3.01665e-12 2.04579e-12 1.37754e-12 9.23424e-13 6.17503e-13 4.12384e-13 2.74475e-13 1.82087e-13 1.18996e-13 7.14343e-14 
8.88694e-15 1.74795e-14 2.87106e-14 4.36794e-14 6.72641e-14 1.04454e-13 1.65179e-13 2.63431e-13 4.24051e-13 6.85795e-13 1.10921e-12 1.78641e-12 2.85256e-12 4.49589e-12 6.96189e-12 1.05437e-11 1.55527e-11 2.2254e-11 3.07862e-11 4.10631e-11 5.271e-11 6.50303e-11 7.70683e-11 8.77371e-11 9.59934e-11 1.01026e-10 1.02391e-10 1.00069e-10 9.44365e-11 8.61693e-11 7.61135e-11 6.51527e-11 5.4099e-11 4.36216e-11 3.41975e-11 2.6104e-11 1.9437e-11 1.41472e-11 1.00907e-11 7.07231e-12 4.88475e-12 3.33427e-12 2.25594e-12 1.51759e-12 1.01615e-12 6.79393e-13 4.52284e-13 2.99719e-13 1.95592e-13 1.18996e-13 
1.65969e-14 2.85322e-14 4.48759e-14 6.77463e-14 1.04888e-13 1.63395e-13 2.58205e-13 4.1325e-13 6.65455e-13 1.07356e-12 1.72988e-12 2.76987e-12 4.39373e-12 6.87135e-12 1.05474e-11 1.58152e-11 2.30636e-11 3.25783e-11 4.44252e-11 5.83222e-11 7.35741e-11 8.90923e-11 1.03523e-10 1.1547e-10 1.23749e-10 1.27601e-10 1.26801e-10 1.21647e-10 1.12852e-10 1.01378e-10 8.82827e-11 7.45872e-11 6.1184e-11 4.87723e-11 3.78243e-11 2.85831e-11 2.10886e-11 1.5226e-11 1.07867e-11 7.51949e-12 5.17325e-12 3.52343e-12 2.38172e-12 1.60172e-12 1.07415e-12 7.17202e-13 4.76919e-13 3.1271e-13 1.95592e-13 1.08613e-13 
1.47769e-14 2.87106e-14 4.46019e-14 6.85535e-14 1.03661e-13 1.58754e-13 2.48638e-13 3.92494e-13 6.27087e-13 1.00636e-12 1.61595e-12 2.58982e-12 4.12336e-12 6.49605e-12 1.00823e-11 1.53429e-11 2.27826e-11 3.28582e-11 4.58335e-11 6.16169e-11 7.96169e-11 9.87025e-11 1.17296e-10 1.33622e-10 1.46036e-10 1.53346e-10 1.55012e-10 1.5118e-10 1.42556e-10 1.30195e-10 1.15311e-10 9.9112e-11 8.27109e-11 6.70488e-11 5.28394e-11 4.05333e-11 3.03198e-11 2.21672e-11 1.58804e-11 1.11801e-11 7.75893e-12 5.32304e-12 3.62147e-12 2.44823e-12 1.64884e-12 1.10696e-12 7.38895e-13 4.88664e-13 3.1271e-13 1.82087e-13 
2.62069e-14 4.48759e-14 6.81692e-14 1.02192e-13 1.54745e-13 2.36786e-13 3.69035e-13 5.83316e-13 9.2759e-13 1.48147e-12 2.36741e-12 3.77104e-12 5.96541e-12 9.33433e-12 1.43775e-11 2.16943e-11 3.19019e-11 4.54991e-11 6.26575e-11 8.30137e-11 1.05528e-10 1.28499e-10 1.49793e-10 1.67237e-10 1.7907e-10 1.84285e-10 1.82764e-10 1.75147e-10 1.62574e-10 1.46397e-10 1.27997e-10 1.08677e-10 8.96147e-11 7.17925e-11 5.59288e-11 4.24368e-11 3.14296e-11 2.27806e-11 1.62055e-11 1.13502e-11 7.84961e-12 5.37746e-12 3.65882e-12 2.4776e-12 1.67198e-12 1.12342e-12 7.48676e-13 4.88664e-13 2.99719e-13 1.6249e-13 
2.2604e-14 4.36794e-14 6.85535e-14 1.01669e-13 1.50925e-13 2.27056e-13 3.48619e-13 5.41531e-13 8.5213e-13 1.34904e-12 2.14169e-12 3.40027e-12 5.38002e-12 8.45164e-12 1.31293e-11 2.0067e-11 3.00155e-11 4.36986e-11 6.1603e-11 8.3703e-11 1.09215e-10 1.3648e-10 1.63108e-10 1.86387e-10 2.03853e-10 2.13847e-10 2.15805e-10 2.1021e-10 1.9826e-10 1.81466e-10 1.61364e-10 1.39413e-10 1.16985e-10 9.53264e-11 7.54677e-11 5.81223e-11 4.36364e-11 3.20184e-11 2.30303e-11 1.62886e-11 1.13647e-11 7.84651e-12 5.37566e-12 3.66395e-12 2.48753e-12 1.68191e-12 1.13055e-12 7.48676e-13 4.76919e-13 2.74475e-13 
4.06345e-14 6.77463e-14 1.02192e-13 1.50213e-13 2.21609e-13 3.31946e-13 5.07448e-13 7.86484e-13 1.23013e-12 1.93339e-12 3.049e-12 4.80517e-12 7.5479e-12 1.17735e-11 1.81517e-11 2.75174e-11 4.07829e-11 5.87473e-11 8.17994e-11 1.09568e-10 1.40656e-10 1.72614e-10 2.02277e-10 2.26416e-10 2.42505e-10 2.49296e-10 2.46934e-10 2.36627e-10 2.2007e-10 1.98983e-10 1.74947e-10 1.49451e-10 1.23955e-10 9.98057e-11 7.80872e-11 5.94765e-11 4.42161e-11 3.21801e-11 2.30026e-11 1.62022e-11 1.12818e-11 7.7893e-12 5.34514e-12 3.65372e-12 2.48794e-12 1.68576e-12 1.13055e-12 7.38895e-13 4.52284e-13 2.43136e-13 
3.53179e-14 6.72641e-14 1.03661e-13 1.50925e-13 2.18899e-13 3.22025e-13 4.82531e-13 7.34447e-13 1.13131e-12 1.75627e-12 2.74019e-12 4.28628e-12 6.70066e-12 1.04435e-11 1.61641e-11 2.47219e-11 3.71521e-11 5.45202e-11 7.76386e-11 1.06668e-10 1.40694e-10 1.77487e-10 2.13652e-10 2.45244e-10 2.68714e-10 2.81827e-10 2.84116e-10 2.76658e-10 2.61361e-10 2.40205e-10 2.14897e-10 1.86956e-10 1.57935e-10 1.29453e-10 1.02993e-10 7.96644e-11 6.00583e-11 4.42658e-11 3.20038e-11 2.27759e-11 1.60064e-11 1.11445e-11 7.70812e-12 5.30649e-12 3.64e-12 2.487e-12 1.68576e-12 1.12342e-12 7.17202e-13 4.12384e-13 
6.28521e-14 1.04888e-13 1.54745e-13 2.21609e-13 3.1899e-13 4.67024e-13 6.97311e-13 1.05525e-12 1.61403e-12 2.4853e-12 3.84339e-12 5.95659e-12 9.23278e-12 1.42693e-11 2.19011e-11 3.32086e-11 4.94349e-11 7.17652e-11 1.00923e-10 1.36653e-10 1.77256e-10 2.1945e-10 2.58796e-10 2.90699e-10 3.11658e-10 3.20197e-10 3.1699e-10 3.04119e-10 2.83951e-10 2.5841e-10 2.28982e-10 1.97149e-10 1.64653e-10 1.33352e-10 1.0486e-10 8.02497e-11 5.99596e-11 4.38879e-11 3.15825e-11 2.24224e-11 1.57569e-11 1.09909e-11 7.62718e-12 5.27352e-12 3.63198e-12 2.487e-12 1.68191e-12 1.10696e-12 6.79393e-13 3.63415e-13 
5.48967e-14 1.04454e-13 1.58754e-13 2.27056e-13 3.22025e-13 4.61853e-13 6.75099e-13 1.00196e-12 1.50615e-12 2.28404e-12 3.48472e-12 5.3372e-12 8.19318e-12 1.25809e-11 1.92685e-11 2.93093e-11 4.40229e-11 6.48533e-11 9.30337e-11 1.29041e-10 1.71965e-10 2.19048e-10 2.6577e-10 3.06676e-10 3.36842e-10 3.53341e-10 3.55989e-10 3.46843e-10 3.28784e-10 3.04168e-10 2.7449e-10 2.40978e-10 2.05252e-10 1.69407e-10 1.35579e-10 1.05446e-10 7.99476e-11 5.93028e-11 4.3196e-11 3.10083e-11 2.20115e-11 1.54977e-11 1.08496e-11 7.56389e-12 5.25445e-12 3.63198e-12 2.48794e-12 1.67198e-12 1.07415e-12 6.17503e-13 
9.97669e-14 1.63395e-13 2.36786e-13 3.31946e-13 4.67024e-13 6.67713e-13 9.70248e-13 1.43204e-12 2.13503e-12 3.20827e-12 4.84533e-12 7.34356e-12 1.11573e-11 1.69639e-11 2.57306e-11 3.8755e-11 5.76042e-11 8.38843e-11 1.18758e-10 1.62239e-10 2.12476e-10 2.6539e-10 3.15121e-10 3.55411e-10 3.81535e-10 3.91831e-10 3.87879e-10 3.73063e-10 3.50499e-10 3.21928e-10 2.88223e-10 2.50559e-10 2.10984e-10 1.72063e-10 1.36156e-10 1.0487e-10 7.89126e-11 5.82379e-11 4.23118e-11 3.03693e-11 2.16031e-11 1.52695e-11 1.07431e-11 7.53018e-12 5.25445e-12 3.64e-12 2.48753e-12 1.64884e-12 1.01615e-12 5.42726e-13 
8.72477e-14 1.65179e-13 2.48638e-13 3.48619e-13 4.82531e-13 6.75099e-13 9.59728e-13 1.38811e-12 2.0339e-12 3.00657e-12 4.47186e-12 6.68071e-12 1.00149e-11 1.5054e-11 2.26466e-11 3.39879e-11 5.0638e-11 7.43967e-11 1.06951e-10 1.49219e-10 2.00488e-10 2.57652e-10 3.15093e-10 3.65666e-10 4.02749e-10 4.22591e-10 4.25536e-10 4.15146e-10 3.95597e-10 3.69373e-10 3.37125e-10 2.9927e-10 2.57368e-10 2.14145e-10 1.72624e-10 1.35222e-10 1.03331e-10 7.73421e-11 5.69264e-11 4.13551e-11 2.97493e-11 2.12489e-11 1.51e-11 1.0686e-11 7.53018e-12 5.27352e-12 3.65372e-12 2.4776e-12 1.60172e-12 9.23424e-13 
1.58364e-13 2.58205e-13 3.69035e-13 5.07448e-13 6.97311e-13 9.70248e-13 1.37442e-12 1.97521e-12 2.87e-12 4.20224e-12 6.18419e-12 9.13574e-12 1.35433e-11 2.01276e-11 2.99375e-11 4.44148e-11 6.5378e-11 9.4814e-11 1.34369e-10 1.84496e-10 2.43438e-10 3.06534e-10 3.66501e-10 4.15177e-10 4.46326e-10 4.58135e-10 4.53555e-10 4.37818e-10 4.14818e-10 3.85521e-10 3.49467e-10 3.07191e-10 2.61101e-10 2.14687e-10 1.71243e-10 1.33032e-10 1.01089e-10 7.54543e-11 5.55336e-11 4.04383e-11 2.9217e-11 2.09891e-11 1.50096e-11 1.0686e-11 7.56389e-12 5.30649e-12 3.66395e-12 2.44823e-12 1.51759e-12 8.10779e-13 
1.40245e-13 2.63431e-13 3.92494e-13 5.41531e-13 7.34447e-13 1.00196e-12 1.38811e-12 1.95583e-12 2.79171e-12 4.02244e-12 5.82986e-12 8.4856e-12 1.23949e-11 1.8163e-11 2.66754e-11 3.91945e-11 5.74129e-11 8.33851e-11 1.19207e-10 1.66317e-10 2.2443e-10 2.90407e-10 3.5775e-10 4.17556e-10 4.61237e-10 4.84008e-10 4.87e-10 4.75901e-10 4.56549e-10 4.3118e-10 3.98795e-10 3.58451e-10 3.11559e-10 2.61639e-10 2.12773e-10 1.68235e-10 1.29923e-10 9.84383e-11 7.3472e-11 5.42114e-11 3.96597e-11 2.88308e-11 2.0852e-11 1.50096e-11 1.07431e-11 7.62718e-12 5.34514e-12 3.65882e-12 2.38172e-12 1.37754e-12 
2.54453e-13 4.1325e-13 5.83316e-13 7.86484e-13 1.05525e-12 1.43204e-12 1.97521e-12 2.76675e-12 3.91919e-12 5.59462e-12 8.02601e-12 1.1555e-11 1.66872e-11 2.41607e-11 3.50413e-11 5.08091e-11 7.33948e-11 1.05042e-10 1.47843e-10 2.02822e-10 2.68632e-10 3.40381e-10 4.09551e-10 4.65937e-10 5.01518e-10 5.14275e-10 5.09016e-10 4.93447e-10 4.72232e-10 4.4481e-10 4.08679e-10 3.635e-10 3.12134e-10 2.59127e-10 2.08779e-10 1.64036e-10 1.26284e-10 9.56761e-11 7.16037e-11 5.30949e-11 3.90959e-11 2.86275e-11 2.0852e-11 1.51e-11 1.08496e-11 7.70812e-12 5.37566e-12 3.62147e-12 2.25594e-12 1.20682e-12 
2.26697e-13 4.24051e-13 6.27087e-13 8.5213e-13 1.13131e-12 1.50615e-12 2.0339e-12 2.79171e-12 3.88633e-12 5.46157e-12 7.72329e-12 1.09653e-11 1.56146e-11 2.22894e-11 3.18737e-11 4.56142e-11 6.51999e-11 9.27701e-11 1.30688e-10 1.80902e-10 2.43758e-10 3.16457e-10 3.91994e-10 4.59844e-10 5.0923e-10 5.34104e-10 5.36564e-10 5.2509e-10 5.07558e-10 4.85436e-10 4.55279e-10 4.14431e-10 3.64199e-10 3.09004e-10 2.53992e-10 2.03251e-10 1.59151e-10 1.22514e-10 9.30868e-11 7.00308e-11 5.22885e-11 3.88006e-11 2.86275e-11 2.09891e-11 1.52695e-11 1.09909e-11 7.7893e-12 5.37746e-12 3.52343e-12 2.04579e-12 
4.1277e-13 6.65455e-13 9.2759e-13 1.23013e-12 1.61403e-12 2.13503e-12 2.87e-12 3.91919e-12 5.41866e-12 7.55185e-12 1.0579e-11 1.48657e-11 2.09365e-11 2.95322e-11 4.16854e-11 5.88137e-11 8.27959e-11 1.15936e-10 1.60627e-10 2.18482e-10 2.88821e-10 3.66954e-10 4.43501e-10 5.06268e-10 5.45136e-10 5.57846e-10 5.51544e-10 5.36985e-10 5.19411e-10 4.9598e-10 4.61693e-10 4.15388e-10 3.60507e-10 3.02622e-10 2.46902e-10 1.96837e-10 1.54106e-10 1.18989e-10 9.09131e-11 6.88994e-11 5.18662e-11 3.88006e-11 2.88308e-11 2.12489e-11 1.54977e-11 1.11445e-11 7.84651e-12 5.32304e-12 3.33427e-12 1.78641e-12 
3.69305e-13 6.85795e-13 1.00636e-12 1.34904e-12 1.75627e-12 2.28404e-12 3.00657e-12 4.02244e-12 5.46157e-12 7.49691e-12 1.03603e-11 1.43756e-11 1.99932e-11 2.78444e-11 3.87936e-11 5.40163e-11 7.50848e-11 1.04037e-10 1.43285e-10 1.95123e-10 2.60557e-10 3.37455e-10 4.18795e-10 4.92729e-10 5.46228e-10 5.71819e-10 5.72864e-10 5.61148e-10 5.4659e-10 5.29301e-10 5.0289e-10 4.63066e-10 4.11282e-10 3.52853e-10 2.93772e-10 2.3867e-10 1.90218e-10 1.49396e-10 1.16037e-10 8.93512e-11 6.83082e-11 5.18662e-11 3.90959e-11 2.9217e-11 2.16031e-11 1.57569e-11 1.12818e-11 7.84961e-12 5.17325e-12 3.01665e-12 
6.69008e-13 1.07356e-12 1.48147e-12 1.93339e-12 2.4853e-12 3.20827e-12 4.20224e-12 5.59462e-12 7.55185e-12 1.02898e-11 1.40987e-11 1.93764e-11 2.66677e-11 3.67116e-11 5.04967e-11 6.93234e-11 9.48987e-11 1.29378e-10 1.75197e-10 2.34363e-10 3.0692e-10 3.88776e-10 4.70121e-10 5.36958e-10 5.77249e-10 5.88626e-10 5.80923e-10 5.67921e-10 5.5493e-10 5.36336e-10 5.04799e-10 4.58774e-10 4.0243e-10 3.4211e-10 2.83448e-10 2.30161e-10 1.84041e-10 1.45456e-10 1.13919e-10 8.85359e-11 6.83082e-11 5.22885e-11 3.96597e-11 2.97493e-11 2.20115e-11 1.60064e-11 1.13647e-11 7.75893e-12 4.88475e-12 2.62558e-12 
5.98807e-13 1.10921e-12 1.61595e-12 2.14169e-12 2.74019e-12 3.48472e-12 4.47186e-12 5.82986e-12 7.72329e-12 1.03603e-11 1.40093e-11 1.90281e-11 2.58966e-11 3.52595e-11 4.79657e-11 6.51103e-11 8.81062e-11 1.18758e-10 1.59282e-10 2.12012e-10 2.78416e-10 3.57107e-10 4.41345e-10 5.18335e-10 5.73308e-10 5.97867e-10 5.96779e-10 5.84933e-10 5.73799e-10 5.61449e-10 5.38774e-10 5.0059e-10 4.489e-10 3.89746e-10 3.29464e-10 2.72736e-10 2.2221e-10 1.78872e-10 1.4263e-10 1.12813e-10 8.85359e-11 6.88994e-11 5.30949e-11 4.04383e-11 3.03693e-11 2.24224e-11 1.62022e-11 1.13502e-11 7.51949e-12 4.40523e-12 
1.08263e-12 1.72988e-12 2.36741e-12 3.049e-12 3.84339e-12 4.84533e-12 6.18419e-12 8.02601e-12 1.0579e-11 1.40987e-11 1.89156e-11 2.54619e-11 3.43088e-11 4.62006e-11 6.20886e-11 8.31644e-11 1.10914e-10 1.47192e-10 1.9419e-10 2.53995e-10 3.27179e-10 4.10159e-10 4.92951e-10 5.60541e-10 5.99712e-10 6.08506e-10 5.99056e-10 5.87697e-10 5.7889e-10 5.64163e-10 5.34884e-10 4.89957e-10 4.34327e-10 3.74609e-10 3.16253e-10 2.62693e-10 2.15548e-10 1.75163e-10 1.41155e-10 1.12813e-10 8.93512e-11 7.00308e-11 5.42114e-11 4.13551e-11 3.10083e-11 2.27759e-11 1.62886e-11 1.11801e-11 7.07231e-12 3.81577e-12 
9.68852e-13 1.78641e-12 2.58982e-12 3.40027e-12 4.28628e-12 5.3372e-12 6.68071e-12 8.4856e-12 1.09653e-11 1.43756e-11 1.90281e-11 2.5322e-11 3.37733e-11 4.50481e-11 5.99897e-11 7.96407e-11 1.05256e-10 1.3834e-10 1.80722e-10 2.34505e-10 3.01322e-10 3.80161e-10 4.6446e-10 5.41119e-10 5.94434e-10 6.15699e-10 6.11173e-10 5.98733e-10 5.90256e-10 5.8125e-10 5.60676e-10 5.238e-10 4.73641e-10 4.16603e-10 3.58641e-10 3.03805e-10 2.54258e-10 2.10764e-10 1.73229e-10 1.41155e-10 1.13919e-10 9.09131e-11 7.16037e-11 5.55336e-11 4.23118e-11 3.15825e-11 2.30026e-11 1.62055e-11 1.07867e-11 6.34913e-12 
1.73893e-12 2.76987e-12 3.77104e-12 4.80517e-12 5.95659e-12 7.34356e-12 9.13574e-12 1.1555e-11 1.48657e-11 1.93764e-11 2.54619e-11 3.36002e-11 4.44009e-11 5.86281e-11 7.72161e-11 1.01268e-10 1.32043e-10 1.70987e-10 2.19868e-10 2.80614e-10 3.53897e-10 4.36427e-10 5.18279e-10 5.83683e-10 6.18663e-10 6.21852e-10 6.08866e-10 5.97819e-10 5.9117e-10 5.77935e-10 5.49407e-10 5.05975e-10 4.53319e-10 3.97667e-10 3.43493e-10 2.93315e-10 2.48191e-10 2.08267e-10 1.73229e-10 1.4263e-10 1.16037e-10 9.30868e-11 7.3472e-11 5.69264e-11 4.3196e-11 3.20038e-11 2.30303e-11 1.58804e-11 1.00907e-11 5.47e-12 
1.55027e-12 2.85256e-12 4.12336e-12 5.38002e-12 6.70066e-12 8.19318e-12 1.00149e-11 1.23949e-11 1.56146e-11 1.99932e-11 2.58966e-11 3.37733e-11 4.41927e-11 5.78694e-11 7.56604e-11 9.85632e-11 1.27683e-10 1.64206e-10 2.09486e-10 2.6519e-10 3.32727e-10 4.11412e-10 4.95093e-10 5.69832e-10 6.18452e-10 6.31835e-10 6.19944e-10 6.04201e-10 5.959e-10 5.87304e-10 5.66578e-10 5.30346e-10 4.83134e-10 4.31267e-10 3.79554e-10 3.30671e-10 2.85752e-10 2.45022e-10 2.08267e-10 1.75163e-10 1.45456e-10 1.18989e-10 9.56761e-11 7.54543e-11 5.82379e-11 4.38879e-11 3.21801e-11 2.27806e-11 1.5226e-11 9.00602e-12 
2.76164e-12 4.39373e-12 5.96541e-12 7.5479e-12 9.23278e-12 1.11573e-11 1.35433e-11 1.66872e-11 2.09365e-11 2.66677e-11 3.43088e-11 4.44009e-11 5.7626e-11 7.48046e-11 9.68572e-11 1.24783e-10 1.59624e-10 2.02476e-10 2.54551e-10 3.17124e-10 3.91033e-10 4.7376e-10 5.54825e-10 6.16098e-10 6.41656e-10 6.33544e-10 6.12378e-10 5.98128e-10 5.90276e-10 5.75619e-10 5.46555e-10 5.05161e-10 4.57891e-10 4.09967e-10 3.64147e-10 3.21404e-10 2.81796e-10 2.45022e-10 2.10764e-10 1.78872e-10 1.49396e-10 1.22514e-10 9.84383e-11 7.73421e-11 5.93028e-11 4.42658e-11 3.20184e-11 2.21672e-11 1.41472e-11 7.70839e-12 
2.4479e-12 4.49589e-12 6.49605e-12 8.45164e-12 1.04435e-11 1.25809e-11 1.5054e-11 1.8163e-11 2.22894e-11 2.78444e-11 3.52595e-11 4.50481e-11 5.78694e-11 7.45325e-11 9.59325e-11 1.22983e-10 1.56632e-10 1.97876e-10 2.4767e-10 3.06756e-10 3.76205e-10 4.56092e-10 5.40105e-10 6.11881e-10 6.50835e-10 6.49949e-10 6.24853e-10 6.01362e-10 5.89133e-10 5.77588e-10 5.54814e-10 5.19336e-10 4.76768e-10 4.33243e-10 3.9176e-10 3.52988e-10 3.16551e-10 2.81796e-10 2.48191e-10 2.15548e-10 1.84041e-10 1.54106e-10 1.26284e-10 1.01089e-10 7.89126e-11 5.99596e-11 4.42161e-11 3.14296e-11 2.10886e-11 1.25371e-11 
4.31646e-12 6.87135e-12 9.33433e-12 1.17735e-11 1.42693e-11 1.69639e-11 2.01276e-11 2.41607e-11 2.95322e-11 3.67116e-11 4.62006e-11 5.86281e-11 7.48046e-11 9.56413e-11 1.22019e-10 1.54787e-10 1.94893e-10 2.43297e-10 3.00433e-10 3.66844e-10 4.43539e-10 5.27695e-10 6.06448e-10 6.57933e-10 6.67437e-10 6.42077e-10 6.08675e-10 5.87169e-10 5.7415e-10 5.55945e-10 5.26018e-10 4.88035e-10 4.4871e-10 4.12079e-10 3.78559e-10 3.47142e-10 3.16551e-10 2.85752e-10 2.54258e-10 2.2221e-10 1.90218e-10 1.59151e-10 1.29923e-10 1.03331e-10 7.99476e-11 6.00583e-11 4.36364e-11 3.03198e-11 1.9437e-11 1.06506e-11 
3.79263e-12 6.96189e-12 1.00823e-11 1.31293e-11 1.61641e-11 1.92685e-11 2.26466e-11 2.66754e-11 3.18737e-11 3.87936e-11 4.79657e-11 5.99897e-11 7.56604e-11 9.59325e-11 1.21718e-10 1.53784e-10 1.92995e-10 2.40406e-10 2.9657e-10 3.61658e-10 4.36336e-10 5.19624e-10 6.02272e-10 6.63513e-10 6.83837e-10 6.62453e-10 6.21141e-10 5.87341e-10 5.6787e-10 5.51075e-10 5.26076e-10 4.92376e-10 4.56695e-10 4.24509e-10 3.96745e-10 3.71651e-10 3.47142e-10 3.21404e-10 2.93315e-10 2.62693e-10 2.30161e-10 1.96837e-10 1.64036e-10 1.33032e-10 1.0487e-10 8.02497e-11 5.94765e-11 4.24368e-11 2.85831e-11 1.70843e-11 
6.60804e-12 1.05474e-11 1.43775e-11 1.81517e-11 2.19011e-11 2.57306e-11 2.99375e-11 3.50413e-11 4.16854e-11 5.04967e-11 6.20886e-11 7.72161e-11 9.68572e-11 1.22019e-10 1.53465e-10 1.91893e-10 2.38385e-10 2.93892e-10 3.58869e-10 4.33364e-10 5.16371e-10 6.01719e-10 6.71032e-10 7.01258e-10 6.85333e-10 6.39196e-10 5.91548e-10 5.61146e-10 5.41988e-10 5.2036e-10 4.90969e-10 4.58246e-10 4.29513e-10 4.07027e-10 3.88747e-10 3.71651e-10 3.52988e-10 3.30671e-10 3.03805e-10 2.72736e-10 2.3867e-10 2.03251e-10 1.68235e-10 1.35222e-10 1.05446e-10 7.96644e-11 5.81223e-11 4.05333e-11 2.6104e-11 1.43869e-11 
5.74001e-12 1.05437e-11 1.53429e-11 2.0067e-11 2.47219e-11 2.93093e-11 3.39879e-11 3.91945e-11 4.56142e-11 5.40163e-11 6.51103e-11 7.96407e-11 9.85632e-11 1.22983e-10 1.53784e-10 1.9152e-10 2.3706e-10 2.91748e-10 3.57033e-10 4.33062e-10 5.17412e-10 6.05321e-10 6.82425e-10 7.23801e-10 7.15178e-10 6.65086e-10 6.03057e-10 5.56761e-10 5.30653e-10 5.10098e-10 4.84785e-10 4.54976e-10 4.28375e-10 4.09948e-10 3.97971e-10 3.88747e-10 3.78559e-10 3.64147e-10 3.43493e-10 3.16253e-10 2.83448e-10 2.46902e-10 2.08779e-10 1.71243e-10 1.36156e-10 1.0486e-10 7.80872e-11 5.59288e-11 3.78243e-11 2.27344e-11 
9.86461e-12 1.58152e-11 2.16943e-11 2.75174e-11 3.32086e-11 3.8755e-11 4.44148e-11 5.08091e-11 5.88137e-11 6.93234e-11 8.31644e-11 1.01268e-10 1.24783e-10 1.54787e-10 1.91893e-10 2.36573e-10 2.90172e-10 3.55443e-10 4.3392e-10 5.21809e-10 6.1376e-10 6.98004e-10 7.51843e-10 7.56199e-10 7.05414e-10 6.27145e-10 5.60293e-10 5.20704e-10 4.97124e-10 4.74966e-10 4.48357e-10 4.22995e-10 4.06872e-10 3.99907e-10 3.97971e-10 3.96745e-10 3.9176e-10 3.79554e-10 3.58641e-10 3.29464e-10 2.93772e-10 2.53992e-10 2.12773e-10 1.72624e-10 1.35579e-10 1.02993e-10 7.54677e-11 5.28394e-11 3.41975e-11 1.8958e-11 
8.45469e-12 1.55527e-11 2.27826e-11 3.00155e-11 3.71521e-11 4.40229e-11 5.0638e-11 5.74129e-11 6.51999e-11 7.50848e-11 8.81062e-11 1.05256e-10 1.27683e-10 1.56632e-10 1.92995e-10 2.3706e-10 2.89566e-10 3.5426e-10 4.3493e-10 5.27975e-10 6.26117e-10 7.19331e-10 7.86284e-10 8.05482e-10 7.63937e-10 6.72609e-10 5.78261e-10 5.1855e-10 4.86201e-10 4.63301e-10 4.40055e-10 4.15334e-10 3.99669e-10 3.9593e-10 3.99907e-10 4.07027e-10 4.12079e-10 4.09967e-10 3.97667e-10 3.74609e-10 3.4211e-10 3.02622e-10 2.59127e-10 2.14687e-10 1.72063e-10 1.33352e-10 9.98057e-11 7.17925e-11 4.87723e-11 2.94822e-11 
1.43074e-11 2.30636e-11 3.19019e-11 4.07829e-11 4.94349e-11 5.76042e-11 6.5378e-11 7.33948e-11 8.27959e-11 9.48987e-11 1.10914e-10 1.32043e-10 1.59624e-10 1.94893e-10 2.38385e-10 2.90172e-10 3.53831e-10 4.35947e-10 5.34182e-10 6.40465e-10 7.43985e-10 8.27783e-10 8.64226e-10 8.33769e-10 7.455e-10 6.22317e-10 5.29508e-10 4.84428e-10 4.55575e-10 4.3186e-10 4.07932e-10 3.90347e-10 3.87752e-10 3.9593e-10 4.09948e-10 4.24509e-10 4.33243e-10 4.31267e-10 4.16603e-10 3.89746e-10 3.52853e-10 3.09004e-10 2.61639e-10 2.14145e-10 1.69407e-10 1.29453e-10 9.53264e-11 6.70488e-11 4.36216e-11 2.43139e-11 
1.20758e-11 2.2254e-11 3.28582e-11 4.36986e-11 5.45202e-11 6.48533e-11 7.43967e-11 8.33851e-11 9.27701e-11 1.04037e-10 1.18758e-10 1.3834e-10 1.64206e-10 1.97876e-10 2.40406e-10 2.91748e-10 3.5426e-10 4.36499e-10 5.39458e-10 6.53881e-10 7.7025e-10 8.73169e-10 9.31917e-10 9.21312e-10 8.34094e-10 6.9852e-10 5.67359e-10 4.95965e-10 4.59742e-10 4.29953e-10 4.02992e-10 3.8207e-10 3.77149e-10 3.87752e-10 4.06872e-10 4.29513e-10 4.4871e-10 4.57891e-10 4.53319e-10 4.34327e-10 4.0243e-10 3.60507e-10 3.12134e-10 2.61101e-10 2.10984e-10 1.64653e-10 1.23955e-10 8.96147e-11 6.1184e-11 3.71949e-11 
2.00898e-11 3.25783e-11 4.54991e-11 5.87473e-11 7.17652e-11 8.38843e-11 9.4814e-11 1.05042e-10 1.15936e-10 1.29378e-10 1.47192e-10 1.70987e-10 2.02476e-10 2.43297e-10 2.93892e-10 3.55443e-10 4.35947e-10 5.4193e-10 6.63864e-10 7.93325e-10 9.22292e-10 1.01042e-09 1.02349e-09 9.48331e-10 7.93384e-10 6.32391e-10 5.31724e-10 4.79067e-10 4.42619e-10 4.06823e-10 3.78097e-10 3.67403e-10 3.77149e-10 3.99669e-10 4.28375e-10 4.56695e-10 4.76768e-10 4.83134e-10 4.73641e-10 4.489e-10 4.11282e-10 3.64199e-10 3.11559e-10 2.57368e-10 2.05252e-10 1.57935e-10 1.16985e-10 8.27109e-11 5.4099e-11 3.02938e-11 
1.66805e-11 3.07862e-11 4.58335e-11 6.1603e-11 7.76386e-11 9.30337e-11 1.06951e-10 1.19207e-10 1.30688e-10 1.43285e-10 1.59282e-10 1.80722e-10 2.09486e-10 2.4767e-10 2.9657e-10 3.57033e-10 4.3493e-10 5.39458e-10 6.6816e-10 8.07149e-10 9.67086e-10 1.0948e-09 1.14132e-09 1.08211e-09 9.36177e-10 7.32776e-10 5.87214e-10 5.18209e-10 4.71155e-10 4.26594e-10 3.86139e-10 3.62584e-10 3.67403e-10 3.90347e-10 4.22995e-10 4.58246e-10 4.88035e-10 5.05161e-10 5.05975e-10 4.89957e-10 4.58774e-10 4.15388e-10 3.635e-10 3.07191e-10 2.50559e-10 1.97149e-10 1.49451e-10 1.08677e-10 7.45872e-11 4.55768e-11 
2.72395e-11 4.44252e-11 6.26575e-11 8.17994e-11 1.00923e-10 1.18758e-10 1.34369e-10 1.47843e-10 1.60627e-10 1.75197e-10 1.9419e-10 2.19868e-10 2.54551e-10 3.00433e-10 3.58869e-10 4.3392e-10 5.34182e-10 6.63864e-10 8.11568e-10 9.94478e-10 1.16969e-09 1.26234e-09 1.24478e-09 1.09366e-09 8.77186e-10 6.86508e-10 5.77231e-10 5.20028e-10 4.6509e-10 4.11499e-10 3.72308e-10 3.62584e-10 3.8207e-10 4.15334e-10 4.54976e-10 4.92376e-10 5.19336e-10 5.30346e-10 5.238e-10 5.0059e-10 4.63066e-10 4.14431e-10 3.58451e-10 2.9927e-10 2.40978e-10 1.86956e-10 1.39413e-10 9.9112e-11 6.51527e-11 3.66093e-11 
2.22339e-11 4.10631e-11 6.16169e-11 8.3703e-11 1.06668e-10 1.29041e-10 1.49219e-10 1.66317e-10 1.80902e-10 1.95123e-10 2.12012e-10 2.34505e-10 2.6519e-10 3.06756e-10 3.61658e-10 4.33062e-10 5.27975e-10 6.53881e-10 8.07149e-10 1.00193e-09 1.22269e-09 1.36871e-09 1.39128e-09 1.27863e-09 1.01791e-09 7.81634e-10 6.59952e-10 5.93161e-10 5.36863e-10 4.58382e-10 4.0147e-10 3.72308e-10 3.78097e-10 4.07932e-10 4.48357e-10 4.90969e-10 5.26018e-10 5.46555e-10 5.49407e-10 5.34884e-10 5.04799e-10 4.61693e-10 4.08679e-10 3.49467e-10 2.88223e-10 2.28982e-10 1.74947e-10 1.27997e-10 8.82827e-11 5.41739e-11 
3.55904e-11 5.83222e-11 8.30137e-11 1.09568e-10 1.36653e-10 1.62239e-10 1.84496e-10 2.02822e-10 2.18482e-10 2.34363e-10 2.53995e-10 2.80614e-10 3.17124e-10 3.66844e-10 4.33364e-10 5.21809e-10 6.40465e-10 7.93325e-10 9.94478e-10 1.24254e-09 1.43428e-09 1.53577e-09 1.41825e-09 1.14315e-09 8.56939e-10 7.04893e-10 6.65401e-10 6.32776e-10 5.55435e-10 4.54934e-10 4.0147e-10 3.86139e-10 4.02992e-10 4.40055e-10 4.84785e-10 5.26076e-10 5.54814e-10 5.66578e-10 5.60676e-10 5.38774e-10 5.0289e-10 4.55279e-10 3.98795e-10 3.37125e-10 2.7449e-10 2.14897e-10 1.61364e-10 1.15311e-10 7.61135e-11 4.28462e-11 
2.85543e-11 5.271e-11 7.96169e-11 1.09215e-10 1.40694e-10 1.71965e-10 2.00488e-10 2.2443e-10 2.43758e-10 2.60557e-10 2.78416e-10 3.01322e-10 3.32727e-10 3.76205e-10 4.36336e-10 5.17412e-10 6.26117e-10 7.7025e-10 9.67086e-10 1.22269e-09 1.46447e-09 1.62338e-09 1.54095e-09 1.26744e-09 9.23822e-10 7.12757e-10 6.82388e-10 7.19418e-10 6.79826e-10 5.71622e-10 4.54934e-10 4.11499e-10 4.06823e-10 4.3186e-10 4.74966e-10 5.2036e-10 5.55945e-10 5.75619e-10 5.77935e-10 5.64163e-10 5.36336e-10 4.9598e-10 4.4481e-10 3.85521e-10 3.21928e-10 2.5841e-10 1.98983e-10 1.46397e-10 1.01378e-10 6.23862e-11 
4.47503e-11 7.35741e-11 1.05528e-10 1.40656e-10 1.77256e-10 2.12476e-10 2.43438e-10 2.68632e-10 2.88821e-10 3.0692e-10 3.27179e-10 3.53897e-10 3.91033e-10 4.43539e-10 5.16371e-10 6.1376e-10 7.43985e-10 9.22292e-10 1.16969e-09 1.43428e-09 1.65857e-09 1.62651e-09 1.34936e-09 1.01675e-09 7.30185e-10 6.76752e-10 7.36371e-10 7.69358e-10 7.1498e-10 5.71622e-10 4.58382e-10 4.26594e-10 4.29953e-10 4.63301e-10 5.10098e-10 5.51075e-10 5.77588e-10 5.87304e-10 5.8125e-10 5.61449e-10 5.29301e-10 4.85436e-10 4.3118e-10 3.69373e-10 3.04168e-10 2.40205e-10 1.81466e-10 1.30195e-10 8.61693e-11 4.85055e-11 
3.52977e-11 6.50303e-11 9.87025e-11 1.3648e-10 1.77487e-10 2.19048e-10 2.57652e-10 2.90407e-10 3.16457e-10 3.37455e-10 3.57107e-10 3.80161e-10 4.11412e-10 4.56092e-10 5.19624e-10 6.05321e-10 7.19331e-10 8.73169e-10 1.0948e-09 1.36871e-09 1.62338e-09 1.65678e-09 1.40151e-09 9.61378e-10 6.00259e-10 5.6637e-10 7.08538e-10 8.05023e-10 7.94137e-10 7.1498e-10 5.55435e-10 4.6509e-10 4.42619e-10 4.55575e-10 4.97124e-10 5.41988e-10 5.7415e-10 5.90276e-10 5.9117e-10 5.7889e-10 5.5493e-10 5.19411e-10 4.72232e-10 4.14818e-10 3.50499e-10 2.83951e-10 2.2007e-10 1.62574e-10 1.12852e-10 6.95237e-11 
5.41054e-11 8.90923e-11 1.28499e-10 1.72614e-10 2.1945e-10 2.6539e-10 3.06534e-10 3.40381e-10 3.66954e-10 3.88776e-10 4.10159e-10 4.36427e-10 4.7376e-10 5.27695e-10 6.01719e-10 6.98004e-10 8.27783e-10 1.01042e-09 1.26234e-09 1.53577e-09 1.62651e-09 1.39236e-09 9.60239e-10 5.30072e-10 3.7703e-10 6.05291e-10 7.70069e-10 8.39179e-10 7.94137e-10 6.79826e-10 5.36863e-10 4.71155e-10 4.59742e-10 4.86201e-10 5.30653e-10 5.6787e-10 5.89133e-10 5.959e-10 5.90256e-10 5.73799e-10 5.4659e-10 5.07558e-10 4.56549e-10 3.95597e-10 3.28784e-10 2.61361e-10 1.9826e-10 1.42556e-10 9.44365e-11 5.30555e-11 
4.19751e-11 7.70683e-11 1.17296e-10 1.63108e-10 2.13652e-10 2.6577e-10 3.15093e-10 3.5775e-10 3.91994e-10 4.18795e-10 4.41345e-10 4.6446e-10 4.95093e-10 5.40105e-10 6.02272e-10 6.82425e-10 7.86284e-10 9.31917e-10 1.14132e-09 1.39128e-09 1.54095e-09 1.40151e-09 9.33605e-10 4.60292e-10 1.97323e-10 5.25673e-10 7.49005e-10 8.0478e-10 8.39179e-10 7.69358e-10 6.32776e-10 5.20028e-10 4.79067e-10 4.84428e-10 5.20704e-10 5.61146e-10 5.87169e-10 5.98128e-10 5.97819e-10 5.87697e-10 5.67921e-10 5.36985e-10 4.93447e-10 4.37818e-10 3.73063e-10 3.04119e-10 2.36627e-10 1.75147e-10 1.21647e-10 7.48929e-11 
6.2885e-11 1.03523e-10 1.49793e-10 2.02277e-10 2.58796e-10 3.15121e-10 3.66501e-10 4.09551e-10 4.43501e-10 4.70121e-10 4.92951e-10 5.18279e-10 5.54825e-10 6.06448e-10 6.71032e-10 7.51843e-10 8.64226e-10 1.02349e-09 1.24478e-09 1.41825e-09 1.34936e-09 9.60239e-10 4.19967e-10 2.93808e-10 6.94904e-10 7.75524e-10 8.0555e-10 8.0478e-10 8.05023e-10 7.19418e-10 5.93161e-10 5.18209e-10 4.95965e-10 5.1855e-10 5.56761e-10 5.87341e-10 6.01362e-10 6.04201e-10 5.98733e-10 5.84933e-10 5.61148e-10 5.2509e-10 4.75901e-10 4.15146e-10 3.46843e-10 2.76658e-10 2.1021e-10 1.5118e-10 1.00069e-10 5.60118e-11 
4.80109e-11 8.77371e-11 1.33622e-10 1.86387e-10 2.45244e-10 3.06676e-10 3.65666e-10 4.17556e-10 4.59844e-10 4.92729e-10 5.18335e-10 5.41119e-10 5.69832e-10 6.11881e-10 6.63513e-10 7.23801e-10 8.05482e-10 9.21312e-10 1.08211e-09 1.27863e-09 1.26744e-09 9.61378e-10 4.60292e-10 3.56742e-10 9.0271e-10 1.06486e-09 8.88979e-10 8.0555e-10 7.70069e-10 7.36371e-10 6.65401e-10 5.77231e-10 5.31724e-10 5.29508e-10 5.60293e-10 5.91548e-10 6.08675e-10 6.12378e-10 6.08866e-10 5.99056e-10 5.80923e-10 5.51544e-10 5.09016e-10 4.53555e-10 3.87879e-10 3.1699e-10 2.46934e-10 1.82764e-10 1.26801e-10 7.78975e-11 
7.0269e-11 1.1547e-10 1.67237e-10 2.26416e-10 2.90699e-10 3.55411e-10 4.15177e-10 4.65937e-10 5.06268e-10 5.36958e-10 5.60541e-10 5.83683e-10 6.16098e-10 6.57933e-10 7.01258e-10 7.56199e-10 8.33769e-10 9.48331e-10 1.09366e-09 1.14315e-09 1.01675e-09 5.30072e-10 2.93808e-10 9.79889e-10 1.23667e-09 1.20483e-09 8.88979e-10 7.49005e-10 7.08538e-10 6.82388e-10 6.59952e-10 5.87214e-10 5.67359e-10 5.78261e-10 6.03057e-10 6.21141e-10 6.24853e-10 6.19944e-10 6.11173e-10 5.96779e-10 5.72864e-10 5.36564e-10 4.87e-10 4.25536e-10 3.55989e-10 2.84116e-10 2.15805e-10 1.55012e-10 1.02391e-10 5.70231e-11 
5.28261e-11 9.59934e-11 1.46036e-10 2.03853e-10 2.68714e-10 3.36842e-10 4.02749e-10 4.61237e-10 5.0923e-10 5.46228e-10 5.73308e-10 5.94434e-10 6.18452e-10 6.50835e-10 6.83837e-10 7.15178e-10 7.63937e-10 8.34094e-10 9.36177e-10 1.01791e-09 9.23822e-10 6.00259e-10 1.97323e-10 9.0271e-10 1.29184e-09 1.39749e-09 1.20483e-09 7.75524e-10 6.05291e-10 6.76752e-10 7.04893e-10 6.86508e-10 6.32391e-10 6.22317e-10 6.27145e-10 6.39196e-10 6.42077e-10 6.33544e-10 6.21852e-10 6.08506e-10 5.88626e-10 5.57846e-10 5.14275e-10 4.58135e-10 3.91831e-10 3.20197e-10 2.49296e-10 1.84285e-10 1.27601e-10 7.81442e-11 
7.5528e-11 1.23749e-10 1.7907e-10 2.42505e-10 3.11658e-10 3.81535e-10 4.46326e-10 5.01518e-10 5.45136e-10 5.77249e-10 5.99712e-10 6.18663e-10 6.41656e-10 6.67437e-10 6.85333e-10 7.05414e-10 7.455e-10 7.93384e-10 8.77186e-10 8.56939e-10 7.30185e-10 3.7703e-10 6.94904e-10 1.23667e-09 1.45113e-09 1.39749e-09 1.06486e-09 5.25673e-10 5.6637e-10 7.12757e-10 7.81634e-10 7.32776e-10 6.9852e-10 6.72609e-10 6.65086e-10 6.62453e-10 6.49949e-10 6.31835e-10 6.15699e-10 5.97867e-10 5.71819e-10 5.34104e-10 4.84008e-10 4.22591e-10 3.53341e-10 2.81827e-10 2.13847e-10 1.53346e-10 1.01026e-10 5.59338e-11 
5.59338e-11 1.01026e-10 1.53346e-10 2.13847e-10 2.81827e-10 3.53341e-10 4.22591e-10 4.84008e-10 5.34104e-10 5.71819e-10 5.97867e-10 6.15699e-10 6.31835e-10 6.49949e-10 6.62453e-10 6.65086e-10 6.72609e-10 6.9852e-10 7.32776e-10 7.81634e-10 7.12757e-10 5.6637e-10 5.25673e-10 1.06486e-09 1.39749e-09 1.45113e-09 1.23667e-09 6.94904e-10 3.7703e-10 7.30185e-10 8.56939e-10 8.77186e-10 7.93384e-10 7.455e-10 7.05414e-10 6.85333e-10 6.67437e-10 6.41656e-10 6.18663e-10 5.99712e-10 5.77249e-10 5.45136e-10 5.01518e-10 4.46326e-10 3.81535e-10 3.11658e-10 2.42505e-10 1.7907e-10 1.23749e-10 7.5528e-11 
7.81442e-11 1.27601e-10 1.84285e-10 2.49296e-10 3.20197e-10 3.91831e-10 4.58135e-10 5.14275e-10 5.57846e-10 5.88626e-10 6.08506e-10 6.21852e-10 6.33544e-10 6.42077e-10 6.39196e-10 6.27145e-10 6.22317e-10 6.32391e-10 6.86508e-10 7.04893e-10 6.76752e-10 6.05291e-10 7.75524e-10 1.20483e-09 1.39749e-09 1.29184e-09 9.0271e-10 1.97323e-10 6.00259e-10 9.23822e-10 1.01791e-09 9.36177e-10 8.34094e-10 7.63937e-10 7.15178e-10 6.83837e-10 6.50835e-10 6.18452e-10 5.94434e-10 5.73308e-10 5.46228e-10 5.0923e-10 4.61237e-10 4.02749e-10 3.36842e-10 2.68714e-10 2.03853e-10 1.46036e-10 9.59934e-11 5.28261e-11 
5.70231e-11 1.02391e-10 1.55012e-10 2.15805e-10 2.84116e-10 3.55989e-10 4.25536e-10 4.87e-10 5.36564e-10 5.72864e-10 5.96779e-10 6.11173e-10 6.19944e-10 6.24853e-10 6.21141e-10 6.03057e-10 5.78261e-10 5.67359e-10 5.87214e-10 6.59952e-10 6.82388e-10 7.08538e-10 7.49005e-10 8.88979e-10 1.20483e-09 1.23667e-09 9.79889e-10 2.93808e-10 5.30072e-10 1.01675e-09 1.14315e-09 1.09366e-09 9.48331e-10 8.33769e-10 7.56199e-10 7.01258e-10 6.57933e-10 6.16098e-10 5.83683e-10 5.60541e-10 5.36958e-10 5.06268e-10 4.65937e-10 4.15177e-10 3.55411e-10 2.90699e-10 2.26416e-10 1.67237e-10 1.1547e-10 7.0269e-11 
7.78975e-11 1.26801e-10 1.82764e-10 2.46934e-10 3.1699e-10 3.87879e-10 4.53555e-10 5.09016e-10 5.51544e-10 5.80923e-10 5.99056e-10 6.08866e-10 6.12378e-10 6.08675e-10 5.91548e-10 5.60293e-10 5.29508e-10 5.31724e-10 5.77231e-10 6.65401e-10 7.36371e-10 7.70069e-10 8.0555e-10 8.88979e-10 1.06486e-09 9.0271e-10 3.56742e-10 4.60292e-10 9.61378e-10 1.26744e-09 1.27863e-09 1.08211e-09 9.21312e-10 8.05482e-10 7.23801e-10 6.63513e-10 6.11881e-10 5.69832e-10 5.41119e-10 5.18335e-10 4.92729e-10 4.59844e-10 4.17556e-10 3.65666e-10 3.06676e-10 2.45244e-10 1.86387e-10 1.33622e-10 8.77371e-11 4.80109e-11 
5.60118e-11 1.00069e-10 1.5118e-10 2.1021e-10 2.76658e-10 3.46843e-10 4.15146e-10 4.75901e-10 5.2509e-10 5.61148e-10 5.84933e-10 5.98733e-10 6.04201e-10 6.01362e-10 5.87341e-10 5.56761e-10 5.1855e-10 4.95965e-10 5.18209e-10 5.93161e-10 7.19418e-10 8.05023e-10 8.0478e-10 8.0555e-10 7.75524e-10 6.94904e-10 2.93808e-10 4.19967e-10 9.60239e-10 1.34936e-09 1.41825e-09 1.24478e-09 1.02349e-09 8.64226e-10 7.51843e-10 6.71032e-10 6.06448e-10 5.54825e-10 5.18279e-10 4.92951e-10 4.70121e-10 4.43501e-10 4.09551e-10 3.66501e-10 3.15121e-10 2.58796e-10 2.02277e-10 1.49793e-10 1.03523e-10 6.2885e-11 
7.48929e-11 1.21647e-10 1.75147e-10 2.36627e-10 3.04119e-10 3.73063e-10 4.37818e-10 4.93447e-10 5.36985e-10 5.67921e-10 5.87697e-10 5.97819e-10 5.98128e-10 5.87169e-10 5.61146e-10 5.20704e-10 4.84428e-10 4.79067e-10 5.20028e-10 6.32776e-10 7.69358e-10 8.39179e-10 8.0478e-10 7.49005e-10 5.25673e-10 1.97323e-10 4.60292e-10 9.33605e-10 1.40151e-09 1.54095e-09 1.39128e-09 1.14132e-09 9.31917e-10 7.86284e-10 6.82425e-10 6.02272e-10 5.40105e-10 4.95093e-10 4.6446e-10 4.41345e-10 4.18795e-10 3.91994e-10 3.5775e-10 3.15093e-10 2.6577e-10 2.13652e-10 1.63108e-10 1.17296e-10 7.70683e-11 4.19751e-11 
5.30555e-11 9.44365e-11 1.42556e-10 1.9826e-10 2.61361e-10 3.28784e-10 3.95597e-10 4.56549e-10 5.07558e-10 5.4659e-10 5.73799e-10 5.90256e-10 5.959e-10 5.89133e-10 5.6787e-10 5.30653e-10 4.86201e-10 4.59742e-10 4.71155e-10 5.36863e-10 6.79826e-10 7.94137e-10 8.39179e-10 7.70069e-10 6.05291e-10 3.7703e-10 5.30072e-10 9.60239e-10 1.39236e-09 1.62651e-09 1.53577e-09 1.26234e-09 1.01042e-09 8.27783e-10 6.98004e-10 6.01719e-10 5.27695e-10 4.7376e-10 4.36427e-10 4.10159e-10 3.88776e-10 3.66954e-10 3.40381e-10 3.06534e-10 2.6539e-10 2.1945e-10 1.72614e-10 1.28499e-10 8.90923e-11 5.41054e-11 
6.95237e-11 1.12852e-10 1.62574e-10 2.2007e-10 2.83951e-10 3.50499e-10 4.14818e-10 4.72232e-10 5.19411e-10 5.5493e-10 5.7889e-10 5.9117e-10 5.90276e-10 5.7415e-10 5.41988e-10 4.97124e-10 4.55575e-10 4.42619e-10 4.6509e-10 5.55435e-10 7.1498e-10 7.94137e-10 8.05023e-10 7.08538e-10 5.6637e-10 6.00259e-10 9.61378e-10 1.40151e-09 1.65678e-09 1.62338e-09 1.36871e-09 1.0948e-09 8.73169e-10 7.19331e-10 6.05321e-10 5.19624e-10 4.56092e-10 4.11412e-10 3.80161e-10 3.57107e-10 3.37455e-10 3.16457e-10 2.90407e-10 2.57652e-10 2.19048e-10 1.77487e-10 1.3648e-10 9.87025e-11 6.50303e-11 3.52977e-11 
4.85055e-11 8.61693e-11 1.30195e-10 1.81466e-10 2.40205e-10 3.04168e-10 3.69373e-10 4.3118e-10 4.85436e-10 5.29301e-10 5.61449e-10 5.8125e-10 5.87304e-10 5.77588e-10 5.51075e-10 5.10098e-10 4.63301e-10 4.29953e-10 4.26594e-10 4.58382e-10 5.71622e-10 7.1498e-10 7.69358e-10 7.36371e-10 6.76752e-10 7.30185e-10 1.01675e-09 1.34936e-09 1.62651e-09 1.65857e-09 1.43428e-09 1.16969e-09 9.22292e-10 7.43985e-10 6.1376e-10 5.16371e-10 4.43539e-10 3.91033e-10 3.53897e-10 3.27179e-10 3.0692e-10 2.88821e-10 2.68632e-10 2.43438e-10 2.12476e-10 1.77256e-10 1.40656e-10 1.05528e-10 7.35741e-11 4.47503e-11 
6.23862e-11 1.01378e-10 1.46397e-10 1.98983e-10 2.5841e-10 3.21928e-10 3.85521e-10 4.4481e-10 4.9598e-10 5.36336e-10 5.64163e-10 5.77935e-10 5.75619e-10 5.55945e-10 5.2036e-10 4.74966e-10 4.3186e-10 4.06823e-10 4.11499e-10 4.54934e-10 5.71622e-10 6.79826e-10 7.19418e-10 6.82388e-10 7.12757e-10 9.23822e-10 1.26744e-09 1.54095e-09 1.62338e-09 1.46447e-09 1.22269e-09 9.67086e-10 7.7025e-10 6.26117e-10 5.17412e-10 4.36336e-10 3.76205e-10 3.32727e-10 3.01322e-10 2.78416e-10 2.60557e-10 2.43758e-10 2.2443e-10 2.00488e-10 1.71965e-10 1.40694e-10 1.09215e-10 7.96169e-11 5.271e-11 2.85543e-11 
4.28462e-11 7.61135e-11 1.15311e-10 1.61364e-10 2.14897e-10 2.7449e-10 3.37125e-10 3.98795e-10 4.55279e-10 5.0289e-10 5.38774e-10 5.60676e-10 5.66578e-10 5.54814e-10 5.26076e-10 4.84785e-10 4.40055e-10 4.02992e-10 3.86139e-10 4.0147e-10 4.54934e-10 5.55435e-10 6.32776e-10 6.65401e-10 7.04893e-10 8.56939e-10 1.14315e-09 1.41825e-09 1.53577e-09 1.43428e-09 1.24254e-09 9.94478e-10 7.93325e-10 6.40465e-10 5.21809e-10 4.33364e-10 3.66844e-10 3.17124e-10 2.80614e-10 2.53995e-10 2.34363e-10 2.18482e-10 2.02822e-10 1.84496e-10 1.62239e-10 1.36653e-10 1.09568e-10 8.30137e-11 5.83222e-11 3.55904e-11 
5.41739e-11 8.82827e-11 1.27997e-10 1.74947e-10 2.28982e-10 2.88223e-10 3.49467e-10 4.08679e-10 4.61693e-10 5.04799e-10 5.34884e-10 5.49407e-10 5.46555e-10 5.26018e-10 4.90969e-10 4.48357e-10 4.07932e-10 3.78097e-10 3.72308e-10 4.0147e-10 4.58382e-10 5.36863e-10 5.93161e-10 6.59952e-10 7.81634e-10 1.01791e-09 1.27863e-09 1.39128e-09 1.36871e-09 1.22269e-09 1.00193e-09 8.07149e-10 6.53881e-10 5.27975e-10 4.33062e-10 3.61658e-10 3.06756e-10 2.6519e-10 2.34505e-10 2.12012e-10 1.95123e-10 1.80902e-10 1.66317e-10 1.49219e-10 1.29041e-10 1.06668e-10 8.3703e-11 6.16169e-11 4.10631e-11 2.22339e-11 
3.66093e-11 6.51527e-11 9.9112e-11 1.39413e-10 1.86956e-10 2.40978e-10 2.9927e-10 3.58451e-10 4.14431e-10 4.63066e-10 5.0059e-10 5.238e-10 5.30346e-10 5.19336e-10 4.92376e-10 4.54976e-10 4.15334e-10 3.8207e-10 3.62584e-10 3.72308e-10 4.11499e-10 4.6509e-10 5.20028e-10 5.77231e-10 6.86508e-10 8.77186e-10 1.09366e-09 1.24478e-09 1.26234e-09 1.16969e-09 9.94478e-10 8.11568e-10 6.63864e-10 5.34182e-10 4.3392e-10 3.58869e-10 3.00433e-10 2.54551e-10 2.19868e-10 1.9419e-10 1.75197e-10 1.60627e-10 1.47843e-10 1.34369e-10 1.18758e-10 1.00923e-10 8.17994e-11 6.26575e-11 4.44252e-11 2.72395e-11 
4.55768e-11 7.45872e-11 1.08677e-10 1.49451e-10 1.97149e-10 2.50559e-10 3.07191e-10 3.635e-10 4.15388e-10 4.58774e-10 4.89957e-10 5.05975e-10 5.05161e-10 4.88035e-10 4.58246e-10 4.22995e-10 3.90347e-10 3.67403e-10 3.62584e-10 3.86139e-10 4.26594e-10 4.71155e-10 5.18209e-10 5.87214e-10 7.32776e-10 9.36177e-10 1.08211e-09 1.14132e-09 1.0948e-09 9.67086e-10 8.07149e-10 6.6816e-10 5.39458e-10 4.3493e-10 3.57033e-10 2.9657e-10 2.4767e-10 2.09486e-10 1.80722e-10 1.59282e-10 1.43285e-10 1.30688e-10 1.19207e-10 1.06951e-10 9.30337e-11 7.76386e-11 6.1603e-11 4.58335e-11 3.07862e-11 1.66805e-11 
3.02938e-11 5.4099e-11 8.27109e-11 1.16985e-10 1.57935e-10 2.05252e-10 2.57368e-10 3.11559e-10 3.64199e-10 4.11282e-10 4.489e-10 4.73641e-10 4.83134e-10 4.76768e-10 4.56695e-10 4.28375e-10 3.99669e-10 3.77149e-10 3.67403e-10 3.78097e-10 4.06823e-10 4.42619e-10 4.79067e-10 5.31724e-10 6.32391e-10 7.93384e-10 9.48331e-10 1.02349e-09 1.01042e-09 9.22292e-10 7.93325e-10 6.63864e-10 5.4193e-10 4.35947e-10 3.55443e-10 2.93892e-10 2.43297e-10 2.02476e-10 1.70987e-10 1.47192e-10 1.29378e-10 1.15936e-10 1.05042e-10 9.4814e-11 8.38843e-11 7.17652e-11 5.87473e-11 4.54991e-11 3.25783e-11 2.00898e-11 
3.71949e-11 6.1184e-11 8.96147e-11 1.23955e-10 1.64653e-10 2.10984e-10 2.61101e-10 3.12134e-10 3.60507e-10 4.0243e-10 4.34327e-10 4.53319e-10 4.57891e-10 4.4871e-10 4.29513e-10 4.06872e-10 3.87752e-10 3.77149e-10 3.8207e-10 4.02992e-10 4.29953e-10 4.59742e-10 4.95965e-10 5.67359e-10 6.9852e-10 8.34094e-10 9.21312e-10 9.31917e-10 8.73169e-10 7.7025e-10 6.53881e-10 5.39458e-10 4.36499e-10 3.5426e-10 2.91748e-10 2.40406e-10 1.97876e-10 1.64206e-10 1.3834e-10 1.18758e-10 1.04037e-10 9.27701e-11 8.33851e-11 7.43967e-11 6.48533e-11 5.45202e-11 4.36986e-11 3.28582e-11 2.2254e-11 1.20758e-11 
2.43139e-11 4.36216e-11 6.70488e-11 9.53264e-11 1.29453e-10 1.69407e-10 2.14145e-10 2.61639e-10 3.09004e-10 3.52853e-10 3.89746e-10 4.16603e-10 4.31267e-10 4.33243e-10 4.24509e-10 4.09948e-10 3.9593e-10 3.87752e-10 3.90347e-10 4.07932e-10 4.3186e-10 4.55575e-10 4.84428e-10 5.29508e-10 6.22317e-10 7.455e-10 8.33769e-10 8.64226e-10 8.27783e-10 7.43985e-10 6.40465e-10 5.34182e-10 4.35947e-10 3.53831e-10 2.90172e-10 2.38385e-10 1.94893e-10 1.59624e-10 1.32043e-10 1.10914e-10 9.48987e-11 8.27959e-11 7.33948e-11 6.5378e-11 5.76042e-11 4.94349e-11 4.07829e-11 3.19019e-11 2.30636e-11 1.43074e-11 
2.94822e-11 4.87723e-11 7.17925e-11 9.98057e-11 1.33352e-10 1.72063e-10 2.14687e-10 2.59127e-10 3.02622e-10 3.4211e-10 3.74609e-10 3.97667e-10 4.09967e-10 4.12079e-10 4.07027e-10 3.99907e-10 3.9593e-10 3.99669e-10 4.15334e-10 4.40055e-10 4.63301e-10 4.86201e-10 5.1855e-10 5.78261e-10 6.72609e-10 7.63937e-10 8.05482e-10 7.86284e-10 7.19331e-10 6.26117e-10 5.27975e-10 4.3493e-10 3.5426e-10 2.89566e-10 2.3706e-10 1.92995e-10 1.56632e-10 1.27683e-10 1.05256e-10 8.81062e-11 7.50848e-11 6.51999e-11 5.74129e-11 5.0638e-11 4.40229e-11 3.71521e-11 3.00155e-11 2.27826e-11 1.55527e-11 8.45469e-12 
1.8958e-11 3.41975e-11 5.28394e-11 7.54677e-11 1.02993e-10 1.35579e-10 1.72624e-10 2.12773e-10 2.53992e-10 2.93772e-10 3.29464e-10 3.58641e-10 3.79554e-10 3.9176e-10 3.96745e-10 3.97971e-10 3.99907e-10 4.06872e-10 4.22995e-10 4.48357e-10 4.74966e-10 4.97124e-10 5.20704e-10 5.60293e-10 6.27145e-10 7.05414e-10 7.56199e-10 7.51843e-10 6.98004e-10 6.1376e-10 5.21809e-10 4.3392e-10 3.55443e-10 2.90172e-10 2.36573e-10 1.91893e-10 1.54787e-10 1.24783e-10 1.01268e-10 8.31644e-11 6.93234e-11 5.88137e-11 5.08091e-11 4.44148e-11 3.8755e-11 3.32086e-11 2.75174e-11 2.16943e-11 1.58152e-11 9.86461e-12 
2.27344e-11 3.78243e-11 5.59288e-11 7.80872e-11 1.0486e-10 1.36156e-10 1.71243e-10 2.08779e-10 2.46902e-10 2.83448e-10 3.16253e-10 3.43493e-10 3.64147e-10 3.78559e-10 3.88747e-10 3.97971e-10 4.09948e-10 4.28375e-10 4.54976e-10 4.84785e-10 5.10098e-10 5.30653e-10 5.56761e-10 6.03057e-10 6.65086e-10 7.15178e-10 7.23801e-10 6.82425e-10 6.05321e-10 5.17412e-10 4.33062e-10 3.57033e-10 2.91748e-10 2.3706e-10 1.9152e-10 1.53784e-10 1.22983e-10 9.85632e-11 7.96407e-11 6.51103e-11 5.40163e-11 4.56142e-11 3.91945e-11 3.39879e-11 2.93093e-11 2.47219e-11 2.0067e-11 1.53429e-11 1.05437e-11 5.74001e-12 
1.43869e-11 2.6104e-11 4.05333e-11 5.81223e-11 7.96644e-11 1.05446e-10 1.35222e-10 1.68235e-10 2.03251e-10 2.3867e-10 2.72736e-10 3.03805e-10 3.30671e-10 3.52988e-10 3.71651e-10 3.88747e-10 4.07027e-10 4.29513e-10 4.58246e-10 4.90969e-10 5.2036e-10 5.41988e-10 5.61146e-10 5.91548e-10 6.39196e-10 6.85333e-10 7.01258e-10 6.71032e-10 6.01719e-10 5.16371e-10 4.33364e-10 3.58869e-10 2.93892e-10 2.38385e-10 1.91893e-10 1.53465e-10 1.22019e-10 9.68572e-11 7.72161e-11 6.20886e-11 5.04967e-11 4.16854e-11 3.50413e-11 2.99375e-11 2.57306e-11 2.19011e-11 1.81517e-11 1.43775e-11 1.05474e-11 6.60804e-12 
1.70843e-11 2.85831e-11 4.24368e-11 5.94765e-11 8.02497e-11 1.0487e-10 1.33032e-10 1.64036e-10 1.96837e-10 2.30161e-10 2.62693e-10 2.93315e-10 3.21404e-10 3.47142e-10 3.71651e-10 3.96745e-10 4.24509e-10 4.56695e-10 4.92376e-10 5.26076e-10 5.51075e-10 5.6787e-10 5.87341e-10 6.21141e-10 6.62453e-10 6.83837e-10 6.63513e-10 6.02272e-10 5.19624e-10 4.36336e-10 3.61658e-10 2.9657e-10 2.40406e-10 1.92995e-10 1.53784e-10 1.21718e-10 9.59325e-11 7.56604e-11 5.99897e-11 4.79657e-11 3.87936e-11 3.18737e-11 2.66754e-11 2.26466e-11 1.92685e-11 1.61641e-11 1.31293e-11 1.00823e-11 6.96189e-12 3.79263e-12 
1.06506e-11 1.9437e-11 3.03198e-11 4.36364e-11 6.00583e-11 7.99476e-11 1.03331e-10 1.29923e-10 1.59151e-10 1.90218e-10 2.2221e-10 2.54258e-10 2.85752e-10 3.16551e-10 3.47142e-10 3.78559e-10 4.12079e-10 4.4871e-10 4.88035e-10 5.26018e-10 5.55945e-10 5.7415e-10 5.87169e-10 6.08675e-10 6.42077e-10 6.67437e-10 6.57933e-10 6.06448e-10 5.27695e-10 4.43539e-10 3.66844e-10 3.00433e-10 2.43297e-10 1.94893e-10 1.54787e-10 1.22019e-10 9.56413e-11 7.48046e-11 5.86281e-11 4.62006e-11 3.67116e-11 2.95322e-11 2.41607e-11 2.01276e-11 1.69639e-11 1.42693e-11 1.17735e-11 9.33433e-12 6.87135e-12 4.31646e-12 
1.25371e-11 2.10886e-11 3.14296e-11 4.42161e-11 5.99596e-11 7.89126e-11 1.01089e-10 1.26284e-10 1.54106e-10 1.84041e-10 2.15548e-10 2.48191e-10 2.81796e-10 3.16551e-10 3.52988e-10 3.9176e-10 4.33243e-10 4.76768e-10 5.19336e-10 5.54814e-10 5.77588e-10 5.89133e-10 6.01362e-10 6.24853e-10 6.49949e-10 6.50835e-10 6.11881e-10 5.40105e-10 4.56092e-10 3.76205e-10 3.06756e-10 2.4767e-10 1.97876e-10 1.56632e-10 1.22983e-10 9.59325e-11 7.45325e-11 5.78694e-11 4.50481e-11 3.52595e-11 2.78444e-11 2.22894e-11 1.8163e-11 1.5054e-11 1.25809e-11 1.04435e-11 8.45164e-12 6.49605e-12 4.49589e-12 2.4479e-12 
7.70839e-12 1.41472e-11 2.21672e-11 3.20184e-11 4.42658e-11 5.93028e-11 7.73421e-11 9.84383e-11 1.22514e-10 1.49396e-10 1.78872e-10 2.10764e-10 2.45022e-10 2.81796e-10 3.21404e-10 3.64147e-10 4.09967e-10 4.57891e-10 5.05161e-10 5.46555e-10 5.75619e-10 5.90276e-10 5.98128e-10 6.12378e-10 6.33544e-10 6.41656e-10 6.16098e-10 5.54825e-10 4.7376e-10 3.91033e-10 3.17124e-10 2.54551e-10 2.02476e-10 1.59624e-10 1.24783e-10 9.68572e-11 7.48046e-11 5.7626e-11 4.44009e-11 3.43088e-11 2.66677e-11 2.09365e-11 1.66872e-11 1.35433e-11 1.11573e-11 9.23278e-12 7.5479e-12 5.96541e-12 4.39373e-12 2.76164e-12 
9.00602e-12 1.5226e-11 2.27806e-11 3.21801e-11 4.38879e-11 5.82379e-11 7.54543e-11 9.56761e-11 1.18989e-10 1.45456e-10 1.75163e-10 2.08267e-10 2.45022e-10 2.85752e-10 3.30671e-10 3.79554e-10 4.31267e-10 4.83134e-10 5.30346e-10 5.66578e-10 5.87304e-10 5.959e-10 6.04201e-10 6.19944e-10 6.31835e-10 6.18452e-10 5.69832e-10 4.95093e-10 4.11412e-10 3.32727e-10 2.6519e-10 2.09486e-10 1.64206e-10 1.27683e-10 9.85632e-11 7.56604e-11 5.78694e-11 4.41927e-11 3.37733e-11 2.58966e-11 1.99932e-11 1.56146e-11 1.23949e-11 1.00149e-11 8.19318e-12 6.70066e-12 5.38002e-12 4.12336e-12 2.85256e-12 1.55027e-12 
5.47e-12 1.00907e-11 1.58804e-11 2.30303e-11 3.20038e-11 4.3196e-11 5.69264e-11 7.3472e-11 9.30868e-11 1.16037e-10 1.4263e-10 1.73229e-10 2.08267e-10 2.48191e-10 2.93315e-10 3.43493e-10 3.97667e-10 4.53319e-10 5.05975e-10 5.49407e-10 5.77935e-10 5.9117e-10 5.97819e-10 6.08866e-10 6.21852e-10 6.18663e-10 5.83683e-10 5.18279e-10 4.36427e-10 3.53897e-10 2.80614e-10 2.19868e-10 1.70987e-10 1.32043e-10 1.01268e-10 7.72161e-11 5.86281e-11 4.44009e-11 3.36002e-11 2.54619e-11 1.93764e-11 1.48657e-11 1.1555e-11 9.13574e-12 7.34356e-12 5.95659e-12 4.80517e-12 3.77104e-12 2.76987e-12 1.73893e-12 
6.34913e-12 1.07867e-11 1.62055e-11 2.30026e-11 3.15825e-11 4.23118e-11 5.55336e-11 7.16037e-11 9.09131e-11 1.13919e-10 1.41155e-10 1.73229e-10 2.10764e-10 2.54258e-10 3.03805e-10 3.58641e-10 4.16603e-10 4.73641e-10 5.238e-10 5.60676e-10 5.8125e-10 5.90256e-10 5.98733e-10 6.11173e-10 6.15699e-10 5.94434e-10 5.41119e-10 4.6446e-10 3.80161e-10 3.01322e-10 2.34505e-10 1.80722e-10 1.3834e-10 1.05256e-10 7.96407e-11 5.99897e-11 4.50481e-11 3.37733e-11 2.5322e-11 1.90281e-11 1.43756e-11 1.09653e-11 8.4856e-12 6.68071e-12 5.3372e-12 4.28628e-12 3.40027e-12 2.58982e-12 1.78641e-12 9.68852e-13 
3.81577e-12 7.07231e-12 1.11801e-11 1.62886e-11 2.27759e-11 3.10083e-11 4.13551e-11 5.42114e-11 7.00308e-11 8.93512e-11 1.12813e-10 1.41155e-10 1.75163e-10 2.15548e-10 2.62693e-10 3.16253e-10 3.74609e-10 4.34327e-10 4.89957e-10 5.34884e-10 5.64163e-10 5.7889e-10 5.87697e-10 5.99056e-10 6.08506e-10 5.99712e-10 5.60541e-10 4.92951e-10 4.10159e-10 3.27179e-10 2.53995e-10 1.9419e-10 1.47192e-10 1.10914e-10 8.31644e-11 6.20886e-11 4.62006e-11 3.43088e-11 2.54619e-11 1.89156e-11 1.40987e-11 1.0579e-11 8.02601e-12 6.18419e-12 4.84533e-12 3.84339e-12 3.049e-12 2.36741e-12 1.72988e-12 1.08263e-12 
4.40523e-12 7.51949e-12 1.13502e-11 1.62022e-11 2.24224e-11 3.03693e-11 4.04383e-11 5.30949e-11 6.88994e-11 8.85359e-11 1.12813e-10 1.4263e-10 1.78872e-10 2.2221e-10 2.72736e-10 3.29464e-10 3.89746e-10 4.489e-10 5.0059e-10 5.38774e-10 5.61449e-10 5.73799e-10 5.84933e-10 5.96779e-10 5.97867e-10 5.73308e-10 5.18335e-10 4.41345e-10 3.57107e-10 2.78416e-10 2.12012e-10 1.59282e-10 1.18758e-10 8.81062e-11 6.51103e-11 4.79657e-11 3.52595e-11 2.58966e-11 1.90281e-11 1.40093e-11 1.03603e-11 7.72329e-12 5.82986e-12 4.47186e-12 3.48472e-12 2.74019e-12 2.14169e-12 1.61595e-12 1.10921e-12 5.98807e-13 
2.62558e-12 4.88475e-12 7.75893e-12 1.13647e-11 1.60064e-11 2.20115e-11 2.97493e-11 3.96597e-11 5.22885e-11 6.83082e-11 8.85359e-11 1.13919e-10 1.45456e-10 1.84041e-10 2.30161e-10 2.83448e-10 3.4211e-10 4.0243e-10 4.58774e-10 5.04799e-10 5.36336e-10 5.5493e-10 5.67921e-10 5.80923e-10 5.88626e-10 5.77249e-10 5.36958e-10 4.70121e-10 3.88776e-10 3.0692e-10 2.34363e-10 1.75197e-10 1.29378e-10 9.48987e-11 6.93234e-11 5.04967e-11 3.67116e-11 2.66677e-11 1.93764e-11 1.40987e-11 1.02898e-11 7.55185e-12 5.59462e-12 4.20224e-12 3.20827e-12 2.4853e-12 1.93339e-12 1.48147e-12 1.07356e-12 6.69008e-13 
3.01665e-12 5.17325e-12 7.84961e-12 1.12818e-11 1.57569e-11 2.16031e-11 2.9217e-11 3.90959e-11 5.18662e-11 6.83082e-11 8.93512e-11 1.16037e-10 1.49396e-10 1.90218e-10 2.3867e-10 2.93772e-10 3.52853e-10 4.11282e-10 4.63066e-10 5.0289e-10 5.29301e-10 5.4659e-10 5.61148e-10 5.72864e-10 5.71819e-10 5.46228e-10 4.92729e-10 4.18795e-10 3.37455e-10 2.60557e-10 1.95123e-10 1.43285e-10 1.04037e-10 7.50848e-11 5.40163e-11 3.87936e-11 2.78444e-11 1.99932e-11 1.43756e-11 1.03603e-11 7.49691e-12 5.46157e-12 4.02244e-12 3.00657e-12 2.28404e-12 1.75627e-12 1.34904e-12 1.00636e-12 6.85795e-13 3.69305e-13 
1.78641e-12 3.33427e-12 5.32304e-12 7.84651e-12 1.11445e-11 1.54977e-11 2.12489e-11 2.88308e-11 3.88006e-11 5.18662e-11 6.88994e-11 9.09131e-11 1.18989e-10 1.54106e-10 1.96837e-10 2.46902e-10 3.02622e-10 3.60507e-10 4.15388e-10 4.61693e-10 4.9598e-10 5.19411e-10 5.36985e-10 5.51544e-10 5.57846e-10 5.45136e-10 5.06268e-10 4.43501e-10 3.66954e-10 2.88821e-10 2.18482e-10 1.60627e-10 1.15936e-10 8.27959e-11 5.88137e-11 4.16854e-11 2.95322e-11 2.09365e-11 1.48657e-11 1.0579e-11 7.55185e-12 5.41866e-12 3.91919e-12 2.87e-12 2.13503e-12 1.61403e-12 1.23013e-12 9.2759e-13 6.65455e-13 4.1277e-13 
2.04579e-12 3.52343e-12 5.37746e-12 7.7893e-12 1.09909e-11 1.52695e-11 2.09891e-11 2.86275e-11 3.88006e-11 5.22885e-11 7.00308e-11 9.30868e-11 1.22514e-10 1.59151e-10 2.03251e-10 2.53992e-10 3.09004e-10 3.64199e-10 4.14431e-10 4.55279e-10 4.85436e-10 5.07558e-10 5.2509e-10 5.36564e-10 5.34104e-10 5.0923e-10 4.59844e-10 3.91994e-10 3.16457e-10 2.43758e-10 1.80902e-10 1.30688e-10 9.27701e-11 6.51999e-11 4.56142e-11 3.18737e-11 2.22894e-11 1.56146e-11 1.09653e-11 7.72329e-12 5.46157e-12 3.88633e-12 2.79171e-12 2.0339e-12 1.50615e-12 1.13131e-12 8.5213e-13 6.27087e-13 4.24051e-13 2.26697e-13 
1.20682e-12 2.25594e-12 3.62147e-12 5.37566e-12 7.70812e-12 1.08496e-11 1.51e-11 2.0852e-11 2.86275e-11 3.90959e-11 5.30949e-11 7.16037e-11 9.56761e-11 1.26284e-10 1.64036e-10 2.08779e-10 2.59127e-10 3.12134e-10 3.635e-10 4.08679e-10 4.4481e-10 4.72232e-10 4.93447e-10 5.09016e-10 5.14275e-10 5.01518e-10 4.65937e-10 4.09551e-10 3.40381e-10 2.68632e-10 2.02822e-10 1.47843e-10 1.05042e-10 7.33948e-11 5.08091e-11 3.50413e-11 2.41607e-11 1.66872e-11 1.1555e-11 8.02601e-12 5.59462e-12 3.91919e-12 2.76675e-12 1.97521e-12 1.43204e-12 1.05525e-12 7.86484e-13 5.83316e-13 4.1325e-13 2.54453e-13 
1.37754e-12 2.38172e-12 3.65882e-12 5.34514e-12 7.62718e-12 1.07431e-11 1.50096e-11 2.0852e-11 2.88308e-11 3.96597e-11 5.42114e-11 7.3472e-11 9.84383e-11 1.29923e-10 1.68235e-10 2.12773e-10 2.61639e-10 3.11559e-10 3.58451e-10 3.98795e-10 4.3118e-10 4.56549e-10 4.75901e-10 4.87e-10 4.84008e-10 4.61237e-10 4.17556e-10 3.5775e-10 2.90407e-10 2.2443e-10 1.66317e-10 1.19207e-10 8.33851e-11 5.74129e-11 3.91945e-11 2.66754e-11 1.8163e-11 1.23949e-11 8.4856e-12 5.82986e-12 4.02244e-12 2.79171e-12 1.95583e-12 1.38811e-12 1.00196e-12 7.34447e-13 5.41531e-13 3.92494e-13 2.63431e-13 1.40245e-13 
8.10779e-13 1.51759e-12 2.44823e-12 3.66395e-12 5.30649e-12 7.56389e-12 1.0686e-11 1.50096e-11 2.09891e-11 2.9217e-11 4.04383e-11 5.55336e-11 7.54543e-11 1.01089e-10 1.33032e-10 1.71243e-10 2.14687e-10 2.61101e-10 3.07191e-10 3.49467e-10 3.85521e-10 4.14818e-10 4.37818e-10 4.53555e-10 4.58135e-10 4.46326e-10 4.15177e-10 3.66501e-10 3.06534e-10 2.43438e-10 1.84496e-10 1.34369e-10 9.4814e-11 6.5378e-11 4.44148e-11 2.99375e-11 2.01276e-11 1.35433e-11 9.13574e-12 6.18419e-12 4.20224e-12 2.87e-12 1.97521e-12 1.37442e-12 9.70248e-13 6.97311e-13 5.07448e-13 3.69035e-13 2.58205e-13 1.58364e-13 
9.23424e-13 1.60172e-12 2.4776e-12 3.65372e-12 5.27352e-12 7.53018e-12 1.0686e-11 1.51e-11 2.12489e-11 2.97493e-11 4.13551e-11 5.69264e-11 7.73421e-11 1.03331e-10 1.35222e-10 1.72624e-10 2.14145e-10 2.57368e-10 2.9927e-10 3.37125e-10 3.69373e-10 3.95597e-10 4.15146e-10 4.25536e-10 4.22591e-10 4.02749e-10 3.65666e-10 3.15093e-10 2.57652e-10 2.00488e-10 1.49219e-10 1.06951e-10 7.43967e-11 5.0638e-11 3.39879e-11 2.26466e-11 1.5054e-11 1.00149e-11 6.68071e-12 4.47186e-12 3.00657e-12 2.0339e-12 1.38811e-12 9.59728e-13 6.75099e-13 4.82531e-13 3.48619e-13 2.48638e-13 1.65179e-13 8.72477e-14 
5.42726e-13 1.01615e-12 1.64884e-12 2.48753e-12 3.64e-12 5.25445e-12 7.53018e-12 1.07431e-11 1.52695e-11 2.16031e-11 3.03693e-11 4.23118e-11 5.82379e-11 7.89126e-11 1.0487e-10 1.36156e-10 1.72063e-10 2.10984e-10 2.50559e-10 2.88223e-10 3.21928e-10 3.50499e-10 3.73063e-10 3.87879e-10 3.91831e-10 3.81535e-10 3.55411e-10 3.15121e-10 2.6539e-10 2.12476e-10 1.62239e-10 1.18758e-10 8.38843e-11 5.76042e-11 3.8755e-11 2.57306e-11 1.69639e-11 1.11573e-11 7.34356e-12 4.84533e-12 3.20827e-12 2.13503e-12 1.43204e-12 9.70248e-13 6.67713e-13 4.67024e-13 3.31946e-13 2.36786e-13 1.63395e-13 9.97669e-14 
6.17503e-13 1.07415e-12 1.67198e-12 2.48794e-12 3.63198e-12 5.25445e-12 7.56389e-12 1.08496e-11 1.54977e-11 2.20115e-11 3.10083e-11 4.3196e-11 5.93028e-11 7.99476e-11 1.05446e-10 1.35579e-10 1.69407e-10 2.05252e-10 2.40978e-10 2.7449e-10 3.04168e-10 3.28784e-10 3.46843e-10 3.55989e-10 3.53341e-10 3.36842e-10 3.06676e-10 2.6577e-10 2.19048e-10 1.71965e-10 1.29041e-10 9.30337e-11 6.48533e-11 4.40229e-11 2.93093e-11 1.92685e-11 1.25809e-11 8.19318e-12 5.3372e-12 3.48472e-12 2.28404e-12 1.50615e-12 1.00196e-12 6.75099e-13 4.61853e-13 3.22025e-13 2.27056e-13 1.58754e-13 1.04454e-13 5.48967e-14 
3.63415e-13 6.79393e-13 1.10696e-12 1.68191e-12 2.487e-12 3.63198e-12 5.27352e-12 7.62718e-12 1.09909e-11 1.57569e-11 2.24224e-11 3.15825e-11 4.38879e-11 5.99596e-11 8.02497e-11 1.0486e-10 1.33352e-10 1.64653e-10 1.97149e-10 2.28982e-10 2.5841e-10 2.83951e-10 3.04119e-10 3.1699e-10 3.20197e-10 3.11658e-10 2.90699e-10 2.58796e-10 2.1945e-10 1.77256e-10 1.36653e-10 1.00923e-10 7.17652e-11 4.94349e-11 3.32086e-11 2.19011e-11 1.42693e-11 9.23278e-12 5.95659e-12 3.84339e-12 2.4853e-12 1.61403e-12 1.05525e-12 6.97311e-13 4.67024e-13 3.1899e-13 2.21609e-13 1.54745e-13 1.04888e-13 6.28521e-14 
4.12384e-13 7.17202e-13 1.12342e-12 1.68576e-12 2.487e-12 3.64e-12 5.30649e-12 7.70812e-12 1.11445e-11 1.60064e-11 2.27759e-11 3.20038e-11 4.42658e-11 6.00583e-11 7.96644e-11 1.02993e-10 1.29453e-10 1.57935e-10 1.86956e-10 2.14897e-10 2.40205e-10 2.61361e-10 2.76658e-10 2.84116e-10 2.81827e-10 2.68714e-10 2.45244e-10 2.13652e-10 1.77487e-10 1.40694e-10 1.06668e-10 7.76386e-11 5.45202e-11 3.71521e-11 2.47219e-11 1.61641e-11 1.04435e-11 6.70066e-12 4.28628e-12 2.74019e-12 1.75627e-12 1.13131e-12 7.34447e-13 4.82531e-13 3.22025e-13 2.18899e-13 1.50925e-13 1.03661e-13 6.72641e-14 3.53179e-14 
2.43136e-13 4.52284e-13 7.38895e-13 1.13055e-12 1.68576e-12 2.48794e-12 3.65372e-12 5.34514e-12 7.7893e-12 1.12818e-11 1.62022e-11 2.30026e-11 3.21801e-11 4.42161e-11 5.94765e-11 7.80872e-11 9.98057e-11 1.23955e-10 1.49451e-10 1.74947e-10 1.98983e-10 2.2007e-10 2.36627e-10 2.46934e-10 2.49296e-10 2.42505e-10 2.26416e-10 2.02277e-10 1.72614e-10 1.40656e-10 1.09568e-10 8.17994e-11 5.87473e-11 4.07829e-11 2.75174e-11 1.81517e-11 1.17735e-11 7.5479e-12 4.80517e-12 3.049e-12 1.93339e-12 1.23013e-12 7.86484e-13 5.07448e-13 3.31946e-13 2.21609e-13 1.50213e-13 1.02192e-13 6.77463e-14 4.06345e-14 
2.74475e-13 4.76919e-13 7.48676e-13 1.13055e-12 1.68191e-12 2.48753e-12 3.66395e-12 5.37566e-12 7.84651e-12 1.13647e-11 1.62886e-11 2.30303e-11 3.20184e-11 4.36364e-11 5.81223e-11 7.54677e-11 9.53264e-11 1.16985e-10 1.39413e-10 1.61364e-10 1.81466e-10 1.9826e-10 2.1021e-10 2.15805e-10 2.13847e-10 2.03853e-10 1.86387e-10 1.63108e-10 1.3648e-10 1.09215e-10 8.3703e-11 6.1603e-11 4.36986e-11 3.00155e-11 2.0067e-11 1.31293e-11 8.45164e-12 5.38002e-12 3.40027e-12 2.14169e-12 1.34904e-12 8.5213e-13 5.41531e-13 3.48619e-13 2.27056e-13 1.50925e-13 1.01669e-13 6.85535e-14 4.36794e-14 2.2604e-14 
1.6249e-13 2.99719e-13 4.88664e-13 7.48676e-13 1.12342e-12 1.67198e-12 2.4776e-12 3.65882e-12 5.37746e-12 7.84961e-12 1.13502e-11 1.62055e-11 2.27806e-11 3.14296e-11 4.24368e-11 5.59288e-11 7.17925e-11 8.96147e-11 1.08677e-10 1.27997e-10 1.46397e-10 1.62574e-10 1.75147e-10 1.82764e-10 1.84285e-10 1.7907e-10 1.67237e-10 1.49793e-10 1.28499e-10 1.05528e-10 8.30137e-11 6.26575e-11 4.54991e-11 3.19019e-11 2.16943e-11 1.43775e-11 9.33433e-12 5.96541e-12 3.77104e-12 2.36741e-12 1.48147e-12 9.2759e-13 5.83316e-13 3.69035e-13 2.36786e-13 1.54745e-13 1.02192e-13 6.81692e-14 4.48759e-14 2.62069e-14 
1.82087e-13 3.1271e-13 4.88664e-13 7.38895e-13 1.10696e-12 1.64884e-12 2.44823e-12 3.62147e-12 5.32304e-12 7.75893e-12 1.11801e-11 1.58804e-11 2.21672e-11 3.03198e-11 4.05333e-11 5.28394e-11 6.70488e-11 8.27109e-11 9.9112e-11 1.15311e-10 1.30195e-10 1.42556e-10 1.5118e-10 1.55012e-10 1.53346e-10 1.46036e-10 1.33622e-10 1.17296e-10 9.87025e-11 7.96169e-11 6.16169e-11 4.58335e-11 3.28582e-11 2.27826e-11 1.53429e-11 1.00823e-11 6.49605e-12 4.12336e-12 2.58982e-12 1.61595e-12 1.00636e-12 6.27087e-13 3.92494e-13 2.48638e-13 1.58754e-13 1.03661e-13 6.85535e-14 4.46019e-14 2.87106e-14 1.47769e-14 
1.08613e-13 1.95592e-13 3.1271e-13 4.76919e-13 7.17202e-13 1.07415e-12 1.60172e-12 2.38172e-12 3.52343e-12 5.17325e-12 7.51949e-12 1.07867e-11 1.5226e-11 2.10886e-11 2.85831e-11 3.78243e-11 4.87723e-11 6.1184e-11 7.45872e-11 8.82827e-11 1.01378e-10 1.12852e-10 1.21647e-10 1.26801e-10 1.27601e-10 1.23749e-10 1.1547e-10 1.03523e-10 8.90923e-11 7.35741e-11 5.83222e-11 4.44252e-11 3.25783e-11 2.30636e-11 1.58152e-11 1.05474e-11 6.87135e-12 4.39373e-12 2.76987e-12 1.72988e-12 1.07356e-12 6.65455e-13 4.1325e-13 2.58205e-13 1.63395e-13 1.04888e-13 6.77463e-14 4.48759e-14 2.85322e-14 1.65969e-14 
1.18996e-13 1.95592e-13 2.99719e-13 4.52284e-13 6.79393e-13 1.01615e-12 1.51759e-12 2.25594e-12 3.33427e-12 4.88475e-12 7.07231e-12 1.00907e-11 1.41472e-11 1.9437e-11 2.6104e-11 3.41975e-11 4.36216e-11 5.4099e-11 6.51527e-11 7.61135e-11 8.61693e-11 9.44365e-11 1.00069e-10 1.02391e-10 1.01026e-10 9.59934e-11 8.77371e-11 7.70683e-11 6.50303e-11 5.271e-11 4.10631e-11 3.07862e-11 2.2254e-11 1.55527e-11 1.05437e-11 6.96189e-12 4.49589e-12 2.85256e-12 1.78641e-12 1.10921e-12 6.85795e-13 4.24051e-13 2.63431e-13 1.65179e-13 1.04454e-13 6.72641e-14 4.36794e-14 2.87106e-14 1.74795e-14 8.88694e-15 
7.14343e-14 1.18996e-13 1.82087e-13 2.74475e-13 4.12384e-13 6.17503e-13 9.23424e-13 1.37754e-12 2.04579e-12 3.01665e-12 4.40523e-12 6.34913e-12 9.00602e-12 1.25371e-11 1.70843e-11 2.27344e-11 2.94822e-11 3.71949e-11 4.55768e-11 5.41739e-11 6.23862e-11 6.95237e-11 7.48929e-11 7.78975e-11 7.81442e-11 7.5528e-11 7.0269e-11 6.2885e-11 5.41054e-11 4.47503e-11 3.55904e-11 2.72395e-11 2.00898e-11 1.43074e-11 9.86461e-12 6.60804e-12 4.31646e-12 2.76164e-12 1.73893e-12 1.08263e-12 6.69008e-13 4.1277e-13 2.54453e-13 1.58364e-13 9.97669e-14 6.28521e-14 4.06345e-14 2.62069e-14 1.65969e-14 9.84568e-15 
7.14343e-14 1.08613e-13 1.6249e-13 2.43136e-13 3.63415e-13 5.42726e-13 8.10779e-13 1.20682e-12 1.78641e-12 2.62558e-12 3.81577e-12 5.47e-12 7.70839e-12 1.06506e-11 1.43869e-11 1.8958e-11 2.43139e-11 3.02938e-11 3.66093e-11 4.28462e-11 4.85055e-11 5.30555e-11 5.60118e-11 5.70231e-11 5.59338e-11 5.28261e-11 4.80109e-11 4.19751e-11 3.52977e-11 2.85543e-11 2.22339e-11 1.66805e-11 1.20758e-11 8.45469e-12 5.74001e-12 3.79263e-12 2.4479e-12 1.55027e-12 9.68852e-13 5.98807e-13 3.69305e-13 2.26697e-13 1.40245e-13 8.72477e-14 5.48967e-14 3.53179e-14 2.2604e-14 1.47769e-14 8.88694e-15 4.95605e-15 
