1 101 51
3.79704e-14 5.91063e-14 9.593e-14 1.49929e-13 2.3207e-13 3.70757e-13 6.30046e-13 1.12704e-12 2.06316e-12 3.77013e-12 6.78099e-12 1.19117e-11 2.03446e-11 3.3687e-11 5.4001e-11 8.38283e-11 1.2627e-10 1.85178e-10 2.65296e-10 3.72e-10 5.10269e-10 6.83006e-10 8.89325e-10 1.12346e-09 1.37458e-09 1.62737e-09 1.86327e-09 2.06217e-09 2.20456e-09 2.27404e-09 2.25997e-09 2.15998e-09 1.98154e-09 1.74179e-09 1.46519e-09 1.17901e-09 9.08138e-10 6.70792e-10 4.76553e-10 3.26926e-10 2.17626e-10 1.41353e-10 9.01269e-11 5.67633e-11 3.55294e-11 2.22237e-11 1.39534e-11 8.8061e-12 5.54557e-12 3.36452e-12 1.6089e-12 
1.05075e-13 2.15071e-13 3.41678e-13 5.28317e-13 8.36924e-13 1.39797e-12 2.45477e-12 4.42273e-12 8.00828e-12 1.43782e-11 2.5398e-11 4.38999e-11 7.39091e-11 1.20726e-10 1.90716e-10 2.9081e-10 4.27914e-10 6.08533e-10 8.388e-10 1.12444e-09 1.46979e-09 1.87536e-09 2.33458e-09 2.83127e-09 3.33893e-09 3.82224e-09 4.24034e-09 4.55156e-09 4.71908e-09 4.71707e-09 4.53647e-09 4.18885e-09 3.70683e-09 3.13954e-09 2.54369e-09 1.97256e-09 1.46653e-09 1.04822e-09 7.23039e-10 4.8356e-10 3.15258e-10 2.01559e-10 1.27173e-10 7.96797e-11 4.98637e-11 3.13153e-11 1.97831e-11 1.25208e-11 7.75581e-12 4.19159e-12 4.19159e-12 
5.91063e-14 3.09157e-13 5.70976e-13 8.89922e-13 1.38865e-12 2.2657e-12 3.88648e-12 6.88386e-12 1.23381e-11 2.20766e-11 3.91087e-11 6.8192e-11 1.16449e-10 1.93812e-10 3.12931e-10 4.88228e-10 7.34023e-10 1.06231e-09 1.48115e-09 1.99453e-09 2.60303e-09 3.30376e-09 4.08746e-09 4.93345e-09 5.80503e-09 6.64809e-09 7.39451e-09 7.96984e-09 8.30413e-09 8.34443e-09 8.06684e-09 7.48526e-09 6.65336e-09 5.65725e-09 4.59926e-09 3.57723e-09 2.66652e-09 1.91036e-09 1.32043e-09 8.84638e-10 5.77552e-10 3.69639e-10 2.33385e-10 1.46302e-10 9.16077e-11 5.75878e-11 3.64585e-11 2.32078e-11 1.46334e-11 8.5673e-12 3.36452e-12 
2.15071e-13 6.6604e-13 1.11344e-12 1.71707e-12 2.72397e-12 4.55572e-12 7.93842e-12 1.41159e-11 2.521e-11 4.47985e-11 7.87451e-11 1.36261e-10 2.30999e-10 3.81722e-10 6.11822e-10 9.47077e-10 1.41166e-09 2.02359e-09 2.79174e-09 3.71591e-09 4.78899e-09 5.99745e-09 7.31659e-09 8.70154e-09 1.00792e-08 1.13475e-08 1.23842e-08 1.30643e-08 1.32833e-08 1.2981e-08 1.21609e-08 1.08977e-08 9.32781e-09 7.62265e-09 5.95159e-09 4.44853e-09 3.19301e-09 2.2097e-09 1.4815e-09 9.67553e-10 6.19246e-10 3.90884e-10 2.44941e-10 1.53324e-10 9.63928e-11 6.10927e-11 3.90421e-11 2.49325e-11 1.53178e-11 7.75581e-12 7.75581e-12 
9.593e-14 5.70976e-13 1.19078e-12 1.87496e-12 2.89402e-12 4.68864e-12 7.99875e-12 1.4074e-11 2.50426e-11 4.45523e-11 7.87513e-11 1.37704e-10 2.3719e-10 4.00487e-10 6.59311e-10 1.05265e-09 1.6225e-09 2.40663e-09 3.43082e-09 4.70425e-09 6.22055e-09 7.9621e-09 9.90002e-09 1.19841e-08 1.41259e-08 1.61864e-08 1.79798e-08 1.92967e-08 1.99424e-08 1.97816e-08 1.87785e-08 1.70188e-08 1.47019e-08 1.21002e-08 9.49646e-09 7.12265e-09 5.12288e-09 3.54872e-09 2.37969e-09 1.55355e-09 9.93487e-10 6.26429e-10 3.92059e-10 2.45129e-10 1.53983e-10 9.75937e-11 6.25006e-11 4.0245e-11 2.54744e-11 1.46334e-11 5.54557e-12 
3.41678e-13 1.11344e-12 1.92293e-12 2.93652e-12 4.58761e-12 7.59825e-12 1.31532e-11 2.32376e-11 4.12628e-11 7.30879e-11 1.28631e-10 2.24177e-10 3.85295e-10 6.49676e-10 1.06843e-09 1.70377e-09 2.62151e-09 3.87886e-09 5.5119e-09 7.52928e-09 9.91545e-09 1.26375e-08 1.56416e-08 1.88303e-08 2.20325e-08 2.4989e-08 2.73728e-08 2.88449e-08 2.91314e-08 2.81024e-08 2.58245e-08 2.25661e-08 1.87404e-08 1.48052e-08 1.11537e-08 8.043e-09 5.57787e-09 3.74049e-09 2.44001e-09 1.55826e-09 9.80852e-10 6.12714e-10 3.82375e-10 2.39819e-10 1.51864e-10 9.73231e-11 6.29777e-11 4.05993e-11 2.49325e-11 1.25208e-11 1.25208e-11 
1.49929e-13 8.89922e-13 1.87496e-12 2.94283e-12 4.45677e-12 7.10274e-12 1.19923e-11 2.09242e-11 3.69383e-11 6.52995e-11 1.15117e-10 2.01899e-10 3.5127e-10 6.03633e-10 1.01861e-09 1.67683e-09 2.67569e-09 4.1165e-09 6.08452e-09 8.62953e-09 1.1758e-08 1.54401e-08 1.96188e-08 2.41934e-08 2.89735e-08 3.36296e-08 3.76889e-08 4.06003e-08 4.1856e-08 4.1135e-08 3.84186e-08 3.40299e-08 2.85683e-08 2.27531e-08 1.72374e-08 1.24723e-08 8.66343e-09 5.81069e-09 3.78711e-09 2.41461e-09 1.51665e-09 9.45167e-10 5.88441e-10 3.68274e-10 2.32851e-10 1.49177e-10 9.67852e-11 6.30874e-11 4.0245e-11 2.32078e-11 8.8061e-12 
5.28317e-13 1.71707e-12 2.93652e-12 4.40342e-12 6.73031e-12 1.09645e-11 1.8744e-11 3.27301e-11 5.7491e-11 1.01003e-10 1.77178e-10 3.09909e-10 5.38983e-10 9.27463e-10 1.56862e-09 2.58835e-09 4.13758e-09 6.37068e-09 9.41324e-09 1.33329e-08 1.81306e-08 2.37541e-08 3.01024e-08 3.69811e-08 4.40118e-08 5.0568e-08 5.58167e-08 5.8885e-08 5.9103e-08 5.62347e-08 5.06007e-08 4.30237e-08 3.46008e-08 2.63947e-08 1.91824e-08 1.3355e-08 8.96278e-09 5.83734e-09 3.71561e-09 2.32847e-09 1.44725e-09 8.98582e-10 5.60969e-10 3.53991e-10 2.2657e-10 1.47161e-10 9.65515e-11 6.29777e-11 3.90421e-11 1.97831e-11 1.97831e-11 
2.3207e-13 1.38865e-12 2.89402e-12 4.45677e-12 6.59504e-12 1.02774e-11 1.70338e-11 2.92211e-11 5.07498e-11 8.84124e-11 1.54169e-10 2.69073e-10 4.69643e-10 8.17207e-10 1.40954e-09 2.39161e-09 3.95876e-09 6.34323e-09 9.77827e-09 1.44468e-08 2.04389e-08 2.77442e-08 3.62716e-08 4.5834e-08 5.60395e-08 6.61369e-08 7.4967e-08 8.11365e-08 8.33898e-08 8.10366e-08 7.42482e-08 6.40719e-08 5.21248e-08 4.00973e-08 2.93043e-08 2.04677e-08 1.37535e-08 8.95486e-09 5.69168e-09 3.55877e-09 2.20593e-09 1.36573e-09 8.50309e-10 5.35397e-10 3.42228e-10 2.22342e-10 1.46429e-10 9.67852e-11 6.25006e-11 3.64585e-11 1.39534e-11 
8.36924e-13 2.72397e-12 4.58761e-12 6.73031e-12 1.00369e-11 1.59586e-11 2.66607e-11 4.5531e-11 7.83017e-11 1.35012e-10 2.33478e-10 4.05378e-10 7.06219e-10 1.23004e-09 2.12769e-09 3.6234e-09 6.0186e-09 9.6683e-09 1.49217e-08 2.20418e-08 3.1145e-08 4.21984e-08 5.50384e-08 6.92949e-08 8.41626e-08 9.81785e-08 1.09293e-07 1.1535e-07 1.14816e-07 1.07404e-07 9.4289e-08 7.77529e-08 6.04178e-08 4.44647e-08 3.11914e-08 2.10042e-08 1.36804e-08 8.68622e-09 5.42021e-09 3.35103e-09 2.06882e-09 1.28457e-09 8.07013e-10 5.15104e-10 3.34609e-10 2.20864e-10 1.47161e-10 9.73231e-11 6.10927e-11 3.13153e-11 3.13153e-11 
3.70757e-13 2.2657e-12 4.68864e-12 7.10274e-12 1.02774e-11 1.55932e-11 2.51253e-11 4.19235e-11 7.08869e-11 1.20404e-10 2.05246e-10 3.51819e-10 6.07524e-10 1.05629e-09 1.8416e-09 3.19504e-09 5.46174e-09 9.10414e-09 1.46606e-08 2.26476e-08 3.34363e-08 4.71711e-08 6.37736e-08 8.29309e-08 1.03875e-07 1.2496e-07 1.43447e-07 1.55948e-07 1.59509e-07 1.52814e-07 1.36858e-07 1.14667e-07 9.01821e-08 6.69441e-08 4.72278e-08 3.19054e-08 2.08053e-08 1.32047e-08 8.22687e-09 5.07458e-09 3.12467e-09 1.9352e-09 1.21314e-09 7.73262e-10 5.02184e-10 3.31982e-10 2.22342e-10 1.49177e-10 9.75937e-11 5.75878e-11 2.22237e-11 
1.39797e-12 4.55572e-12 7.59825e-12 1.09645e-11 1.59586e-11 2.46167e-11 3.98398e-11 6.59699e-11 1.10127e-10 1.84563e-10 3.10908e-10 5.2807e-10 9.06535e-10 1.57242e-09 2.74337e-09 4.77306e-09 8.18956e-09 1.3697e-08 2.21028e-08 3.4159e-08 5.03764e-08 7.09215e-08 9.56195e-08 1.2383e-07 1.53929e-07 1.82659e-07 2.05192e-07 2.16446e-07 2.13137e-07 1.95373e-07 1.6679e-07 1.33078e-07 9.9834e-08 7.09452e-08 4.81457e-08 3.14665e-08 1.99799e-08 1.24366e-08 7.65736e-09 4.70441e-09 2.90695e-09 1.81886e-09 1.15799e-09 7.51955e-10 4.97759e-10 3.34609e-10 2.2657e-10 1.51864e-10 9.63928e-11 4.98637e-11 4.98637e-11 
6.30046e-13 3.88648e-12 7.99875e-12 1.19923e-11 1.70338e-11 2.51253e-11 3.91623e-11 6.32107e-11 1.03524e-10 1.70467e-10 2.81868e-10 4.69219e-10 7.89423e-10 1.34645e-09 2.32836e-09 4.06309e-09 7.08722e-09 1.22027e-08 2.04709e-08 3.30853e-08 5.11164e-08 7.52445e-08 1.05636e-07 1.41899e-07 1.82663e-07 2.24546e-07 2.6143e-07 2.85492e-07 2.90151e-07 2.73292e-07 2.38532e-07 1.93624e-07 1.47134e-07 1.05523e-07 7.20514e-08 4.72593e-08 3.00531e-08 1.87055e-08 1.15042e-08 7.05575e-09 4.35196e-09 2.7189e-09 1.72961e-09 1.12335e-09 7.44685e-10 5.02184e-10 3.42228e-10 2.32851e-10 1.53983e-10 9.16077e-11 3.55294e-11 
2.45477e-12 7.93842e-12 1.31532e-11 1.8744e-11 2.66607e-11 3.98398e-11 6.23272e-11 9.98937e-11 1.61605e-10 2.62523e-10 4.28459e-10 7.04916e-10 1.17431e-09 1.98846e-09 3.42523e-09 5.97473e-09 1.04445e-08 1.8041e-08 3.0342e-08 4.90768e-08 7.57263e-08 1.11158e-07 1.55479e-07 2.07801e-07 2.65152e-07 3.20778e-07 3.64018e-07 3.83559e-07 3.72904e-07 3.34112e-07 2.7685e-07 2.13687e-07 1.55023e-07 1.06704e-07 7.03524e-08 4.4866e-08 2.79542e-08 1.71884e-08 1.05318e-08 6.4882e-09 4.04964e-09 2.57535e-09 1.67374e-09 1.11156e-09 7.51955e-10 5.15104e-10 3.53991e-10 2.39819e-10 1.53324e-10 7.96797e-11 7.96797e-11 
1.12704e-12 6.88386e-12 1.4074e-11 2.09242e-11 2.92211e-11 4.19235e-11 6.32107e-11 9.87411e-11 1.56791e-10 2.50516e-10 4.01706e-10 6.47469e-10 1.05291e-09 1.73598e-09 2.91568e-09 4.99814e-09 8.70885e-09 1.52514e-08 2.64178e-08 4.45127e-08 7.19781e-08 1.1079e-07 1.62005e-07 2.25529e-07 2.99328e-07 3.77096e-07 4.46167e-07 4.89629e-07 4.93819e-07 4.56317e-07 3.87507e-07 3.04796e-07 2.24279e-07 1.55975e-07 1.03571e-07 6.63469e-08 4.14377e-08 2.55024e-08 1.56259e-08 9.62287e-09 6.00473e-09 3.82001e-09 2.4858e-09 1.65476e-09 1.12335e-09 7.73262e-10 5.35397e-10 3.68274e-10 2.45129e-10 1.46302e-10 5.67633e-11 
4.42273e-12 1.41159e-11 2.32376e-11 3.27301e-11 4.5531e-11 6.59699e-11 9.98937e-11 1.55272e-10 2.44025e-10 3.85172e-10 6.10027e-10 9.71455e-10 1.56151e-09 2.54668e-09 4.23845e-09 7.22306e-09 1.25628e-08 2.20303e-08 3.82465e-08 6.45019e-08 1.04141e-07 1.59708e-07 2.32442e-07 3.21718e-07 4.22882e-07 5.23124e-07 6.00428e-07 6.31425e-07 6.04834e-07 5.28742e-07 4.25391e-07 3.1848e-07 2.24372e-07 1.50391e-07 9.69582e-08 6.08029e-08 3.75081e-08 2.301e-08 1.41797e-08 8.85424e-09 5.6394e-09 3.67722e-09 2.45541e-09 1.67374e-09 1.15799e-09 8.07013e-10 5.60969e-10 3.82375e-10 2.44941e-10 1.27173e-10 1.27173e-10 
2.06316e-12 1.23381e-11 2.50426e-11 3.69383e-11 5.07498e-11 7.08869e-11 1.03524e-10 1.56791e-10 2.41978e-10 3.76211e-10 5.86791e-10 9.18312e-10 1.44529e-09 2.29619e-09 3.70246e-09 6.10039e-09 1.03249e-08 1.79127e-08 3.14389e-08 5.46651e-08 9.21667e-08 1.48393e-07 2.26565e-07 3.28125e-07 4.51028e-07 5.84751e-07 7.04591e-07 7.76343e-07 7.74835e-07 7.0052e-07 5.78772e-07 4.4237e-07 3.16617e-07 2.14755e-07 1.39651e-07 8.81038e-08 5.45702e-08 3.35682e-08 2.07272e-08 1.29664e-08 8.27667e-09 5.41302e-09 3.62884e-09 2.4858e-09 1.72961e-09 1.21314e-09 8.50309e-10 5.88441e-10 3.92059e-10 2.33385e-10 9.01269e-11 
8.00828e-12 2.521e-11 4.12628e-11 5.7491e-11 7.83017e-11 1.10127e-10 1.61605e-10 2.44025e-10 3.73374e-10 5.74079e-10 8.8492e-10 1.36874e-09 2.12938e-09 3.34384e-09 5.32912e-09 8.68737e-09 1.45922e-08 2.52383e-08 4.4309e-08 7.70937e-08 1.29797e-07 2.08277e-07 3.16735e-07 4.56716e-07 6.22109e-07 7.89592e-07 9.15726e-07 9.56916e-07 8.98728e-07 7.65472e-07 5.99258e-07 4.36955e-07 3.0068e-07 1.97672e-07 1.25729e-07 7.8346e-08 4.84116e-08 3.00001e-08 1.88283e-08 1.20602e-08 7.92016e-09 5.33645e-09 3.67722e-09 2.57535e-09 1.81886e-09 1.28457e-09 8.98582e-10 6.12714e-10 3.90884e-10 2.01559e-10 2.01559e-10 
3.77013e-12 2.20766e-11 4.45523e-11 6.52995e-11 8.84124e-11 1.20404e-10 1.70467e-10 2.50516e-10 3.76211e-10 5.70026e-10 8.66371e-10 1.31964e-09 2.01735e-09 3.10281e-09 4.81755e-09 7.59129e-09 1.22458e-08 2.04127e-08 3.51884e-08 6.17588e-08 1.07433e-07 1.80536e-07 2.89011e-07 4.3856e-07 6.29475e-07 8.44169e-07 1.03512e-06 1.13842e-06 1.11568e-06 9.83215e-07 7.90568e-07 5.88543e-07 4.11738e-07 2.74216e-07 1.7621e-07 1.10698e-07 6.88521e-08 4.29019e-08 2.70597e-08 1.74196e-08 1.15032e-08 7.79982e-09 5.41302e-09 3.82001e-09 2.7189e-09 1.9352e-09 1.36573e-09 9.45167e-10 6.26429e-10 3.69639e-10 1.41353e-10 
1.43782e-11 4.47985e-11 7.30879e-11 1.01003e-10 1.35012e-10 1.84563e-10 2.62523e-10 3.85172e-10 5.74079e-10 8.60398e-10 1.2918e-09 1.94345e-09 2.936e-09 4.46622e-09 6.86353e-09 1.07104e-08 1.71257e-08 2.83629e-08 4.87461e-08 8.54878e-08 1.48641e-07 2.49536e-07 3.99403e-07 6.05135e-07 8.59672e-07 1.11904e-06 1.30296e-06 1.34048e-06 1.22769e-06 1.01659e-06 7.73676e-07 5.50874e-07 3.72091e-07 2.41935e-07 1.53514e-07 9.63098e-08 6.04697e-08 3.84077e-08 2.48946e-08 1.65579e-08 1.13156e-08 7.92016e-09 5.6394e-09 4.04964e-09 2.90695e-09 2.06882e-09 1.44725e-09 9.80852e-10 6.19246e-10 3.15258e-10 3.15258e-10 
6.78099e-12 3.91087e-11 7.87513e-11 1.15117e-10 1.54169e-10 2.05246e-10 2.81868e-10 4.01706e-10 5.86791e-10 8.66371e-10 1.28273e-09 1.90056e-09 2.82215e-09 4.21285e-09 6.34446e-09 9.67343e-09 1.50032e-08 2.3872e-08 3.93918e-08 6.75644e-08 1.18386e-07 2.05845e-07 3.45536e-07 5.52987e-07 8.31805e-07 1.15262e-06 1.42884e-06 1.55496e-06 1.49069e-06 1.27648e-06 9.94897e-07 7.21232e-07 4.93876e-07 3.24985e-07 2.08489e-07 1.32153e-07 8.37848e-08 5.37087e-08 3.51258e-08 2.35772e-08 1.62684e-08 1.15032e-08 8.27667e-09 6.00473e-09 4.35196e-09 3.12467e-09 2.20593e-09 1.51665e-09 9.93487e-10 5.77552e-10 2.17626e-10 
2.5398e-11 7.87451e-11 1.28631e-10 1.77178e-10 2.33478e-10 3.10908e-10 4.28459e-10 6.10027e-10 8.8492e-10 1.2918e-09 1.88641e-09 2.7544e-09 4.03327e-09 5.95062e-09 8.8908e-09 1.35099e-08 2.09546e-08 3.33788e-08 5.50946e-08 9.44231e-08 1.65259e-07 2.87125e-07 4.80993e-07 7.65738e-07 1.12883e-06 1.49645e-06 1.73324e-06 1.75299e-06 1.56331e-06 1.25346e-06 9.27253e-07 6.43016e-07 4.27536e-07 2.77091e-07 1.77536e-07 1.13835e-07 7.38054e-08 4.88166e-08 3.31407e-08 2.31358e-08 1.65579e-08 1.20602e-08 8.85424e-09 6.4882e-09 4.70441e-09 3.35103e-09 2.32847e-09 1.55826e-09 9.67553e-10 4.8356e-10 4.8356e-10 
1.19117e-11 6.8192e-11 1.37704e-10 2.01899e-10 2.69073e-10 3.51819e-10 4.69219e-10 6.47469e-10 9.18312e-10 1.31964e-09 1.90056e-09 2.73177e-09 3.92376e-09 5.66063e-09 8.26261e-09 1.22968e-08 1.87526e-08 2.93189e-08 4.70336e-08 7.78553e-08 1.33255e-07 2.32422e-07 4.02989e-07 6.71748e-07 1.05659e-06 1.5011e-06 1.85743e-06 1.9881e-06 1.85625e-06 1.54368e-06 1.17193e-06 8.24415e-07 5.53083e-07 3.6112e-07 2.33451e-07 1.51399e-07 9.94306e-08 6.66582e-08 4.58777e-08 3.24778e-08 2.35772e-08 1.74196e-08 1.29664e-08 9.62287e-09 7.05575e-09 5.07458e-09 3.55877e-09 2.41461e-09 1.55355e-09 8.84638e-10 3.26926e-10 
4.38999e-11 1.36261e-10 2.24177e-10 3.09909e-10 4.05378e-10 5.2807e-10 7.04916e-10 9.71455e-10 1.36874e-09 1.94345e-09 2.7544e-09 3.88677e-09 5.47999e-09 7.784e-09 1.12684e-08 1.68111e-08 2.59499e-08 4.11474e-08 6.65357e-08 1.10103e-07 1.87547e-07 3.26809e-07 5.69365e-07 9.47216e-07 1.45401e-06 1.92328e-06 2.1811e-06 2.13088e-06 1.85057e-06 1.45394e-06 1.04142e-06 7.06766e-07 4.63892e-07 3.0129e-07 1.97133e-07 1.31124e-07 8.92314e-08 6.23982e-08 4.48999e-08 3.31407e-08 2.48946e-08 1.88283e-08 1.41797e-08 1.05318e-08 7.65736e-09 5.42021e-09 3.71561e-09 2.44001e-09 1.4815e-09 7.23039e-10 7.23039e-10 
2.03446e-11 1.16449e-10 2.3719e-10 3.5127e-10 4.69643e-10 6.07524e-10 7.89423e-10 1.05291e-09 1.44529e-09 2.01735e-09 2.82215e-09 3.92376e-09 5.41841e-09 7.48069e-09 1.04637e-08 1.50905e-08 2.27503e-08 3.57671e-08 5.73908e-08 9.25516e-08 1.51758e-07 2.59667e-07 4.62549e-07 8.29585e-07 1.36474e-06 1.94044e-06 2.32015e-06 2.38772e-06 2.17001e-06 1.77015e-06 1.29842e-06 8.93792e-07 5.90159e-07 3.83715e-07 2.52069e-07 1.69326e-07 1.16948e-07 8.32089e-08 6.09873e-08 4.58777e-08 3.51258e-08 2.70597e-08 2.07272e-08 1.56259e-08 1.15042e-08 8.22687e-09 5.69168e-09 3.78711e-09 2.37969e-09 1.32043e-09 4.76553e-10 
7.39091e-11 2.30999e-10 3.85295e-10 5.38983e-10 7.06219e-10 9.06535e-10 1.17431e-09 1.56151e-09 2.12938e-09 2.936e-09 4.03327e-09 5.47999e-09 7.37658e-09 9.94719e-09 1.37205e-08 1.98342e-08 3.03896e-08 4.84609e-08 7.71955e-08 1.21416e-07 1.99745e-07 3.64771e-07 7.01047e-07 1.2873e-06 1.95139e-06 2.4513e-06 2.64377e-06 2.54018e-06 2.13239e-06 1.60705e-06 1.12592e-06 7.45235e-07 4.83683e-07 3.18113e-07 2.14779e-07 1.50153e-07 1.08672e-07 8.12253e-08 6.23982e-08 4.88166e-08 3.84077e-08 3.00001e-08 2.301e-08 1.71884e-08 1.24366e-08 8.68622e-09 5.83734e-09 3.74049e-09 2.2097e-09 1.04822e-09 1.04822e-09 
3.3687e-11 1.93812e-10 4.00487e-10 6.03633e-10 8.17207e-10 1.05629e-09 1.34645e-09 1.73598e-09 2.29619e-09 3.10281e-09 4.21285e-09 5.66063e-09 7.48069e-09 9.76894e-09 1.28324e-08 1.74953e-08 2.54483e-08 3.93515e-08 6.19569e-08 9.39944e-08 1.45197e-07 2.73596e-07 6.0686e-07 1.20709e-06 2.05457e-06 2.67172e-06 2.99676e-06 2.97288e-06 2.56636e-06 2.00605e-06 1.42826e-06 9.42519e-07 6.03879e-07 3.96618e-07 2.68708e-07 1.89455e-07 1.39117e-07 1.05965e-07 8.32089e-08 6.66582e-08 5.37087e-08 4.29019e-08 3.35682e-08 2.55024e-08 1.87055e-08 1.32047e-08 8.95486e-09 5.81069e-09 3.54872e-09 1.91036e-09 6.70792e-10 
1.20726e-10 3.81722e-10 6.49676e-10 9.27463e-10 1.23004e-09 1.57242e-09 1.98846e-09 2.54668e-09 3.34384e-09 4.46622e-09 5.95062e-09 7.784e-09 9.94719e-09 1.25242e-08 1.59645e-08 2.15009e-08 3.10982e-08 4.65282e-08 6.74266e-08 9.69211e-08 2.03754e-07 5.3076e-07 1.23033e-06 2.18355e-06 2.98717e-06 3.46216e-06 3.54e-06 3.09384e-06 2.5768e-06 1.854e-06 1.2145e-06 7.54446e-07 4.90248e-07 3.31388e-07 2.35746e-07 1.75152e-07 1.35544e-07 1.08672e-07 8.92314e-08 7.38054e-08 6.04697e-08 4.84116e-08 3.75081e-08 2.79542e-08 1.99799e-08 1.36804e-08 8.96278e-09 5.57787e-09 3.19301e-09 1.46653e-09 1.46653e-09 
5.4001e-11 3.12931e-10 6.59311e-10 1.01861e-09 1.40954e-09 1.8416e-09 2.32836e-09 2.91568e-09 3.70246e-09 4.81755e-09 6.34446e-09 8.26261e-09 1.04637e-08 1.28324e-08 1.54289e-08 1.88868e-08 2.4652e-08 3.31728e-08 4.13062e-08 5.41835e-08 1.64755e-07 5.17736e-07 1.22739e-06 2.40314e-06 3.18924e-06 3.88925e-06 4.12181e-06 3.81541e-06 3.42197e-06 2.46333e-06 1.63894e-06 9.66829e-07 6.13597e-07 4.06996e-07 2.89068e-07 2.17611e-07 1.70584e-07 1.39117e-07 1.16948e-07 9.94306e-08 8.37848e-08 6.88521e-08 5.45702e-08 4.14377e-08 3.00531e-08 2.08053e-08 1.37535e-08 8.66343e-09 5.12288e-09 2.66652e-09 9.08138e-10 
1.90716e-10 6.11822e-10 1.06843e-09 1.56862e-09 2.12769e-09 2.74337e-09 3.42523e-09 4.23845e-09 5.32912e-09 6.86353e-09 8.8908e-09 1.12684e-08 1.37205e-08 1.59645e-08 1.79581e-08 2.03208e-08 2.34198e-08 2.08323e-08 2.88022e-08 1.63039e-07 5.28185e-07 1.29072e-06 2.50966e-06 3.72054e-06 4.66725e-06 5.33342e-06 5.18737e-06 4.65291e-06 3.23248e-06 2.32381e-06 1.31153e-06 8.15905e-07 5.13497e-07 3.5583e-07 2.66665e-07 2.11935e-07 1.75152e-07 1.50153e-07 1.31124e-07 1.13835e-07 9.63098e-08 7.8346e-08 6.08029e-08 4.4866e-08 3.14665e-08 2.10042e-08 1.3355e-08 8.043e-09 4.44853e-09 1.97256e-09 1.97256e-09 
8.38283e-11 4.88228e-10 1.05265e-09 1.67683e-09 2.39161e-09 3.19504e-09 4.06309e-09 4.99814e-09 6.10039e-09 7.59129e-09 9.67343e-09 1.22968e-08 1.50905e-08 1.74953e-08 1.88868e-08 1.87322e-08 1.67866e-08 8.78132e-09 3.789e-08 1.84348e-07 5.61523e-07 1.35096e-06 2.93702e-06 4.81401e-06 5.86452e-06 6.8701e-06 7.28407e-06 6.95637e-06 5.06373e-06 3.61683e-06 1.97363e-06 1.21563e-06 6.98668e-07 4.53089e-07 3.3015e-07 2.59849e-07 2.17611e-07 1.89455e-07 1.69326e-07 1.51399e-07 1.32153e-07 1.10698e-07 8.81038e-08 6.63469e-08 4.72593e-08 3.19054e-08 2.04677e-08 1.24723e-08 7.12265e-09 3.57723e-09 1.17901e-09 
2.9081e-10 9.47077e-10 1.70377e-09 2.58835e-09 3.6234e-09 4.77306e-09 5.97473e-09 7.22306e-09 8.68737e-09 1.07104e-08 1.35099e-08 1.68111e-08 1.98342e-08 2.15009e-08 2.03208e-08 1.41294e-08 5.07349e-09 4.68708e-08 2.00255e-07 6.02063e-07 1.58026e-06 3.30711e-06 4.98881e-06 6.51796e-06 7.62678e-06 8.20489e-06 7.72165e-06 6.70575e-06 6.15968e-06 3.44384e-06 2.03305e-06 1.04464e-06 6.19297e-07 4.23074e-07 3.22529e-07 2.66665e-07 2.35746e-07 2.14779e-07 1.97133e-07 1.77536e-07 1.53514e-07 1.25729e-07 9.69582e-08 7.03524e-08 4.81457e-08 3.11914e-08 1.91824e-08 1.11537e-08 5.95159e-09 2.54369e-09 2.54369e-09 
1.2627e-10 7.34023e-10 1.6225e-09 2.67569e-09 3.95876e-09 5.46174e-09 7.08722e-09 8.70885e-09 1.03249e-08 1.22458e-08 1.50032e-08 1.87526e-08 2.27503e-08 2.54483e-08 2.4652e-08 1.67866e-08 4.97601e-09 5.68728e-08 1.95463e-07 6.45078e-07 1.82639e-06 3.21759e-06 5.11712e-06 6.72297e-06 8.08854e-06 8.84042e-06 8.72615e-06 8.04938e-06 7.15224e-06 5.25304e-06 3.71784e-06 1.85778e-06 9.39352e-07 5.80011e-07 4.14468e-07 3.3015e-07 2.89068e-07 2.68708e-07 2.52069e-07 2.33451e-07 2.08489e-07 1.7621e-07 1.39651e-07 1.03571e-07 7.20514e-08 4.72278e-08 2.93043e-08 1.72374e-08 9.49646e-09 4.59926e-09 1.46519e-09 
4.27914e-10 1.41166e-09 2.62151e-09 4.13758e-09 6.0186e-09 8.18956e-09 1.04445e-08 1.25628e-08 1.45922e-08 1.71257e-08 2.09546e-08 2.59499e-08 3.03896e-08 3.10982e-08 2.34198e-08 5.07349e-09 6.07462e-08 2.07239e-07 5.81463e-07 1.93632e-06 3.3299e-06 4.85887e-06 6.68807e-06 8.08427e-06 9.07957e-06 9.33745e-06 8.98717e-06 8.18307e-06 6.60558e-06 4.78603e-06 3.31347e-06 1.66483e-06 8.85902e-07 5.72209e-07 4.23074e-07 3.5583e-07 3.31388e-07 3.18113e-07 3.0129e-07 2.77091e-07 2.41935e-07 1.97672e-07 1.50391e-07 1.06704e-07 7.09452e-08 4.44647e-08 2.63947e-08 1.48052e-08 7.62265e-09 3.13954e-09 3.13954e-09 
1.85178e-10 1.06231e-09 2.40663e-09 4.1165e-09 6.34323e-09 9.10414e-09 1.22027e-08 1.52514e-08 1.79127e-08 2.04127e-08 2.3872e-08 2.93189e-08 3.57671e-08 3.93515e-08 3.31728e-08 8.78132e-09 5.68728e-08 2.1708e-07 6.608e-07 1.79177e-06 3.33426e-06 4.78475e-06 6.23727e-06 7.75848e-06 8.86789e-06 9.46214e-06 9.45054e-06 8.96807e-06 7.83234e-06 6.1815e-06 4.66095e-06 2.93863e-06 1.55418e-06 8.71161e-07 5.80011e-07 4.53089e-07 4.06996e-07 3.96618e-07 3.83715e-07 3.6112e-07 3.24985e-07 2.74216e-07 2.14755e-07 1.55975e-07 1.05523e-07 6.69441e-08 4.00973e-08 2.27531e-08 1.21002e-08 5.65725e-09 1.74179e-09 
6.08533e-10 2.02359e-09 3.87886e-09 6.37068e-09 9.6683e-09 1.3697e-08 1.8041e-08 2.20303e-08 2.52383e-08 2.83629e-08 3.33788e-08 4.11474e-08 4.84609e-08 4.65282e-08 2.08323e-08 4.68708e-08 2.07239e-07 7.63234e-07 1.79664e-06 3.12344e-06 4.57867e-06 5.89758e-06 7.1783e-06 8.37007e-06 9.16501e-06 9.48776e-06 9.33522e-06 8.64408e-06 7.41609e-06 6.00371e-06 4.38462e-06 2.75185e-06 1.52314e-06 8.85902e-07 6.19297e-07 5.13497e-07 4.90248e-07 4.83683e-07 4.63892e-07 4.27536e-07 3.72091e-07 3.0068e-07 2.24372e-07 1.55023e-07 9.9834e-08 6.04178e-08 3.46008e-08 1.87404e-08 9.32781e-09 3.70683e-09 3.70683e-09 
2.65296e-10 1.48115e-09 3.43082e-09 6.08452e-09 9.77827e-09 1.46606e-08 2.04709e-08 2.64178e-08 3.14389e-08 3.51884e-08 3.93918e-08 4.70336e-08 5.73908e-08 6.19569e-08 4.13062e-08 3.789e-08 1.95463e-07 6.608e-07 1.7959e-06 2.93977e-06 4.23396e-06 5.54036e-06 6.6727e-06 7.72878e-06 8.62474e-06 9.17364e-06 9.33023e-06 9.02651e-06 8.23884e-06 7.14243e-06 5.76402e-06 4.23247e-06 2.69139e-06 1.55418e-06 9.39352e-07 6.98668e-07 6.13597e-07 6.03879e-07 5.90159e-07 5.53083e-07 4.93876e-07 4.11738e-07 3.16617e-07 2.24279e-07 1.47134e-07 9.01821e-08 5.21248e-08 2.85683e-08 1.47019e-08 6.65336e-09 1.98154e-09 
8.388e-10 2.79174e-09 5.5119e-09 9.41324e-09 1.49217e-08 2.21028e-08 3.0342e-08 3.82465e-08 4.4309e-08 4.87461e-08 5.50946e-08 6.65357e-08 7.71955e-08 6.74266e-08 2.88022e-08 2.00255e-07 5.81463e-07 1.79664e-06 2.87588e-06 3.96836e-06 5.14271e-06 6.21841e-06 7.16095e-06 8.01044e-06 8.67716e-06 9.04634e-06 9.05946e-06 8.66026e-06 7.92019e-06 6.89264e-06 5.61085e-06 4.17994e-06 2.75185e-06 1.66483e-06 1.04464e-06 8.15905e-07 7.54446e-07 7.45235e-07 7.06766e-07 6.43016e-07 5.50874e-07 4.36955e-07 3.1848e-07 2.13687e-07 1.33078e-07 7.77529e-08 4.30237e-08 2.25661e-08 1.08977e-08 4.18885e-09 4.18885e-09 
3.72e-10 1.99453e-09 4.70425e-09 8.62953e-09 1.44468e-08 2.26476e-08 3.30853e-08 4.45127e-08 5.46651e-08 6.17588e-08 6.75644e-08 7.78553e-08 9.25516e-08 9.39944e-08 5.41835e-08 1.84348e-07 6.45078e-07 1.79177e-06 2.93977e-06 3.88286e-06 4.84809e-06 5.81486e-06 6.6767e-06 7.45679e-06 8.13359e-06 8.62108e-06 8.84542e-06 8.75569e-06 8.35155e-06 7.66693e-06 6.72887e-06 5.55679e-06 4.23247e-06 2.93863e-06 1.85778e-06 1.21563e-06 9.66829e-07 9.42519e-07 8.93792e-07 8.24415e-07 7.21232e-07 5.88543e-07 4.4237e-07 3.04796e-07 1.93624e-07 1.14667e-07 6.40719e-08 3.40299e-08 1.70188e-08 7.48526e-09 2.15998e-09 
1.12444e-09 3.71591e-09 7.52928e-09 1.33329e-08 2.20418e-08 3.4159e-08 4.90768e-08 6.45019e-08 7.70937e-08 8.54878e-08 9.44231e-08 1.10103e-07 1.21416e-07 9.69211e-08 1.63039e-07 6.02063e-07 1.93632e-06 3.12344e-06 3.96836e-06 4.7452e-06 5.53988e-06 6.28452e-06 6.9932e-06 7.63635e-06 8.15962e-06 8.5069e-06 8.62288e-06 8.49385e-06 8.11627e-06 7.51106e-06 6.6725e-06 5.61085e-06 4.38462e-06 3.31347e-06 2.03305e-06 1.31153e-06 1.2145e-06 1.12592e-06 1.04142e-06 9.27253e-07 7.73676e-07 5.99258e-07 4.25391e-07 2.7685e-07 1.6679e-07 9.4289e-08 5.06007e-08 2.58245e-08 1.21609e-08 4.53647e-09 4.53647e-09 
5.10269e-10 2.60303e-09 6.22055e-09 1.1758e-08 2.04389e-08 3.34363e-08 5.11164e-08 7.19781e-08 9.21667e-08 1.07433e-07 1.18386e-07 1.33255e-07 1.51758e-07 1.45197e-07 1.64755e-07 5.61523e-07 1.82639e-06 3.33426e-06 4.23396e-06 4.84809e-06 5.44599e-06 6.03014e-06 6.63274e-06 7.22017e-06 7.73291e-06 8.13104e-06 8.37024e-06 8.42601e-06 8.2959e-06 7.97455e-06 7.45705e-06 6.72887e-06 5.76402e-06 4.66095e-06 3.71784e-06 1.97363e-06 1.63894e-06 1.42826e-06 1.29842e-06 1.17193e-06 9.94897e-07 7.90568e-07 5.78772e-07 3.87507e-07 2.38532e-07 1.36858e-07 7.42482e-08 3.84186e-08 1.87785e-08 8.06684e-09 2.25997e-09 
1.46979e-09 4.78899e-09 9.91545e-09 1.81306e-08 3.1145e-08 5.03764e-08 7.57263e-08 1.04141e-07 1.29797e-07 1.48641e-07 1.65259e-07 1.87547e-07 1.99745e-07 2.03754e-07 5.28185e-07 1.58026e-06 3.3299e-06 4.57867e-06 5.14271e-06 5.53988e-06 5.94349e-06 6.40296e-06 6.90221e-06 7.37578e-06 7.77648e-06 8.07554e-06 8.24548e-06 8.27744e-06 8.1763e-06 7.92772e-06 7.51106e-06 6.89264e-06 6.00371e-06 4.78603e-06 3.44384e-06 2.32381e-06 1.854e-06 1.60705e-06 1.45394e-06 1.25346e-06 1.01659e-06 7.65472e-07 5.28742e-07 3.34112e-07 1.95373e-07 1.07404e-07 5.62347e-08 2.81024e-08 1.2981e-08 4.71707e-09 4.71707e-09 
6.83006e-10 3.30376e-09 7.9621e-09 1.54401e-08 2.77442e-08 4.71711e-08 7.52445e-08 1.1079e-07 1.48393e-07 1.80536e-07 2.05845e-07 2.32422e-07 2.59667e-07 2.73596e-07 5.17736e-07 1.35096e-06 3.21759e-06 4.78475e-06 5.54036e-06 5.81486e-06 6.03014e-06 6.32445e-06 6.70063e-06 7.10545e-06 7.47842e-06 7.79065e-06 8.01977e-06 8.15058e-06 8.18712e-06 8.13655e-06 7.97455e-06 7.66693e-06 7.14243e-06 6.1815e-06 5.25304e-06 3.61683e-06 2.46333e-06 2.00605e-06 1.77015e-06 1.54368e-06 1.27648e-06 9.83215e-07 7.0052e-07 4.56317e-07 2.73292e-07 1.52814e-07 8.10366e-08 4.1135e-08 1.97816e-08 8.34443e-09 2.27404e-09 
1.87536e-09 5.99745e-09 1.26375e-08 2.37541e-08 4.21984e-08 7.09215e-08 1.11158e-07 1.59708e-07 2.08277e-07 2.49536e-07 2.87125e-07 3.26809e-07 3.64771e-07 5.3076e-07 1.29072e-06 3.30711e-06 4.85887e-06 5.89758e-06 6.21841e-06 6.28452e-06 6.40296e-06 6.63114e-06 6.93512e-06 7.25321e-06 7.54829e-06 7.79398e-06 7.97643e-06 8.09315e-06 8.15732e-06 8.1763e-06 8.11627e-06 7.92019e-06 7.41609e-06 6.60558e-06 6.15968e-06 3.23248e-06 2.5768e-06 2.13239e-06 1.85057e-06 1.56331e-06 1.22769e-06 8.98728e-07 6.04834e-07 3.72904e-07 2.13137e-07 1.14816e-07 5.9103e-08 2.91314e-08 1.32833e-08 4.71908e-09 4.71908e-09 
8.89325e-10 4.08746e-09 9.90002e-09 1.96188e-08 3.62716e-08 6.37736e-08 1.05636e-07 1.62005e-07 2.26565e-07 2.89011e-07 3.45536e-07 4.02989e-07 4.62549e-07 6.0686e-07 1.22739e-06 2.93702e-06 5.11712e-06 6.23727e-06 6.6727e-06 6.6767e-06 6.63274e-06 6.70063e-06 6.87639e-06 7.11154e-06 7.36402e-06 7.59825e-06 7.79452e-06 7.95048e-06 8.0745e-06 8.18712e-06 8.2959e-06 8.35155e-06 8.23884e-06 7.83234e-06 7.15224e-06 5.06373e-06 3.42197e-06 2.56636e-06 2.17001e-06 1.85625e-06 1.49069e-06 1.11568e-06 7.74835e-07 4.93819e-07 2.90151e-07 1.59509e-07 8.33898e-08 4.1856e-08 1.99424e-08 8.30413e-09 2.20456e-09 
2.33458e-09 7.31659e-09 1.56416e-08 3.01024e-08 5.50384e-08 9.56195e-08 1.55479e-07 2.32442e-07 3.16735e-07 3.99403e-07 4.80993e-07 5.69365e-07 7.01047e-07 1.23033e-06 2.50966e-06 4.98881e-06 6.68807e-06 7.1783e-06 7.16095e-06 6.9932e-06 6.90221e-06 6.93512e-06 7.06278e-06 7.2478e-06 7.44793e-06 7.63323e-06 7.79536e-06 7.94218e-06 8.09315e-06 8.27744e-06 8.49385e-06 8.66026e-06 8.64408e-06 8.18307e-06 6.70575e-06 4.65291e-06 3.09384e-06 2.54018e-06 2.13088e-06 1.75299e-06 1.34048e-06 9.56916e-07 6.31425e-07 3.83559e-07 2.16446e-07 1.1535e-07 5.8885e-08 2.88449e-08 1.30643e-08 4.55156e-09 4.55156e-09 
1.12346e-09 4.93345e-09 1.19841e-08 2.41934e-08 4.5834e-08 8.29309e-08 1.41899e-07 2.25529e-07 3.28125e-07 4.3856e-07 5.52987e-07 6.71748e-07 8.29585e-07 1.20709e-06 2.40314e-06 4.81401e-06 6.72297e-06 7.75848e-06 7.72878e-06 7.45679e-06 7.22017e-06 7.10545e-06 7.11154e-06 7.20778e-06 7.35267e-06 7.50781e-06 7.65495e-06 7.79584e-06 7.95048e-06 8.15058e-06 8.42601e-06 8.75569e-06 9.02651e-06 8.96807e-06 8.04938e-06 6.95637e-06 3.81541e-06 2.97288e-06 2.38772e-06 1.9881e-06 1.55496e-06 1.13842e-06 7.76343e-07 4.89629e-07 2.85492e-07 1.55948e-07 8.11365e-08 4.06003e-08 1.92967e-08 7.96984e-09 2.06217e-09 
2.83127e-09 8.70154e-09 1.88303e-08 3.69811e-08 6.92949e-08 1.2383e-07 2.07801e-07 3.21718e-07 4.56716e-07 6.05135e-07 7.65738e-07 9.47216e-07 1.2873e-06 2.18355e-06 3.72054e-06 6.51796e-06 8.08427e-06 8.37007e-06 8.01044e-06 7.63635e-06 7.37578e-06 7.25321e-06 7.2478e-06 7.3198e-06 7.42787e-06 7.54456e-06 7.6623e-06 7.79536e-06 7.97643e-06 8.24548e-06 8.62288e-06 9.05946e-06 9.33522e-06 8.98717e-06 7.72165e-06 5.18737e-06 3.54e-06 2.64377e-06 2.1811e-06 1.73324e-06 1.30296e-06 9.15726e-07 6.00428e-07 3.64018e-07 2.05192e-07 1.09293e-07 5.58167e-08 2.73728e-08 1.23842e-08 4.24034e-09 4.24034e-09 
1.37458e-09 5.80503e-09 1.41259e-08 2.89735e-08 5.60395e-08 1.03875e-07 1.82663e-07 2.99328e-07 4.51028e-07 6.29475e-07 8.31805e-07 1.05659e-06 1.36474e-06 2.05457e-06 3.18924e-06 5.86452e-06 8.08854e-06 8.86789e-06 8.62474e-06 8.13359e-06 7.73291e-06 7.47842e-06 7.36402e-06 7.35267e-06 7.40023e-06 7.47383e-06 7.55685e-06 7.65495e-06 7.79452e-06 8.01977e-06 8.37024e-06 8.84542e-06 9.33023e-06 9.45054e-06 8.72615e-06 7.28407e-06 4.12181e-06 2.99676e-06 2.32015e-06 1.85743e-06 1.42884e-06 1.03512e-06 7.04591e-07 4.46167e-07 2.6143e-07 1.43447e-07 7.4967e-08 3.76889e-08 1.79798e-08 7.39451e-09 1.86327e-09 
3.33893e-09 1.00792e-08 2.20325e-08 4.40118e-08 8.41626e-08 1.53929e-07 2.65152e-07 4.22882e-07 6.22109e-07 8.59672e-07 1.12883e-06 1.45401e-06 1.95139e-06 2.98717e-06 4.66725e-06 7.62678e-06 9.07957e-06 9.16501e-06 8.67716e-06 8.15962e-06 7.77648e-06 7.54829e-06 7.44793e-06 7.42787e-06 7.44934e-06 7.48916e-06 7.54456e-06 7.63323e-06 7.79398e-06 8.07554e-06 8.5069e-06 9.04634e-06 9.48776e-06 9.33745e-06 8.20489e-06 5.33342e-06 3.46216e-06 2.4513e-06 1.92328e-06 1.49645e-06 1.11904e-06 7.89592e-07 5.23124e-07 3.20778e-07 1.82659e-07 9.81785e-08 5.0568e-08 2.4989e-08 1.13475e-08 3.82224e-09 3.82224e-09 
1.62737e-09 6.64809e-09 1.61864e-08 3.36296e-08 6.61369e-08 1.2496e-07 2.24546e-07 3.77096e-07 5.84751e-07 8.44169e-07 1.15262e-06 1.5011e-06 1.94044e-06 2.67172e-06 3.88925e-06 6.8701e-06 8.84042e-06 9.46214e-06 9.17364e-06 8.62108e-06 8.13104e-06 7.79065e-06 7.59825e-06 7.50781e-06 7.47383e-06 7.4657e-06 7.47383e-06 7.50781e-06 7.59825e-06 7.79065e-06 8.13104e-06 8.62108e-06 9.17364e-06 9.46214e-06 8.84042e-06 6.8701e-06 3.88925e-06 2.67172e-06 1.94044e-06 1.5011e-06 1.15262e-06 8.44169e-07 5.84751e-07 3.77096e-07 2.24546e-07 1.2496e-07 6.61369e-08 3.36296e-08 1.61864e-08 6.64809e-09 1.62737e-09 
3.82224e-09 1.13475e-08 2.4989e-08 5.0568e-08 9.81785e-08 1.82659e-07 3.20778e-07 5.23124e-07 7.89592e-07 1.11904e-06 1.49645e-06 1.92328e-06 2.4513e-06 3.46216e-06 5.33342e-06 8.20489e-06 9.33745e-06 9.48776e-06 9.04634e-06 8.5069e-06 8.07554e-06 7.79398e-06 7.63323e-06 7.54456e-06 7.48916e-06 7.44934e-06 7.42787e-06 7.44793e-06 7.54829e-06 7.77648e-06 8.15962e-06 8.67716e-06 9.16501e-06 9.07957e-06 7.62678e-06 4.66725e-06 2.98717e-06 1.95139e-06 1.45401e-06 1.12883e-06 8.59672e-07 6.22109e-07 4.22882e-07 2.65152e-07 1.53929e-07 8.41626e-08 4.40118e-08 2.20325e-08 1.00792e-08 3.33893e-09 3.33893e-09 
1.86327e-09 7.39451e-09 1.79798e-08 3.76889e-08 7.4967e-08 1.43447e-07 2.6143e-07 4.46167e-07 7.04591e-07 1.03512e-06 1.42884e-06 1.85743e-06 2.32015e-06 2.99676e-06 4.12181e-06 7.28407e-06 8.72615e-06 9.45054e-06 9.33023e-06 8.84542e-06 8.37024e-06 8.01977e-06 7.79452e-06 7.65495e-06 7.55685e-06 7.47383e-06 7.40023e-06 7.35267e-06 7.36402e-06 7.47842e-06 7.73291e-06 8.13359e-06 8.62474e-06 8.86789e-06 8.08854e-06 5.86452e-06 3.18924e-06 2.05457e-06 1.36474e-06 1.05659e-06 8.31805e-07 6.29475e-07 4.51028e-07 2.99328e-07 1.82663e-07 1.03875e-07 5.60395e-08 2.89735e-08 1.41259e-08 5.80503e-09 1.37458e-09 
4.24034e-09 1.23842e-08 2.73728e-08 5.58167e-08 1.09293e-07 2.05192e-07 3.64018e-07 6.00428e-07 9.15726e-07 1.30296e-06 1.73324e-06 2.1811e-06 2.64377e-06 3.54e-06 5.18737e-06 7.72165e-06 8.98717e-06 9.33522e-06 9.05946e-06 8.62288e-06 8.24548e-06 7.97643e-06 7.79536e-06 7.6623e-06 7.54456e-06 7.42787e-06 7.3198e-06 7.2478e-06 7.25321e-06 7.37578e-06 7.63635e-06 8.01044e-06 8.37007e-06 8.08427e-06 6.51796e-06 3.72054e-06 2.18355e-06 1.2873e-06 9.47216e-07 7.65738e-07 6.05135e-07 4.56716e-07 3.21718e-07 2.07801e-07 1.2383e-07 6.92949e-08 3.69811e-08 1.88303e-08 8.70154e-09 2.83127e-09 2.83127e-09 
2.06217e-09 7.96984e-09 1.92967e-08 4.06003e-08 8.11365e-08 1.55948e-07 2.85492e-07 4.89629e-07 7.76343e-07 1.13842e-06 1.55496e-06 1.9881e-06 2.38772e-06 2.97288e-06 3.81541e-06 6.95637e-06 8.04938e-06 8.96807e-06 9.02651e-06 8.75569e-06 8.42601e-06 8.15058e-06 7.95048e-06 7.79584e-06 7.65495e-06 7.50781e-06 7.35267e-06 7.20778e-06 7.11154e-06 7.10545e-06 7.22017e-06 7.45679e-06 7.72878e-06 7.75848e-06 6.72297e-06 4.81401e-06 2.40314e-06 1.20709e-06 8.29585e-07 6.71748e-07 5.52987e-07 4.3856e-07 3.28125e-07 2.25529e-07 1.41899e-07 8.29309e-08 4.5834e-08 2.41934e-08 1.19841e-08 4.93345e-09 1.12346e-09 
4.55156e-09 1.30643e-08 2.88449e-08 5.8885e-08 1.1535e-07 2.16446e-07 3.83559e-07 6.31425e-07 9.56916e-07 1.34048e-06 1.75299e-06 2.13088e-06 2.54018e-06 3.09384e-06 4.65291e-06 6.70575e-06 8.18307e-06 8.64408e-06 8.66026e-06 8.49385e-06 8.27744e-06 8.09315e-06 7.94218e-06 7.79536e-06 7.63323e-06 7.44793e-06 7.2478e-06 7.06278e-06 6.93512e-06 6.90221e-06 6.9932e-06 7.16095e-06 7.1783e-06 6.68807e-06 4.98881e-06 2.50966e-06 1.23033e-06 7.01047e-07 5.69365e-07 4.80993e-07 3.99403e-07 3.16735e-07 2.32442e-07 1.55479e-07 9.56195e-08 5.50384e-08 3.01024e-08 1.56416e-08 7.31659e-09 2.33458e-09 2.33458e-09 
2.20456e-09 8.30413e-09 1.99424e-08 4.1856e-08 8.33898e-08 1.59509e-07 2.90151e-07 4.93819e-07 7.74835e-07 1.11568e-06 1.49069e-06 1.85625e-06 2.17001e-06 2.56636e-06 3.42197e-06 5.06373e-06 7.15224e-06 7.83234e-06 8.23884e-06 8.35155e-06 8.2959e-06 8.18712e-06 8.0745e-06 7.95048e-06 7.79452e-06 7.59825e-06 7.36402e-06 7.11154e-06 6.87639e-06 6.70063e-06 6.63274e-06 6.6767e-06 6.6727e-06 6.23727e-06 5.11712e-06 2.93702e-06 1.22739e-06 6.0686e-07 4.62549e-07 4.02989e-07 3.45536e-07 2.89011e-07 2.26565e-07 1.62005e-07 1.05636e-07 6.37736e-08 3.62716e-08 1.96188e-08 9.90002e-09 4.08746e-09 8.89325e-10 
4.71908e-09 1.32833e-08 2.91314e-08 5.9103e-08 1.14816e-07 2.13137e-07 3.72904e-07 6.04834e-07 8.98728e-07 1.22769e-06 1.56331e-06 1.85057e-06 2.13239e-06 2.5768e-06 3.23248e-06 6.15968e-06 6.60558e-06 7.41609e-06 7.92019e-06 8.11627e-06 8.1763e-06 8.15732e-06 8.09315e-06 7.97643e-06 7.79398e-06 7.54829e-06 7.25321e-06 6.93512e-06 6.63114e-06 6.40296e-06 6.28452e-06 6.21841e-06 5.89758e-06 4.85887e-06 3.30711e-06 1.29072e-06 5.3076e-07 3.64771e-07 3.26809e-07 2.87125e-07 2.49536e-07 2.08277e-07 1.59708e-07 1.11158e-07 7.09215e-08 4.21984e-08 2.37541e-08 1.26375e-08 5.99745e-09 1.87536e-09 1.87536e-09 
2.27404e-09 8.34443e-09 1.97816e-08 4.1135e-08 8.10366e-08 1.52814e-07 2.73292e-07 4.56317e-07 7.0052e-07 9.83215e-07 1.27648e-06 1.54368e-06 1.77015e-06 2.00605e-06 2.46333e-06 3.61683e-06 5.25304e-06 6.1815e-06 7.14243e-06 7.66693e-06 7.97455e-06 8.13655e-06 8.18712e-06 8.15058e-06 8.01977e-06 7.79065e-06 7.47842e-06 7.10545e-06 6.70063e-06 6.32445e-06 6.03014e-06 5.81486e-06 5.54036e-06 4.78475e-06 3.21759e-06 1.35096e-06 5.17736e-07 2.73596e-07 2.59667e-07 2.32422e-07 2.05845e-07 1.80536e-07 1.48393e-07 1.1079e-07 7.52445e-08 4.71711e-08 2.77442e-08 1.54401e-08 7.9621e-09 3.30376e-09 6.83006e-10 
4.71707e-09 1.2981e-08 2.81024e-08 5.62347e-08 1.07404e-07 1.95373e-07 3.34112e-07 5.28742e-07 7.65472e-07 1.01659e-06 1.25346e-06 1.45394e-06 1.60705e-06 1.854e-06 2.32381e-06 3.44384e-06 4.78603e-06 6.00371e-06 6.89264e-06 7.51106e-06 7.92772e-06 8.1763e-06 8.27744e-06 8.24548e-06 8.07554e-06 7.77648e-06 7.37578e-06 6.90221e-06 6.40296e-06 5.94349e-06 5.53988e-06 5.14271e-06 4.57867e-06 3.3299e-06 1.58026e-06 5.28185e-07 2.03754e-07 1.99745e-07 1.87547e-07 1.65259e-07 1.48641e-07 1.29797e-07 1.04141e-07 7.57263e-08 5.03764e-08 3.1145e-08 1.81306e-08 9.91545e-09 4.78899e-09 1.46979e-09 1.46979e-09 
2.25997e-09 8.06684e-09 1.87785e-08 3.84186e-08 7.42482e-08 1.36858e-07 2.38532e-07 3.87507e-07 5.78772e-07 7.90568e-07 9.94897e-07 1.17193e-06 1.29842e-06 1.42826e-06 1.63894e-06 1.97363e-06 3.71784e-06 4.66095e-06 5.76402e-06 6.72887e-06 7.45705e-06 7.97455e-06 8.2959e-06 8.42601e-06 8.37024e-06 8.13104e-06 7.73291e-06 7.22017e-06 6.63274e-06 6.03014e-06 5.44599e-06 4.84809e-06 4.23396e-06 3.33426e-06 1.82639e-06 5.61523e-07 1.64755e-07 1.45197e-07 1.51758e-07 1.33255e-07 1.18386e-07 1.07433e-07 9.21667e-08 7.19781e-08 5.11164e-08 3.34363e-08 2.04389e-08 1.1758e-08 6.22055e-09 2.60303e-09 5.10269e-10 
4.53647e-09 1.21609e-08 2.58245e-08 5.06007e-08 9.4289e-08 1.6679e-07 2.7685e-07 4.25391e-07 5.99258e-07 7.73676e-07 9.27253e-07 1.04142e-06 1.12592e-06 1.2145e-06 1.31153e-06 2.03305e-06 3.31347e-06 4.38462e-06 5.61085e-06 6.6725e-06 7.51106e-06 8.11627e-06 8.49385e-06 8.62288e-06 8.5069e-06 8.15962e-06 7.63635e-06 6.9932e-06 6.28452e-06 5.53988e-06 4.7452e-06 3.96836e-06 3.12344e-06 1.93632e-06 6.02063e-07 1.63039e-07 9.69211e-08 1.21416e-07 1.10102e-07 9.44231e-08 8.54878e-08 7.70937e-08 6.45019e-08 4.90768e-08 3.4159e-08 2.20418e-08 1.33329e-08 7.52928e-09 3.71591e-09 1.12444e-09 1.12444e-09 
2.15998e-09 7.48526e-09 1.70188e-08 3.40299e-08 6.40719e-08 1.14667e-07 1.93624e-07 3.04796e-07 4.4237e-07 5.88543e-07 7.21232e-07 8.24415e-07 8.93792e-07 9.42519e-07 9.66829e-07 1.21563e-06 1.85778e-06 2.93863e-06 4.23247e-06 5.55679e-06 6.72887e-06 7.66693e-06 8.35155e-06 8.75569e-06 8.84542e-06 8.62108e-06 8.13359e-06 7.45679e-06 6.6767e-06 5.81486e-06 4.84809e-06 3.88286e-06 2.93977e-06 1.79177e-06 6.45078e-07 1.84348e-07 5.41835e-08 9.39944e-08 9.25516e-08 7.78553e-08 6.75644e-08 6.17588e-08 5.46651e-08 4.45127e-08 3.30853e-08 2.26476e-08 1.44468e-08 8.62953e-09 4.70425e-09 1.99453e-09 3.72e-10 
4.18885e-09 1.08977e-08 2.25661e-08 4.30237e-08 7.77529e-08 1.33078e-07 2.13687e-07 3.1848e-07 4.36955e-07 5.50874e-07 6.43016e-07 7.06766e-07 7.45235e-07 7.54446e-07 8.15905e-07 1.04464e-06 1.66483e-06 2.75185e-06 4.17994e-06 5.61085e-06 6.89264e-06 7.92019e-06 8.66026e-06 9.05946e-06 9.04634e-06 8.67716e-06 8.01044e-06 7.16095e-06 6.21841e-06 5.14271e-06 3.96836e-06 2.87588e-06 1.79664e-06 5.81463e-07 2.00255e-07 2.88022e-08 6.74266e-08 7.71955e-08 6.65357e-08 5.50946e-08 4.87461e-08 4.4309e-08 3.82465e-08 3.0342e-08 2.21028e-08 1.49217e-08 9.41324e-09 5.5119e-09 2.79174e-09 8.388e-10 8.388e-10 
1.98154e-09 6.65336e-09 1.47019e-08 2.85683e-08 5.21248e-08 9.01821e-08 1.47134e-07 2.24279e-07 3.16617e-07 4.11738e-07 4.93876e-07 5.53083e-07 5.90159e-07 6.03879e-07 6.13597e-07 6.98668e-07 9.39352e-07 1.55418e-06 2.69139e-06 4.23247e-06 5.76402e-06 7.14243e-06 8.23884e-06 9.02651e-06 9.33023e-06 9.17364e-06 8.62474e-06 7.72878e-06 6.6727e-06 5.54036e-06 4.23396e-06 2.93977e-06 1.7959e-06 6.608e-07 1.95463e-07 3.789e-08 4.13062e-08 6.19569e-08 5.73908e-08 4.70336e-08 3.93918e-08 3.51884e-08 3.14389e-08 2.64178e-08 2.04709e-08 1.46606e-08 9.77827e-09 6.08452e-09 3.43082e-09 1.48115e-09 2.65296e-10 
3.70683e-09 9.32781e-09 1.87404e-08 3.46008e-08 6.04178e-08 9.9834e-08 1.55023e-07 2.24372e-07 3.0068e-07 3.72091e-07 4.27536e-07 4.63892e-07 4.83683e-07 4.90248e-07 5.13497e-07 6.19297e-07 8.85902e-07 1.52314e-06 2.75185e-06 4.38462e-06 6.00371e-06 7.41609e-06 8.64408e-06 9.33522e-06 9.48776e-06 9.16501e-06 8.37007e-06 7.1783e-06 5.89758e-06 4.57867e-06 3.12344e-06 1.79664e-06 7.63234e-07 2.07239e-07 4.68708e-08 2.08323e-08 4.65282e-08 4.84609e-08 4.11474e-08 3.33788e-08 2.83629e-08 2.52383e-08 2.20303e-08 1.8041e-08 1.3697e-08 9.6683e-09 6.37068e-09 3.87886e-09 2.02359e-09 6.08533e-10 6.08533e-10 
1.74179e-09 5.65725e-09 1.21002e-08 2.27531e-08 4.00973e-08 6.69441e-08 1.05523e-07 1.55975e-07 2.14755e-07 2.74216e-07 3.24985e-07 3.6112e-07 3.83715e-07 3.96618e-07 4.06996e-07 4.53089e-07 5.80011e-07 8.71161e-07 1.55418e-06 2.93863e-06 4.66095e-06 6.1815e-06 7.83234e-06 8.96807e-06 9.45054e-06 9.46214e-06 8.86789e-06 7.75848e-06 6.23727e-06 4.78475e-06 3.33426e-06 1.79177e-06 6.608e-07 2.1708e-07 5.68728e-08 8.78132e-09 3.31728e-08 3.93515e-08 3.57671e-08 2.93189e-08 2.3872e-08 2.04127e-08 1.79127e-08 1.52514e-08 1.22027e-08 9.10414e-09 6.34323e-09 4.1165e-09 2.40663e-09 1.06231e-09 1.85178e-10 
3.13954e-09 7.62265e-09 1.48052e-08 2.63947e-08 4.44647e-08 7.09452e-08 1.06704e-07 1.50391e-07 1.97672e-07 2.41935e-07 2.77091e-07 3.0129e-07 3.18113e-07 3.31388e-07 3.5583e-07 4.23074e-07 5.72209e-07 8.85902e-07 1.66483e-06 3.31347e-06 4.78603e-06 6.60558e-06 8.18307e-06 8.98717e-06 9.33745e-06 9.07957e-06 8.08427e-06 6.68807e-06 4.85887e-06 3.3299e-06 1.93632e-06 5.81463e-07 2.07239e-07 6.07462e-08 5.07349e-09 2.34198e-08 3.10982e-08 3.03896e-08 2.59499e-08 2.09546e-08 1.71257e-08 1.45922e-08 1.25628e-08 1.04445e-08 8.18956e-09 6.0186e-09 4.13758e-09 2.62151e-09 1.41166e-09 4.27914e-10 4.27914e-10 
1.46519e-09 4.59926e-09 9.49646e-09 1.72374e-08 2.93043e-08 4.72278e-08 7.20514e-08 1.03571e-07 1.39651e-07 1.7621e-07 2.08489e-07 2.33451e-07 2.52069e-07 2.68708e-07 2.89068e-07 3.3015e-07 4.14468e-07 5.80011e-07 9.39352e-07 1.85778e-06 3.71784e-06 5.25304e-06 7.15224e-06 8.04938e-06 8.72615e-06 8.84042e-06 8.08854e-06 6.72297e-06 5.11712e-06 3.21759e-06 1.82639e-06 6.45078e-07 1.95463e-07 5.68728e-08 4.97601e-09 1.67866e-08 2.4652e-08 2.54483e-08 2.27503e-08 1.87526e-08 1.50032e-08 1.22458e-08 1.03249e-08 8.70885e-09 7.08722e-09 5.46174e-09 3.95876e-09 2.67569e-09 1.6225e-09 7.34023e-10 1.2627e-10 
2.54369e-09 5.95159e-09 1.11537e-08 1.91824e-08 3.11914e-08 4.81457e-08 7.03524e-08 9.69582e-08 1.25729e-07 1.53514e-07 1.77536e-07 1.97133e-07 2.14779e-07 2.35746e-07 2.66665e-07 3.22529e-07 4.23074e-07 6.19297e-07 1.04464e-06 2.03305e-06 3.44384e-06 6.15968e-06 6.70575e-06 7.72165e-06 8.20489e-06 7.62678e-06 6.51796e-06 4.98881e-06 3.30711e-06 1.58026e-06 6.02063e-07 2.00255e-07 4.68708e-08 5.07349e-09 1.41294e-08 2.03208e-08 2.15009e-08 1.98342e-08 1.68111e-08 1.35099e-08 1.07104e-08 8.68737e-09 7.22306e-09 5.97473e-09 4.77306e-09 3.6234e-09 2.58835e-09 1.70377e-09 9.47077e-10 2.9081e-10 2.9081e-10 
1.17901e-09 3.57723e-09 7.12265e-09 1.24723e-08 2.04677e-08 3.19054e-08 4.72593e-08 6.63469e-08 8.81038e-08 1.10698e-07 1.32153e-07 1.51399e-07 1.69326e-07 1.89455e-07 2.17611e-07 2.59849e-07 3.3015e-07 4.53089e-07 6.98668e-07 1.21563e-06 1.97363e-06 3.61683e-06 5.06373e-06 6.95637e-06 7.28407e-06 6.8701e-06 5.86452e-06 4.81401e-06 2.93702e-06 1.35096e-06 5.61523e-07 1.84348e-07 3.789e-08 8.78132e-09 1.67866e-08 1.87322e-08 1.88868e-08 1.74953e-08 1.50905e-08 1.22968e-08 9.67343e-09 7.59129e-09 6.10039e-09 4.99814e-09 4.06309e-09 3.19504e-09 2.39161e-09 1.67683e-09 1.05265e-09 4.88228e-10 8.38283e-11 
1.97256e-09 4.44853e-09 8.043e-09 1.3355e-08 2.10042e-08 3.14665e-08 4.4866e-08 6.08029e-08 7.8346e-08 9.63098e-08 1.13835e-07 1.31124e-07 1.50153e-07 1.75152e-07 2.11935e-07 2.66665e-07 3.5583e-07 5.13497e-07 8.15905e-07 1.31153e-06 2.32381e-06 3.23248e-06 4.65291e-06 5.18737e-06 5.33342e-06 4.66725e-06 3.72054e-06 2.50966e-06 1.29072e-06 5.28185e-07 1.63039e-07 2.88022e-08 2.08323e-08 2.34198e-08 2.03208e-08 1.79581e-08 1.59645e-08 1.37205e-08 1.12684e-08 8.8908e-09 6.86353e-09 5.32912e-09 4.23845e-09 3.42523e-09 2.74337e-09 2.12769e-09 1.56862e-09 1.06843e-09 6.11822e-10 1.90716e-10 1.90716e-10 
9.08138e-10 2.66652e-09 5.12288e-09 8.66343e-09 1.37535e-08 2.08053e-08 3.00531e-08 4.14377e-08 5.45702e-08 6.88521e-08 8.37848e-08 9.94306e-08 1.16948e-07 1.39117e-07 1.70584e-07 2.17611e-07 2.89068e-07 4.06996e-07 6.13597e-07 9.66829e-07 1.63894e-06 2.46333e-06 3.42197e-06 3.81541e-06 4.12181e-06 3.88925e-06 3.18924e-06 2.40314e-06 1.22739e-06 5.17736e-07 1.64755e-07 5.41835e-08 4.13062e-08 3.31728e-08 2.4652e-08 1.88868e-08 1.54289e-08 1.28324e-08 1.04637e-08 8.26261e-09 6.34446e-09 4.81755e-09 3.70246e-09 2.91568e-09 2.32836e-09 1.8416e-09 1.40954e-09 1.01861e-09 6.59311e-10 3.12931e-10 5.4001e-11 
1.46653e-09 3.19301e-09 5.57787e-09 8.96278e-09 1.36804e-08 1.99799e-08 2.79542e-08 3.75081e-08 4.84116e-08 6.04697e-08 7.38054e-08 8.92314e-08 1.08672e-07 1.35544e-07 1.75152e-07 2.35746e-07 3.31388e-07 4.90248e-07 7.54446e-07 1.2145e-06 1.854e-06 2.5768e-06 3.09384e-06 3.54e-06 3.46216e-06 2.98717e-06 2.18355e-06 1.23033e-06 5.3076e-07 2.03754e-07 9.69211e-08 6.74266e-08 4.65282e-08 3.10982e-08 2.15009e-08 1.59645e-08 1.25242e-08 9.94719e-09 7.784e-09 5.95062e-09 4.46622e-09 3.34384e-09 2.54668e-09 1.98846e-09 1.57242e-09 1.23004e-09 9.27463e-10 6.49676e-10 3.81722e-10 1.20726e-10 1.20726e-10 
6.70792e-10 1.91036e-09 3.54872e-09 5.81069e-09 8.95486e-09 1.32047e-08 1.87055e-08 2.55024e-08 3.35682e-08 4.29019e-08 5.37087e-08 6.66582e-08 8.32089e-08 1.05965e-07 1.39117e-07 1.89455e-07 2.68708e-07 3.96618e-07 6.03879e-07 9.42519e-07 1.42826e-06 2.00605e-06 2.56636e-06 2.97288e-06 2.99676e-06 2.67172e-06 2.05457e-06 1.20709e-06 6.0686e-07 2.73596e-07 1.45197e-07 9.39944e-08 6.19569e-08 3.93515e-08 2.54483e-08 1.74953e-08 1.28324e-08 9.76894e-09 7.48069e-09 5.66063e-09 4.21285e-09 3.10281e-09 2.29619e-09 1.73598e-09 1.34645e-09 1.05629e-09 8.17207e-10 6.03633e-10 4.00487e-10 1.93812e-10 3.3687e-11 
1.04822e-09 2.2097e-09 3.74049e-09 5.83734e-09 8.68622e-09 1.24366e-08 1.71884e-08 2.301e-08 3.00001e-08 3.84077e-08 4.88166e-08 6.23982e-08 8.12253e-08 1.08672e-07 1.50153e-07 2.14779e-07 3.18113e-07 4.83683e-07 7.45235e-07 1.12592e-06 1.60705e-06 2.13239e-06 2.54018e-06 2.64377e-06 2.4513e-06 1.95139e-06 1.2873e-06 7.01047e-07 3.64771e-07 1.99745e-07 1.21416e-07 7.71955e-08 4.84609e-08 3.03896e-08 1.98342e-08 1.37205e-08 9.94719e-09 7.37658e-09 5.47999e-09 4.03327e-09 2.936e-09 2.12938e-09 1.56151e-09 1.17431e-09 9.06535e-10 7.06219e-10 5.38983e-10 3.85295e-10 2.30999e-10 7.39091e-11 7.39091e-11 
4.76553e-10 1.32043e-09 2.37969e-09 3.78711e-09 5.69168e-09 8.22687e-09 1.15042e-08 1.56259e-08 2.07272e-08 2.70597e-08 3.51258e-08 4.58777e-08 6.09873e-08 8.32089e-08 1.16948e-07 1.69326e-07 2.52069e-07 3.83715e-07 5.90159e-07 8.93792e-07 1.29842e-06 1.77015e-06 2.17001e-06 2.38772e-06 2.32015e-06 1.94044e-06 1.36474e-06 8.29585e-07 4.62549e-07 2.59667e-07 1.51758e-07 9.25516e-08 5.73908e-08 3.57671e-08 2.27503e-08 1.50905e-08 1.04637e-08 7.48069e-09 5.41841e-09 3.92376e-09 2.82215e-09 2.01735e-09 1.44529e-09 1.05291e-09 7.89423e-10 6.07524e-10 4.69643e-10 3.5127e-10 2.3719e-10 1.16449e-10 2.03446e-11 
7.23039e-10 1.4815e-09 2.44001e-09 3.71561e-09 5.42021e-09 7.65736e-09 1.05318e-08 1.41797e-08 1.88283e-08 2.48946e-08 3.31407e-08 4.48999e-08 6.23982e-08 8.92314e-08 1.31124e-07 1.97133e-07 3.0129e-07 4.63892e-07 7.06766e-07 1.04142e-06 1.45394e-06 1.85057e-06 2.13088e-06 2.1811e-06 1.92328e-06 1.45401e-06 9.47216e-07 5.69365e-07 3.26809e-07 1.87547e-07 1.10103e-07 6.65357e-08 4.11474e-08 2.59499e-08 1.68111e-08 1.12684e-08 7.784e-09 5.47999e-09 3.88677e-09 2.7544e-09 1.94345e-09 1.36874e-09 9.71455e-10 7.04916e-10 5.2807e-10 4.05378e-10 3.09909e-10 2.24177e-10 1.36261e-10 4.38999e-11 4.38999e-11 
3.26926e-10 8.84638e-10 1.55355e-09 2.41461e-09 3.55877e-09 5.07458e-09 7.05575e-09 9.62287e-09 1.29664e-08 1.74196e-08 2.35772e-08 3.24778e-08 4.58777e-08 6.66582e-08 9.94306e-08 1.51399e-07 2.33451e-07 3.6112e-07 5.53083e-07 8.24415e-07 1.17193e-06 1.54368e-06 1.85625e-06 1.9881e-06 1.85743e-06 1.5011e-06 1.05659e-06 6.71748e-07 4.02989e-07 2.32422e-07 1.33255e-07 7.78553e-08 4.70336e-08 2.93189e-08 1.87526e-08 1.22968e-08 8.26261e-09 5.66063e-09 3.92376e-09 2.73177e-09 1.90056e-09 1.31964e-09 9.18312e-10 6.47469e-10 4.69219e-10 3.51819e-10 2.69073e-10 2.01899e-10 1.37704e-10 6.8192e-11 1.19117e-11 
4.8356e-10 9.67553e-10 1.55826e-09 2.32847e-09 3.35103e-09 4.70441e-09 6.4882e-09 8.85424e-09 1.20602e-08 1.65579e-08 2.31358e-08 3.31407e-08 4.88166e-08 7.38054e-08 1.13835e-07 1.77536e-07 2.77091e-07 4.27536e-07 6.43016e-07 9.27253e-07 1.25346e-06 1.56331e-06 1.75299e-06 1.73324e-06 1.49645e-06 1.12883e-06 7.65738e-07 4.80993e-07 2.87125e-07 1.65259e-07 9.44231e-08 5.50946e-08 3.33788e-08 2.09546e-08 1.35099e-08 8.8908e-09 5.95062e-09 4.03327e-09 2.7544e-09 1.88641e-09 1.2918e-09 8.8492e-10 6.10027e-10 4.28459e-10 3.10908e-10 2.33478e-10 1.77178e-10 1.28631e-10 7.87451e-11 2.5398e-11 2.5398e-11 
2.17626e-10 5.77552e-10 9.93487e-10 1.51665e-09 2.20593e-09 3.12467e-09 4.35196e-09 6.00473e-09 8.27667e-09 1.15032e-08 1.62684e-08 2.35772e-08 3.51258e-08 5.37087e-08 8.37848e-08 1.32153e-07 2.08489e-07 3.24985e-07 4.93876e-07 7.21232e-07 9.94897e-07 1.27648e-06 1.49069e-06 1.55496e-06 1.42884e-06 1.15262e-06 8.31805e-07 5.52987e-07 3.45536e-07 2.05845e-07 1.18386e-07 6.75644e-08 3.93918e-08 2.3872e-08 1.50032e-08 9.67343e-09 6.34446e-09 4.21285e-09 2.82215e-09 1.90056e-09 1.28273e-09 8.66371e-10 5.86791e-10 4.01706e-10 2.81868e-10 2.05246e-10 1.54169e-10 1.15117e-10 7.87513e-11 3.91087e-11 6.78099e-12 
3.15258e-10 6.19246e-10 9.80852e-10 1.44725e-09 2.06882e-09 2.90695e-09 4.04964e-09 5.6394e-09 7.92016e-09 1.13156e-08 1.65579e-08 2.48946e-08 3.84077e-08 6.04697e-08 9.63098e-08 1.53514e-07 2.41935e-07 3.72091e-07 5.50874e-07 7.73676e-07 1.01659e-06 1.22769e-06 1.34048e-06 1.30296e-06 1.11904e-06 8.59672e-07 6.05135e-07 3.99403e-07 2.49536e-07 1.48641e-07 8.54878e-08 4.87461e-08 2.83629e-08 1.71257e-08 1.07104e-08 6.86353e-09 4.46622e-09 2.936e-09 1.94345e-09 1.2918e-09 8.60398e-10 5.74079e-10 3.85172e-10 2.62523e-10 1.84563e-10 1.35012e-10 1.01003e-10 7.30879e-11 4.47985e-11 1.43782e-11 1.43782e-11 
1.41353e-10 3.69639e-10 6.26429e-10 9.45167e-10 1.36573e-09 1.9352e-09 2.7189e-09 3.82001e-09 5.41302e-09 7.79982e-09 1.15032e-08 1.74196e-08 2.70597e-08 4.29019e-08 6.88521e-08 1.10698e-07 1.7621e-07 2.74216e-07 4.11738e-07 5.88543e-07 7.90568e-07 9.83215e-07 1.11568e-06 1.13842e-06 1.03512e-06 8.44169e-07 6.29475e-07 4.3856e-07 2.89011e-07 1.80536e-07 1.07433e-07 6.17588e-08 3.51884e-08 2.04127e-08 1.22458e-08 7.59129e-09 4.81755e-09 3.10281e-09 2.01735e-09 1.31964e-09 8.66371e-10 5.70026e-10 3.76211e-10 2.50516e-10 1.70467e-10 1.20404e-10 8.84124e-11 6.52995e-11 4.45523e-11 2.20766e-11 3.77013e-12 
2.01559e-10 3.90884e-10 6.12714e-10 8.98582e-10 1.28457e-09 1.81886e-09 2.57535e-09 3.67722e-09 5.33645e-09 7.92016e-09 1.20602e-08 1.88283e-08 3.00001e-08 4.84116e-08 7.8346e-08 1.25729e-07 1.97672e-07 3.0068e-07 4.36955e-07 5.99258e-07 7.65472e-07 8.98728e-07 9.56916e-07 9.15726e-07 7.89592e-07 6.22109e-07 4.56716e-07 3.16735e-07 2.08277e-07 1.29797e-07 7.70937e-08 4.4309e-08 2.52383e-08 1.45922e-08 8.68737e-09 5.32912e-09 3.34384e-09 2.12938e-09 1.36874e-09 8.8492e-10 5.74079e-10 3.73374e-10 2.44025e-10 1.61605e-10 1.10127e-10 7.83017e-11 5.7491e-11 4.12628e-11 2.521e-11 8.00828e-12 8.00828e-12 
9.01269e-11 2.33385e-10 3.92059e-10 5.88441e-10 8.50309e-10 1.21314e-09 1.72961e-09 2.4858e-09 3.62884e-09 5.41302e-09 8.27667e-09 1.29664e-08 2.07272e-08 3.35682e-08 5.45702e-08 8.81038e-08 1.39651e-07 2.14755e-07 3.16617e-07 4.4237e-07 5.78772e-07 7.0052e-07 7.74835e-07 7.76343e-07 7.04591e-07 5.84751e-07 4.51028e-07 3.28125e-07 2.26565e-07 1.48393e-07 9.21667e-08 5.46651e-08 3.14389e-08 1.79127e-08 1.03249e-08 6.10039e-09 3.70246e-09 2.29619e-09 1.44529e-09 9.18312e-10 5.86791e-10 3.76211e-10 2.41978e-10 1.56791e-10 1.03524e-10 7.08869e-11 5.07498e-11 3.69383e-11 2.50426e-11 1.23381e-11 2.06316e-12 
1.27173e-10 2.44941e-10 3.82375e-10 5.60969e-10 8.07013e-10 1.15799e-09 1.67374e-09 2.45541e-09 3.67722e-09 5.6394e-09 8.85424e-09 1.41797e-08 2.301e-08 3.75081e-08 6.08029e-08 9.69582e-08 1.50391e-07 2.24372e-07 3.1848e-07 4.25391e-07 5.28742e-07 6.04834e-07 6.31425e-07 6.00428e-07 5.23124e-07 4.22882e-07 3.21718e-07 2.32442e-07 1.59708e-07 1.04141e-07 6.45019e-08 3.82465e-08 2.20303e-08 1.25628e-08 7.22306e-09 4.23845e-09 2.54668e-09 1.56151e-09 9.71455e-10 6.10027e-10 3.85172e-10 2.44025e-10 1.55272e-10 9.98937e-11 6.59699e-11 4.5531e-11 3.27301e-11 2.32376e-11 1.41159e-11 4.42273e-12 4.42273e-12 
5.67633e-11 1.46302e-10 2.45129e-10 3.68274e-10 5.35397e-10 7.73262e-10 1.12335e-09 1.65476e-09 2.4858e-09 3.82001e-09 6.00473e-09 9.62287e-09 1.56259e-08 2.55024e-08 4.14377e-08 6.63469e-08 1.03571e-07 1.55975e-07 2.24279e-07 3.04796e-07 3.87507e-07 4.56317e-07 4.93819e-07 4.89629e-07 4.46167e-07 3.77096e-07 2.99328e-07 2.25529e-07 1.62005e-07 1.1079e-07 7.19781e-08 4.45127e-08 2.64178e-08 1.52514e-08 8.70885e-09 4.99814e-09 2.91568e-09 1.73598e-09 1.05291e-09 6.47469e-10 4.01706e-10 2.50516e-10 1.56791e-10 9.87411e-11 6.32107e-11 4.19235e-11 2.92211e-11 2.09242e-11 1.4074e-11 6.88386e-12 1.12704e-12 
7.96797e-11 1.53324e-10 2.39819e-10 3.53991e-10 5.15104e-10 7.51955e-10 1.11156e-09 1.67374e-09 2.57535e-09 4.04964e-09 6.4882e-09 1.05318e-08 1.71884e-08 2.79542e-08 4.4866e-08 7.03524e-08 1.06704e-07 1.55023e-07 2.13687e-07 2.7685e-07 3.34112e-07 3.72904e-07 3.83559e-07 3.64018e-07 3.20778e-07 2.65152e-07 2.07801e-07 1.55479e-07 1.11158e-07 7.57263e-08 4.90768e-08 3.0342e-08 1.8041e-08 1.04445e-08 5.97473e-09 3.42523e-09 1.98846e-09 1.17431e-09 7.04916e-10 4.28459e-10 2.62523e-10 1.61605e-10 9.98937e-11 6.23272e-11 3.98398e-11 2.66607e-11 1.8744e-11 1.31532e-11 7.93842e-12 2.45477e-12 2.45477e-12 
3.55294e-11 9.16077e-11 1.53983e-10 2.32851e-10 3.42228e-10 5.02184e-10 7.44685e-10 1.12335e-09 1.72961e-09 2.7189e-09 4.35196e-09 7.05575e-09 1.15042e-08 1.87055e-08 3.00531e-08 4.72593e-08 7.20514e-08 1.05523e-07 1.47134e-07 1.93624e-07 2.38532e-07 2.73292e-07 2.90151e-07 2.85492e-07 2.6143e-07 2.24546e-07 1.82663e-07 1.41899e-07 1.05636e-07 7.52445e-08 5.11164e-08 3.30853e-08 2.04709e-08 1.22027e-08 7.08722e-09 4.06309e-09 2.32836e-09 1.34645e-09 7.89423e-10 4.69219e-10 2.81868e-10 1.70467e-10 1.03524e-10 6.32107e-11 3.91623e-11 2.51253e-11 1.70338e-11 1.19923e-11 7.99875e-12 3.88648e-12 6.30046e-13 
4.98637e-11 9.63928e-11 1.51864e-10 2.2657e-10 3.34609e-10 4.97759e-10 7.51955e-10 1.15799e-09 1.81886e-09 2.90695e-09 4.70441e-09 7.65736e-09 1.24366e-08 1.99799e-08 3.14665e-08 4.81457e-08 7.09452e-08 9.9834e-08 1.33078e-07 1.6679e-07 1.95373e-07 2.13137e-07 2.16446e-07 2.05192e-07 1.82659e-07 1.53929e-07 1.2383e-07 9.56195e-08 7.09215e-08 5.03764e-08 3.4159e-08 2.21028e-08 1.3697e-08 8.18956e-09 4.77306e-09 2.74337e-09 1.57242e-09 9.06535e-10 5.2807e-10 3.10908e-10 1.84563e-10 1.10127e-10 6.59699e-11 3.98398e-11 2.46167e-11 1.59586e-11 1.09645e-11 7.59825e-12 4.55572e-12 1.39797e-12 1.39797e-12 
2.22237e-11 5.75878e-11 9.75937e-11 1.49177e-10 2.22342e-10 3.31982e-10 5.02184e-10 7.73262e-10 1.21314e-09 1.9352e-09 3.12467e-09 5.07458e-09 8.22687e-09 1.32047e-08 2.08053e-08 3.19054e-08 4.72278e-08 6.69441e-08 9.01821e-08 1.14667e-07 1.36858e-07 1.52814e-07 1.59509e-07 1.55948e-07 1.43447e-07 1.2496e-07 1.03875e-07 8.29309e-08 6.37736e-08 4.71711e-08 3.34363e-08 2.26476e-08 1.46606e-08 9.10414e-09 5.46174e-09 3.19504e-09 1.8416e-09 1.05629e-09 6.07524e-10 3.51819e-10 2.05246e-10 1.20404e-10 7.08869e-11 4.19235e-11 2.51253e-11 1.55932e-11 1.02774e-11 7.10274e-12 4.68864e-12 2.2657e-12 3.70757e-13 
3.13153e-11 6.10927e-11 9.73231e-11 1.47161e-10 2.20864e-10 3.34609e-10 5.15104e-10 8.07013e-10 1.28457e-09 2.06882e-09 3.35103e-09 5.42021e-09 8.68622e-09 1.36804e-08 2.10042e-08 3.11914e-08 4.44647e-08 6.04178e-08 7.77529e-08 9.4289e-08 1.07404e-07 1.14816e-07 1.1535e-07 1.09293e-07 9.81785e-08 8.41626e-08 6.92949e-08 5.50384e-08 4.21984e-08 3.1145e-08 2.20418e-08 1.49217e-08 9.6683e-09 6.0186e-09 3.6234e-09 2.12769e-09 1.23004e-09 7.06219e-10 4.05378e-10 2.33478e-10 1.35012e-10 7.83017e-11 4.5531e-11 2.66607e-11 1.59586e-11 1.00369e-11 6.73031e-12 4.58761e-12 2.72397e-12 8.36924e-13 8.36924e-13 
1.39534e-11 3.64585e-11 6.25006e-11 9.67852e-11 1.46429e-10 2.22342e-10 3.42228e-10 5.35397e-10 8.50309e-10 1.36573e-09 2.20593e-09 3.55877e-09 5.69168e-09 8.95486e-09 1.37535e-08 2.04677e-08 2.93043e-08 4.00973e-08 5.21248e-08 6.40719e-08 7.42482e-08 8.10366e-08 8.33898e-08 8.11365e-08 7.4967e-08 6.61369e-08 5.60395e-08 4.5834e-08 3.62716e-08 2.77442e-08 2.04389e-08 1.44468e-08 9.77827e-09 6.34323e-09 3.95876e-09 2.39161e-09 1.40954e-09 8.17207e-10 4.69643e-10 2.69073e-10 1.54169e-10 8.84124e-11 5.07498e-11 2.92211e-11 1.70338e-11 1.02774e-11 6.59504e-12 4.45677e-12 2.89402e-12 1.38865e-12 2.3207e-13 
1.97831e-11 3.90421e-11 6.29777e-11 9.65515e-11 1.47161e-10 2.2657e-10 3.53991e-10 5.60969e-10 8.98582e-10 1.44725e-09 2.32847e-09 3.71561e-09 5.83734e-09 8.96278e-09 1.3355e-08 1.91824e-08 2.63947e-08 3.46008e-08 4.30237e-08 5.06007e-08 5.62347e-08 5.9103e-08 5.8885e-08 5.58167e-08 5.0568e-08 4.40118e-08 3.69811e-08 3.01024e-08 2.37541e-08 1.81306e-08 1.33329e-08 9.41324e-09 6.37068e-09 4.13758e-09 2.58835e-09 1.56862e-09 9.27463e-10 5.38983e-10 3.09909e-10 1.77178e-10 1.01003e-10 5.7491e-11 3.27301e-11 1.8744e-11 1.09645e-11 6.73031e-12 4.40342e-12 2.93652e-12 1.71707e-12 5.28317e-13 5.28317e-13 
8.8061e-12 2.32078e-11 4.0245e-11 6.30874e-11 9.67852e-11 1.49177e-10 2.32851e-10 3.68274e-10 5.88441e-10 9.45167e-10 1.51665e-09 2.41461e-09 3.78711e-09 5.81069e-09 8.66343e-09 1.24723e-08 1.72374e-08 2.27531e-08 2.85683e-08 3.40299e-08 3.84186e-08 4.1135e-08 4.1856e-08 4.06003e-08 3.76889e-08 3.36296e-08 2.89735e-08 2.41934e-08 1.96188e-08 1.54401e-08 1.1758e-08 8.62953e-09 6.08452e-09 4.1165e-09 2.67569e-09 1.67683e-09 1.01861e-09 6.03633e-10 3.5127e-10 2.01899e-10 1.15117e-10 6.52995e-11 3.69383e-11 2.09242e-11 1.19923e-11 7.10274e-12 4.45677e-12 2.94283e-12 1.87496e-12 8.89922e-13 1.49929e-13 
1.25208e-11 2.49325e-11 4.05993e-11 6.29777e-11 9.73231e-11 1.51864e-10 2.39819e-10 3.82375e-10 6.12714e-10 9.80852e-10 1.55826e-09 2.44001e-09 3.74049e-09 5.57787e-09 8.043e-09 1.11537e-08 1.48052e-08 1.87404e-08 2.25661e-08 2.58245e-08 2.81024e-08 2.91314e-08 2.88449e-08 2.73728e-08 2.4989e-08 2.20325e-08 1.88303e-08 1.56416e-08 1.26375e-08 9.91545e-09 7.52928e-09 5.5119e-09 3.87886e-09 2.62151e-09 1.70377e-09 1.06843e-09 6.49676e-10 3.85295e-10 2.24177e-10 1.28631e-10 7.30879e-11 4.12628e-11 2.32376e-11 1.31532e-11 7.59825e-12 4.58761e-12 2.93652e-12 1.92293e-12 1.11344e-12 3.41678e-13 3.41678e-13 
5.54557e-12 1.46334e-11 2.54744e-11 4.0245e-11 6.25006e-11 9.75937e-11 1.53983e-10 2.45129e-10 3.92059e-10 6.26429e-10 9.93487e-10 1.55355e-09 2.37969e-09 3.54872e-09 5.12288e-09 7.12265e-09 9.49646e-09 1.21002e-08 1.47019e-08 1.70188e-08 1.87785e-08 1.97816e-08 1.99424e-08 1.92967e-08 1.79798e-08 1.61864e-08 1.41259e-08 1.19841e-08 9.90002e-09 7.9621e-09 6.22055e-09 4.70425e-09 3.43082e-09 2.40663e-09 1.6225e-09 1.05265e-09 6.59311e-10 4.00487e-10 2.3719e-10 1.37704e-10 7.87513e-11 4.45523e-11 2.50426e-11 1.4074e-11 7.99875e-12 4.68864e-12 2.89402e-12 1.87496e-12 1.19078e-12 5.70976e-13 9.593e-14 
7.75581e-12 1.53178e-11 2.49325e-11 3.90421e-11 6.10927e-11 9.63928e-11 1.53324e-10 2.44941e-10 3.90884e-10 6.19246e-10 9.67553e-10 1.4815e-09 2.2097e-09 3.19301e-09 4.44853e-09 5.95159e-09 7.62265e-09 9.32781e-09 1.08977e-08 1.21609e-08 1.2981e-08 1.32833e-08 1.30643e-08 1.23842e-08 1.13475e-08 1.00792e-08 8.70154e-09 7.31659e-09 5.99745e-09 4.78899e-09 3.71591e-09 2.79174e-09 2.02359e-09 1.41166e-09 9.47077e-10 6.11822e-10 3.81722e-10 2.30999e-10 1.36261e-10 7.87451e-11 4.47985e-11 2.521e-11 1.41159e-11 7.93842e-12 4.55572e-12 2.72397e-12 1.71707e-12 1.11344e-12 6.6604e-13 2.15071e-13 2.15071e-13 
3.36452e-12 8.5673e-12 1.46334e-11 2.32078e-11 3.64585e-11 5.75878e-11 9.16077e-11 1.46302e-10 2.33385e-10 3.69639e-10 5.77552e-10 8.84638e-10 1.32043e-09 1.91036e-09 2.66652e-09 3.57723e-09 4.59926e-09 5.65725e-09 6.65336e-09 7.48526e-09 8.06684e-09 8.34443e-09 8.30413e-09 7.96984e-09 7.39451e-09 6.64809e-09 5.80503e-09 4.93345e-09 4.08746e-09 3.30376e-09 2.60303e-09 1.99453e-09 1.48115e-09 1.06231e-09 7.34023e-10 4.88228e-10 3.12931e-10 1.93812e-10 1.16449e-10 6.8192e-11 3.91087e-11 2.20766e-11 1.23381e-11 6.88386e-12 3.88648e-12 2.2657e-12 1.38865e-12 8.89922e-13 5.70976e-13 3.09157e-13 5.91063e-14 
4.19159e-12 7.75581e-12 1.25208e-11 1.97831e-11 3.13153e-11 4.98637e-11 7.96797e-11 1.27173e-10 2.01559e-10 3.15258e-10 4.8356e-10 7.23039e-10 1.04822e-09 1.46653e-09 1.97256e-09 2.54369e-09 3.13954e-09 3.70683e-09 4.18885e-09 4.53647e-09 4.71707e-09 4.71908e-09 4.55156e-09 4.24034e-09 3.82224e-09 3.33893e-09 2.83127e-09 2.33458e-09 1.87536e-09 1.46979e-09 1.12444e-09 8.388e-10 6.08533e-10 4.27914e-10 2.9081e-10 1.90716e-10 1.20726e-10 7.39091e-11 4.38999e-11 2.5398e-11 1.43782e-11 8.00828e-12 4.42273e-12 2.45477e-12 1.39797e-12 8.36924e-13 5.28317e-13 3.41678e-13 2.15071e-13 1.05075e-13 1.05075e-13 
1.6089e-12 3.36452e-12 5.54557e-12 8.8061e-12 1.39534e-11 2.22237e-11 3.55294e-11 5.67633e-11 9.01269e-11 1.41353e-10 2.17626e-10 3.26926e-10 4.76553e-10 6.70792e-10 9.08138e-10 1.17901e-09 1.46519e-09 1.74179e-09 1.98154e-09 2.15998e-09 2.25997e-09 2.27404e-09 2.20456e-09 2.06217e-09 1.86327e-09 1.62737e-09 1.37458e-09 1.12346e-09 8.89325e-10 6.83006e-10 5.10269e-10 3.72e-10 2.65296e-10 1.85178e-10 1.2627e-10 8.38283e-11 5.4001e-11 3.3687e-11 2.03446e-11 1.19117e-11 6.78099e-12 3.77013e-12 2.06316e-12 1.12704e-12 6.30046e-13 3.70757e-13 2.3207e-13 1.49929e-13 9.593e-14 5.91063e-14 3.79704e-14 
