1 101 51
7.55027e-15 1.24036e-14 2.00791e-14 3.12302e-14 4.95354e-14 8.01277e-14 1.35282e-13 2.34242e-13 4.08442e-13 7.114e-13 1.22589e-12 2.08153e-12 3.46727e-12 5.65268e-12 8.99954e-12 1.39859e-11 2.12143e-11 3.14312e-11 4.551e-11 6.4373e-11 8.88163e-11 1.19223e-10 1.55239e-10 1.95506e-10 2.37573e-10 2.78046e-10 3.13005e-10 3.38603e-10 3.51757e-10 3.50738e-10 3.35554e-10 3.07967e-10 2.71173e-10 2.29184e-10 1.86086e-10 1.45367e-10 1.0948e-10 7.97026e-11 5.62699e-11 3.8672e-11 2.598e-11 1.71402e-11 1.11592e-11 7.20412e-12 4.63159e-12 2.97657e-12 1.91612e-12 1.23124e-12 7.76745e-13 4.43992e-13 4.43992e-13 
7.55027e-15 2.64672e-14 4.50631e-14 6.96117e-14 1.09463e-13 1.75794e-13 2.93187e-13 5.02156e-13 8.72729e-13 1.51667e-12 2.61909e-12 4.46751e-12 7.49669e-12 1.23297e-11 1.98015e-11 3.0966e-11 4.70519e-11 6.93987e-11 9.93611e-11 1.382e-10 1.86926e-10 2.46009e-10 3.14946e-10 3.91735e-10 4.72478e-10 5.5137e-10 6.2121e-10 6.74461e-10 7.04593e-10 7.07415e-10 6.82026e-10 6.31096e-10 5.60394e-10 4.77654e-10 3.91108e-10 3.08055e-10 2.33861e-10 1.71548e-10 1.21972e-10 8.4366e-11 5.69987e-11 3.77839e-11 2.4692e-11 1.59849e-11 1.02968e-11 6.62594e-12 4.26909e-12 2.75005e-12 1.75264e-12 1.05371e-12 4.43992e-13 
2.64672e-14 7.1664e-14 1.16993e-13 1.81532e-13 2.86778e-13 4.7058e-13 7.95124e-13 1.3673e-12 2.36173e-12 4.06882e-12 6.95026e-12 1.17229e-11 1.94436e-11 3.15792e-11 5.00297e-11 7.70456e-11 1.15039e-10 1.66287e-10 2.32606e-10 3.1506e-10 4.13688e-10 5.27185e-10 6.52415e-10 7.83847e-10 9.13212e-10 1.0298e-09 1.12168e-09 1.1777e-09 1.18984e-09 1.15513e-09 1.07659e-09 9.62819e-10 8.26326e-10 6.81028e-10 5.39711e-10 4.12092e-10 3.03939e-10 2.17218e-10 1.50969e-10 1.02454e-10 6.81901e-11 4.47203e-11 2.90384e-11 1.87549e-11 1.20959e-11 7.81138e-12 5.05073e-12 3.24952e-12 2.0206e-12 1.05371e-12 1.05371e-12 
1.24036e-14 7.1664e-14 1.4356e-13 2.26443e-13 3.5146e-13 5.64636e-13 9.38993e-13 1.59789e-12 2.74547e-12 4.72217e-12 8.08094e-12 1.37008e-11 2.29265e-11 3.77097e-11 6.07038e-11 9.52486e-11 1.45142e-10 2.14205e-10 3.05672e-10 4.21564e-10 5.62188e-10 7.25792e-10 9.08204e-10 1.1023e-09 1.29739e-09 1.47907e-09 1.63014e-09 1.73311e-09 1.77359e-09 1.74386e-09 1.6452e-09 1.4881e-09 1.29035e-09 1.07326e-09 8.57441e-10 6.59341e-10 4.89333e-10 3.5165e-10 2.45614e-10 1.67424e-10 1.11875e-10 7.36265e-11 4.79524e-11 3.10521e-11 2.00757e-11 1.29978e-11 8.43432e-12 5.4659e-12 3.47721e-12 2.0206e-12 7.76745e-13 
4.50631e-14 1.4356e-13 2.47262e-13 3.82267e-13 5.98336e-13 9.73102e-13 1.6329e-12 2.78511e-12 4.77536e-12 8.17326e-12 1.39055e-11 2.34326e-11 3.89703e-11 6.36966e-11 1.01869e-10 1.58716e-10 2.39994e-10 3.51184e-10 4.96451e-10 6.7764e-10 8.93579e-10 1.13967e-09 1.40752e-09 1.68425e-09 1.95185e-09 2.18749e-09 2.36565e-09 2.46268e-09 2.46223e-09 2.36013e-09 2.16636e-09 1.90348e-09 1.60176e-09 1.29258e-09 1.00248e-09 7.49415e-10 5.41891e-10 3.80502e-10 2.60565e-10 1.7481e-10 1.15444e-10 7.54132e-11 4.89615e-11 3.17306e-11 2.05944e-11 1.34078e-11 8.74005e-12 5.64777e-12 3.47721e-12 1.75264e-12 1.75264e-12 
2.00791e-14 1.16993e-13 2.47262e-13 3.94023e-13 6.03511e-13 9.54042e-13 1.56888e-12 2.64552e-12 4.50984e-12 7.70286e-12 1.3113e-11 2.21842e-11 3.71845e-11 6.15358e-11 1.00105e-10 1.59322e-10 2.4693e-10 3.71183e-10 5.39502e-10 7.56834e-10 1.02418e-09 1.33773e-09 1.68844e-09 2.06162e-09 2.43612e-09 2.78361e-09 3.06988e-09 3.25935e-09 3.32261e-09 3.24464e-09 3.03033e-09 2.70476e-09 2.30778e-09 1.88471e-09 1.47657e-09 1.1132e-09 8.10629e-10 5.72566e-10 3.9404e-10 2.65472e-10 1.75947e-10 1.15288e-10 7.50493e-11 4.87548e-11 3.17222e-11 2.07158e-11 1.35714e-11 8.86544e-12 5.64777e-12 3.24952e-12 1.23124e-12 
6.96117e-14 2.26443e-13 3.94023e-13 6.01688e-13 9.22544e-13 1.47497e-12 2.44321e-12 4.12399e-12 7.00672e-12 1.19e-11 2.01377e-11 3.38787e-11 5.65199e-11 9.31589e-11 1.51003e-10 2.39459e-10 3.69619e-10 5.52903e-10 7.98893e-10 1.11285e-09 1.49372e-09 1.93313e-09 2.41518e-09 2.91596e-09 3.40243e-09 3.83207e-09 4.15606e-09 4.32775e-09 4.31464e-09 4.10935e-09 3.73433e-09 3.23764e-09 2.68108e-09 2.12542e-09 1.61824e-09 1.18805e-09 8.44815e-10 5.84657e-10 3.95733e-10 2.63307e-10 1.731e-10 1.13002e-10 7.35972e-11 4.80084e-11 3.1445e-11 2.06891e-11 1.36259e-11 8.86544e-12 5.4659e-12 2.75005e-12 2.75005e-12 
3.12302e-14 1.81532e-13 3.82267e-13 6.01688e-13 9.01976e-13 1.3928e-12 2.24645e-12 3.73227e-12 6.28479e-12 1.0616e-11 1.79041e-11 3.00966e-11 5.03508e-11 8.36323e-11 1.37383e-10 2.22051e-10 3.51101e-10 5.40043e-10 8.04171e-10 1.15517e-09 1.59754e-09 2.12602e-09 2.72482e-09 3.36776e-09 4.01774e-09 4.62524e-09 5.12885e-09 5.46227e-09 5.56886e-09 5.41947e-09 5.0249e-09 4.43637e-09 3.73274e-09 2.99974e-09 2.31022e-09 1.71226e-09 1.22717e-09 8.54774e-10 5.81671e-10 3.88754e-10 2.56529e-10 1.68002e-10 1.09728e-10 7.17722e-11 4.71524e-11 3.11482e-11 2.06478e-11 1.36259e-11 8.74005e-12 5.05073e-12 1.91612e-12 
1.09463e-13 3.5146e-13 6.03511e-13 9.01976e-13 1.34653e-12 2.09629e-12 3.40029e-12 5.64372e-12 9.44681e-12 1.58277e-11 2.64724e-11 4.41703e-11 7.34621e-11 1.21497e-10 1.9897e-10 3.20788e-10 5.05866e-10 7.75371e-10 1.14903e-09 1.64001e-09 2.24989e-09 2.96588e-09 3.76073e-09 4.59363e-09 5.4093e-09 6.13605e-09 6.6886e-09 6.98177e-09 6.95424e-09 6.59213e-09 5.93947e-09 5.08851e-09 4.15366e-09 3.24152e-09 2.42922e-09 1.75704e-09 1.23318e-09 8.44481e-10 5.67371e-10 3.7605e-10 2.47204e-10 1.61991e-10 1.06284e-10 7.00531e-11 4.64572e-11 3.09692e-11 2.06478e-11 1.35714e-11 8.43432e-12 4.26909e-12 4.26909e-12 
4.95354e-14 2.86778e-13 5.98336e-13 9.22544e-13 1.34653e-12 2.01618e-12 3.16221e-12 5.13543e-12 8.48004e-12 1.40691e-11 2.33339e-11 3.86509e-11 6.39614e-11 1.05703e-10 1.74035e-10 2.84122e-10 4.56906e-10 7.18444e-10 1.09683e-09 1.61635e-09 2.28991e-09 3.11268e-09 4.05959e-09 5.08687e-09 6.13381e-09 7.12087e-09 7.94749e-09 8.50004e-09 8.67698e-09 8.4243e-09 7.76226e-09 6.78607e-09 5.63836e-09 4.4674e-09 3.39095e-09 2.47902e-09 1.7555e-09 1.21117e-09 8.18849e-10 5.45607e-10 3.60291e-10 2.37033e-10 1.56089e-10 1.03253e-10 6.8753e-11 4.60738e-11 3.09692e-11 2.06891e-11 1.34078e-11 7.81138e-12 2.97657e-12 
1.75794e-13 5.64636e-13 9.54042e-13 1.3928e-12 2.01618e-12 3.03854e-12 4.78562e-12 7.74811e-12 1.26828e-11 2.0804e-11 3.40991e-11 5.58677e-11 9.16046e-11 1.50322e-10 2.46273e-10 4.00664e-10 6.42421e-10 1.00665e-09 1.52942e-09 2.23877e-09 3.1442e-09 4.22923e-09 5.45044e-09 6.74174e-09 8.01635e-09 9.16294e-09 1.00446e-08 1.05178e-08 1.04742e-08 9.88892e-09 8.84088e-09 7.49296e-09 6.03966e-09 4.65184e-09 3.44303e-09 2.46368e-09 1.71478e-09 1.16802e-09 7.83239e-10 5.20059e-10 3.43797e-10 2.27388e-10 1.51056e-10 1.01031e-10 6.80593e-11 4.60738e-11 3.11482e-11 2.07158e-11 1.29978e-11 6.62594e-12 6.62594e-12 
8.01277e-14 4.7058e-13 9.73102e-13 1.47497e-12 2.09629e-12 3.03854e-12 4.60799e-12 7.2595e-12 1.1669e-11 1.88833e-11 3.05681e-11 4.94467e-11 8.00375e-11 1.29894e-10 2.11468e-10 3.44489e-10 5.5815e-10 8.91654e-10 1.39108e-09 2.10092e-09 3.05085e-09 4.24191e-09 5.63905e-09 7.17354e-09 8.75037e-09 1.02492e-08 1.15178e-08 1.23765e-08 1.26563e-08 1.22641e-08 1.12351e-08 9.73362e-09 7.99781e-09 6.2624e-09 4.70063e-09 3.40408e-09 2.39373e-09 1.64492e-09 1.11146e-09 7.42906e-10 4.94002e-10 3.28473e-10 2.19306e-10 1.47423e-10 9.98616e-11 6.80593e-11 4.64572e-11 3.1445e-11 2.05944e-11 1.20959e-11 4.63159e-12 
2.93187e-13 9.38993e-13 1.56888e-12 2.24645e-12 3.16221e-12 4.60799e-12 7.01535e-12 1.101e-11 1.75187e-11 2.79712e-11 4.46298e-11 7.11707e-11 1.13695e-10 1.82436e-10 2.94351e-10 4.76332e-10 7.67878e-10 1.22097e-09 1.89435e-09 2.84035e-09 4.08637e-09 5.61795e-09 7.37309e-09 9.24989e-09 1.11171e-08 1.28119e-08 1.41308e-08 1.48488e-08 1.47887e-08 1.39086e-08 1.23427e-08 1.03589e-08 8.26123e-09 6.29932e-09 4.62397e-09 3.28991e-09 2.28398e-09 1.55718e-09 1.0491e-09 7.02557e-10 4.70149e-10 3.15785e-10 2.13529e-10 1.45526e-10 9.98616e-11 6.8753e-11 4.71524e-11 3.17222e-11 2.00757e-11 1.02968e-11 1.02968e-11 
1.35282e-13 7.95124e-13 1.6329e-12 2.44321e-12 3.40029e-12 4.78562e-12 7.01535e-12 1.06856e-11 1.66498e-11 2.61713e-11 4.11824e-11 6.4719e-11 1.01679e-10 1.60174e-10 2.53856e-10 4.05446e-10 6.50977e-10 1.04285e-09 1.64837e-09 2.53997e-09 3.77584e-09 5.37508e-09 7.29852e-09 9.44748e-09 1.16788e-08 1.38172e-08 1.56463e-08 1.69018e-08 1.73207e-08 1.67529e-08 1.52593e-08 1.31075e-08 1.0666e-08 8.27541e-09 6.16642e-09 4.44536e-09 3.1222e-09 2.15083e-09 1.46259e-09 9.87708e-10 6.66058e-10 4.50581e-10 3.06779e-10 2.10528e-10 1.45526e-10 1.01031e-10 7.00531e-11 4.80084e-11 3.17306e-11 1.87549e-11 7.20412e-12 
5.02156e-13 1.59789e-12 2.64552e-12 3.73227e-12 5.13543e-12 7.2595e-12 1.06856e-11 1.62278e-11 2.50442e-11 3.88415e-11 6.02082e-11 9.31749e-11 1.44184e-10 2.23861e-10 3.50116e-10 5.52849e-10 8.79415e-10 1.39784e-09 2.19298e-09 3.35107e-09 4.93215e-09 6.93848e-09 9.29484e-09 1.18558e-08 1.44296e-08 1.67887e-08 1.8649e-08 1.968e-08 1.96074e-08 1.83695e-08 1.61848e-08 1.34642e-08 1.06464e-08 8.06428e-09 5.89786e-09 4.19607e-09 2.92455e-09 2.01005e-09 1.37077e-09 9.32764e-10 6.36355e-10 4.36771e-10 3.02117e-10 2.10528e-10 1.47423e-10 1.03253e-10 7.17722e-11 4.87548e-11 3.10521e-11 1.59849e-11 1.59849e-11 
2.34242e-13 1.3673e-12 2.78511e-12 4.12399e-12 5.64372e-12 7.74811e-12 1.101e-11 1.62278e-11 2.45022e-11 3.73935e-11 5.71908e-11 8.7338e-11 1.33138e-10 2.02978e-10 3.10588e-10 4.7905e-10 7.46923e-10 1.17508e-09 1.8497e-09 2.87481e-09 4.34889e-09 6.32738e-09 8.78449e-09 1.15965e-08 1.45629e-08 1.74378e-08 1.99276e-08 2.16648e-08 2.22631e-08 2.14996e-08 1.9477e-08 1.66015e-08 1.34023e-08 1.03337e-08 7.67582e-09 5.5377e-09 3.90943e-09 2.71921e-09 1.8752e-09 1.28942e-09 8.88382e-10 6.15503e-10 4.29645e-10 3.02117e-10 2.13529e-10 1.51056e-10 1.06284e-10 7.35972e-11 4.89615e-11 2.90384e-11 1.11592e-11 
8.72729e-13 2.74547e-12 4.50984e-12 6.28479e-12 8.48004e-12 1.1669e-11 1.66498e-11 2.45022e-11 3.67027e-11 5.53378e-11 8.34601e-11 1.25634e-10 1.88807e-10 2.83833e-10 4.28238e-10 6.51226e-10 1.00138e-09 1.55494e-09 2.41816e-09 3.7145e-09 5.55112e-09 7.96973e-09 1.09037e-08 1.41695e-08 1.75057e-08 2.0603e-08 2.30826e-08 2.44849e-08 2.44192e-08 2.28052e-08 1.99687e-08 1.64946e-08 1.29663e-08 9.7928e-09 7.17047e-09 5.13197e-09 3.61621e-09 2.5249e-09 1.75685e-09 1.22418e-09 8.57379e-10 6.04776e-10 4.29645e-10 3.06779e-10 2.19306e-10 1.56089e-10 1.09728e-10 7.50493e-11 4.79524e-11 2.4692e-11 2.4692e-11 
4.08442e-13 2.36173e-12 4.77536e-12 7.00672e-12 9.44681e-12 1.26828e-11 1.75187e-11 2.50442e-11 3.67027e-11 5.44553e-11 8.10784e-11 1.20632e-10 1.79162e-10 2.65801e-10 3.94567e-10 5.87623e-10 8.81182e-10 1.33477e-09 2.04102e-09 3.12677e-09 4.73351e-09 6.97162e-09 9.8582e-09 1.32726e-08 1.69603e-08 2.05928e-08 2.37851e-08 2.60532e-08 2.68705e-08 2.59318e-08 2.33922e-08 1.98222e-08 1.59185e-08 1.22404e-08 9.10422e-09 6.61035e-09 4.72247e-09 3.34183e-09 2.35589e-09 1.66257e-09 1.17882e-09 8.41476e-10 6.04776e-10 4.36771e-10 3.15785e-10 2.27388e-10 1.61991e-10 1.13002e-10 7.54132e-11 4.47203e-11 1.71402e-11 
1.51667e-12 4.72217e-12 7.70286e-12 1.0616e-11 1.40691e-11 1.88833e-11 2.61713e-11 3.73935e-11 5.44553e-11 7.99402e-11 1.17529e-10 1.72625e-10 2.53295e-10 3.71627e-10 5.45787e-10 8.03544e-10 1.18876e-09 1.77199e-09 2.66174e-09 4.00439e-09 5.95684e-09 8.62582e-09 1.19902e-08 1.58581e-08 1.98932e-08 2.37011e-08 2.68077e-08 2.8616e-08 2.85937e-08 2.66435e-08 2.32256e-08 1.90994e-08 1.49784e-08 1.13288e-08 8.35003e-09 6.05123e-09 4.34304e-09 3.10515e-09 2.22213e-09 1.59734e-09 1.15562e-09 8.41476e-10 6.15503e-10 4.50581e-10 3.28473e-10 2.37033e-10 1.68002e-10 1.15288e-10 7.36265e-11 3.77839e-11 3.77839e-11 
7.114e-13 4.06882e-12 8.17326e-12 1.19e-11 1.58277e-11 2.0804e-11 2.79712e-11 3.88415e-11 5.53378e-11 7.99402e-11 1.16032e-10 1.68482e-10 2.44536e-10 3.55067e-10 5.16236e-10 7.51639e-10 1.09565e-09 1.59991e-09 2.34492e-09 3.45333e-09 5.08927e-09 7.42109e-09 1.05406e-08 1.43635e-08 1.86062e-08 2.28618e-08 2.66853e-08 2.94822e-08 3.05471e-08 2.94719e-08 2.64989e-08 2.23684e-08 1.79255e-08 1.38056e-08 1.0338e-08 7.60352e-09 5.53749e-09 4.01818e-09 2.91895e-09 2.12998e-09 1.56406e-09 1.15562e-09 8.57379e-10 6.36355e-10 4.70149e-10 3.43797e-10 2.47204e-10 1.731e-10 1.15444e-10 6.81901e-11 2.598e-11 
2.61909e-12 8.08094e-12 1.3113e-11 1.79041e-11 2.33339e-11 3.05681e-11 4.11824e-11 5.71908e-11 8.10784e-11 1.16032e-10 1.66454e-10 2.38815e-10 3.42917e-10 4.93569e-10 7.12491e-10 1.03017e-09 1.48835e-09 2.14599e-09 3.0922e-09 4.46254e-09 6.43631e-09 9.18307e-09 1.27498e-08 1.69499e-08 2.1421e-08 2.57452e-08 2.93994e-08 3.16034e-08 3.16402e-08 2.94182e-08 2.5549e-08 2.09618e-08 1.64621e-08 1.25359e-08 9.36307e-09 6.92225e-09 5.10041e-09 3.76393e-09 2.79117e-09 2.08309e-09 1.56406e-09 1.17882e-09 8.88382e-10 6.66058e-10 4.94002e-10 3.60291e-10 2.56529e-10 1.75947e-10 1.11875e-10 5.69987e-11 5.69987e-11 
1.22589e-12 6.95026e-12 1.39055e-11 2.01377e-11 2.64724e-11 3.40991e-11 4.46298e-11 6.02082e-11 8.34601e-11 1.17529e-10 1.66454e-10 2.35958e-10 3.34696e-10 4.76032e-10 6.80186e-10 9.76137e-10 1.40261e-09 2.00917e-09 2.86207e-09 4.05971e-09 5.75054e-09 8.12104e-09 1.13062e-08 1.52488e-08 1.96533e-08 2.41844e-08 2.8429e-08 3.16697e-08 3.29503e-08 3.1767e-08 2.84529e-08 2.39431e-08 1.91989e-08 1.48793e-08 1.12915e-08 8.47802e-09 6.34558e-09 4.75978e-09 3.59003e-09 2.7263e-09 2.08309e-09 1.59734e-09 1.22418e-09 9.32764e-10 7.02557e-10 5.20059e-10 3.7605e-10 2.63307e-10 1.7481e-10 1.02454e-10 3.8672e-11 
4.46751e-12 1.37008e-11 2.21842e-11 3.00966e-11 3.86509e-11 4.94467e-11 6.4719e-11 8.7338e-11 1.20632e-10 1.68482e-10 2.35958e-10 3.30506e-10 4.6376e-10 6.53934e-10 9.28316e-10 1.32472e-09 1.89116e-09 2.68613e-09 3.78586e-09 5.30185e-09 7.39307e-09 1.02181e-08 1.37961e-08 1.79289e-08 2.23303e-08 2.6781e-08 3.07785e-08 3.3281e-08 3.33565e-08 3.08984e-08 2.67215e-08 2.19043e-08 1.72871e-08 1.33306e-08 1.0166e-08 7.73167e-09 5.89747e-09 4.52733e-09 3.50189e-09 2.7263e-09 2.12998e-09 1.66257e-09 1.28942e-09 9.87708e-10 7.42906e-10 5.45607e-10 3.88754e-10 2.65472e-10 1.67424e-10 8.4366e-11 8.4366e-11 
2.08153e-12 1.17229e-11 2.34326e-11 3.38787e-11 4.41703e-11 5.58677e-11 7.11707e-11 9.31749e-11 1.25634e-10 1.72625e-10 2.38815e-10 3.30506e-10 4.57402e-10 6.35091e-10 8.88037e-10 1.25209e-09 1.77516e-09 2.51616e-09 3.54629e-09 4.95853e-09 6.88165e-09 9.45773e-09 1.27283e-08 1.65223e-08 2.05853e-08 2.47964e-08 2.90928e-08 3.26182e-08 3.406e-08 3.27294e-08 2.91598e-08 2.44689e-08 1.96736e-08 1.54125e-08 1.19322e-08 9.219e-09 7.15247e-09 5.59198e-09 4.40963e-09 3.50189e-09 2.79117e-09 2.22213e-09 1.75685e-09 1.37077e-09 1.0491e-09 7.83239e-10 5.67371e-10 3.95733e-10 2.60565e-10 1.50969e-10 5.62699e-11 
7.49669e-12 2.29265e-11 3.71845e-11 5.03508e-11 6.39614e-11 8.00375e-11 1.01679e-10 1.33138e-10 1.79162e-10 2.44536e-10 3.34696e-10 4.57402e-10 6.25214e-10 8.58685e-10 1.18974e-09 1.66399e-09 2.34106e-09 3.29469e-09 4.61683e-09 6.42648e-09 8.85208e-09 1.19358e-08 1.55056e-08 1.91952e-08 2.2875e-08 2.68936e-08 3.10295e-08 3.3842e-08 3.38411e-08 3.11516e-08 2.68001e-08 2.19585e-08 1.74674e-08 1.37161e-08 1.07553e-08 8.48348e-09 6.75731e-09 5.4373e-09 4.40963e-09 3.59003e-09 2.91895e-09 2.35589e-09 1.8752e-09 1.46259e-09 1.11146e-09 8.18849e-10 5.81671e-10 3.9404e-10 2.45614e-10 1.21972e-10 1.21972e-10 
3.46727e-12 1.94436e-11 3.89703e-11 5.65199e-11 7.34621e-11 9.16046e-11 1.13695e-10 1.44184e-10 1.88807e-10 2.53295e-10 3.42917e-10 4.6376e-10 6.25214e-10 8.43213e-10 1.14405e-09 1.56813e-09 2.17243e-09 3.03168e-09 4.24188e-09 5.92789e-09 8.22641e-09 1.11975e-08 1.46794e-08 1.81788e-08 2.12702e-08 2.45384e-08 2.8683e-08 3.2672e-08 3.42187e-08 3.26403e-08 2.88488e-08 2.40862e-08 1.9432e-08 1.54563e-08 1.22827e-08 9.83753e-09 7.98009e-09 6.55698e-09 5.4373e-09 4.52733e-09 3.76393e-09 3.10515e-09 2.5249e-09 2.01005e-09 1.55718e-09 1.16802e-09 8.44481e-10 5.84657e-10 3.80502e-10 2.17218e-10 7.97026e-11 
1.23297e-11 3.77097e-11 6.15358e-11 8.36323e-11 1.05703e-10 1.29894e-10 1.60174e-10 2.02978e-10 2.65801e-10 3.55067e-10 4.76032e-10 6.35091e-10 8.43213e-10 1.11993e-09 1.49797e-09 2.02788e-09 2.78108e-09 3.85289e-09 5.37328e-09 7.49876e-09 1.03304e-08 1.37725e-08 1.7249e-08 2.00173e-08 2.2338e-08 2.58263e-08 3.06358e-08 3.3792e-08 3.3677e-08 3.06301e-08 2.6063e-08 2.12754e-08 1.71008e-08 1.37445e-08 1.11559e-08 9.20534e-09 7.72409e-09 6.55698e-09 5.59198e-09 4.75978e-09 4.01818e-09 3.34183e-09 2.71921e-09 2.15083e-09 1.64492e-09 1.21117e-09 8.54774e-10 5.72566e-10 3.5165e-10 1.71548e-10 1.71548e-10 
5.65268e-12 3.15792e-11 6.36966e-11 9.31589e-11 1.21497e-10 1.50322e-10 1.82436e-10 2.23861e-10 2.83833e-10 3.71627e-10 4.93569e-10 6.53934e-10 8.58685e-10 1.11993e-09 1.46099e-09 1.9226e-09 2.56878e-09 3.48927e-09 4.8077e-09 6.68925e-09 9.28191e-09 1.25825e-08 1.60903e-08 1.88128e-08 2.04775e-08 2.28403e-08 2.78981e-08 3.26502e-08 3.41663e-08 3.22933e-08 2.79761e-08 2.30389e-08 1.86372e-08 1.50993e-08 1.23832e-08 1.03715e-08 8.88211e-09 7.72409e-09 6.75731e-09 5.89747e-09 5.10041e-09 4.34304e-09 3.61621e-09 2.92455e-09 2.28398e-09 1.71478e-09 1.23318e-09 8.44815e-10 5.41891e-10 3.03939e-10 1.0948e-10 
1.98015e-11 6.07038e-11 1.00105e-10 1.37383e-10 1.74035e-10 2.11468e-10 2.53856e-10 3.10588e-10 3.94567e-10 5.16236e-10 6.80186e-10 8.88037e-10 1.14405e-09 1.46099e-09 1.86726e-09 2.41511e-09 3.18539e-09 4.28956e-09 5.87624e-09 8.12184e-09 1.11084e-08 1.44911e-08 1.72695e-08 1.8728e-08 2.01387e-08 2.48334e-08 3.08673e-08 3.4219e-08 3.37599e-08 3.0095e-08 2.48497e-08 2.01303e-08 1.63561e-08 1.34859e-08 1.14216e-08 9.96723e-09 8.88211e-09 7.98009e-09 7.15247e-09 6.34558e-09 5.53749e-09 4.72247e-09 3.90943e-09 3.1222e-09 2.39373e-09 1.7555e-09 1.22717e-09 8.10629e-10 4.89333e-10 2.33861e-10 2.33861e-10 
8.99954e-12 5.00297e-11 1.01869e-10 1.51003e-10 1.9897e-10 2.46273e-10 2.94351e-10 3.50116e-10 4.28238e-10 5.45787e-10 7.12491e-10 9.28316e-10 1.18974e-09 1.49797e-09 1.86726e-09 2.33456e-09 2.96682e-09 3.86196e-09 5.14352e-09 6.97579e-09 9.50524e-09 1.24685e-08 1.5148e-08 1.67596e-08 1.7844e-08 2.21526e-08 2.90195e-08 3.39621e-08 3.51877e-08 3.25137e-08 2.70511e-08 2.17281e-08 1.76122e-08 1.44906e-08 1.23248e-08 1.0921e-08 9.96723e-09 9.20534e-09 8.48348e-09 7.73167e-09 6.92225e-09 6.05123e-09 5.13197e-09 4.19607e-09 3.28991e-09 2.46368e-09 1.75704e-09 1.18805e-09 7.49415e-10 4.12092e-10 1.45367e-10 
3.0966e-11 9.52486e-11 1.59322e-10 2.22051e-10 2.84122e-10 3.44489e-10 4.05446e-10 4.7905e-10 5.87623e-10 7.51639e-10 9.76137e-10 1.25209e-09 1.56813e-09 1.9226e-09 2.33456e-09 2.85271e-09 3.55651e-09 4.54534e-09 5.95049e-09 7.95297e-09 1.0292e-08 1.25511e-08 1.41941e-08 1.57929e-08 2.04986e-08 2.83711e-08 3.42094e-08 3.65967e-08 3.56216e-08 2.99391e-08 2.37901e-08 1.9064e-08 1.55277e-08 1.31138e-08 1.1713e-08 1.0921e-08 1.03715e-08 9.83753e-09 9.219e-09 8.47802e-09 7.60352e-09 6.61035e-09 5.5377e-09 4.44536e-09 3.40408e-09 2.47902e-09 1.71226e-09 1.1132e-09 6.59341e-10 3.08055e-10 3.08055e-10 
1.39859e-11 7.70456e-11 1.58716e-10 2.39459e-10 3.20788e-10 4.00664e-10 4.76332e-10 5.52849e-10 6.51226e-10 8.03544e-10 1.03017e-09 1.32472e-09 1.66399e-09 2.02788e-09 2.41511e-09 2.85271e-09 3.39805e-09 4.12014e-09 5.11295e-09 6.55306e-09 8.2453e-09 9.7388e-09 1.13385e-08 1.43512e-08 2.03987e-08 3.00042e-08 3.70536e-08 3.90251e-08 3.95828e-08 3.42908e-08 2.66879e-08 2.11121e-08 1.68597e-08 1.39324e-08 1.23775e-08 1.1713e-08 1.14216e-08 1.11559e-08 1.07553e-08 1.0166e-08 9.36307e-09 8.35003e-09 7.17047e-09 5.89786e-09 4.62397e-09 3.44303e-09 2.42922e-09 1.61824e-09 1.00248e-09 5.39711e-10 1.86086e-10 
4.70519e-11 1.45142e-10 2.4693e-10 3.51101e-10 4.56906e-10 5.5815e-10 6.50977e-10 7.46923e-10 8.81182e-10 1.09565e-09 1.40261e-09 1.77516e-09 2.17243e-09 2.56878e-09 2.96682e-09 3.39805e-09 3.89939e-09 4.51213e-09 5.39615e-09 6.49374e-09 7.24429e-09 9.26186e-09 1.44001e-08 2.29441e-08 3.55599e-08 4.32269e-08 4.45076e-08 4.55322e-08 4.10669e-08 3.13103e-08 2.42499e-08 1.89869e-08 1.50722e-08 1.30617e-08 1.23775e-08 1.23248e-08 1.23832e-08 1.22827e-08 1.19322e-08 1.12915e-08 1.0338e-08 9.10422e-09 7.67582e-09 6.16642e-09 4.70063e-09 3.39095e-09 2.31022e-09 1.47657e-09 8.57441e-10 3.91108e-10 3.91108e-10 
2.12143e-11 1.15039e-10 2.39994e-10 3.69619e-10 5.05866e-10 6.42421e-10 7.67878e-10 8.79415e-10 1.00138e-09 1.18876e-09 1.48835e-09 1.89116e-09 2.34106e-09 2.78108e-09 3.18539e-09 3.55651e-09 3.89939e-09 4.19459e-09 4.54474e-09 5.0938e-09 5.7987e-09 9.14015e-09 1.77442e-08 2.84143e-08 4.23234e-08 5.30086e-08 5.42947e-08 5.48374e-08 5.15041e-08 3.91332e-08 2.92864e-08 2.26273e-08 1.70839e-08 1.40678e-08 1.30617e-08 1.31138e-08 1.34859e-08 1.37445e-08 1.37161e-08 1.33306e-08 1.25359e-08 1.13288e-08 9.7928e-09 8.06428e-09 6.29932e-09 4.65184e-09 3.24152e-09 2.12542e-09 1.29258e-09 6.81028e-10 2.29184e-10 
6.93987e-11 2.14205e-10 3.71183e-10 5.40043e-10 7.18444e-10 8.91654e-10 1.04285e-09 1.17508e-09 1.33477e-09 1.59991e-09 2.00917e-09 2.51616e-09 3.03168e-09 3.48927e-09 3.86196e-09 4.12014e-09 4.19459e-09 4.08364e-09 4.08847e-09 5.64881e-09 1.19364e-08 2.37341e-08 3.93697e-08 5.47151e-08 6.73865e-08 7.16242e-08 6.72435e-08 6.48123e-08 5.16348e-08 3.77255e-08 2.89288e-08 2.08733e-08 1.59535e-08 1.40678e-08 1.39324e-08 1.44906e-08 1.50993e-08 1.54563e-08 1.54125e-08 1.48793e-08 1.38056e-08 1.22404e-08 1.03337e-08 8.27541e-09 6.2624e-09 4.4674e-09 2.99974e-09 1.88471e-09 1.07326e-09 4.77654e-10 4.77654e-10 
3.14312e-11 1.66287e-10 3.51184e-10 5.52903e-10 7.75371e-10 1.00665e-09 1.22097e-09 1.39784e-09 1.55494e-09 1.77199e-09 2.14599e-09 2.68613e-09 3.29469e-09 3.85289e-09 4.28956e-09 4.54534e-09 4.51213e-09 4.08364e-09 3.57646e-09 6.32372e-09 1.51372e-08 3.1991e-08 5.37479e-08 8.28406e-08 9.87839e-08 1.03251e-07 9.75939e-08 8.58799e-08 6.87817e-08 5.20419e-08 3.91251e-08 2.79296e-08 1.9682e-08 1.59535e-08 1.50722e-08 1.55277e-08 1.63561e-08 1.71008e-08 1.74674e-08 1.72871e-08 1.64621e-08 1.49784e-08 1.29663e-08 1.06464e-08 8.26123e-09 6.03966e-09 4.15366e-09 2.68108e-09 1.60176e-09 8.26326e-10 2.71173e-10 
9.93611e-11 3.05672e-10 5.39502e-10 8.04171e-10 1.09683e-09 1.39108e-09 1.64837e-09 1.8497e-09 2.04102e-09 2.34492e-09 2.86207e-09 3.54629e-09 4.24188e-09 4.8077e-09 5.14352e-09 5.11295e-09 4.54474e-09 3.57646e-09 7.03879e-09 1.81016e-08 4.01699e-08 7.12458e-08 1.16709e-07 1.48629e-07 1.58762e-07 1.51193e-07 1.35156e-07 9.57494e-08 7.80176e-08 5.37313e-08 3.99359e-08 2.6896e-08 1.9682e-08 1.70839e-08 1.68597e-08 1.76122e-08 1.86372e-08 1.9432e-08 1.96736e-08 1.91989e-08 1.79255e-08 1.59185e-08 1.34023e-08 1.0666e-08 7.99781e-09 5.63836e-09 3.73274e-09 2.30778e-09 1.29035e-09 5.60394e-10 5.60394e-10 
4.551e-11 2.32606e-10 4.96451e-10 7.98893e-10 1.14903e-09 1.52942e-09 1.89435e-09 2.19298e-09 2.41816e-09 2.66174e-09 3.0922e-09 3.78586e-09 4.61683e-09 5.37328e-09 5.87624e-09 5.95049e-09 5.39615e-09 4.08847e-09 7.03879e-09 1.9958e-08 4.82915e-08 8.97608e-08 1.489e-07 1.82944e-07 1.88887e-07 1.90291e-07 1.80649e-07 1.51837e-07 1.14793e-07 7.64668e-08 5.70311e-08 3.96141e-08 2.6896e-08 2.08733e-08 1.89869e-08 1.9064e-08 2.01303e-08 2.12754e-08 2.19585e-08 2.19043e-08 2.09618e-08 1.90994e-08 1.64946e-08 1.34642e-08 1.03589e-08 7.49296e-09 5.08851e-09 3.23764e-09 1.90348e-09 9.62819e-10 3.07967e-10 
1.382e-10 4.21564e-10 7.56834e-10 1.15517e-09 1.61635e-09 2.10092e-09 2.53997e-09 2.87481e-09 3.12677e-09 3.45333e-09 4.05971e-09 4.95853e-09 5.92789e-09 6.68925e-09 6.97579e-09 6.55306e-09 5.0938e-09 6.32372e-09 1.9958e-08 5.18681e-08 1.11304e-07 1.68911e-07 1.95854e-07 2.23287e-07 2.33656e-07 2.25427e-07 2.04128e-07 1.71995e-07 1.20668e-07 7.75001e-08 5.77224e-08 3.96141e-08 2.79296e-08 2.26273e-08 2.11121e-08 2.17281e-08 2.30389e-08 2.40862e-08 2.44689e-08 2.39431e-08 2.23684e-08 1.98222e-08 1.66015e-08 1.31075e-08 9.73362e-09 6.78607e-09 4.43637e-09 2.70476e-09 1.4881e-09 6.31096e-10 6.31096e-10 
6.4373e-11 3.1506e-10 6.7764e-10 1.11285e-09 1.64001e-09 2.23877e-09 2.84035e-09 3.35107e-09 3.7145e-09 4.00439e-09 4.46254e-09 5.30185e-09 6.42648e-09 7.49876e-09 8.12184e-09 7.95297e-09 6.49374e-09 5.64881e-09 1.81016e-08 5.18681e-08 1.20991e-07 1.80302e-07 2.14335e-07 2.50446e-07 2.6718e-07 2.69915e-07 2.56882e-07 2.29008e-07 1.85021e-07 1.31164e-07 7.77152e-08 5.77224e-08 3.99359e-08 2.89288e-08 2.42499e-08 2.37901e-08 2.48497e-08 2.6063e-08 2.68001e-08 2.67215e-08 2.5549e-08 2.32256e-08 1.99687e-08 1.61848e-08 1.23427e-08 8.84088e-09 5.93947e-09 3.73433e-09 2.16636e-09 1.07659e-09 3.35554e-10 
1.86926e-10 5.62188e-10 1.02418e-09 1.59754e-09 2.28991e-09 3.05085e-09 3.77584e-09 4.34889e-09 4.73351e-09 5.08927e-09 5.75054e-09 6.88165e-09 8.22641e-09 9.28191e-09 9.50524e-09 8.2453e-09 5.7987e-09 1.51372e-08 4.82915e-08 1.20991e-07 1.86488e-07 2.27183e-07 2.66055e-07 2.91955e-07 3.08426e-07 3.0596e-07 2.86501e-07 2.47881e-07 1.9672e-07 1.34973e-07 7.77152e-08 5.70311e-08 3.91251e-08 2.92864e-08 2.66879e-08 2.70511e-08 2.79761e-08 2.88488e-08 2.91598e-08 2.84529e-08 2.64989e-08 2.33922e-08 1.9477e-08 1.52593e-08 1.12351e-08 7.76226e-09 5.0249e-09 3.03033e-09 1.6452e-09 6.82026e-10 6.82026e-10 
8.88163e-11 4.13688e-10 8.93579e-10 1.49372e-09 2.24989e-09 3.1442e-09 4.08637e-09 4.93215e-09 5.55112e-09 5.95684e-09 6.43631e-09 7.39307e-09 8.85208e-09 1.03304e-08 1.11084e-08 1.0292e-08 7.24429e-09 1.19364e-08 4.01699e-08 1.11304e-07 1.86488e-07 2.34748e-07 2.73187e-07 3.12342e-07 3.35982e-07 3.42784e-07 3.3591e-07 3.11405e-07 2.6138e-07 2.00269e-07 1.34973e-07 7.75001e-08 5.37313e-08 3.77255e-08 3.13103e-08 2.99391e-08 3.0095e-08 3.06301e-08 3.11516e-08 3.08984e-08 2.94182e-08 2.66435e-08 2.28052e-08 1.83695e-08 1.39086e-08 9.88892e-09 6.59213e-09 4.10935e-09 2.36013e-09 1.15513e-09 3.50738e-10 
2.46009e-10 7.25792e-10 1.33773e-09 2.12602e-09 3.11268e-09 4.24191e-09 5.37508e-09 6.32738e-09 6.97162e-09 7.42109e-09 8.12104e-09 9.45773e-09 1.11975e-08 1.25825e-08 1.24685e-08 9.7388e-09 9.14015e-09 3.1991e-08 8.97608e-08 1.80302e-07 2.34748e-07 2.79792e-07 3.24298e-07 3.53776e-07 3.71191e-07 3.75241e-07 3.61594e-07 3.23188e-07 2.67049e-07 2.00269e-07 1.31164e-07 7.64668e-08 5.20419e-08 3.91332e-08 3.42908e-08 3.25137e-08 3.22933e-08 3.26403e-08 3.27294e-08 3.1767e-08 2.94719e-08 2.59318e-08 2.14996e-08 1.67529e-08 1.22641e-08 8.4243e-09 5.41947e-09 3.24464e-09 1.74386e-09 7.07415e-10 7.07415e-10 
1.19223e-10 5.27185e-10 1.13967e-09 1.93313e-09 2.96588e-09 4.22923e-09 5.61795e-09 6.93848e-09 7.96973e-09 8.62582e-09 9.18307e-09 1.02181e-08 1.19358e-08 1.37725e-08 1.44911e-08 1.25511e-08 9.26186e-09 2.37341e-08 7.12458e-08 1.68911e-07 2.27183e-07 2.79792e-07 3.31109e-07 3.64123e-07 3.9181e-07 4.04707e-07 4.02204e-07 3.76496e-07 3.27866e-07 2.67049e-07 1.9672e-07 1.20668e-07 7.80176e-08 5.16348e-08 4.10669e-08 3.56216e-08 3.37599e-08 3.3677e-08 3.38411e-08 3.33565e-08 3.16402e-08 2.85937e-08 2.44192e-08 1.96074e-08 1.47887e-08 1.04742e-08 6.95424e-09 4.31464e-09 2.46223e-09 1.18984e-09 3.51757e-10 
3.14946e-10 9.08204e-10 1.68844e-09 2.72482e-09 4.05959e-09 5.63905e-09 7.29852e-09 8.78449e-09 9.8582e-09 1.05406e-08 1.13062e-08 1.27283e-08 1.46794e-08 1.60903e-08 1.5148e-08 1.13385e-08 1.77442e-08 5.37479e-08 1.489e-07 2.14335e-07 2.73187e-07 3.31109e-07 3.69697e-07 4.03524e-07 4.23781e-07 4.29596e-07 4.18504e-07 3.83318e-07 3.27866e-07 2.6138e-07 1.85021e-07 1.14793e-07 6.87817e-08 5.15041e-08 3.95828e-08 3.51877e-08 3.41663e-08 3.42187e-08 3.406e-08 3.29503e-08 3.05471e-08 2.68705e-08 2.22631e-08 1.73207e-08 1.26563e-08 8.67698e-09 5.56886e-09 3.32261e-09 1.77359e-09 7.04593e-10 7.04593e-10 
1.55239e-10 6.52415e-10 1.40752e-09 2.41518e-09 3.76073e-09 5.45044e-09 7.37309e-09 9.29484e-09 1.09037e-08 1.19902e-08 1.27498e-08 1.37961e-08 1.55056e-08 1.7249e-08 1.72695e-08 1.41941e-08 1.44001e-08 3.93697e-08 1.16709e-07 1.95854e-07 2.66055e-07 3.24298e-07 3.69697e-07 4.08273e-07 4.33213e-07 4.48201e-07 4.44483e-07 4.2515e-07 3.83318e-07 3.23188e-07 2.47881e-07 1.71995e-07 9.57494e-08 6.48123e-08 4.55322e-08 3.65967e-08 3.4219e-08 3.3792e-08 3.3842e-08 3.3281e-08 3.16034e-08 2.8616e-08 2.44849e-08 1.968e-08 1.48488e-08 1.05178e-08 6.98177e-09 4.32775e-09 2.46268e-09 1.1777e-09 3.38603e-10 
3.91735e-10 1.1023e-09 2.06162e-09 3.36776e-09 5.08687e-09 7.17354e-09 9.44748e-09 1.15965e-08 1.32726e-08 1.43635e-08 1.52488e-08 1.65223e-08 1.81788e-08 1.88128e-08 1.67596e-08 1.43512e-08 2.84143e-08 8.28406e-08 1.82944e-07 2.50446e-07 3.12342e-07 3.64123e-07 4.08273e-07 4.36739e-07 4.58507e-07 4.64465e-07 4.51319e-07 4.2515e-07 3.76496e-07 3.11405e-07 2.29008e-07 1.51837e-07 8.58799e-08 5.48374e-08 3.90251e-08 3.39621e-08 3.26502e-08 3.2672e-08 3.26182e-08 3.16697e-08 2.94822e-08 2.60532e-08 2.16648e-08 1.69018e-08 1.23765e-08 8.50004e-09 5.46227e-09 3.25935e-09 1.73311e-09 6.74461e-10 6.74461e-10 
1.95506e-10 7.83847e-10 1.68425e-09 2.91596e-09 4.59363e-09 6.74174e-09 9.24989e-09 1.18558e-08 1.41695e-08 1.58581e-08 1.69499e-08 1.79289e-08 1.91952e-08 2.00173e-08 1.8728e-08 1.57929e-08 2.29441e-08 5.47151e-08 1.48629e-07 2.23287e-07 2.91955e-07 3.53776e-07 4.03524e-07 4.36739e-07 4.62417e-07 4.75344e-07 4.72039e-07 4.51319e-07 4.18504e-07 3.61594e-07 2.86501e-07 2.04128e-07 1.35156e-07 6.72435e-08 4.45076e-08 3.42094e-08 3.08673e-08 3.06358e-08 3.10295e-08 3.07785e-08 2.93994e-08 2.68077e-08 2.30826e-08 1.8649e-08 1.41308e-08 1.00446e-08 6.6886e-09 4.15606e-09 2.36565e-09 1.12168e-09 3.13005e-10 
4.72478e-10 1.29739e-09 2.43612e-09 4.01774e-09 6.13381e-09 8.75037e-09 1.16788e-08 1.45629e-08 1.69603e-08 1.86062e-08 1.96533e-08 2.05853e-08 2.12702e-08 2.04775e-08 1.7844e-08 2.03987e-08 4.23234e-08 9.87839e-08 1.88887e-07 2.6718e-07 3.35982e-07 3.9181e-07 4.33213e-07 4.62417e-07 4.78184e-07 4.8133e-07 4.72039e-07 4.44483e-07 4.02204e-07 3.3591e-07 2.56882e-07 1.80649e-07 9.75939e-08 5.42947e-08 3.70536e-08 2.90195e-08 2.78981e-08 2.8683e-08 2.90928e-08 2.8429e-08 2.66853e-08 2.37851e-08 1.99276e-08 1.56463e-08 1.15178e-08 7.94749e-09 5.12885e-09 3.06988e-09 1.63014e-09 6.2121e-10 6.2121e-10 
2.37573e-10 9.13212e-10 1.95185e-09 3.40243e-09 5.4093e-09 8.01635e-09 1.11171e-08 1.44296e-08 1.75057e-08 1.98932e-08 2.1421e-08 2.23303e-08 2.2875e-08 2.2338e-08 2.01387e-08 2.04986e-08 3.55599e-08 6.73865e-08 1.58762e-07 2.33656e-07 3.08426e-07 3.71191e-07 4.23781e-07 4.58507e-07 4.78184e-07 4.82248e-07 4.8133e-07 4.64465e-07 4.29596e-07 3.75241e-07 3.0596e-07 2.25427e-07 1.51193e-07 7.16242e-08 4.32269e-08 2.83711e-08 2.48334e-08 2.58263e-08 2.68936e-08 2.6781e-08 2.57452e-08 2.37011e-08 2.0603e-08 1.67887e-08 1.28119e-08 9.16294e-09 6.13605e-09 3.83207e-09 2.18749e-09 1.0298e-09 2.78046e-10 
5.5137e-10 1.47907e-09 2.78361e-09 4.62524e-09 7.12087e-09 1.02492e-08 1.38172e-08 1.74378e-08 2.05928e-08 2.28618e-08 2.41844e-08 2.47964e-08 2.45384e-08 2.28403e-08 2.21526e-08 3.00042e-08 5.30086e-08 1.03251e-07 1.90291e-07 2.69915e-07 3.42784e-07 4.04707e-07 4.48201e-07 4.75344e-07 4.82248e-07 4.82248e-07 4.75344e-07 4.48201e-07 4.04707e-07 3.42784e-07 2.69915e-07 1.90291e-07 1.03251e-07 5.30086e-08 3.00042e-08 2.21526e-08 2.28403e-08 2.45384e-08 2.47964e-08 2.41844e-08 2.28618e-08 2.05928e-08 1.74378e-08 1.38172e-08 1.02492e-08 7.12087e-09 4.62524e-09 2.78361e-09 1.47907e-09 5.5137e-10 5.5137e-10 
2.78046e-10 1.0298e-09 2.18749e-09 3.83207e-09 6.13605e-09 9.16294e-09 1.28119e-08 1.67887e-08 2.0603e-08 2.37011e-08 2.57452e-08 2.6781e-08 2.68936e-08 2.58263e-08 2.48334e-08 2.83711e-08 4.32269e-08 7.16242e-08 1.51193e-07 2.25427e-07 3.0596e-07 3.75241e-07 4.29596e-07 4.64465e-07 4.8133e-07 4.82248e-07 4.78184e-07 4.58507e-07 4.23781e-07 3.71191e-07 3.08426e-07 2.33656e-07 1.58762e-07 6.73865e-08 3.55599e-08 2.04986e-08 2.01387e-08 2.2338e-08 2.2875e-08 2.23303e-08 2.1421e-08 1.98932e-08 1.75057e-08 1.44296e-08 1.11171e-08 8.01635e-09 5.4093e-09 3.40243e-09 1.95185e-09 9.13212e-10 2.37573e-10 
6.2121e-10 1.63014e-09 3.06988e-09 5.12885e-09 7.94749e-09 1.15178e-08 1.56463e-08 1.99276e-08 2.37851e-08 2.66853e-08 2.8429e-08 2.90928e-08 2.8683e-08 2.78981e-08 2.90195e-08 3.70536e-08 5.42947e-08 9.75939e-08 1.80649e-07 2.56882e-07 3.3591e-07 4.02204e-07 4.44483e-07 4.72039e-07 4.8133e-07 4.78184e-07 4.62417e-07 4.33213e-07 3.9181e-07 3.35982e-07 2.6718e-07 1.88887e-07 9.87839e-08 4.23234e-08 2.03987e-08 1.7844e-08 2.04775e-08 2.12702e-08 2.05853e-08 1.96533e-08 1.86062e-08 1.69603e-08 1.45629e-08 1.16788e-08 8.75037e-09 6.13381e-09 4.01774e-09 2.43612e-09 1.29739e-09 4.72478e-10 4.72478e-10 
3.13005e-10 1.12168e-09 2.36565e-09 4.15606e-09 6.6886e-09 1.00446e-08 1.41308e-08 1.8649e-08 2.30826e-08 2.68077e-08 2.93994e-08 3.07785e-08 3.10295e-08 3.06358e-08 3.08673e-08 3.42094e-08 4.45076e-08 6.72435e-08 1.35156e-07 2.04128e-07 2.86501e-07 3.61594e-07 4.18504e-07 4.51319e-07 4.72039e-07 4.75344e-07 4.62417e-07 4.36739e-07 4.03524e-07 3.53776e-07 2.91955e-07 2.23287e-07 1.48629e-07 5.47151e-08 2.29441e-08 1.57929e-08 1.8728e-08 2.00173e-08 1.91952e-08 1.79289e-08 1.69499e-08 1.58581e-08 1.41695e-08 1.18558e-08 9.24989e-09 6.74174e-09 4.59363e-09 2.91596e-09 1.68425e-09 7.83847e-10 1.95506e-10 
6.74461e-10 1.73311e-09 3.25935e-09 5.46227e-09 8.50004e-09 1.23765e-08 1.69018e-08 2.16648e-08 2.60532e-08 2.94822e-08 3.16697e-08 3.26182e-08 3.2672e-08 3.26502e-08 3.39621e-08 3.90251e-08 5.48374e-08 8.58799e-08 1.51837e-07 2.29008e-07 3.11405e-07 3.76496e-07 4.2515e-07 4.51319e-07 4.64465e-07 4.58507e-07 4.36739e-07 4.08273e-07 3.64123e-07 3.12342e-07 2.50446e-07 1.82944e-07 8.28406e-08 2.84143e-08 1.43512e-08 1.67596e-08 1.88128e-08 1.81788e-08 1.65223e-08 1.52488e-08 1.43635e-08 1.32726e-08 1.15965e-08 9.44748e-09 7.17354e-09 5.08687e-09 3.36776e-09 2.06162e-09 1.1023e-09 3.91735e-10 3.91735e-10 
3.38603e-10 1.1777e-09 2.46268e-09 4.32775e-09 6.98177e-09 1.05178e-08 1.48488e-08 1.968e-08 2.44849e-08 2.8616e-08 3.16034e-08 3.3281e-08 3.3842e-08 3.3792e-08 3.4219e-08 3.65967e-08 4.55322e-08 6.48123e-08 9.57494e-08 1.71995e-07 2.47881e-07 3.23188e-07 3.83318e-07 4.2515e-07 4.44483e-07 4.48201e-07 4.33213e-07 4.08273e-07 3.69697e-07 3.24298e-07 2.66055e-07 1.95854e-07 1.16709e-07 3.93697e-08 1.44001e-08 1.41941e-08 1.72695e-08 1.7249e-08 1.55056e-08 1.37961e-08 1.27498e-08 1.19902e-08 1.09037e-08 9.29484e-09 7.37309e-09 5.45044e-09 3.76073e-09 2.41518e-09 1.40752e-09 6.52415e-10 1.55239e-10 
7.04593e-10 1.77359e-09 3.32261e-09 5.56886e-09 8.67698e-09 1.26563e-08 1.73207e-08 2.22631e-08 2.68705e-08 3.05471e-08 3.29503e-08 3.406e-08 3.42187e-08 3.41663e-08 3.51877e-08 3.95828e-08 5.15041e-08 6.87817e-08 1.14793e-07 1.85021e-07 2.6138e-07 3.27866e-07 3.83318e-07 4.18504e-07 4.29596e-07 4.23781e-07 4.03524e-07 3.69697e-07 3.31109e-07 2.73187e-07 2.14335e-07 1.489e-07 5.37479e-08 1.77442e-08 1.13385e-08 1.5148e-08 1.60903e-08 1.46794e-08 1.27283e-08 1.13062e-08 1.05406e-08 9.8582e-09 8.78449e-09 7.29852e-09 5.63905e-09 4.05959e-09 2.72482e-09 1.68844e-09 9.08204e-10 3.14946e-10 3.14946e-10 
3.51757e-10 1.18984e-09 2.46223e-09 4.31464e-09 6.95424e-09 1.04742e-08 1.47887e-08 1.96074e-08 2.44192e-08 2.85937e-08 3.16402e-08 3.33565e-08 3.38411e-08 3.3677e-08 3.37599e-08 3.56216e-08 4.10669e-08 5.16348e-08 7.80176e-08 1.20668e-07 1.9672e-07 2.67049e-07 3.27866e-07 3.76496e-07 4.02204e-07 4.04707e-07 3.9181e-07 3.64123e-07 3.31109e-07 2.79792e-07 2.27183e-07 1.68911e-07 7.12458e-08 2.37341e-08 9.26186e-09 1.25511e-08 1.44911e-08 1.37725e-08 1.19358e-08 1.02181e-08 9.18307e-09 8.62582e-09 7.96973e-09 6.93848e-09 5.61795e-09 4.22923e-09 2.96588e-09 1.93313e-09 1.13967e-09 5.27185e-10 1.19223e-10 
7.07415e-10 1.74386e-09 3.24464e-09 5.41947e-09 8.4243e-09 1.22641e-08 1.67529e-08 2.14996e-08 2.59318e-08 2.94719e-08 3.1767e-08 3.27294e-08 3.26403e-08 3.22933e-08 3.25137e-08 3.42908e-08 3.91332e-08 5.20419e-08 7.64668e-08 1.31164e-07 2.00269e-07 2.67049e-07 3.23188e-07 3.61594e-07 3.75241e-07 3.71191e-07 3.53776e-07 3.24298e-07 2.79792e-07 2.34748e-07 1.80302e-07 8.97608e-08 3.1991e-08 9.14015e-09 9.7388e-09 1.24685e-08 1.25825e-08 1.11975e-08 9.45773e-09 8.12104e-09 7.42109e-09 6.97162e-09 6.32738e-09 5.37508e-09 4.24191e-09 3.11268e-09 2.12602e-09 1.33773e-09 7.25792e-10 2.46009e-10 2.46009e-10 
3.50738e-10 1.15513e-09 2.36013e-09 4.10935e-09 6.59213e-09 9.88892e-09 1.39086e-08 1.83695e-08 2.28052e-08 2.66435e-08 2.94182e-08 3.08984e-08 3.11516e-08 3.06301e-08 3.0095e-08 2.99391e-08 3.13103e-08 3.77255e-08 5.37313e-08 7.75001e-08 1.34973e-07 2.00269e-07 2.6138e-07 3.11405e-07 3.3591e-07 3.42784e-07 3.35982e-07 3.12342e-07 2.73187e-07 2.34748e-07 1.86488e-07 1.11304e-07 4.01699e-08 1.19364e-08 7.24429e-09 1.0292e-08 1.11084e-08 1.03304e-08 8.85208e-09 7.39307e-09 6.43631e-09 5.95684e-09 5.55112e-09 4.93215e-09 4.08637e-09 3.1442e-09 2.24989e-09 1.49372e-09 8.93579e-10 4.13688e-10 8.88163e-11 
6.82026e-10 1.6452e-09 3.03033e-09 5.0249e-09 7.76226e-09 1.12351e-08 1.52593e-08 1.9477e-08 2.33922e-08 2.64989e-08 2.84529e-08 2.91598e-08 2.88488e-08 2.79761e-08 2.70511e-08 2.66879e-08 2.92864e-08 3.91251e-08 5.70311e-08 7.77152e-08 1.34973e-07 1.9672e-07 2.47881e-07 2.86501e-07 3.0596e-07 3.08426e-07 2.91955e-07 2.66055e-07 2.27183e-07 1.86488e-07 1.20991e-07 4.82915e-08 1.51372e-08 5.7987e-09 8.2453e-09 9.50524e-09 9.28191e-09 8.22641e-09 6.88165e-09 5.75054e-09 5.08927e-09 4.73351e-09 4.34889e-09 3.77584e-09 3.05085e-09 2.28991e-09 1.59754e-09 1.02418e-09 5.62188e-10 1.86926e-10 1.86926e-10 
3.35554e-10 1.07659e-09 2.16636e-09 3.73433e-09 5.93947e-09 8.84088e-09 1.23427e-08 1.61848e-08 1.99687e-08 2.32256e-08 2.5549e-08 2.67215e-08 2.68001e-08 2.6063e-08 2.48497e-08 2.37901e-08 2.42499e-08 2.89288e-08 3.99359e-08 5.77224e-08 7.77152e-08 1.31164e-07 1.85021e-07 2.29008e-07 2.56882e-07 2.69915e-07 2.6718e-07 2.50446e-07 2.14335e-07 1.80302e-07 1.20991e-07 5.18681e-08 1.81016e-08 5.64881e-09 6.49374e-09 7.95297e-09 8.12184e-09 7.49876e-09 6.42648e-09 5.30185e-09 4.46254e-09 4.00439e-09 3.7145e-09 3.35107e-09 2.84035e-09 2.23877e-09 1.64001e-09 1.11285e-09 6.7764e-10 3.1506e-10 6.4373e-11 
6.31096e-10 1.4881e-09 2.70476e-09 4.43637e-09 6.78607e-09 9.73362e-09 1.31075e-08 1.66015e-08 1.98222e-08 2.23684e-08 2.39431e-08 2.44689e-08 2.40862e-08 2.30389e-08 2.17281e-08 2.11121e-08 2.26273e-08 2.79296e-08 3.96141e-08 5.77224e-08 7.75001e-08 1.20668e-07 1.71995e-07 2.04128e-07 2.25427e-07 2.33656e-07 2.23287e-07 1.95854e-07 1.68911e-07 1.11304e-07 5.18681e-08 1.9958e-08 6.32372e-09 5.0938e-09 6.55306e-09 6.97579e-09 6.68925e-09 5.92789e-09 4.95853e-09 4.05971e-09 3.45333e-09 3.12677e-09 2.87481e-09 2.53997e-09 2.10092e-09 1.61635e-09 1.15517e-09 7.56834e-10 4.21564e-10 1.382e-10 1.382e-10 
3.07967e-10 9.62819e-10 1.90348e-09 3.23764e-09 5.08851e-09 7.49296e-09 1.03589e-08 1.34642e-08 1.64946e-08 1.90994e-08 2.09618e-08 2.19043e-08 2.19585e-08 2.12754e-08 2.01303e-08 1.9064e-08 1.89869e-08 2.08733e-08 2.6896e-08 3.96141e-08 5.70311e-08 7.64668e-08 1.14793e-07 1.51837e-07 1.80649e-07 1.90291e-07 1.88887e-07 1.82944e-07 1.489e-07 8.97608e-08 4.82915e-08 1.9958e-08 7.03879e-09 4.08847e-09 5.39615e-09 5.95049e-09 5.87624e-09 5.37328e-09 4.61683e-09 3.78586e-09 3.0922e-09 2.66174e-09 2.41816e-09 2.19298e-09 1.89435e-09 1.52942e-09 1.14903e-09 7.98893e-10 4.96451e-10 2.32606e-10 4.551e-11 
5.60394e-10 1.29035e-09 2.30778e-09 3.73274e-09 5.63836e-09 7.99781e-09 1.0666e-08 1.34023e-08 1.59185e-08 1.79255e-08 1.91989e-08 1.96736e-08 1.9432e-08 1.86372e-08 1.76122e-08 1.68597e-08 1.70839e-08 1.9682e-08 2.6896e-08 3.99359e-08 5.37313e-08 7.80176e-08 9.57494e-08 1.35156e-07 1.51193e-07 1.58762e-07 1.48629e-07 1.16709e-07 7.12458e-08 4.01699e-08 1.81016e-08 7.03879e-09 3.57646e-09 4.54474e-09 5.11295e-09 5.14352e-09 4.8077e-09 4.24188e-09 3.54629e-09 2.86207e-09 2.34492e-09 2.04102e-09 1.8497e-09 1.64837e-09 1.39108e-09 1.09683e-09 8.04171e-10 5.39502e-10 3.05672e-10 9.93611e-11 9.93611e-11 
2.71173e-10 8.26326e-10 1.60176e-09 2.68108e-09 4.15366e-09 6.03966e-09 8.26123e-09 1.06464e-08 1.29663e-08 1.49784e-08 1.64621e-08 1.72871e-08 1.74674e-08 1.71008e-08 1.63561e-08 1.55277e-08 1.50722e-08 1.59535e-08 1.9682e-08 2.79296e-08 3.91251e-08 5.20419e-08 6.87817e-08 8.58799e-08 9.75939e-08 1.03251e-07 9.87839e-08 8.28406e-08 5.37479e-08 3.1991e-08 1.51372e-08 6.32372e-09 3.57646e-09 4.08364e-09 4.51213e-09 4.54534e-09 4.28956e-09 3.85289e-09 3.29469e-09 2.68613e-09 2.14599e-09 1.77199e-09 1.55494e-09 1.39784e-09 1.22097e-09 1.00665e-09 7.75371e-10 5.52903e-10 3.51184e-10 1.66287e-10 3.14312e-11 
4.77654e-10 1.07326e-09 1.88471e-09 2.99974e-09 4.4674e-09 6.2624e-09 8.27541e-09 1.03337e-08 1.22404e-08 1.38056e-08 1.48793e-08 1.54125e-08 1.54563e-08 1.50993e-08 1.44906e-08 1.39324e-08 1.40678e-08 1.59535e-08 2.08733e-08 2.89288e-08 3.77255e-08 5.16348e-08 6.48123e-08 6.72435e-08 7.16242e-08 6.73865e-08 5.47151e-08 3.93697e-08 2.37341e-08 1.19364e-08 5.64881e-09 4.08847e-09 4.08364e-09 4.19459e-09 4.12014e-09 3.86196e-09 3.48927e-09 3.03168e-09 2.51616e-09 2.00917e-09 1.59991e-09 1.33477e-09 1.17508e-09 1.04285e-09 8.91654e-10 7.18444e-10 5.40043e-10 3.71183e-10 2.14205e-10 6.93987e-11 6.93987e-11 
2.29184e-10 6.81028e-10 1.29258e-09 2.12542e-09 3.24152e-09 4.65184e-09 6.29932e-09 8.06428e-09 9.7928e-09 1.13288e-08 1.25359e-08 1.33306e-08 1.37161e-08 1.37445e-08 1.34859e-08 1.31138e-08 1.30617e-08 1.40678e-08 1.70839e-08 2.26273e-08 2.92864e-08 3.91332e-08 5.15041e-08 5.48374e-08 5.42947e-08 5.30086e-08 4.23234e-08 2.84143e-08 1.77442e-08 9.14015e-09 5.7987e-09 5.0938e-09 4.54474e-09 4.19459e-09 3.89939e-09 3.55651e-09 3.18539e-09 2.78108e-09 2.34106e-09 1.89116e-09 1.48835e-09 1.18876e-09 1.00138e-09 8.79415e-10 7.67878e-10 6.42421e-10 5.05866e-10 3.69619e-10 2.39994e-10 1.15039e-10 2.12143e-11 
3.91108e-10 8.57441e-10 1.47657e-09 2.31022e-09 3.39095e-09 4.70063e-09 6.16642e-09 7.67582e-09 9.10422e-09 1.0338e-08 1.12915e-08 1.19322e-08 1.22827e-08 1.23832e-08 1.23248e-08 1.23775e-08 1.30617e-08 1.50722e-08 1.89869e-08 2.42499e-08 3.13103e-08 4.10669e-08 4.55322e-08 4.45076e-08 4.32269e-08 3.55599e-08 2.29441e-08 1.44001e-08 9.26186e-09 7.24429e-09 6.49374e-09 5.39615e-09 4.51213e-09 3.89939e-09 3.39805e-09 2.96682e-09 2.56878e-09 2.17243e-09 1.77516e-09 1.40261e-09 1.09565e-09 8.81182e-10 7.46923e-10 6.50977e-10 5.5815e-10 4.56906e-10 3.51101e-10 2.4693e-10 1.45142e-10 4.70519e-11 4.70519e-11 
1.86086e-10 5.39711e-10 1.00248e-09 1.61824e-09 2.42922e-09 3.44303e-09 4.62397e-09 5.89786e-09 7.17047e-09 8.35003e-09 9.36307e-09 1.0166e-08 1.07553e-08 1.11559e-08 1.14216e-08 1.1713e-08 1.23775e-08 1.39324e-08 1.68597e-08 2.11121e-08 2.66879e-08 3.42908e-08 3.95828e-08 3.90251e-08 3.70536e-08 3.00042e-08 2.03987e-08 1.43512e-08 1.13385e-08 9.7388e-09 8.2453e-09 6.55306e-09 5.11295e-09 4.12014e-09 3.39805e-09 2.85271e-09 2.41511e-09 2.02788e-09 1.66399e-09 1.32472e-09 1.03017e-09 8.03544e-10 6.51226e-10 5.52849e-10 4.76332e-10 4.00664e-10 3.20788e-10 2.39459e-10 1.58716e-10 7.70456e-11 1.39859e-11 
3.08055e-10 6.59341e-10 1.1132e-09 1.71226e-09 2.47902e-09 3.40408e-09 4.44536e-09 5.5377e-09 6.61035e-09 7.60352e-09 8.47802e-09 9.219e-09 9.83753e-09 1.03715e-08 1.0921e-08 1.1713e-08 1.31138e-08 1.55277e-08 1.9064e-08 2.37901e-08 2.99391e-08 3.56216e-08 3.65967e-08 3.42094e-08 2.83711e-08 2.04986e-08 1.57929e-08 1.41941e-08 1.25511e-08 1.0292e-08 7.95297e-09 5.95049e-09 4.54534e-09 3.55651e-09 2.85271e-09 2.33456e-09 1.9226e-09 1.56813e-09 1.25209e-09 9.76137e-10 7.51639e-10 5.87623e-10 4.7905e-10 4.05446e-10 3.44489e-10 2.84122e-10 2.22051e-10 1.59322e-10 9.52486e-11 3.0966e-11 3.0966e-11 
1.45367e-10 4.12092e-10 7.49415e-10 1.18805e-09 1.75704e-09 2.46368e-09 3.28991e-09 4.19607e-09 5.13197e-09 6.05123e-09 6.92225e-09 7.73167e-09 8.48348e-09 9.20534e-09 9.96723e-09 1.0921e-08 1.23248e-08 1.44906e-08 1.76122e-08 2.17281e-08 2.70511e-08 3.25137e-08 3.51877e-08 3.39621e-08 2.90195e-08 2.21526e-08 1.7844e-08 1.67596e-08 1.5148e-08 1.24685e-08 9.50524e-09 6.97579e-09 5.14352e-09 3.86196e-09 2.96682e-09 2.33456e-09 1.86726e-09 1.49797e-09 1.18974e-09 9.28316e-10 7.12491e-10 5.45787e-10 4.28238e-10 3.50116e-10 2.94351e-10 2.46273e-10 1.9897e-10 1.51003e-10 1.01869e-10 5.00297e-11 8.99954e-12 
2.33861e-10 4.89333e-10 8.10629e-10 1.22717e-09 1.7555e-09 2.39373e-09 3.1222e-09 3.90943e-09 4.72247e-09 5.53749e-09 6.34558e-09 7.15247e-09 7.98009e-09 8.88211e-09 9.96723e-09 1.14216e-08 1.34859e-08 1.63561e-08 2.01303e-08 2.48497e-08 3.0095e-08 3.37599e-08 3.4219e-08 3.08673e-08 2.48334e-08 2.01387e-08 1.8728e-08 1.72695e-08 1.44911e-08 1.11084e-08 8.12184e-09 5.87624e-09 4.28956e-09 3.18539e-09 2.41511e-09 1.86726e-09 1.46099e-09 1.14405e-09 8.88037e-10 6.80186e-10 5.16236e-10 3.94567e-10 3.10588e-10 2.53856e-10 2.11468e-10 1.74035e-10 1.37383e-10 1.00105e-10 6.07038e-11 1.98015e-11 1.98015e-11 
1.0948e-10 3.03939e-10 5.41891e-10 8.44815e-10 1.23318e-09 1.71478e-09 2.28398e-09 2.92455e-09 3.61621e-09 4.34304e-09 5.10041e-09 5.89747e-09 6.75731e-09 7.72409e-09 8.88211e-09 1.03715e-08 1.23832e-08 1.50993e-08 1.86372e-08 2.30389e-08 2.79761e-08 3.22933e-08 3.41663e-08 3.26502e-08 2.78981e-08 2.28403e-08 2.04775e-08 1.88128e-08 1.60903e-08 1.25825e-08 9.28191e-09 6.68925e-09 4.8077e-09 3.48927e-09 2.56878e-09 1.9226e-09 1.46099e-09 1.11993e-09 8.58685e-10 6.53934e-10 4.93569e-10 3.71627e-10 2.83833e-10 2.23861e-10 1.82436e-10 1.50322e-10 1.21497e-10 9.31589e-11 6.36966e-11 3.15792e-11 5.65268e-12 
1.71548e-10 3.5165e-10 5.72566e-10 8.54774e-10 1.21117e-09 1.64492e-09 2.15083e-09 2.71921e-09 3.34183e-09 4.01818e-09 4.75978e-09 5.59198e-09 6.55698e-09 7.72409e-09 9.20534e-09 1.11559e-08 1.37445e-08 1.71008e-08 2.12754e-08 2.6063e-08 3.06301e-08 3.3677e-08 3.3792e-08 3.06358e-08 2.58263e-08 2.2338e-08 2.00173e-08 1.7249e-08 1.37725e-08 1.03304e-08 7.49876e-09 5.37328e-09 3.85289e-09 2.78108e-09 2.02788e-09 1.49797e-09 1.11993e-09 8.43213e-10 6.35091e-10 4.76032e-10 3.55067e-10 2.65801e-10 2.02978e-10 1.60174e-10 1.29894e-10 1.05703e-10 8.36323e-11 6.15358e-11 3.77097e-11 1.23297e-11 1.23297e-11 
7.97026e-11 2.17218e-10 3.80502e-10 5.84657e-10 8.44481e-10 1.16802e-09 1.55718e-09 2.01005e-09 2.5249e-09 3.10515e-09 3.76393e-09 4.52733e-09 5.4373e-09 6.55698e-09 7.98009e-09 9.83753e-09 1.22827e-08 1.54563e-08 1.9432e-08 2.40862e-08 2.88488e-08 3.26403e-08 3.42187e-08 3.2672e-08 2.8683e-08 2.45384e-08 2.12702e-08 1.81788e-08 1.46794e-08 1.11975e-08 8.22641e-09 5.92789e-09 4.24188e-09 3.03168e-09 2.17243e-09 1.56813e-09 1.14405e-09 8.43213e-10 6.25214e-10 4.6376e-10 3.42917e-10 2.53295e-10 1.88807e-10 1.44184e-10 1.13695e-10 9.16046e-11 7.34621e-11 5.65199e-11 3.89703e-11 1.94436e-11 3.46727e-12 
1.21972e-10 2.45614e-10 3.9404e-10 5.81671e-10 8.18849e-10 1.11146e-09 1.46259e-09 1.8752e-09 2.35589e-09 2.91895e-09 3.59003e-09 4.40963e-09 5.4373e-09 6.75731e-09 8.48348e-09 1.07553e-08 1.37161e-08 1.74674e-08 2.19585e-08 2.68001e-08 3.11516e-08 3.38411e-08 3.3842e-08 3.10295e-08 2.68936e-08 2.2875e-08 1.91952e-08 1.55056e-08 1.19358e-08 8.85208e-09 6.42648e-09 4.61683e-09 3.29469e-09 2.34106e-09 1.66399e-09 1.18974e-09 8.58685e-10 6.25214e-10 4.57402e-10 3.34696e-10 2.44536e-10 1.79162e-10 1.33138e-10 1.01679e-10 8.00375e-11 6.39614e-11 5.03508e-11 3.71845e-11 2.29265e-11 7.49669e-12 7.49669e-12 
5.62699e-11 1.50969e-10 2.60565e-10 3.95733e-10 5.67371e-10 7.83239e-10 1.0491e-09 1.37077e-09 1.75685e-09 2.22213e-09 2.79117e-09 3.50189e-09 4.40963e-09 5.59198e-09 7.15247e-09 9.219e-09 1.19322e-08 1.54125e-08 1.96736e-08 2.44689e-08 2.91598e-08 3.27294e-08 3.406e-08 3.26182e-08 2.90928e-08 2.47964e-08 2.05853e-08 1.65223e-08 1.27283e-08 9.45773e-09 6.88165e-09 4.95853e-09 3.54629e-09 2.51616e-09 1.77516e-09 1.25209e-09 8.88037e-10 6.35091e-10 4.57402e-10 3.30506e-10 2.38815e-10 1.72625e-10 1.25634e-10 9.31749e-11 7.11707e-11 5.58677e-11 4.41703e-11 3.38787e-11 2.34326e-11 1.17229e-11 2.08153e-12 
8.4366e-11 1.67424e-10 2.65472e-10 3.88754e-10 5.45607e-10 7.42906e-10 9.87708e-10 1.28942e-09 1.66257e-09 2.12998e-09 2.7263e-09 3.50189e-09 4.52733e-09 5.89747e-09 7.73167e-09 1.0166e-08 1.33306e-08 1.72871e-08 2.19043e-08 2.67215e-08 3.08984e-08 3.33565e-08 3.3281e-08 3.07785e-08 2.6781e-08 2.23303e-08 1.79289e-08 1.37961e-08 1.02181e-08 7.39307e-09 5.30185e-09 3.78586e-09 2.68613e-09 1.89116e-09 1.32472e-09 9.28316e-10 6.53934e-10 4.6376e-10 3.30506e-10 2.35958e-10 1.68482e-10 1.20632e-10 8.7338e-11 6.4719e-11 4.94467e-11 3.86509e-11 3.00966e-11 2.21842e-11 1.37008e-11 4.46751e-12 4.46751e-12 
3.8672e-11 1.02454e-10 1.7481e-10 2.63307e-10 3.7605e-10 5.20059e-10 7.02557e-10 9.32764e-10 1.22418e-09 1.59734e-09 2.08309e-09 2.7263e-09 3.59003e-09 4.75978e-09 6.34558e-09 8.47802e-09 1.12915e-08 1.48793e-08 1.91989e-08 2.39431e-08 2.84529e-08 3.1767e-08 3.29503e-08 3.16697e-08 2.8429e-08 2.41844e-08 1.96533e-08 1.52488e-08 1.13062e-08 8.12104e-09 5.75054e-09 4.05971e-09 2.86207e-09 2.00917e-09 1.40261e-09 9.76137e-10 6.80186e-10 4.76032e-10 3.34696e-10 2.35958e-10 1.66454e-10 1.17529e-10 8.34601e-11 6.02082e-11 4.46298e-11 3.40991e-11 2.64724e-11 2.01377e-11 1.39055e-11 6.95026e-12 1.22589e-12 
5.69987e-11 1.11875e-10 1.75947e-10 2.56529e-10 3.60291e-10 4.94002e-10 6.66058e-10 8.88382e-10 1.17882e-09 1.56406e-09 2.08309e-09 2.79117e-09 3.76393e-09 5.10041e-09 6.92225e-09 9.36307e-09 1.25359e-08 1.64621e-08 2.09618e-08 2.5549e-08 2.94182e-08 3.16402e-08 3.16034e-08 2.93994e-08 2.57452e-08 2.1421e-08 1.69499e-08 1.27498e-08 9.18307e-09 6.43631e-09 4.46254e-09 3.0922e-09 2.14599e-09 1.48835e-09 1.03017e-09 7.12491e-10 4.93569e-10 3.42917e-10 2.38815e-10 1.66454e-10 1.16032e-10 8.10784e-11 5.71908e-11 4.11824e-11 3.05681e-11 2.33339e-11 1.79041e-11 1.3113e-11 8.08094e-12 2.61909e-12 2.61909e-12 
2.598e-11 6.81901e-11 1.15444e-10 1.731e-10 2.47204e-10 3.43797e-10 4.70149e-10 6.36355e-10 8.57379e-10 1.15562e-09 1.56406e-09 2.12998e-09 2.91895e-09 4.01818e-09 5.53749e-09 7.60352e-09 1.0338e-08 1.38056e-08 1.79255e-08 2.23684e-08 2.64989e-08 2.94719e-08 3.05471e-08 2.94822e-08 2.66853e-08 2.28618e-08 1.86062e-08 1.43635e-08 1.05406e-08 7.42109e-09 5.08927e-09 3.45333e-09 2.34492e-09 1.59991e-09 1.09565e-09 7.51639e-10 5.16236e-10 3.55067e-10 2.44536e-10 1.68482e-10 1.16032e-10 7.99402e-11 5.53378e-11 3.88415e-11 2.79712e-11 2.0804e-11 1.58277e-11 1.19e-11 8.17326e-12 4.06882e-12 7.114e-13 
3.77839e-11 7.36265e-11 1.15288e-10 1.68002e-10 2.37033e-10 3.28473e-10 4.50581e-10 6.15503e-10 8.41476e-10 1.15562e-09 1.59734e-09 2.22213e-09 3.10515e-09 4.34304e-09 6.05123e-09 8.35003e-09 1.13288e-08 1.49784e-08 1.90994e-08 2.32256e-08 2.66435e-08 2.85937e-08 2.8616e-08 2.68077e-08 2.37011e-08 1.98932e-08 1.58581e-08 1.19902e-08 8.62582e-09 5.95684e-09 4.00439e-09 2.66174e-09 1.77199e-09 1.18876e-09 8.03544e-10 5.45787e-10 3.71627e-10 2.53295e-10 1.72625e-10 1.17529e-10 7.99402e-11 5.44553e-11 3.73935e-11 2.61713e-11 1.88833e-11 1.40691e-11 1.0616e-11 7.70286e-12 4.72217e-12 1.51667e-12 1.51667e-12 
1.71402e-11 4.47203e-11 7.54132e-11 1.13002e-10 1.61991e-10 2.27388e-10 3.15785e-10 4.36771e-10 6.04776e-10 8.41476e-10 1.17882e-09 1.66257e-09 2.35589e-09 3.34183e-09 4.72247e-09 6.61035e-09 9.10422e-09 1.22404e-08 1.59185e-08 1.98222e-08 2.33922e-08 2.59318e-08 2.68705e-08 2.60532e-08 2.37851e-08 2.05928e-08 1.69603e-08 1.32726e-08 9.8582e-09 6.97162e-09 4.73351e-09 3.12677e-09 2.04102e-09 1.33477e-09 8.81182e-10 5.87623e-10 3.94567e-10 2.65801e-10 1.79162e-10 1.20632e-10 8.10784e-11 5.44553e-11 3.67027e-11 2.50442e-11 1.75187e-11 1.26828e-11 9.44681e-12 7.00672e-12 4.77536e-12 2.36173e-12 4.08442e-13 
2.4692e-11 4.79524e-11 7.50493e-11 1.09728e-10 1.56089e-10 2.19306e-10 3.06779e-10 4.29645e-10 6.04776e-10 8.57379e-10 1.22418e-09 1.75685e-09 2.5249e-09 3.61621e-09 5.13197e-09 7.17047e-09 9.7928e-09 1.29663e-08 1.64946e-08 1.99687e-08 2.28052e-08 2.44192e-08 2.44849e-08 2.30826e-08 2.0603e-08 1.75057e-08 1.41695e-08 1.09037e-08 7.96973e-09 5.55112e-09 3.7145e-09 2.41816e-09 1.55494e-09 1.00138e-09 6.51226e-10 4.28238e-10 2.83833e-10 1.88807e-10 1.25634e-10 8.34601e-11 5.53378e-11 3.67027e-11 2.45022e-11 1.66498e-11 1.1669e-11 8.48004e-12 6.28479e-12 4.50984e-12 2.74547e-12 8.72729e-13 8.72729e-13 
1.11592e-11 2.90384e-11 4.89615e-11 7.35972e-11 1.06284e-10 1.51056e-10 2.13529e-10 3.02117e-10 4.29645e-10 6.15503e-10 8.88382e-10 1.28942e-09 1.8752e-09 2.71921e-09 3.90943e-09 5.5377e-09 7.67582e-09 1.03337e-08 1.34023e-08 1.66015e-08 1.9477e-08 2.14996e-08 2.22631e-08 2.16648e-08 1.99276e-08 1.74378e-08 1.45629e-08 1.15965e-08 8.78449e-09 6.32738e-09 4.34889e-09 2.87481e-09 1.8497e-09 1.17508e-09 7.46923e-10 4.7905e-10 3.10588e-10 2.02978e-10 1.33138e-10 8.7338e-11 5.71908e-11 3.73935e-11 2.45022e-11 1.62278e-11 1.101e-11 7.74811e-12 5.64372e-12 4.12399e-12 2.78511e-12 1.3673e-12 2.34242e-13 
1.59849e-11 3.10521e-11 4.87548e-11 7.17722e-11 1.03253e-10 1.47423e-10 2.10528e-10 3.02117e-10 4.36771e-10 6.36355e-10 9.32764e-10 1.37077e-09 2.01005e-09 2.92455e-09 4.19607e-09 5.89786e-09 8.06428e-09 1.06464e-08 1.34642e-08 1.61848e-08 1.83695e-08 1.96074e-08 1.968e-08 1.8649e-08 1.67887e-08 1.44296e-08 1.18558e-08 9.29484e-09 6.93848e-09 4.93215e-09 3.35107e-09 2.19298e-09 1.39784e-09 8.79415e-10 5.52849e-10 3.50116e-10 2.23861e-10 1.44184e-10 9.31749e-11 6.02082e-11 3.88415e-11 2.50442e-11 1.62278e-11 1.06856e-11 7.2595e-12 5.13543e-12 3.73227e-12 2.64552e-12 1.59789e-12 5.02156e-13 5.02156e-13 
7.20412e-12 1.87549e-11 3.17306e-11 4.80084e-11 7.00531e-11 1.01031e-10 1.45526e-10 2.10528e-10 3.06779e-10 4.50581e-10 6.66058e-10 9.87708e-10 1.46259e-09 2.15083e-09 3.1222e-09 4.44536e-09 6.16642e-09 8.27541e-09 1.0666e-08 1.31075e-08 1.52593e-08 1.67529e-08 1.73207e-08 1.69018e-08 1.56463e-08 1.38172e-08 1.16788e-08 9.44748e-09 7.29852e-09 5.37508e-09 3.77584e-09 2.53997e-09 1.64837e-09 1.04285e-09 6.50977e-10 4.05446e-10 2.53856e-10 1.60174e-10 1.01679e-10 6.4719e-11 4.11824e-11 2.61713e-11 1.66498e-11 1.06856e-11 7.01535e-12 4.78562e-12 3.40029e-12 2.44321e-12 1.6329e-12 7.95124e-13 1.35282e-13 
1.02968e-11 2.00757e-11 3.17222e-11 4.71524e-11 6.8753e-11 9.98616e-11 1.45526e-10 2.13529e-10 3.15785e-10 4.70149e-10 7.02557e-10 1.0491e-09 1.55718e-09 2.28398e-09 3.28991e-09 4.62397e-09 6.29932e-09 8.26123e-09 1.03589e-08 1.23427e-08 1.39086e-08 1.47887e-08 1.48488e-08 1.41308e-08 1.28119e-08 1.11171e-08 9.24989e-09 7.37309e-09 5.61795e-09 4.08637e-09 2.84035e-09 1.89435e-09 1.22097e-09 7.67878e-10 4.76332e-10 2.94351e-10 1.82436e-10 1.13695e-10 7.11707e-11 4.46298e-11 2.79712e-11 1.75187e-11 1.101e-11 7.01535e-12 4.60799e-12 3.16221e-12 2.24645e-12 1.56888e-12 9.38993e-13 2.93187e-13 2.93187e-13 
4.63159e-12 1.20959e-11 2.05944e-11 3.1445e-11 4.64572e-11 6.80593e-11 9.98616e-11 1.47423e-10 2.19306e-10 3.28473e-10 4.94002e-10 7.42906e-10 1.11146e-09 1.64492e-09 2.39373e-09 3.40408e-09 4.70063e-09 6.2624e-09 7.99781e-09 9.73362e-09 1.12351e-08 1.22641e-08 1.26563e-08 1.23765e-08 1.15178e-08 1.02492e-08 8.75037e-09 7.17354e-09 5.63905e-09 4.24191e-09 3.05085e-09 2.10092e-09 1.39108e-09 8.91654e-10 5.5815e-10 3.44489e-10 2.11468e-10 1.29894e-10 8.00375e-11 4.94467e-11 3.05681e-11 1.88833e-11 1.1669e-11 7.2595e-12 4.60799e-12 3.03854e-12 2.09629e-12 1.47497e-12 9.73102e-13 4.7058e-13 8.01277e-14 
6.62594e-12 1.29978e-11 2.07158e-11 3.11482e-11 4.60738e-11 6.80593e-11 1.01031e-10 1.51056e-10 2.27388e-10 3.43797e-10 5.20059e-10 7.83239e-10 1.16802e-09 1.71478e-09 2.46368e-09 3.44303e-09 4.65184e-09 6.03966e-09 7.49296e-09 8.84088e-09 9.88892e-09 1.04742e-08 1.05178e-08 1.00446e-08 9.16294e-09 8.01635e-09 6.74174e-09 5.45044e-09 4.22923e-09 3.1442e-09 2.23877e-09 1.52942e-09 1.00665e-09 6.42421e-10 4.00664e-10 2.46273e-10 1.50322e-10 9.16046e-11 5.58677e-11 3.40991e-11 2.0804e-11 1.26828e-11 7.74811e-12 4.78562e-12 3.03854e-12 2.01618e-12 1.3928e-12 9.54042e-13 5.64636e-13 1.75794e-13 1.75794e-13 
2.97657e-12 7.81138e-12 1.34078e-11 2.06891e-11 3.09692e-11 4.60738e-11 6.8753e-11 1.03253e-10 1.56089e-10 2.37033e-10 3.60291e-10 5.45607e-10 8.18849e-10 1.21117e-09 1.7555e-09 2.47902e-09 3.39095e-09 4.4674e-09 5.63836e-09 6.78607e-09 7.76226e-09 8.4243e-09 8.67698e-09 8.50004e-09 7.94749e-09 7.12087e-09 6.13381e-09 5.08687e-09 4.05959e-09 3.11268e-09 2.28991e-09 1.61635e-09 1.09683e-09 7.18444e-10 4.56906e-10 2.84122e-10 1.74035e-10 1.05703e-10 6.39614e-11 3.86509e-11 2.33339e-11 1.40691e-11 8.48004e-12 5.13543e-12 3.16221e-12 2.01618e-12 1.34653e-12 9.22544e-13 5.98336e-13 2.86778e-13 4.95354e-14 
4.26909e-12 8.43432e-12 1.35714e-11 2.06478e-11 3.09692e-11 4.64572e-11 7.00531e-11 1.06284e-10 1.61991e-10 2.47204e-10 3.7605e-10 5.67371e-10 8.44481e-10 1.23318e-09 1.75704e-09 2.42922e-09 3.24152e-09 4.15366e-09 5.08851e-09 5.93947e-09 6.59213e-09 6.95424e-09 6.98177e-09 6.6886e-09 6.13605e-09 5.4093e-09 4.59363e-09 3.76073e-09 2.96588e-09 2.24989e-09 1.64001e-09 1.14903e-09 7.75371e-10 5.05866e-10 3.20788e-10 1.9897e-10 1.21497e-10 7.34621e-11 4.41703e-11 2.64724e-11 1.58277e-11 9.44681e-12 5.64372e-12 3.40029e-12 2.09629e-12 1.34653e-12 9.01976e-13 6.03511e-13 3.5146e-13 1.09463e-13 1.09463e-13 
1.91612e-12 5.05073e-12 8.74005e-12 1.36259e-11 2.06478e-11 3.11482e-11 4.71524e-11 7.17722e-11 1.09728e-10 1.68002e-10 2.56529e-10 3.88754e-10 5.81671e-10 8.54774e-10 1.22717e-09 1.71226e-09 2.31022e-09 2.99974e-09 3.73274e-09 4.43637e-09 5.0249e-09 5.41947e-09 5.56886e-09 5.46227e-09 5.12885e-09 4.62524e-09 4.01774e-09 3.36776e-09 2.72482e-09 2.12602e-09 1.59754e-09 1.15517e-09 8.04171e-10 5.40043e-10 3.51101e-10 2.22051e-10 1.37383e-10 8.36323e-11 5.03508e-11 3.00966e-11 1.79041e-11 1.0616e-11 6.28479e-12 3.73227e-12 2.24645e-12 1.3928e-12 9.01976e-13 6.01688e-13 3.82267e-13 1.81532e-13 3.12302e-14 
2.75005e-12 5.4659e-12 8.86544e-12 1.36259e-11 2.06891e-11 3.1445e-11 4.80084e-11 7.35972e-11 1.13002e-10 1.731e-10 2.63307e-10 3.95733e-10 5.84657e-10 8.44815e-10 1.18805e-09 1.61824e-09 2.12542e-09 2.68108e-09 3.23764e-09 3.73433e-09 4.10935e-09 4.31464e-09 4.32775e-09 4.15606e-09 3.83207e-09 3.40243e-09 2.91596e-09 2.41518e-09 1.93313e-09 1.49372e-09 1.11285e-09 7.98893e-10 5.52903e-10 3.69619e-10 2.39459e-10 1.51003e-10 9.31589e-11 5.65199e-11 3.38787e-11 2.01377e-11 1.19e-11 7.00672e-12 4.12399e-12 2.44321e-12 1.47497e-12 9.22544e-13 6.01688e-13 3.94023e-13 2.26443e-13 6.96117e-14 6.96117e-14 
1.23124e-12 3.24952e-12 5.64777e-12 8.86544e-12 1.35714e-11 2.07158e-11 3.17222e-11 4.87548e-11 7.50493e-11 1.15288e-10 1.75947e-10 2.65472e-10 3.9404e-10 5.72566e-10 8.10629e-10 1.1132e-09 1.47657e-09 1.88471e-09 2.30778e-09 2.70476e-09 3.03033e-09 3.24464e-09 3.32261e-09 3.25935e-09 3.06988e-09 2.78361e-09 2.43612e-09 2.06162e-09 1.68844e-09 1.33773e-09 1.02418e-09 7.56834e-10 5.39502e-10 3.71183e-10 2.4693e-10 1.59322e-10 1.00105e-10 6.15358e-11 3.71845e-11 2.21842e-11 1.3113e-11 7.70286e-12 4.50984e-12 2.64552e-12 1.56888e-12 9.54042e-13 6.03511e-13 3.94023e-13 2.47262e-13 1.16993e-13 2.00791e-14 
1.75264e-12 3.47721e-12 5.64777e-12 8.74005e-12 1.34078e-11 2.05944e-11 3.17306e-11 4.89615e-11 7.54132e-11 1.15444e-10 1.7481e-10 2.60565e-10 3.80502e-10 5.41891e-10 7.49415e-10 1.00248e-09 1.29258e-09 1.60176e-09 1.90348e-09 2.16636e-09 2.36013e-09 2.46223e-09 2.46268e-09 2.36565e-09 2.18749e-09 1.95185e-09 1.68425e-09 1.40752e-09 1.13967e-09 8.93579e-10 6.7764e-10 4.96451e-10 3.51184e-10 2.39994e-10 1.58716e-10 1.01869e-10 6.36966e-11 3.89703e-11 2.34326e-11 1.39055e-11 8.17326e-12 4.77536e-12 2.78511e-12 1.6329e-12 9.73102e-13 5.98336e-13 3.82267e-13 2.47262e-13 1.4356e-13 4.50631e-14 4.50631e-14 
7.76745e-13 2.0206e-12 3.47721e-12 5.4659e-12 8.43432e-12 1.29978e-11 2.00757e-11 3.10521e-11 4.79524e-11 7.36265e-11 1.11875e-10 1.67424e-10 2.45614e-10 3.5165e-10 4.89333e-10 6.59341e-10 8.57441e-10 1.07326e-09 1.29035e-09 1.4881e-09 1.6452e-09 1.74386e-09 1.77359e-09 1.73311e-09 1.63014e-09 1.47907e-09 1.29739e-09 1.1023e-09 9.08204e-10 7.25792e-10 5.62188e-10 4.21564e-10 3.05672e-10 2.14205e-10 1.45142e-10 9.52486e-11 6.07038e-11 3.77097e-11 2.29265e-11 1.37008e-11 8.08094e-12 4.72217e-12 2.74547e-12 1.59789e-12 9.38993e-13 5.64636e-13 3.5146e-13 2.26443e-13 1.4356e-13 7.1664e-14 1.24036e-14 
1.05371e-12 2.0206e-12 3.24952e-12 5.05073e-12 7.81138e-12 1.20959e-11 1.87549e-11 2.90384e-11 4.47203e-11 6.81901e-11 1.02454e-10 1.50969e-10 2.17218e-10 3.03939e-10 4.12092e-10 5.39711e-10 6.81028e-10 8.26326e-10 9.62819e-10 1.07659e-09 1.15513e-09 1.18984e-09 1.1777e-09 1.12168e-09 1.0298e-09 9.13212e-10 7.83847e-10 6.52415e-10 5.27185e-10 4.13688e-10 3.1506e-10 2.32606e-10 1.66287e-10 1.15039e-10 7.70456e-11 5.00297e-11 3.15792e-11 1.94436e-11 1.17229e-11 6.95026e-12 4.06882e-12 2.36173e-12 1.3673e-12 7.95124e-13 4.7058e-13 2.86778e-13 1.81532e-13 1.16993e-13 7.1664e-14 2.64672e-14 2.64672e-14 
4.43992e-13 1.05371e-12 1.75264e-12 2.75005e-12 4.26909e-12 6.62594e-12 1.02968e-11 1.59849e-11 2.4692e-11 3.77839e-11 5.69987e-11 8.4366e-11 1.21972e-10 1.71548e-10 2.33861e-10 3.08055e-10 3.91108e-10 4.77654e-10 5.60394e-10 6.31096e-10 6.82026e-10 7.07415e-10 7.04593e-10 6.74461e-10 6.2121e-10 5.5137e-10 4.72478e-10 3.91735e-10 3.14946e-10 2.46009e-10 1.86926e-10 1.382e-10 9.93611e-11 6.93987e-11 4.70519e-11 3.0966e-11 1.98015e-11 1.23297e-11 7.49669e-12 4.46751e-12 2.61909e-12 1.51667e-12 8.72729e-13 5.02156e-13 2.93187e-13 1.75794e-13 1.09463e-13 6.96117e-14 4.50631e-14 2.64672e-14 7.55027e-15 
4.43992e-13 7.76745e-13 1.23124e-12 1.91612e-12 2.97657e-12 4.63159e-12 7.20412e-12 1.11592e-11 1.71402e-11 2.598e-11 3.8672e-11 5.62699e-11 7.97026e-11 1.0948e-10 1.45367e-10 1.86086e-10 2.29184e-10 2.71173e-10 3.07967e-10 3.35554e-10 3.50738e-10 3.51757e-10 3.38603e-10 3.13005e-10 2.78046e-10 2.37573e-10 1.95506e-10 1.55239e-10 1.19223e-10 8.88163e-11 6.4373e-11 4.551e-11 3.14312e-11 2.12143e-11 1.39859e-11 8.99954e-12 5.65268e-12 3.46727e-12 2.08153e-12 1.22589e-12 7.114e-13 4.08442e-13 2.34242e-13 1.35282e-13 8.01277e-14 4.95354e-14 3.12302e-14 2.00791e-14 1.24036e-14 7.55027e-15 7.55027e-15 
