1 101 51
9.53512e-16 2.57326e-15 4.06984e-15 6.31651e-15 1.01681e-14 1.51047e-14 2.47894e-14 4.17002e-14 6.93833e-14 1.16993e-13 1.948e-13 3.21223e-13 5.24184e-13 8.39705e-13 1.31939e-12 2.03249e-12 3.06691e-12 4.53013e-12 6.54611e-12 9.24054e-12 1.27137e-11 1.70086e-11 2.2061e-11 2.76685e-11 3.34807e-11 3.90195e-11 4.37451e-11 4.71394e-11 4.88077e-11 4.85535e-11 4.64166e-11 4.26648e-11 3.77341e-11 3.21469e-11 2.64176e-11 2.09783e-11 1.6132e-11 1.20414e-11 8.75058e-12 6.21033e-12 4.31896e-12 2.95343e-12 1.99397e-12 1.33358e-12 8.87166e-13 5.87705e-13 3.88195e-13 2.55673e-13 1.6421e-13 9.48038e-14 9.48038e-14 
9.53512e-16 5.26728e-15 9.06129e-15 1.41394e-14 2.13814e-14 3.35421e-14 5.38998e-14 8.79312e-14 1.46762e-13 2.46035e-13 4.10321e-13 6.79567e-13 1.11137e-12 1.78957e-12 2.82293e-12 4.35532e-12 6.55324e-12 9.60568e-12 1.37005e-11 1.90109e-11 2.56563e-11 3.36673e-11 4.29286e-11 5.31283e-11 6.37224e-11 7.39499e-11 8.28984e-11 8.96383e-11 9.33883e-11 9.36692e-11 9.04148e-11 8.39864e-11 7.5102e-11 6.46995e-11 5.37589e-11 4.31512e-11 3.3526e-11 2.52725e-11 1.85339e-11 1.32647e-11 9.2942e-12 6.39911e-12 4.34436e-12 2.91889e-12 1.94734e-12 1.29443e-12 8.57192e-13 5.65112e-13 3.67334e-13 2.22879e-13 9.48038e-14 
5.26728e-15 1.43148e-14 2.31121e-14 3.60213e-14 5.51485e-14 8.71618e-14 1.41279e-13 2.31946e-13 3.85139e-13 6.40314e-13 1.05796e-12 1.73251e-12 2.79869e-12 4.4429e-12 6.90493e-12 1.04677e-11 1.54415e-11 2.2121e-11 3.07383e-11 4.14122e-11 5.40995e-11 6.85441e-11 8.42478e-11 1.00438e-10 1.1608e-10 1.29933e-10 1.40688e-10 1.47163e-10 1.48536e-10 1.44526e-10 1.35487e-10 1.22354e-10 1.06479e-10 8.93732e-11 7.24502e-11 5.68293e-11 4.32315e-11 3.1981e-11 2.3076e-11 1.62937e-11 1.12973e-11 7.71873e-12 5.2166e-12 3.49808e-12 2.33466e-12 1.55307e-12 1.02883e-12 6.74957e-13 4.24849e-13 2.22879e-13 2.22879e-13 
2.57326e-15 1.43148e-14 2.87695e-14 4.48062e-14 6.86495e-14 1.06976e-13 1.69934e-13 2.76887e-13 4.55064e-13 7.52705e-13 1.24193e-12 2.03648e-12 3.30503e-12 5.2874e-12 8.30296e-12 1.27487e-11 1.90705e-11 2.77153e-11 3.90499e-11 5.32812e-11 7.03724e-11 8.99843e-11 1.11451e-10 1.33774e-10 1.55649e-10 1.75516e-10 1.91685e-10 2.02531e-10 2.06769e-10 2.03719e-10 1.9351e-10 1.77113e-10 1.56192e-10 1.32791e-10 1.08966e-10 8.64539e-11 6.64722e-11 4.96635e-11 3.61654e-11 2.5754e-11 1.79965e-11 1.23853e-11 8.42342e-12 5.68138e-12 3.81114e-12 2.54736e-12 1.69783e-12 1.12308e-12 7.25628e-13 4.24849e-13 1.6421e-13 
9.06129e-15 2.87695e-14 4.97831e-14 7.58066e-14 1.15806e-13 1.80497e-13 2.89668e-13 4.71734e-13 7.74166e-13 1.27318e-12 2.08747e-12 3.39809e-12 5.4707e-12 8.6776e-12 1.34998e-11 2.05136e-11 3.03328e-11 4.35238e-11 6.04746e-11 8.12765e-11 1.05623e-10 1.32764e-10 1.61517e-10 1.90313e-10 2.17277e-10 2.40335e-10 2.57394e-10 2.6661e-10 2.66725e-10 2.57397e-10 2.39367e-10 2.14414e-10 1.85038e-10 1.53991e-10 1.23783e-10 9.63259e-11 7.27665e-11 5.35285e-11 3.84734e-11 2.71143e-11 1.88051e-11 1.28803e-11 8.74283e-12 5.89905e-12 3.96629e-12 2.65931e-12 1.77363e-12 1.16585e-12 7.25628e-13 3.67334e-13 3.67334e-13 
4.06984e-15 2.31121e-14 4.97831e-14 7.84245e-14 1.1857e-13 1.82081e-13 2.86106e-13 4.59559e-13 7.47621e-13 1.22093e-12 1.99503e-12 3.24687e-12 5.24718e-12 8.38498e-12 1.31933e-11 2.03466e-11 3.06215e-11 4.48026e-11 6.35395e-11 8.71714e-11 1.15564e-10 1.48011e-10 1.83225e-10 2.19405e-10 2.54354e-10 2.85615e-10 3.10622e-10 3.26937e-10 3.32607e-10 3.26578e-10 3.09061e-10 2.81655e-10 2.47128e-10 2.08896e-10 1.70364e-10 1.34343e-10 1.0272e-10 7.63992e-11 5.54659e-11 3.94498e-11 2.75895e-11 1.90425e-11 1.30165e-11 8.83914e-12 5.97932e-12 4.03403e-12 2.71195e-12 1.80612e-12 1.16585e-12 6.74957e-13 2.55673e-13 
1.41394e-14 4.48062e-14 7.84245e-14 1.20022e-13 1.80472e-13 2.77091e-13 4.37054e-13 7.00796e-13 1.13491e-12 1.8415e-12 2.9862e-12 4.82306e-12 7.73482e-12 1.22665e-11 1.91503e-11 2.9288e-11 4.36758e-11 6.3258e-11 8.87181e-11 1.20241e-10 1.5733e-10 1.98728e-10 2.42469e-10 2.86047e-10 3.26597e-10 3.61083e-10 3.86487e-10 4.00111e-10 4.00033e-10 3.85632e-10 3.57957e-10 3.19731e-10 2.74877e-10 2.27727e-10 1.82188e-10 1.41145e-10 1.0624e-10 7.79726e-11 5.60094e-11 3.95255e-11 2.75066e-11 1.89454e-11 1.29569e-11 8.82252e-12 5.99216e-12 4.059e-12 2.73332e-12 1.80612e-12 1.12308e-12 5.65112e-13 5.65112e-13 
6.31651e-15 3.60213e-14 7.58066e-14 1.20022e-13 1.78393e-13 2.68327e-13 4.14144e-13 6.53273e-13 1.0441e-12 1.67789e-12 2.70004e-12 4.33971e-12 6.95053e-12 1.10575e-11 1.7401e-11 2.69553e-11 4.08819e-11 6.04129e-11 8.66233e-11 1.20145e-10 1.60874e-10 2.07775e-10 2.58864e-10 3.11369e-10 3.62006e-10 4.07239e-10 4.43485e-10 4.67336e-10 4.75943e-10 4.6762e-10 4.42478e-10 4.02756e-10 3.52568e-10 2.97073e-10 2.41399e-10 1.89695e-10 1.44639e-10 1.0741e-10 7.7985e-11 5.55764e-11 3.90251e-11 2.71014e-11 1.86767e-11 1.28094e-11 8.7617e-12 5.98077e-12 4.0672e-12 2.73332e-12 1.77363e-12 1.02883e-12 3.88195e-13 
2.13814e-14 6.86495e-14 1.1857e-13 1.78393e-13 2.6368e-13 3.96818e-13 6.12732e-13 9.63891e-13 1.52952e-12 2.43574e-12 3.88097e-12 6.17743e-12 9.80386e-12 1.54646e-11 2.41419e-11 3.70948e-11 5.5782e-11 8.16647e-11 1.15892e-10 1.58923e-10 2.10177e-10 2.67877e-10 3.29131e-10 3.90256e-10 4.47168e-10 4.95701e-10 5.31786e-10 5.51701e-10 5.526e-10 5.33315e-10 4.95097e-10 4.41756e-10 3.78999e-10 3.1316e-10 2.49879e-10 1.93202e-10 1.45305e-10 1.06729e-10 7.68734e-11 5.45104e-11 3.81981e-11 2.65453e-11 1.83505e-11 1.26478e-11 8.7005e-12 5.96989e-12 4.0672e-12 2.71195e-12 1.69783e-12 8.57192e-13 8.57192e-13 
1.01681e-14 5.51485e-14 1.15806e-13 1.80472e-13 2.6368e-13 3.87957e-13 5.84375e-13 9.01232e-13 1.40944e-12 2.21586e-12 3.49074e-12 5.49995e-12 8.65972e-12 1.36059e-11 2.12666e-11 3.29126e-11 5.01372e-11 7.4715e-11 1.08311e-10 1.52051e-10 2.0604e-10 2.69002e-10 3.38188e-10 4.09645e-10 4.78724e-10 5.40598e-10 5.90548e-10 6.24087e-10 6.37271e-10 6.27477e-10 5.94477e-10 5.41146e-10 4.73223e-10 3.98046e-10 3.22856e-10 2.53388e-10 1.93189e-10 1.43686e-10 1.0469e-10 7.50283e-11 5.30967e-11 3.72393e-11 2.59659e-11 1.80448e-11 1.2517e-11 8.66469e-12 5.96989e-12 4.059e-12 2.65931e-12 1.55307e-12 5.87705e-13 
3.35421e-14 1.06976e-13 1.82081e-13 2.68327e-13 3.87957e-13 5.69846e-13 8.59859e-13 1.31994e-12 2.04653e-12 3.18275e-12 4.95319e-12 7.7071e-12 1.19917e-11 1.86365e-11 2.88384e-11 4.42109e-11 6.67182e-11 9.8455e-11 1.41224e-10 1.95976e-10 2.62241e-10 3.37781e-10 4.18666e-10 4.99782e-10 5.75563e-10 6.40548e-10 6.89554e-10 7.17726e-10 7.21032e-10 6.97429e-10 6.48186e-10 5.78334e-10 4.95745e-10 4.0918e-10 3.26307e-10 2.52446e-10 1.90296e-10 1.4038e-10 1.01771e-10 7.28003e-11 5.15744e-11 3.63028e-11 2.54572e-11 1.78141e-11 1.2445e-11 8.66469e-12 5.98077e-12 4.03403e-12 2.54736e-12 1.29443e-12 1.29443e-12 
1.51047e-14 8.71618e-14 1.80497e-13 2.77091e-13 3.96818e-13 5.69846e-13 8.38463e-13 1.26184e-12 1.92582e-12 2.95504e-12 4.53973e-12 6.97027e-12 1.07028e-11 1.64404e-11 2.52456e-11 3.86361e-11 5.86105e-11 8.75329e-11 1.27785e-10 1.81197e-10 2.4834e-10 3.27894e-10 4.164e-10 5.08582e-10 5.98173e-10 6.7882e-10 7.44575e-10 7.89847e-10 8.09447e-10 7.99482e-10 7.59052e-10 6.91617e-10 6.04805e-10 5.08535e-10 4.12489e-10 3.24121e-10 2.47847e-10 1.85277e-10 1.35996e-10 9.84192e-11 7.04911e-11 5.01348e-11 3.55045e-11 2.50832e-11 1.76911e-11 1.2445e-11 8.7005e-12 5.99216e-12 3.96629e-12 2.33466e-12 8.87166e-13 
5.38998e-14 1.69934e-13 2.86106e-13 4.14144e-13 5.84375e-13 8.38463e-13 1.23345e-12 1.84908e-12 2.79784e-12 4.24406e-12 6.43354e-12 9.74132e-12 1.47485e-11 2.23464e-11 3.38712e-11 5.12026e-11 7.67637e-11 1.13313e-10 1.63452e-10 2.28874e-10 3.09513e-10 4.02912e-10 5.04158e-10 6.06561e-10 7.02813e-10 7.85986e-10 8.49761e-10 8.88119e-10 8.95591e-10 8.6888e-10 8.09048e-10 7.2246e-10 6.19483e-10 5.1162e-10 4.087e-10 3.173e-10 2.40564e-10 1.78927e-10 1.31116e-10 9.50271e-11 6.83512e-11 4.89281e-11 3.49267e-11 2.48858e-11 1.76911e-11 1.2517e-11 8.7617e-12 5.97932e-12 3.81114e-12 1.94734e-12 1.94734e-12 
2.47894e-14 1.41279e-13 2.89668e-13 4.37054e-13 6.12732e-13 8.59859e-13 1.23345e-12 1.81227e-12 2.70019e-12 4.04558e-12 6.06134e-12 9.06363e-12 1.35291e-11 2.01874e-11 3.01501e-11 4.50583e-11 6.71879e-11 9.94004e-11 1.44815e-10 2.06137e-10 2.84709e-10 3.79544e-10 4.86767e-10 5.99849e-10 7.10728e-10 8.1129e-10 8.94252e-10 9.52931e-10 9.80769e-10 9.72264e-10 9.25548e-10 8.44642e-10 7.39304e-10 6.22306e-10 5.05861e-10 3.99075e-10 3.07098e-10 2.31633e-10 1.7201e-10 1.26259e-10 9.19267e-11 6.65782e-11 4.8065e-11 3.46248e-11 2.48858e-11 1.78141e-11 1.26478e-11 8.82252e-12 5.89905e-12 3.49808e-12 1.33358e-12 
8.79312e-14 2.76887e-13 4.59559e-13 6.53273e-13 9.01232e-13 1.26184e-12 1.81227e-12 2.65363e-12 3.92405e-12 5.81598e-12 8.60457e-12 1.26928e-11 1.86805e-11 2.74683e-11 4.04121e-11 5.94826e-11 8.73629e-11 1.27337e-10 1.82813e-10 2.56444e-10 3.48976e-10 4.58208e-10 5.78596e-10 7.0192e-10 8.18939e-10 9.21045e-10 1.00072e-09 1.05073e-09 1.06396e-09 1.03554e-09 9.66264e-10 8.64031e-10 7.4194e-10 6.14267e-10 4.92827e-10 3.85218e-10 2.94863e-10 2.22057e-10 1.6521e-10 1.21863e-10 8.93791e-11 6.53173e-11 4.76157e-11 3.46248e-11 2.50832e-11 1.80448e-11 1.28094e-11 8.83914e-12 5.68138e-12 2.91889e-12 2.91889e-12 
4.17002e-14 2.31946e-13 4.71734e-13 7.00796e-13 9.63891e-13 1.31994e-12 1.84908e-12 2.65363e-12 3.86598e-12 5.66785e-12 8.30703e-12 1.21385e-11 1.76709e-11 2.56479e-11 3.71668e-11 5.38395e-11 7.79714e-11 1.12637e-10 1.61491e-10 2.28124e-10 3.14951e-10 4.21854e-10 5.45121e-10 6.77338e-10 8.08665e-10 9.29007e-10 1.02955e-09 1.10242e-09 1.13957e-09 1.13366e-09 1.08178e-09 9.8875e-10 8.66764e-10 7.31454e-10 5.97266e-10 4.74539e-10 3.6886e-10 2.81895e-10 2.1273e-10 1.59101e-10 1.18273e-10 8.75762e-11 6.46635e-11 4.76157e-11 3.49267e-11 2.54572e-11 1.83505e-11 1.29569e-11 8.74283e-12 5.2166e-12 1.99397e-12 
1.46762e-13 4.55064e-13 7.47621e-13 1.0441e-12 1.40944e-12 1.92582e-12 2.70019e-12 3.86598e-12 5.59752e-12 8.12848e-12 1.17808e-11 1.70072e-11 2.44468e-11 3.50109e-11 5.00055e-11 7.13037e-11 1.0152e-10 1.44075e-10 2.02911e-10 2.81667e-10 3.82301e-10 5.03535e-10 6.39849e-10 7.81866e-10 9.18355e-10 1.03877e-09 1.13419e-09 1.19607e-09 1.21547e-09 1.18589e-09 1.10816e-09 9.92182e-10 8.5393e-10 7.1007e-10 5.73789e-10 4.5318e-10 3.51668e-10 2.69351e-10 2.04398e-10 1.54134e-10 1.15741e-10 8.6643e-11 6.46635e-11 4.8065e-11 3.55045e-11 2.59659e-11 1.86767e-11 1.30165e-11 8.42342e-12 4.34436e-12 4.34436e-12 
6.93833e-14 3.85139e-13 7.74166e-13 1.13491e-12 1.52952e-12 2.04653e-12 2.79784e-12 3.92405e-12 5.59752e-12 8.04476e-12 1.15664e-11 1.65782e-11 2.36552e-11 3.35929e-11 4.74911e-11 6.68719e-11 9.38495e-11 1.31306e-10 1.82931e-10 2.52839e-10 3.4454e-10 4.59272e-10 5.94262e-10 7.41931e-10 8.90972e-10 1.02915e-09 1.14591e-09 1.23208e-09 1.27795e-09 1.27421e-09 1.21721e-09 1.11329e-09 9.77485e-10 8.28012e-10 6.80766e-10 5.46545e-10 4.30856e-10 3.3512e-10 2.58195e-10 1.97649e-10 1.50643e-10 1.14436e-10 8.6643e-11 6.53173e-11 4.89281e-11 3.63028e-11 2.65453e-11 1.89454e-11 1.28803e-11 7.71873e-12 2.95343e-12 
2.46035e-13 7.52705e-13 1.22093e-12 1.67789e-12 2.21586e-12 2.95504e-12 4.04558e-12 5.66785e-12 8.04476e-12 1.14653e-11 1.63182e-11 2.3135e-11 3.26408e-11 4.58153e-11 6.39617e-11 8.88159e-11 1.22703e-10 1.68707e-10 2.30678e-10 3.12749e-10 4.18058e-10 5.46782e-10 6.94284e-10 8.5071e-10 1.00306e-09 1.13882e-09 1.24774e-09 1.31978e-09 1.34374e-09 1.31172e-09 1.22545e-09 1.09768e-09 9.4726e-10 7.9246e-10 6.46825e-10 5.1815e-10 4.09432e-10 3.20443e-10 2.49181e-10 1.92916e-10 1.48843e-10 1.14436e-10 8.75762e-11 6.65782e-11 5.01348e-11 3.72393e-11 2.71014e-11 1.90425e-11 1.23853e-11 6.39911e-12 6.39911e-12 
1.16993e-13 6.40314e-13 1.27318e-12 1.8415e-12 2.43574e-12 3.18275e-12 4.24406e-12 5.81598e-12 8.12848e-12 1.14653e-11 1.61949e-11 2.28118e-11 3.19938e-11 4.46477e-11 6.19596e-11 8.54493e-11 1.17056e-10 1.59277e-10 2.15316e-10 2.89042e-10 3.84371e-10 5.03725e-10 6.45767e-10 8.03518e-10 9.64799e-10 1.11581e-09 1.24473e-09 1.34121e-09 1.39311e-09 1.38882e-09 1.32487e-09 1.21041e-09 1.06383e-09 9.05343e-10 7.51156e-10 6.11446e-10 4.90932e-10 3.90462e-10 3.08605e-10 2.42867e-10 1.90478e-10 1.48843e-10 1.15741e-10 8.93791e-11 6.83512e-11 5.15744e-11 3.81981e-11 2.75066e-11 1.88051e-11 1.12973e-11 4.31896e-12 
4.10321e-13 1.24193e-12 1.99503e-12 2.70004e-12 3.49074e-12 4.53973e-12 6.06134e-12 8.30703e-12 1.15664e-11 1.61949e-11 2.26554e-11 3.15801e-11 4.38184e-11 6.04891e-11 8.30101e-11 1.13133e-10 1.52988e-10 2.05199e-10 2.72977e-10 3.60007e-10 4.6965e-10 6.03087e-10 7.56727e-10 9.20821e-10 1.08171e-09 1.22642e-09 1.3441e-09 1.42245e-09 1.44708e-09 1.40895e-09 1.31235e-09 1.17411e-09 1.0158e-09 8.56216e-10 7.07953e-10 5.77498e-10 4.66834e-10 3.75171e-10 3.0032e-10 2.39619e-10 1.90478e-10 1.50643e-10 1.18273e-10 9.19267e-11 7.04911e-11 5.30967e-11 3.90251e-11 2.75895e-11 1.79965e-11 9.2942e-12 9.2942e-12 
1.948e-13 1.05796e-12 2.08747e-12 2.9862e-12 3.88097e-12 4.95319e-12 6.43354e-12 8.60457e-12 1.17808e-11 1.63182e-11 2.26554e-11 3.13751e-11 4.32679e-11 5.93907e-11 8.11078e-11 1.10101e-10 1.48367e-10 1.98221e-10 2.62342e-10 3.43802e-10 4.4581e-10 5.70633e-10 7.17243e-10 8.78921e-10 1.04367e-09 1.19838e-09 1.33222e-09 1.43347e-09 1.48631e-09 1.47626e-09 1.40131e-09 1.27531e-09 1.12063e-09 9.58639e-10 8.04462e-10 6.66364e-10 5.47404e-10 4.47402e-10 3.64469e-10 2.96059e-10 2.39619e-10 1.92916e-10 1.54134e-10 1.21863e-10 9.50271e-11 7.28003e-11 5.45104e-11 3.95255e-11 2.71143e-11 1.62937e-11 6.21033e-12 
6.79567e-13 2.03648e-12 3.24687e-12 4.33971e-12 5.49995e-12 6.97027e-12 9.06363e-12 1.21385e-11 1.65782e-11 2.28118e-11 3.13751e-11 4.29884e-11 5.86352e-11 7.9617e-11 1.07589e-10 1.44535e-10 1.92719e-10 2.54614e-10 3.32865e-10 4.30204e-10 5.48897e-10 6.89027e-10 8.4607e-10 1.01012e-09 1.16883e-09 1.31202e-09 1.43002e-09 1.50776e-09 1.52628e-09 1.47603e-09 1.3657e-09 1.21752e-09 1.05553e-09 8.97752e-10 7.54365e-10 6.29394e-10 5.23105e-10 4.33795e-10 3.58965e-10 2.96059e-10 2.42867e-10 1.97649e-10 1.59101e-10 1.26259e-10 9.84192e-11 7.50283e-11 5.55764e-11 3.94498e-11 2.5754e-11 1.32647e-11 1.32647e-11 
3.21223e-13 1.73251e-12 3.39809e-12 4.82306e-12 6.17743e-12 7.7071e-12 9.74132e-12 1.26928e-11 1.70072e-11 2.3135e-11 3.15801e-11 4.29884e-11 5.82458e-11 7.85623e-11 1.0554e-10 1.41181e-10 1.87821e-10 2.48005e-10 3.24325e-10 4.19295e-10 5.34963e-10 6.71586e-10 8.2555e-10 9.88062e-10 1.14713e-09 1.29302e-09 1.41913e-09 1.51482e-09 1.55962e-09 1.53579e-09 1.4444e-09 1.30525e-09 1.14495e-09 9.85122e-10 8.38354e-10 7.09653e-10 5.99479e-10 5.0607e-10 4.26794e-10 3.58965e-10 3.0032e-10 2.49181e-10 2.04398e-10 1.6521e-10 1.31116e-10 1.01771e-10 7.68734e-11 5.60094e-11 3.84734e-11 2.3076e-11 8.75058e-12 
1.11137e-12 3.30503e-12 5.24718e-12 6.95053e-12 8.65972e-12 1.07028e-11 1.35291e-11 1.76709e-11 2.36552e-11 3.19938e-11 4.32679e-11 5.82458e-11 7.80103e-11 1.04059e-10 1.3836e-10 1.83332e-10 2.41711e-10 3.1634e-10 4.09931e-10 5.24669e-10 6.60984e-10 8.15598e-10 9.79798e-10 1.14035e-09 1.28576e-09 1.41144e-09 1.51442e-09 1.57876e-09 1.58072e-09 1.51084e-09 1.38349e-09 1.22618e-09 1.06491e-09 9.15749e-10 7.85077e-10 6.73379e-10 5.78477e-10 4.97299e-10 4.26794e-10 3.64469e-10 3.08605e-10 2.58195e-10 2.1273e-10 1.7201e-10 1.35996e-10 1.0469e-10 7.7985e-11 5.54659e-11 3.61654e-11 1.85339e-11 1.85339e-11 
5.24184e-13 2.79869e-12 5.4707e-12 7.73482e-12 9.80386e-12 1.19917e-11 1.47485e-11 1.86805e-11 2.44468e-11 3.26408e-11 4.38184e-11 5.86352e-11 7.80103e-11 1.03275e-10 1.36286e-10 1.7946e-10 2.35703e-10 3.08221e-10 4.00256e-10 5.14612e-10 6.52396e-10 8.11042e-10 9.81916e-10 1.14958e-09 1.29754e-09 1.41859e-09 1.51735e-09 1.58968e-09 1.61238e-09 1.56508e-09 1.4522e-09 1.29955e-09 1.13683e-09 9.85081e-10 8.53163e-10 7.41736e-10 6.47873e-10 5.67651e-10 4.97299e-10 4.33795e-10 3.75171e-10 3.20443e-10 2.69351e-10 2.22057e-10 1.78927e-10 1.4038e-10 1.06729e-10 7.79726e-11 5.35285e-11 3.1981e-11 1.20414e-11 
1.78957e-12 5.2874e-12 8.38498e-12 1.10575e-11 1.36059e-11 1.64404e-11 2.01874e-11 2.56479e-11 3.35929e-11 4.46477e-11 5.93907e-11 7.85623e-11 1.03275e-10 1.35181e-10 1.76571e-10 2.30399e-10 3.00168e-10 3.89747e-10 5.02918e-10 6.42073e-10 8.06187e-10 9.87702e-10 1.16952e-09 1.32842e-09 1.4484e-09 1.5355e-09 1.60187e-09 1.63532e-09 1.60821e-09 1.51198e-09 1.36595e-09 1.20195e-09 1.0464e-09 9.12569e-10 8.02115e-10 7.11227e-10 6.34717e-10 5.67651e-10 5.0607e-10 4.47402e-10 3.90462e-10 3.3512e-10 2.81895e-10 2.31633e-10 1.85277e-10 1.43686e-10 1.0741e-10 7.63992e-11 4.96635e-11 2.52725e-11 2.52725e-11 
8.39705e-13 4.4429e-12 8.6776e-12 1.22665e-11 1.54646e-11 1.86365e-11 2.23464e-11 2.74683e-11 3.50109e-11 4.58153e-11 6.04891e-11 7.9617e-11 1.04059e-10 1.35181e-10 1.75021e-10 2.2639e-10 2.92894e-10 3.78907e-10 4.89257e-10 6.28043e-10 7.96691e-10 9.9023e-10 1.19175e-09 1.37175e-09 1.50114e-09 1.57754e-09 1.62591e-09 1.65656e-09 1.64348e-09 1.56401e-09 1.42698e-09 1.26228e-09 1.10145e-09 9.63578e-10 8.53275e-10 7.66171e-10 6.95491e-10 6.34717e-10 5.78477e-10 5.23105e-10 4.66834e-10 4.09432e-10 3.51668e-10 2.94863e-10 2.40564e-10 1.90296e-10 1.45305e-10 1.0624e-10 7.27665e-11 4.32315e-11 1.6132e-11 
2.82293e-12 8.30296e-12 1.31933e-11 1.7401e-11 2.12666e-11 2.52456e-11 3.01501e-11 3.71668e-11 4.74911e-11 6.19596e-11 8.11078e-11 1.0554e-10 1.36286e-10 1.75021e-10 2.24221e-10 2.87313e-10 3.68878e-10 4.74585e-10 6.10264e-10 7.80372e-10 9.84143e-10 1.20767e-09 1.41788e-09 1.57116e-09 1.64665e-09 1.67176e-09 1.68416e-09 1.67536e-09 1.61088e-09 1.48456e-09 1.3208e-09 1.15334e-09 1.00838e-09 8.95633e-10 8.1156e-10 7.47652e-10 6.95491e-10 6.47873e-10 5.99479e-10 5.47404e-10 4.90932e-10 4.30856e-10 3.6886e-10 3.07098e-10 2.47847e-10 1.93189e-10 1.44639e-10 1.0272e-10 6.64722e-11 3.3526e-11 3.3526e-11 
1.31939e-12 6.90493e-12 1.34998e-11 1.91503e-11 2.41419e-11 2.88384e-11 3.38712e-11 4.04121e-11 5.00055e-11 6.39617e-11 8.30101e-11 1.07589e-10 1.3836e-10 1.76571e-10 2.24221e-10 2.84269e-10 3.61072e-10 4.60706e-10 5.9043e-10 7.57723e-10 9.66973e-10 1.21019e-09 1.45594e-09 1.64905e-09 1.74284e-09 1.74944e-09 1.72979e-09 1.70968e-09 1.65586e-09 1.5415e-09 1.38066e-09 1.20653e-09 1.05089e-09 9.31569e-10 8.47903e-10 7.90127e-10 7.47652e-10 7.11227e-10 6.73379e-10 6.29394e-10 5.77498e-10 5.1815e-10 4.5318e-10 3.85218e-10 3.173e-10 2.52446e-10 1.93202e-10 1.41145e-10 9.63259e-11 5.68293e-11 2.09783e-11 
4.35532e-12 1.27487e-11 2.03466e-11 2.69553e-11 3.29126e-11 3.86361e-11 4.50583e-11 5.38395e-11 6.68719e-11 8.54493e-11 1.10101e-10 1.41181e-10 1.7946e-10 2.2639e-10 2.84269e-10 3.56782e-10 4.49782e-10 5.71369e-10 7.31661e-10 9.40164e-10 1.19647e-09 1.47629e-09 1.72092e-09 1.85888e-09 1.8692e-09 1.81168e-09 1.75959e-09 1.70474e-09 1.60183e-09 1.44563e-09 1.2657e-09 1.09664e-09 9.65256e-10 8.77616e-10 8.23497e-10 7.90127e-10 7.66171e-10 7.41736e-10 7.09653e-10 6.66364e-10 6.11446e-10 5.46545e-10 4.74539e-10 3.99075e-10 3.24121e-10 2.53388e-10 1.89695e-10 1.34343e-10 8.64539e-11 4.31512e-11 4.31512e-11 
2.03249e-12 1.04677e-11 2.05136e-11 2.9288e-11 3.70948e-11 4.42109e-11 5.12026e-11 5.94826e-11 7.13037e-11 8.88159e-11 1.13133e-10 1.44535e-10 1.83332e-10 2.30399e-10 2.87313e-10 3.56782e-10 4.43762e-10 5.56346e-10 7.06525e-10 9.08379e-10 1.16906e-09 1.47547e-09 1.77375e-09 1.97729e-09 2.02795e-09 1.95123e-09 1.84856e-09 1.77164e-09 1.67377e-09 1.52155e-09 1.33598e-09 1.15178e-09 1.00248e-09 9.04717e-10 8.50183e-10 8.23497e-10 8.1156e-10 8.02115e-10 7.85077e-10 7.54365e-10 7.07953e-10 6.46825e-10 5.73789e-10 4.92827e-10 4.087e-10 3.26307e-10 2.49879e-10 1.82188e-10 1.23783e-10 7.24502e-11 2.64176e-11 
6.55324e-12 1.90705e-11 3.06215e-11 4.08819e-11 5.01372e-11 5.86105e-11 6.71879e-11 7.79714e-11 9.38495e-11 1.17056e-10 1.48367e-10 1.87821e-10 2.35703e-10 2.92894e-10 3.61072e-10 4.43762e-10 5.48123e-10 6.86973e-10 8.77867e-10 1.13456e-09 1.45587e-09 1.80234e-09 2.08252e-09 2.20429e-09 2.15065e-09 2.00577e-09 1.87874e-09 1.77147e-09 1.62018e-09 1.4249e-09 1.22312e-09 1.04998e-09 9.34395e-10 8.7399e-10 8.50183e-10 8.47903e-10 8.53275e-10 8.53163e-10 8.38354e-10 8.04462e-10 7.51156e-10 6.80766e-10 5.97266e-10 5.05861e-10 4.12489e-10 3.22856e-10 2.41399e-10 1.70364e-10 1.08966e-10 5.37589e-11 5.37589e-11 
3.06691e-12 1.54415e-11 3.03328e-11 4.36758e-11 5.5782e-11 6.67182e-11 7.67637e-11 8.73629e-11 1.0152e-10 1.22703e-10 1.52988e-10 1.92719e-10 2.41711e-10 3.00168e-10 3.68878e-10 4.49782e-10 5.48123e-10 6.76474e-10 8.54702e-10 1.1013e-09 1.42544e-09 1.80601e-09 2.16486e-09 2.38216e-09 2.38673e-09 2.24111e-09 2.05658e-09 1.90924e-09 1.75545e-09 1.5465e-09 1.31981e-09 1.11621e-09 9.72756e-10 8.99387e-10 8.7399e-10 8.77616e-10 8.95633e-10 9.12569e-10 9.15749e-10 8.97752e-10 8.56216e-10 7.9246e-10 7.1007e-10 6.14267e-10 5.1162e-10 4.0918e-10 3.1316e-10 2.27727e-10 1.53991e-10 8.93732e-11 3.21469e-11 
9.60568e-12 2.77153e-11 4.48026e-11 6.04129e-11 7.4715e-11 8.75329e-11 9.94004e-11 1.12637e-10 1.31306e-10 1.59277e-10 1.98221e-10 2.48005e-10 3.08221e-10 3.78907e-10 4.60706e-10 5.56346e-10 6.76474e-10 8.4261e-10 1.07657e-09 1.39441e-09 1.79354e-09 2.21989e-09 2.54708e-09 2.65205e-09 2.52973e-09 2.31581e-09 2.11299e-09 1.93258e-09 1.71313e-09 1.45618e-09 1.21272e-09 1.02894e-09 9.31379e-10 8.99387e-10 9.04717e-10 9.31569e-10 9.63578e-10 9.85081e-10 9.85122e-10 9.58639e-10 9.05343e-10 8.28012e-10 7.31454e-10 6.22306e-10 5.08535e-10 3.98046e-10 2.97073e-10 2.08896e-10 1.32791e-10 6.46995e-11 6.46995e-11 
4.53013e-12 2.2121e-11 4.35238e-11 6.3258e-11 8.16647e-11 9.8455e-11 1.13313e-10 1.27337e-10 1.44075e-10 1.68707e-10 2.05199e-10 2.54614e-10 3.1634e-10 3.89747e-10 4.74585e-10 5.71369e-10 6.86973e-10 8.4261e-10 1.06386e-09 1.37095e-09 1.77573e-09 2.25757e-09 2.69701e-09 2.9266e-09 2.8806e-09 2.63658e-09 2.38327e-09 2.16429e-09 1.92305e-09 1.6411e-09 1.35398e-09 1.11796e-09 9.7875e-10 9.31379e-10 9.34395e-10 9.65256e-10 1.00838e-09 1.0464e-09 1.06491e-09 1.05553e-09 1.0158e-09 9.4726e-10 8.5393e-10 7.4194e-10 6.19483e-10 4.95745e-10 3.78999e-10 2.74877e-10 1.85038e-10 1.06479e-10 3.77341e-11 
1.37005e-11 3.90499e-11 6.35395e-11 8.66233e-11 1.08311e-10 1.27785e-10 1.44815e-10 1.61491e-10 1.82931e-10 2.15316e-10 2.62342e-10 3.24325e-10 4.00256e-10 4.89257e-10 5.9043e-10 7.06525e-10 8.54702e-10 1.06386e-09 1.35789e-09 1.7607e-09 2.28461e-09 2.83256e-09 3.21194e-09 3.26934e-09 3.06321e-09 2.73062e-09 2.44248e-09 2.17181e-09 1.87166e-09 1.54434e-09 1.25762e-09 1.05897e-09 9.7875e-10 9.72756e-10 1.00248e-09 1.05089e-09 1.10145e-09 1.13683e-09 1.14495e-09 1.12063e-09 1.06383e-09 9.77485e-10 8.66764e-10 7.39304e-10 6.04805e-10 4.73223e-10 3.52568e-10 2.47128e-10 1.56192e-10 7.5102e-11 7.5102e-11 
6.54611e-12 3.07383e-11 6.04746e-11 8.87181e-11 1.15892e-10 1.41224e-10 1.63452e-10 1.82813e-10 2.02911e-10 2.30678e-10 2.72977e-10 3.32865e-10 4.09931e-10 5.02918e-10 6.10264e-10 7.31661e-10 8.77867e-10 1.07657e-09 1.35789e-09 1.74942e-09 2.30522e-09 2.95258e-09 3.48104e-09 3.71718e-09 3.54674e-09 3.1867e-09 2.8094e-09 2.4607e-09 2.13166e-09 1.79097e-09 1.44835e-09 1.19465e-09 1.05897e-09 1.02894e-09 1.04998e-09 1.09664e-09 1.15334e-09 1.20195e-09 1.22618e-09 1.21752e-09 1.17411e-09 1.09768e-09 9.92182e-10 8.64031e-10 7.2246e-10 5.78334e-10 4.41756e-10 3.19731e-10 2.14414e-10 1.22354e-10 4.26648e-11 
1.90109e-11 5.32812e-11 8.71714e-11 1.20145e-10 1.52051e-10 1.81197e-10 2.06137e-10 2.28124e-10 2.52839e-10 2.89042e-10 3.43802e-10 4.19295e-10 5.14612e-10 6.28043e-10 7.57723e-10 9.08379e-10 1.1013e-09 1.37095e-09 1.74942e-09 2.31252e-09 3.05082e-09 3.7322e-09 4.13764e-09 4.12155e-09 3.66465e-09 3.21038e-09 2.81836e-09 2.44267e-09 2.08241e-09 1.70608e-09 1.38705e-09 1.19465e-09 1.11796e-09 1.11621e-09 1.15178e-09 1.20653e-09 1.26228e-09 1.29955e-09 1.30525e-09 1.27531e-09 1.21041e-09 1.11329e-09 9.8875e-10 8.44642e-10 6.91617e-10 5.41146e-10 4.02756e-10 2.81655e-10 1.77113e-10 8.39864e-11 8.39864e-11 
9.24054e-12 4.14122e-11 8.12765e-11 1.20241e-10 1.58923e-10 1.95976e-10 2.28874e-10 2.56444e-10 2.81667e-10 3.12749e-10 3.60007e-10 4.30204e-10 5.24669e-10 6.42073e-10 7.80372e-10 9.40164e-10 1.13456e-09 1.39441e-09 1.7607e-09 2.31252e-09 3.10474e-09 3.93929e-09 4.53657e-09 4.63909e-09 4.24141e-09 3.61343e-09 3.14104e-09 2.7675e-09 2.41876e-09 2.03607e-09 1.65715e-09 1.38705e-09 1.25762e-09 1.21272e-09 1.22312e-09 1.2657e-09 1.3208e-09 1.36595e-09 1.38349e-09 1.3657e-09 1.31235e-09 1.22545e-09 1.10816e-09 9.66264e-10 8.09048e-10 6.48186e-10 4.95097e-10 3.57957e-10 2.39367e-10 1.35487e-10 4.64166e-11 
2.56563e-11 7.03724e-11 1.15564e-10 1.60874e-10 2.0604e-10 2.4834e-10 2.84709e-10 3.14951e-10 3.4454e-10 3.84371e-10 4.4581e-10 5.34963e-10 6.52396e-10 7.96691e-10 9.66973e-10 1.16906e-09 1.42544e-09 1.77573e-09 2.30522e-09 3.10474e-09 4.0498e-09 4.88242e-09 5.11692e-09 4.81788e-09 4.12998e-09 3.50516e-09 3.07066e-09 2.7148e-09 2.36579e-09 2.02162e-09 1.65715e-09 1.44835e-09 1.35398e-09 1.31981e-09 1.33598e-09 1.38066e-09 1.42698e-09 1.4522e-09 1.4444e-09 1.40131e-09 1.32487e-09 1.21721e-09 1.08178e-09 9.25548e-10 7.59052e-10 5.94477e-10 4.42478e-10 3.09061e-10 1.9351e-10 9.04148e-11 9.04148e-11 
1.27137e-11 5.40995e-11 1.05623e-10 1.5733e-10 2.10177e-10 2.62241e-10 3.09513e-10 3.48976e-10 3.82301e-10 4.18058e-10 4.6965e-10 5.48897e-10 6.60984e-10 8.06187e-10 9.84143e-10 1.19647e-09 1.45587e-09 1.79354e-09 2.28461e-09 3.05082e-09 4.0498e-09 5.08172e-09 5.49722e-09 5.26142e-09 4.66041e-09 3.84656e-09 3.33704e-09 3.01822e-09 2.6389e-09 2.3334e-09 2.02162e-09 1.70608e-09 1.54434e-09 1.45618e-09 1.4249e-09 1.44563e-09 1.48456e-09 1.51198e-09 1.51084e-09 1.47603e-09 1.40895e-09 1.31172e-09 1.18589e-09 1.03554e-09 8.6888e-10 6.97429e-10 5.33315e-10 3.85632e-10 2.57397e-10 1.44526e-10 4.85535e-11 
3.36673e-11 8.99843e-11 1.48011e-10 2.07775e-10 2.69002e-10 3.27894e-10 3.79544e-10 4.21854e-10 4.59272e-10 5.03725e-10 5.70633e-10 6.71586e-10 8.11042e-10 9.9023e-10 1.21019e-09 1.47547e-09 1.80601e-09 2.25757e-09 2.95258e-09 3.93929e-09 5.08172e-09 5.76204e-09 5.58313e-09 4.90412e-09 4.02934e-09 3.37539e-09 3.07928e-09 2.90272e-09 2.58496e-09 2.3334e-09 2.03607e-09 1.79097e-09 1.6411e-09 1.5465e-09 1.52155e-09 1.5415e-09 1.56401e-09 1.56508e-09 1.53579e-09 1.47626e-09 1.38882e-09 1.27421e-09 1.13366e-09 9.72264e-10 7.99482e-10 6.27477e-10 4.6762e-10 3.26578e-10 2.03719e-10 9.36692e-11 9.36692e-11 
1.70086e-11 6.85441e-11 1.32764e-10 1.98728e-10 2.67877e-10 3.37781e-10 4.02912e-10 4.58208e-10 5.03535e-10 5.46782e-10 6.03087e-10 6.89027e-10 8.15598e-10 9.87702e-10 1.20767e-09 1.47629e-09 1.80234e-09 2.21989e-09 2.83256e-09 3.7322e-09 4.88242e-09 5.76204e-09 5.88138e-09 5.1059e-09 4.08284e-09 3.25556e-09 2.8904e-09 2.86348e-09 2.80638e-09 2.58496e-09 2.36579e-09 2.08241e-09 1.87166e-09 1.71313e-09 1.62018e-09 1.60183e-09 1.61088e-09 1.60821e-09 1.58072e-09 1.52628e-09 1.44708e-09 1.34374e-09 1.21547e-09 1.06396e-09 8.95591e-10 7.21032e-10 5.526e-10 4.00033e-10 2.66725e-10 1.48536e-10 4.88077e-11 
4.29286e-11 1.11451e-10 1.83225e-10 2.58864e-10 3.38188e-10 4.164e-10 4.86767e-10 5.45121e-10 5.94262e-10 6.45767e-10 7.17243e-10 8.2555e-10 9.81916e-10 1.19175e-09 1.45594e-09 1.77375e-09 2.16486e-09 2.69701e-09 3.48104e-09 4.53657e-09 5.49722e-09 5.88138e-09 5.32994e-09 4.18579e-09 3.34245e-09 2.76695e-09 2.541e-09 2.74347e-09 2.80638e-09 2.6389e-09 2.41876e-09 2.13166e-09 1.92305e-09 1.75545e-09 1.67377e-09 1.65586e-09 1.64348e-09 1.61238e-09 1.55962e-09 1.48631e-09 1.39311e-09 1.27795e-09 1.13957e-09 9.80769e-10 8.09447e-10 6.37271e-10 4.75943e-10 3.32607e-10 2.06769e-10 9.33883e-11 9.33883e-11 
2.2061e-11 8.42478e-11 1.61517e-10 2.42469e-10 3.29131e-10 4.18666e-10 5.04158e-10 5.78596e-10 6.39849e-10 6.94284e-10 7.56727e-10 8.4607e-10 9.79798e-10 1.16952e-09 1.41788e-09 1.72092e-09 2.08252e-09 2.54708e-09 3.21194e-09 4.13764e-09 5.11692e-09 5.58313e-09 5.32994e-09 4.257e-09 3.20945e-09 2.55828e-09 2.42786e-09 2.34469e-09 2.74347e-09 2.90272e-09 2.7148e-09 2.44267e-09 2.17181e-09 1.93258e-09 1.77147e-09 1.70474e-09 1.67536e-09 1.63532e-09 1.57876e-09 1.50776e-09 1.42245e-09 1.31978e-09 1.19607e-09 1.05073e-09 8.88119e-10 7.17726e-10 5.51701e-10 4.00111e-10 2.6661e-10 1.47163e-10 4.71394e-11 
5.31283e-11 1.33774e-10 2.19405e-10 3.11369e-10 4.09645e-10 5.08582e-10 5.99849e-10 6.77338e-10 7.41931e-10 8.03518e-10 8.78921e-10 9.88062e-10 1.14958e-09 1.37175e-09 1.64905e-09 1.97729e-09 2.38216e-09 2.9266e-09 3.71718e-09 4.63909e-09 5.26142e-09 5.1059e-09 4.257e-09 3.26489e-09 2.25678e-09 1.79313e-09 2.15166e-09 2.34469e-09 2.86348e-09 3.01822e-09 2.7675e-09 2.4607e-09 2.16429e-09 1.90924e-09 1.77164e-09 1.70968e-09 1.65656e-09 1.58968e-09 1.51482e-09 1.43347e-09 1.34121e-09 1.23208e-09 1.10242e-09 9.52931e-10 7.89847e-10 6.24087e-10 4.67336e-10 3.26937e-10 2.02531e-10 8.96383e-11 8.96383e-11 
2.76685e-11 1.00438e-10 1.90313e-10 2.86047e-10 3.90256e-10 4.99782e-10 6.06561e-10 7.0192e-10 7.81866e-10 8.5071e-10 9.20821e-10 1.01012e-09 1.14035e-09 1.32842e-09 1.57116e-09 1.85888e-09 2.20429e-09 2.65205e-09 3.26934e-09 4.12155e-09 4.81788e-09 4.90412e-09 4.18579e-09 3.26489e-09 2.19755e-09 1.46599e-09 1.45565e-09 2.15166e-09 2.541e-09 3.07928e-09 3.07066e-09 2.81836e-09 2.44248e-09 2.11299e-09 1.87874e-09 1.75959e-09 1.68416e-09 1.60187e-09 1.51442e-09 1.43002e-09 1.3441e-09 1.24774e-09 1.13419e-09 1.00072e-09 8.49761e-10 6.89554e-10 5.31786e-10 3.86487e-10 2.57394e-10 1.40688e-10 4.37451e-11 
6.37224e-11 1.55649e-10 2.54354e-10 3.62006e-10 4.78724e-10 5.98173e-10 7.10728e-10 8.08665e-10 8.90972e-10 9.64799e-10 1.04367e-09 1.14713e-09 1.29754e-09 1.50114e-09 1.74284e-09 2.02795e-09 2.38673e-09 2.8806e-09 3.54674e-09 4.24141e-09 4.66041e-09 4.08284e-09 3.20945e-09 2.19755e-09 1.14787e-09 9.76367e-10 1.45565e-09 2.42786e-09 2.8904e-09 3.33704e-09 3.14104e-09 2.8094e-09 2.38327e-09 2.05658e-09 1.84856e-09 1.72979e-09 1.62591e-09 1.51735e-09 1.41913e-09 1.33222e-09 1.24473e-09 1.14591e-09 1.02955e-09 8.94252e-10 7.44575e-10 5.90548e-10 4.43485e-10 3.10622e-10 1.91685e-10 8.28984e-11 8.28984e-11 
3.34807e-11 1.1608e-10 2.17277e-10 3.26597e-10 4.47168e-10 5.75563e-10 7.02813e-10 8.18939e-10 9.18355e-10 1.00306e-09 1.08171e-09 1.16883e-09 1.28576e-09 1.4484e-09 1.64665e-09 1.8692e-09 2.15065e-09 2.52973e-09 3.06321e-09 3.66465e-09 4.12998e-09 4.02934e-09 3.34245e-09 2.25678e-09 1.14787e-09 5.37938e-10 9.76367e-10 1.79313e-09 2.76695e-09 3.37539e-09 3.50516e-09 3.21038e-09 2.73062e-09 2.31581e-09 2.00577e-09 1.81168e-09 1.67176e-09 1.5355e-09 1.41144e-09 1.31202e-09 1.22642e-09 1.13882e-09 1.03877e-09 9.21045e-10 7.85986e-10 6.40548e-10 4.95701e-10 3.61083e-10 2.40335e-10 1.29933e-10 3.90195e-11 
7.39499e-11 1.75516e-10 2.85615e-10 4.07239e-10 5.40598e-10 6.7882e-10 8.1129e-10 9.29007e-10 1.02915e-09 1.11581e-09 1.19838e-09 1.29302e-09 1.41859e-09 1.57754e-09 1.74944e-09 1.95123e-09 2.24111e-09 2.63658e-09 3.1867e-09 3.61343e-09 3.84656e-09 3.25556e-09 2.55828e-09 1.46599e-09 5.37938e-10 5.37938e-10 1.46599e-09 2.55828e-09 3.25556e-09 3.84656e-09 3.61343e-09 3.1867e-09 2.63658e-09 2.24111e-09 1.95123e-09 1.74944e-09 1.57754e-09 1.41859e-09 1.29302e-09 1.19838e-09 1.11581e-09 1.02915e-09 9.29007e-10 8.1129e-10 6.7882e-10 5.40598e-10 4.07239e-10 2.85615e-10 1.75516e-10 7.39499e-11 7.39499e-11 
3.90195e-11 1.29933e-10 2.40335e-10 3.61083e-10 4.95701e-10 6.40548e-10 7.85986e-10 9.21045e-10 1.03877e-09 1.13882e-09 1.22642e-09 1.31202e-09 1.41144e-09 1.5355e-09 1.67176e-09 1.81168e-09 2.00577e-09 2.31581e-09 2.73062e-09 3.21038e-09 3.50516e-09 3.37539e-09 2.76695e-09 1.79313e-09 9.76367e-10 5.37938e-10 1.14787e-09 2.25678e-09 3.34245e-09 4.02934e-09 4.12998e-09 3.66465e-09 3.06321e-09 2.52973e-09 2.15065e-09 1.8692e-09 1.64665e-09 1.4484e-09 1.28576e-09 1.16883e-09 1.08171e-09 1.00306e-09 9.18355e-10 8.18939e-10 7.02813e-10 5.75563e-10 4.47168e-10 3.26597e-10 2.17277e-10 1.1608e-10 3.34807e-11 
8.28984e-11 1.91685e-10 3.10622e-10 4.43485e-10 5.90548e-10 7.44575e-10 8.94252e-10 1.02955e-09 1.14591e-09 1.24473e-09 1.33222e-09 1.41913e-09 1.51735e-09 1.62591e-09 1.72979e-09 1.84856e-09 2.05658e-09 2.38327e-09 2.8094e-09 3.14104e-09 3.33704e-09 2.8904e-09 2.42786e-09 1.45565e-09 9.76367e-10 1.14787e-09 2.19755e-09 3.20945e-09 4.08284e-09 4.66041e-09 4.24141e-09 3.54674e-09 2.8806e-09 2.38673e-09 2.02795e-09 1.74284e-09 1.50114e-09 1.29754e-09 1.14713e-09 1.04367e-09 9.64799e-10 8.90972e-10 8.08665e-10 7.10728e-10 5.98173e-10 4.78724e-10 3.62006e-10 2.54354e-10 1.55649e-10 6.37224e-11 6.37224e-11 
4.37451e-11 1.40688e-10 2.57394e-10 3.86487e-10 5.31786e-10 6.89554e-10 8.49761e-10 1.00072e-09 1.13419e-09 1.24774e-09 1.3441e-09 1.43002e-09 1.51442e-09 1.60187e-09 1.68416e-09 1.75959e-09 1.87874e-09 2.11299e-09 2.44248e-09 2.81836e-09 3.07066e-09 3.07928e-09 2.541e-09 2.15166e-09 1.45565e-09 1.46599e-09 2.19755e-09 3.26489e-09 4.18579e-09 4.90412e-09 4.81788e-09 4.12155e-09 3.26934e-09 2.65205e-09 2.20429e-09 1.85888e-09 1.57116e-09 1.32842e-09 1.14035e-09 1.01012e-09 9.20821e-10 8.5071e-10 7.81866e-10 7.0192e-10 6.06561e-10 4.99782e-10 3.90256e-10 2.86047e-10 1.90313e-10 1.00438e-10 2.76685e-11 
8.96383e-11 2.02531e-10 3.26937e-10 4.67336e-10 6.24087e-10 7.89847e-10 9.52931e-10 1.10242e-09 1.23208e-09 1.34121e-09 1.43347e-09 1.51482e-09 1.58968e-09 1.65656e-09 1.70968e-09 1.77164e-09 1.90924e-09 2.16429e-09 2.4607e-09 2.7675e-09 3.01822e-09 2.86348e-09 2.34469e-09 2.15166e-09 1.79313e-09 2.25678e-09 3.26489e-09 4.257e-09 5.1059e-09 5.26142e-09 4.63909e-09 3.71718e-09 2.9266e-09 2.38216e-09 1.97729e-09 1.64905e-09 1.37175e-09 1.14958e-09 9.88062e-10 8.78921e-10 8.03518e-10 7.41931e-10 6.77338e-10 5.99849e-10 5.08582e-10 4.09645e-10 3.11369e-10 2.19405e-10 1.33774e-10 5.31283e-11 5.31283e-11 
4.71394e-11 1.47163e-10 2.6661e-10 4.00111e-10 5.51701e-10 7.17726e-10 8.88119e-10 1.05073e-09 1.19607e-09 1.31978e-09 1.42245e-09 1.50776e-09 1.57876e-09 1.63532e-09 1.67536e-09 1.70474e-09 1.77147e-09 1.93258e-09 2.17181e-09 2.44267e-09 2.7148e-09 2.90272e-09 2.74347e-09 2.34469e-09 2.42786e-09 2.55828e-09 3.20945e-09 4.257e-09 5.32994e-09 5.58313e-09 5.11692e-09 4.13764e-09 3.21194e-09 2.54708e-09 2.08252e-09 1.72092e-09 1.41788e-09 1.16952e-09 9.79798e-10 8.4607e-10 7.56727e-10 6.94284e-10 6.39849e-10 5.78596e-10 5.04158e-10 4.18666e-10 3.29131e-10 2.42469e-10 1.61517e-10 8.42478e-11 2.2061e-11 
9.33883e-11 2.06769e-10 3.32607e-10 4.75943e-10 6.37271e-10 8.09447e-10 9.80769e-10 1.13957e-09 1.27795e-09 1.39311e-09 1.48631e-09 1.55962e-09 1.61238e-09 1.64348e-09 1.65586e-09 1.67377e-09 1.75545e-09 1.92305e-09 2.13166e-09 2.41876e-09 2.6389e-09 2.80638e-09 2.74347e-09 2.541e-09 2.76695e-09 3.34245e-09 4.18579e-09 5.32994e-09 5.88138e-09 5.49722e-09 4.53657e-09 3.48104e-09 2.69701e-09 2.16486e-09 1.77375e-09 1.45594e-09 1.19175e-09 9.81916e-10 8.2555e-10 7.17243e-10 6.45767e-10 5.94262e-10 5.45121e-10 4.86767e-10 4.164e-10 3.38188e-10 2.58864e-10 1.83225e-10 1.11451e-10 4.29286e-11 4.29286e-11 
4.88077e-11 1.48536e-10 2.66725e-10 4.00033e-10 5.526e-10 7.21032e-10 8.95591e-10 1.06396e-09 1.21547e-09 1.34374e-09 1.44708e-09 1.52628e-09 1.58072e-09 1.60821e-09 1.61088e-09 1.60183e-09 1.62018e-09 1.71313e-09 1.87166e-09 2.08241e-09 2.36579e-09 2.58496e-09 2.80638e-09 2.86348e-09 2.8904e-09 3.25556e-09 4.08284e-09 5.1059e-09 5.88138e-09 5.76204e-09 4.88242e-09 3.7322e-09 2.83256e-09 2.21989e-09 1.80234e-09 1.47629e-09 1.20767e-09 9.87702e-10 8.15598e-10 6.89027e-10 6.03087e-10 5.46782e-10 5.03535e-10 4.58208e-10 4.02912e-10 3.37781e-10 2.67877e-10 1.98728e-10 1.32764e-10 6.85441e-11 1.70086e-11 
9.36692e-11 2.03719e-10 3.26578e-10 4.6762e-10 6.27477e-10 7.99482e-10 9.72264e-10 1.13366e-09 1.27421e-09 1.38882e-09 1.47626e-09 1.53579e-09 1.56508e-09 1.56401e-09 1.5415e-09 1.52155e-09 1.5465e-09 1.6411e-09 1.79097e-09 2.03607e-09 2.3334e-09 2.58496e-09 2.90272e-09 3.07928e-09 3.37539e-09 4.02934e-09 4.90412e-09 5.58313e-09 5.76204e-09 5.08172e-09 3.93929e-09 2.95258e-09 2.25757e-09 1.80601e-09 1.47547e-09 1.21019e-09 9.9023e-10 8.11042e-10 6.71586e-10 5.70633e-10 5.03725e-10 4.59272e-10 4.21854e-10 3.79544e-10 3.27894e-10 2.69002e-10 2.07775e-10 1.48011e-10 8.99843e-11 3.36673e-11 3.36673e-11 
4.85535e-11 1.44526e-10 2.57397e-10 3.85632e-10 5.33315e-10 6.97429e-10 8.6888e-10 1.03554e-09 1.18589e-09 1.31172e-09 1.40895e-09 1.47603e-09 1.51084e-09 1.51198e-09 1.48456e-09 1.44563e-09 1.4249e-09 1.45618e-09 1.54434e-09 1.70608e-09 2.02162e-09 2.3334e-09 2.6389e-09 3.01822e-09 3.33704e-09 3.84656e-09 4.66041e-09 5.26142e-09 5.49722e-09 5.08172e-09 4.0498e-09 3.05082e-09 2.28461e-09 1.79354e-09 1.45587e-09 1.19647e-09 9.84143e-10 8.06187e-10 6.60984e-10 5.48897e-10 4.6965e-10 4.18058e-10 3.82301e-10 3.48976e-10 3.09513e-10 2.62241e-10 2.10177e-10 1.5733e-10 1.05623e-10 5.40995e-11 1.27137e-11 
9.04148e-11 1.9351e-10 3.09061e-10 4.42478e-10 5.94477e-10 7.59052e-10 9.25548e-10 1.08178e-09 1.21721e-09 1.32487e-09 1.40131e-09 1.4444e-09 1.4522e-09 1.42698e-09 1.38066e-09 1.33598e-09 1.31981e-09 1.35398e-09 1.44835e-09 1.65715e-09 2.02162e-09 2.36579e-09 2.7148e-09 3.07066e-09 3.50516e-09 4.12998e-09 4.81788e-09 5.11692e-09 4.88242e-09 4.0498e-09 3.10474e-09 2.30522e-09 1.77573e-09 1.42544e-09 1.16906e-09 9.66973e-10 7.96691e-10 6.52396e-10 5.34963e-10 4.4581e-10 3.84371e-10 3.4454e-10 3.14951e-10 2.84709e-10 2.4834e-10 2.0604e-10 1.60874e-10 1.15564e-10 7.03724e-11 2.56563e-11 2.56563e-11 
4.64166e-11 1.35487e-10 2.39367e-10 3.57957e-10 4.95097e-10 6.48186e-10 8.09048e-10 9.66264e-10 1.10816e-09 1.22545e-09 1.31235e-09 1.3657e-09 1.38349e-09 1.36595e-09 1.3208e-09 1.2657e-09 1.22312e-09 1.21272e-09 1.25762e-09 1.38705e-09 1.65715e-09 2.03607e-09 2.41876e-09 2.7675e-09 3.14104e-09 3.61343e-09 4.24141e-09 4.63909e-09 4.53657e-09 3.93929e-09 3.10474e-09 2.31252e-09 1.7607e-09 1.39441e-09 1.13456e-09 9.40164e-10 7.80372e-10 6.42073e-10 5.24669e-10 4.30204e-10 3.60007e-10 3.12749e-10 2.81667e-10 2.56444e-10 2.28874e-10 1.95976e-10 1.58923e-10 1.20241e-10 8.12765e-11 4.14122e-11 9.24054e-12 
8.39864e-11 1.77113e-10 2.81655e-10 4.02756e-10 5.41146e-10 6.91617e-10 8.44642e-10 9.8875e-10 1.11329e-09 1.21041e-09 1.27531e-09 1.30525e-09 1.29955e-09 1.26228e-09 1.20653e-09 1.15178e-09 1.11621e-09 1.11796e-09 1.19465e-09 1.38705e-09 1.70608e-09 2.08241e-09 2.44267e-09 2.81836e-09 3.21038e-09 3.66465e-09 4.12155e-09 4.13764e-09 3.7322e-09 3.05082e-09 2.31252e-09 1.74942e-09 1.37095e-09 1.1013e-09 9.08379e-10 7.57723e-10 6.28043e-10 5.14612e-10 4.19295e-10 3.43802e-10 2.89042e-10 2.52839e-10 2.28124e-10 2.06137e-10 1.81197e-10 1.52051e-10 1.20145e-10 8.71714e-11 5.32812e-11 1.90109e-11 1.90109e-11 
4.26648e-11 1.22354e-10 2.14414e-10 3.19731e-10 4.41756e-10 5.78334e-10 7.2246e-10 8.64031e-10 9.92182e-10 1.09768e-09 1.17411e-09 1.21752e-09 1.22618e-09 1.20195e-09 1.15334e-09 1.09664e-09 1.04998e-09 1.02894e-09 1.05897e-09 1.19465e-09 1.44835e-09 1.79097e-09 2.13166e-09 2.4607e-09 2.8094e-09 3.1867e-09 3.54674e-09 3.71718e-09 3.48104e-09 2.95258e-09 2.30522e-09 1.74942e-09 1.35789e-09 1.07657e-09 8.77867e-10 7.31661e-10 6.10264e-10 5.02918e-10 4.09931e-10 3.32865e-10 2.72977e-10 2.30678e-10 2.02911e-10 1.82813e-10 1.63452e-10 1.41224e-10 1.15892e-10 8.87181e-11 6.04746e-11 3.07383e-11 6.54611e-12 
7.5102e-11 1.56192e-10 2.47128e-10 3.52568e-10 4.73223e-10 6.04805e-10 7.39304e-10 8.66764e-10 9.77485e-10 1.06383e-09 1.12063e-09 1.14495e-09 1.13683e-09 1.10145e-09 1.05089e-09 1.00248e-09 9.72756e-10 9.7875e-10 1.05897e-09 1.25762e-09 1.54434e-09 1.87166e-09 2.17181e-09 2.44248e-09 2.73062e-09 3.06321e-09 3.26934e-09 3.21194e-09 2.83256e-09 2.28461e-09 1.7607e-09 1.35789e-09 1.06386e-09 8.54702e-10 7.06525e-10 5.9043e-10 4.89257e-10 4.00256e-10 3.24325e-10 2.62342e-10 2.15316e-10 1.82931e-10 1.61491e-10 1.44815e-10 1.27785e-10 1.08311e-10 8.66233e-11 6.35395e-11 3.90499e-11 1.37005e-11 1.37005e-11 
3.77341e-11 1.06479e-10 1.85038e-10 2.74877e-10 3.78999e-10 4.95745e-10 6.19483e-10 7.4194e-10 8.5393e-10 9.4726e-10 1.0158e-09 1.05553e-09 1.06491e-09 1.0464e-09 1.00838e-09 9.65256e-10 9.34395e-10 9.31379e-10 9.7875e-10 1.11796e-09 1.35398e-09 1.6411e-09 1.92305e-09 2.16429e-09 2.38327e-09 2.63658e-09 2.8806e-09 2.9266e-09 2.69701e-09 2.25757e-09 1.77573e-09 1.37095e-09 1.06386e-09 8.4261e-10 6.86973e-10 5.71369e-10 4.74585e-10 3.89747e-10 3.1634e-10 2.54614e-10 2.05199e-10 1.68707e-10 1.44075e-10 1.27337e-10 1.13313e-10 9.8455e-11 8.16647e-11 6.3258e-11 4.35238e-11 2.2121e-11 4.53013e-12 
6.46995e-11 1.32791e-10 2.08896e-10 2.97073e-10 3.98046e-10 5.08535e-10 6.22306e-10 7.31454e-10 8.28012e-10 9.05343e-10 9.58639e-10 9.85122e-10 9.85081e-10 9.63578e-10 9.31569e-10 9.04717e-10 8.99387e-10 9.31379e-10 1.02894e-09 1.21272e-09 1.45618e-09 1.71313e-09 1.93258e-09 2.11299e-09 2.31581e-09 2.52973e-09 2.65205e-09 2.54708e-09 2.21989e-09 1.79354e-09 1.39441e-09 1.07657e-09 8.4261e-10 6.76474e-10 5.56346e-10 4.60706e-10 3.78907e-10 3.08221e-10 2.48005e-10 1.98221e-10 1.59277e-10 1.31306e-10 1.12637e-10 9.94004e-11 8.75329e-11 7.4715e-11 6.04129e-11 4.48026e-11 2.77153e-11 9.60568e-12 9.60568e-12 
3.21469e-11 8.93732e-11 1.53991e-10 2.27727e-10 3.1316e-10 4.0918e-10 5.1162e-10 6.14267e-10 7.1007e-10 7.9246e-10 8.56216e-10 8.97752e-10 9.15749e-10 9.12569e-10 8.95633e-10 8.77616e-10 8.7399e-10 8.99387e-10 9.72756e-10 1.11621e-09 1.31981e-09 1.5465e-09 1.75545e-09 1.90924e-09 2.05658e-09 2.24111e-09 2.38673e-09 2.38216e-09 2.16486e-09 1.80601e-09 1.42544e-09 1.1013e-09 8.54702e-10 6.76474e-10 5.48123e-10 4.49782e-10 3.68878e-10 3.00168e-10 2.41711e-10 1.92719e-10 1.52988e-10 1.22703e-10 1.0152e-10 8.73629e-11 7.67637e-11 6.67182e-11 5.5782e-11 4.36758e-11 3.03328e-11 1.54415e-11 3.06691e-12 
5.37589e-11 1.08966e-10 1.70364e-10 2.41399e-10 3.22856e-10 4.12489e-10 5.05861e-10 5.97266e-10 6.80766e-10 7.51156e-10 8.04462e-10 8.38354e-10 8.53163e-10 8.53275e-10 8.47903e-10 8.50183e-10 8.7399e-10 9.34395e-10 1.04998e-09 1.22312e-09 1.4249e-09 1.62018e-09 1.77147e-09 1.87874e-09 2.00577e-09 2.15065e-09 2.20429e-09 2.08252e-09 1.80234e-09 1.45587e-09 1.13456e-09 8.77867e-10 6.86973e-10 5.48123e-10 4.43762e-10 3.61072e-10 2.92894e-10 2.35703e-10 1.87821e-10 1.48367e-10 1.17056e-10 9.38495e-11 7.79714e-11 6.71879e-11 5.86105e-11 5.01372e-11 4.08819e-11 3.06215e-11 1.90705e-11 6.55324e-12 6.55324e-12 
2.64176e-11 7.24502e-11 1.23783e-10 1.82188e-10 2.49879e-10 3.26307e-10 4.087e-10 4.92827e-10 5.73789e-10 6.46825e-10 7.07953e-10 7.54365e-10 7.85077e-10 8.02115e-10 8.1156e-10 8.23497e-10 8.50183e-10 9.04717e-10 1.00248e-09 1.15178e-09 1.33598e-09 1.52155e-09 1.67377e-09 1.77164e-09 1.84856e-09 1.95123e-09 2.02795e-09 1.97729e-09 1.77375e-09 1.47547e-09 1.16906e-09 9.08379e-10 7.06525e-10 5.56346e-10 4.43762e-10 3.56782e-10 2.87313e-10 2.30399e-10 1.83332e-10 1.44535e-10 1.13133e-10 8.88159e-11 7.13037e-11 5.94826e-11 5.12026e-11 4.42109e-11 3.70948e-11 2.9288e-11 2.05136e-11 1.04677e-11 2.03249e-12 
4.31512e-11 8.64539e-11 1.34343e-10 1.89695e-10 2.53388e-10 3.24121e-10 3.99075e-10 4.74539e-10 5.46545e-10 6.11446e-10 6.66364e-10 7.09653e-10 7.41736e-10 7.66171e-10 7.90127e-10 8.23497e-10 8.77616e-10 9.65256e-10 1.09664e-09 1.2657e-09 1.44563e-09 1.60183e-09 1.70474e-09 1.75959e-09 1.81168e-09 1.8692e-09 1.85888e-09 1.72092e-09 1.47629e-09 1.19647e-09 9.40164e-10 7.31661e-10 5.71369e-10 4.49782e-10 3.56782e-10 2.84269e-10 2.2639e-10 1.7946e-10 1.41181e-10 1.10101e-10 8.54493e-11 6.68719e-11 5.38395e-11 4.50583e-11 3.86361e-11 3.29126e-11 2.69553e-11 2.03466e-11 1.27487e-11 4.35532e-12 4.35532e-12 
2.09783e-11 5.68293e-11 9.63259e-11 1.41145e-10 1.93202e-10 2.52446e-10 3.173e-10 3.85218e-10 4.5318e-10 5.1815e-10 5.77498e-10 6.29394e-10 6.73379e-10 7.11227e-10 7.47652e-10 7.90127e-10 8.47903e-10 9.31569e-10 1.05089e-09 1.20653e-09 1.38066e-09 1.5415e-09 1.65586e-09 1.70968e-09 1.72979e-09 1.74944e-09 1.74284e-09 1.64905e-09 1.45594e-09 1.21019e-09 9.66973e-10 7.57723e-10 5.9043e-10 4.60706e-10 3.61072e-10 2.84269e-10 2.24221e-10 1.76571e-10 1.3836e-10 1.07589e-10 8.30101e-11 6.39617e-11 5.00055e-11 4.04121e-11 3.38712e-11 2.88384e-11 2.41419e-11 1.91503e-11 1.34998e-11 6.90493e-12 1.31939e-12 
3.3526e-11 6.64722e-11 1.0272e-10 1.44639e-10 1.93189e-10 2.47847e-10 3.07098e-10 3.6886e-10 4.30856e-10 4.90932e-10 5.47404e-10 5.99479e-10 6.47873e-10 6.95491e-10 7.47652e-10 8.1156e-10 8.95633e-10 1.00838e-09 1.15334e-09 1.3208e-09 1.48456e-09 1.61088e-09 1.67536e-09 1.68416e-09 1.67176e-09 1.64665e-09 1.57116e-09 1.41788e-09 1.20767e-09 9.84143e-10 7.80372e-10 6.10264e-10 4.74585e-10 3.68878e-10 2.87313e-10 2.24221e-10 1.75021e-10 1.36286e-10 1.0554e-10 8.11078e-11 6.19596e-11 4.74911e-11 3.71668e-11 3.01501e-11 2.52456e-11 2.12666e-11 1.7401e-11 1.31933e-11 8.30296e-12 2.82293e-12 2.82293e-12 
1.6132e-11 4.32315e-11 7.27665e-11 1.0624e-10 1.45305e-10 1.90296e-10 2.40564e-10 2.94863e-10 3.51668e-10 4.09432e-10 4.66834e-10 5.23105e-10 5.78477e-10 6.34717e-10 6.95491e-10 7.66171e-10 8.53275e-10 9.63578e-10 1.10145e-09 1.26228e-09 1.42698e-09 1.56401e-09 1.64348e-09 1.65656e-09 1.62591e-09 1.57754e-09 1.50114e-09 1.37175e-09 1.19175e-09 9.9023e-10 7.96691e-10 6.28043e-10 4.89257e-10 3.78907e-10 2.92894e-10 2.2639e-10 1.75021e-10 1.35181e-10 1.04059e-10 7.9617e-11 6.04891e-11 4.58153e-11 3.50109e-11 2.74683e-11 2.23464e-11 1.86365e-11 1.54646e-11 1.22665e-11 8.6776e-12 4.4429e-12 8.39705e-13 
2.52725e-11 4.96635e-11 7.63992e-11 1.0741e-10 1.43686e-10 1.85277e-10 2.31633e-10 2.81895e-10 3.3512e-10 3.90462e-10 4.47402e-10 5.0607e-10 5.67651e-10 6.34717e-10 7.11227e-10 8.02115e-10 9.12569e-10 1.0464e-09 1.20195e-09 1.36595e-09 1.51198e-09 1.60821e-09 1.63532e-09 1.60187e-09 1.5355e-09 1.4484e-09 1.32842e-09 1.16952e-09 9.87702e-10 8.06187e-10 6.42073e-10 5.02918e-10 3.89747e-10 3.00168e-10 2.30399e-10 1.76571e-10 1.35181e-10 1.03275e-10 7.85623e-11 5.93907e-11 4.46477e-11 3.35929e-11 2.56479e-11 2.01874e-11 1.64404e-11 1.36059e-11 1.10575e-11 8.38498e-12 5.2874e-12 1.78957e-12 1.78957e-12 
1.20414e-11 3.1981e-11 5.35285e-11 7.79726e-11 1.06729e-10 1.4038e-10 1.78927e-10 2.22057e-10 2.69351e-10 3.20443e-10 3.75171e-10 4.33795e-10 4.97299e-10 5.67651e-10 6.47873e-10 7.41736e-10 8.53163e-10 9.85081e-10 1.13683e-09 1.29955e-09 1.4522e-09 1.56508e-09 1.61238e-09 1.58968e-09 1.51735e-09 1.41859e-09 1.29754e-09 1.14958e-09 9.81916e-10 8.11042e-10 6.52396e-10 5.14612e-10 4.00256e-10 3.08221e-10 2.35703e-10 1.7946e-10 1.36286e-10 1.03275e-10 7.80103e-11 5.86352e-11 4.38184e-11 3.26408e-11 2.44468e-11 1.86805e-11 1.47485e-11 1.19917e-11 9.80386e-12 7.73482e-12 5.4707e-12 2.79869e-12 5.24184e-13 
1.85339e-11 3.61654e-11 5.54659e-11 7.7985e-11 1.0469e-10 1.35996e-10 1.7201e-10 2.1273e-10 2.58195e-10 3.08605e-10 3.64469e-10 4.26794e-10 4.97299e-10 5.78477e-10 6.73379e-10 7.85077e-10 9.15749e-10 1.06491e-09 1.22618e-09 1.38349e-09 1.51084e-09 1.58072e-09 1.57876e-09 1.51442e-09 1.41144e-09 1.28576e-09 1.14035e-09 9.79798e-10 8.15598e-10 6.60984e-10 5.24669e-10 4.09931e-10 3.1634e-10 2.41711e-10 1.83332e-10 1.3836e-10 1.04059e-10 7.80103e-11 5.82458e-11 4.32679e-11 3.19938e-11 2.36552e-11 1.76709e-11 1.35291e-11 1.07028e-11 8.65972e-12 6.95053e-12 5.24718e-12 3.30503e-12 1.11137e-12 1.11137e-12 
8.75058e-12 2.3076e-11 3.84734e-11 5.60094e-11 7.68734e-11 1.01771e-10 1.31116e-10 1.6521e-10 2.04398e-10 2.49181e-10 3.0032e-10 3.58965e-10 4.26794e-10 5.0607e-10 5.99479e-10 7.09653e-10 8.38354e-10 9.85122e-10 1.14495e-09 1.30525e-09 1.4444e-09 1.53579e-09 1.55962e-09 1.51482e-09 1.41913e-09 1.29302e-09 1.14713e-09 9.88062e-10 8.2555e-10 6.71586e-10 5.34963e-10 4.19295e-10 3.24325e-10 2.48005e-10 1.87821e-10 1.41181e-10 1.0554e-10 7.85623e-11 5.82458e-11 4.29884e-11 3.15801e-11 2.3135e-11 1.70072e-11 1.26928e-11 9.74132e-12 7.7071e-12 6.17743e-12 4.82306e-12 3.39809e-12 1.73251e-12 3.21223e-13 
1.32647e-11 2.5754e-11 3.94498e-11 5.55764e-11 7.50283e-11 9.84192e-11 1.26259e-10 1.59101e-10 1.97649e-10 2.42867e-10 2.96059e-10 3.58965e-10 4.33795e-10 5.23105e-10 6.29394e-10 7.54365e-10 8.97752e-10 1.05553e-09 1.21752e-09 1.3657e-09 1.47603e-09 1.52628e-09 1.50776e-09 1.43002e-09 1.31202e-09 1.16883e-09 1.01012e-09 8.4607e-10 6.89027e-10 5.48897e-10 4.30204e-10 3.32865e-10 2.54614e-10 1.92719e-10 1.44535e-10 1.07589e-10 7.9617e-11 5.86352e-11 4.29884e-11 3.13751e-11 2.28118e-11 1.65782e-11 1.21385e-11 9.06363e-12 6.97027e-12 5.49995e-12 4.33971e-12 3.24687e-12 2.03648e-12 6.79567e-13 6.79567e-13 
6.21033e-12 1.62937e-11 2.71143e-11 3.95255e-11 5.45104e-11 7.28003e-11 9.50271e-11 1.21863e-10 1.54134e-10 1.92916e-10 2.39619e-10 2.96059e-10 3.64469e-10 4.47402e-10 5.47404e-10 6.66364e-10 8.04462e-10 9.58639e-10 1.12063e-09 1.27531e-09 1.40131e-09 1.47626e-09 1.48631e-09 1.43347e-09 1.33222e-09 1.19838e-09 1.04367e-09 8.78921e-10 7.17243e-10 5.70633e-10 4.4581e-10 3.43802e-10 2.62342e-10 1.98221e-10 1.48367e-10 1.10101e-10 8.11078e-11 5.93907e-11 4.32679e-11 3.13751e-11 2.26554e-11 1.63182e-11 1.17808e-11 8.60457e-12 6.43354e-12 4.95319e-12 3.88097e-12 2.9862e-12 2.08747e-12 1.05796e-12 1.948e-13 
9.2942e-12 1.79965e-11 2.75895e-11 3.90251e-11 5.30967e-11 7.04911e-11 9.19267e-11 1.18273e-10 1.50643e-10 1.90478e-10 2.39619e-10 3.0032e-10 3.75171e-10 4.66834e-10 5.77498e-10 7.07953e-10 8.56216e-10 1.0158e-09 1.17411e-09 1.31235e-09 1.40895e-09 1.44708e-09 1.42245e-09 1.3441e-09 1.22642e-09 1.08171e-09 9.20821e-10 7.56727e-10 6.03087e-10 4.6965e-10 3.60007e-10 2.72977e-10 2.05199e-10 1.52988e-10 1.13133e-10 8.30101e-11 6.04891e-11 4.38184e-11 3.15801e-11 2.26554e-11 1.61949e-11 1.15664e-11 8.30703e-12 6.06134e-12 4.53973e-12 3.49074e-12 2.70004e-12 1.99503e-12 1.24193e-12 4.10321e-13 4.10321e-13 
4.31896e-12 1.12973e-11 1.88051e-11 2.75066e-11 3.81981e-11 5.15744e-11 6.83512e-11 8.93791e-11 1.15741e-10 1.48843e-10 1.90478e-10 2.42867e-10 3.08605e-10 3.90462e-10 4.90932e-10 6.11446e-10 7.51156e-10 9.05343e-10 1.06383e-09 1.21041e-09 1.32487e-09 1.38882e-09 1.39311e-09 1.34121e-09 1.24473e-09 1.11581e-09 9.64799e-10 8.03518e-10 6.45767e-10 5.03725e-10 3.84371e-10 2.89042e-10 2.15316e-10 1.59277e-10 1.17056e-10 8.54493e-11 6.19596e-11 4.46477e-11 3.19938e-11 2.28118e-11 1.61949e-11 1.14653e-11 8.12848e-12 5.81598e-12 4.24406e-12 3.18275e-12 2.43574e-12 1.8415e-12 1.27318e-12 6.40314e-13 1.16993e-13 
6.39911e-12 1.23853e-11 1.90425e-11 2.71014e-11 3.72393e-11 5.01348e-11 6.65782e-11 8.75762e-11 1.14436e-10 1.48843e-10 1.92916e-10 2.49181e-10 3.20443e-10 4.09432e-10 5.1815e-10 6.46825e-10 7.9246e-10 9.4726e-10 1.09768e-09 1.22545e-09 1.31172e-09 1.34374e-09 1.31978e-09 1.24774e-09 1.13882e-09 1.00306e-09 8.5071e-10 6.94284e-10 5.46782e-10 4.18058e-10 3.12749e-10 2.30678e-10 1.68707e-10 1.22703e-10 8.88159e-11 6.39617e-11 4.58153e-11 3.26408e-11 2.3135e-11 1.63182e-11 1.14653e-11 8.04476e-12 5.66785e-12 4.04558e-12 2.95504e-12 2.21586e-12 1.67789e-12 1.22093e-12 7.52705e-13 2.46035e-13 2.46035e-13 
2.95343e-12 7.71873e-12 1.28803e-11 1.89454e-11 2.65453e-11 3.63028e-11 4.89281e-11 6.53173e-11 8.6643e-11 1.14436e-10 1.50643e-10 1.97649e-10 2.58195e-10 3.3512e-10 4.30856e-10 5.46545e-10 6.80766e-10 8.28012e-10 9.77485e-10 1.11329e-09 1.21721e-09 1.27421e-09 1.27795e-09 1.23208e-09 1.14591e-09 1.02915e-09 8.90972e-10 7.41931e-10 5.94262e-10 4.59272e-10 3.4454e-10 2.52839e-10 1.82931e-10 1.31306e-10 9.38495e-11 6.68719e-11 4.74911e-11 3.35929e-11 2.36552e-11 1.65782e-11 1.15664e-11 8.04476e-12 5.59752e-12 3.92405e-12 2.79784e-12 2.04653e-12 1.52952e-12 1.13491e-12 7.74166e-13 3.85139e-13 6.93833e-14 
4.34436e-12 8.42342e-12 1.30165e-11 1.86767e-11 2.59659e-11 3.55045e-11 4.8065e-11 6.46635e-11 8.6643e-11 1.15741e-10 1.54134e-10 2.04398e-10 2.69351e-10 3.51668e-10 4.5318e-10 5.73789e-10 7.1007e-10 8.5393e-10 9.92182e-10 1.10816e-09 1.18589e-09 1.21547e-09 1.19607e-09 1.13419e-09 1.03877e-09 9.18355e-10 7.81866e-10 6.39849e-10 5.03535e-10 3.82301e-10 2.81667e-10 2.02911e-10 1.44075e-10 1.0152e-10 7.13037e-11 5.00055e-11 3.50109e-11 2.44468e-11 1.70072e-11 1.17808e-11 8.12848e-12 5.59752e-12 3.86598e-12 2.70019e-12 1.92582e-12 1.40944e-12 1.0441e-12 7.47621e-13 4.55064e-13 1.46762e-13 1.46762e-13 
1.99397e-12 5.2166e-12 8.74283e-12 1.29569e-11 1.83505e-11 2.54572e-11 3.49267e-11 4.76157e-11 6.46635e-11 8.75762e-11 1.18273e-10 1.59101e-10 2.1273e-10 2.81895e-10 3.6886e-10 4.74539e-10 5.97266e-10 7.31454e-10 8.66764e-10 9.8875e-10 1.08178e-09 1.13366e-09 1.13957e-09 1.10242e-09 1.02955e-09 9.29007e-10 8.08665e-10 6.77338e-10 5.45121e-10 4.21854e-10 3.14951e-10 2.28124e-10 1.61491e-10 1.12637e-10 7.79714e-11 5.38395e-11 3.71668e-11 2.56479e-11 1.76709e-11 1.21385e-11 8.30703e-12 5.66785e-12 3.86598e-12 2.65363e-12 1.84908e-12 1.31994e-12 9.63891e-13 7.00796e-13 4.71734e-13 2.31946e-13 4.17002e-14 
2.91889e-12 5.68138e-12 8.83914e-12 1.28094e-11 1.80448e-11 2.50832e-11 3.46248e-11 4.76157e-11 6.53173e-11 8.93791e-11 1.21863e-10 1.6521e-10 2.22057e-10 2.94863e-10 3.85218e-10 4.92827e-10 6.14267e-10 7.4194e-10 8.64031e-10 9.66264e-10 1.03554e-09 1.06396e-09 1.05073e-09 1.00072e-09 9.21045e-10 8.18939e-10 7.0192e-10 5.78596e-10 4.58208e-10 3.48976e-10 2.56444e-10 1.82813e-10 1.27337e-10 8.73629e-11 5.94826e-11 4.04121e-11 2.74683e-11 1.86805e-11 1.26928e-11 8.60457e-12 5.81598e-12 3.92405e-12 2.65363e-12 1.81227e-12 1.26184e-12 9.01232e-13 6.53273e-13 4.59559e-13 2.76887e-13 8.79312e-14 8.79312e-14 
1.33358e-12 3.49808e-12 5.89905e-12 8.82252e-12 1.26478e-11 1.78141e-11 2.48858e-11 3.46248e-11 4.8065e-11 6.65782e-11 9.19267e-11 1.26259e-10 1.7201e-10 2.31633e-10 3.07098e-10 3.99075e-10 5.05861e-10 6.22306e-10 7.39304e-10 8.44642e-10 9.25548e-10 9.72264e-10 9.80769e-10 9.52931e-10 8.94252e-10 8.1129e-10 7.10728e-10 5.99849e-10 4.86767e-10 3.79544e-10 2.84709e-10 2.06137e-10 1.44815e-10 9.94004e-11 6.71879e-11 4.50583e-11 3.01501e-11 2.01874e-11 1.35291e-11 9.06363e-12 6.06134e-12 4.04558e-12 2.70019e-12 1.81227e-12 1.23345e-12 8.59859e-13 6.12732e-13 4.37054e-13 2.89668e-13 1.41279e-13 2.47894e-14 
1.94734e-12 3.81114e-12 5.97932e-12 8.7617e-12 1.2517e-11 1.76911e-11 2.48858e-11 3.49267e-11 4.89281e-11 6.83512e-11 9.50271e-11 1.31116e-10 1.78927e-10 2.40564e-10 3.173e-10 4.087e-10 5.1162e-10 6.19483e-10 7.2246e-10 8.09048e-10 8.6888e-10 8.95591e-10 8.88119e-10 8.49761e-10 7.85986e-10 7.02813e-10 6.06561e-10 5.04158e-10 4.02912e-10 3.09513e-10 2.28874e-10 1.63452e-10 1.13313e-10 7.67637e-11 5.12026e-11 3.38712e-11 2.23464e-11 1.47485e-11 9.74132e-12 6.43354e-12 4.24406e-12 2.79784e-12 1.84908e-12 1.23345e-12 8.38463e-13 5.84375e-13 4.14144e-13 2.86106e-13 1.69934e-13 5.38998e-14 5.38998e-14 
8.87166e-13 2.33466e-12 3.96629e-12 5.99216e-12 8.7005e-12 1.2445e-11 1.76911e-11 2.50832e-11 3.55045e-11 5.01348e-11 7.04911e-11 9.84192e-11 1.35996e-10 1.85277e-10 2.47847e-10 3.24121e-10 4.12489e-10 5.08535e-10 6.04805e-10 6.91617e-10 7.59052e-10 7.99482e-10 8.09447e-10 7.89847e-10 7.44575e-10 6.7882e-10 5.98173e-10 5.08582e-10 4.164e-10 3.27894e-10 2.4834e-10 1.81197e-10 1.27785e-10 8.75329e-11 5.86105e-11 3.86361e-11 2.52456e-11 1.64404e-11 1.07028e-11 6.97027e-12 4.53973e-12 2.95504e-12 1.92582e-12 1.26184e-12 8.38463e-13 5.69846e-13 3.96818e-13 2.77091e-13 1.80497e-13 8.71618e-14 1.51047e-14 
1.29443e-12 2.54736e-12 4.03403e-12 5.98077e-12 8.66469e-12 1.2445e-11 1.78141e-11 2.54572e-11 3.63028e-11 5.15744e-11 7.28003e-11 1.01771e-10 1.4038e-10 1.90296e-10 2.52446e-10 3.26307e-10 4.0918e-10 4.95745e-10 5.78334e-10 6.48186e-10 6.97429e-10 7.21032e-10 7.17726e-10 6.89554e-10 6.40548e-10 5.75563e-10 4.99782e-10 4.18666e-10 3.37781e-10 2.62241e-10 1.95976e-10 1.41224e-10 9.8455e-11 6.67182e-11 4.42109e-11 2.88384e-11 1.86365e-11 1.19917e-11 7.7071e-12 4.95319e-12 3.18275e-12 2.04653e-12 1.31994e-12 8.59859e-13 5.69846e-13 3.87957e-13 2.68327e-13 1.82081e-13 1.06976e-13 3.35421e-14 3.35421e-14 
5.87705e-13 1.55307e-12 2.65931e-12 4.059e-12 5.96989e-12 8.66469e-12 1.2517e-11 1.80448e-11 2.59659e-11 3.72393e-11 5.30967e-11 7.50283e-11 1.0469e-10 1.43686e-10 1.93189e-10 2.53388e-10 3.22856e-10 3.98046e-10 4.73223e-10 5.41146e-10 5.94477e-10 6.27477e-10 6.37271e-10 6.24087e-10 5.90548e-10 5.40598e-10 4.78724e-10 4.09645e-10 3.38188e-10 2.69002e-10 2.0604e-10 1.52051e-10 1.08311e-10 7.4715e-11 5.01372e-11 3.29126e-11 2.12666e-11 1.36059e-11 8.65972e-12 5.49995e-12 3.49074e-12 2.21586e-12 1.40944e-12 9.01232e-13 5.84375e-13 3.87957e-13 2.6368e-13 1.80472e-13 1.15806e-13 5.51485e-14 1.01681e-14 
8.57192e-13 1.69783e-12 2.71195e-12 4.0672e-12 5.96989e-12 8.7005e-12 1.26478e-11 1.83505e-11 2.65453e-11 3.81981e-11 5.45104e-11 7.68734e-11 1.06729e-10 1.45305e-10 1.93202e-10 2.49879e-10 3.1316e-10 3.78999e-10 4.41756e-10 4.95097e-10 5.33315e-10 5.526e-10 5.51701e-10 5.31786e-10 4.95701e-10 4.47168e-10 3.90256e-10 3.29131e-10 2.67877e-10 2.10177e-10 1.58923e-10 1.15892e-10 8.16647e-11 5.5782e-11 3.70948e-11 2.41419e-11 1.54646e-11 9.80386e-12 6.17743e-12 3.88097e-12 2.43574e-12 1.52952e-12 9.63891e-13 6.12732e-13 3.96818e-13 2.6368e-13 1.78393e-13 1.1857e-13 6.86495e-14 2.13814e-14 2.13814e-14 
3.88195e-13 1.02883e-12 1.77363e-12 2.73332e-12 4.0672e-12 5.98077e-12 8.7617e-12 1.28094e-11 1.86767e-11 2.71014e-11 3.90251e-11 5.55764e-11 7.7985e-11 1.0741e-10 1.44639e-10 1.89695e-10 2.41399e-10 2.97073e-10 3.52568e-10 4.02756e-10 4.42478e-10 4.6762e-10 4.75943e-10 4.67336e-10 4.43485e-10 4.07239e-10 3.62006e-10 3.11369e-10 2.58864e-10 2.07775e-10 1.60874e-10 1.20145e-10 8.66233e-11 6.04129e-11 4.08819e-11 2.69553e-11 1.7401e-11 1.10575e-11 6.95053e-12 4.33971e-12 2.70004e-12 1.67789e-12 1.0441e-12 6.53273e-13 4.14144e-13 2.68327e-13 1.78393e-13 1.20022e-13 7.58066e-14 3.60213e-14 6.31651e-15 
5.65112e-13 1.12308e-12 1.80612e-12 2.73332e-12 4.059e-12 5.99216e-12 8.82252e-12 1.29569e-11 1.89454e-11 2.75066e-11 3.95255e-11 5.60094e-11 7.79726e-11 1.0624e-10 1.41145e-10 1.82188e-10 2.27727e-10 2.74877e-10 3.19731e-10 3.57957e-10 3.85632e-10 4.00033e-10 4.00111e-10 3.86487e-10 3.61083e-10 3.26597e-10 2.86047e-10 2.42469e-10 1.98728e-10 1.5733e-10 1.20241e-10 8.87181e-11 6.3258e-11 4.36758e-11 2.9288e-11 1.91503e-11 1.22665e-11 7.73482e-12 4.82306e-12 2.9862e-12 1.8415e-12 1.13491e-12 7.00796e-13 4.37054e-13 2.77091e-13 1.80472e-13 1.20022e-13 7.84245e-14 4.48062e-14 1.41394e-14 1.41394e-14 
2.55673e-13 6.74957e-13 1.16585e-12 1.80612e-12 2.71195e-12 4.03403e-12 5.97932e-12 8.83914e-12 1.30165e-11 1.90425e-11 2.75895e-11 3.94498e-11 5.54659e-11 7.63992e-11 1.0272e-10 1.34343e-10 1.70364e-10 2.08896e-10 2.47128e-10 2.81655e-10 3.09061e-10 3.26578e-10 3.32607e-10 3.26937e-10 3.10622e-10 2.85615e-10 2.54354e-10 2.19405e-10 1.83225e-10 1.48011e-10 1.15564e-10 8.71714e-11 6.35395e-11 4.48026e-11 3.06215e-11 2.03466e-11 1.31933e-11 8.38498e-12 5.24718e-12 3.24687e-12 1.99503e-12 1.22093e-12 7.47621e-13 4.59559e-13 2.86106e-13 1.82081e-13 1.1857e-13 7.84245e-14 4.97831e-14 2.31121e-14 4.06984e-15 
3.67334e-13 7.25628e-13 1.16585e-12 1.77363e-12 2.65931e-12 3.96629e-12 5.89905e-12 8.74283e-12 1.28803e-11 1.88051e-11 2.71143e-11 3.84734e-11 5.35285e-11 7.27665e-11 9.63259e-11 1.23783e-10 1.53991e-10 1.85038e-10 2.14414e-10 2.39367e-10 2.57397e-10 2.66725e-10 2.6661e-10 2.57394e-10 2.40335e-10 2.17277e-10 1.90313e-10 1.61517e-10 1.32764e-10 1.05623e-10 8.12765e-11 6.04746e-11 4.35238e-11 3.03328e-11 2.05136e-11 1.34998e-11 8.6776e-12 5.4707e-12 3.39809e-12 2.08747e-12 1.27318e-12 7.74166e-13 4.71734e-13 2.89668e-13 1.80497e-13 1.15806e-13 7.58066e-14 4.97831e-14 2.87695e-14 9.06129e-15 9.06129e-15 
1.6421e-13 4.24849e-13 7.25628e-13 1.12308e-12 1.69783e-12 2.54736e-12 3.81114e-12 5.68138e-12 8.42342e-12 1.23853e-11 1.79965e-11 2.5754e-11 3.61654e-11 4.96635e-11 6.64722e-11 8.64539e-11 1.08966e-10 1.32791e-10 1.56192e-10 1.77113e-10 1.9351e-10 2.03719e-10 2.06769e-10 2.02531e-10 1.91685e-10 1.75516e-10 1.55649e-10 1.33774e-10 1.11451e-10 8.99843e-11 7.03724e-11 5.32812e-11 3.90499e-11 2.77153e-11 1.90705e-11 1.27487e-11 8.30296e-12 5.2874e-12 3.30503e-12 2.03648e-12 1.24193e-12 7.52705e-13 4.55064e-13 2.76887e-13 1.69934e-13 1.06976e-13 6.86495e-14 4.48062e-14 2.87695e-14 1.43148e-14 2.57326e-15 
2.22879e-13 4.24849e-13 6.74957e-13 1.02883e-12 1.55307e-12 2.33466e-12 3.49808e-12 5.2166e-12 7.71873e-12 1.12973e-11 1.62937e-11 2.3076e-11 3.1981e-11 4.32315e-11 5.68293e-11 7.24502e-11 8.93732e-11 1.06479e-10 1.22354e-10 1.35487e-10 1.44526e-10 1.48536e-10 1.47163e-10 1.40688e-10 1.29933e-10 1.1608e-10 1.00438e-10 8.42478e-11 6.85441e-11 5.40995e-11 4.14122e-11 3.07383e-11 2.2121e-11 1.54415e-11 1.04677e-11 6.90493e-12 4.4429e-12 2.79869e-12 1.73251e-12 1.05796e-12 6.40314e-13 3.85139e-13 2.31946e-13 1.41279e-13 8.71618e-14 5.51485e-14 3.60213e-14 2.31121e-14 1.43148e-14 5.26728e-15 5.26728e-15 
9.48038e-14 2.22879e-13 3.67334e-13 5.65112e-13 8.57192e-13 1.29443e-12 1.94734e-12 2.91889e-12 4.34436e-12 6.39911e-12 9.2942e-12 1.32647e-11 1.85339e-11 2.52725e-11 3.3526e-11 4.31512e-11 5.37589e-11 6.46995e-11 7.5102e-11 8.39864e-11 9.04148e-11 9.36692e-11 9.33883e-11 8.96383e-11 8.28984e-11 7.39499e-11 6.37224e-11 5.31283e-11 4.29286e-11 3.36673e-11 2.56563e-11 1.90109e-11 1.37005e-11 9.60568e-12 6.55324e-12 4.35532e-12 2.82293e-12 1.78957e-12 1.11137e-12 6.79567e-13 4.10321e-13 2.46035e-13 1.46762e-13 8.79312e-14 5.38998e-14 3.35421e-14 2.13814e-14 1.41394e-14 9.06129e-15 5.26728e-15 9.53512e-16 
9.48038e-14 1.6421e-13 2.55673e-13 3.88195e-13 5.87705e-13 8.87166e-13 1.33358e-12 1.99397e-12 2.95343e-12 4.31896e-12 6.21033e-12 8.75058e-12 1.20414e-11 1.6132e-11 2.09783e-11 2.64176e-11 3.21469e-11 3.77341e-11 4.26648e-11 4.64166e-11 4.85535e-11 4.88077e-11 4.71394e-11 4.37451e-11 3.90195e-11 3.34807e-11 2.76685e-11 2.2061e-11 1.70086e-11 1.27137e-11 9.24054e-12 6.54611e-12 4.53013e-12 3.06691e-12 2.03249e-12 1.31939e-12 8.39705e-13 5.24184e-13 3.21223e-13 1.948e-13 1.16993e-13 6.93833e-14 4.17002e-14 2.47894e-14 1.51047e-14 1.01681e-14 6.31651e-15 4.06984e-15 2.57326e-15 9.53512e-16 9.53512e-16 
