1 100 50
2.79183e-14 4.55394e-14 6.99886e-14 1.10357e-13 1.78721e-13 2.9613e-13 4.9755e-13 8.44748e-13 1.43619e-12 2.42982e-12 4.06579e-12 6.68999e-12 1.07764e-11 1.69321e-11 2.5869e-11 3.834e-11 5.50185e-11 7.63354e-11 1.02285e-10 1.3225e-10 1.64888e-10 1.98147e-10 2.29429e-10 2.55931e-10 2.7505e-10 2.84842e-10 2.84345e-10 2.73748e-10 2.54328e-10 2.28197e-10 1.97922e-10 1.66117e-10 1.35084e-10 1.0658e-10 8.17164e-11 6.09943e-11 4.44091e-11 3.16104e-11 2.20511e-11 1.51151e-11 1.02103e-11 6.81655e-12 4.51041e-12 2.96615e-12 1.942e-12 1.26739e-12 8.24246e-13 5.32134e-13 3.36484e-13 1.96781e-13 
4.74873e-14 7.4634e-14 1.16545e-13 1.85402e-13 3.05312e-13 5.10415e-13 8.66611e-13 1.47656e-12 2.51033e-12 4.23006e-12 7.02012e-12 1.1422e-11 1.81455e-11 2.80588e-11 4.21299e-11 6.13155e-11 8.6384e-11 1.17694e-10 1.54953e-10 1.97e-10 2.41706e-10 2.86039e-10 3.26346e-10 3.58834e-10 3.80183e-10 3.88125e-10 3.81874e-10 3.62262e-10 3.31556e-10 2.93019e-10 2.50322e-10 2.0697e-10 1.6586e-10 1.29031e-10 9.76224e-11 7.1971e-11 5.18163e-11 3.65187e-11 2.52597e-11 1.71968e-11 1.15573e-11 7.69027e-12 5.08071e-12 3.34183e-12 2.1921e-12 1.43508e-12 9.37007e-13 6.06377e-13 3.78467e-13 1.96781e-13 
4.55394e-14 7.65215e-14 1.18991e-13 1.87111e-13 3.02142e-13 5.00328e-13 8.45808e-13 1.44061e-12 2.45832e-12 4.16873e-12 6.98398e-12 1.14924e-11 1.84995e-11 2.90239e-11 4.42682e-11 6.55105e-11 9.393e-11 1.30348e-10 1.74921e-10 2.26828e-10 2.84029e-10 3.43203e-10 3.9993e-10 4.49173e-10 4.86004e-10 5.06447e-10 5.08236e-10 4.9127e-10 4.57631e-10 4.11141e-10 3.56623e-10 2.99048e-10 2.42799e-10 1.91192e-10 1.46292e-10 1.08991e-10 7.9239e-11 5.63528e-11 3.9304e-11 2.69608e-11 1.82411e-11 1.22109e-11 8.11186e-12 5.36253e-12 3.53532e-12 2.32869e-12 1.5318e-12 1.00363e-12 6.46163e-13 3.78467e-13 
7.4634e-14 1.19778e-13 1.84179e-13 2.90981e-13 4.74474e-13 7.91929e-13 1.34244e-12 2.29081e-12 3.90313e-12 6.58907e-12 1.09617e-11 1.78755e-11 2.84668e-11 4.41369e-11 6.64763e-11 9.70933e-11 1.37344e-10 1.87961e-10 2.4864e-10 3.17666e-10 3.91701e-10 4.65837e-10 5.33995e-10 5.89673e-10 6.26968e-10 6.41648e-10 6.32025e-10 5.99336e-10 5.47489e-10 4.82258e-10 4.10163e-10 3.37366e-10 2.68846e-10 2.07987e-10 1.56546e-10 1.149e-10 8.244e-11 5.79739e-11 4.00706e-11 2.73016e-11 1.8393e-11 1.22907e-11 8.16917e-12 5.41515e-12 3.58636e-12 2.37465e-12 1.57037e-12 1.03039e-12 6.46163e-13 3.36484e-13 
6.99886e-14 1.18991e-13 1.82842e-13 2.82394e-13 4.47873e-13 7.3339e-13 1.22887e-12 2.08481e-12 3.55177e-12 6.02665e-12 1.01116e-11 1.66861e-11 2.69532e-11 4.24732e-11 6.51148e-11 9.69203e-11 1.39826e-10 1.95247e-10 2.63556e-10 3.43565e-10 4.32151e-10 5.24171e-10 6.1276e-10 6.90046e-10 7.48211e-10 7.80791e-10 7.83925e-10 7.57221e-10 7.03925e-10 6.30262e-10 5.44167e-10 4.53786e-10 3.66187e-10 2.86558e-10 2.17965e-10 1.61542e-10 1.16958e-10 8.29432e-11 5.77801e-11 3.96551e-11 2.68972e-11 1.80856e-11 1.20927e-11 8.06141e-12 5.36914e-12 3.57813e-12 2.38462e-12 1.58385e-12 1.03039e-12 6.06377e-13 
1.16545e-13 1.84179e-13 2.78831e-13 4.30321e-13 6.84667e-13 1.12339e-12 1.88225e-12 3.18862e-12 5.41131e-12 9.12713e-12 1.51998e-11 2.48598e-11 3.97641e-11 6.20061e-11 9.40176e-11 1.38325e-10 1.971e-10 2.71547e-10 3.61197e-10 4.63353e-10 5.72849e-10 6.8227e-10 7.8265e-10 8.64535e-10 9.19335e-10 9.40768e-10 9.26146e-10 8.77097e-10 7.99383e-10 7.01764e-10 5.94251e-10 4.86292e-10 3.85414e-10 2.96568e-10 2.22135e-10 1.624e-10 1.16214e-10 8.16376e-11 5.64684e-11 3.85805e-11 2.61185e-11 1.75747e-11 1.17882e-11 7.89956e-12 5.29756e-12 3.55556e-12 2.38533e-12 1.58385e-12 1.00363e-12 5.32134e-13 
1.10357e-13 1.87111e-13 2.82394e-13 4.23441e-13 6.52862e-13 1.04189e-12 1.70959e-12 2.85777e-12 4.82138e-12 8.1323e-12 1.36138e-11 2.24733e-11 3.64052e-11 5.7642e-11 8.89267e-11 1.33321e-10 1.93776e-10 2.72436e-10 3.69754e-10 4.83677e-10 6.09191e-10 7.38474e-10 8.61666e-10 9.68048e-10 1.04739e-09 1.09134e-09 1.09479e-09 1.05697e-09 9.81988e-10 8.7823e-10 7.56813e-10 6.29411e-10 5.06247e-10 3.94782e-10 2.99301e-10 2.21244e-10 1.59932e-10 1.13403e-10 7.91217e-11 5.44933e-11 3.71686e-11 2.51866e-11 1.70069e-11 1.1472e-11 7.74392e-12 5.23504e-12 3.54082e-12 2.38533e-12 1.57037e-12 9.37007e-13 
1.85402e-13 2.90981e-13 4.30321e-13 6.42507e-13 9.9052e-13 1.57991e-12 2.58533e-12 4.30191e-12 7.20999e-12 1.20685e-11 2.00219e-11 3.27338e-11 5.24847e-11 8.22131e-11 1.25408e-10 1.85735e-10 2.66323e-10 3.68716e-10 4.91751e-10 6.30774e-10 7.77629e-10 9.21577e-10 1.0508e-09 1.15401e-09 1.22168e-09 1.24703e-09 1.22698e-09 1.16301e-09 1.06156e-09 9.33245e-10 7.90955e-10 6.47389e-10 5.12936e-10 3.94507e-10 2.95434e-10 2.16097e-10 1.54887e-10 1.0914e-10 7.58568e-11 5.21802e-11 3.56403e-11 2.42465e-11 1.64733e-11 1.11986e-11 7.62598e-12 5.20001e-12 3.54082e-12 2.38462e-12 1.5318e-12 8.24246e-13 
1.78721e-13 3.02142e-13 4.47873e-13 6.52862e-13 9.73666e-13 1.49997e-12 2.38395e-12 3.88285e-12 6.41833e-12 1.06685e-11 1.76868e-11 2.9046e-11 4.69802e-11 7.44937e-11 1.15343e-10 1.73768e-10 2.53823e-10 3.58237e-10 4.86985e-10 6.3606e-10 7.97116e-10 9.58414e-10 1.10686e-09 1.23029e-09 1.31894e-09 1.36589e-09 1.36702e-09 1.32142e-09 1.23233e-09 1.10773e-09 9.59639e-10 8.01943e-10 6.47679e-10 5.06874e-10 3.85573e-10 2.86038e-10 2.07653e-10 1.4803e-10 1.03987e-10 7.22335e-11 4.97867e-11 3.41587e-11 2.33947e-11 1.60296e-11 1.10011e-11 7.5638e-12 5.20001e-12 3.55556e-12 2.37465e-12 1.43508e-12 
3.05312e-13 4.74474e-13 6.84667e-13 9.9052e-13 1.47271e-12 2.26212e-12 3.57904e-12 5.78865e-12 9.48361e-12 1.56038e-11 2.55853e-11 4.15351e-11 6.63895e-11 1.03993e-10 1.58952e-10 2.36079e-10 3.39261e-10 4.69799e-10 6.24694e-10 7.95725e-10 9.70159e-10 1.13324e-09 1.27148e-09 1.37518e-09 1.43871e-09 1.45918e-09 1.43514e-09 1.36686e-09 1.25804e-09 1.11708e-09 9.56484e-10 7.90436e-10 6.31772e-10 4.89822e-10 3.69642e-10 2.72501e-10 1.96972e-10 1.40118e-10 9.84557e-11 6.85813e-11 4.75175e-11 3.28451e-11 2.27026e-11 1.57151e-11 1.08982e-11 7.5638e-12 5.23504e-12 3.57813e-12 2.32869e-12 1.26739e-12 
2.9613e-13 5.00328e-13 7.3339e-13 1.04189e-12 1.49997e-12 2.22168e-12 3.39651e-12 5.33682e-12 8.55339e-12 1.38624e-11 2.25371e-11 3.64907e-11 5.84767e-11 9.2246e-11 1.42529e-10 2.14641e-10 3.13462e-10 4.41676e-10 5.97636e-10 7.73753e-10 9.56623e-10 1.12961e-09 1.27718e-09 1.38898e-09 1.46111e-09 1.49398e-09 1.48854e-09 1.44429e-09 1.36075e-09 1.24063e-09 1.09188e-09 9.26913e-10 7.5977e-10 6.02772e-10 4.64401e-10 3.48771e-10 2.56336e-10 1.85107e-10 1.31851e-10 9.29926e-11 6.51734e-11 4.55322e-11 3.17887e-11 2.22171e-11 1.55524e-11 1.08982e-11 7.62598e-12 5.29756e-12 3.58636e-12 2.1921e-12 
5.10415e-13 7.91929e-13 1.12339e-12 1.57991e-12 2.26212e-12 3.33583e-12 5.06772e-12 7.89442e-12 1.25125e-11 2.00213e-11 3.21017e-11 5.12355e-11 8.0918e-11 1.25762e-10 1.91279e-10 2.83051e-10 4.05037e-10 5.57166e-10 7.33049e-10 9.19293e-10 1.09766e-09 1.25007e-09 1.36432e-09 1.43733e-09 1.47344e-09 1.47859e-09 1.45494e-09 1.39998e-09 1.31058e-09 1.18786e-09 1.03926e-09 8.7707e-10 7.14991e-10 5.64635e-10 4.33572e-10 3.25073e-10 2.38987e-10 1.73008e-10 1.23829e-10 8.79624e-11 6.22219e-11 4.39485e-11 3.1053e-11 2.1967e-11 1.55524e-11 1.10011e-11 7.74392e-12 5.36914e-12 3.53532e-12 1.942e-12 
4.9755e-13 8.45808e-13 1.22887e-12 1.70959e-12 2.38395e-12 3.39651e-12 4.97872e-12 7.50343e-12 1.15635e-11 1.80913e-11 2.85226e-11 4.50129e-11 7.06812e-11 1.09804e-10 1.6777e-10 2.50502e-10 3.62961e-10 5.06682e-10 6.76968e-10 8.61289e-10 1.04063e-09 1.19448e-09 1.3079e-09 1.37696e-09 1.40886e-09 1.41557e-09 1.40475e-09 1.37505e-09 1.31925e-09 1.23139e-09 1.11199e-09 9.68835e-10 8.14321e-10 6.61611e-10 5.21369e-10 4.00154e-10 3.00462e-10 2.21706e-10 1.61465e-10 1.16533e-10 8.36452e-11 5.98854e-11 4.28502e-11 3.06751e-11 2.1967e-11 1.57151e-11 1.11986e-11 7.89956e-12 5.41515e-12 3.34183e-12 
8.66611e-13 1.34244e-12 1.88225e-12 2.58533e-12 3.57904e-12 5.06772e-12 7.37414e-12 1.1006e-11 1.675e-11 2.58113e-11 4.00068e-11 6.20061e-11 9.55793e-11 1.45705e-10 2.18252e-10 3.18795e-10 4.50303e-10 6.10057e-10 7.87224e-10 9.63141e-10 1.1157e-09 1.22701e-09 1.29084e-09 1.31532e-09 1.31756e-09 1.31212e-09 1.30139e-09 1.27615e-09 1.22452e-09 1.14025e-09 1.02566e-09 8.89906e-10 7.45475e-10 6.0455e-10 4.76438e-10 3.6651e-10 2.76496e-10 2.05491e-10 1.51092e-10 1.10327e-10 8.02485e-11 5.82714e-11 4.22892e-11 3.06751e-11 2.22171e-11 1.60296e-11 1.1472e-11 8.06141e-12 5.36253e-12 2.96615e-12 
8.44748e-13 1.44061e-12 2.08481e-12 2.85777e-12 3.88285e-12 5.33682e-12 7.50343e-12 1.08228e-11 1.59672e-11 2.39492e-11 3.62684e-11 5.51335e-11 8.37071e-11 1.26328e-10 1.88433e-10 2.75757e-10 3.92356e-10 5.37532e-10 7.0279e-10 8.71006e-10 1.01974e-09 1.12874e-09 1.18873e-09 1.20678e-09 1.2033e-09 1.19962e-09 1.20317e-09 1.20404e-09 1.18519e-09 1.13464e-09 1.05024e-09 9.38233e-10 8.09408e-10 6.75692e-10 5.47567e-10 4.32494e-10 3.34446e-10 2.54362e-10 1.91087e-10 1.42344e-10 1.05472e-10 7.79115e-11 5.74479e-11 4.22892e-11 3.1053e-11 2.27026e-11 1.64733e-11 1.17882e-11 8.16917e-12 5.08071e-12 
1.47656e-12 2.29081e-12 3.18862e-12 4.30191e-12 5.78865e-12 7.89442e-12 1.1006e-11 1.57115e-11 2.28732e-11 3.37356e-11 5.00853e-11 7.44672e-11 1.10433e-10 1.62668e-10 2.36593e-10 3.36883e-10 4.64655e-10 6.14116e-10 7.70708e-10 9.1309e-10 1.01981e-09 1.07864e-09 1.09414e-09 1.08786e-09 1.08662e-09 1.10335e-09 1.12791e-09 1.13816e-09 1.11662e-09 1.05794e-09 9.67078e-10 8.5438e-10 7.31332e-10 6.08258e-10 4.93205e-10 3.91395e-10 3.05249e-10 2.34909e-10 1.79035e-10 1.35539e-10 1.02146e-10 7.67233e-11 5.74479e-11 4.28502e-11 3.17887e-11 2.33947e-11 1.70069e-11 1.20927e-11 8.11186e-12 4.51041e-12 
1.43619e-12 2.45832e-12 3.55177e-12 4.82138e-12 6.41833e-12 8.55339e-12 1.15635e-11 1.59672e-11 2.25223e-11 3.22883e-11 4.67204e-11 6.78125e-11 9.83092e-11 1.4193e-10 2.03335e-10 2.87246e-10 3.96179e-10 5.27094e-10 6.68745e-10 8.02248e-10 9.06426e-10 9.66889e-10 9.85098e-10 9.81589e-10 9.8655e-10 1.01771e-09 1.06527e-09 1.10237e-09 1.10603e-09 1.06766e-09 9.91816e-10 8.9003e-10 7.74991e-10 6.57365e-10 5.44988e-10 4.43048e-10 3.54375e-10 2.79807e-10 2.18737e-10 1.69706e-10 1.30893e-10 1.00457e-10 7.67233e-11 5.82714e-11 4.39485e-11 3.28451e-11 2.42465e-11 1.75747e-11 1.22907e-11 7.69027e-12 
2.51033e-12 3.90313e-12 5.41131e-12 7.20999e-12 9.48361e-12 1.25125e-11 1.675e-11 2.28732e-11 3.18202e-11 4.48243e-11 6.34627e-11 8.97781e-11 1.26474e-10 1.77116e-10 2.45857e-10 3.35963e-10 4.46874e-10 5.71049e-10 6.93186e-10 7.93948e-10 8.58107e-10 8.84201e-10 8.90146e-10 9.06534e-10 9.53877e-10 1.02318e-09 1.08472e-09 1.11106e-09 1.08999e-09 1.02484e-09 9.28349e-10 8.15592e-10 6.99271e-10 5.88025e-10 4.8685e-10 3.9809e-10 3.22268e-10 2.58744e-10 2.06265e-10 1.63355e-10 1.28539e-10 1.00457e-10 7.79115e-11 5.98854e-11 4.55322e-11 3.41587e-11 2.51866e-11 1.80856e-11 1.22109e-11 6.81655e-12 
2.42982e-12 4.16873e-12 6.02665e-12 8.1323e-12 1.06685e-11 1.38624e-11 1.80913e-11 2.39492e-11 3.22883e-11 4.42146e-11 6.10518e-11 8.43365e-11 1.15899e-10 1.58092e-10 2.13966e-10 2.86704e-10 3.77555e-10 4.8265e-10 5.91049e-10 6.86709e-10 7.55177e-10 7.92951e-10 8.14386e-10 8.47374e-10 9.12074e-10 1.0004e-09 1.08246e-09 1.12863e-09 1.1235e-09 1.06805e-09 9.74787e-10 8.60618e-10 7.40895e-10 6.26508e-10 5.23592e-10 4.34496e-10 3.59043e-10 2.95695e-10 2.42521e-10 1.97788e-10 1.60141e-10 1.28539e-10 1.02146e-10 8.02485e-11 6.22219e-11 4.75175e-11 3.56403e-11 2.61185e-11 1.8393e-11 1.15573e-11 
4.23006e-12 6.58907e-12 9.12713e-12 1.20685e-11 1.56038e-11 2.00213e-11 2.58113e-11 3.37356e-11 4.48243e-11 6.02861e-11 8.13837e-11 1.09355e-10 1.45504e-10 1.91526e-10 2.49687e-10 3.21961e-10 4.07536e-10 5.00135e-10 5.88187e-10 6.59666e-10 7.10365e-10 7.50907e-10 8.04e-10 8.86365e-10 9.90407e-10 1.08832e-09 1.1507e-09 1.16009e-09 1.11479e-09 1.02578e-09 9.10376e-10 7.85772e-10 6.65176e-10 5.56841e-10 4.64572e-10 3.88572e-10 3.26548e-10 2.75178e-10 2.3149e-10 1.935e-10 1.60141e-10 1.30893e-10 1.05472e-10 8.36452e-11 6.51734e-11 4.97867e-11 3.71686e-11 2.68972e-11 1.82411e-11 1.02103e-11 
4.06579e-12 6.98398e-12 1.01116e-11 1.36138e-11 1.76868e-11 2.25371e-11 2.85226e-11 3.62684e-11 4.67204e-11 6.10518e-11 8.04565e-11 1.05901e-10 1.38011e-10 1.77277e-10 2.2456e-10 2.81319e-10 3.48479e-10 4.23971e-10 5.01393e-10 5.72627e-10 6.34316e-10 6.93934e-10 7.67821e-10 8.67195e-10 9.8413e-10 1.09389e-09 1.16894e-09 1.19102e-09 1.15612e-09 1.0732e-09 9.58915e-10 8.31227e-10 7.04814e-10 5.89591e-10 4.91247e-10 4.11823e-10 3.49869e-10 3.01268e-10 2.6118e-10 2.25906e-10 1.935e-10 1.63355e-10 1.35539e-10 1.10327e-10 8.79624e-11 6.85813e-11 5.21802e-11 3.85805e-11 2.73016e-11 1.71968e-11 
7.02012e-12 1.09617e-11 1.51998e-11 2.00219e-11 2.55853e-11 3.21017e-11 4.00068e-11 5.00853e-11 6.34627e-11 8.13837e-11 1.04835e-10 1.34201e-10 1.69216e-10 2.0941e-10 2.54886e-10 3.06589e-10 3.65166e-10 4.29181e-10 4.95498e-10 5.63221e-10 6.37987e-10 7.30153e-10 8.44768e-10 9.72497e-10 1.09133e-09 1.17629e-09 1.20929e-09 1.18464e-09 1.10924e-09 9.98614e-10 8.70834e-10 7.41393e-10 6.21029e-10 5.16383e-10 4.31262e-10 3.6654e-10 3.19359e-10 2.83889e-10 2.54074e-10 2.25906e-10 1.97788e-10 1.69706e-10 1.42344e-10 1.16533e-10 9.29926e-11 7.22335e-11 5.44933e-11 3.96551e-11 2.69608e-11 1.51151e-11 
6.68999e-12 1.14924e-11 1.66861e-11 2.24733e-11 2.9046e-11 3.64907e-11 4.50129e-11 5.51335e-11 6.78125e-11 8.43365e-11 1.05901e-10 1.33052e-10 1.65328e-10 2.01423e-10 2.39993e-10 2.80713e-10 3.24745e-10 3.74037e-10 4.30551e-10 4.97321e-10 5.80091e-10 6.85002e-10 8.11657e-10 9.4837e-10 1.07453e-09 1.16751e-09 1.21001e-09 1.19526e-09 1.12836e-09 1.02341e-09 8.98237e-10 7.68924e-10 6.46752e-10 5.38434e-10 4.48183e-10 3.78772e-10 3.30224e-10 2.98133e-10 2.75018e-10 2.54074e-10 2.3149e-10 2.06265e-10 1.79035e-10 1.51092e-10 1.23829e-10 9.84557e-11 7.58568e-11 5.64684e-11 4.00706e-11 2.52597e-11 
1.1422e-11 1.78755e-11 2.48598e-11 3.27338e-11 4.15351e-11 5.12355e-11 6.20061e-11 7.44672e-11 8.97781e-11 1.09355e-10 1.34201e-10 1.64198e-10 1.97874e-10 2.3293e-10 2.67427e-10 3.01253e-10 3.37106e-10 3.80488e-10 4.39e-10 5.20763e-10 6.3045e-10 7.64105e-10 9.07496e-10 1.03981e-09 1.13963e-09 1.19053e-09 1.18528e-09 1.12748e-09 1.02974e-09 9.09234e-10 7.8249e-10 6.6154e-10 5.53146e-10 4.60893e-10 3.8772e-10 3.35969e-10 3.0458e-10 2.87205e-10 2.75018e-10 2.6118e-10 2.42521e-10 2.18737e-10 1.91087e-10 1.61465e-10 1.31851e-10 1.03987e-10 7.91217e-11 5.77801e-11 3.9304e-11 2.20511e-11 
1.07764e-11 1.84995e-11 2.69532e-11 3.64052e-11 4.69802e-11 5.84767e-11 7.06812e-11 8.37071e-11 9.83092e-11 1.15899e-10 1.38011e-10 1.65328e-10 1.96907e-10 2.3023e-10 2.62166e-10 2.90679e-10 3.16948e-10 3.47053e-10 3.91903e-10 4.63649e-10 5.68748e-10 7.02426e-10 8.4883e-10 9.85954e-10 1.09203e-09 1.15074e-09 1.15459e-09 1.10615e-09 1.01665e-09 9.02314e-10 7.79718e-10 6.61838e-10 5.5611e-10 4.65544e-10 3.91912e-10 3.3787e-10 3.05303e-10 2.91236e-10 2.87205e-10 2.83889e-10 2.75178e-10 2.58744e-10 2.34909e-10 2.05491e-10 1.73008e-10 1.40118e-10 1.0914e-10 8.16376e-11 5.79739e-11 3.65187e-11 
1.81455e-11 2.84668e-11 3.97641e-11 5.24847e-11 6.63895e-11 8.0918e-11 9.55793e-11 1.10433e-10 1.26474e-10 1.45504e-10 1.69216e-10 1.97874e-10 2.29594e-10 2.60799e-10 2.87815e-10 3.0935e-10 3.29387e-10 3.59054e-10 4.14043e-10 5.05372e-10 6.30749e-10 7.74661e-10 9.14196e-10 1.0261e-09 1.09279e-09 1.10584e-09 1.06694e-09 9.86242e-10 8.78933e-10 7.61256e-10 6.46979e-10 5.44913e-10 4.58443e-10 3.88028e-10 3.34885e-10 3.01784e-10 2.89175e-10 2.91236e-10 2.98133e-10 3.01268e-10 2.95695e-10 2.79807e-10 2.54362e-10 2.21706e-10 1.85107e-10 1.4803e-10 1.13403e-10 8.29432e-11 5.63528e-11 3.16104e-11 
1.69321e-11 2.90239e-11 4.24732e-11 5.7642e-11 7.44937e-11 9.2246e-11 1.09804e-10 1.26328e-10 1.4193e-10 1.58092e-10 1.77277e-10 2.01423e-10 2.3023e-10 2.60646e-10 2.88059e-10 3.08827e-10 3.23632e-10 3.40804e-10 3.76613e-10 4.47217e-10 5.55998e-10 6.90442e-10 8.2827e-10 9.44938e-10 1.02044e-09 1.04401e-09 1.01561e-09 9.44239e-10 8.44203e-10 7.31273e-10 6.1977e-10 5.20318e-10 4.38014e-10 3.72974e-10 3.24271e-10 2.93441e-10 2.82641e-10 2.89175e-10 3.0458e-10 3.19359e-10 3.26548e-10 3.22268e-10 3.05249e-10 2.76496e-10 2.38987e-10 1.96972e-10 1.54887e-10 1.16214e-10 8.244e-11 5.18163e-11 
2.80588e-11 4.41369e-11 6.20061e-11 8.22131e-11 1.03993e-10 1.25762e-10 1.45705e-10 1.62668e-10 1.77116e-10 1.91526e-10 2.0941e-10 2.3293e-10 2.60799e-10 2.88469e-10 3.1056e-10 3.24437e-10 3.34167e-10 3.53173e-10 4.00247e-10 4.86034e-10 6.03894e-10 7.34378e-10 8.53224e-10 9.38226e-10 9.74997e-10 9.59999e-10 8.99811e-10 8.0747e-10 6.98312e-10 5.87241e-10 4.87052e-10 4.05997e-10 3.45686e-10 3.03443e-10 2.78075e-10 2.71354e-10 2.82641e-10 3.05303e-10 3.30224e-10 3.49869e-10 3.59043e-10 3.54375e-10 3.34446e-10 3.00462e-10 2.56336e-10 2.07653e-10 1.59932e-10 1.16958e-10 7.9239e-11 4.44091e-11 
2.5869e-11 4.42682e-11 6.51148e-11 8.89267e-11 1.15343e-10 1.42529e-10 1.6777e-10 1.88433e-10 2.03335e-10 2.13966e-10 2.2456e-10 2.39993e-10 2.62166e-10 2.88059e-10 3.11481e-10 3.2699e-10 3.34243e-10 3.41845e-10 3.67365e-10 4.27326e-10 5.23128e-10 6.40387e-10 7.57273e-10 8.51188e-10 9.04268e-10 9.07771e-10 8.63432e-10 7.81208e-10 6.75332e-10 5.61366e-10 4.54749e-10 3.68435e-10 3.08321e-10 2.71646e-10 2.53556e-10 2.53467e-10 2.71354e-10 3.01784e-10 3.35969e-10 3.6654e-10 3.88572e-10 3.9809e-10 3.91395e-10 3.6651e-10 3.25073e-10 2.72501e-10 2.16097e-10 1.624e-10 1.149e-10 7.1971e-11 
4.21299e-11 6.64763e-11 9.40176e-11 1.25408e-10 1.58952e-10 1.91279e-10 2.18252e-10 2.36593e-10 2.45857e-10 2.49687e-10 2.54886e-10 2.67427e-10 2.87815e-10 3.1056e-10 3.28189e-10 3.36356e-10 3.38361e-10 3.47665e-10 3.83077e-10 4.54286e-10 5.539e-10 6.64222e-10 7.6467e-10 8.35872e-10 8.63696e-10 8.42644e-10 7.76526e-10 6.76323e-10 5.57473e-10 4.38093e-10 3.36816e-10 2.67332e-10 2.31e-10 2.19385e-10 2.27159e-10 2.53467e-10 2.93441e-10 3.3787e-10 3.78772e-10 4.11823e-10 4.34496e-10 4.43048e-10 4.32494e-10 4.00154e-10 3.48771e-10 2.86038e-10 2.21244e-10 1.61542e-10 1.08991e-10 6.09943e-11 
3.834e-11 6.55105e-11 9.69203e-11 1.33321e-10 1.73768e-10 2.14641e-10 2.50502e-10 2.75757e-10 2.87246e-10 2.86704e-10 2.81319e-10 2.80713e-10 2.90679e-10 3.08827e-10 3.2699e-10 3.37412e-10 3.383e-10 3.37671e-10 3.52886e-10 3.99958e-10 4.79857e-10 5.80064e-10 6.83525e-10 7.72069e-10 8.28014e-10 8.37895e-10 7.9652e-10 7.08512e-10 5.87171e-10 4.52278e-10 3.27308e-10 2.34885e-10 1.87415e-10 1.77574e-10 1.92152e-10 2.27159e-10 2.78075e-10 3.34885e-10 3.8772e-10 4.31262e-10 4.64572e-10 4.8685e-10 4.93205e-10 4.76438e-10 4.33572e-10 3.69642e-10 2.95434e-10 2.22135e-10 1.56546e-10 9.76224e-11 
6.13155e-11 9.70933e-11 1.38325e-10 1.85735e-10 2.36079e-10 2.83051e-10 3.18795e-10 3.36883e-10 3.35963e-10 3.21961e-10 3.06589e-10 3.01253e-10 3.0935e-10 3.24437e-10 3.36356e-10 3.38627e-10 3.33504e-10 3.34185e-10 3.59575e-10 4.19394e-10 5.07465e-10 6.1041e-10 7.12933e-10 7.9671e-10 8.4187e-10 8.3319e-10 7.66225e-10 6.49488e-10 5.02698e-10 3.52587e-10 2.27594e-10 1.52211e-10 1.33077e-10 1.50521e-10 1.92152e-10 2.53556e-10 3.24271e-10 3.91912e-10 4.48183e-10 4.91247e-10 5.23592e-10 5.44988e-10 5.47567e-10 5.21369e-10 4.64401e-10 3.85573e-10 2.99301e-10 2.17965e-10 1.46292e-10 8.17164e-11 
5.50185e-11 9.393e-11 1.39826e-10 1.93776e-10 2.53823e-10 3.13462e-10 3.62961e-10 3.92356e-10 3.96179e-10 3.77555e-10 3.48479e-10 3.24745e-10 3.16948e-10 3.23632e-10 3.34243e-10 3.383e-10 3.32433e-10 3.24195e-10 3.31437e-10 3.71198e-10 4.45493e-10 5.44612e-10 6.56043e-10 7.63126e-10 8.42761e-10 8.71062e-10 8.33302e-10 7.3058e-10 5.80179e-10 4.10797e-10 2.54868e-10 1.4181e-10 9.48007e-11 1.06756e-10 1.50521e-10 2.19385e-10 3.03443e-10 3.88028e-10 4.60893e-10 5.16383e-10 5.56841e-10 5.88025e-10 6.08258e-10 6.0455e-10 5.64635e-10 4.89822e-10 3.94507e-10 2.96568e-10 2.07987e-10 1.29031e-10 
8.6384e-11 1.37344e-10 1.971e-10 2.66323e-10 3.39261e-10 4.05037e-10 4.50303e-10 4.64655e-10 4.46874e-10 4.07536e-10 3.65166e-10 3.37106e-10 3.29387e-10 3.34167e-10 3.38361e-10 3.33504e-10 3.21071e-10 3.14544e-10 3.34388e-10 3.92142e-10 4.83324e-10 5.97357e-10 7.20075e-10 8.28518e-10 8.93336e-10 8.90212e-10 8.10943e-10 6.67443e-10 4.88142e-10 3.09121e-10 1.63638e-10 7.72971e-11 6.75688e-11 1.06756e-10 1.77574e-10 2.71646e-10 3.72974e-10 4.65544e-10 5.38434e-10 5.89591e-10 6.26508e-10 6.57365e-10 6.75692e-10 6.61611e-10 6.02772e-10 5.06874e-10 3.94782e-10 2.86558e-10 1.91192e-10 1.0658e-10 
7.63354e-11 1.30348e-10 1.95247e-10 2.72436e-10 3.58237e-10 4.41676e-10 5.06682e-10 5.37532e-10 5.27094e-10 4.8265e-10 4.23971e-10 3.74037e-10 3.47053e-10 3.40804e-10 3.41845e-10 3.37671e-10 3.24195e-10 3.08861e-10 3.1034e-10 3.47796e-10 4.25081e-10 5.33957e-10 6.62405e-10 7.90113e-10 8.86232e-10 9.19277e-10 8.71251e-10 7.45953e-10 5.68213e-10 3.75684e-10 2.06578e-10 8.88904e-11 4.25449e-11 6.75688e-11 1.33077e-10 2.31e-10 3.45686e-10 4.58443e-10 5.53146e-10 6.21029e-10 6.65176e-10 6.99271e-10 7.31332e-10 7.45475e-10 7.14991e-10 6.31772e-10 5.12936e-10 3.85414e-10 2.68846e-10 1.6586e-10 
1.17694e-10 1.87961e-10 2.71547e-10 3.68716e-10 4.69799e-10 5.57166e-10 6.10057e-10 6.14116e-10 5.71049e-10 5.00135e-10 4.29181e-10 3.80488e-10 3.59054e-10 3.53173e-10 3.47665e-10 3.34185e-10 3.14544e-10 3.0184e-10 3.16791e-10 3.72817e-10 4.67206e-10 5.89832e-10 7.24185e-10 8.41769e-10 9.07631e-10 8.95208e-10 7.9854e-10 6.35376e-10 4.41263e-10 2.57487e-10 1.17556e-10 4.10104e-11 4.25449e-11 9.48007e-11 1.87415e-10 3.08321e-10 4.38014e-10 5.5611e-10 6.46752e-10 7.04814e-10 7.40895e-10 7.74991e-10 8.09408e-10 8.14321e-10 7.5977e-10 6.47679e-10 5.06247e-10 3.66187e-10 2.42799e-10 1.35084e-10 
1.02285e-10 1.74921e-10 2.63556e-10 3.69754e-10 4.86985e-10 5.97636e-10 6.76968e-10 7.0279e-10 6.68745e-10 5.91049e-10 5.01393e-10 4.30551e-10 3.91903e-10 3.76613e-10 3.67365e-10 3.52886e-10 3.31437e-10 3.1034e-10 3.0541e-10 3.34518e-10 4.04266e-10 5.08702e-10 6.35149e-10 7.60243e-10 8.49952e-10 8.72127e-10 8.11157e-10 6.7516e-10 4.93578e-10 3.06996e-10 1.52926e-10 5.63283e-11 4.10104e-11 7.72971e-11 1.52211e-10 2.67332e-10 4.05997e-10 5.44913e-10 6.6154e-10 7.41393e-10 7.85772e-10 8.15592e-10 8.5438e-10 8.89906e-10 8.7707e-10 7.90436e-10 6.47389e-10 4.86292e-10 3.37366e-10 2.0697e-10 
1.54953e-10 2.4864e-10 3.61197e-10 4.91751e-10 6.24694e-10 7.33049e-10 7.87224e-10 7.70708e-10 6.93186e-10 5.88187e-10 4.95498e-10 4.39e-10 4.14043e-10 4.00247e-10 3.83077e-10 3.59575e-10 3.34388e-10 3.16791e-10 3.20133e-10 3.57293e-10 4.31488e-10 5.35344e-10 6.51642e-10 7.51144e-10 8.00335e-10 7.76107e-10 6.7619e-10 5.20816e-10 3.4581e-10 1.89463e-10 8.14641e-11 5.63283e-11 8.88904e-11 1.4181e-10 2.34885e-10 3.68435e-10 5.20318e-10 6.61838e-10 7.68924e-10 8.31227e-10 8.60618e-10 8.9003e-10 9.38233e-10 9.68835e-10 9.26913e-10 8.01943e-10 6.29411e-10 4.53786e-10 2.99048e-10 1.66117e-10 
1.3225e-10 2.26828e-10 3.43565e-10 4.83677e-10 6.3606e-10 7.73753e-10 8.61289e-10 8.71006e-10 8.02248e-10 6.86709e-10 5.72627e-10 4.97321e-10 4.63649e-10 4.47217e-10 4.27326e-10 3.99958e-10 3.71198e-10 3.47796e-10 3.34518e-10 3.3955e-10 3.74388e-10 4.42444e-10 5.33985e-10 6.26629e-10 6.89576e-10 6.95844e-10 6.342e-10 5.14343e-10 3.6418e-10 2.19519e-10 1.12596e-10 8.14641e-11 1.17556e-10 1.63638e-10 2.27594e-10 3.36816e-10 4.87052e-10 6.46979e-10 7.8249e-10 8.70834e-10 9.10376e-10 9.28349e-10 9.67078e-10 1.02566e-09 1.03926e-09 9.56484e-10 7.90955e-10 5.94251e-10 4.10163e-10 2.50322e-10 
1.97e-10 3.17666e-10 4.63353e-10 6.30774e-10 7.95725e-10 9.19293e-10 9.63141e-10 9.1309e-10 7.93948e-10 6.59666e-10 5.63221e-10 5.20763e-10 5.05372e-10 4.86034e-10 4.54286e-10 4.19394e-10 3.92142e-10 3.72817e-10 3.57293e-10 3.53004e-10 3.75544e-10 4.28633e-10 4.98411e-10 5.59313e-10 5.84051e-10 5.55319e-10 4.73095e-10 3.55741e-10 2.34007e-10 1.40731e-10 1.12596e-10 1.52926e-10 2.06578e-10 2.54868e-10 3.27308e-10 4.54749e-10 6.1977e-10 7.79718e-10 8.98237e-10 9.58915e-10 9.74787e-10 9.91816e-10 1.05024e-09 1.11199e-09 1.09188e-09 9.59639e-10 7.56813e-10 5.44167e-10 3.56623e-10 1.97922e-10 
1.64888e-10 2.84029e-10 4.32151e-10 6.09191e-10 7.97116e-10 9.56623e-10 1.04063e-09 1.01974e-09 9.06426e-10 7.55177e-10 6.34316e-10 5.80091e-10 5.68748e-10 5.55998e-10 5.23128e-10 4.79857e-10 4.45493e-10 4.25081e-10 4.04266e-10 3.74388e-10 3.50923e-10 3.55378e-10 3.88769e-10 4.32598e-10 4.61537e-10 4.55009e-10 4.05442e-10 3.21783e-10 2.27869e-10 1.55726e-10 1.40731e-10 1.89463e-10 2.57487e-10 3.09121e-10 3.52587e-10 4.38093e-10 5.87241e-10 7.61256e-10 9.09234e-10 9.98614e-10 1.02578e-09 1.02484e-09 1.05794e-09 1.14025e-09 1.18786e-09 1.11708e-09 9.33245e-10 7.01764e-10 4.82258e-10 2.93019e-10 
2.41706e-10 3.91701e-10 5.72849e-10 7.77629e-10 9.70159e-10 1.09766e-09 1.1157e-09 1.01981e-09 8.58107e-10 7.10365e-10 6.37987e-10 6.3045e-10 6.30749e-10 6.03894e-10 5.539e-10 5.07465e-10 4.83324e-10 4.67206e-10 4.31488e-10 3.75544e-10 3.29e-10 3.154e-10 3.29342e-10 3.48999e-10 3.52233e-10 3.26018e-10 2.71208e-10 2.03801e-10 1.53085e-10 1.55726e-10 2.19519e-10 3.06996e-10 3.75684e-10 4.10797e-10 4.52278e-10 5.61366e-10 7.31273e-10 9.02314e-10 1.02341e-09 1.0732e-09 1.06805e-09 1.06766e-09 1.13464e-09 1.23139e-09 1.24063e-09 1.10773e-09 8.7823e-10 6.30262e-10 4.11141e-10 2.28197e-10 
1.98147e-10 3.43203e-10 5.24171e-10 7.38474e-10 9.58414e-10 1.12961e-09 1.19448e-09 1.12874e-09 9.66889e-10 7.92951e-10 6.93934e-10 6.85002e-10 7.02426e-10 6.90442e-10 6.40387e-10 5.80064e-10 5.44612e-10 5.33957e-10 5.08702e-10 4.42444e-10 3.55378e-10 2.89599e-10 2.62849e-10 2.61481e-10 2.62808e-10 2.49567e-10 2.15957e-10 1.70234e-10 1.36471e-10 1.53085e-10 2.34007e-10 3.4581e-10 4.41263e-10 4.88142e-10 5.02698e-10 5.57473e-10 6.98312e-10 8.78933e-10 1.02974e-09 1.10924e-09 1.11479e-09 1.08999e-09 1.11662e-09 1.22452e-09 1.31058e-09 1.25804e-09 1.06156e-09 7.99383e-10 5.47489e-10 3.31556e-10 
2.86039e-10 4.65837e-10 6.8227e-10 9.21577e-10 1.13324e-09 1.25007e-09 1.22701e-09 1.07864e-09 8.84201e-10 7.50907e-10 7.30153e-10 7.64105e-10 7.74661e-10 7.34378e-10 6.64222e-10 6.1041e-10 5.97357e-10 5.89832e-10 5.35344e-10 4.28633e-10 3.154e-10 2.40003e-10 2.07077e-10 1.96133e-10 1.86243e-10 1.65826e-10 1.36058e-10 1.14014e-10 1.36471e-10 2.27869e-10 3.6418e-10 4.93578e-10 5.68213e-10 5.80179e-10 5.87171e-10 6.75332e-10 8.44203e-10 1.01665e-09 1.12836e-09 1.15612e-09 1.1235e-09 1.10603e-09 1.18519e-09 1.31925e-09 1.36075e-09 1.23233e-09 9.81988e-10 7.03925e-10 4.57631e-10 2.54328e-10 
2.29429e-10 3.9993e-10 6.1276e-10 8.61666e-10 1.10686e-09 1.27718e-09 1.3079e-09 1.18873e-09 9.85098e-10 8.14386e-10 7.67821e-10 8.11657e-10 8.4883e-10 8.2827e-10 7.57273e-10 6.83525e-10 6.56043e-10 6.62405e-10 6.35149e-10 5.33985e-10 3.88769e-10 2.62849e-10 1.8876e-10 1.55865e-10 1.40648e-10 1.26091e-10 1.06897e-10 9.26702e-11 1.14014e-10 2.03801e-10 3.55741e-10 5.20816e-10 6.35376e-10 6.67443e-10 6.49488e-10 6.76323e-10 8.0747e-10 9.86242e-10 1.12748e-09 1.18464e-09 1.16009e-09 1.11106e-09 1.13816e-09 1.27615e-09 1.39998e-09 1.36686e-09 1.16301e-09 8.77097e-10 5.99336e-10 3.62262e-10 
3.26346e-10 5.33995e-10 7.8265e-10 1.0508e-09 1.27148e-09 1.36432e-09 1.29084e-09 1.09414e-09 8.90146e-10 8.04e-10 8.44768e-10 9.07496e-10 9.14196e-10 8.53224e-10 7.6467e-10 7.12933e-10 7.20075e-10 7.24185e-10 6.51642e-10 4.98411e-10 3.29342e-10 2.07077e-10 1.42501e-10 1.13633e-10 9.81892e-11 8.46883e-11 7.55898e-11 9.26702e-11 1.70234e-10 3.21783e-10 5.14343e-10 6.7516e-10 7.45953e-10 7.3058e-10 7.08512e-10 7.81208e-10 9.44239e-10 1.10615e-09 1.19526e-09 1.19102e-09 1.12863e-09 1.10237e-09 1.20404e-09 1.37505e-09 1.44429e-09 1.32142e-09 1.05697e-09 7.57221e-10 4.9127e-10 2.73748e-10 
2.55931e-10 4.49173e-10 6.90046e-10 9.68048e-10 1.23029e-09 1.38898e-09 1.37696e-09 1.20678e-09 9.81589e-10 8.47374e-10 8.67195e-10 9.4837e-10 9.85954e-10 9.44938e-10 8.51188e-10 7.72069e-10 7.63126e-10 7.90113e-10 7.60243e-10 6.26629e-10 4.32598e-10 2.61481e-10 1.55865e-10 1.04724e-10 8.176e-11 6.92718e-11 6.29891e-11 7.55898e-11 1.36058e-10 2.71208e-10 4.73095e-10 6.7619e-10 7.9854e-10 8.10943e-10 7.66225e-10 7.76526e-10 8.99811e-10 1.06694e-09 1.18528e-09 1.20929e-09 1.1507e-09 1.08472e-09 1.12791e-09 1.30139e-09 1.45494e-09 1.43514e-09 1.22698e-09 9.26146e-10 6.32025e-10 3.81874e-10 
3.58834e-10 5.89673e-10 8.64535e-10 1.15401e-09 1.37518e-09 1.43733e-09 1.31532e-09 1.08786e-09 9.06534e-10 8.86365e-10 9.72497e-10 1.03981e-09 1.0261e-09 9.38226e-10 8.35872e-10 7.9671e-10 8.28518e-10 8.41769e-10 7.51144e-10 5.59313e-10 3.48999e-10 1.96133e-10 1.13633e-10 7.63236e-11 6.00994e-11 5.41713e-11 6.29891e-11 1.06897e-10 2.15957e-10 4.05442e-10 6.342e-10 8.11157e-10 8.71251e-10 8.33302e-10 7.9652e-10 8.63432e-10 1.01561e-09 1.15459e-09 1.21001e-09 1.16894e-09 1.08246e-09 1.06527e-09 1.20317e-09 1.40475e-09 1.48854e-09 1.36702e-09 1.09479e-09 7.83925e-10 5.08236e-10 2.84345e-10 
2.7505e-10 4.86004e-10 7.48211e-10 1.04739e-09 1.31894e-09 1.46111e-09 1.40886e-09 1.2033e-09 9.8655e-10 9.12074e-10 9.8413e-10 1.07453e-09 1.09203e-09 1.02044e-09 9.04268e-10 8.28014e-10 8.42761e-10 8.86232e-10 8.49952e-10 6.89576e-10 4.61537e-10 2.62808e-10 1.40648e-10 8.176e-11 5.70253e-11 4.87807e-11 5.41713e-11 8.46883e-11 1.65826e-10 3.26018e-10 5.55319e-10 7.76107e-10 8.95208e-10 8.90212e-10 8.3319e-10 8.42644e-10 9.59999e-10 1.10584e-09 1.19053e-09 1.17629e-09 1.08832e-09 1.02318e-09 1.10335e-09 1.31212e-09 1.47859e-09 1.45918e-09 1.24703e-09 9.40768e-10 6.41648e-10 3.88125e-10 
3.80183e-10 6.26968e-10 9.19335e-10 1.22168e-09 1.43871e-09 1.47344e-09 1.31756e-09 1.08662e-09 9.53877e-10 9.90407e-10 1.09133e-09 1.13963e-09 1.09279e-09 9.74997e-10 8.63696e-10 8.4187e-10 8.93336e-10 9.07631e-10 8.00335e-10 5.84051e-10 3.52233e-10 1.86243e-10 9.81892e-11 6.00994e-11 4.69385e-11 4.87807e-11 6.92718e-11 1.26091e-10 2.49567e-10 4.55009e-10 6.95844e-10 8.72127e-10 9.19277e-10 8.71062e-10 8.37895e-10 9.07771e-10 1.04401e-09 1.15074e-09 1.16751e-09 1.09389e-09 1.0004e-09 1.01771e-09 1.19962e-09 1.41557e-09 1.49398e-09 1.36589e-09 1.09134e-09 7.80791e-10 5.06447e-10 2.84842e-10 
2.84842e-10 5.06447e-10 7.80791e-10 1.09134e-09 1.36589e-09 1.49398e-09 1.41557e-09 1.19962e-09 1.01771e-09 1.0004e-09 1.09389e-09 1.16751e-09 1.15074e-09 1.04401e-09 9.07771e-10 8.37895e-10 8.71062e-10 9.19277e-10 8.72127e-10 6.95844e-10 4.55009e-10 2.49567e-10 1.26091e-10 6.92718e-11 4.87807e-11 4.69385e-11 6.00994e-11 9.81892e-11 1.86243e-10 3.52233e-10 5.84051e-10 8.00335e-10 9.07631e-10 8.93336e-10 8.4187e-10 8.63696e-10 9.74997e-10 1.09279e-09 1.13963e-09 1.09133e-09 9.90407e-10 9.53877e-10 1.08662e-09 1.31756e-09 1.47344e-09 1.43871e-09 1.22168e-09 9.19335e-10 6.26968e-10 3.80183e-10 
3.88125e-10 6.41648e-10 9.40768e-10 1.24703e-09 1.45918e-09 1.47859e-09 1.31212e-09 1.10335e-09 1.02318e-09 1.08832e-09 1.17629e-09 1.19053e-09 1.10584e-09 9.59999e-10 8.42644e-10 8.3319e-10 8.90212e-10 8.95208e-10 7.76107e-10 5.55319e-10 3.26018e-10 1.65826e-10 8.46883e-11 5.41713e-11 4.87807e-11 5.70253e-11 8.176e-11 1.40648e-10 2.62808e-10 4.61537e-10 6.89576e-10 8.49952e-10 8.86232e-10 8.42761e-10 8.28014e-10 9.04268e-10 1.02044e-09 1.09203e-09 1.07453e-09 9.8413e-10 9.12074e-10 9.8655e-10 1.2033e-09 1.40886e-09 1.46111e-09 1.31894e-09 1.04739e-09 7.48211e-10 4.86004e-10 2.7505e-10 
2.84345e-10 5.08236e-10 7.83925e-10 1.09479e-09 1.36702e-09 1.48854e-09 1.40475e-09 1.20317e-09 1.06527e-09 1.08246e-09 1.16894e-09 1.21001e-09 1.15459e-09 1.01561e-09 8.63432e-10 7.9652e-10 8.33302e-10 8.71251e-10 8.11157e-10 6.342e-10 4.05442e-10 2.15957e-10 1.06897e-10 6.29891e-11 5.41713e-11 6.00994e-11 7.63236e-11 1.13633e-10 1.96133e-10 3.48999e-10 5.59313e-10 7.51144e-10 8.41769e-10 8.28518e-10 7.9671e-10 8.35872e-10 9.38226e-10 1.0261e-09 1.03981e-09 9.72497e-10 8.86365e-10 9.06534e-10 1.08786e-09 1.31532e-09 1.43733e-09 1.37518e-09 1.15401e-09 8.64535e-10 5.89673e-10 3.58834e-10 
3.81874e-10 6.32025e-10 9.26146e-10 1.22698e-09 1.43514e-09 1.45494e-09 1.30139e-09 1.12791e-09 1.08472e-09 1.1507e-09 1.20929e-09 1.18528e-09 1.06694e-09 8.99811e-10 7.76526e-10 7.66225e-10 8.10943e-10 7.9854e-10 6.7619e-10 4.73095e-10 2.71208e-10 1.36058e-10 7.55898e-11 6.29891e-11 6.92718e-11 8.176e-11 1.04724e-10 1.55865e-10 2.61481e-10 4.32598e-10 6.26629e-10 7.60243e-10 7.90113e-10 7.63126e-10 7.72069e-10 8.51188e-10 9.44938e-10 9.85954e-10 9.4837e-10 8.67195e-10 8.47374e-10 9.81589e-10 1.20678e-09 1.37696e-09 1.38898e-09 1.23029e-09 9.68048e-10 6.90046e-10 4.49173e-10 2.55931e-10 
2.73748e-10 4.9127e-10 7.57221e-10 1.05697e-09 1.32142e-09 1.44429e-09 1.37505e-09 1.20404e-09 1.10237e-09 1.12863e-09 1.19102e-09 1.19526e-09 1.10615e-09 9.44239e-10 7.81208e-10 7.08512e-10 7.3058e-10 7.45953e-10 6.7516e-10 5.14343e-10 3.21783e-10 1.70234e-10 9.26702e-11 7.55898e-11 8.46883e-11 9.81892e-11 1.13633e-10 1.42501e-10 2.07077e-10 3.29342e-10 4.98411e-10 6.51642e-10 7.24185e-10 7.20075e-10 7.12933e-10 7.6467e-10 8.53224e-10 9.14196e-10 9.07496e-10 8.44768e-10 8.04e-10 8.90146e-10 1.09414e-09 1.29084e-09 1.36432e-09 1.27148e-09 1.0508e-09 7.8265e-10 5.33995e-10 3.26346e-10 
3.62262e-10 5.99336e-10 8.77097e-10 1.16301e-09 1.36686e-09 1.39998e-09 1.27615e-09 1.13816e-09 1.11106e-09 1.16009e-09 1.18464e-09 1.12748e-09 9.86242e-10 8.0747e-10 6.76323e-10 6.49488e-10 6.67443e-10 6.35376e-10 5.20816e-10 3.55741e-10 2.03801e-10 1.14014e-10 9.26702e-11 1.06897e-10 1.26091e-10 1.40648e-10 1.55865e-10 1.8876e-10 2.62849e-10 3.88769e-10 5.33985e-10 6.35149e-10 6.62405e-10 6.56043e-10 6.83525e-10 7.57273e-10 8.2827e-10 8.4883e-10 8.11657e-10 7.67821e-10 8.14386e-10 9.85098e-10 1.18873e-09 1.3079e-09 1.27718e-09 1.10686e-09 8.61666e-10 6.1276e-10 3.9993e-10 2.29429e-10 
2.54328e-10 4.57631e-10 7.03925e-10 9.81988e-10 1.23233e-09 1.36075e-09 1.31925e-09 1.18519e-09 1.10603e-09 1.1235e-09 1.15612e-09 1.12836e-09 1.01665e-09 8.44203e-10 6.75332e-10 5.87171e-10 5.80179e-10 5.68213e-10 4.93578e-10 3.6418e-10 2.27869e-10 1.36471e-10 1.14014e-10 1.36058e-10 1.65826e-10 1.86243e-10 1.96133e-10 2.07077e-10 2.40003e-10 3.154e-10 4.28633e-10 5.35344e-10 5.89832e-10 5.97357e-10 6.1041e-10 6.64222e-10 7.34378e-10 7.74661e-10 7.64105e-10 7.30153e-10 7.50907e-10 8.84201e-10 1.07864e-09 1.22701e-09 1.25007e-09 1.13324e-09 9.21577e-10 6.8227e-10 4.65837e-10 2.86039e-10 
3.31556e-10 5.47489e-10 7.99383e-10 1.06156e-09 1.25804e-09 1.31058e-09 1.22452e-09 1.11662e-09 1.08999e-09 1.11479e-09 1.10924e-09 1.02974e-09 8.78933e-10 6.98312e-10 5.57473e-10 5.02698e-10 4.88142e-10 4.41263e-10 3.4581e-10 2.34007e-10 1.53085e-10 1.36471e-10 1.70234e-10 2.15957e-10 2.49567e-10 2.62808e-10 2.61481e-10 2.62849e-10 2.89599e-10 3.55378e-10 4.42444e-10 5.08702e-10 5.33957e-10 5.44612e-10 5.80064e-10 6.40387e-10 6.90442e-10 7.02426e-10 6.85002e-10 6.93934e-10 7.92951e-10 9.66889e-10 1.12874e-09 1.19448e-09 1.12961e-09 9.58414e-10 7.38474e-10 5.24171e-10 3.43203e-10 1.98147e-10 
2.28197e-10 4.11141e-10 6.30262e-10 8.7823e-10 1.10773e-09 1.24063e-09 1.23139e-09 1.13464e-09 1.06766e-09 1.06805e-09 1.0732e-09 1.02341e-09 9.02314e-10 7.31273e-10 5.61366e-10 4.52278e-10 4.10797e-10 3.75684e-10 3.06996e-10 2.19519e-10 1.55726e-10 1.53085e-10 2.03801e-10 2.71208e-10 3.26018e-10 3.52233e-10 3.48999e-10 3.29342e-10 3.154e-10 3.29e-10 3.75544e-10 4.31488e-10 4.67206e-10 4.83324e-10 5.07465e-10 5.539e-10 6.03894e-10 6.30749e-10 6.3045e-10 6.37987e-10 7.10365e-10 8.58107e-10 1.01981e-09 1.1157e-09 1.09766e-09 9.70159e-10 7.77629e-10 5.72849e-10 3.91701e-10 2.41706e-10 
2.93019e-10 4.82258e-10 7.01764e-10 9.33245e-10 1.11708e-09 1.18786e-09 1.14025e-09 1.05794e-09 1.02484e-09 1.02578e-09 9.98614e-10 9.09234e-10 7.61256e-10 5.87241e-10 4.38093e-10 3.52587e-10 3.09121e-10 2.57487e-10 1.89463e-10 1.40731e-10 1.55726e-10 2.27869e-10 3.21783e-10 4.05442e-10 4.55009e-10 4.61537e-10 4.32598e-10 3.88769e-10 3.55378e-10 3.50923e-10 3.74388e-10 4.04266e-10 4.25081e-10 4.45493e-10 4.79857e-10 5.23128e-10 5.55998e-10 5.68748e-10 5.80091e-10 6.34316e-10 7.55177e-10 9.06426e-10 1.01974e-09 1.04063e-09 9.56623e-10 7.97116e-10 6.09191e-10 4.32151e-10 2.84029e-10 1.64888e-10 
1.97922e-10 3.56623e-10 5.44167e-10 7.56813e-10 9.59639e-10 1.09188e-09 1.11199e-09 1.05024e-09 9.91816e-10 9.74787e-10 9.58915e-10 8.98237e-10 7.79718e-10 6.1977e-10 4.54749e-10 3.27308e-10 2.54868e-10 2.06578e-10 1.52926e-10 1.12596e-10 1.40731e-10 2.34007e-10 3.55741e-10 4.73095e-10 5.55319e-10 5.84051e-10 5.59313e-10 4.98411e-10 4.28633e-10 3.75544e-10 3.53004e-10 3.57293e-10 3.72817e-10 3.92142e-10 4.19394e-10 4.54286e-10 4.86034e-10 5.05372e-10 5.20763e-10 5.63221e-10 6.59666e-10 7.93948e-10 9.1309e-10 9.63141e-10 9.19293e-10 7.95725e-10 6.30774e-10 4.63353e-10 3.17666e-10 1.97e-10 
2.50322e-10 4.10163e-10 5.94251e-10 7.90955e-10 9.56484e-10 1.03926e-09 1.02566e-09 9.67078e-10 9.28349e-10 9.10376e-10 8.70834e-10 7.8249e-10 6.46979e-10 4.87052e-10 3.36816e-10 2.27594e-10 1.63638e-10 1.17556e-10 8.14641e-11 1.12596e-10 2.19519e-10 3.6418e-10 5.14343e-10 6.342e-10 6.95844e-10 6.89576e-10 6.26629e-10 5.33985e-10 4.42444e-10 3.74388e-10 3.3955e-10 3.34518e-10 3.47796e-10 3.71198e-10 3.99958e-10 4.27326e-10 4.47217e-10 4.63649e-10 4.97321e-10 5.72627e-10 6.86709e-10 8.02248e-10 8.71006e-10 8.61289e-10 7.73753e-10 6.3606e-10 4.83677e-10 3.43565e-10 2.26828e-10 1.3225e-10 
1.66117e-10 2.99048e-10 4.53786e-10 6.29411e-10 8.01943e-10 9.26913e-10 9.68835e-10 9.38233e-10 8.9003e-10 8.60618e-10 8.31227e-10 7.68924e-10 6.61838e-10 5.20318e-10 3.68435e-10 2.34885e-10 1.4181e-10 8.88904e-11 5.63283e-11 8.14641e-11 1.89463e-10 3.4581e-10 5.20816e-10 6.7619e-10 7.76107e-10 8.00335e-10 7.51144e-10 6.51642e-10 5.35344e-10 4.31488e-10 3.57293e-10 3.20133e-10 3.16791e-10 3.34388e-10 3.59575e-10 3.83077e-10 4.00247e-10 4.14043e-10 4.39e-10 4.95498e-10 5.88187e-10 6.93186e-10 7.70708e-10 7.87224e-10 7.33049e-10 6.24694e-10 4.91751e-10 3.61197e-10 2.4864e-10 1.54953e-10 
2.0697e-10 3.37366e-10 4.86292e-10 6.47389e-10 7.90436e-10 8.7707e-10 8.89906e-10 8.5438e-10 8.15592e-10 7.85772e-10 7.41393e-10 6.6154e-10 5.44913e-10 4.05997e-10 2.67332e-10 1.52211e-10 7.72971e-11 4.10104e-11 5.63283e-11 1.52926e-10 3.06996e-10 4.93578e-10 6.7516e-10 8.11157e-10 8.72127e-10 8.49952e-10 7.60243e-10 6.35149e-10 5.08702e-10 4.04266e-10 3.34518e-10 3.0541e-10 3.1034e-10 3.31437e-10 3.52886e-10 3.67365e-10 3.76613e-10 3.91903e-10 4.30551e-10 5.01393e-10 5.91049e-10 6.68745e-10 7.0279e-10 6.76968e-10 5.97636e-10 4.86985e-10 3.69754e-10 2.63556e-10 1.74921e-10 1.02285e-10 
1.35084e-10 2.42799e-10 3.66187e-10 5.06247e-10 6.47679e-10 7.5977e-10 8.14321e-10 8.09408e-10 7.74991e-10 7.40895e-10 7.04814e-10 6.46752e-10 5.5611e-10 4.38014e-10 3.08321e-10 1.87415e-10 9.48007e-11 4.25449e-11 4.10104e-11 1.17556e-10 2.57487e-10 4.41263e-10 6.35376e-10 7.9854e-10 8.95208e-10 9.07631e-10 8.41769e-10 7.24185e-10 5.89832e-10 4.67206e-10 3.72817e-10 3.16791e-10 3.0184e-10 3.14544e-10 3.34185e-10 3.47665e-10 3.53173e-10 3.59054e-10 3.80488e-10 4.29181e-10 5.00135e-10 5.71049e-10 6.14116e-10 6.10057e-10 5.57166e-10 4.69799e-10 3.68716e-10 2.71547e-10 1.87961e-10 1.17694e-10 
1.6586e-10 2.68846e-10 3.85414e-10 5.12936e-10 6.31772e-10 7.14991e-10 7.45475e-10 7.31332e-10 6.99271e-10 6.65176e-10 6.21029e-10 5.53146e-10 4.58443e-10 3.45686e-10 2.31e-10 1.33077e-10 6.75688e-11 4.25449e-11 8.88904e-11 2.06578e-10 3.75684e-10 5.68213e-10 7.45953e-10 8.71251e-10 9.19277e-10 8.86232e-10 7.90113e-10 6.62405e-10 5.33957e-10 4.25081e-10 3.47796e-10 3.1034e-10 3.08861e-10 3.24195e-10 3.37671e-10 3.41845e-10 3.40804e-10 3.47053e-10 3.74037e-10 4.23971e-10 4.8265e-10 5.27094e-10 5.37532e-10 5.06682e-10 4.41676e-10 3.58237e-10 2.72436e-10 1.95247e-10 1.30348e-10 7.63354e-11 
1.0658e-10 1.91192e-10 2.86558e-10 3.94782e-10 5.06874e-10 6.02772e-10 6.61611e-10 6.75692e-10 6.57365e-10 6.26508e-10 5.89591e-10 5.38434e-10 4.65544e-10 3.72974e-10 2.71646e-10 1.77574e-10 1.06756e-10 6.75688e-11 7.72971e-11 1.63638e-10 3.09121e-10 4.88142e-10 6.67443e-10 8.10943e-10 8.90212e-10 8.93336e-10 8.28518e-10 7.20075e-10 5.97357e-10 4.83324e-10 3.92142e-10 3.34388e-10 3.14544e-10 3.21071e-10 3.33504e-10 3.38361e-10 3.34167e-10 3.29387e-10 3.37106e-10 3.65166e-10 4.07536e-10 4.46874e-10 4.64655e-10 4.50303e-10 4.05037e-10 3.39261e-10 2.66323e-10 1.971e-10 1.37344e-10 8.6384e-11 
1.29031e-10 2.07987e-10 2.96568e-10 3.94507e-10 4.89822e-10 5.64635e-10 6.0455e-10 6.08258e-10 5.88025e-10 5.56841e-10 5.16383e-10 4.60893e-10 3.88028e-10 3.03443e-10 2.19385e-10 1.50521e-10 1.06756e-10 9.48007e-11 1.4181e-10 2.54868e-10 4.10797e-10 5.80179e-10 7.3058e-10 8.33302e-10 8.71062e-10 8.42761e-10 7.63126e-10 6.56043e-10 5.44612e-10 4.45493e-10 3.71198e-10 3.31437e-10 3.24195e-10 3.32433e-10 3.383e-10 3.34243e-10 3.23632e-10 3.16948e-10 3.24745e-10 3.48479e-10 3.77555e-10 3.96179e-10 3.92356e-10 3.62961e-10 3.13462e-10 2.53823e-10 1.93776e-10 1.39826e-10 9.393e-11 5.50185e-11 
8.17164e-11 1.46292e-10 2.17965e-10 2.99301e-10 3.85573e-10 4.64401e-10 5.21369e-10 5.47567e-10 5.44988e-10 5.23592e-10 4.91247e-10 4.48183e-10 3.91912e-10 3.24271e-10 2.53556e-10 1.92152e-10 1.50521e-10 1.33077e-10 1.52211e-10 2.27594e-10 3.52587e-10 5.02698e-10 6.49488e-10 7.66225e-10 8.3319e-10 8.4187e-10 7.9671e-10 7.12933e-10 6.1041e-10 5.07465e-10 4.19394e-10 3.59575e-10 3.34185e-10 3.33504e-10 3.38627e-10 3.36356e-10 3.24437e-10 3.0935e-10 3.01253e-10 3.06589e-10 3.21961e-10 3.35963e-10 3.36883e-10 3.18795e-10 2.83051e-10 2.36079e-10 1.85735e-10 1.38325e-10 9.70933e-11 6.13155e-11 
9.76224e-11 1.56546e-10 2.22135e-10 2.95434e-10 3.69642e-10 4.33572e-10 4.76438e-10 4.93205e-10 4.8685e-10 4.64572e-10 4.31262e-10 3.8772e-10 3.34885e-10 2.78075e-10 2.27159e-10 1.92152e-10 1.77574e-10 1.87415e-10 2.34885e-10 3.27308e-10 4.52278e-10 5.87171e-10 7.08512e-10 7.9652e-10 8.37895e-10 8.28014e-10 7.72069e-10 6.83525e-10 5.80064e-10 4.79857e-10 3.99958e-10 3.52886e-10 3.37671e-10 3.383e-10 3.37412e-10 3.2699e-10 3.08827e-10 2.90679e-10 2.80713e-10 2.81319e-10 2.86704e-10 2.87246e-10 2.75757e-10 2.50502e-10 2.14641e-10 1.73768e-10 1.33321e-10 9.69203e-11 6.55105e-11 3.834e-11 
6.09943e-11 1.08991e-10 1.61542e-10 2.21244e-10 2.86038e-10 3.48771e-10 4.00154e-10 4.32494e-10 4.43048e-10 4.34496e-10 4.11823e-10 3.78772e-10 3.3787e-10 2.93441e-10 2.53467e-10 2.27159e-10 2.19385e-10 2.31e-10 2.67332e-10 3.36816e-10 4.38093e-10 5.57473e-10 6.76323e-10 7.76526e-10 8.42644e-10 8.63696e-10 8.35872e-10 7.6467e-10 6.64222e-10 5.539e-10 4.54286e-10 3.83077e-10 3.47665e-10 3.38361e-10 3.36356e-10 3.28189e-10 3.1056e-10 2.87815e-10 2.67427e-10 2.54886e-10 2.49687e-10 2.45857e-10 2.36593e-10 2.18252e-10 1.91279e-10 1.58952e-10 1.25408e-10 9.40176e-11 6.64763e-11 4.21299e-11 
7.1971e-11 1.149e-10 1.624e-10 2.16097e-10 2.72501e-10 3.25073e-10 3.6651e-10 3.91395e-10 3.9809e-10 3.88572e-10 3.6654e-10 3.35969e-10 3.01784e-10 2.71354e-10 2.53467e-10 2.53556e-10 2.71646e-10 3.08321e-10 3.68435e-10 4.54749e-10 5.61366e-10 6.75332e-10 7.81208e-10 8.63432e-10 9.07771e-10 9.04268e-10 8.51188e-10 7.57273e-10 6.40387e-10 5.23128e-10 4.27326e-10 3.67365e-10 3.41845e-10 3.34243e-10 3.2699e-10 3.11481e-10 2.88059e-10 2.62166e-10 2.39993e-10 2.2456e-10 2.13966e-10 2.03335e-10 1.88433e-10 1.6777e-10 1.42529e-10 1.15343e-10 8.89267e-11 6.51148e-11 4.42682e-11 2.5869e-11 
4.44091e-11 7.9239e-11 1.16958e-10 1.59932e-10 2.07653e-10 2.56336e-10 3.00462e-10 3.34446e-10 3.54375e-10 3.59043e-10 3.49869e-10 3.30224e-10 3.05303e-10 2.82641e-10 2.71354e-10 2.78075e-10 3.03443e-10 3.45686e-10 4.05997e-10 4.87052e-10 5.87241e-10 6.98312e-10 8.0747e-10 8.99811e-10 9.59999e-10 9.74997e-10 9.38226e-10 8.53224e-10 7.34378e-10 6.03894e-10 4.86034e-10 4.00247e-10 3.53173e-10 3.34167e-10 3.24437e-10 3.1056e-10 2.88469e-10 2.60799e-10 2.3293e-10 2.0941e-10 1.91526e-10 1.77116e-10 1.62668e-10 1.45705e-10 1.25762e-10 1.03993e-10 8.22131e-11 6.20061e-11 4.41369e-11 2.80588e-11 
5.18163e-11 8.244e-11 1.16214e-10 1.54887e-10 1.96972e-10 2.38987e-10 2.76496e-10 3.05249e-10 3.22268e-10 3.26548e-10 3.19359e-10 3.0458e-10 2.89175e-10 2.82641e-10 2.93441e-10 3.24271e-10 3.72974e-10 4.38014e-10 5.20318e-10 6.1977e-10 7.31273e-10 8.44203e-10 9.44239e-10 1.01561e-09 1.04401e-09 1.02044e-09 9.44938e-10 8.2827e-10 6.90442e-10 5.55998e-10 4.47217e-10 3.76613e-10 3.40804e-10 3.23632e-10 3.08827e-10 2.88059e-10 2.60646e-10 2.3023e-10 2.01423e-10 1.77277e-10 1.58092e-10 1.4193e-10 1.26328e-10 1.09804e-10 9.2246e-11 7.44937e-11 5.7642e-11 4.24732e-11 2.90239e-11 1.69321e-11 
3.16104e-11 5.63528e-11 8.29432e-11 1.13403e-10 1.4803e-10 1.85107e-10 2.21706e-10 2.54362e-10 2.79807e-10 2.95695e-10 3.01268e-10 2.98133e-10 2.91236e-10 2.89175e-10 3.01784e-10 3.34885e-10 3.88028e-10 4.58443e-10 5.44913e-10 6.46979e-10 7.61256e-10 8.78933e-10 9.86242e-10 1.06694e-09 1.10584e-09 1.09279e-09 1.0261e-09 9.14196e-10 7.74661e-10 6.30749e-10 5.05372e-10 4.14043e-10 3.59054e-10 3.29387e-10 3.0935e-10 2.87815e-10 2.60799e-10 2.29594e-10 1.97874e-10 1.69216e-10 1.45504e-10 1.26474e-10 1.10433e-10 9.55793e-11 8.0918e-11 6.63895e-11 5.24847e-11 3.97641e-11 2.84668e-11 1.81455e-11 
3.65187e-11 5.79739e-11 8.16376e-11 1.0914e-10 1.40118e-10 1.73008e-10 2.05491e-10 2.34909e-10 2.58744e-10 2.75178e-10 2.83889e-10 2.87205e-10 2.91236e-10 3.05303e-10 3.3787e-10 3.91912e-10 4.65544e-10 5.5611e-10 6.61838e-10 7.79718e-10 9.02314e-10 1.01665e-09 1.10615e-09 1.15459e-09 1.15074e-09 1.09203e-09 9.85954e-10 8.4883e-10 7.02426e-10 5.68748e-10 4.63649e-10 3.91903e-10 3.47053e-10 3.16948e-10 2.90679e-10 2.62166e-10 2.3023e-10 1.96907e-10 1.65328e-10 1.38011e-10 1.15899e-10 9.83092e-11 8.37071e-11 7.06812e-11 5.84767e-11 4.69802e-11 3.64052e-11 2.69532e-11 1.84995e-11 1.07764e-11 
2.20511e-11 3.9304e-11 5.77801e-11 7.91217e-11 1.03987e-10 1.31851e-10 1.61465e-10 1.91087e-10 2.18737e-10 2.42521e-10 2.6118e-10 2.75018e-10 2.87205e-10 3.0458e-10 3.35969e-10 3.8772e-10 4.60893e-10 5.53146e-10 6.6154e-10 7.8249e-10 9.09234e-10 1.02974e-09 1.12748e-09 1.18528e-09 1.19053e-09 1.13963e-09 1.03981e-09 9.07496e-10 7.64105e-10 6.3045e-10 5.20763e-10 4.39e-10 3.80488e-10 3.37106e-10 3.01253e-10 2.67427e-10 2.3293e-10 1.97874e-10 1.64198e-10 1.34201e-10 1.09355e-10 8.97781e-11 7.44672e-11 6.20061e-11 5.12355e-11 4.15351e-11 3.27338e-11 2.48598e-11 1.78755e-11 1.1422e-11 
2.52597e-11 4.00706e-11 5.64684e-11 7.58568e-11 9.84557e-11 1.23829e-10 1.51092e-10 1.79035e-10 2.06265e-10 2.3149e-10 2.54074e-10 2.75018e-10 2.98133e-10 3.30224e-10 3.78772e-10 4.48183e-10 5.38434e-10 6.46752e-10 7.68924e-10 8.98237e-10 1.02341e-09 1.12836e-09 1.19526e-09 1.21001e-09 1.16751e-09 1.07453e-09 9.4837e-10 8.11657e-10 6.85002e-10 5.80091e-10 4.97321e-10 4.30551e-10 3.74037e-10 3.24745e-10 2.80713e-10 2.39993e-10 2.01423e-10 1.65328e-10 1.33052e-10 1.05901e-10 8.43365e-11 6.78125e-11 5.51335e-11 4.50129e-11 3.64907e-11 2.9046e-11 2.24733e-11 1.66861e-11 1.14924e-11 6.68999e-12 
1.51151e-11 2.69608e-11 3.96551e-11 5.44933e-11 7.22335e-11 9.29926e-11 1.16533e-10 1.42344e-10 1.69706e-10 1.97788e-10 2.25906e-10 2.54074e-10 2.83889e-10 3.19359e-10 3.6654e-10 4.31262e-10 5.16383e-10 6.21029e-10 7.41393e-10 8.70834e-10 9.98614e-10 1.10924e-09 1.18464e-09 1.20929e-09 1.17629e-09 1.09133e-09 9.72497e-10 8.44768e-10 7.30153e-10 6.37987e-10 5.63221e-10 4.95498e-10 4.29181e-10 3.65166e-10 3.06589e-10 2.54886e-10 2.0941e-10 1.69216e-10 1.34201e-10 1.04835e-10 8.13837e-11 6.34627e-11 5.00853e-11 4.00068e-11 3.21017e-11 2.55853e-11 2.00219e-11 1.51998e-11 1.09617e-11 7.02012e-12 
1.71968e-11 2.73016e-11 3.85805e-11 5.21802e-11 6.85813e-11 8.79624e-11 1.10327e-10 1.35539e-10 1.63355e-10 1.935e-10 2.25906e-10 2.6118e-10 3.01268e-10 3.49869e-10 4.11823e-10 4.91247e-10 5.89591e-10 7.04814e-10 8.31227e-10 9.58915e-10 1.0732e-09 1.15612e-09 1.19102e-09 1.16894e-09 1.09389e-09 9.8413e-10 8.67195e-10 7.67821e-10 6.93934e-10 6.34316e-10 5.72627e-10 5.01393e-10 4.23971e-10 3.48479e-10 2.81319e-10 2.2456e-10 1.77277e-10 1.38011e-10 1.05901e-10 8.04565e-11 6.10518e-11 4.67204e-11 3.62684e-11 2.85226e-11 2.25371e-11 1.76868e-11 1.36138e-11 1.01116e-11 6.98398e-12 4.06579e-12 
1.02103e-11 1.82411e-11 2.68972e-11 3.71686e-11 4.97867e-11 6.51734e-11 8.36452e-11 1.05472e-10 1.30893e-10 1.60141e-10 1.935e-10 2.3149e-10 2.75178e-10 3.26548e-10 3.88572e-10 4.64572e-10 5.56841e-10 6.65176e-10 7.85772e-10 9.10376e-10 1.02578e-09 1.11479e-09 1.16009e-09 1.1507e-09 1.08832e-09 9.90407e-10 8.86365e-10 8.04e-10 7.50907e-10 7.10365e-10 6.59666e-10 5.88187e-10 5.00135e-10 4.07536e-10 3.21961e-10 2.49687e-10 1.91526e-10 1.45504e-10 1.09355e-10 8.13837e-11 6.02861e-11 4.48243e-11 3.37356e-11 2.58113e-11 2.00213e-11 1.56038e-11 1.20685e-11 9.12713e-12 6.58907e-12 4.23006e-12 
1.15573e-11 1.8393e-11 2.61185e-11 3.56403e-11 4.75175e-11 6.22219e-11 8.02485e-11 1.02146e-10 1.28539e-10 1.60141e-10 1.97788e-10 2.42521e-10 2.95695e-10 3.59043e-10 4.34496e-10 5.23592e-10 6.26508e-10 7.40895e-10 8.60618e-10 9.74787e-10 1.06805e-09 1.1235e-09 1.12863e-09 1.08246e-09 1.0004e-09 9.12074e-10 8.47374e-10 8.14386e-10 7.92951e-10 7.55177e-10 6.86709e-10 5.91049e-10 4.8265e-10 3.77555e-10 2.86704e-10 2.13966e-10 1.58092e-10 1.15899e-10 8.43365e-11 6.10518e-11 4.42146e-11 3.22883e-11 2.39492e-11 1.80913e-11 1.38624e-11 1.06685e-11 8.1323e-12 6.02665e-12 4.16873e-12 2.42982e-12 
6.81655e-12 1.22109e-11 1.80856e-11 2.51866e-11 3.41587e-11 4.55322e-11 5.98854e-11 7.79115e-11 1.00457e-10 1.28539e-10 1.63355e-10 2.06265e-10 2.58744e-10 3.22268e-10 3.9809e-10 4.8685e-10 5.88025e-10 6.99271e-10 8.15592e-10 9.28349e-10 1.02484e-09 1.08999e-09 1.11106e-09 1.08472e-09 1.02318e-09 9.53877e-10 9.06534e-10 8.90146e-10 8.84201e-10 8.58107e-10 7.93948e-10 6.93186e-10 5.71049e-10 4.46874e-10 3.35963e-10 2.45857e-10 1.77116e-10 1.26474e-10 8.97781e-11 6.34627e-11 4.48243e-11 3.18202e-11 2.28732e-11 1.675e-11 1.25125e-11 9.48361e-12 7.20999e-12 5.41131e-12 3.90313e-12 2.51033e-12 
7.69027e-12 1.22907e-11 1.75747e-11 2.42465e-11 3.28451e-11 4.39485e-11 5.82714e-11 7.67233e-11 1.00457e-10 1.30893e-10 1.69706e-10 2.18737e-10 2.79807e-10 3.54375e-10 4.43048e-10 5.44988e-10 6.57365e-10 7.74991e-10 8.9003e-10 9.91816e-10 1.06766e-09 1.10603e-09 1.10237e-09 1.06527e-09 1.01771e-09 9.8655e-10 9.81589e-10 9.85098e-10 9.66889e-10 9.06426e-10 8.02248e-10 6.68745e-10 5.27094e-10 3.96179e-10 2.87246e-10 2.03335e-10 1.4193e-10 9.83092e-11 6.78125e-11 4.67204e-11 3.22883e-11 2.25223e-11 1.59672e-11 1.15635e-11 8.55339e-12 6.41833e-12 4.82138e-12 3.55177e-12 2.45832e-12 1.43619e-12 
4.51041e-12 8.11186e-12 1.20927e-11 1.70069e-11 2.33947e-11 3.17887e-11 4.28502e-11 5.74479e-11 7.67233e-11 1.02146e-10 1.35539e-10 1.79035e-10 2.34909e-10 3.05249e-10 3.91395e-10 4.93205e-10 6.08258e-10 7.31332e-10 8.5438e-10 9.67078e-10 1.05794e-09 1.11662e-09 1.13816e-09 1.12791e-09 1.10335e-09 1.08662e-09 1.08786e-09 1.09414e-09 1.07864e-09 1.01981e-09 9.1309e-10 7.70708e-10 6.14116e-10 4.64655e-10 3.36883e-10 2.36593e-10 1.62668e-10 1.10433e-10 7.44672e-11 5.00853e-11 3.37356e-11 2.28732e-11 1.57115e-11 1.1006e-11 7.89442e-12 5.78865e-12 4.30191e-12 3.18862e-12 2.29081e-12 1.47656e-12 
5.08071e-12 8.16917e-12 1.17882e-11 1.64733e-11 2.27026e-11 3.1053e-11 4.22892e-11 5.74479e-11 7.79115e-11 1.05472e-10 1.42344e-10 1.91087e-10 2.54362e-10 3.34446e-10 4.32494e-10 5.47567e-10 6.75692e-10 8.09408e-10 9.38233e-10 1.05024e-09 1.13464e-09 1.18519e-09 1.20404e-09 1.20317e-09 1.19962e-09 1.2033e-09 1.20678e-09 1.18873e-09 1.12874e-09 1.01974e-09 8.71006e-10 7.0279e-10 5.37532e-10 3.92356e-10 2.75757e-10 1.88433e-10 1.26328e-10 8.37071e-11 5.51335e-11 3.62684e-11 2.39492e-11 1.59672e-11 1.08228e-11 7.50343e-12 5.33682e-12 3.88285e-12 2.85777e-12 2.08481e-12 1.44061e-12 8.44748e-13 
2.96615e-12 5.36253e-12 8.06141e-12 1.1472e-11 1.60296e-11 2.22171e-11 3.06751e-11 4.22892e-11 5.82714e-11 8.02485e-11 1.10327e-10 1.51092e-10 2.05491e-10 2.76496e-10 3.6651e-10 4.76438e-10 6.0455e-10 7.45475e-10 8.89906e-10 1.02566e-09 1.14025e-09 1.22452e-09 1.27615e-09 1.30139e-09 1.31212e-09 1.31756e-09 1.31532e-09 1.29084e-09 1.22701e-09 1.1157e-09 9.63141e-10 7.87224e-10 6.10057e-10 4.50303e-10 3.18795e-10 2.18252e-10 1.45705e-10 9.55793e-11 6.20061e-11 4.00068e-11 2.58113e-11 1.675e-11 1.1006e-11 7.37414e-12 5.06772e-12 3.57904e-12 2.58533e-12 1.88225e-12 1.34244e-12 8.66611e-13 
3.34183e-12 5.41515e-12 7.89956e-12 1.11986e-11 1.57151e-11 2.1967e-11 3.06751e-11 4.28502e-11 5.98854e-11 8.36452e-11 1.16533e-10 1.61465e-10 2.21706e-10 3.00462e-10 4.00154e-10 5.21369e-10 6.61611e-10 8.14321e-10 9.68835e-10 1.11199e-09 1.23139e-09 1.31925e-09 1.37505e-09 1.40475e-09 1.41557e-09 1.40886e-09 1.37696e-09 1.3079e-09 1.19448e-09 1.04063e-09 8.61289e-10 6.76968e-10 5.06682e-10 3.62961e-10 2.50502e-10 1.6777e-10 1.09804e-10 7.06812e-11 4.50129e-11 2.85226e-11 1.80913e-11 1.15635e-11 7.50343e-12 4.97872e-12 3.39651e-12 2.38395e-12 1.70959e-12 1.22887e-12 8.45808e-13 4.9755e-13 
1.942e-12 3.53532e-12 5.36914e-12 7.74392e-12 1.10011e-11 1.55524e-11 2.1967e-11 3.1053e-11 4.39485e-11 6.22219e-11 8.79624e-11 1.23829e-10 1.73008e-10 2.38987e-10 3.25073e-10 4.33572e-10 5.64635e-10 7.14991e-10 8.7707e-10 1.03926e-09 1.18786e-09 1.31058e-09 1.39998e-09 1.45494e-09 1.47859e-09 1.47344e-09 1.43733e-09 1.36432e-09 1.25007e-09 1.09766e-09 9.19293e-10 7.33049e-10 5.57166e-10 4.05037e-10 2.83051e-10 1.91279e-10 1.25762e-10 8.0918e-11 5.12355e-11 3.21017e-11 2.00213e-11 1.25125e-11 7.89442e-12 5.06772e-12 3.33583e-12 2.26212e-12 1.57991e-12 1.12339e-12 7.91929e-13 5.10415e-13 
2.1921e-12 3.58636e-12 5.29756e-12 7.62598e-12 1.08982e-11 1.55524e-11 2.22171e-11 3.17887e-11 4.55322e-11 6.51734e-11 9.29926e-11 1.31851e-10 1.85107e-10 2.56336e-10 3.48771e-10 4.64401e-10 6.02772e-10 7.5977e-10 9.26913e-10 1.09188e-09 1.24063e-09 1.36075e-09 1.44429e-09 1.48854e-09 1.49398e-09 1.46111e-09 1.38898e-09 1.27718e-09 1.12961e-09 9.56623e-10 7.73753e-10 5.97636e-10 4.41676e-10 3.13462e-10 2.14641e-10 1.42529e-10 9.2246e-11 5.84767e-11 3.64907e-11 2.25371e-11 1.38624e-11 8.55339e-12 5.33682e-12 3.39651e-12 2.22168e-12 1.49997e-12 1.04189e-12 7.3339e-13 5.00328e-13 2.9613e-13 
1.26739e-12 2.32869e-12 3.57813e-12 5.23504e-12 7.5638e-12 1.08982e-11 1.57151e-11 2.27026e-11 3.28451e-11 4.75175e-11 6.85813e-11 9.84557e-11 1.40118e-10 1.96972e-10 2.72501e-10 3.69642e-10 4.89822e-10 6.31772e-10 7.90436e-10 9.56484e-10 1.11708e-09 1.25804e-09 1.36686e-09 1.43514e-09 1.45918e-09 1.43871e-09 1.37518e-09 1.27148e-09 1.13324e-09 9.70159e-10 7.95725e-10 6.24694e-10 4.69799e-10 3.39261e-10 2.36079e-10 1.58952e-10 1.03993e-10 6.63895e-11 4.15351e-11 2.55853e-11 1.56038e-11 9.48361e-12 5.78865e-12 3.57904e-12 2.26212e-12 1.47271e-12 9.9052e-13 6.84667e-13 4.74474e-13 3.05312e-13 
1.43508e-12 2.37465e-12 3.55556e-12 5.20001e-12 7.5638e-12 1.10011e-11 1.60296e-11 2.33947e-11 3.41587e-11 4.97867e-11 7.22335e-11 1.03987e-10 1.4803e-10 2.07653e-10 2.86038e-10 3.85573e-10 5.06874e-10 6.47679e-10 8.01943e-10 9.59639e-10 1.10773e-09 1.23233e-09 1.32142e-09 1.36702e-09 1.36589e-09 1.31894e-09 1.23029e-09 1.10686e-09 9.58414e-10 7.97116e-10 6.3606e-10 4.86985e-10 3.58237e-10 2.53823e-10 1.73768e-10 1.15343e-10 7.44937e-11 4.69802e-11 2.9046e-11 1.76868e-11 1.06685e-11 6.41833e-12 3.88285e-12 2.38395e-12 1.49997e-12 9.73666e-13 6.52862e-13 4.47873e-13 3.02142e-13 1.78721e-13 
8.24246e-13 1.5318e-12 2.38462e-12 3.54082e-12 5.20001e-12 7.62598e-12 1.11986e-11 1.64733e-11 2.42465e-11 3.56403e-11 5.21802e-11 7.58568e-11 1.0914e-10 1.54887e-10 2.16097e-10 2.95434e-10 3.94507e-10 5.12936e-10 6.47389e-10 7.90955e-10 9.33245e-10 1.06156e-09 1.16301e-09 1.22698e-09 1.24703e-09 1.22168e-09 1.15401e-09 1.0508e-09 9.21577e-10 7.77629e-10 6.30774e-10 4.91751e-10 3.68716e-10 2.66323e-10 1.85735e-10 1.25408e-10 8.22131e-11 5.24847e-11 3.27338e-11 2.00219e-11 1.20685e-11 7.20999e-12 4.30191e-12 2.58533e-12 1.57991e-12 9.9052e-13 6.42507e-13 4.30321e-13 2.90981e-13 1.85402e-13 
9.37007e-13 1.57037e-12 2.38533e-12 3.54082e-12 5.23504e-12 7.74392e-12 1.1472e-11 1.70069e-11 2.51866e-11 3.71686e-11 5.44933e-11 7.91217e-11 1.13403e-10 1.59932e-10 2.21244e-10 2.99301e-10 3.94782e-10 5.06247e-10 6.29411e-10 7.56813e-10 8.7823e-10 9.81988e-10 1.05697e-09 1.09479e-09 1.09134e-09 1.04739e-09 9.68048e-10 8.61666e-10 7.38474e-10 6.09191e-10 4.83677e-10 3.69754e-10 2.72436e-10 1.93776e-10 1.33321e-10 8.89267e-11 5.7642e-11 3.64052e-11 2.24733e-11 1.36138e-11 8.1323e-12 4.82138e-12 2.85777e-12 1.70959e-12 1.04189e-12 6.52862e-13 4.23441e-13 2.82394e-13 1.87111e-13 1.10357e-13 
5.32134e-13 1.00363e-12 1.58385e-12 2.38533e-12 3.55556e-12 5.29756e-12 7.89956e-12 1.17882e-11 1.75747e-11 2.61185e-11 3.85805e-11 5.64684e-11 8.16376e-11 1.16214e-10 1.624e-10 2.22135e-10 2.96568e-10 3.85414e-10 4.86292e-10 5.94251e-10 7.01764e-10 7.99383e-10 8.77097e-10 9.26146e-10 9.40768e-10 9.19335e-10 8.64535e-10 7.8265e-10 6.8227e-10 5.72849e-10 4.63353e-10 3.61197e-10 2.71547e-10 1.971e-10 1.38325e-10 9.40176e-11 6.20061e-11 3.97641e-11 2.48598e-11 1.51998e-11 9.12713e-12 5.41131e-12 3.18862e-12 1.88225e-12 1.12339e-12 6.84667e-13 4.30321e-13 2.78831e-13 1.84179e-13 1.16545e-13 
6.06377e-13 1.03039e-12 1.58385e-12 2.38462e-12 3.57813e-12 5.36914e-12 8.06141e-12 1.20927e-11 1.80856e-11 2.68972e-11 3.96551e-11 5.77801e-11 8.29432e-11 1.16958e-10 1.61542e-10 2.17965e-10 2.86558e-10 3.66187e-10 4.53786e-10 5.44167e-10 6.30262e-10 7.03925e-10 7.57221e-10 7.83925e-10 7.80791e-10 7.48211e-10 6.90046e-10 6.1276e-10 5.24171e-10 4.32151e-10 3.43565e-10 2.63556e-10 1.95247e-10 1.39826e-10 9.69203e-11 6.51148e-11 4.24732e-11 2.69532e-11 1.66861e-11 1.01116e-11 6.02665e-12 3.55177e-12 2.08481e-12 1.22887e-12 7.3339e-13 4.47873e-13 2.82394e-13 1.82842e-13 1.18991e-13 6.99886e-14 
3.36484e-13 6.46163e-13 1.03039e-12 1.57037e-12 2.37465e-12 3.58636e-12 5.41515e-12 8.16917e-12 1.22907e-11 1.8393e-11 2.73016e-11 4.00706e-11 5.79739e-11 8.244e-11 1.149e-10 1.56546e-10 2.07987e-10 2.68846e-10 3.37366e-10 4.10163e-10 4.82258e-10 5.47489e-10 5.99336e-10 6.32025e-10 6.41648e-10 6.26968e-10 5.89673e-10 5.33995e-10 4.65837e-10 3.91701e-10 3.17666e-10 2.4864e-10 1.87961e-10 1.37344e-10 9.70933e-11 6.64763e-11 4.41369e-11 2.84668e-11 1.78755e-11 1.09617e-11 6.58907e-12 3.90313e-12 2.29081e-12 1.34244e-12 7.91929e-13 4.74474e-13 2.90981e-13 1.84179e-13 1.19778e-13 7.4634e-14 
3.78467e-13 6.46163e-13 1.00363e-12 1.5318e-12 2.32869e-12 3.53532e-12 5.36253e-12 8.11186e-12 1.22109e-11 1.82411e-11 2.69608e-11 3.9304e-11 5.63528e-11 7.9239e-11 1.08991e-10 1.46292e-10 1.91192e-10 2.42799e-10 2.99048e-10 3.56623e-10 4.11141e-10 4.57631e-10 4.9127e-10 5.08236e-10 5.06447e-10 4.86004e-10 4.49173e-10 3.9993e-10 3.43203e-10 2.84029e-10 2.26828e-10 1.74921e-10 1.30348e-10 9.393e-11 6.55105e-11 4.42682e-11 2.90239e-11 1.84995e-11 1.14924e-11 6.98398e-12 4.16873e-12 2.45832e-12 1.44061e-12 8.45808e-13 5.00328e-13 3.02142e-13 1.87111e-13 1.18991e-13 7.65215e-14 4.55394e-14 
1.96781e-13 3.78467e-13 6.06377e-13 9.37007e-13 1.43508e-12 2.1921e-12 3.34183e-12 5.08071e-12 7.69027e-12 1.15573e-11 1.71968e-11 2.52597e-11 3.65187e-11 5.18163e-11 7.1971e-11 9.76224e-11 1.29031e-10 1.6586e-10 2.0697e-10 2.50322e-10 2.93019e-10 3.31556e-10 3.62262e-10 3.81874e-10 3.88125e-10 3.80183e-10 3.58834e-10 3.26346e-10 2.86039e-10 2.41706e-10 1.97e-10 1.54953e-10 1.17694e-10 8.6384e-11 6.13155e-11 4.21299e-11 2.80588e-11 1.81455e-11 1.1422e-11 7.02012e-12 4.23006e-12 2.51033e-12 1.47656e-12 8.66611e-13 5.10415e-13 3.05312e-13 1.85402e-13 1.16545e-13 7.4634e-14 4.74873e-14 
1.96781e-13 3.36484e-13 5.32134e-13 8.24246e-13 1.26739e-12 1.942e-12 2.96615e-12 4.51041e-12 6.81655e-12 1.02103e-11 1.51151e-11 2.20511e-11 3.16104e-11 4.44091e-11 6.09943e-11 8.17164e-11 1.0658e-10 1.35084e-10 1.66117e-10 1.97922e-10 2.28197e-10 2.54328e-10 2.73748e-10 2.84345e-10 2.84842e-10 2.7505e-10 2.55931e-10 2.29429e-10 1.98147e-10 1.64888e-10 1.3225e-10 1.02285e-10 7.63354e-11 5.50185e-11 3.834e-11 2.5869e-11 1.69321e-11 1.07764e-11 6.68999e-12 4.06579e-12 2.42982e-12 1.43619e-12 8.44748e-13 4.9755e-13 2.9613e-13 1.78721e-13 1.10357e-13 6.99886e-14 4.55394e-14 2.79183e-14 
