1 100 50
0 0 0 9.91452e-16 9.8588e-16 9.8103e-16 1.95533e-15 2.9282e-15 4.88095e-15 6.84448e-15 9.80472e-15 1.47575e-14 2.17235e-14 3.07172e-14 4.47233e-14 6.27567e-14 8.57942e-14 1.13797e-13 1.48701e-13 1.8943e-13 2.33902e-13 2.8204e-13 3.2882e-13 3.7423e-13 4.12378e-13 4.42378e-13 4.61419e-13 4.68691e-13 4.62418e-13 4.44702e-13 4.15661e-13 3.79228e-13 3.37338e-13 2.93806e-13 2.49524e-13 2.07295e-13 1.68001e-13 1.34475e-13 1.04743e-13 8.07271e-14 6.14657e-14 4.60035e-14 3.3386e-14 2.46238e-14 1.77792e-14 1.28728e-14 8.93166e-15 5.96634e-15 3.98528e-15 2.99464e-15 
0 0 9.91034e-16 9.84557e-16 1.95686e-15 1.94766e-15 2.91402e-15 4.8551e-15 7.78078e-15 1.07317e-14 1.6652e-14 2.36114e-14 3.45778e-14 4.95754e-14 6.95951e-14 9.56029e-14 1.29527e-13 1.70265e-13 2.18666e-13 2.72574e-13 3.3083e-13 3.90339e-13 4.48088e-13 4.99223e-13 5.40017e-13 5.68801e-13 5.83973e-13 5.82067e-13 5.66285e-13 5.35928e-13 4.94927e-13 4.46128e-13 3.93213e-13 3.38846e-13 2.84723e-13 2.34433e-13 1.8973e-13 1.5053e-13 1.17753e-13 9.04588e-14 6.77232e-14 5.05742e-14 3.71432e-14 2.7494e-14 1.97175e-14 1.38494e-14 9.92051e-15 6.96124e-15 4.98328e-15 2.99464e-15 
0 9.95212e-16 9.88557e-16 9.81193e-16 1.94797e-15 2.90458e-15 3.85873e-15 4.81866e-15 7.72115e-15 1.16211e-14 1.65401e-14 2.44513e-14 3.53928e-14 5.13584e-14 7.23604e-14 1.00352e-13 1.3625e-13 1.81902e-13 2.35108e-13 2.96595e-13 3.64087e-13 4.34365e-13 5.03337e-13 5.67096e-13 6.21947e-13 6.62521e-13 6.87475e-13 6.93684e-13 6.82725e-13 6.54184e-13 6.13005e-13 5.60186e-13 5.00198e-13 4.36427e-13 3.73114e-13 3.11755e-13 2.55771e-13 2.05923e-13 1.62136e-13 1.26314e-13 9.66537e-14 7.32716e-14 5.43689e-14 4.00595e-14 2.84921e-14 2.07277e-14 1.48599e-14 9.93421e-15 6.96803e-15 4.98328e-15 
0 9.87056e-16 9.77793e-16 1.93868e-15 2.88678e-15 3.82986e-15 4.77731e-15 7.64982e-15 1.1512e-14 1.63905e-14 2.42483e-14 3.51356e-14 5.00658e-14 7.10279e-14 9.99952e-14 1.36907e-13 1.83597e-13 2.40812e-13 3.082e-13 3.82373e-13 4.6191e-13 5.42524e-13 6.19165e-13 6.8615e-13 7.40082e-13 7.76962e-13 7.94019e-13 7.90457e-13 7.68123e-13 7.27683e-13 6.73941e-13 6.10389e-13 5.40215e-13 4.68232e-13 3.97446e-13 3.30979e-13 2.70322e-13 2.16229e-13 1.70555e-13 1.32495e-13 1.00328e-13 7.61683e-14 5.63793e-14 4.11175e-14 2.95435e-14 2.17656e-14 1.48896e-14 9.94668e-15 6.96803e-15 3.98528e-15 
0 9.88557e-16 9.76317e-16 1.93183e-15 2.8722e-15 3.80461e-15 4.73867e-15 7.57861e-15 1.04463e-14 1.52668e-14 2.30436e-14 3.28728e-14 4.7704e-14 6.85757e-14 9.64957e-14 1.33402e-13 1.81158e-13 2.40516e-13 3.10108e-13 3.90407e-13 4.77847e-13 5.68887e-13 6.58202e-13 7.38905e-13 8.07464e-13 8.58043e-13 8.88123e-13 8.95503e-13 8.79872e-13 8.45127e-13 7.92859e-13 7.27606e-13 6.53345e-13 5.74572e-13 4.94787e-13 4.17589e-13 3.45949e-13 2.81347e-13 2.24617e-13 1.75871e-13 1.3629e-13 1.03344e-13 7.82831e-14 5.75185e-14 4.2225e-14 3.06149e-14 2.18154e-14 1.49099e-14 9.94668e-15 6.96124e-15 
9.91034e-16 9.77793e-16 1.92925e-15 2.86269e-15 3.7856e-15 4.7069e-15 7.51551e-15 1.03454e-14 1.51057e-14 2.18423e-14 3.15629e-14 4.52958e-14 6.50474e-14 9.18574e-14 1.27699e-13 1.74481e-13 2.33992e-13 3.05881e-13 3.90589e-13 4.84438e-13 5.84651e-13 6.85586e-13 7.8189e-13 8.65874e-13 9.32475e-13 9.76458e-13 9.96883e-13 9.92192e-13 9.63437e-13 9.15517e-13 8.50769e-13 7.74165e-13 6.9e-13 6.03099e-13 5.16567e-13 4.33775e-13 3.57635e-13 2.897e-13 2.30029e-13 1.80746e-13 1.39451e-13 1.05583e-13 7.95221e-14 5.86928e-14 4.33384e-14 3.06874e-14 2.18452e-14 1.49099e-14 9.93421e-15 5.96634e-15 
9.91452e-16 9.81193e-16 1.93183e-15 2.85933e-15 3.77376e-15 4.68361e-15 7.46462e-15 1.02578e-14 1.40218e-14 2.06662e-14 2.93153e-14 4.28831e-14 6.05181e-14 8.61481e-14 1.20831e-13 1.65549e-13 2.24115e-13 2.97247e-13 3.83456e-13 4.82969e-13 5.90892e-13 7.03241e-13 8.13273e-13 9.13764e-13 9.97331e-13 1.05852e-12 1.09376e-12 1.10196e-12 1.08318e-12 1.04143e-12 9.79843e-13 9.02976e-13 8.15174e-13 7.21767e-13 6.27027e-13 5.34598e-13 4.46874e-13 3.6681e-13 2.96117e-13 2.35055e-13 1.8314e-13 1.40893e-13 1.06941e-13 7.98077e-14 5.88756e-14 4.34404e-14 3.07279e-14 2.18452e-14 1.48896e-14 9.92051e-15 
9.84557e-16 1.93868e-15 2.86269e-15 3.7697e-15 4.66938e-15 6.49921e-15 9.26157e-15 1.3902e-14 1.95301e-14 2.80579e-14 3.95638e-14 5.69754e-14 8.04236e-14 1.12892e-13 1.564e-13 2.12887e-13 2.84141e-13 3.70744e-13 4.72977e-13 5.87859e-13 7.10214e-13 8.32917e-13 9.50106e-13 1.05187e-12 1.13223e-12 1.18556e-12 1.20919e-12 1.20296e-12 1.16931e-12 1.11245e-12 1.03695e-12 9.4839e-13 8.51147e-13 7.48985e-13 6.47363e-13 5.4886e-13 4.57632e-13 3.74181e-13 3.00396e-13 2.37664e-13 1.85721e-13 1.42404e-13 1.08305e-13 8.1035e-14 5.99957e-14 4.34956e-14 3.07279e-14 2.18154e-14 1.48599e-14 8.93166e-15 
9.8588e-16 1.94797e-15 2.8722e-15 3.77376e-15 4.66458e-15 6.47962e-15 9.21559e-15 1.28864e-14 1.84411e-14 2.6852e-14 3.72644e-14 5.34991e-14 7.47576e-14 1.04961e-13 1.46176e-13 1.9945e-13 2.68613e-13 3.55366e-13 4.58168e-13 5.76058e-13 7.06712e-13 8.41725e-13 9.74709e-13 1.09503e-12 1.19596e-12 1.26942e-12 1.31081e-12 1.31948e-12 1.29708e-12 1.24738e-12 1.17622e-12 1.08755e-12 9.87673e-13 8.80881e-13 7.71897e-13 6.63293e-13 5.60121e-13 4.64989e-13 3.78644e-13 3.04172e-13 2.39547e-13 1.86483e-13 1.42946e-13 1.08649e-13 8.12214e-14 6.00696e-14 4.34956e-14 3.06874e-14 2.17656e-14 1.38494e-14 
1.95686e-15 2.88678e-15 3.7856e-15 4.66938e-15 6.47304e-15 9.18788e-15 1.28227e-14 1.83162e-14 2.47891e-14 3.50518e-14 5.01281e-14 7.01502e-14 9.80771e-14 1.3598e-13 1.86877e-13 2.52772e-13 3.36467e-13 4.38549e-13 5.58219e-13 6.94189e-13 8.38895e-13 9.86502e-13 1.12565e-12 1.24777e-12 1.34295e-12 1.40597e-12 1.43259e-12 1.42429e-12 1.38444e-12 1.31797e-12 1.23186e-12 1.13077e-12 1.02064e-12 9.0561e-13 7.8981e-13 6.75627e-13 5.68219e-13 4.69617e-13 3.81788e-13 3.05435e-13 2.40565e-13 1.87213e-13 1.43409e-13 1.089e-13 8.13197e-14 6.00696e-14 4.34404e-14 3.06149e-14 2.07277e-14 1.28728e-14 
9.8103e-16 2.90458e-15 3.80461e-15 4.68361e-15 6.47962e-15 9.17862e-15 1.27846e-14 1.7316e-14 2.46251e-14 3.3848e-14 4.68852e-14 6.56916e-14 9.13563e-14 1.26875e-13 1.74351e-13 2.36809e-13 3.16219e-13 4.16245e-13 5.36326e-13 6.74387e-13 8.26791e-13 9.86513e-13 1.14353e-12 1.28644e-12 1.40516e-12 1.49158e-12 1.53913e-12 1.54774e-12 1.52019e-12 1.4614e-12 1.37942e-12 1.27951e-12 1.16743e-12 1.04785e-12 9.24781e-13 8.02762e-13 6.85079e-13 5.73809e-13 4.73057e-13 3.84316e-13 3.06772e-13 2.41535e-13 1.87834e-13 1.43744e-13 1.09031e-13 8.13197e-14 5.99957e-14 4.33384e-14 2.95435e-14 1.97175e-14 
1.94766e-15 3.82986e-15 4.7069e-15 6.49921e-15 9.18788e-15 1.27719e-14 1.72658e-14 2.3602e-14 3.27233e-14 4.46879e-14 6.23243e-14 8.57781e-14 1.18932e-13 1.62966e-13 2.20931e-13 2.96799e-13 3.925e-13 5.09635e-13 6.48341e-13 8.06154e-13 9.75094e-13 1.14766e-12 1.31164e-12 1.45479e-12 1.56585e-12 1.638e-12 1.66638e-12 1.65436e-12 1.60591e-12 1.52881e-12 1.43119e-12 1.31858e-12 1.19591e-12 1.06892e-12 9.39333e-13 8.12324e-13 6.90592e-13 5.77513e-13 4.75077e-13 3.85127e-13 3.07118e-13 2.41417e-13 1.88284e-13 1.43921e-13 1.09031e-13 8.12214e-14 5.88756e-14 4.2225e-14 2.84921e-14 1.77792e-14 
1.95533e-15 3.85873e-15 4.73867e-15 7.46462e-15 9.21559e-15 1.27846e-14 1.72492e-14 2.35365e-14 3.16725e-14 4.35103e-14 5.91202e-14 8.13429e-14 1.12188e-13 1.52814e-13 2.07201e-13 2.77499e-13 3.69544e-13 4.8235e-13 6.20171e-13 7.78972e-13 9.54832e-13 1.14017e-12 1.32317e-12 1.49048e-12 1.62839e-12 1.72672e-12 1.77945e-12 1.78553e-12 1.75008e-12 1.67977e-12 1.58533e-12 1.47287e-12 1.34845e-12 1.21837e-12 1.08409e-12 9.50047e-13 8.18297e-13 6.94449e-13 5.79059e-13 4.75439e-13 3.84939e-13 3.07269e-13 2.42014e-13 1.87564e-13 1.43921e-13 1.089e-13 8.1035e-14 5.86928e-14 4.11175e-14 2.7494e-14 
2.91402e-15 4.77731e-15 7.51551e-15 9.26157e-15 1.28227e-14 1.72658e-14 2.35149e-14 3.15898e-14 4.24255e-14 5.78773e-14 7.80298e-14 1.06649e-13 1.43947e-13 1.94784e-13 2.61347e-13 3.46733e-13 4.55795e-13 5.89314e-13 7.47466e-13 9.27673e-13 1.12256e-12 1.32104e-12 1.51087e-12 1.6768e-12 1.804e-12 1.88385e-12 1.91255e-12 1.89304e-12 1.83218e-12 1.74118e-12 1.6291e-12 1.50406e-12 1.37148e-12 1.23366e-12 1.09424e-12 9.55948e-13 8.22065e-13 6.95486e-13 5.79908e-13 4.75701e-13 3.84499e-13 3.0712e-13 2.42327e-13 1.87564e-13 1.43744e-13 1.08649e-13 7.98077e-14 5.75185e-14 4.00595e-14 2.46238e-14 
2.9282e-15 4.81866e-15 7.57861e-15 1.02578e-14 1.28864e-14 1.7316e-14 2.35365e-14 3.15626e-14 4.1422e-14 5.58501e-14 7.5805e-14 1.02291e-13 1.37282e-13 1.84662e-13 2.46596e-13 3.27138e-13 4.30329e-13 5.59091e-13 7.14008e-13 8.94884e-13 1.09574e-12 1.30848e-12 1.51944e-12 1.71129e-12 1.8691e-12 1.97927e-12 2.03439e-12 2.03422e-12 1.98582e-12 1.89989e-12 1.78901e-12 1.66215e-12 1.52652e-12 1.38595e-12 1.24276e-12 1.09925e-12 9.58382e-13 8.22448e-13 6.95932e-13 5.789e-13 4.7566e-13 3.84593e-13 3.07532e-13 2.42327e-13 1.88284e-13 1.43409e-13 1.08305e-13 7.95221e-14 5.63793e-14 3.71432e-14 
4.8551e-15 7.64982e-15 1.03454e-14 1.3902e-14 1.83162e-14 2.3602e-14 3.15898e-14 4.13892e-14 5.57253e-14 7.37325e-14 9.90718e-14 1.31862e-13 1.75912e-13 2.34241e-13 3.09972e-13 4.0812e-13 5.30872e-13 6.81023e-13 8.59828e-13 1.0638e-12 1.28624e-12 1.51448e-12 1.73226e-12 1.92019e-12 2.06314e-12 2.14928e-12 2.17313e-12 2.14009e-12 2.062e-12 1.95121e-12 1.8216e-12 1.6827e-12 1.53958e-12 1.39381e-12 1.24723e-12 1.10126e-12 9.58608e-13 8.22399e-13 6.94584e-13 5.78413e-13 4.75137e-13 3.84205e-13 3.07532e-13 2.42014e-13 1.87834e-13 1.42946e-13 1.06941e-13 7.82831e-14 5.43689e-14 3.3386e-14 
4.88095e-15 7.72115e-15 1.04463e-14 1.40218e-14 1.84411e-14 2.46251e-14 3.16725e-14 4.1422e-14 5.47867e-14 7.26836e-14 9.6943e-14 1.28536e-13 1.70298e-13 2.25172e-13 2.96219e-13 3.88428e-13 5.05012e-13 6.4996e-13 8.24996e-13 1.02915e-12 1.25832e-12 1.50028e-12 1.74043e-12 1.95909e-12 2.13602e-12 2.2564e-12 2.30927e-12 2.29685e-12 2.22781e-12 2.1185e-12 1.98514e-12 1.84104e-12 1.69259e-12 1.54391e-12 1.39524e-12 1.24692e-12 1.09992e-12 9.57009e-13 8.20672e-13 6.93701e-13 5.78227e-13 4.74909e-13 3.84205e-13 3.0712e-13 2.41417e-13 1.87213e-13 1.42404e-13 1.05583e-13 7.61683e-14 5.05742e-14 
7.78078e-15 1.1512e-14 1.51057e-14 1.95301e-14 2.47891e-14 3.27233e-14 4.24255e-14 5.57253e-14 7.26354e-14 9.49671e-14 1.25441e-13 1.65037e-13 2.17511e-13 2.84945e-13 3.72259e-13 4.83592e-13 6.22174e-13 7.92848e-13 9.94356e-13 1.22618e-12 1.47877e-12 1.73791e-12 1.98518e-12 2.19756e-12 2.35442e-12 2.44206e-12 2.45468e-12 2.40018e-12 2.29378e-12 2.15557e-12 2.00231e-12 1.84576e-12 1.69206e-12 1.54146e-12 1.3925e-12 1.24385e-12 1.09715e-12 9.54741e-13 8.1939e-13 6.93003e-13 5.7729e-13 4.74909e-13 3.84593e-13 3.07269e-13 2.41535e-13 1.86483e-13 1.40893e-13 1.03344e-13 7.32716e-14 4.60035e-14 
6.84448e-15 1.16211e-14 1.52668e-14 2.06662e-14 2.6852e-14 3.3848e-14 4.35103e-14 5.58501e-14 7.26836e-14 9.49091e-14 1.24324e-13 1.61857e-13 2.12078e-13 2.7698e-13 3.59591e-13 4.65789e-13 5.98867e-13 7.62977e-13 9.61955e-13 1.19334e-12 1.4532e-12 1.7282e-12 2.00103e-12 2.24751e-12 2.4443e-12 2.57015e-12 2.61513e-12 2.58031e-12 2.47967e-12 2.33551e-12 2.17001e-12 2.00133e-12 1.83851e-12 1.68339e-12 1.53395e-12 1.38619e-12 1.23909e-12 1.09399e-12 9.52144e-13 8.17351e-13 6.92276e-13 5.7729e-13 4.75137e-13 3.84499e-13 3.07118e-13 2.40565e-13 1.85721e-13 1.39451e-13 1.00328e-13 6.77232e-14 
1.07317e-14 1.63905e-14 2.18423e-14 2.80579e-14 3.50518e-14 4.46879e-14 5.78773e-14 7.37325e-14 9.49671e-14 1.23359e-13 1.6069e-13 2.08781e-13 2.70427e-13 3.50337e-13 4.51603e-13 5.79272e-13 7.38503e-13 9.3257e-13 1.16245e-12 1.42617e-12 1.71347e-12 2.0088e-12 2.28873e-12 2.52612e-12 2.69501e-12 2.77792e-12 2.76982e-12 2.68032e-12 2.53208e-12 2.35155e-12 2.16395e-12 1.98518e-12 1.82053e-12 1.66866e-12 1.52221e-12 1.37817e-12 1.23364e-12 1.09069e-12 9.50423e-13 8.16828e-13 6.92276e-13 5.78227e-13 4.7566e-13 3.84939e-13 3.06772e-13 2.39547e-13 1.8314e-13 1.3629e-13 9.66537e-14 6.14657e-14 
9.80472e-15 1.65401e-14 2.30436e-14 2.93153e-14 3.72644e-14 4.68852e-14 5.91202e-14 7.5805e-14 9.6943e-14 1.24324e-13 1.5971e-13 2.06654e-13 2.66084e-13 3.43489e-13 4.40952e-13 5.6431e-13 7.18708e-13 9.08499e-13 1.13607e-12 1.40132e-12 1.69806e-12 2.01217e-12 2.32279e-12 2.60105e-12 2.81607e-12 2.94347e-12 2.97063e-12 2.89948e-12 2.74981e-12 2.55296e-12 2.34006e-12 2.13691e-12 1.95488e-12 1.79511e-12 1.64909e-12 1.50898e-12 1.36942e-12 1.2284e-12 1.08751e-12 9.49242e-13 8.16828e-13 6.93003e-13 5.78413e-13 4.75701e-13 3.85127e-13 3.05435e-13 2.37664e-13 1.80746e-13 1.32495e-13 9.04588e-14 
1.6652e-14 2.42483e-14 3.15629e-14 3.95638e-14 5.01281e-14 6.23243e-14 7.80298e-14 9.90718e-14 1.25441e-13 1.6069e-13 2.05654e-13 2.63869e-13 3.3894e-13 4.33716e-13 5.53901e-13 7.03653e-13 8.8913e-13 1.11392e-12 1.37954e-12 1.68292e-12 2.01439e-12 2.35284e-12 2.67072e-12 2.9353e-12 3.11399e-12 3.18404e-12 3.14088e-12 2.99657e-12 2.78397e-12 2.54044e-12 2.30178e-12 2.09099e-12 1.9143e-12 1.7641e-12 1.62843e-12 1.49602e-12 1.36225e-12 1.22508e-12 1.08643e-12 9.49242e-13 8.17351e-13 6.93701e-13 5.789e-13 4.75439e-13 3.84316e-13 3.04172e-13 2.35055e-13 1.75871e-13 1.26314e-13 8.07271e-14 
1.47575e-14 2.44513e-14 3.28728e-14 4.28831e-14 5.34991e-14 6.56916e-14 8.13429e-14 1.02291e-13 1.28536e-13 1.61857e-13 2.06654e-13 2.6284e-13 3.35715e-13 4.28892e-13 5.46155e-13 6.92409e-13 8.75495e-13 1.09733e-12 1.36345e-12 1.67276e-12 2.01732e-12 2.38177e-12 2.73928e-12 3.05503e-12 3.29036e-12 3.41337e-12 3.40792e-12 3.27927e-12 3.05501e-12 2.77826e-12 2.49384e-12 2.23876e-12 2.03126e-12 1.86743e-12 1.73179e-12 1.60869e-12 1.48489e-12 1.35671e-12 1.22317e-12 1.08643e-12 9.50423e-13 8.1939e-13 6.94584e-13 5.79908e-13 4.75077e-13 3.81788e-13 3.00396e-13 2.30029e-13 1.70555e-13 1.17753e-13 
2.36114e-14 3.51356e-14 4.52958e-14 5.69754e-14 7.01502e-14 8.57781e-14 1.06649e-13 1.31862e-13 1.65037e-13 2.08781e-13 2.63869e-13 3.35532e-13 4.25505e-13 5.40966e-13 6.8577e-13 8.64953e-13 1.08655e-12 1.35367e-12 1.66769e-12 2.02488e-12 2.41312e-12 2.80811e-12 3.17552e-12 3.47256e-12 3.65832e-12 3.70438e-12 3.60399e-12 3.37688e-12 3.0673e-12 2.7288e-12 2.4134e-12 2.15514e-12 1.96143e-12 1.81823e-12 1.70146e-12 1.59228e-12 1.47705e-12 1.35374e-12 1.22317e-12 1.08751e-12 9.52144e-13 8.20672e-13 6.95932e-13 5.79059e-13 4.73057e-13 3.78644e-13 2.96117e-13 2.24617e-13 1.62136e-13 1.04743e-13 
2.17235e-14 3.53928e-14 4.7704e-14 6.05181e-14 7.47576e-14 9.13563e-14 1.12188e-13 1.37282e-13 1.70298e-13 2.12078e-13 2.66084e-13 3.35715e-13 4.25265e-13 5.38243e-13 6.80986e-13 8.59222e-13 1.07994e-12 1.34797e-12 1.66773e-12 2.03751e-12 2.44822e-12 2.8804e-12 3.30078e-12 3.66374e-12 3.9215e-12 4.03224e-12 3.97547e-12 3.76059e-12 3.42467e-12 3.02803e-12 2.63615e-12 2.30325e-12 2.05625e-12 1.88814e-12 1.77231e-12 1.67658e-12 1.58003e-12 1.4733e-12 1.35374e-12 1.22508e-12 1.09069e-12 9.54741e-13 8.22399e-13 6.95486e-13 5.77513e-13 4.69617e-13 3.74181e-13 2.897e-13 2.16229e-13 1.5053e-13 
3.45778e-14 5.00658e-14 6.50474e-14 8.04236e-14 9.80771e-14 1.18932e-13 1.43947e-13 1.75912e-13 2.17511e-13 2.70427e-13 3.3894e-13 4.25505e-13 5.37049e-13 6.77979e-13 8.55582e-13 1.07663e-12 1.34753e-12 1.67363e-12 2.0565e-12 2.49055e-12 2.95931e-12 3.43245e-12 3.86553e-12 4.20403e-12 4.39478e-12 4.39981e-12 4.2143e-12 3.86511e-12 3.41272e-12 2.93366e-12 2.50183e-12 2.16929e-12 1.95037e-12 1.81869e-12 1.73354e-12 1.65836e-12 1.57407e-12 1.4733e-12 1.35671e-12 1.2284e-12 1.09399e-12 9.57009e-13 8.22448e-13 6.94449e-13 5.73809e-13 4.64989e-13 3.6681e-13 2.81347e-13 2.05923e-13 1.34475e-13 
3.07172e-14 5.13584e-14 6.85757e-14 8.61481e-14 1.04961e-13 1.26875e-13 1.52814e-13 1.84662e-13 2.25172e-13 2.7698e-13 3.43489e-13 4.28892e-13 5.38243e-13 6.77567e-13 8.53957e-13 1.0757e-12 1.34982e-12 1.68412e-12 2.08034e-12 2.53835e-12 3.04424e-12 3.57266e-12 4.07938e-12 4.50718e-12 4.79142e-12 4.87914e-12 4.74532e-12 4.40409e-12 3.90691e-12 3.33668e-12 2.78526e-12 2.33227e-12 2.02246e-12 1.84737e-12 1.76006e-12 1.70583e-12 1.64905e-12 1.57407e-12 1.47705e-12 1.36225e-12 1.23364e-12 1.09715e-12 9.58608e-13 8.22065e-13 6.90592e-13 5.68219e-13 4.57632e-13 3.57635e-13 2.70322e-13 1.8973e-13 
4.95754e-14 7.10279e-14 9.18574e-14 1.12892e-13 1.3598e-13 1.62966e-13 1.94784e-13 2.34241e-13 2.84945e-13 3.50337e-13 4.33716e-13 5.40966e-13 6.77979e-13 8.53422e-13 1.07535e-12 1.35313e-12 1.69512e-12 2.10814e-12 2.59072e-12 3.13679e-12 3.72208e-12 4.30695e-12 4.83158e-12 5.22409e-12 5.41587e-12 5.36141e-12 5.05259e-12 4.53084e-12 3.87733e-12 3.19436e-12 2.58857e-12 2.13884e-12 1.87501e-12 1.75852e-12 1.71738e-12 1.69134e-12 1.64905e-12 1.58003e-12 1.48489e-12 1.36942e-12 1.23909e-12 1.09992e-12 9.58382e-13 8.18297e-13 6.85079e-13 5.60121e-13 4.46874e-13 3.45949e-13 2.55771e-13 1.68001e-13 
4.47233e-14 7.23604e-14 9.64957e-14 1.20831e-13 1.46176e-13 1.74351e-13 2.07201e-13 2.46596e-13 2.96219e-13 3.59591e-13 4.40952e-13 5.46155e-13 6.80986e-13 8.53957e-13 1.07553e-12 1.35567e-12 1.70587e-12 2.13432e-12 2.64552e-12 3.23331e-12 3.8805e-12 4.54834e-12 5.17881e-12 5.69348e-12 6.01176e-12 6.065e-12 5.82172e-12 5.30463e-12 4.58408e-12 3.7711e-12 2.99036e-12 2.35368e-12 1.9375e-12 1.74247e-12 1.69255e-12 1.6953e-12 1.69134e-12 1.65836e-12 1.59228e-12 1.49602e-12 1.37817e-12 1.24385e-12 1.10126e-12 9.55948e-13 8.12324e-13 6.75627e-13 5.4886e-13 4.33775e-13 3.30979e-13 2.34433e-13 
6.95951e-14 9.99952e-14 1.27699e-13 1.564e-13 1.86877e-13 2.20931e-13 2.61347e-13 3.09972e-13 3.72259e-13 4.51603e-13 5.53901e-13 6.8577e-13 8.55582e-13 1.07535e-12 1.35652e-12 1.71374e-12 2.15738e-12 2.69581e-12 3.32895e-12 4.04187e-12 4.79994e-12 5.54637e-12 6.19938e-12 6.66631e-12 6.85923e-12 6.71962e-12 6.24256e-12 5.48461e-12 4.55527e-12 3.59205e-12 2.73473e-12 2.10019e-12 1.74957e-12 1.64214e-12 1.65764e-12 1.6953e-12 1.70583e-12 1.67658e-12 1.60869e-12 1.50898e-12 1.38619e-12 1.24692e-12 1.09925e-12 9.50047e-13 8.02762e-13 6.63293e-13 5.34598e-13 4.17589e-13 3.11755e-13 2.07295e-13 
6.27567e-14 1.00352e-13 1.33402e-13 1.65549e-13 1.9945e-13 2.36809e-13 2.77499e-13 3.27138e-13 3.88428e-13 4.65789e-13 5.6431e-13 6.92409e-13 8.59222e-13 1.0757e-12 1.35567e-12 1.71609e-12 2.17213e-12 2.73768e-12 3.41644e-12 4.19891e-12 5.05628e-12 5.93002e-12 6.73888e-12 7.37903e-12 7.74458e-12 7.74992e-12 7.35835e-12 6.60265e-12 5.58158e-12 4.44453e-12 3.35167e-12 2.44985e-12 1.85386e-12 1.60048e-12 1.58767e-12 1.65764e-12 1.71738e-12 1.73354e-12 1.70146e-12 1.62843e-12 1.52221e-12 1.3925e-12 1.24723e-12 1.09424e-12 9.39333e-13 7.8981e-13 6.47363e-13 5.16567e-13 3.97446e-13 2.84723e-13 
9.56029e-14 1.36907e-13 1.74481e-13 2.12887e-13 2.52772e-13 2.96799e-13 3.46733e-13 4.0812e-13 4.83592e-13 5.79272e-13 7.03653e-13 8.64953e-13 1.07663e-12 1.35313e-12 1.71374e-12 2.17763e-12 2.76511e-12 3.4878e-12 4.34254e-12 5.30459e-12 6.32089e-12 7.30436e-12 8.14561e-12 8.71938e-12 8.91584e-12 8.66225e-12 7.95887e-12 6.88527e-12 5.59251e-12 4.26348e-12 3.07235e-12 2.16601e-12 1.65109e-12 1.51712e-12 1.58767e-12 1.69255e-12 1.76006e-12 1.77231e-12 1.73179e-12 1.64909e-12 1.53395e-12 1.39524e-12 1.24276e-12 1.08409e-12 9.24781e-13 7.71897e-13 6.27027e-13 4.94787e-13 3.73114e-13 2.49524e-13 
8.57942e-14 1.3625e-13 1.81158e-13 2.24115e-13 2.68613e-13 3.16219e-13 3.69544e-13 4.30329e-13 5.05012e-13 5.98867e-13 7.18708e-13 8.75495e-13 1.07994e-12 1.34982e-12 1.70587e-12 2.17213e-12 2.77542e-12 3.53452e-12 4.45743e-12 5.52914e-12 6.69952e-12 7.88132e-12 8.9538e-12 9.77818e-12 1.0215e-11 1.01594e-11 9.56975e-12 8.49632e-12 7.08093e-12 5.52451e-12 4.03531e-12 2.79045e-12 1.92815e-12 1.53414e-12 1.51712e-12 1.64214e-12 1.75852e-12 1.81869e-12 1.81823e-12 1.7641e-12 1.66866e-12 1.54146e-12 1.39381e-12 1.23366e-12 1.06892e-12 9.0561e-13 7.48985e-13 6.03099e-13 4.68232e-13 3.38846e-13 
1.29527e-13 1.83597e-13 2.33992e-13 2.84141e-13 3.36467e-13 3.925e-13 4.55795e-13 5.30872e-13 6.22174e-13 7.38503e-13 8.8913e-13 1.08655e-12 1.34753e-12 1.69512e-12 2.15738e-12 2.76511e-12 3.5504e-12 4.53254e-12 5.70918e-12 7.04148e-12 8.44261e-12 9.78293e-12 1.09041e-11 1.16401e-11 1.18492e-11 1.14468e-11 1.04419e-11 8.95227e-12 7.18908e-12 5.39797e-12 3.79814e-12 2.55484e-12 1.78895e-12 1.53414e-12 1.60048e-12 1.74247e-12 1.84737e-12 1.88814e-12 1.86743e-12 1.79511e-12 1.68339e-12 1.54391e-12 1.38595e-12 1.21837e-12 1.04785e-12 8.80881e-13 7.21767e-13 5.74572e-13 4.36427e-13 2.93806e-13 
1.13797e-13 1.81902e-13 2.40516e-13 2.97247e-13 3.55366e-13 4.16245e-13 4.8235e-13 5.59091e-13 6.4996e-13 7.62977e-13 9.08499e-13 1.09733e-12 1.34797e-12 1.68412e-12 2.13432e-12 2.73768e-12 3.53452e-12 4.55906e-12 5.82776e-12 7.31744e-12 8.95153e-12 1.05938e-11 1.20651e-11 1.31689e-11 1.37217e-11 1.35922e-11 1.27414e-11 1.12478e-11 9.31552e-12 7.22313e-12 5.24694e-12 3.59813e-12 2.41774e-12 1.78895e-12 1.65109e-12 1.74957e-12 1.87501e-12 1.95037e-12 1.96143e-12 1.9143e-12 1.82053e-12 1.69206e-12 1.53958e-12 1.37148e-12 1.19591e-12 1.02064e-12 8.51147e-13 6.9e-13 5.40215e-13 3.93213e-13 
1.70265e-13 2.40812e-13 3.05881e-13 3.70744e-13 4.38549e-13 5.09635e-13 5.89314e-13 6.81023e-13 7.92848e-13 9.3257e-13 1.11392e-12 1.35367e-12 1.67363e-12 2.10814e-12 2.69581e-12 3.4878e-12 4.53254e-12 5.86822e-12 7.4978e-12 9.36212e-12 1.13308e-11 1.32075e-11 1.47573e-11 1.57469e-11 1.59942e-11 1.54025e-11 1.39996e-11 1.19608e-11 9.58427e-12 7.2073e-12 5.11238e-12 3.48285e-12 2.41774e-12 1.92815e-12 1.85386e-12 1.9375e-12 2.02246e-12 2.05625e-12 2.03126e-12 1.95488e-12 1.83851e-12 1.69259e-12 1.52652e-12 1.34845e-12 1.16743e-12 9.87673e-13 8.15174e-13 6.53345e-13 5.00198e-13 3.37338e-13 
1.48701e-13 2.35108e-13 3.10108e-13 3.83456e-13 4.58168e-13 5.36326e-13 6.20171e-13 7.14008e-13 8.24996e-13 9.61955e-13 1.13607e-12 1.36345e-12 1.66773e-12 2.08034e-12 2.64552e-12 3.41644e-12 4.45743e-12 5.82776e-12 7.55974e-12 9.63071e-12 1.19289e-11 1.42523e-11 1.63279e-11 1.78658e-11 1.8613e-11 1.841e-11 1.72211e-11 1.51722e-11 1.2556e-11 9.76496e-12 7.17086e-12 5.03296e-12 3.48285e-12 2.55484e-12 2.16601e-12 2.10019e-12 2.13884e-12 2.16929e-12 2.15514e-12 2.09099e-12 1.98518e-12 1.84576e-12 1.6827e-12 1.50406e-12 1.31858e-12 1.13077e-12 9.4839e-13 7.74165e-13 6.10389e-13 4.46128e-13 
2.18666e-13 3.082e-13 3.90589e-13 4.72977e-13 5.58219e-13 6.48341e-13 7.47466e-13 8.59828e-13 9.94356e-13 1.16245e-12 1.37954e-12 1.66769e-12 2.0565e-12 2.59072e-12 3.32895e-12 4.34254e-12 5.70918e-12 7.4978e-12 9.72496e-12 1.23216e-11 1.51015e-11 1.77709e-11 1.99713e-11 2.13656e-11 2.171e-11 2.08943e-11 1.89734e-11 1.62046e-11 1.30149e-11 9.87177e-12 7.14348e-12 5.03296e-12 3.59813e-12 2.79045e-12 2.44985e-12 2.35368e-12 2.33227e-12 2.30325e-12 2.23876e-12 2.13691e-12 2.00133e-12 1.84104e-12 1.66215e-12 1.47287e-12 1.27951e-12 1.08755e-12 9.02976e-13 7.27606e-13 5.60186e-13 3.79228e-13 
1.8943e-13 2.96595e-13 3.90407e-13 4.82969e-13 5.76058e-13 6.74387e-13 7.78972e-13 8.94884e-13 1.02915e-12 1.19334e-12 1.40132e-12 1.67276e-12 2.03751e-12 2.53835e-12 3.23331e-12 4.19891e-12 5.52914e-12 7.31744e-12 9.63071e-12 1.24586e-11 1.566e-11 1.89487e-11 2.19114e-11 2.41117e-11 2.51934e-11 2.49464e-11 2.33401e-11 2.0564e-11 1.70408e-11 1.33253e-11 9.92078e-12 7.14348e-12 5.11238e-12 3.79814e-12 3.07235e-12 2.73473e-12 2.58857e-12 2.50183e-12 2.4134e-12 2.30178e-12 2.16395e-12 2.00231e-12 1.8216e-12 1.6291e-12 1.43119e-12 1.23186e-12 1.03695e-12 8.50769e-13 6.73941e-13 4.94927e-13 
2.72574e-13 3.82373e-13 4.84438e-13 5.87859e-13 6.94189e-13 8.06154e-13 9.27673e-13 1.0638e-12 1.22618e-12 1.42617e-12 1.68292e-12 2.02488e-12 2.49055e-12 3.13679e-12 4.04187e-12 5.30459e-12 7.04148e-12 9.36212e-12 1.23216e-11 1.58557e-11 1.9724e-11 2.3499e-11 2.66468e-11 2.86751e-11 2.92372e-11 2.81836e-11 2.56079e-11 2.18882e-11 1.76299e-11 1.34816e-11 9.92078e-12 7.17086e-12 5.24694e-12 4.03531e-12 3.35167e-12 2.99036e-12 2.78526e-12 2.63615e-12 2.49384e-12 2.34006e-12 2.17001e-12 1.98514e-12 1.78901e-12 1.58533e-12 1.37942e-12 1.17622e-12 9.79843e-13 7.92859e-13 6.13005e-13 4.15661e-13 
2.33902e-13 3.64087e-13 4.77847e-13 5.90892e-13 7.06712e-13 8.26791e-13 9.54832e-13 1.09574e-12 1.25832e-12 1.4532e-12 1.69806e-12 2.01732e-12 2.44822e-12 3.04424e-12 3.8805e-12 5.05628e-12 6.69952e-12 8.95153e-12 1.19289e-11 1.566e-11 1.99957e-11 2.45456e-11 2.87234e-11 3.18911e-11 3.35274e-11 3.33206e-11 3.12277e-11 2.75315e-11 2.28422e-11 1.79344e-11 1.34816e-11 9.87177e-12 7.2073e-12 5.39797e-12 4.26348e-12 3.59205e-12 3.19436e-12 2.93366e-12 2.7288e-12 2.54044e-12 2.35155e-12 2.15557e-12 1.95121e-12 1.74118e-12 1.52881e-12 1.31797e-12 1.11245e-12 9.15517e-13 7.27683e-13 5.35928e-13 
3.3083e-13 4.6191e-13 5.84651e-13 7.10214e-13 8.38895e-13 9.75094e-13 1.12256e-12 1.28624e-12 1.47877e-12 1.71347e-12 2.01439e-12 2.41312e-12 2.95931e-12 3.72208e-12 4.79994e-12 6.32089e-12 8.44261e-12 1.13308e-11 1.51015e-11 1.9724e-11 2.49127e-11 3.00937e-11 3.45247e-11 3.74865e-11 3.84547e-11 3.71968e-11 3.38423e-11 2.89372e-11 2.33422e-11 1.79344e-11 1.33253e-11 9.76496e-12 7.22313e-12 5.52451e-12 4.44453e-12 3.7711e-12 3.33668e-12 3.02803e-12 2.77826e-12 2.55296e-12 2.33551e-12 2.1185e-12 1.89989e-12 1.67977e-12 1.4614e-12 1.24738e-12 1.04143e-12 8.45127e-13 6.54184e-13 4.44702e-13 
2.8204e-13 4.34365e-13 5.68887e-13 7.03241e-13 8.41725e-13 9.86513e-13 1.14017e-12 1.30848e-12 1.50028e-12 1.7282e-12 2.01217e-12 2.38177e-12 2.8804e-12 3.57266e-12 4.54834e-12 5.93002e-12 7.88132e-12 1.05938e-11 1.42523e-11 1.89487e-11 2.45456e-11 3.05734e-11 3.6262e-11 4.07224e-11 4.318e-11 4.31514e-11 4.05494e-11 3.57708e-11 2.96816e-11 2.33422e-11 1.76299e-11 1.30149e-11 9.58427e-12 7.18908e-12 5.59251e-12 4.55527e-12 3.87733e-12 3.41272e-12 3.0673e-12 2.78397e-12 2.53208e-12 2.29378e-12 2.062e-12 1.83218e-12 1.60591e-12 1.38444e-12 1.16931e-12 9.63437e-13 7.68123e-13 5.66285e-13 
3.90339e-13 5.42524e-13 6.85586e-13 8.32917e-13 9.86502e-13 1.14766e-12 1.32104e-12 1.51448e-12 1.73791e-12 2.0088e-12 2.35284e-12 2.80811e-12 3.43245e-12 4.30695e-12 5.54637e-12 7.30436e-12 9.78293e-12 1.32075e-11 1.77709e-11 2.3499e-11 3.00937e-11 3.68694e-11 4.28521e-11 4.70269e-11 4.86101e-11 4.72277e-11 4.30383e-11 3.67982e-11 2.96816e-11 2.28422e-11 1.70408e-11 1.2556e-11 9.31552e-12 7.08093e-12 5.58158e-12 4.58408e-12 3.90691e-12 3.42467e-12 3.05501e-12 2.74981e-12 2.47967e-12 2.22781e-12 1.98582e-12 1.75008e-12 1.52019e-12 1.29708e-12 1.08318e-12 8.79872e-13 6.82725e-13 4.62418e-13 
3.2882e-13 5.03337e-13 6.58202e-13 8.13273e-13 9.74709e-13 1.14353e-12 1.32317e-12 1.51944e-12 1.74043e-12 2.00103e-12 2.32279e-12 2.73928e-12 3.30078e-12 4.07938e-12 5.17881e-12 6.73888e-12 8.9538e-12 1.20651e-11 1.63279e-11 2.19114e-11 2.87234e-11 3.6262e-11 4.35963e-11 4.95519e-11 5.30325e-11 5.33231e-11 5.02627e-11 4.43699e-11 3.67982e-11 2.89372e-11 2.18882e-11 1.62046e-11 1.19608e-11 8.95227e-12 6.88527e-12 5.48461e-12 4.53084e-12 3.86511e-12 3.37688e-12 2.99657e-12 2.68032e-12 2.40018e-12 2.14009e-12 1.89304e-12 1.65436e-12 1.42429e-12 1.20296e-12 9.92192e-13 7.90457e-13 5.82067e-13 
4.48088e-13 6.19165e-13 7.8189e-13 9.50106e-13 1.12565e-12 1.31164e-12 1.51087e-12 1.73226e-12 1.98518e-12 2.28873e-12 2.67072e-12 3.17552e-12 3.86553e-12 4.83158e-12 6.19938e-12 8.14561e-12 1.09041e-11 1.47573e-11 1.99713e-11 2.66468e-11 3.45247e-11 4.28521e-11 5.04317e-11 5.5922e-11 5.82364e-11 5.68334e-11 5.18897e-11 4.43699e-11 3.57708e-11 2.75315e-11 2.0564e-11 1.51722e-11 1.12478e-11 8.49632e-12 6.60265e-12 5.30463e-12 4.40409e-12 3.76059e-12 3.27927e-12 2.89948e-12 2.58031e-12 2.29685e-12 2.03422e-12 1.78553e-12 1.54774e-12 1.31948e-12 1.10196e-12 8.95503e-13 6.93684e-13 4.68691e-13 
3.7423e-13 5.67096e-13 7.38905e-13 9.13764e-13 1.09503e-12 1.28644e-12 1.49048e-12 1.71129e-12 1.95909e-12 2.24751e-12 2.60105e-12 3.05503e-12 3.66374e-12 4.50718e-12 5.69348e-12 7.37903e-12 9.77818e-12 1.31689e-11 1.78658e-11 2.41117e-11 3.18911e-11 4.07224e-11 4.95519e-11 5.69275e-11 6.14298e-11 6.21059e-11 5.87151e-11 5.18897e-11 4.30383e-11 3.38423e-11 2.56079e-11 1.89734e-11 1.39996e-11 1.04419e-11 7.95887e-12 6.24256e-12 5.05259e-12 4.2143e-12 3.60399e-12 3.14088e-12 2.76982e-12 2.45468e-12 2.17313e-12 1.91255e-12 1.66638e-12 1.43259e-12 1.20919e-12 9.96883e-13 7.94019e-13 5.83973e-13 
4.99223e-13 6.8615e-13 8.65874e-13 1.05187e-12 1.24777e-12 1.45479e-12 1.6768e-12 1.92019e-12 2.19756e-12 2.52612e-12 2.9353e-12 3.47256e-12 4.20403e-12 5.22409e-12 6.66631e-12 8.71938e-12 1.16401e-11 1.57469e-11 2.13656e-11 2.86751e-11 3.74865e-11 4.70269e-11 5.5922e-11 6.25374e-11 6.5519e-11 6.41798e-11 5.87151e-11 5.02627e-11 4.05494e-11 3.12277e-11 2.33401e-11 1.72211e-11 1.27414e-11 9.56975e-12 7.35835e-12 5.82172e-12 4.74532e-12 3.97547e-12 3.40792e-12 2.97063e-12 2.61513e-12 2.30927e-12 2.03439e-12 1.77945e-12 1.53913e-12 1.31081e-12 1.09376e-12 8.88123e-13 6.87475e-13 4.61419e-13 
4.12378e-13 6.21947e-13 8.07464e-13 9.97331e-13 1.19596e-12 1.40516e-12 1.62839e-12 1.8691e-12 2.13602e-12 2.4443e-12 2.81607e-12 3.29036e-12 3.9215e-12 4.79142e-12 6.01176e-12 7.74458e-12 1.0215e-11 1.37217e-11 1.8613e-11 2.51934e-11 3.35274e-11 4.318e-11 5.30325e-11 6.14298e-11 6.66996e-11 6.7709e-11 6.41798e-11 5.68334e-11 4.72277e-11 3.71968e-11 2.81836e-11 2.08943e-11 1.54025e-11 1.14468e-11 8.66225e-12 6.71962e-12 5.36141e-12 4.39981e-12 3.70438e-12 3.18404e-12 2.77792e-12 2.44206e-12 2.14928e-12 1.88385e-12 1.638e-12 1.40597e-12 1.18556e-12 9.76458e-13 7.76962e-13 5.68801e-13 
5.40017e-13 7.40082e-13 9.32475e-13 1.13223e-12 1.34295e-12 1.56585e-12 1.804e-12 2.06314e-12 2.35442e-12 2.69501e-12 3.11399e-12 3.65832e-12 4.39478e-12 5.41587e-12 6.85923e-12 8.91584e-12 1.18492e-11 1.59942e-11 2.171e-11 2.92372e-11 3.84547e-11 4.86101e-11 5.82364e-11 6.5519e-11 6.89278e-11 6.7709e-11 6.21059e-11 5.33231e-11 4.31514e-11 3.33206e-11 2.49464e-11 1.841e-11 1.35922e-11 1.01594e-11 7.74992e-12 6.065e-12 4.87914e-12 4.03224e-12 3.41337e-12 2.94347e-12 2.57015e-12 2.2564e-12 1.97927e-12 1.72672e-12 1.49158e-12 1.26942e-12 1.05852e-12 8.58043e-13 6.62521e-13 4.42378e-13 
4.42378e-13 6.62521e-13 8.58043e-13 1.05852e-12 1.26942e-12 1.49158e-12 1.72672e-12 1.97927e-12 2.2564e-12 2.57015e-12 2.94347e-12 3.41337e-12 4.03224e-12 4.87914e-12 6.065e-12 7.74992e-12 1.01594e-11 1.35922e-11 1.841e-11 2.49464e-11 3.33206e-11 4.31514e-11 5.33231e-11 6.21059e-11 6.7709e-11 6.89278e-11 6.5519e-11 5.82364e-11 4.86101e-11 3.84547e-11 2.92372e-11 2.171e-11 1.59942e-11 1.18492e-11 8.91584e-12 6.85923e-12 5.41587e-12 4.39478e-12 3.65832e-12 3.11399e-12 2.69501e-12 2.35442e-12 2.06314e-12 1.804e-12 1.56585e-12 1.34295e-12 1.13223e-12 9.32475e-13 7.40082e-13 5.40017e-13 
5.68801e-13 7.76962e-13 9.76458e-13 1.18556e-12 1.40597e-12 1.638e-12 1.88385e-12 2.14928e-12 2.44206e-12 2.77792e-12 3.18404e-12 3.70438e-12 4.39981e-12 5.36141e-12 6.71962e-12 8.66225e-12 1.14468e-11 1.54025e-11 2.08943e-11 2.81836e-11 3.71968e-11 4.72277e-11 5.68334e-11 6.41798e-11 6.7709e-11 6.66996e-11 6.14298e-11 5.30325e-11 4.318e-11 3.35274e-11 2.51934e-11 1.8613e-11 1.37217e-11 1.0215e-11 7.74458e-12 6.01176e-12 4.79142e-12 3.9215e-12 3.29036e-12 2.81607e-12 2.4443e-12 2.13602e-12 1.8691e-12 1.62839e-12 1.40516e-12 1.19596e-12 9.97331e-13 8.07464e-13 6.21947e-13 4.12378e-13 
4.61419e-13 6.87475e-13 8.88123e-13 1.09376e-12 1.31081e-12 1.53913e-12 1.77945e-12 2.03439e-12 2.30927e-12 2.61513e-12 2.97063e-12 3.40792e-12 3.97547e-12 4.74532e-12 5.82172e-12 7.35835e-12 9.56975e-12 1.27414e-11 1.72211e-11 2.33401e-11 3.12277e-11 4.05494e-11 5.02627e-11 5.87151e-11 6.41798e-11 6.5519e-11 6.25374e-11 5.5922e-11 4.70269e-11 3.74865e-11 2.86751e-11 2.13656e-11 1.57469e-11 1.16401e-11 8.71938e-12 6.66631e-12 5.22409e-12 4.20403e-12 3.47256e-12 2.9353e-12 2.52612e-12 2.19756e-12 1.92019e-12 1.6768e-12 1.45479e-12 1.24777e-12 1.05187e-12 8.65874e-13 6.8615e-13 4.99223e-13 
5.83973e-13 7.94019e-13 9.96883e-13 1.20919e-12 1.43259e-12 1.66638e-12 1.91255e-12 2.17313e-12 2.45468e-12 2.76982e-12 3.14088e-12 3.60399e-12 4.2143e-12 5.05259e-12 6.24256e-12 7.95887e-12 1.04419e-11 1.39996e-11 1.89734e-11 2.56079e-11 3.38423e-11 4.30383e-11 5.18897e-11 5.87151e-11 6.21059e-11 6.14298e-11 5.69275e-11 4.95519e-11 4.07224e-11 3.18911e-11 2.41117e-11 1.78658e-11 1.31689e-11 9.77818e-12 7.37903e-12 5.69348e-12 4.50718e-12 3.66374e-12 3.05503e-12 2.60105e-12 2.24751e-12 1.95909e-12 1.71129e-12 1.49048e-12 1.28644e-12 1.09503e-12 9.13764e-13 7.38905e-13 5.67096e-13 3.7423e-13 
4.68691e-13 6.93684e-13 8.95503e-13 1.10196e-12 1.31948e-12 1.54774e-12 1.78553e-12 2.03422e-12 2.29685e-12 2.58031e-12 2.89948e-12 3.27927e-12 3.76059e-12 4.40409e-12 5.30463e-12 6.60265e-12 8.49632e-12 1.12478e-11 1.51722e-11 2.0564e-11 2.75315e-11 3.57708e-11 4.43699e-11 5.18897e-11 5.68334e-11 5.82364e-11 5.5922e-11 5.04317e-11 4.28521e-11 3.45247e-11 2.66468e-11 1.99713e-11 1.47573e-11 1.09041e-11 8.14561e-12 6.19938e-12 4.83158e-12 3.86553e-12 3.17552e-12 2.67072e-12 2.28873e-12 1.98518e-12 1.73226e-12 1.51087e-12 1.31164e-12 1.12565e-12 9.50106e-13 7.8189e-13 6.19165e-13 4.48088e-13 
5.82067e-13 7.90457e-13 9.92192e-13 1.20296e-12 1.42429e-12 1.65436e-12 1.89304e-12 2.14009e-12 2.40018e-12 2.68032e-12 2.99657e-12 3.37688e-12 3.86511e-12 4.53084e-12 5.48461e-12 6.88527e-12 8.95227e-12 1.19608e-11 1.62046e-11 2.18882e-11 2.89372e-11 3.67982e-11 4.43699e-11 5.02627e-11 5.33231e-11 5.30325e-11 4.95519e-11 4.35963e-11 3.6262e-11 2.87234e-11 2.19114e-11 1.63279e-11 1.20651e-11 8.9538e-12 6.73888e-12 5.17881e-12 4.07938e-12 3.30078e-12 2.73928e-12 2.32279e-12 2.00103e-12 1.74043e-12 1.51944e-12 1.32317e-12 1.14353e-12 9.74709e-13 8.13273e-13 6.58202e-13 5.03337e-13 3.2882e-13 
4.62418e-13 6.82725e-13 8.79872e-13 1.08318e-12 1.29708e-12 1.52019e-12 1.75008e-12 1.98582e-12 2.22781e-12 2.47967e-12 2.74981e-12 3.05501e-12 3.42467e-12 3.90691e-12 4.58408e-12 5.58158e-12 7.08093e-12 9.31552e-12 1.2556e-11 1.70408e-11 2.28422e-11 2.96816e-11 3.67982e-11 4.30383e-11 4.72277e-11 4.86101e-11 4.70269e-11 4.28521e-11 3.68694e-11 3.00937e-11 2.3499e-11 1.77709e-11 1.32075e-11 9.78293e-12 7.30436e-12 5.54637e-12 4.30695e-12 3.43245e-12 2.80811e-12 2.35284e-12 2.0088e-12 1.73791e-12 1.51448e-12 1.32104e-12 1.14766e-12 9.86502e-13 8.32917e-13 6.85586e-13 5.42524e-13 3.90339e-13 
5.66285e-13 7.68123e-13 9.63437e-13 1.16931e-12 1.38444e-12 1.60591e-12 1.83218e-12 2.062e-12 2.29378e-12 2.53208e-12 2.78397e-12 3.0673e-12 3.41272e-12 3.87733e-12 4.55527e-12 5.59251e-12 7.18908e-12 9.58427e-12 1.30149e-11 1.76299e-11 2.33422e-11 2.96816e-11 3.57708e-11 4.05494e-11 4.31514e-11 4.318e-11 4.07224e-11 3.6262e-11 3.05734e-11 2.45456e-11 1.89487e-11 1.42523e-11 1.05938e-11 7.88132e-12 5.93002e-12 4.54834e-12 3.57266e-12 2.8804e-12 2.38177e-12 2.01217e-12 1.7282e-12 1.50028e-12 1.30848e-12 1.14017e-12 9.86513e-13 8.41725e-13 7.03241e-13 5.68887e-13 4.34365e-13 2.8204e-13 
4.44702e-13 6.54184e-13 8.45127e-13 1.04143e-12 1.24738e-12 1.4614e-12 1.67977e-12 1.89989e-12 2.1185e-12 2.33551e-12 2.55296e-12 2.77826e-12 3.02803e-12 3.33668e-12 3.7711e-12 4.44453e-12 5.52451e-12 7.22313e-12 9.76496e-12 1.33253e-11 1.79344e-11 2.33422e-11 2.89372e-11 3.38423e-11 3.71968e-11 3.84547e-11 3.74865e-11 3.45247e-11 3.00937e-11 2.49127e-11 1.9724e-11 1.51015e-11 1.13308e-11 8.44261e-12 6.32089e-12 4.79994e-12 3.72208e-12 2.95931e-12 2.41312e-12 2.01439e-12 1.71347e-12 1.47877e-12 1.28624e-12 1.12256e-12 9.75094e-13 8.38895e-13 7.10214e-13 5.84651e-13 4.6191e-13 3.3083e-13 
5.35928e-13 7.27683e-13 9.15517e-13 1.11245e-12 1.31797e-12 1.52881e-12 1.74118e-12 1.95121e-12 2.15557e-12 2.35155e-12 2.54044e-12 2.7288e-12 2.93366e-12 3.19436e-12 3.59205e-12 4.26348e-12 5.39797e-12 7.2073e-12 9.87177e-12 1.34816e-11 1.79344e-11 2.28422e-11 2.75315e-11 3.12277e-11 3.33206e-11 3.35274e-11 3.18911e-11 2.87234e-11 2.45456e-11 1.99957e-11 1.566e-11 1.19289e-11 8.95153e-12 6.69952e-12 5.05628e-12 3.8805e-12 3.04424e-12 2.44822e-12 2.01732e-12 1.69806e-12 1.4532e-12 1.25832e-12 1.09574e-12 9.54832e-13 8.26791e-13 7.06712e-13 5.90892e-13 4.77847e-13 3.64087e-13 2.33902e-13 
4.15661e-13 6.13005e-13 7.92859e-13 9.79843e-13 1.17622e-12 1.37942e-12 1.58533e-12 1.78901e-12 1.98514e-12 2.17001e-12 2.34006e-12 2.49384e-12 2.63615e-12 2.78526e-12 2.99036e-12 3.35167e-12 4.03531e-12 5.24694e-12 7.17086e-12 9.92078e-12 1.34816e-11 1.76299e-11 2.18882e-11 2.56079e-11 2.81836e-11 2.92372e-11 2.86751e-11 2.66468e-11 2.3499e-11 1.9724e-11 1.58557e-11 1.23216e-11 9.36212e-12 7.04148e-12 5.30459e-12 4.04187e-12 3.13679e-12 2.49055e-12 2.02488e-12 1.68292e-12 1.42617e-12 1.22618e-12 1.0638e-12 9.27673e-13 8.06154e-13 6.94189e-13 5.87859e-13 4.84438e-13 3.82373e-13 2.72574e-13 
4.94927e-13 6.73941e-13 8.50769e-13 1.03695e-12 1.23186e-12 1.43119e-12 1.6291e-12 1.8216e-12 2.00231e-12 2.16395e-12 2.30178e-12 2.4134e-12 2.50183e-12 2.58857e-12 2.73473e-12 3.07235e-12 3.79814e-12 5.11238e-12 7.14348e-12 9.92078e-12 1.33253e-11 1.70408e-11 2.0564e-11 2.33401e-11 2.49464e-11 2.51934e-11 2.41117e-11 2.19114e-11 1.89487e-11 1.566e-11 1.24586e-11 9.63071e-12 7.31744e-12 5.52914e-12 4.19891e-12 3.23331e-12 2.53835e-12 2.03751e-12 1.67276e-12 1.40132e-12 1.19334e-12 1.02915e-12 8.94884e-13 7.78972e-13 6.74387e-13 5.76058e-13 4.82969e-13 3.90407e-13 2.96595e-13 1.8943e-13 
3.79228e-13 5.60186e-13 7.27606e-13 9.02976e-13 1.08755e-12 1.27951e-12 1.47287e-12 1.66215e-12 1.84104e-12 2.00133e-12 2.13691e-12 2.23876e-12 2.30325e-12 2.33227e-12 2.35368e-12 2.44985e-12 2.79045e-12 3.59813e-12 5.03296e-12 7.14348e-12 9.87177e-12 1.30149e-11 1.62046e-11 1.89734e-11 2.08943e-11 2.171e-11 2.13656e-11 1.99713e-11 1.77709e-11 1.51015e-11 1.23216e-11 9.72496e-12 7.4978e-12 5.70918e-12 4.34254e-12 3.32895e-12 2.59072e-12 2.0565e-12 1.66769e-12 1.37954e-12 1.16245e-12 9.94356e-13 8.59828e-13 7.47466e-13 6.48341e-13 5.58219e-13 4.72977e-13 3.90589e-13 3.082e-13 2.18666e-13 
4.46128e-13 6.10389e-13 7.74165e-13 9.4839e-13 1.13077e-12 1.31858e-12 1.50406e-12 1.6827e-12 1.84576e-12 1.98518e-12 2.09099e-12 2.15514e-12 2.16929e-12 2.13884e-12 2.10019e-12 2.16601e-12 2.55484e-12 3.48285e-12 5.03296e-12 7.17086e-12 9.76496e-12 1.2556e-11 1.51722e-11 1.72211e-11 1.841e-11 1.8613e-11 1.78658e-11 1.63279e-11 1.42523e-11 1.19289e-11 9.63071e-12 7.55974e-12 5.82776e-12 4.45743e-12 3.41644e-12 2.64552e-12 2.08034e-12 1.66773e-12 1.36345e-12 1.13607e-12 9.61955e-13 8.24996e-13 7.14008e-13 6.20171e-13 5.36326e-13 4.58168e-13 3.83456e-13 3.10108e-13 2.35108e-13 1.48701e-13 
3.37338e-13 5.00198e-13 6.53345e-13 8.15174e-13 9.87673e-13 1.16743e-12 1.34845e-12 1.52652e-12 1.69259e-12 1.83851e-12 1.95488e-12 2.03126e-12 2.05625e-12 2.02246e-12 1.9375e-12 1.85386e-12 1.92815e-12 2.41774e-12 3.48285e-12 5.11238e-12 7.2073e-12 9.58427e-12 1.19608e-11 1.39996e-11 1.54025e-11 1.59942e-11 1.57469e-11 1.47573e-11 1.32075e-11 1.13308e-11 9.36212e-12 7.4978e-12 5.86822e-12 4.53254e-12 3.4878e-12 2.69581e-12 2.10814e-12 1.67363e-12 1.35367e-12 1.11392e-12 9.3257e-13 7.92848e-13 6.81023e-13 5.89314e-13 5.09635e-13 4.38549e-13 3.70744e-13 3.05881e-13 2.40812e-13 1.70265e-13 
3.93213e-13 5.40215e-13 6.9e-13 8.51147e-13 1.02064e-12 1.19591e-12 1.37148e-12 1.53958e-12 1.69206e-12 1.82053e-12 1.9143e-12 1.96143e-12 1.95037e-12 1.87501e-12 1.74957e-12 1.65109e-12 1.78895e-12 2.41774e-12 3.59813e-12 5.24694e-12 7.22313e-12 9.31552e-12 1.12478e-11 1.27414e-11 1.35922e-11 1.37217e-11 1.31689e-11 1.20651e-11 1.05938e-11 8.95153e-12 7.31744e-12 5.82776e-12 4.55906e-12 3.53452e-12 2.73768e-12 2.13432e-12 1.68412e-12 1.34797e-12 1.09733e-12 9.08499e-13 7.62977e-13 6.4996e-13 5.59091e-13 4.8235e-13 4.16245e-13 3.55366e-13 2.97247e-13 2.40516e-13 1.81902e-13 1.13797e-13 
2.93806e-13 4.36427e-13 5.74572e-13 7.21767e-13 8.80881e-13 1.04785e-12 1.21837e-12 1.38595e-12 1.54391e-12 1.68339e-12 1.79511e-12 1.86743e-12 1.88814e-12 1.84737e-12 1.74247e-12 1.60048e-12 1.53414e-12 1.78895e-12 2.55484e-12 3.79814e-12 5.39797e-12 7.18908e-12 8.95227e-12 1.04419e-11 1.14468e-11 1.18492e-11 1.16401e-11 1.09041e-11 9.78293e-12 8.44261e-12 7.04148e-12 5.70918e-12 4.53254e-12 3.5504e-12 2.76511e-12 2.15738e-12 1.69512e-12 1.34753e-12 1.08655e-12 8.8913e-13 7.38503e-13 6.22174e-13 5.30872e-13 4.55795e-13 3.925e-13 3.36467e-13 2.84141e-13 2.33992e-13 1.83597e-13 1.29527e-13 
3.38846e-13 4.68232e-13 6.03099e-13 7.48985e-13 9.0561e-13 1.06892e-12 1.23366e-12 1.39381e-12 1.54146e-12 1.66866e-12 1.7641e-12 1.81823e-12 1.81869e-12 1.75852e-12 1.64214e-12 1.51712e-12 1.53414e-12 1.92815e-12 2.79045e-12 4.03531e-12 5.52451e-12 7.08093e-12 8.49632e-12 9.56975e-12 1.01594e-11 1.0215e-11 9.77818e-12 8.9538e-12 7.88132e-12 6.69952e-12 5.52914e-12 4.45743e-12 3.53452e-12 2.77542e-12 2.17213e-12 1.70587e-12 1.34982e-12 1.07994e-12 8.75495e-13 7.18708e-13 5.98867e-13 5.05012e-13 4.30329e-13 3.69544e-13 3.16219e-13 2.68613e-13 2.24115e-13 1.81158e-13 1.3625e-13 8.57942e-14 
2.49524e-13 3.73114e-13 4.94787e-13 6.27027e-13 7.71897e-13 9.24781e-13 1.08409e-12 1.24276e-12 1.39524e-12 1.53395e-12 1.64909e-12 1.73179e-12 1.77231e-12 1.76006e-12 1.69255e-12 1.58767e-12 1.51712e-12 1.65109e-12 2.16601e-12 3.07235e-12 4.26348e-12 5.59251e-12 6.88527e-12 7.95887e-12 8.66225e-12 8.91584e-12 8.71938e-12 8.14561e-12 7.30436e-12 6.32089e-12 5.30459e-12 4.34254e-12 3.4878e-12 2.76511e-12 2.17763e-12 1.71374e-12 1.35313e-12 1.07663e-12 8.64953e-13 7.03653e-13 5.79272e-13 4.83592e-13 4.0812e-13 3.46733e-13 2.96799e-13 2.52772e-13 2.12887e-13 1.74481e-13 1.36907e-13 9.56029e-14 
2.84723e-13 3.97446e-13 5.16567e-13 6.47363e-13 7.8981e-13 9.39333e-13 1.09424e-12 1.24723e-12 1.3925e-12 1.52221e-12 1.62843e-12 1.70146e-12 1.73354e-12 1.71738e-12 1.65764e-12 1.58767e-12 1.60048e-12 1.85386e-12 2.44985e-12 3.35167e-12 4.44453e-12 5.58158e-12 6.60265e-12 7.35835e-12 7.74992e-12 7.74458e-12 7.37903e-12 6.73888e-12 5.93002e-12 5.05628e-12 4.19891e-12 3.41644e-12 2.73768e-12 2.17213e-12 1.71609e-12 1.35567e-12 1.0757e-12 8.59222e-13 6.92409e-13 5.6431e-13 4.65789e-13 3.88428e-13 3.27138e-13 2.77499e-13 2.36809e-13 1.9945e-13 1.65549e-13 1.33402e-13 1.00352e-13 6.27567e-14 
2.07295e-13 3.11755e-13 4.17589e-13 5.34598e-13 6.63293e-13 8.02762e-13 9.50047e-13 1.09925e-12 1.24692e-12 1.38619e-12 1.50898e-12 1.60869e-12 1.67658e-12 1.70583e-12 1.6953e-12 1.65764e-12 1.64214e-12 1.74957e-12 2.10019e-12 2.73473e-12 3.59205e-12 4.55527e-12 5.48461e-12 6.24256e-12 6.71962e-12 6.85923e-12 6.66631e-12 6.19938e-12 5.54637e-12 4.79994e-12 4.04187e-12 3.32895e-12 2.69581e-12 2.15738e-12 1.71374e-12 1.35652e-12 1.07535e-12 8.55582e-13 6.8577e-13 5.53901e-13 4.51603e-13 3.72259e-13 3.09972e-13 2.61347e-13 2.20931e-13 1.86877e-13 1.564e-13 1.27699e-13 9.99952e-14 6.95951e-14 
2.34433e-13 3.30979e-13 4.33775e-13 5.4886e-13 6.75627e-13 8.12324e-13 9.55948e-13 1.10126e-12 1.24385e-12 1.37817e-12 1.49602e-12 1.59228e-12 1.65836e-12 1.69134e-12 1.6953e-12 1.69255e-12 1.74247e-12 1.9375e-12 2.35368e-12 2.99036e-12 3.7711e-12 4.58408e-12 5.30463e-12 5.82172e-12 6.065e-12 6.01176e-12 5.69348e-12 5.17881e-12 4.54834e-12 3.8805e-12 3.23331e-12 2.64552e-12 2.13432e-12 1.70587e-12 1.35567e-12 1.07553e-12 8.53957e-13 6.80986e-13 5.46155e-13 4.40952e-13 3.59591e-13 2.96219e-13 2.46596e-13 2.07201e-13 1.74351e-13 1.46176e-13 1.20831e-13 9.64957e-14 7.23604e-14 4.47233e-14 
1.68001e-13 2.55771e-13 3.45949e-13 4.46874e-13 5.60121e-13 6.85079e-13 8.18297e-13 9.58382e-13 1.09992e-12 1.23909e-12 1.36942e-12 1.48489e-12 1.58003e-12 1.64905e-12 1.69134e-12 1.71738e-12 1.75852e-12 1.87501e-12 2.13884e-12 2.58857e-12 3.19436e-12 3.87733e-12 4.53084e-12 5.05259e-12 5.36141e-12 5.41587e-12 5.22409e-12 4.83158e-12 4.30695e-12 3.72208e-12 3.13679e-12 2.59072e-12 2.10814e-12 1.69512e-12 1.35313e-12 1.07535e-12 8.53422e-13 6.77979e-13 5.40966e-13 4.33716e-13 3.50337e-13 2.84945e-13 2.34241e-13 1.94784e-13 1.62966e-13 1.3598e-13 1.12892e-13 9.18574e-14 7.10279e-14 4.95754e-14 
1.8973e-13 2.70322e-13 3.57635e-13 4.57632e-13 5.68219e-13 6.90592e-13 8.22065e-13 9.58608e-13 1.09715e-12 1.23364e-12 1.36225e-12 1.47705e-12 1.57407e-12 1.64905e-12 1.70583e-12 1.76006e-12 1.84737e-12 2.02246e-12 2.33227e-12 2.78526e-12 3.33668e-12 3.90691e-12 4.40409e-12 4.74532e-12 4.87914e-12 4.79142e-12 4.50718e-12 4.07938e-12 3.57266e-12 3.04424e-12 2.53835e-12 2.08034e-12 1.68412e-12 1.34982e-12 1.0757e-12 8.53957e-13 6.77567e-13 5.38243e-13 4.28892e-13 3.43489e-13 2.7698e-13 2.25172e-13 1.84662e-13 1.52814e-13 1.26875e-13 1.04961e-13 8.61481e-14 6.85757e-14 5.13584e-14 3.07172e-14 
1.34475e-13 2.05923e-13 2.81347e-13 3.6681e-13 4.64989e-13 5.73809e-13 6.94449e-13 8.22448e-13 9.57009e-13 1.09399e-12 1.2284e-12 1.35671e-12 1.4733e-12 1.57407e-12 1.65836e-12 1.73354e-12 1.81869e-12 1.95037e-12 2.16929e-12 2.50183e-12 2.93366e-12 3.41272e-12 3.86511e-12 4.2143e-12 4.39981e-12 4.39478e-12 4.20403e-12 3.86553e-12 3.43245e-12 2.95931e-12 2.49055e-12 2.0565e-12 1.67363e-12 1.34753e-12 1.07663e-12 8.55582e-13 6.77979e-13 5.37049e-13 4.25505e-13 3.3894e-13 2.70427e-13 2.17511e-13 1.75912e-13 1.43947e-13 1.18932e-13 9.80771e-14 8.04236e-14 6.50474e-14 5.00658e-14 3.45778e-14 
1.5053e-13 2.16229e-13 2.897e-13 3.74181e-13 4.69617e-13 5.77513e-13 6.95486e-13 8.22399e-13 9.54741e-13 1.09069e-12 1.22508e-12 1.35374e-12 1.4733e-12 1.58003e-12 1.67658e-12 1.77231e-12 1.88814e-12 2.05625e-12 2.30325e-12 2.63615e-12 3.02803e-12 3.42467e-12 3.76059e-12 3.97547e-12 4.03224e-12 3.9215e-12 3.66374e-12 3.30078e-12 2.8804e-12 2.44822e-12 2.03751e-12 1.66773e-12 1.34797e-12 1.07994e-12 8.59222e-13 6.80986e-13 5.38243e-13 4.25265e-13 3.35715e-13 2.66084e-13 2.12078e-13 1.70298e-13 1.37282e-13 1.12188e-13 9.13563e-14 7.47576e-14 6.05181e-14 4.7704e-14 3.53928e-14 2.17235e-14 
1.04743e-13 1.62136e-13 2.24617e-13 2.96117e-13 3.78644e-13 4.73057e-13 5.79059e-13 6.95932e-13 8.20672e-13 9.52144e-13 1.08751e-12 1.22317e-12 1.35374e-12 1.47705e-12 1.59228e-12 1.70146e-12 1.81823e-12 1.96143e-12 2.15514e-12 2.4134e-12 2.7288e-12 3.0673e-12 3.37688e-12 3.60399e-12 3.70438e-12 3.65832e-12 3.47256e-12 3.17552e-12 2.80811e-12 2.41312e-12 2.02488e-12 1.66769e-12 1.35367e-12 1.08655e-12 8.64953e-13 6.8577e-13 5.40966e-13 4.25505e-13 3.35532e-13 2.63869e-13 2.08781e-13 1.65037e-13 1.31862e-13 1.06649e-13 8.57781e-14 7.01502e-14 5.69754e-14 4.52958e-14 3.51356e-14 2.36114e-14 
1.17753e-13 1.70555e-13 2.30029e-13 3.00396e-13 3.81788e-13 4.75077e-13 5.79908e-13 6.94584e-13 8.1939e-13 9.50423e-13 1.08643e-12 1.22317e-12 1.35671e-12 1.48489e-12 1.60869e-12 1.73179e-12 1.86743e-12 2.03126e-12 2.23876e-12 2.49384e-12 2.77826e-12 3.05501e-12 3.27927e-12 3.40792e-12 3.41337e-12 3.29036e-12 3.05503e-12 2.73928e-12 2.38177e-12 2.01732e-12 1.67276e-12 1.36345e-12 1.09733e-12 8.75495e-13 6.92409e-13 5.46155e-13 4.28892e-13 3.35715e-13 2.6284e-13 2.06654e-13 1.61857e-13 1.28536e-13 1.02291e-13 8.13429e-14 6.56916e-14 5.34991e-14 4.28831e-14 3.28728e-14 2.44513e-14 1.47575e-14 
8.07271e-14 1.26314e-13 1.75871e-13 2.35055e-13 3.04172e-13 3.84316e-13 4.75439e-13 5.789e-13 6.93701e-13 8.17351e-13 9.49242e-13 1.08643e-12 1.22508e-12 1.36225e-12 1.49602e-12 1.62843e-12 1.7641e-12 1.9143e-12 2.09099e-12 2.30178e-12 2.54044e-12 2.78397e-12 2.99657e-12 3.14088e-12 3.18404e-12 3.11399e-12 2.9353e-12 2.67072e-12 2.35284e-12 2.01439e-12 1.68292e-12 1.37954e-12 1.11392e-12 8.8913e-13 7.03653e-13 5.53901e-13 4.33716e-13 3.3894e-13 2.63869e-13 2.05654e-13 1.6069e-13 1.25441e-13 9.90718e-14 7.80298e-14 6.23243e-14 5.01281e-14 3.95638e-14 3.15629e-14 2.42483e-14 1.6652e-14 
9.04588e-14 1.32495e-13 1.80746e-13 2.37664e-13 3.05435e-13 3.85127e-13 4.75701e-13 5.78413e-13 6.93003e-13 8.16828e-13 9.49242e-13 1.08751e-12 1.2284e-12 1.36942e-12 1.50898e-12 1.64909e-12 1.79511e-12 1.95488e-12 2.13691e-12 2.34006e-12 2.55296e-12 2.74981e-12 2.89948e-12 2.97063e-12 2.94347e-12 2.81607e-12 2.60105e-12 2.32279e-12 2.01217e-12 1.69806e-12 1.40132e-12 1.13607e-12 9.08499e-13 7.18708e-13 5.6431e-13 4.40952e-13 3.43489e-13 2.66084e-13 2.06654e-13 1.5971e-13 1.24324e-13 9.6943e-14 7.5805e-14 5.91202e-14 4.68852e-14 3.72644e-14 2.93153e-14 2.30436e-14 1.65401e-14 9.80472e-15 
6.14657e-14 9.66537e-14 1.3629e-13 1.8314e-13 2.39547e-13 3.06772e-13 3.84939e-13 4.7566e-13 5.78227e-13 6.92276e-13 8.16828e-13 9.50423e-13 1.09069e-12 1.23364e-12 1.37817e-12 1.52221e-12 1.66866e-12 1.82053e-12 1.98518e-12 2.16395e-12 2.35155e-12 2.53208e-12 2.68032e-12 2.76982e-12 2.77792e-12 2.69501e-12 2.52612e-12 2.28873e-12 2.0088e-12 1.71347e-12 1.42617e-12 1.16245e-12 9.3257e-13 7.38503e-13 5.79272e-13 4.51603e-13 3.50337e-13 2.70427e-13 2.08781e-13 1.6069e-13 1.23359e-13 9.49671e-14 7.37325e-14 5.78773e-14 4.46879e-14 3.50518e-14 2.80579e-14 2.18423e-14 1.63905e-14 1.07317e-14 
6.77232e-14 1.00328e-13 1.39451e-13 1.85721e-13 2.40565e-13 3.07118e-13 3.84499e-13 4.75137e-13 5.7729e-13 6.92276e-13 8.17351e-13 9.52144e-13 1.09399e-12 1.23909e-12 1.38619e-12 1.53395e-12 1.68339e-12 1.83851e-12 2.00133e-12 2.17001e-12 2.33551e-12 2.47967e-12 2.58031e-12 2.61513e-12 2.57015e-12 2.4443e-12 2.24751e-12 2.00103e-12 1.7282e-12 1.4532e-12 1.19334e-12 9.61955e-13 7.62977e-13 5.98867e-13 4.65789e-13 3.59591e-13 2.7698e-13 2.12078e-13 1.61857e-13 1.24324e-13 9.49091e-14 7.26836e-14 5.58501e-14 4.35103e-14 3.3848e-14 2.6852e-14 2.06662e-14 1.52668e-14 1.16211e-14 6.84448e-15 
4.60035e-14 7.32716e-14 1.03344e-13 1.40893e-13 1.86483e-13 2.41535e-13 3.07269e-13 3.84593e-13 4.74909e-13 5.7729e-13 6.93003e-13 8.1939e-13 9.54741e-13 1.09715e-12 1.24385e-12 1.3925e-12 1.54146e-12 1.69206e-12 1.84576e-12 2.00231e-12 2.15557e-12 2.29378e-12 2.40018e-12 2.45468e-12 2.44206e-12 2.35442e-12 2.19756e-12 1.98518e-12 1.73791e-12 1.47877e-12 1.22618e-12 9.94356e-13 7.92848e-13 6.22174e-13 4.83592e-13 3.72259e-13 2.84945e-13 2.17511e-13 1.65037e-13 1.25441e-13 9.49671e-14 7.26354e-14 5.57253e-14 4.24255e-14 3.27233e-14 2.47891e-14 1.95301e-14 1.51057e-14 1.1512e-14 7.78078e-15 
5.05742e-14 7.61683e-14 1.05583e-13 1.42404e-13 1.87213e-13 2.41417e-13 3.0712e-13 3.84205e-13 4.74909e-13 5.78227e-13 6.93701e-13 8.20672e-13 9.57009e-13 1.09992e-12 1.24692e-12 1.39524e-12 1.54391e-12 1.69259e-12 1.84104e-12 1.98514e-12 2.1185e-12 2.22781e-12 2.29685e-12 2.30927e-12 2.2564e-12 2.13602e-12 1.95909e-12 1.74043e-12 1.50028e-12 1.25832e-12 1.02915e-12 8.24996e-13 6.4996e-13 5.05012e-13 3.88428e-13 2.96219e-13 2.25172e-13 1.70298e-13 1.28536e-13 9.6943e-14 7.26836e-14 5.47867e-14 4.1422e-14 3.16725e-14 2.46251e-14 1.84411e-14 1.40218e-14 1.04463e-14 7.72115e-15 4.88095e-15 
3.3386e-14 5.43689e-14 7.82831e-14 1.06941e-13 1.42946e-13 1.87834e-13 2.42014e-13 3.07532e-13 3.84205e-13 4.75137e-13 5.78413e-13 6.94584e-13 8.22399e-13 9.58608e-13 1.10126e-12 1.24723e-12 1.39381e-12 1.53958e-12 1.6827e-12 1.8216e-12 1.95121e-12 2.062e-12 2.14009e-12 2.17313e-12 2.14928e-12 2.06314e-12 1.92019e-12 1.73226e-12 1.51448e-12 1.28624e-12 1.0638e-12 8.59828e-13 6.81023e-13 5.30872e-13 4.0812e-13 3.09972e-13 2.34241e-13 1.75912e-13 1.31862e-13 9.90718e-14 7.37325e-14 5.57253e-14 4.13892e-14 3.15898e-14 2.3602e-14 1.83162e-14 1.3902e-14 1.03454e-14 7.64982e-15 4.8551e-15 
3.71432e-14 5.63793e-14 7.95221e-14 1.08305e-13 1.43409e-13 1.88284e-13 2.42327e-13 3.07532e-13 3.84593e-13 4.7566e-13 5.789e-13 6.95932e-13 8.22448e-13 9.58382e-13 1.09925e-12 1.24276e-12 1.38595e-12 1.52652e-12 1.66215e-12 1.78901e-12 1.89989e-12 1.98582e-12 2.03422e-12 2.03439e-12 1.97927e-12 1.8691e-12 1.71129e-12 1.51944e-12 1.30848e-12 1.09574e-12 8.94884e-13 7.14008e-13 5.59091e-13 4.30329e-13 3.27138e-13 2.46596e-13 1.84662e-13 1.37282e-13 1.02291e-13 7.5805e-14 5.58501e-14 4.1422e-14 3.15626e-14 2.35365e-14 1.7316e-14 1.28864e-14 1.02578e-14 7.57861e-15 4.81866e-15 2.9282e-15 
2.46238e-14 4.00595e-14 5.75185e-14 7.98077e-14 1.08649e-13 1.43744e-13 1.87564e-13 2.42327e-13 3.0712e-13 3.84499e-13 4.75701e-13 5.79908e-13 6.95486e-13 8.22065e-13 9.55948e-13 1.09424e-12 1.23366e-12 1.37148e-12 1.50406e-12 1.6291e-12 1.74118e-12 1.83218e-12 1.89304e-12 1.91255e-12 1.88385e-12 1.804e-12 1.6768e-12 1.51087e-12 1.32104e-12 1.12256e-12 9.27673e-13 7.47466e-13 5.89314e-13 4.55795e-13 3.46733e-13 2.61347e-13 1.94784e-13 1.43947e-13 1.06649e-13 7.80298e-14 5.78773e-14 4.24255e-14 3.15898e-14 2.35149e-14 1.72658e-14 1.28227e-14 9.26157e-15 7.51551e-15 4.77731e-15 2.91402e-15 
2.7494e-14 4.11175e-14 5.86928e-14 8.1035e-14 1.089e-13 1.43921e-13 1.87564e-13 2.42014e-13 3.07269e-13 3.84939e-13 4.75439e-13 5.79059e-13 6.94449e-13 8.18297e-13 9.50047e-13 1.08409e-12 1.21837e-12 1.34845e-12 1.47287e-12 1.58533e-12 1.67977e-12 1.75008e-12 1.78553e-12 1.77945e-12 1.72672e-12 1.62839e-12 1.49048e-12 1.32317e-12 1.14017e-12 9.54832e-13 7.78972e-13 6.20171e-13 4.8235e-13 3.69544e-13 2.77499e-13 2.07201e-13 1.52814e-13 1.12188e-13 8.13429e-14 5.91202e-14 4.35103e-14 3.16725e-14 2.35365e-14 1.72492e-14 1.27846e-14 9.21559e-15 7.46462e-15 4.73867e-15 3.85873e-15 1.95533e-15 
1.77792e-14 2.84921e-14 4.2225e-14 5.88756e-14 8.12214e-14 1.09031e-13 1.43921e-13 1.88284e-13 2.41417e-13 3.07118e-13 3.85127e-13 4.75077e-13 5.77513e-13 6.90592e-13 8.12324e-13 9.39333e-13 1.06892e-12 1.19591e-12 1.31858e-12 1.43119e-12 1.52881e-12 1.60591e-12 1.65436e-12 1.66638e-12 1.638e-12 1.56585e-12 1.45479e-12 1.31164e-12 1.14766e-12 9.75094e-13 8.06154e-13 6.48341e-13 5.09635e-13 3.925e-13 2.96799e-13 2.20931e-13 1.62966e-13 1.18932e-13 8.57781e-14 6.23243e-14 4.46879e-14 3.27233e-14 2.3602e-14 1.72658e-14 1.27719e-14 9.18788e-15 6.49921e-15 4.7069e-15 3.82986e-15 1.94766e-15 
1.97175e-14 2.95435e-14 4.33384e-14 5.99957e-14 8.13197e-14 1.09031e-13 1.43744e-13 1.87834e-13 2.41535e-13 3.06772e-13 3.84316e-13 4.73057e-13 5.73809e-13 6.85079e-13 8.02762e-13 9.24781e-13 1.04785e-12 1.16743e-12 1.27951e-12 1.37942e-12 1.4614e-12 1.52019e-12 1.54774e-12 1.53913e-12 1.49158e-12 1.40516e-12 1.28644e-12 1.14353e-12 9.86513e-13 8.26791e-13 6.74387e-13 5.36326e-13 4.16245e-13 3.16219e-13 2.36809e-13 1.74351e-13 1.26875e-13 9.13563e-14 6.56916e-14 4.68852e-14 3.3848e-14 2.46251e-14 1.7316e-14 1.27846e-14 9.17862e-15 6.47962e-15 4.68361e-15 3.80461e-15 2.90458e-15 9.8103e-16 
1.28728e-14 2.07277e-14 3.06149e-14 4.34404e-14 6.00696e-14 8.13197e-14 1.089e-13 1.43409e-13 1.87213e-13 2.40565e-13 3.05435e-13 3.81788e-13 4.69617e-13 5.68219e-13 6.75627e-13 7.8981e-13 9.0561e-13 1.02064e-12 1.13077e-12 1.23186e-12 1.31797e-12 1.38444e-12 1.42429e-12 1.43259e-12 1.40597e-12 1.34295e-12 1.24777e-12 1.12565e-12 9.86502e-13 8.38895e-13 6.94189e-13 5.58219e-13 4.38549e-13 3.36467e-13 2.52772e-13 1.86877e-13 1.3598e-13 9.80771e-14 7.01502e-14 5.01281e-14 3.50518e-14 2.47891e-14 1.83162e-14 1.28227e-14 9.18788e-15 6.47304e-15 4.66938e-15 3.7856e-15 2.88678e-15 1.95686e-15 
1.38494e-14 2.17656e-14 3.06874e-14 4.34956e-14 6.00696e-14 8.12214e-14 1.08649e-13 1.42946e-13 1.86483e-13 2.39547e-13 3.04172e-13 3.78644e-13 4.64989e-13 5.60121e-13 6.63293e-13 7.71897e-13 8.80881e-13 9.87673e-13 1.08755e-12 1.17622e-12 1.24738e-12 1.29708e-12 1.31948e-12 1.31081e-12 1.26942e-12 1.19596e-12 1.09503e-12 9.74709e-13 8.41725e-13 7.06712e-13 5.76058e-13 4.58168e-13 3.55366e-13 2.68613e-13 1.9945e-13 1.46176e-13 1.04961e-13 7.47576e-14 5.34991e-14 3.72644e-14 2.6852e-14 1.84411e-14 1.28864e-14 9.21559e-15 6.47962e-15 4.66458e-15 3.77376e-15 2.8722e-15 1.94797e-15 9.8588e-16 
8.93166e-15 1.48599e-14 2.18154e-14 3.07279e-14 4.34956e-14 5.99957e-14 8.1035e-14 1.08305e-13 1.42404e-13 1.85721e-13 2.37664e-13 3.00396e-13 3.74181e-13 4.57632e-13 5.4886e-13 6.47363e-13 7.48985e-13 8.51147e-13 9.4839e-13 1.03695e-12 1.11245e-12 1.16931e-12 1.20296e-12 1.20919e-12 1.18556e-12 1.13223e-12 1.05187e-12 9.50106e-13 8.32917e-13 7.10214e-13 5.87859e-13 4.72977e-13 3.70744e-13 2.84141e-13 2.12887e-13 1.564e-13 1.12892e-13 8.04236e-14 5.69754e-14 3.95638e-14 2.80579e-14 1.95301e-14 1.3902e-14 9.26157e-15 6.49921e-15 4.66938e-15 3.7697e-15 2.86269e-15 1.93868e-15 9.84557e-16 
9.92051e-15 1.48896e-14 2.18452e-14 3.07279e-14 4.34404e-14 5.88756e-14 7.98077e-14 1.06941e-13 1.40893e-13 1.8314e-13 2.35055e-13 2.96117e-13 3.6681e-13 4.46874e-13 5.34598e-13 6.27027e-13 7.21767e-13 8.15174e-13 9.02976e-13 9.79843e-13 1.04143e-12 1.08318e-12 1.10196e-12 1.09376e-12 1.05852e-12 9.97331e-13 9.13764e-13 8.13273e-13 7.03241e-13 5.90892e-13 4.82969e-13 3.83456e-13 2.97247e-13 2.24115e-13 1.65549e-13 1.20831e-13 8.61481e-14 6.05181e-14 4.28831e-14 2.93153e-14 2.06662e-14 1.40218e-14 1.02578e-14 7.46462e-15 4.68361e-15 3.77376e-15 2.85933e-15 1.93183e-15 9.81193e-16 9.91452e-16 
5.96634e-15 9.93421e-15 1.49099e-14 2.18452e-14 3.06874e-14 4.33384e-14 5.86928e-14 7.95221e-14 1.05583e-13 1.39451e-13 1.80746e-13 2.30029e-13 2.897e-13 3.57635e-13 4.33775e-13 5.16567e-13 6.03099e-13 6.9e-13 7.74165e-13 8.50769e-13 9.15517e-13 9.63437e-13 9.92192e-13 9.96883e-13 9.76458e-13 9.32475e-13 8.65874e-13 7.8189e-13 6.85586e-13 5.84651e-13 4.84438e-13 3.90589e-13 3.05881e-13 2.33992e-13 1.74481e-13 1.27699e-13 9.18574e-14 6.50474e-14 4.52958e-14 3.15629e-14 2.18423e-14 1.51057e-14 1.03454e-14 7.51551e-15 4.7069e-15 3.7856e-15 2.86269e-15 1.92925e-15 9.77793e-16 9.91034e-16 
6.96124e-15 9.94668e-15 1.49099e-14 2.18154e-14 3.06149e-14 4.2225e-14 5.75185e-14 7.82831e-14 1.03344e-13 1.3629e-13 1.75871e-13 2.24617e-13 2.81347e-13 3.45949e-13 4.17589e-13 4.94787e-13 5.74572e-13 6.53345e-13 7.27606e-13 7.92859e-13 8.45127e-13 8.79872e-13 8.95503e-13 8.88123e-13 8.58043e-13 8.07464e-13 7.38905e-13 6.58202e-13 5.68887e-13 4.77847e-13 3.90407e-13 3.10108e-13 2.40516e-13 1.81158e-13 1.33402e-13 9.64957e-14 6.85757e-14 4.7704e-14 3.28728e-14 2.30436e-14 1.52668e-14 1.04463e-14 7.57861e-15 4.73867e-15 3.80461e-15 2.8722e-15 1.93183e-15 9.76317e-16 9.88557e-16 0 
3.98528e-15 6.96803e-15 9.94668e-15 1.48896e-14 2.17656e-14 2.95435e-14 4.11175e-14 5.63793e-14 7.61683e-14 1.00328e-13 1.32495e-13 1.70555e-13 2.16229e-13 2.70322e-13 3.30979e-13 3.97446e-13 4.68232e-13 5.40215e-13 6.10389e-13 6.73941e-13 7.27683e-13 7.68123e-13 7.90457e-13 7.94019e-13 7.76962e-13 7.40082e-13 6.8615e-13 6.19165e-13 5.42524e-13 4.6191e-13 3.82373e-13 3.082e-13 2.40812e-13 1.83597e-13 1.36907e-13 9.99952e-14 7.10279e-14 5.00658e-14 3.51356e-14 2.42483e-14 1.63905e-14 1.1512e-14 7.64982e-15 4.77731e-15 3.82986e-15 2.88678e-15 1.93868e-15 9.77793e-16 9.87056e-16 0 
4.98328e-15 6.96803e-15 9.93421e-15 1.48599e-14 2.07277e-14 2.84921e-14 4.00595e-14 5.43689e-14 7.32716e-14 9.66537e-14 1.26314e-13 1.62136e-13 2.05923e-13 2.55771e-13 3.11755e-13 3.73114e-13 4.36427e-13 5.00198e-13 5.60186e-13 6.13005e-13 6.54184e-13 6.82725e-13 6.93684e-13 6.87475e-13 6.62521e-13 6.21947e-13 5.67096e-13 5.03337e-13 4.34365e-13 3.64087e-13 2.96595e-13 2.35108e-13 1.81902e-13 1.3625e-13 1.00352e-13 7.23604e-14 5.13584e-14 3.53928e-14 2.44513e-14 1.65401e-14 1.16211e-14 7.72115e-15 4.81866e-15 3.85873e-15 2.90458e-15 1.94797e-15 9.81193e-16 9.88557e-16 9.95212e-16 0 
2.99464e-15 4.98328e-15 6.96124e-15 9.92051e-15 1.38494e-14 1.97175e-14 2.7494e-14 3.71432e-14 5.05742e-14 6.77232e-14 9.04588e-14 1.17753e-13 1.5053e-13 1.8973e-13 2.34433e-13 2.84723e-13 3.38846e-13 3.93213e-13 4.46128e-13 4.94927e-13 5.35928e-13 5.66285e-13 5.82067e-13 5.83973e-13 5.68801e-13 5.40017e-13 4.99223e-13 4.48088e-13 3.90339e-13 3.3083e-13 2.72574e-13 2.18666e-13 1.70265e-13 1.29527e-13 9.56029e-14 6.95951e-14 4.95754e-14 3.45778e-14 2.36114e-14 1.6652e-14 1.07317e-14 7.78078e-15 4.8551e-15 2.91402e-15 1.94766e-15 1.95686e-15 9.84557e-16 9.91034e-16 0 0 
2.99464e-15 3.98528e-15 5.96634e-15 8.93166e-15 1.28728e-14 1.77792e-14 2.46238e-14 3.3386e-14 4.60035e-14 6.14657e-14 8.07271e-14 1.04743e-13 1.34475e-13 1.68001e-13 2.07295e-13 2.49524e-13 2.93806e-13 3.37338e-13 3.79228e-13 4.15661e-13 4.44702e-13 4.62418e-13 4.68691e-13 4.61419e-13 4.42378e-13 4.12378e-13 3.7423e-13 3.2882e-13 2.8204e-13 2.33902e-13 1.8943e-13 1.48701e-13 1.13797e-13 8.57942e-14 6.27567e-14 4.47233e-14 3.07172e-14 2.17235e-14 1.47575e-14 9.80472e-15 6.84448e-15 4.88095e-15 2.9282e-15 1.95533e-15 9.8103e-16 9.8588e-16 9.91452e-16 0 0 0 
