1 100 50
2.78336e-14 4.3486e-14 6.9019e-14 1.09538e-13 1.80078e-13 3.01699e-13 5.09415e-13 8.66121e-13 1.4676e-12 2.46241e-12 4.07081e-12 6.59852e-12 1.04443e-11 1.60909e-11 2.40715e-11 3.4893e-11 4.89365e-11 6.63248e-11 8.67937e-11 1.09593e-10 1.33457e-10 1.56675e-10 1.77285e-10 1.93335e-10 2.03208e-10 2.05898e-10 2.01189e-10 1.89688e-10 1.7269e-10 1.51944e-10 1.29347e-10 1.06664e-10 8.53302e-11 6.63249e-11 5.01775e-11 3.70189e-11 2.66897e-11 1.88476e-11 1.30692e-11 8.92127e-12 6.01262e-12 4.01051e-12 2.65584e-12 1.7486e-12 1.14709e-12 7.4914e-13 4.8626e-13 3.10767e-13 1.91915e-13 9.99886e-14 
2.78336e-14 4.5394e-14 7.06913e-14 1.12814e-13 1.82912e-13 3.03077e-13 5.10362e-13 8.68741e-13 1.47611e-12 2.49318e-12 4.15439e-12 6.80059e-12 1.08844e-11 1.69765e-11 2.57358e-11 3.78399e-11 5.38807e-11 7.42219e-11 9.88294e-11 1.27126e-10 1.57885e-10 1.89239e-10 2.1881e-10 2.43979e-10 2.62277e-10 2.71796e-10 2.71536e-10 2.61598e-10 2.43159e-10 2.18235e-10 1.89309e-10 1.58911e-10 1.29267e-10 1.02061e-10 7.83496e-11 5.85934e-11 4.27747e-11 3.05526e-11 2.14029e-11 1.47429e-11 1.00129e-11 6.725e-12 4.47816e-12 2.96365e-12 1.9536e-12 1.2847e-12 8.41661e-13 5.47531e-13 3.50022e-13 2.06779e-13 
4.5394e-14 7.25122e-14 1.12283e-13 1.78799e-13 2.92214e-13 4.88608e-13 8.28011e-13 1.40937e-12 2.39154e-12 4.0173e-12 6.64321e-12 1.07632e-11 1.70214e-11 2.61939e-11 3.91364e-11 5.66743e-11 7.94497e-11 1.07727e-10 1.41183e-10 1.78749e-10 2.18522e-10 2.57831e-10 2.93477e-10 3.22124e-10 3.40827e-10 3.47551e-10 3.41573e-10 3.23629e-10 2.95779e-10 2.60994e-10 2.22611e-10 1.83797e-10 1.47136e-10 1.14415e-10 8.6595e-11 6.39248e-11 4.61327e-11 3.26258e-11 2.26695e-11 1.55183e-11 1.04961e-11 7.03376e-12 4.68227e-12 3.10475e-12 2.05293e-12 1.35507e-12 8.90912e-13 5.81204e-13 3.65383e-13 1.91915e-13 
4.3486e-14 7.25122e-14 1.11019e-13 1.72945e-13 2.77394e-13 4.56439e-13 7.66968e-13 1.30173e-12 2.21324e-12 3.73792e-12 6.23617e-12 1.02217e-11 1.63862e-11 2.56053e-11 3.88943e-11 5.73143e-11 8.18078e-11 1.12976e-10 1.50827e-10 1.94537e-10 2.42299e-10 2.91309e-10 3.37945e-10 3.78146e-10 4.07963e-10 4.24204e-10 4.25033e-10 4.1036e-10 3.81892e-10 3.42806e-10 2.97128e-10 2.49017e-10 2.02128e-10 1.59207e-10 1.21937e-10 9.10153e-11 6.636e-11 4.73809e-11 3.32141e-11 2.29219e-11 1.56192e-11 1.05379e-11 7.05986e-12 4.70912e-12 3.13222e-12 2.08083e-12 1.38057e-12 9.11103e-13 5.91073e-13 3.50022e-13 
7.06913e-14 1.11019e-13 1.69495e-13 2.65013e-13 4.26549e-13 7.0578e-13 1.18605e-12 2.00903e-12 3.40082e-12 5.70901e-12 9.44646e-12 1.53336e-11 2.4315e-11 3.75447e-11 5.631e-11 8.18671e-11 1.15199e-10 1.56709e-10 2.05902e-10 2.61155e-10 3.19638e-10 3.77441e-10 4.29935e-10 4.72312e-10 5.00266e-10 5.1072e-10 5.02425e-10 4.76285e-10 4.35233e-10 3.83684e-10 3.26699e-10 2.69114e-10 2.14865e-10 1.66639e-10 1.25827e-10 9.27307e-11 6.68715e-11 4.73124e-11 3.29333e-11 2.26188e-11 1.53728e-11 1.03698e-11 6.96031e-12 4.66029e-12 3.11648e-12 2.08303e-12 1.38855e-12 9.17585e-13 5.81204e-13 3.10767e-13 
6.9019e-14 1.12283e-13 1.69495e-13 2.58279e-13 4.04426e-13 6.52467e-13 1.08016e-12 1.81226e-12 3.05688e-12 5.14137e-12 8.56181e-12 1.40372e-11 2.25476e-11 3.53512e-11 5.39268e-11 7.98395e-11 1.14479e-10 1.58708e-10 2.12448e-10 2.7435e-10 3.41631e-10 4.10178e-10 4.74921e-10 5.3039e-10 5.71396e-10 5.93744e-10 5.94926e-10 5.74659e-10 5.3507e-10 4.80403e-10 4.1625e-10 3.48528e-10 2.82513e-10 2.22172e-10 1.69917e-10 1.26706e-10 9.23693e-11 6.60125e-11 4.63806e-11 3.21306e-11 2.20141e-11 1.49608e-11 1.01127e-11 6.81711e-12 4.58943e-12 3.08965e-12 2.07793e-12 1.39072e-12 9.11103e-13 5.47531e-13 
1.12814e-13 1.72945e-13 2.58279e-13 3.92345e-13 6.15471e-13 9.94177e-13 1.64029e-12 2.73993e-12 4.59256e-12 7.66158e-12 1.26417e-11 2.05106e-11 3.2578e-11 5.04681e-11 7.60106e-11 1.10999e-10 1.56792e-10 2.13826e-10 2.81125e-10 3.56033e-10 4.34267e-10 5.10352e-10 5.78298e-10 6.32323e-10 6.67506e-10 6.80358e-10 6.69363e-10 6.35384e-10 5.81765e-10 5.13905e-10 4.38325e-10 3.61511e-10 2.88884e-10 2.24205e-10 1.69448e-10 1.25058e-10 9.03922e-11 6.41765e-11 4.48907e-11 3.10322e-11 2.12647e-11 1.44865e-11 9.83726e-12 6.67251e-12 4.52564e-12 3.06849e-12 2.0758e-12 1.38855e-12 8.90912e-13 4.8626e-13 
1.09538e-13 1.78799e-13 2.65013e-13 3.92345e-13 5.95995e-13 9.34395e-13 1.50592e-12 2.47231e-12 4.10146e-12 6.81657e-12 1.12637e-11 1.83848e-11 2.94898e-11 4.62754e-11 7.07667e-11 1.05111e-10 1.51174e-10 2.09966e-10 2.81015e-10 3.619e-10 4.48209e-10 5.34024e-10 6.12811e-10 6.78367e-10 7.25505e-10 7.50394e-10 7.50759e-10 7.26202e-10 6.78587e-10 6.12167e-10 5.33135e-10 4.48584e-10 3.65233e-10 2.88384e-10 2.21409e-10 1.65769e-10 1.21398e-10 8.72299e-11 6.16934e-11 4.30824e-11 2.98017e-11 2.04811e-11 1.40228e-11 9.58678e-12 6.55408e-12 4.48146e-12 3.06104e-12 2.07793e-12 1.38057e-12 8.41661e-13 
1.82912e-13 2.77394e-13 4.04426e-13 5.95995e-13 9.04591e-13 1.41386e-12 2.26599e-12 3.69462e-12 6.07599e-12 9.99369e-12 1.63267e-11 2.63312e-11 4.17046e-11 6.45771e-11 9.73561e-11 1.42363e-10 2.01215e-10 2.74052e-10 3.58853e-10 4.51183e-10 5.44651e-10 6.32031e-10 7.06617e-10 7.63199e-10 7.98289e-10 8.09785e-10 7.96705e-10 7.59435e-10 7.00332e-10 6.24064e-10 5.37191e-10 4.47016e-10 3.60207e-10 2.81758e-10 2.14564e-10 1.59576e-10 1.16285e-10 8.33026e-11 5.88612e-11 4.11574e-11 2.85695e-11 1.97451e-11 1.36182e-11 9.39033e-12 6.47703e-12 4.46573e-12 3.06849e-12 2.08303e-12 1.35507e-12 7.4914e-13 
1.80078e-13 2.92214e-13 4.26549e-13 6.15471e-13 9.04591e-13 1.36719e-12 2.12717e-12 3.38497e-12 5.46934e-12 8.8951e-12 1.44556e-11 2.33145e-11 3.70998e-11 5.79428e-11 8.83965e-11 1.31133e-10 1.88336e-10 2.60833e-10 3.47182e-10 4.4313e-10 5.41899e-10 6.35442e-10 7.16267e-10 7.79001e-10 8.20846e-10 8.40815e-10 8.38536e-10 8.13728e-10 7.66802e-10 6.99974e-10 6.17878e-10 5.27115e-10 4.3494e-10 3.47786e-10 2.70229e-10 2.04681e-10 1.51647e-10 1.10284e-10 7.90023e-11 5.59389e-11 3.92815e-11 2.74391e-11 1.91159e-11 1.33072e-11 9.26485e-12 6.451e-12 4.48146e-12 3.08965e-12 2.08083e-12 1.2847e-12 
3.03077e-13 4.56439e-13 6.52467e-13 9.34395e-13 1.36719e-12 2.05757e-12 3.1789e-12 5.01232e-12 8.00739e-12 1.28576e-11 2.06063e-11 3.2755e-11 5.13432e-11 7.89383e-11 1.18416e-10 1.72422e-10 2.42476e-10 3.27865e-10 4.24787e-10 5.26325e-10 6.23644e-10 7.08205e-10 7.74046e-10 8.18874e-10 8.43292e-10 8.48697e-10 8.35477e-10 8.02911e-10 7.50628e-10 6.80329e-10 5.9646e-10 5.0554e-10 4.14646e-10 3.29851e-10 2.55267e-10 1.92852e-10 1.42757e-10 1.03924e-10 7.46735e-11 5.31458e-11 3.75864e-11 2.64872e-11 1.86389e-11 1.31122e-11 9.2227e-12 6.47703e-12 4.52564e-12 3.11648e-12 2.05293e-12 1.14709e-12 
3.01699e-13 4.88608e-13 7.0578e-13 9.94177e-13 1.41386e-12 2.05757e-12 3.07554e-12 4.71016e-12 7.34463e-12 1.15779e-11 1.83179e-11 2.88985e-11 4.51913e-11 6.96482e-11 1.05189e-10 1.54762e-10 2.20494e-10 3.02485e-10 3.97651e-10 4.99305e-10 5.98094e-10 6.84373e-10 7.5115e-10 7.96079e-10 8.21178e-10 8.30222e-10 8.25522e-10 8.06473e-10 7.70788e-10 7.17063e-10 6.46691e-10 5.64155e-10 4.75936e-10 3.88827e-10 3.08431e-10 2.38347e-10 1.80111e-10 1.33604e-10 9.76589e-11 7.06034e-11 5.06554e-11 3.61744e-11 2.57709e-11 1.83411e-11 1.30453e-11 9.26485e-12 6.55408e-12 4.58943e-12 3.13222e-12 1.9536e-12 
5.10362e-13 7.66968e-13 1.08016e-12 1.50592e-12 2.12717e-12 3.07554e-12 4.56017e-12 6.90978e-12 1.06342e-11 1.65071e-11 2.56791e-11 3.97947e-11 6.10918e-11 9.23683e-11 1.36682e-10 1.96615e-10 2.73063e-10 3.63864e-10 4.62971e-10 5.60961e-10 6.47312e-10 7.13787e-10 7.57352e-10 7.80812e-10 7.90266e-10 7.90665e-10 7.82607e-10 7.62768e-10 7.27099e-10 6.73905e-10 6.05084e-10 5.25555e-10 4.41767e-10 3.60056e-10 2.85387e-10 2.20773e-10 1.67338e-10 1.24766e-10 9.18554e-11 6.70147e-11 4.85986e-11 3.51178e-11 2.5326e-11 1.824e-11 1.31122e-11 9.39033e-12 6.67251e-12 4.66029e-12 3.10475e-12 1.7486e-12 
5.09415e-13 8.28011e-13 1.18605e-12 1.64029e-12 2.26599e-12 3.1789e-12 4.56017e-12 6.69584e-12 1.00197e-11 1.5186e-11 2.31627e-11 3.5347e-11 5.36845e-11 8.07126e-11 1.19399e-10 1.72573e-10 2.41812e-10 3.2598e-10 4.20026e-10 5.15003e-10 5.99974e-10 6.6554e-10 7.07535e-10 7.28764e-10 7.37131e-10 7.40414e-10 7.41065e-10 7.35299e-10 7.168e-10 6.81153e-10 6.27966e-10 5.6055e-10 4.84454e-10 4.05889e-10 3.30441e-10 2.62229e-10 2.03587e-10 1.55233e-10 1.16693e-10 8.67932e-11 6.40737e-11 4.70689e-11 3.44652e-11 2.51756e-11 1.83411e-11 1.33072e-11 9.58678e-12 6.81711e-12 4.70912e-12 2.96365e-12 
8.68741e-13 1.30173e-12 1.81226e-12 2.47231e-12 3.38497e-12 4.71016e-12 6.69584e-12 9.71851e-12 1.43334e-11 2.13486e-11 3.19206e-11 4.76675e-11 7.07643e-11 1.03905e-10 1.49928e-10 2.10901e-10 2.86687e-10 3.73491e-10 4.63365e-10 5.45566e-10 6.09904e-10 6.50909e-10 6.70694e-10 6.78188e-10 6.83779e-10 6.92129e-10 6.99285e-10 6.96656e-10 6.77174e-10 6.38592e-10 5.8325e-10 5.16205e-10 4.43373e-10 3.70309e-10 3.01515e-10 2.40074e-10 1.87571e-10 1.44317e-10 1.09717e-10 8.26742e-11 6.18977e-11 4.61275e-11 3.42449e-11 2.5326e-11 1.86389e-11 1.36182e-11 9.83726e-12 6.96031e-12 4.68227e-12 2.65584e-12 
8.66121e-13 1.40937e-12 2.00903e-12 2.73993e-12 3.69462e-12 5.01232e-12 6.90978e-12 9.71851e-12 1.39182e-11 2.01912e-11 2.94867e-11 4.31076e-11 6.28169e-11 9.08878e-11 1.29928e-10 1.82238e-10 2.48534e-10 3.26397e-10 4.09307e-10 4.87362e-10 5.50157e-10 5.91072e-10 6.1104e-10 6.19135e-10 6.27759e-10 6.43863e-10 6.63624e-10 6.7618e-10 6.71596e-10 6.45717e-10 6.00324e-10 5.40753e-10 4.73311e-10 4.03665e-10 3.36272e-10 2.74307e-10 2.19705e-10 1.73283e-10 1.34965e-10 1.0408e-10 7.96407e-11 6.05635e-11 4.58095e-11 3.44652e-11 2.57709e-11 1.91159e-11 1.40228e-11 1.01127e-11 7.05986e-12 4.47816e-12 
1.47611e-12 2.21324e-12 3.05688e-12 4.10146e-12 5.46934e-12 7.34463e-12 1.00197e-11 1.39182e-11 1.96322e-11 2.79531e-11 3.99239e-11 5.6909e-11 8.0681e-11 1.13411e-10 1.57322e-10 2.13726e-10 2.81531e-10 3.55936e-10 4.28475e-10 4.89221e-10 5.30846e-10 5.52934e-10 5.63869e-10 5.77077e-10 6.01417e-10 6.33523e-10 6.60718e-10 6.70308e-10 6.5595e-10 6.18588e-10 5.6402e-10 4.99633e-10 4.32011e-10 3.65948e-10 3.04518e-10 2.49491e-10 2.01663e-10 1.61117e-10 1.27445e-10 9.99451e-11 7.77857e-11 6.01141e-11 4.61275e-11 3.51178e-11 2.64872e-11 1.97451e-11 1.44865e-11 1.03698e-11 7.03376e-12 4.01051e-12 
1.4676e-12 2.39154e-12 3.40082e-12 4.59256e-12 6.07599e-12 8.00739e-12 1.06342e-11 1.43334e-11 1.96322e-11 2.72195e-11 3.79511e-11 5.28707e-11 7.3265e-11 1.00736e-10 1.37124e-10 1.83965e-10 2.41264e-10 3.06032e-10 3.71713e-10 4.29578e-10 4.72248e-10 4.98148e-10 5.14358e-10 5.34093e-10 5.67175e-10 6.10825e-10 6.51459e-10 6.74354e-10 6.7101e-10 6.41019e-10 5.90101e-10 5.26667e-10 4.58717e-10 3.92168e-10 3.30553e-10 2.75529e-10 2.27539e-10 1.86339e-10 1.51362e-10 1.21944e-10 9.74221e-11 7.71627e-11 6.05635e-11 4.70689e-11 3.61744e-11 2.74391e-11 2.04811e-11 1.49608e-11 1.05379e-11 6.725e-12 
2.49318e-12 3.73792e-12 5.14137e-12 6.81657e-12 8.8951e-12 1.15779e-11 1.5186e-11 2.01912e-11 2.72195e-11 3.70178e-11 5.04194e-11 6.83282e-11 9.17739e-11 1.22e-10 1.60329e-10 2.07421e-10 2.61949e-10 3.19539e-10 3.73312e-10 4.16618e-10 4.47221e-10 4.70633e-10 4.98682e-10 5.40847e-10 5.94771e-10 6.46937e-10 6.81669e-10 6.88782e-10 6.66262e-10 6.19089e-10 5.56065e-10 4.8641e-10 4.17459e-10 3.53861e-10 2.97818e-10 2.49715e-10 2.0884e-10 1.74044e-10 1.44233e-10 1.18593e-10 9.65748e-11 7.77857e-11 6.18977e-11 4.85986e-11 3.75864e-11 2.85695e-11 2.12647e-11 1.53728e-11 1.04961e-11 6.01262e-12 
2.46241e-12 4.0173e-12 5.70901e-12 7.66158e-12 9.99369e-12 1.28576e-11 1.65071e-11 2.13486e-11 2.79531e-11 3.70178e-11 4.92773e-11 6.54079e-11 8.60007e-11 1.11657e-10 1.43129e-10 1.8114e-10 2.25536e-10 2.74099e-10 3.22277e-10 3.64935e-10 3.999e-10 4.31241e-10 4.68586e-10 5.19839e-10 5.82647e-10 6.44254e-10 6.89024e-10 7.0571e-10 6.90782e-10 6.48088e-10 5.86208e-10 5.15039e-10 4.43074e-10 3.76166e-10 3.17532e-10 2.68202e-10 2.27508e-10 1.93755e-10 1.65038e-10 1.39888e-10 1.17467e-10 9.74221e-11 7.96407e-11 6.40737e-11 5.06554e-11 3.92815e-11 2.98017e-11 2.20141e-11 1.56192e-11 1.00129e-11 
4.15439e-12 6.23617e-12 8.56181e-12 1.12637e-11 1.44556e-11 1.83179e-11 2.31627e-11 2.94867e-11 3.79511e-11 4.92773e-11 6.40751e-11 8.27025e-11 1.05271e-10 1.3184e-10 1.62652e-10 1.97951e-10 2.37181e-10 2.78253e-10 3.18224e-10 3.55814e-10 3.94169e-10 4.40476e-10 5.00263e-10 5.7065e-10 6.3987e-10 6.92982e-10 7.18249e-10 7.10851e-10 6.73369e-10 6.13786e-10 5.42232e-10 4.67978e-10 3.97791e-10 3.35787e-10 2.83923e-10 2.42308e-10 2.09397e-10 1.82639e-10 1.59538e-10 1.38428e-10 1.18593e-10 9.99451e-11 8.26742e-11 6.70147e-11 5.31458e-11 4.11574e-11 3.10322e-11 2.26188e-11 1.55183e-11 8.92127e-12 
4.07081e-12 6.64321e-12 9.44646e-12 1.26417e-11 1.63267e-11 2.06063e-11 2.56791e-11 3.19206e-11 3.99239e-11 5.04194e-11 6.40751e-11 8.1239e-11 1.01794e-10 1.2526e-10 1.51148e-10 1.79328e-10 2.09953e-10 2.42936e-10 2.77851e-10 3.1515e-10 3.57905e-10 4.11291e-10 4.78282e-10 5.54965e-10 6.30327e-10 6.9038e-10 7.23334e-10 7.23329e-10 6.91661e-10 6.3548e-10 5.64864e-10 4.89632e-10 4.17245e-10 3.52378e-10 2.9761e-10 2.53976e-10 2.20866e-10 1.95914e-10 1.75814e-10 1.57687e-10 1.39888e-10 1.21944e-10 1.0408e-10 8.67932e-11 7.06034e-11 5.59389e-11 4.30824e-11 3.21306e-11 2.29219e-11 1.47429e-11 
6.80059e-12 1.02217e-11 1.40372e-11 1.83848e-11 2.33145e-11 2.88985e-11 3.5347e-11 4.31076e-11 5.28707e-11 6.54079e-11 8.1239e-11 1.00314e-10 1.21925e-10 1.44975e-10 1.68546e-10 1.92472e-10 2.17559e-10 2.45492e-10 2.79015e-10 3.22217e-10 3.79303e-10 4.51187e-10 5.3266e-10 6.12914e-10 6.78762e-10 7.18609e-10 7.25842e-10 7.00506e-10 6.48729e-10 5.80273e-10 5.05356e-10 4.32114e-10 3.65678e-10 3.08827e-10 2.63054e-10 2.28778e-10 2.0469e-10 1.87569e-10 1.73511e-10 1.59538e-10 1.44233e-10 1.27445e-10 1.09717e-10 9.18554e-11 7.46735e-11 5.88612e-11 4.48907e-11 3.29333e-11 2.26695e-11 1.30692e-11 
6.59852e-12 1.07632e-11 1.53336e-11 2.05106e-11 2.63312e-11 3.2755e-11 3.97947e-11 4.76675e-11 5.6909e-11 6.83282e-11 8.27025e-11 1.00314e-10 1.20601e-10 1.42202e-10 1.6347e-10 1.83325e-10 2.02183e-10 2.22589e-10 2.49309e-10 2.88413e-10 3.44655e-10 4.18027e-10 5.02213e-10 5.86077e-10 6.56726e-10 7.02733e-10 7.16968e-10 6.98362e-10 6.51894e-10 5.86715e-10 5.13217e-10 4.40237e-10 3.73532e-10 3.16008e-10 2.69079e-10 2.33616e-10 2.09509e-10 1.94574e-10 1.84739e-10 1.75814e-10 1.65038e-10 1.51362e-10 1.34965e-10 1.16693e-10 9.76589e-11 7.90023e-11 6.16934e-11 4.63806e-11 3.32141e-11 2.14029e-11 
1.08844e-11 1.63862e-11 2.25476e-11 2.94898e-11 3.70998e-11 4.51913e-11 5.36845e-11 6.28169e-11 7.3265e-11 8.60007e-11 1.01794e-10 1.20601e-10 1.41244e-10 1.61702e-10 1.79945e-10 1.95216e-10 2.09408e-10 2.27957e-10 2.58979e-10 3.09339e-10 3.79812e-10 4.63768e-10 5.49574e-10 6.24052e-10 6.75569e-10 6.96502e-10 6.8484e-10 6.44405e-10 5.83499e-10 5.12356e-10 4.40403e-10 3.74269e-10 3.17294e-10 2.70662e-10 2.35016e-10 2.10864e-10 1.97332e-10 1.91124e-10 1.87569e-10 1.82639e-10 1.74044e-10 1.61117e-10 1.44317e-10 1.24766e-10 1.03924e-10 8.33026e-11 6.41765e-11 4.73124e-11 3.26258e-11 1.88476e-11 
1.04443e-11 1.70214e-11 2.4315e-11 3.2578e-11 4.17046e-11 5.13432e-11 6.10918e-11 7.07643e-11 8.0681e-11 9.17739e-11 1.05271e-10 1.21925e-10 1.41244e-10 1.61328e-10 1.79528e-10 1.93788e-10 2.04398e-10 2.15733e-10 2.3661e-10 2.7663e-10 3.39321e-10 4.19192e-10 5.04544e-10 5.81636e-10 6.38118e-10 6.65552e-10 6.60958e-10 6.27066e-10 5.71204e-10 5.03154e-10 4.32665e-10 3.67338e-10 3.11432e-10 2.66234e-10 2.31827e-10 2.08544e-10 1.96361e-10 1.93155e-10 1.94574e-10 1.95914e-10 1.93755e-10 1.86339e-10 1.73283e-10 1.55233e-10 1.33604e-10 1.10284e-10 8.72299e-11 6.60125e-11 4.73809e-11 3.05526e-11 
1.69765e-11 2.56053e-11 3.53512e-11 4.62754e-11 5.79428e-11 6.96482e-11 8.07126e-11 9.08878e-11 1.00736e-10 1.11657e-10 1.2526e-10 1.42202e-10 1.61328e-10 1.79893e-10 1.94821e-10 2.04595e-10 2.11423e-10 2.22835e-10 2.50009e-10 3.00484e-10 3.71869e-10 4.53511e-10 5.31415e-10 5.92255e-10 6.26277e-10 6.29125e-10 6.02277e-10 5.52026e-10 4.87517e-10 4.18552e-10 3.53635e-10 2.98386e-10 2.54867e-10 2.22766e-10 2.01646e-10 1.91576e-10 1.9136e-10 1.97332e-10 2.0469e-10 2.09397e-10 2.0884e-10 2.01663e-10 1.87571e-10 1.67338e-10 1.42757e-10 1.16285e-10 9.03922e-11 6.68715e-11 4.61327e-11 2.66897e-11 
1.60909e-11 2.61939e-11 3.75447e-11 5.04681e-11 6.45771e-11 7.89383e-11 9.23683e-11 1.03905e-10 1.13411e-10 1.22e-10 1.3184e-10 1.44975e-10 1.61702e-10 1.79893e-10 1.95952e-10 2.06794e-10 2.1219e-10 2.17027e-10 2.31761e-10 2.67296e-10 3.26087e-10 4.00207e-10 4.7634e-10 5.40513e-10 5.81397e-10 5.92636e-10 5.73846e-10 5.2993e-10 4.69223e-10 4.01414e-10 3.35816e-10 2.79735e-10 2.36868e-10 2.07154e-10 1.89155e-10 1.82274e-10 1.85704e-10 1.96361e-10 2.09509e-10 2.20866e-10 2.27508e-10 2.27539e-10 2.19705e-10 2.03587e-10 1.80111e-10 1.51647e-10 1.21398e-10 9.23693e-11 6.636e-11 4.27747e-11 
2.57358e-11 3.88943e-11 5.39268e-11 7.07667e-11 8.83965e-11 1.05189e-10 1.19399e-10 1.29928e-10 1.37124e-10 1.43129e-10 1.51148e-10 1.6347e-10 1.79528e-10 1.95952e-10 2.08535e-10 2.14817e-10 2.16644e-10 2.21904e-10 2.425e-10 2.85978e-10 3.48968e-10 4.2019e-10 4.8595e-10 5.33731e-10 5.5482e-10 5.46063e-10 5.10068e-10 4.53811e-10 3.86648e-10 3.18641e-10 2.59057e-10 2.14211e-10 1.8548e-10 1.70616e-10 1.67652e-10 1.75559e-10 1.91576e-10 2.10864e-10 2.28778e-10 2.42308e-10 2.49715e-10 2.49491e-10 2.40074e-10 2.20773e-10 1.92852e-10 1.59576e-10 1.25058e-10 9.27307e-11 6.39248e-11 3.70189e-11 
2.40715e-11 3.91364e-11 5.631e-11 7.60106e-11 9.73561e-11 1.18416e-10 1.36682e-10 1.49928e-10 1.57322e-10 1.60329e-10 1.62652e-10 1.68546e-10 1.79945e-10 1.94821e-10 2.08535e-10 2.1679e-10 2.18538e-10 2.18327e-10 2.26608e-10 2.54305e-10 3.03683e-10 3.66978e-10 4.31944e-10 4.8591e-10 5.18186e-10 5.22234e-10 4.97103e-10 4.47229e-10 3.80964e-10 3.08882e-10 2.42289e-10 1.91014e-10 1.59798e-10 1.46628e-10 1.47447e-10 1.60208e-10 1.82274e-10 2.08544e-10 2.33616e-10 2.53976e-10 2.68202e-10 2.75529e-10 2.74307e-10 2.62229e-10 2.38347e-10 2.04681e-10 1.65769e-10 1.26706e-10 9.10153e-11 5.85934e-11 
3.78399e-11 5.73143e-11 7.98395e-11 1.05111e-10 1.31133e-10 1.54762e-10 1.72573e-10 1.82238e-10 1.83965e-10 1.8114e-10 1.79328e-10 1.83325e-10 1.93788e-10 2.06794e-10 2.1679e-10 2.20162e-10 2.18062e-10 2.18015e-10 2.31722e-10 2.66673e-10 3.19904e-10 3.81606e-10 4.40121e-10 4.83924e-10 5.03342e-10 4.92919e-10 4.53036e-10 3.89766e-10 3.13477e-10 2.37091e-10 1.73973e-10 1.34231e-10 1.19145e-10 1.22388e-10 1.39472e-10 1.67652e-10 2.01646e-10 2.35016e-10 2.63054e-10 2.83923e-10 2.97818e-10 3.04518e-10 3.01515e-10 2.85387e-10 2.55267e-10 2.14564e-10 1.69448e-10 1.25827e-10 8.6595e-11 5.01775e-11 
3.4893e-11 5.66743e-11 8.18671e-11 1.10999e-10 1.42363e-10 1.72422e-10 1.96615e-10 2.10901e-10 2.13726e-10 2.07421e-10 1.97951e-10 1.92472e-10 1.95216e-10 2.04595e-10 2.14817e-10 2.20162e-10 2.18605e-10 2.14172e-10 2.17089e-10 2.38305e-10 2.80413e-10 3.36867e-10 3.97689e-10 4.51832e-10 4.87672e-10 4.95288e-10 4.69852e-10 4.13626e-10 3.35595e-10 2.49493e-10 1.71162e-10 1.15645e-10 9.17998e-11 9.43914e-11 1.14152e-10 1.47447e-10 1.89155e-10 2.31827e-10 2.69079e-10 2.9761e-10 3.17532e-10 3.30553e-10 3.36272e-10 3.30441e-10 3.08431e-10 2.70229e-10 2.21409e-10 1.69917e-10 1.21937e-10 7.83496e-11 
5.38807e-11 8.18078e-11 1.14479e-10 1.51174e-10 1.88336e-10 2.20494e-10 2.41812e-10 2.48534e-10 2.41264e-10 2.25536e-10 2.09953e-10 2.02183e-10 2.04398e-10 2.1219e-10 2.18538e-10 2.18605e-10 2.12857e-10 2.08583e-10 2.17726e-10 2.48253e-10 2.97925e-10 3.58637e-10 4.20532e-10 4.71613e-10 4.98658e-10 4.91451e-10 4.4718e-10 3.71992e-10 2.79439e-10 1.87011e-10 1.12346e-10 7.07219e-11 6.65752e-11 8.6206e-11 1.22388e-10 1.70616e-10 2.22766e-10 2.70662e-10 3.08827e-10 3.35787e-10 3.53861e-10 3.65948e-10 3.70309e-10 3.60056e-10 3.29851e-10 2.81758e-10 2.24205e-10 1.66639e-10 1.14415e-10 6.63249e-11 
4.89365e-11 7.94497e-11 1.15199e-10 1.56792e-10 2.01215e-10 2.42476e-10 2.73063e-10 2.86687e-10 2.81531e-10 2.61949e-10 2.37181e-10 2.17559e-10 2.09408e-10 2.11423e-10 2.16644e-10 2.18062e-10 2.12857e-10 2.04712e-10 2.04091e-10 2.22736e-10 2.63901e-10 3.21879e-10 3.87978e-10 4.51018e-10 4.96331e-10 5.09274e-10 4.8141e-10 4.14579e-10 3.20744e-10 2.18394e-10 1.27278e-10 6.4321e-11 4.35014e-11 5.86272e-11 9.43914e-11 1.46628e-10 2.07154e-10 2.66234e-10 3.16008e-10 3.52378e-10 3.76166e-10 3.92168e-10 4.03665e-10 4.05889e-10 3.88827e-10 3.47786e-10 2.88384e-10 2.22172e-10 1.59207e-10 1.02061e-10 
7.42219e-11 1.12976e-10 1.58708e-10 2.09966e-10 2.60833e-10 3.02485e-10 3.2598e-10 3.26397e-10 3.06032e-10 2.74099e-10 2.42936e-10 2.22589e-10 2.15733e-10 2.17027e-10 2.18327e-10 2.14172e-10 2.04712e-10 1.97193e-10 2.0416e-10 2.34492e-10 2.86434e-10 3.52439e-10 4.22573e-10 4.8255e-10 5.15124e-10 5.06669e-10 4.5364e-10 3.64666e-10 2.57866e-10 1.55019e-10 7.51126e-11 3.20943e-11 3.5171e-11 6.65752e-11 1.19145e-10 1.8548e-10 2.54867e-10 3.17294e-10 3.65678e-10 3.97791e-10 4.17459e-10 4.32011e-10 4.43373e-10 4.41767e-10 4.14646e-10 3.60207e-10 2.88884e-10 2.14865e-10 1.47136e-10 8.53302e-11 
6.63248e-11 1.07727e-10 1.56709e-10 2.13826e-10 2.74052e-10 3.27865e-10 3.63864e-10 3.73491e-10 3.55936e-10 3.19539e-10 2.78253e-10 2.45492e-10 2.27957e-10 2.22835e-10 2.21904e-10 2.18015e-10 2.08583e-10 1.97193e-10 1.94088e-10 2.11403e-10 2.53091e-10 3.1388e-10 3.85058e-10 4.53983e-10 5.03009e-10 5.14712e-10 4.79898e-10 4.02273e-10 2.97595e-10 1.88348e-10 9.6268e-11 3.63515e-11 2.03658e-11 4.35014e-11 9.17998e-11 1.59798e-10 2.36868e-10 3.11432e-10 3.73532e-10 4.17245e-10 4.43074e-10 4.58717e-10 4.73311e-10 4.84454e-10 4.75936e-10 4.3494e-10 3.65233e-10 2.82513e-10 2.02128e-10 1.29267e-10 
9.88294e-11 1.50827e-10 2.12448e-10 2.81015e-10 3.47182e-10 3.97651e-10 4.20026e-10 4.09307e-10 3.71713e-10 3.22277e-10 2.77851e-10 2.49309e-10 2.3661e-10 2.31761e-10 2.26608e-10 2.17089e-10 2.04091e-10 1.94088e-10 1.98235e-10 2.25409e-10 2.7509e-10 3.40408e-10 4.1088e-10 4.70485e-10 5.00154e-10 4.85806e-10 4.25315e-10 3.30091e-10 2.21178e-10 1.21816e-10 4.99461e-11 1.86156e-11 3.20943e-11 7.07219e-11 1.34231e-10 2.14211e-10 2.98386e-10 3.74269e-10 4.32114e-10 4.67978e-10 4.8641e-10 4.99633e-10 5.16205e-10 5.25555e-10 5.0554e-10 4.47016e-10 3.61511e-10 2.69114e-10 1.83797e-10 1.06664e-10 
8.67937e-11 1.41183e-10 2.05902e-10 2.81125e-10 3.58853e-10 4.24787e-10 4.62971e-10 4.63365e-10 4.28475e-10 3.73312e-10 3.18224e-10 2.79015e-10 2.58979e-10 2.50009e-10 2.425e-10 2.31722e-10 2.17726e-10 2.0416e-10 1.98235e-10 2.09127e-10 2.41938e-10 2.94082e-10 3.57723e-10 4.19762e-10 4.61925e-10 4.67031e-10 4.2726e-10 3.48285e-10 2.47529e-10 1.47698e-10 6.87591e-11 2.76819e-11 3.63515e-11 6.4321e-11 1.15645e-10 1.91014e-10 2.79735e-10 3.67338e-10 4.40237e-10 4.89632e-10 5.15039e-10 5.26667e-10 5.40753e-10 5.6055e-10 5.64155e-10 5.27115e-10 4.48584e-10 3.48528e-10 2.49017e-10 1.58911e-10 
1.27126e-10 1.94537e-10 2.7435e-10 3.619e-10 4.4313e-10 4.99305e-10 5.15003e-10 4.87362e-10 4.29578e-10 3.64935e-10 3.1515e-10 2.88413e-10 2.7663e-10 2.67296e-10 2.54305e-10 2.38305e-10 2.22736e-10 2.11403e-10 2.09127e-10 2.22237e-10 2.54437e-10 3.02804e-10 3.57953e-10 4.04366e-10 4.24173e-10 4.05128e-10 3.468e-10 2.61375e-10 1.69025e-10 9.02477e-11 4.44762e-11 4.99461e-11 7.51126e-11 1.12346e-10 1.73973e-10 2.59057e-10 3.53635e-10 4.40403e-10 5.05356e-10 5.42232e-10 5.56065e-10 5.6402e-10 5.8325e-10 6.05084e-10 5.9646e-10 5.37191e-10 4.38325e-10 3.26699e-10 2.22611e-10 1.29347e-10 
1.09593e-10 1.78749e-10 2.61155e-10 3.56033e-10 4.51183e-10 5.26325e-10 5.60961e-10 5.45566e-10 4.89221e-10 4.16618e-10 3.55814e-10 3.22217e-10 3.09339e-10 3.00484e-10 2.85978e-10 2.66673e-10 2.48253e-10 2.34492e-10 2.25409e-10 2.22237e-10 2.31038e-10 2.56669e-10 2.95772e-10 3.36853e-10 3.63548e-10 3.61228e-10 3.24108e-10 2.5843e-10 1.80312e-10 1.09388e-10 6.57336e-11 6.87591e-11 9.6268e-11 1.27278e-10 1.71162e-10 2.42289e-10 3.35816e-10 4.32665e-10 5.13217e-10 5.64864e-10 5.86208e-10 5.90101e-10 6.00324e-10 6.27966e-10 6.46691e-10 6.17878e-10 5.33135e-10 4.1625e-10 2.97128e-10 1.89309e-10 
1.57885e-10 2.42299e-10 3.41631e-10 4.48209e-10 5.41899e-10 5.98094e-10 5.99974e-10 5.50157e-10 4.72248e-10 3.999e-10 3.57905e-10 3.44655e-10 3.39321e-10 3.26087e-10 3.03683e-10 2.80413e-10 2.63901e-10 2.53091e-10 2.41938e-10 2.31038e-10 2.2992e-10 2.45064e-10 2.71486e-10 2.95882e-10 3.03228e-10 2.83894e-10 2.38445e-10 1.78046e-10 1.20359e-10 8.5296e-11 9.02477e-11 1.21816e-10 1.55019e-10 1.87011e-10 2.37091e-10 3.18641e-10 4.18552e-10 5.12356e-10 5.80273e-10 6.13786e-10 6.19089e-10 6.18588e-10 6.38592e-10 6.73905e-10 6.80329e-10 6.24064e-10 5.13905e-10 3.83684e-10 2.60994e-10 1.51944e-10 
1.33457e-10 2.18522e-10 3.19638e-10 4.34267e-10 5.44651e-10 6.23644e-10 6.47312e-10 6.09904e-10 5.30846e-10 4.47221e-10 3.94169e-10 3.79303e-10 3.79812e-10 3.71869e-10 3.48968e-10 3.19904e-10 2.97925e-10 2.86434e-10 2.7509e-10 2.54437e-10 2.2992e-10 2.16358e-10 2.20025e-10 2.33172e-10 2.41856e-10 2.34138e-10 2.05838e-10 1.62907e-10 1.20028e-10 9.69704e-11 1.09388e-10 1.47698e-10 1.88348e-10 2.18394e-10 2.49493e-10 3.08882e-10 4.01414e-10 5.03154e-10 5.86715e-10 6.3548e-10 6.48088e-10 6.41019e-10 6.45717e-10 6.81153e-10 7.17063e-10 6.99974e-10 6.12167e-10 4.80403e-10 3.42806e-10 2.18235e-10 
1.89239e-10 2.91309e-10 4.10178e-10 5.34024e-10 6.35442e-10 6.84373e-10 6.6554e-10 5.91072e-10 4.98148e-10 4.31241e-10 4.11291e-10 4.18027e-10 4.19192e-10 4.00207e-10 3.66978e-10 3.36867e-10 3.21879e-10 3.1388e-10 2.94082e-10 2.56669e-10 2.16358e-10 1.91668e-10 1.85621e-10 1.87496e-10 1.84211e-10 1.67857e-10 1.39441e-10 1.09725e-10 9.78874e-11 1.20359e-10 1.69025e-10 2.21178e-10 2.57866e-10 2.79439e-10 3.13477e-10 3.86648e-10 4.87517e-10 5.83499e-10 6.48729e-10 6.73369e-10 6.66262e-10 6.5595e-10 6.77174e-10 7.27099e-10 7.50628e-10 7.00332e-10 5.81765e-10 4.35233e-10 2.95779e-10 1.7269e-10 
1.56675e-10 2.57831e-10 3.77441e-10 5.10352e-10 6.32031e-10 7.08205e-10 7.13787e-10 6.50909e-10 5.52934e-10 4.70633e-10 4.40476e-10 4.51187e-10 4.63768e-10 4.53511e-10 4.2019e-10 3.81606e-10 3.58637e-10 3.52439e-10 3.40408e-10 3.02804e-10 2.45064e-10 1.91668e-10 1.60131e-10 1.47773e-10 1.41896e-10 1.31654e-10 1.13584e-10 9.39278e-11 8.97696e-11 1.20028e-10 1.80312e-10 2.47529e-10 2.97595e-10 3.20744e-10 3.35595e-10 3.80964e-10 4.69223e-10 5.71204e-10 6.51894e-10 6.91661e-10 6.90782e-10 6.7101e-10 6.71596e-10 7.168e-10 7.70788e-10 7.66802e-10 6.78587e-10 5.3507e-10 3.81892e-10 2.43159e-10 
2.1881e-10 3.37945e-10 4.74921e-10 6.12811e-10 7.16267e-10 7.5115e-10 7.07535e-10 6.1104e-10 5.14358e-10 4.68586e-10 4.78282e-10 5.02213e-10 5.04544e-10 4.7634e-10 4.31944e-10 3.97689e-10 3.87978e-10 3.85058e-10 3.57723e-10 2.95772e-10 2.20025e-10 1.60131e-10 1.27024e-10 1.12013e-10 1.02228e-10 9.01741e-11 7.74003e-11 7.71319e-11 1.09725e-10 1.78046e-10 2.61375e-10 3.30091e-10 3.64666e-10 3.71992e-10 3.89766e-10 4.53811e-10 5.52026e-10 6.44405e-10 7.00506e-10 7.10851e-10 6.88782e-10 6.70308e-10 6.96656e-10 7.62768e-10 8.02911e-10 7.59435e-10 6.35384e-10 4.76285e-10 3.23629e-10 1.89688e-10 
1.77285e-10 2.93477e-10 4.29935e-10 5.78298e-10 7.06617e-10 7.74046e-10 7.57352e-10 6.70694e-10 5.63869e-10 4.98682e-10 5.00263e-10 5.3266e-10 5.49574e-10 5.31415e-10 4.8595e-10 4.40121e-10 4.20532e-10 4.22573e-10 4.1088e-10 3.57953e-10 2.71486e-10 1.85621e-10 1.27024e-10 9.67483e-11 8.20633e-11 7.19087e-11 6.32332e-11 6.42846e-11 9.39278e-11 1.62907e-10 2.5843e-10 3.48285e-10 4.02273e-10 4.14579e-10 4.13626e-10 4.47229e-10 5.2993e-10 6.27066e-10 6.98362e-10 7.23329e-10 7.0571e-10 6.74354e-10 6.7618e-10 7.35299e-10 8.06473e-10 8.13728e-10 7.26202e-10 5.74659e-10 4.1036e-10 2.61598e-10 
2.43979e-10 3.78146e-10 5.3039e-10 6.78367e-10 7.79001e-10 7.96079e-10 7.28764e-10 6.19135e-10 5.34093e-10 5.19839e-10 5.54965e-10 5.86077e-10 5.81636e-10 5.40513e-10 4.8591e-10 4.51832e-10 4.51018e-10 4.53983e-10 4.19762e-10 3.36853e-10 2.33172e-10 1.47773e-10 9.67483e-11 7.19385e-11 5.97178e-11 5.26382e-11 5.36439e-11 7.74003e-11 1.39441e-10 2.38445e-10 3.468e-10 4.25315e-10 4.5364e-10 4.4718e-10 4.53036e-10 5.10068e-10 6.02277e-10 6.8484e-10 7.25842e-10 7.18249e-10 6.81669e-10 6.60718e-10 6.99285e-10 7.82607e-10 8.35477e-10 7.96705e-10 6.69363e-10 5.02425e-10 3.41573e-10 2.01189e-10 
1.93335e-10 3.22124e-10 4.72312e-10 6.32323e-10 7.63199e-10 8.18874e-10 7.80812e-10 6.78188e-10 5.77077e-10 5.40847e-10 5.7065e-10 6.12914e-10 6.24052e-10 5.92255e-10 5.33731e-10 4.83924e-10 4.71613e-10 4.8255e-10 4.70485e-10 4.04366e-10 2.95882e-10 1.87496e-10 1.12013e-10 7.19385e-11 5.36702e-11 4.57281e-11 4.58839e-11 6.32332e-11 1.13584e-10 2.05838e-10 3.24108e-10 4.2726e-10 4.79898e-10 4.8141e-10 4.69852e-10 4.97103e-10 5.73846e-10 6.60958e-10 7.16968e-10 7.23334e-10 6.89024e-10 6.51459e-10 6.63624e-10 7.41065e-10 8.25522e-10 8.38536e-10 7.50759e-10 5.94926e-10 4.25033e-10 2.71536e-10 
2.62277e-10 4.07963e-10 5.71396e-10 7.25505e-10 8.20846e-10 8.21178e-10 7.37131e-10 6.27759e-10 5.67175e-10 5.82647e-10 6.30327e-10 6.56726e-10 6.38118e-10 5.81397e-10 5.18186e-10 4.87672e-10 4.96331e-10 5.03009e-10 4.61925e-10 3.63548e-10 2.41856e-10 1.41896e-10 8.20633e-11 5.36702e-11 4.23275e-11 4.08782e-11 5.26382e-11 9.01741e-11 1.67857e-10 2.83894e-10 4.05128e-10 4.85806e-10 5.06669e-10 4.91451e-10 4.92919e-10 5.46063e-10 6.29125e-10 6.96502e-10 7.18609e-10 6.92982e-10 6.46937e-10 6.33523e-10 6.92129e-10 7.90665e-10 8.48697e-10 8.09785e-10 6.80358e-10 5.1072e-10 3.47551e-10 2.05898e-10 
2.03208e-10 3.40827e-10 5.00266e-10 6.67506e-10 7.98289e-10 8.43292e-10 7.90266e-10 6.83779e-10 6.01417e-10 5.94771e-10 6.3987e-10 6.78762e-10 6.75569e-10 6.26277e-10 5.5482e-10 5.03342e-10 4.98658e-10 5.15124e-10 5.00154e-10 4.24173e-10 3.03228e-10 1.84211e-10 1.02228e-10 5.97178e-11 4.23275e-11 3.84176e-11 4.57281e-11 7.19087e-11 1.31654e-10 2.34138e-10 3.61228e-10 4.67031e-10 5.14712e-10 5.09274e-10 4.95288e-10 5.22234e-10 5.92636e-10 6.65552e-10 7.02733e-10 6.9038e-10 6.44254e-10 6.10825e-10 6.43863e-10 7.40414e-10 8.30222e-10 8.40815e-10 7.50394e-10 5.93744e-10 4.24204e-10 2.71796e-10 
2.71796e-10 4.24204e-10 5.93744e-10 7.50394e-10 8.40815e-10 8.30222e-10 7.40414e-10 6.43863e-10 6.10825e-10 6.44254e-10 6.9038e-10 7.02733e-10 6.65552e-10 5.92636e-10 5.22234e-10 4.95288e-10 5.09274e-10 5.14712e-10 4.67031e-10 3.61228e-10 2.34138e-10 1.31654e-10 7.19087e-11 4.57281e-11 3.84176e-11 4.23275e-11 5.97178e-11 1.02228e-10 1.84211e-10 3.03228e-10 4.24173e-10 5.00154e-10 5.15124e-10 4.98658e-10 5.03342e-10 5.5482e-10 6.26277e-10 6.75569e-10 6.78762e-10 6.3987e-10 5.94771e-10 6.01417e-10 6.83779e-10 7.90266e-10 8.43292e-10 7.98289e-10 6.67506e-10 5.00266e-10 3.40827e-10 2.03208e-10 
2.05898e-10 3.47551e-10 5.1072e-10 6.80358e-10 8.09785e-10 8.48697e-10 7.90665e-10 6.92129e-10 6.33523e-10 6.46937e-10 6.92982e-10 7.18609e-10 6.96502e-10 6.29125e-10 5.46063e-10 4.92919e-10 4.91451e-10 5.06669e-10 4.85806e-10 4.05128e-10 2.83894e-10 1.67857e-10 9.01741e-11 5.26382e-11 4.08782e-11 4.23275e-11 5.36702e-11 8.20633e-11 1.41896e-10 2.41856e-10 3.63548e-10 4.61925e-10 5.03009e-10 4.96331e-10 4.87672e-10 5.18186e-10 5.81397e-10 6.38118e-10 6.56726e-10 6.30327e-10 5.82647e-10 5.67175e-10 6.27759e-10 7.37131e-10 8.21178e-10 8.20846e-10 7.25505e-10 5.71396e-10 4.07963e-10 2.62277e-10 
2.71536e-10 4.25033e-10 5.94926e-10 7.50759e-10 8.38536e-10 8.25522e-10 7.41065e-10 6.63624e-10 6.51459e-10 6.89024e-10 7.23334e-10 7.16968e-10 6.60958e-10 5.73846e-10 4.97103e-10 4.69852e-10 4.8141e-10 4.79898e-10 4.2726e-10 3.24108e-10 2.05838e-10 1.13584e-10 6.32332e-11 4.58839e-11 4.57281e-11 5.36702e-11 7.19385e-11 1.12013e-10 1.87496e-10 2.95882e-10 4.04366e-10 4.70485e-10 4.8255e-10 4.71613e-10 4.83924e-10 5.33731e-10 5.92255e-10 6.24052e-10 6.12914e-10 5.7065e-10 5.40847e-10 5.77077e-10 6.78188e-10 7.80812e-10 8.18874e-10 7.63199e-10 6.32323e-10 4.72312e-10 3.22124e-10 1.93335e-10 
2.01189e-10 3.41573e-10 5.02425e-10 6.69363e-10 7.96705e-10 8.35477e-10 7.82607e-10 6.99285e-10 6.60718e-10 6.81669e-10 7.18249e-10 7.25842e-10 6.8484e-10 6.02277e-10 5.10068e-10 4.53036e-10 4.4718e-10 4.5364e-10 4.25315e-10 3.468e-10 2.38445e-10 1.39441e-10 7.74003e-11 5.36439e-11 5.26382e-11 5.97178e-11 7.19385e-11 9.67483e-11 1.47773e-10 2.33172e-10 3.36853e-10 4.19762e-10 4.53983e-10 4.51018e-10 4.51832e-10 4.8591e-10 5.40513e-10 5.81636e-10 5.86077e-10 5.54965e-10 5.19839e-10 5.34093e-10 6.19135e-10 7.28764e-10 7.96079e-10 7.79001e-10 6.78367e-10 5.3039e-10 3.78146e-10 2.43979e-10 
2.61598e-10 4.1036e-10 5.74659e-10 7.26202e-10 8.13728e-10 8.06473e-10 7.35299e-10 6.7618e-10 6.74354e-10 7.0571e-10 7.23329e-10 6.98362e-10 6.27066e-10 5.2993e-10 4.47229e-10 4.13626e-10 4.14579e-10 4.02273e-10 3.48285e-10 2.5843e-10 1.62907e-10 9.39278e-11 6.42846e-11 6.32332e-11 7.19087e-11 8.20633e-11 9.67483e-11 1.27024e-10 1.85621e-10 2.71486e-10 3.57953e-10 4.1088e-10 4.22573e-10 4.20532e-10 4.40121e-10 4.8595e-10 5.31415e-10 5.49574e-10 5.3266e-10 5.00263e-10 4.98682e-10 5.63869e-10 6.70694e-10 7.57352e-10 7.74046e-10 7.06617e-10 5.78298e-10 4.29935e-10 2.93477e-10 1.77285e-10 
1.89688e-10 3.23629e-10 4.76285e-10 6.35384e-10 7.59435e-10 8.02911e-10 7.62768e-10 6.96656e-10 6.70308e-10 6.88782e-10 7.10851e-10 7.00506e-10 6.44405e-10 5.52026e-10 4.53811e-10 3.89766e-10 3.71992e-10 3.64666e-10 3.30091e-10 2.61375e-10 1.78046e-10 1.09725e-10 7.71319e-11 7.74003e-11 9.01741e-11 1.02228e-10 1.12013e-10 1.27024e-10 1.60131e-10 2.20025e-10 2.95772e-10 3.57723e-10 3.85058e-10 3.87978e-10 3.97689e-10 4.31944e-10 4.7634e-10 5.04544e-10 5.02213e-10 4.78282e-10 4.68586e-10 5.14358e-10 6.1104e-10 7.07535e-10 7.5115e-10 7.16267e-10 6.12811e-10 4.74921e-10 3.37945e-10 2.1881e-10 
2.43159e-10 3.81892e-10 5.3507e-10 6.78587e-10 7.66802e-10 7.70788e-10 7.168e-10 6.71596e-10 6.7101e-10 6.90782e-10 6.91661e-10 6.51894e-10 5.71204e-10 4.69223e-10 3.80964e-10 3.35595e-10 3.20744e-10 2.97595e-10 2.47529e-10 1.80312e-10 1.20028e-10 8.97696e-11 9.39278e-11 1.13584e-10 1.31654e-10 1.41896e-10 1.47773e-10 1.60131e-10 1.91668e-10 2.45064e-10 3.02804e-10 3.40408e-10 3.52439e-10 3.58637e-10 3.81606e-10 4.2019e-10 4.53511e-10 4.63768e-10 4.51187e-10 4.40476e-10 4.70633e-10 5.52934e-10 6.50909e-10 7.13787e-10 7.08205e-10 6.32031e-10 5.10352e-10 3.77441e-10 2.57831e-10 1.56675e-10 
1.7269e-10 2.95779e-10 4.35233e-10 5.81765e-10 7.00332e-10 7.50628e-10 7.27099e-10 6.77174e-10 6.5595e-10 6.66262e-10 6.73369e-10 6.48729e-10 5.83499e-10 4.87517e-10 3.86648e-10 3.13477e-10 2.79439e-10 2.57866e-10 2.21178e-10 1.69025e-10 1.20359e-10 9.78874e-11 1.09725e-10 1.39441e-10 1.67857e-10 1.84211e-10 1.87496e-10 1.85621e-10 1.91668e-10 2.16358e-10 2.56669e-10 2.94082e-10 3.1388e-10 3.21879e-10 3.36867e-10 3.66978e-10 4.00207e-10 4.19192e-10 4.18027e-10 4.11291e-10 4.31241e-10 4.98148e-10 5.91072e-10 6.6554e-10 6.84373e-10 6.35442e-10 5.34024e-10 4.10178e-10 2.91309e-10 1.89239e-10 
2.18235e-10 3.42806e-10 4.80403e-10 6.12167e-10 6.99974e-10 7.17063e-10 6.81153e-10 6.45717e-10 6.41019e-10 6.48088e-10 6.3548e-10 5.86715e-10 5.03154e-10 4.01414e-10 3.08882e-10 2.49493e-10 2.18394e-10 1.88348e-10 1.47698e-10 1.09388e-10 9.69704e-11 1.20028e-10 1.62907e-10 2.05838e-10 2.34138e-10 2.41856e-10 2.33172e-10 2.20025e-10 2.16358e-10 2.2992e-10 2.54437e-10 2.7509e-10 2.86434e-10 2.97925e-10 3.19904e-10 3.48968e-10 3.71869e-10 3.79812e-10 3.79303e-10 3.94169e-10 4.47221e-10 5.30846e-10 6.09904e-10 6.47312e-10 6.23644e-10 5.44651e-10 4.34267e-10 3.19638e-10 2.18522e-10 1.33457e-10 
1.51944e-10 2.60994e-10 3.83684e-10 5.13905e-10 6.24064e-10 6.80329e-10 6.73905e-10 6.38592e-10 6.18588e-10 6.19089e-10 6.13786e-10 5.80273e-10 5.12356e-10 4.18552e-10 3.18641e-10 2.37091e-10 1.87011e-10 1.55019e-10 1.21816e-10 9.02477e-11 8.5296e-11 1.20359e-10 1.78046e-10 2.38445e-10 2.83894e-10 3.03228e-10 2.95882e-10 2.71486e-10 2.45064e-10 2.2992e-10 2.31038e-10 2.41938e-10 2.53091e-10 2.63901e-10 2.80413e-10 3.03683e-10 3.26087e-10 3.39321e-10 3.44655e-10 3.57905e-10 3.999e-10 4.72248e-10 5.50157e-10 5.99974e-10 5.98094e-10 5.41899e-10 4.48209e-10 3.41631e-10 2.42299e-10 1.57885e-10 
1.89309e-10 2.97128e-10 4.1625e-10 5.33135e-10 6.17878e-10 6.46691e-10 6.27966e-10 6.00324e-10 5.90101e-10 5.86208e-10 5.64864e-10 5.13217e-10 4.32665e-10 3.35816e-10 2.42289e-10 1.71162e-10 1.27278e-10 9.6268e-11 6.87591e-11 6.57336e-11 1.09388e-10 1.80312e-10 2.5843e-10 3.24108e-10 3.61228e-10 3.63548e-10 3.36853e-10 2.95772e-10 2.56669e-10 2.31038e-10 2.22237e-10 2.25409e-10 2.34492e-10 2.48253e-10 2.66673e-10 2.85978e-10 3.00484e-10 3.09339e-10 3.22217e-10 3.55814e-10 4.16618e-10 4.89221e-10 5.45566e-10 5.60961e-10 5.26325e-10 4.51183e-10 3.56033e-10 2.61155e-10 1.78749e-10 1.09593e-10 
1.29347e-10 2.22611e-10 3.26699e-10 4.38325e-10 5.37191e-10 5.9646e-10 6.05084e-10 5.8325e-10 5.6402e-10 5.56065e-10 5.42232e-10 5.05356e-10 4.40403e-10 3.53635e-10 2.59057e-10 1.73973e-10 1.12346e-10 7.51126e-11 4.99461e-11 4.44762e-11 9.02477e-11 1.69025e-10 2.61375e-10 3.468e-10 4.05128e-10 4.24173e-10 4.04366e-10 3.57953e-10 3.02804e-10 2.54437e-10 2.22237e-10 2.09127e-10 2.11403e-10 2.22736e-10 2.38305e-10 2.54305e-10 2.67296e-10 2.7663e-10 2.88413e-10 3.1515e-10 3.64935e-10 4.29578e-10 4.87362e-10 5.15003e-10 4.99305e-10 4.4313e-10 3.619e-10 2.7435e-10 1.94537e-10 1.27126e-10 
1.58911e-10 2.49017e-10 3.48528e-10 4.48584e-10 5.27115e-10 5.64155e-10 5.6055e-10 5.40753e-10 5.26667e-10 5.15039e-10 4.89632e-10 4.40237e-10 3.67338e-10 2.79735e-10 1.91014e-10 1.15645e-10 6.4321e-11 3.63515e-11 2.76819e-11 6.87591e-11 1.47698e-10 2.47529e-10 3.48285e-10 4.2726e-10 4.67031e-10 4.61925e-10 4.19762e-10 3.57723e-10 2.94082e-10 2.41938e-10 2.09127e-10 1.98235e-10 2.0416e-10 2.17726e-10 2.31722e-10 2.425e-10 2.50009e-10 2.58979e-10 2.79015e-10 3.18224e-10 3.73312e-10 4.28475e-10 4.63365e-10 4.62971e-10 4.24787e-10 3.58853e-10 2.81125e-10 2.05902e-10 1.41183e-10 8.67937e-11 
1.06664e-10 1.83797e-10 2.69114e-10 3.61511e-10 4.47016e-10 5.0554e-10 5.25555e-10 5.16205e-10 4.99633e-10 4.8641e-10 4.67978e-10 4.32114e-10 3.74269e-10 2.98386e-10 2.14211e-10 1.34231e-10 7.07219e-11 3.20943e-11 1.86156e-11 4.99461e-11 1.21816e-10 2.21178e-10 3.30091e-10 4.25315e-10 4.85806e-10 5.00154e-10 4.70485e-10 4.1088e-10 3.40408e-10 2.7509e-10 2.25409e-10 1.98235e-10 1.94088e-10 2.04091e-10 2.17089e-10 2.26608e-10 2.31761e-10 2.3661e-10 2.49309e-10 2.77851e-10 3.22277e-10 3.71713e-10 4.09307e-10 4.20026e-10 3.97651e-10 3.47182e-10 2.81015e-10 2.12448e-10 1.50827e-10 9.88294e-11 
1.29267e-10 2.02128e-10 2.82513e-10 3.65233e-10 4.3494e-10 4.75936e-10 4.84454e-10 4.73311e-10 4.58717e-10 4.43074e-10 4.17245e-10 3.73532e-10 3.11432e-10 2.36868e-10 1.59798e-10 9.17998e-11 4.35014e-11 2.03658e-11 3.63515e-11 9.6268e-11 1.88348e-10 2.97595e-10 4.02273e-10 4.79898e-10 5.14712e-10 5.03009e-10 4.53983e-10 3.85058e-10 3.1388e-10 2.53091e-10 2.11403e-10 1.94088e-10 1.97193e-10 2.08583e-10 2.18015e-10 2.21904e-10 2.22835e-10 2.27957e-10 2.45492e-10 2.78253e-10 3.19539e-10 3.55936e-10 3.73491e-10 3.63864e-10 3.27865e-10 2.74052e-10 2.13826e-10 1.56709e-10 1.07727e-10 6.63248e-11 
8.53302e-11 1.47136e-10 2.14865e-10 2.88884e-10 3.60207e-10 4.14646e-10 4.41767e-10 4.43373e-10 4.32011e-10 4.17459e-10 3.97791e-10 3.65678e-10 3.17294e-10 2.54867e-10 1.8548e-10 1.19145e-10 6.65752e-11 3.5171e-11 3.20943e-11 7.51126e-11 1.55019e-10 2.57866e-10 3.64666e-10 4.5364e-10 5.06669e-10 5.15124e-10 4.8255e-10 4.22573e-10 3.52439e-10 2.86434e-10 2.34492e-10 2.0416e-10 1.97193e-10 2.04712e-10 2.14172e-10 2.18327e-10 2.17027e-10 2.15733e-10 2.22589e-10 2.42936e-10 2.74099e-10 3.06032e-10 3.26397e-10 3.2598e-10 3.02485e-10 2.60833e-10 2.09966e-10 1.58708e-10 1.12976e-10 7.42219e-11 
1.02061e-10 1.59207e-10 2.22172e-10 2.88384e-10 3.47786e-10 3.88827e-10 4.05889e-10 4.03665e-10 3.92168e-10 3.76166e-10 3.52378e-10 3.16008e-10 2.66234e-10 2.07154e-10 1.46628e-10 9.43914e-11 5.86272e-11 4.35014e-11 6.4321e-11 1.27278e-10 2.18394e-10 3.20744e-10 4.14579e-10 4.8141e-10 5.09274e-10 4.96331e-10 4.51018e-10 3.87978e-10 3.21879e-10 2.63901e-10 2.22736e-10 2.04091e-10 2.04712e-10 2.12857e-10 2.18062e-10 2.16644e-10 2.11423e-10 2.09408e-10 2.17559e-10 2.37181e-10 2.61949e-10 2.81531e-10 2.86687e-10 2.73063e-10 2.42476e-10 2.01215e-10 1.56792e-10 1.15199e-10 7.94497e-11 4.89365e-11 
6.63249e-11 1.14415e-10 1.66639e-10 2.24205e-10 2.81758e-10 3.29851e-10 3.60056e-10 3.70309e-10 3.65948e-10 3.53861e-10 3.35787e-10 3.08827e-10 2.70662e-10 2.22766e-10 1.70616e-10 1.22388e-10 8.6206e-11 6.65752e-11 7.07219e-11 1.12346e-10 1.87011e-10 2.79439e-10 3.71992e-10 4.4718e-10 4.91451e-10 4.98658e-10 4.71613e-10 4.20532e-10 3.58637e-10 2.97925e-10 2.48253e-10 2.17726e-10 2.08583e-10 2.12857e-10 2.18605e-10 2.18538e-10 2.1219e-10 2.04398e-10 2.02183e-10 2.09953e-10 2.25536e-10 2.41264e-10 2.48534e-10 2.41812e-10 2.20494e-10 1.88336e-10 1.51174e-10 1.14479e-10 8.18078e-11 5.38807e-11 
7.83496e-11 1.21937e-10 1.69917e-10 2.21409e-10 2.70229e-10 3.08431e-10 3.30441e-10 3.36272e-10 3.30553e-10 3.17532e-10 2.9761e-10 2.69079e-10 2.31827e-10 1.89155e-10 1.47447e-10 1.14152e-10 9.43914e-11 9.17998e-11 1.15645e-10 1.71162e-10 2.49493e-10 3.35595e-10 4.13626e-10 4.69852e-10 4.95288e-10 4.87672e-10 4.51832e-10 3.97689e-10 3.36867e-10 2.80413e-10 2.38305e-10 2.17089e-10 2.14172e-10 2.18605e-10 2.20162e-10 2.14817e-10 2.04595e-10 1.95216e-10 1.92472e-10 1.97951e-10 2.07421e-10 2.13726e-10 2.10901e-10 1.96615e-10 1.72422e-10 1.42363e-10 1.10999e-10 8.18671e-11 5.66743e-11 3.4893e-11 
5.01775e-11 8.6595e-11 1.25827e-10 1.69448e-10 2.14564e-10 2.55267e-10 2.85387e-10 3.01515e-10 3.04518e-10 2.97818e-10 2.83923e-10 2.63054e-10 2.35016e-10 2.01646e-10 1.67652e-10 1.39472e-10 1.22388e-10 1.19145e-10 1.34231e-10 1.73973e-10 2.37091e-10 3.13477e-10 3.89766e-10 4.53036e-10 4.92919e-10 5.03342e-10 4.83924e-10 4.40121e-10 3.81606e-10 3.19904e-10 2.66673e-10 2.31722e-10 2.18015e-10 2.18062e-10 2.20162e-10 2.1679e-10 2.06794e-10 1.93788e-10 1.83325e-10 1.79328e-10 1.8114e-10 1.83965e-10 1.82238e-10 1.72573e-10 1.54762e-10 1.31133e-10 1.05111e-10 7.98395e-11 5.73143e-11 3.78399e-11 
5.85934e-11 9.10153e-11 1.26706e-10 1.65769e-10 2.04681e-10 2.38347e-10 2.62229e-10 2.74307e-10 2.75529e-10 2.68202e-10 2.53976e-10 2.33616e-10 2.08544e-10 1.82274e-10 1.60208e-10 1.47447e-10 1.46628e-10 1.59798e-10 1.91014e-10 2.42289e-10 3.08882e-10 3.80964e-10 4.47229e-10 4.97103e-10 5.22234e-10 5.18186e-10 4.8591e-10 4.31944e-10 3.66978e-10 3.03683e-10 2.54305e-10 2.26608e-10 2.18327e-10 2.18538e-10 2.1679e-10 2.08535e-10 1.94821e-10 1.79945e-10 1.68546e-10 1.62652e-10 1.60329e-10 1.57322e-10 1.49928e-10 1.36682e-10 1.18416e-10 9.73561e-11 7.60106e-11 5.631e-11 3.91364e-11 2.40715e-11 
3.70189e-11 6.39248e-11 9.27307e-11 1.25058e-10 1.59576e-10 1.92852e-10 2.20773e-10 2.40074e-10 2.49491e-10 2.49715e-10 2.42308e-10 2.28778e-10 2.10864e-10 1.91576e-10 1.75559e-10 1.67652e-10 1.70616e-10 1.8548e-10 2.14211e-10 2.59057e-10 3.18641e-10 3.86648e-10 4.53811e-10 5.10068e-10 5.46063e-10 5.5482e-10 5.33731e-10 4.8595e-10 4.2019e-10 3.48968e-10 2.85978e-10 2.425e-10 2.21904e-10 2.16644e-10 2.14817e-10 2.08535e-10 1.95952e-10 1.79528e-10 1.6347e-10 1.51148e-10 1.43129e-10 1.37124e-10 1.29928e-10 1.19399e-10 1.05189e-10 8.83965e-11 7.07667e-11 5.39268e-11 3.88943e-11 2.57358e-11 
4.27747e-11 6.636e-11 9.23693e-11 1.21398e-10 1.51647e-10 1.80111e-10 2.03587e-10 2.19705e-10 2.27539e-10 2.27508e-10 2.20866e-10 2.09509e-10 1.96361e-10 1.85704e-10 1.82274e-10 1.89155e-10 2.07154e-10 2.36868e-10 2.79735e-10 3.35816e-10 4.01414e-10 4.69223e-10 5.2993e-10 5.73846e-10 5.92636e-10 5.81397e-10 5.40513e-10 4.7634e-10 4.00207e-10 3.26087e-10 2.67296e-10 2.31761e-10 2.17027e-10 2.1219e-10 2.06794e-10 1.95952e-10 1.79893e-10 1.61702e-10 1.44975e-10 1.3184e-10 1.22e-10 1.13411e-10 1.03905e-10 9.23683e-11 7.89383e-11 6.45771e-11 5.04681e-11 3.75447e-11 2.61939e-11 1.60909e-11 
2.66897e-11 4.61327e-11 6.68715e-11 9.03922e-11 1.16285e-10 1.42757e-10 1.67338e-10 1.87571e-10 2.01663e-10 2.0884e-10 2.09397e-10 2.0469e-10 1.97332e-10 1.9136e-10 1.91576e-10 2.01646e-10 2.22766e-10 2.54867e-10 2.98386e-10 3.53635e-10 4.18552e-10 4.87517e-10 5.52026e-10 6.02277e-10 6.29125e-10 6.26277e-10 5.92255e-10 5.31415e-10 4.53511e-10 3.71869e-10 3.00484e-10 2.50009e-10 2.22835e-10 2.11423e-10 2.04595e-10 1.94821e-10 1.79893e-10 1.61328e-10 1.42202e-10 1.2526e-10 1.11657e-10 1.00736e-10 9.08878e-11 8.07126e-11 6.96482e-11 5.79428e-11 4.62754e-11 3.53512e-11 2.56053e-11 1.69765e-11 
3.05526e-11 4.73809e-11 6.60125e-11 8.72299e-11 1.10284e-10 1.33604e-10 1.55233e-10 1.73283e-10 1.86339e-10 1.93755e-10 1.95914e-10 1.94574e-10 1.93155e-10 1.96361e-10 2.08544e-10 2.31827e-10 2.66234e-10 3.11432e-10 3.67338e-10 4.32665e-10 5.03154e-10 5.71204e-10 6.27066e-10 6.60958e-10 6.65552e-10 6.38118e-10 5.81636e-10 5.04544e-10 4.19192e-10 3.39321e-10 2.7663e-10 2.3661e-10 2.15733e-10 2.04398e-10 1.93788e-10 1.79528e-10 1.61328e-10 1.41244e-10 1.21925e-10 1.05271e-10 9.17739e-11 8.0681e-11 7.07643e-11 6.10918e-11 5.13432e-11 4.17046e-11 3.2578e-11 2.4315e-11 1.70214e-11 1.04443e-11 
1.88476e-11 3.26258e-11 4.73124e-11 6.41765e-11 8.33026e-11 1.03924e-10 1.24766e-10 1.44317e-10 1.61117e-10 1.74044e-10 1.82639e-10 1.87569e-10 1.91124e-10 1.97332e-10 2.10864e-10 2.35016e-10 2.70662e-10 3.17294e-10 3.74269e-10 4.40403e-10 5.12356e-10 5.83499e-10 6.44405e-10 6.8484e-10 6.96502e-10 6.75569e-10 6.24052e-10 5.49574e-10 4.63768e-10 3.79812e-10 3.09339e-10 2.58979e-10 2.27957e-10 2.09408e-10 1.95216e-10 1.79945e-10 1.61702e-10 1.41244e-10 1.20601e-10 1.01794e-10 8.60007e-11 7.3265e-11 6.28169e-11 5.36845e-11 4.51913e-11 3.70998e-11 2.94898e-11 2.25476e-11 1.63862e-11 1.08844e-11 
2.14029e-11 3.32141e-11 4.63806e-11 6.16934e-11 7.90023e-11 9.76589e-11 1.16693e-10 1.34965e-10 1.51362e-10 1.65038e-10 1.75814e-10 1.84739e-10 1.94574e-10 2.09509e-10 2.33616e-10 2.69079e-10 3.16008e-10 3.73532e-10 4.40237e-10 5.13217e-10 5.86715e-10 6.51894e-10 6.98362e-10 7.16968e-10 7.02733e-10 6.56726e-10 5.86077e-10 5.02213e-10 4.18027e-10 3.44655e-10 2.88413e-10 2.49309e-10 2.22589e-10 2.02183e-10 1.83325e-10 1.6347e-10 1.42202e-10 1.20601e-10 1.00314e-10 8.27025e-11 6.83282e-11 5.6909e-11 4.76675e-11 3.97947e-11 3.2755e-11 2.63312e-11 2.05106e-11 1.53336e-11 1.07632e-11 6.59852e-12 
1.30692e-11 2.26695e-11 3.29333e-11 4.48907e-11 5.88612e-11 7.46735e-11 9.18554e-11 1.09717e-10 1.27445e-10 1.44233e-10 1.59538e-10 1.73511e-10 1.87569e-10 2.0469e-10 2.28778e-10 2.63054e-10 3.08827e-10 3.65678e-10 4.32114e-10 5.05356e-10 5.80273e-10 6.48729e-10 7.00506e-10 7.25842e-10 7.18609e-10 6.78762e-10 6.12914e-10 5.3266e-10 4.51187e-10 3.79303e-10 3.22217e-10 2.79015e-10 2.45492e-10 2.17559e-10 1.92472e-10 1.68546e-10 1.44975e-10 1.21925e-10 1.00314e-10 8.1239e-11 6.54079e-11 5.28707e-11 4.31076e-11 3.5347e-11 2.88985e-11 2.33145e-11 1.83848e-11 1.40372e-11 1.02217e-11 6.80059e-12 
1.47429e-11 2.29219e-11 3.21306e-11 4.30824e-11 5.59389e-11 7.06034e-11 8.67932e-11 1.0408e-10 1.21944e-10 1.39888e-10 1.57687e-10 1.75814e-10 1.95914e-10 2.20866e-10 2.53976e-10 2.9761e-10 3.52378e-10 4.17245e-10 4.89632e-10 5.64864e-10 6.3548e-10 6.91661e-10 7.23329e-10 7.23334e-10 6.9038e-10 6.30327e-10 5.54965e-10 4.78282e-10 4.11291e-10 3.57905e-10 3.1515e-10 2.77851e-10 2.42936e-10 2.09953e-10 1.79328e-10 1.51148e-10 1.2526e-10 1.01794e-10 8.1239e-11 6.40751e-11 5.04194e-11 3.99239e-11 3.19206e-11 2.56791e-11 2.06063e-11 1.63267e-11 1.26417e-11 9.44646e-12 6.64321e-12 4.07081e-12 
8.92127e-12 1.55183e-11 2.26188e-11 3.10322e-11 4.11574e-11 5.31458e-11 6.70147e-11 8.26742e-11 9.99451e-11 1.18593e-10 1.38428e-10 1.59538e-10 1.82639e-10 2.09397e-10 2.42308e-10 2.83923e-10 3.35787e-10 3.97791e-10 4.67978e-10 5.42232e-10 6.13786e-10 6.73369e-10 7.10851e-10 7.18249e-10 6.92982e-10 6.3987e-10 5.7065e-10 5.00263e-10 4.40476e-10 3.94169e-10 3.55814e-10 3.18224e-10 2.78253e-10 2.37181e-10 1.97951e-10 1.62652e-10 1.3184e-10 1.05271e-10 8.27025e-11 6.40751e-11 4.92773e-11 3.79511e-11 2.94867e-11 2.31627e-11 1.83179e-11 1.44556e-11 1.12637e-11 8.56181e-12 6.23617e-12 4.15439e-12 
1.00129e-11 1.56192e-11 2.20141e-11 2.98017e-11 3.92815e-11 5.06554e-11 6.40737e-11 7.96407e-11 9.74221e-11 1.17467e-10 1.39888e-10 1.65038e-10 1.93755e-10 2.27508e-10 2.68202e-10 3.17532e-10 3.76166e-10 4.43074e-10 5.15039e-10 5.86208e-10 6.48088e-10 6.90782e-10 7.0571e-10 6.89024e-10 6.44254e-10 5.82647e-10 5.19839e-10 4.68586e-10 4.31241e-10 3.999e-10 3.64935e-10 3.22277e-10 2.74099e-10 2.25536e-10 1.8114e-10 1.43129e-10 1.11657e-10 8.60007e-11 6.54079e-11 4.92773e-11 3.70178e-11 2.79531e-11 2.13486e-11 1.65071e-11 1.28576e-11 9.99369e-12 7.66158e-12 5.70901e-12 4.0173e-12 2.46241e-12 
6.01262e-12 1.04961e-11 1.53728e-11 2.12647e-11 2.85695e-11 3.75864e-11 4.85986e-11 6.18977e-11 7.77857e-11 9.65748e-11 1.18593e-10 1.44233e-10 1.74044e-10 2.0884e-10 2.49715e-10 2.97818e-10 3.53861e-10 4.17459e-10 4.8641e-10 5.56065e-10 6.19089e-10 6.66262e-10 6.88782e-10 6.81669e-10 6.46937e-10 5.94771e-10 5.40847e-10 4.98682e-10 4.70633e-10 4.47221e-10 4.16618e-10 3.73312e-10 3.19539e-10 2.61949e-10 2.07421e-10 1.60329e-10 1.22e-10 9.17739e-11 6.83282e-11 5.04194e-11 3.70178e-11 2.72195e-11 2.01912e-11 1.5186e-11 1.15779e-11 8.8951e-12 6.81657e-12 5.14137e-12 3.73792e-12 2.49318e-12 
6.725e-12 1.05379e-11 1.49608e-11 2.04811e-11 2.74391e-11 3.61744e-11 4.70689e-11 6.05635e-11 7.71627e-11 9.74221e-11 1.21944e-10 1.51362e-10 1.86339e-10 2.27539e-10 2.75529e-10 3.30553e-10 3.92168e-10 4.58717e-10 5.26667e-10 5.90101e-10 6.41019e-10 6.7101e-10 6.74354e-10 6.51459e-10 6.10825e-10 5.67175e-10 5.34093e-10 5.14358e-10 4.98148e-10 4.72248e-10 4.29578e-10 3.71713e-10 3.06032e-10 2.41264e-10 1.83965e-10 1.37124e-10 1.00736e-10 7.3265e-11 5.28707e-11 3.79511e-11 2.72195e-11 1.96322e-11 1.43334e-11 1.06342e-11 8.00739e-12 6.07599e-12 4.59256e-12 3.40082e-12 2.39154e-12 1.4676e-12 
4.01051e-12 7.03376e-12 1.03698e-11 1.44865e-11 1.97451e-11 2.64872e-11 3.51178e-11 4.61275e-11 6.01141e-11 7.77857e-11 9.99451e-11 1.27445e-10 1.61117e-10 2.01663e-10 2.49491e-10 3.04518e-10 3.65948e-10 4.32011e-10 4.99633e-10 5.6402e-10 6.18588e-10 6.5595e-10 6.70308e-10 6.60718e-10 6.33523e-10 6.01417e-10 5.77077e-10 5.63869e-10 5.52934e-10 5.30846e-10 4.89221e-10 4.28475e-10 3.55936e-10 2.81531e-10 2.13726e-10 1.57322e-10 1.13411e-10 8.0681e-11 5.6909e-11 3.99239e-11 2.79531e-11 1.96322e-11 1.39182e-11 1.00197e-11 7.34463e-12 5.46934e-12 4.10146e-12 3.05688e-12 2.21324e-12 1.47611e-12 
4.47816e-12 7.05986e-12 1.01127e-11 1.40228e-11 1.91159e-11 2.57709e-11 3.44652e-11 4.58095e-11 6.05635e-11 7.96407e-11 1.0408e-10 1.34965e-10 1.73283e-10 2.19705e-10 2.74307e-10 3.36272e-10 4.03665e-10 4.73311e-10 5.40753e-10 6.00324e-10 6.45717e-10 6.71596e-10 6.7618e-10 6.63624e-10 6.43863e-10 6.27759e-10 6.19135e-10 6.1104e-10 5.91072e-10 5.50157e-10 4.87362e-10 4.09307e-10 3.26397e-10 2.48534e-10 1.82238e-10 1.29928e-10 9.08878e-11 6.28169e-11 4.31076e-11 2.94867e-11 2.01912e-11 1.39182e-11 9.71851e-12 6.90978e-12 5.01232e-12 3.69462e-12 2.73993e-12 2.00903e-12 1.40937e-12 8.66121e-13 
2.65584e-12 4.68227e-12 6.96031e-12 9.83726e-12 1.36182e-11 1.86389e-11 2.5326e-11 3.42449e-11 4.61275e-11 6.18977e-11 8.26742e-11 1.09717e-10 1.44317e-10 1.87571e-10 2.40074e-10 3.01515e-10 3.70309e-10 4.43373e-10 5.16205e-10 5.8325e-10 6.38592e-10 6.77174e-10 6.96656e-10 6.99285e-10 6.92129e-10 6.83779e-10 6.78188e-10 6.70694e-10 6.50909e-10 6.09904e-10 5.45566e-10 4.63365e-10 3.73491e-10 2.86687e-10 2.10901e-10 1.49928e-10 1.03905e-10 7.07643e-11 4.76675e-11 3.19206e-11 2.13486e-11 1.43334e-11 9.71851e-12 6.69584e-12 4.71016e-12 3.38497e-12 2.47231e-12 1.81226e-12 1.30173e-12 8.68741e-13 
2.96365e-12 4.70912e-12 6.81711e-12 9.58678e-12 1.33072e-11 1.83411e-11 2.51756e-11 3.44652e-11 4.70689e-11 6.40737e-11 8.67932e-11 1.16693e-10 1.55233e-10 2.03587e-10 2.62229e-10 3.30441e-10 4.05889e-10 4.84454e-10 5.6055e-10 6.27966e-10 6.81153e-10 7.168e-10 7.35299e-10 7.41065e-10 7.40414e-10 7.37131e-10 7.28764e-10 7.07535e-10 6.6554e-10 5.99974e-10 5.15003e-10 4.20026e-10 3.2598e-10 2.41812e-10 1.72573e-10 1.19399e-10 8.07126e-11 5.36845e-11 3.5347e-11 2.31627e-11 1.5186e-11 1.00197e-11 6.69584e-12 4.56017e-12 3.1789e-12 2.26599e-12 1.64029e-12 1.18605e-12 8.28011e-13 5.09415e-13 
1.7486e-12 3.10475e-12 4.66029e-12 6.67251e-12 9.39033e-12 1.31122e-11 1.824e-11 2.5326e-11 3.51178e-11 4.85986e-11 6.70147e-11 9.18554e-11 1.24766e-10 1.67338e-10 2.20773e-10 2.85387e-10 3.60056e-10 4.41767e-10 5.25555e-10 6.05084e-10 6.73905e-10 7.27099e-10 7.62768e-10 7.82607e-10 7.90665e-10 7.90266e-10 7.80812e-10 7.57352e-10 7.13787e-10 6.47312e-10 5.60961e-10 4.62971e-10 3.63864e-10 2.73063e-10 1.96615e-10 1.36682e-10 9.23683e-11 6.10918e-11 3.97947e-11 2.56791e-11 1.65071e-11 1.06342e-11 6.90978e-12 4.56017e-12 3.07554e-12 2.12717e-12 1.50592e-12 1.08016e-12 7.66968e-13 5.10362e-13 
1.9536e-12 3.13222e-12 4.58943e-12 6.55408e-12 9.26485e-12 1.30453e-11 1.83411e-11 2.57709e-11 3.61744e-11 5.06554e-11 7.06034e-11 9.76589e-11 1.33604e-10 1.80111e-10 2.38347e-10 3.08431e-10 3.88827e-10 4.75936e-10 5.64155e-10 6.46691e-10 7.17063e-10 7.70788e-10 8.06473e-10 8.25522e-10 8.30222e-10 8.21178e-10 7.96079e-10 7.5115e-10 6.84373e-10 5.98094e-10 4.99305e-10 3.97651e-10 3.02485e-10 2.20494e-10 1.54762e-10 1.05189e-10 6.96482e-11 4.51913e-11 2.88985e-11 1.83179e-11 1.15779e-11 7.34463e-12 4.71016e-12 3.07554e-12 2.05757e-12 1.41386e-12 9.94177e-13 7.0578e-13 4.88608e-13 3.01699e-13 
1.14709e-12 2.05293e-12 3.11648e-12 4.52564e-12 6.47703e-12 9.2227e-12 1.31122e-11 1.86389e-11 2.64872e-11 3.75864e-11 5.31458e-11 7.46735e-11 1.03924e-10 1.42757e-10 1.92852e-10 2.55267e-10 3.29851e-10 4.14646e-10 5.0554e-10 5.9646e-10 6.80329e-10 7.50628e-10 8.02911e-10 8.35477e-10 8.48697e-10 8.43292e-10 8.18874e-10 7.74046e-10 7.08205e-10 6.23644e-10 5.26325e-10 4.24787e-10 3.27865e-10 2.42476e-10 1.72422e-10 1.18416e-10 7.89383e-11 5.13432e-11 3.2755e-11 2.06063e-11 1.28576e-11 8.00739e-12 5.01232e-12 3.1789e-12 2.05757e-12 1.36719e-12 9.34395e-13 6.52467e-13 4.56439e-13 3.03077e-13 
1.2847e-12 2.08083e-12 3.08965e-12 4.48146e-12 6.451e-12 9.26485e-12 1.33072e-11 1.91159e-11 2.74391e-11 3.92815e-11 5.59389e-11 7.90023e-11 1.10284e-10 1.51647e-10 2.04681e-10 2.70229e-10 3.47786e-10 4.3494e-10 5.27115e-10 6.17878e-10 6.99974e-10 7.66802e-10 8.13728e-10 8.38536e-10 8.40815e-10 8.20846e-10 7.79001e-10 7.16267e-10 6.35442e-10 5.41899e-10 4.4313e-10 3.47182e-10 2.60833e-10 1.88336e-10 1.31133e-10 8.83965e-11 5.79428e-11 3.70998e-11 2.33145e-11 1.44556e-11 8.8951e-12 5.46934e-12 3.38497e-12 2.12717e-12 1.36719e-12 9.04591e-13 6.15471e-13 4.26549e-13 2.92214e-13 1.80078e-13 
7.4914e-13 1.35507e-12 2.08303e-12 3.06849e-12 4.46573e-12 6.47703e-12 9.39033e-12 1.36182e-11 1.97451e-11 2.85695e-11 4.11574e-11 5.88612e-11 8.33026e-11 1.16285e-10 1.59576e-10 2.14564e-10 2.81758e-10 3.60207e-10 4.47016e-10 5.37191e-10 6.24064e-10 7.00332e-10 7.59435e-10 7.96705e-10 8.09785e-10 7.98289e-10 7.63199e-10 7.06617e-10 6.32031e-10 5.44651e-10 4.51183e-10 3.58853e-10 2.74052e-10 2.01215e-10 1.42363e-10 9.73561e-11 6.45771e-11 4.17046e-11 2.63312e-11 1.63267e-11 9.99369e-12 6.07599e-12 3.69462e-12 2.26599e-12 1.41386e-12 9.04591e-13 5.95995e-13 4.04426e-13 2.77394e-13 1.82912e-13 
8.41661e-13 1.38057e-12 2.07793e-12 3.06104e-12 4.48146e-12 6.55408e-12 9.58678e-12 1.40228e-11 2.04811e-11 2.98017e-11 4.30824e-11 6.16934e-11 8.72299e-11 1.21398e-10 1.65769e-10 2.21409e-10 2.88384e-10 3.65233e-10 4.48584e-10 5.33135e-10 6.12167e-10 6.78587e-10 7.26202e-10 7.50759e-10 7.50394e-10 7.25505e-10 6.78367e-10 6.12811e-10 5.34024e-10 4.48209e-10 3.619e-10 2.81015e-10 2.09966e-10 1.51174e-10 1.05111e-10 7.07667e-11 4.62754e-11 2.94898e-11 1.83848e-11 1.12637e-11 6.81657e-12 4.10146e-12 2.47231e-12 1.50592e-12 9.34395e-13 5.95995e-13 3.92345e-13 2.65013e-13 1.78799e-13 1.09538e-13 
4.8626e-13 8.90912e-13 1.38855e-12 2.0758e-12 3.06849e-12 4.52564e-12 6.67251e-12 9.83726e-12 1.44865e-11 2.12647e-11 3.10322e-11 4.48907e-11 6.41765e-11 9.03922e-11 1.25058e-10 1.69448e-10 2.24205e-10 2.88884e-10 3.61511e-10 4.38325e-10 5.13905e-10 5.81765e-10 6.35384e-10 6.69363e-10 6.80358e-10 6.67506e-10 6.32323e-10 5.78298e-10 5.10352e-10 4.34267e-10 3.56033e-10 2.81125e-10 2.13826e-10 1.56792e-10 1.10999e-10 7.60106e-11 5.04681e-11 3.2578e-11 2.05106e-11 1.26417e-11 7.66158e-12 4.59256e-12 2.73993e-12 1.64029e-12 9.94177e-13 6.15471e-13 3.92345e-13 2.58279e-13 1.72945e-13 1.12814e-13 
5.47531e-13 9.11103e-13 1.39072e-12 2.07793e-12 3.08965e-12 4.58943e-12 6.81711e-12 1.01127e-11 1.49608e-11 2.20141e-11 3.21306e-11 4.63806e-11 6.60125e-11 9.23693e-11 1.26706e-10 1.69917e-10 2.22172e-10 2.82513e-10 3.48528e-10 4.1625e-10 4.80403e-10 5.3507e-10 5.74659e-10 5.94926e-10 5.93744e-10 5.71396e-10 5.3039e-10 4.74921e-10 4.10178e-10 3.41631e-10 2.7435e-10 2.12448e-10 1.58708e-10 1.14479e-10 7.98395e-11 5.39268e-11 3.53512e-11 2.25476e-11 1.40372e-11 8.56181e-12 5.14137e-12 3.05688e-12 1.81226e-12 1.08016e-12 6.52467e-13 4.04426e-13 2.58279e-13 1.69495e-13 1.12283e-13 6.9019e-14 
3.10767e-13 5.81204e-13 9.17585e-13 1.38855e-12 2.08303e-12 3.11648e-12 4.66029e-12 6.96031e-12 1.03698e-11 1.53728e-11 2.26188e-11 3.29333e-11 4.73124e-11 6.68715e-11 9.27307e-11 1.25827e-10 1.66639e-10 2.14865e-10 2.69114e-10 3.26699e-10 3.83684e-10 4.35233e-10 4.76285e-10 5.02425e-10 5.1072e-10 5.00266e-10 4.72312e-10 4.29935e-10 3.77441e-10 3.19638e-10 2.61155e-10 2.05902e-10 1.56709e-10 1.15199e-10 8.18671e-11 5.631e-11 3.75447e-11 2.4315e-11 1.53336e-11 9.44646e-12 5.70901e-12 3.40082e-12 2.00903e-12 1.18605e-12 7.0578e-13 4.26549e-13 2.65013e-13 1.69495e-13 1.11019e-13 7.06913e-14 
3.50022e-13 5.91073e-13 9.11103e-13 1.38057e-12 2.08083e-12 3.13222e-12 4.70912e-12 7.05986e-12 1.05379e-11 1.56192e-11 2.29219e-11 3.32141e-11 4.73809e-11 6.636e-11 9.10153e-11 1.21937e-10 1.59207e-10 2.02128e-10 2.49017e-10 2.97128e-10 3.42806e-10 3.81892e-10 4.1036e-10 4.25033e-10 4.24204e-10 4.07963e-10 3.78146e-10 3.37945e-10 2.91309e-10 2.42299e-10 1.94537e-10 1.50827e-10 1.12976e-10 8.18078e-11 5.73143e-11 3.88943e-11 2.56053e-11 1.63862e-11 1.02217e-11 6.23617e-12 3.73792e-12 2.21324e-12 1.30173e-12 7.66968e-13 4.56439e-13 2.77394e-13 1.72945e-13 1.11019e-13 7.25122e-14 4.3486e-14 
1.91915e-13 3.65383e-13 5.81204e-13 8.90912e-13 1.35507e-12 2.05293e-12 3.10475e-12 4.68227e-12 7.03376e-12 1.04961e-11 1.55183e-11 2.26695e-11 3.26258e-11 4.61327e-11 6.39248e-11 8.6595e-11 1.14415e-10 1.47136e-10 1.83797e-10 2.22611e-10 2.60994e-10 2.95779e-10 3.23629e-10 3.41573e-10 3.47551e-10 3.40827e-10 3.22124e-10 2.93477e-10 2.57831e-10 2.18522e-10 1.78749e-10 1.41183e-10 1.07727e-10 7.94497e-11 5.66743e-11 3.91364e-11 2.61939e-11 1.70214e-11 1.07632e-11 6.64321e-12 4.0173e-12 2.39154e-12 1.40937e-12 8.28011e-13 4.88608e-13 2.92214e-13 1.78799e-13 1.12283e-13 7.25122e-14 4.5394e-14 
2.06779e-13 3.50022e-13 5.47531e-13 8.41661e-13 1.2847e-12 1.9536e-12 2.96365e-12 4.47816e-12 6.725e-12 1.00129e-11 1.47429e-11 2.14029e-11 3.05526e-11 4.27747e-11 5.85934e-11 7.83496e-11 1.02061e-10 1.29267e-10 1.58911e-10 1.89309e-10 2.18235e-10 2.43159e-10 2.61598e-10 2.71536e-10 2.71796e-10 2.62277e-10 2.43979e-10 2.1881e-10 1.89239e-10 1.57885e-10 1.27126e-10 9.88294e-11 7.42219e-11 5.38807e-11 3.78399e-11 2.57358e-11 1.69765e-11 1.08844e-11 6.80059e-12 4.15439e-12 2.49318e-12 1.47611e-12 8.68741e-13 5.10362e-13 3.03077e-13 1.82912e-13 1.12814e-13 7.06913e-14 4.5394e-14 2.78336e-14 
9.99886e-14 1.91915e-13 3.10767e-13 4.8626e-13 7.4914e-13 1.14709e-12 1.7486e-12 2.65584e-12 4.01051e-12 6.01262e-12 8.92127e-12 1.30692e-11 1.88476e-11 2.66897e-11 3.70189e-11 5.01775e-11 6.63249e-11 8.53302e-11 1.06664e-10 1.29347e-10 1.51944e-10 1.7269e-10 1.89688e-10 2.01189e-10 2.05898e-10 2.03208e-10 1.93335e-10 1.77285e-10 1.56675e-10 1.33457e-10 1.09593e-10 8.67937e-11 6.63248e-11 4.89365e-11 3.4893e-11 2.40715e-11 1.60909e-11 1.04443e-11 6.59852e-12 4.07081e-12 2.46241e-12 1.4676e-12 8.66121e-13 5.09415e-13 3.01699e-13 1.80078e-13 1.09538e-13 6.9019e-14 4.3486e-14 2.78336e-14 
