1 100 50
2.47155e-14 4.62497e-14 7.45233e-14 1.17284e-13 1.84382e-13 2.95567e-13 4.83373e-13 8.02915e-13 1.34964e-12 2.27931e-12 3.84886e-12 6.45183e-12 1.06785e-11 1.73533e-11 2.75391e-11 4.24859e-11 6.34622e-11 9.14997e-11 1.27046e-10 1.6964e-10 2.17684e-10 2.68417e-10 3.1813e-10 3.62592e-10 3.97643e-10 4.19819e-10 4.26903e-10 4.1828e-10 3.95026e-10 3.59713e-10 3.15959e-10 2.6784e-10 2.19279e-10 1.73554e-10 1.32973e-10 9.87967e-11 7.13377e-11 5.01916e-11 3.45153e-11 2.32788e-11 1.5458e-11 1.01482e-11 6.61472e-12 4.29844e-12 2.7957e-12 1.82439e-12 1.1965e-12 7.87856e-13 5.20706e-13 3.37442e-13 
5.00232e-14 8.54264e-14 1.34906e-13 2.103e-13 3.34386e-13 5.42028e-13 8.9282e-13 1.49258e-12 2.51416e-12 4.24368e-12 7.13668e-12 1.18875e-11 1.95075e-11 3.1369e-11 4.91847e-11 7.48565e-11 1.10162e-10 1.56279e-10 2.13247e-10 2.79509e-10 3.51702e-10 4.24828e-10 4.928e-10 5.4929e-10 5.88707e-10 6.07104e-10 6.02812e-10 5.76681e-10 5.31862e-10 4.7321e-10 4.06447e-10 3.37284e-10 2.70673e-10 2.10312e-10 1.58454e-10 1.15974e-10 8.26423e-11 5.74876e-11 3.91564e-11 2.62065e-11 1.73009e-11 1.13135e-11 7.35925e-12 4.78041e-12 3.11104e-12 2.03117e-12 1.33157e-12 8.72285e-13 5.63785e-13 3.37442e-13 
4.62497e-14 8.97705e-14 1.4423e-13 2.24786e-13 3.51349e-13 5.6181e-13 9.16338e-13 1.51965e-12 2.54844e-12 4.29643e-12 7.23957e-12 1.21257e-11 2.00852e-11 3.27316e-11 5.22161e-11 8.11444e-11 1.22281e-10 1.77994e-10 2.49467e-10 3.35887e-10 4.33843e-10 5.37236e-10 6.3781e-10 7.26278e-10 7.93786e-10 8.33404e-10 8.41294e-10 8.17294e-10 7.64797e-10 6.89997e-10 6.00724e-10 5.05161e-10 4.10718e-10 3.23233e-10 2.46576e-10 1.82635e-10 1.31617e-10 9.25123e-11 6.36026e-11 4.29085e-11 2.85081e-11 1.87287e-11 1.22171e-11 7.94521e-12 5.1689e-12 3.37189e-12 2.2049e-12 1.44205e-12 9.31783e-13 5.63785e-13 
8.54264e-14 1.4704e-13 2.30191e-13 3.55186e-13 5.57796e-13 8.9628e-13 1.46997e-12 2.44755e-12 4.11005e-12 6.92091e-12 1.16291e-11 1.94005e-11 3.19768e-11 5.18173e-11 8.21441e-11 1.26755e-10 1.89497e-10 2.73335e-10 3.79114e-10 5.04376e-10 6.42678e-10 7.83796e-10 9.14965e-10 1.02291e-09 1.09621e-09 1.1273e-09 1.11377e-09 1.05854e-09 9.6895e-10 8.55248e-10 7.2871e-10 6.00006e-10 4.77958e-10 3.68837e-10 2.76183e-10 2.0107e-10 1.42664e-10 9.89222e-11 6.72411e-11 4.49606e-11 2.96869e-11 1.94355e-11 1.26696e-11 8.25234e-12 5.38618e-12 3.52346e-12 2.30719e-12 1.49811e-12 9.31783e-13 5.20706e-13 
7.45233e-14 1.4423e-13 2.3139e-13 3.5355e-13 5.45467e-13 8.60152e-13 1.38896e-12 2.28608e-12 3.80956e-12 6.39247e-12 1.07413e-11 1.79897e-11 2.98967e-11 4.90724e-11 7.91641e-11 1.24876e-10 1.91607e-10 2.84547e-10 4.07153e-10 5.59277e-10 7.35522e-10 9.24605e-10 1.11026e-09 1.27369e-09 1.39705e-09 1.46686e-09 1.47646e-09 1.42697e-09 1.32639e-09 1.18753e-09 1.02549e-09 8.5516e-10 6.89432e-10 5.38041e-10 4.07099e-10 2.99223e-10 2.14157e-10 1.49661e-10 1.0244e-10 6.89122e-11 4.57301e-11 3.00575e-11 1.96488e-11 1.28238e-11 8.38147e-12 5.49234e-12 3.60479e-12 2.35456e-12 1.49811e-12 8.72285e-13 
1.34906e-13 2.30191e-13 3.53051e-13 5.34457e-13 8.25753e-13 1.30618e-12 2.11465e-12 3.48423e-12 5.80202e-12 9.71192e-12 1.62674e-11 2.71498e-11 4.49588e-11 7.35343e-11 1.18197e-10 1.85695e-10 2.83546e-10 4.18511e-10 5.94181e-10 8.08189e-10 1.0501e-09 1.30115e-09 1.53656e-09 1.73009e-09 1.85937e-09 1.91057e-09 1.88067e-09 1.77715e-09 1.6153e-09 1.41464e-09 1.19539e-09 9.75796e-10 7.704e-10 5.89132e-10 4.37193e-10 3.15595e-10 2.22232e-10 1.53135e-10 1.03617e-10 6.91011e-11 4.56003e-11 2.99017e-11 1.95617e-11 1.28104e-11 8.41285e-12 5.53835e-12 3.6402e-12 2.35456e-12 1.44205e-12 7.87856e-13 
1.17284e-13 2.24786e-13 3.5355e-13 5.31147e-13 8.00877e-13 1.23868e-12 1.96432e-12 3.18425e-12 5.23922e-12 8.7013e-12 1.45126e-11 2.4215e-11 4.02636e-11 6.64512e-11 1.08353e-10 1.73626e-10 2.71799e-10 4.13101e-10 6.05937e-10 8.53142e-10 1.14799e-09 1.47176e-09 1.79466e-09 2.0807e-09 2.29538e-09 2.41349e-09 2.42425e-09 2.33225e-09 2.15452e-09 1.91544e-09 1.64163e-09 1.35807e-09 1.08566e-09 8.39743e-10 6.29582e-10 4.58597e-10 3.25484e-10 2.25822e-10 1.53702e-10 1.03018e-10 6.82659e-11 4.49137e-11 2.94598e-11 1.93347e-11 1.27265e-11 8.40502e-12 5.55417e-12 3.6402e-12 2.30719e-12 1.33157e-12 
2.103e-13 3.55186e-13 5.34457e-13 7.92668e-13 1.19508e-12 1.84947e-12 2.93744e-12 4.75488e-12 7.80023e-12 1.28995e-11 2.14141e-11 3.55701e-11 5.89126e-11 9.69132e-11 1.57574e-10 2.51764e-10 3.92701e-10 5.939e-10 8.65077e-10 1.20648e-09 1.60351e-09 2.02453e-09 2.4244e-09 2.75374e-09 2.97089e-09 3.05184e-09 2.9943e-09 2.81514e-09 2.54356e-09 2.21349e-09 1.85797e-09 1.50579e-09 1.17954e-09 8.94453e-10 6.58075e-10 4.71112e-10 3.29286e-10 2.25541e-10 1.51977e-10 1.01159e-10 6.67974e-11 4.39415e-11 2.89106e-11 1.90782e-11 1.26402e-11 8.39466e-12 5.55417e-12 3.60479e-12 2.2049e-12 1.1965e-12 
1.84382e-13 3.51349e-13 5.45467e-13 8.00877e-13 1.17979e-12 1.77937e-12 2.75698e-12 4.37309e-12 7.05632e-12 1.15188e-11 1.89392e-11 3.12647e-11 5.16682e-11 8.52204e-11 1.39723e-10 2.26527e-10 3.60827e-10 5.60556e-10 8.42851e-10 1.21759e-09 1.67915e-09 2.19966e-09 2.72859e-09 3.20117e-09 3.55435e-09 3.74362e-09 3.75333e-09 3.59658e-09 3.30654e-09 2.92517e-09 2.49461e-09 2.05273e-09 1.63101e-09 1.25286e-09 9.323e-10 6.74006e-10 4.7505e-10 3.27687e-10 2.22123e-10 1.48587e-10 9.85176e-11 6.50273e-11 4.2905e-11 2.83892e-11 1.88683e-11 1.25872e-11 8.39466e-12 5.53835e-12 3.52346e-12 2.03117e-12 
3.34386e-13 5.57796e-13 8.25753e-13 1.19508e-12 1.75556e-12 2.64804e-12 4.10067e-12 6.48374e-12 1.04083e-11 1.688e-11 2.75628e-11 4.52023e-11 7.42819e-11 1.21968e-10 1.99265e-10 3.22056e-10 5.11188e-10 7.90298e-10 1.17991e-09 1.68752e-09 2.29619e-09 2.95741e-09 3.59486e-09 4.12146e-09 4.46404e-09 4.58404e-09 4.48421e-09 4.1996e-09 3.7808e-09 3.28003e-09 2.74469e-09 2.21599e-09 1.72744e-09 1.30238e-09 9.52274e-10 6.77678e-10 4.71277e-10 3.21647e-10 2.16399e-10 1.44166e-10 9.55354e-11 6.32451e-11 4.19749e-11 2.79904e-11 1.87528e-11 1.25872e-11 8.40502e-12 5.49234e-12 3.37189e-12 1.82439e-12 
2.95567e-13 5.6181e-13 8.60152e-13 1.23868e-12 1.77937e-12 2.61164e-12 3.93798e-12 6.0835e-12 9.57143e-12 1.5258e-11 2.45485e-11 3.97642e-11 6.47322e-11 1.05717e-10 1.72733e-10 2.81109e-10 4.52709e-10 7.15503e-10 1.09952e-09 1.62728e-09 2.29926e-09 3.07917e-09 3.88848e-09 4.61894e-09 5.16227e-09 5.44474e-09 5.44761e-09 5.20292e-09 4.77051e-09 4.21432e-09 3.59134e-09 2.95173e-09 2.33978e-09 1.79078e-09 1.32668e-09 9.54776e-10 6.70309e-10 4.61158e-10 3.1235e-10 2.09266e-10 1.39334e-10 9.26118e-11 6.16873e-11 4.12827e-11 2.77752e-11 1.87528e-11 1.26402e-11 8.41285e-12 5.38618e-12 3.11104e-12 
5.42028e-13 8.9628e-13 1.30618e-12 1.84947e-12 2.64804e-12 3.88408e-12 5.84717e-12 8.99325e-12 1.40542e-11 2.22142e-11 3.54148e-11 5.68523e-11 9.18023e-11 1.48915e-10 2.42018e-10 3.9216e-10 6.28879e-10 9.88692e-10 1.50794e-09 2.20797e-09 3.07465e-09 4.04136e-09 4.98939e-09 5.77532e-09 6.27794e-09 6.44046e-09 6.2813e-09 5.86874e-09 5.28209e-09 4.58891e-09 3.84596e-09 3.10642e-09 2.41874e-09 1.81922e-09 1.32641e-09 9.41587e-10 6.53893e-10 4.4642e-10 3.01104e-10 2.01629e-10 1.34676e-10 9.00937e-11 6.05417e-11 4.09143e-11 2.77752e-11 1.88683e-11 1.27265e-11 8.38147e-12 5.1689e-12 2.7957e-12 
4.83373e-13 9.16338e-13 1.38896e-12 1.96432e-12 2.75698e-12 3.93798e-12 5.76927e-12 8.65628e-12 1.3232e-11 2.05043e-11 3.20965e-11 5.06544e-11 8.05286e-11 1.28906e-10 2.07587e-10 3.35418e-10 5.40838e-10 8.62901e-10 1.34773e-09 2.03654e-09 2.94353e-09 4.02876e-09 5.1817e-09 6.23443e-09 7.01236e-09 7.40064e-09 7.38472e-09 7.03497e-09 6.4513e-09 5.71662e-09 4.89196e-09 4.03402e-09 3.2024e-09 2.4506e-09 1.81373e-09 1.30415e-09 9.15639e-10 6.30976e-10 4.28994e-10 2.89244e-10 1.94346e-10 1.30697e-10 8.82547e-11 5.99364e-11 4.09143e-11 2.79904e-11 1.90782e-11 1.28104e-11 8.25234e-12 4.78041e-12 
8.9282e-13 1.46997e-12 2.11465e-12 2.93744e-12 4.10067e-12 5.84717e-12 8.54552e-12 1.27564e-11 1.93483e-11 2.96933e-11 4.59888e-11 7.17999e-11 1.12981e-10 1.79211e-10 2.86393e-10 4.59845e-10 7.37304e-10 1.16912e-09 1.8112e-09 2.70591e-09 3.85045e-09 5.16362e-09 6.47623e-09 7.568e-09 8.25055e-09 8.44799e-09 8.21486e-09 7.67431e-09 6.93525e-09 6.06461e-09 5.11445e-09 4.14832e-09 3.23678e-09 2.43668e-09 1.77797e-09 1.26414e-09 8.8065e-10 6.04394e-10 4.10843e-10 2.7803e-10 1.88167e-10 1.27806e-10 8.72866e-11 5.99364e-11 4.12827e-11 2.83892e-11 1.93347e-11 1.28238e-11 7.94521e-12 4.29844e-12 
8.02915e-13 1.51965e-12 2.28608e-12 3.18425e-12 4.37309e-12 6.0835e-12 8.65628e-12 1.26009e-11 1.86841e-11 2.80829e-11 4.26421e-11 6.53061e-11 1.00835e-10 1.57029e-10 2.46774e-10 3.91231e-10 6.23879e-10 9.9375e-10 1.56381e-09 2.39823e-09 3.53309e-09 4.93367e-09 6.45841e-09 7.86812e-09 8.90085e-09 9.39035e-09 9.34071e-09 8.88971e-09 8.18743e-09 7.31756e-09 6.32003e-09 5.24845e-09 4.18473e-09 3.21089e-09 2.38188e-09 1.71791e-09 1.21175e-09 8.40743e-10 5.77014e-10 3.9382e-10 2.68574e-10 1.83698e-10 1.26288e-10 8.72866e-11 6.05417e-11 4.19749e-11 2.89106e-11 1.95617e-11 1.26696e-11 7.35925e-12 
1.49258e-12 2.44755e-12 3.48423e-12 4.75488e-12 6.48374e-12 8.99325e-12 1.27564e-11 1.84676e-11 2.71615e-11 4.04133e-11 6.06838e-11 9.18853e-11 1.40333e-10 2.16337e-10 3.36877e-10 5.29702e-10 8.38255e-10 1.32463e-09 2.06449e-09 3.12567e-09 4.52525e-09 6.17646e-09 7.85855e-09 9.26297e-09 1.01183e-08 1.03328e-08 1.00262e-08 9.40074e-09 8.58235e-09 7.59902e-09 6.47473e-09 5.28762e-09 4.1438e-09 3.13076e-09 2.29428e-09 1.6411e-09 1.15286e-09 8.00051e-10 5.51518e-10 3.79535e-10 2.61757e-10 1.81355e-10 1.26288e-10 8.82547e-11 6.16873e-11 4.2905e-11 2.94598e-11 1.96488e-11 1.22171e-11 6.61472e-12 
1.34964e-12 2.54844e-12 3.80956e-12 5.23922e-12 7.05632e-12 9.57143e-12 1.3232e-11 1.86841e-11 2.68616e-11 3.91419e-11 5.76146e-11 8.55409e-11 1.28109e-10 1.93673e-10 2.95784e-10 4.56555e-10 7.11725e-10 1.1163e-09 1.74625e-09 2.68754e-09 4.00237e-09 5.6705e-09 7.53062e-09 9.27177e-09 1.05373e-08 1.11019e-08 1.10089e-08 1.04976e-08 9.77336e-09 8.87358e-09 7.77298e-09 6.5187e-09 5.23003e-09 4.03211e-09 3.00693e-09 2.18429e-09 1.55584e-09 1.09336e-09 7.6241e-10 5.30227e-10 3.69273e-10 2.58191e-10 1.81355e-10 1.27806e-10 9.00937e-11 6.32451e-11 4.39415e-11 2.99017e-11 1.94355e-11 1.13135e-11 
2.51416e-12 4.11005e-12 5.80202e-12 7.80023e-12 1.04083e-11 1.40542e-11 1.93483e-11 2.71615e-11 3.87301e-11 5.58674e-11 8.13309e-11 1.19441e-10 1.77103e-10 2.65382e-10 4.01984e-10 6.15254e-10 9.50069e-10 1.4737e-09 2.27477e-09 3.44349e-09 5.02225e-09 6.93083e-09 8.91421e-09 1.05753e-08 1.15573e-08 1.1762e-08 1.14098e-08 1.08048e-08 1.00466e-08 9.06033e-09 7.82446e-09 6.4449e-09 5.08144e-09 3.86269e-09 2.85336e-09 2.06338e-09 1.47036e-09 1.03865e-09 7.31118e-10 5.14977e-10 3.63915e-10 2.58191e-10 1.83698e-10 1.30697e-10 9.26118e-11 6.50273e-11 4.49137e-11 3.00575e-11 1.87287e-11 1.01482e-11 
2.27931e-12 4.29643e-12 6.39247e-12 8.7013e-12 1.15188e-11 1.5258e-11 2.05043e-11 2.80829e-11 3.91419e-11 5.53014e-11 7.89312e-11 1.13667e-10 1.65281e-10 2.43029e-10 3.616e-10 5.43893e-10 8.25335e-10 1.26017e-09 1.92686e-09 2.9227e-09 4.33246e-09 6.16007e-09 8.24118e-09 1.02156e-08 1.16287e-08 1.22125e-08 1.2082e-08 1.1612e-08 1.10231e-08 1.02333e-08 9.12218e-09 7.73749e-09 6.25589e-09 4.85717e-09 3.65388e-09 2.68568e-09 1.94292e-09 1.39218e-09 9.93353e-10 7.0877e-10 5.0703e-10 3.63915e-10 2.61757e-10 1.88167e-10 1.34676e-10 9.55354e-11 6.67974e-11 4.56003e-11 2.96869e-11 1.73009e-11 
4.24368e-12 6.92091e-12 9.71192e-12 1.28995e-11 1.688e-11 2.22142e-11 2.96933e-11 4.04133e-11 5.58674e-11 7.81514e-11 1.10363e-10 1.57338e-10 2.26869e-10 3.31472e-10 4.90584e-10 7.33203e-10 1.10183e-09 1.65862e-09 2.49009e-09 3.69608e-09 5.34218e-09 7.37129e-09 9.50935e-09 1.12977e-08 1.23038e-08 1.24705e-08 1.21571e-08 1.17344e-08 1.11896e-08 1.03083e-08 9.02902e-09 7.50787e-09 5.96865e-09 4.58083e-09 3.42668e-09 2.51938e-09 1.83325e-09 1.3277e-09 9.61094e-10 6.97144e-10 5.0703e-10 3.69273e-10 2.68574e-10 1.94346e-10 1.39334e-10 9.85176e-11 6.82659e-11 4.57301e-11 2.85081e-11 1.5458e-11 
3.84886e-12 7.23957e-12 1.07413e-11 1.45126e-11 1.89392e-11 2.45485e-11 3.20965e-11 4.26421e-11 5.76146e-11 7.89312e-11 1.09288e-10 1.52761e-10 2.15866e-10 3.09247e-10 4.49838e-10 6.62966e-10 9.83968e-10 1.46091e-09 2.1608e-09 3.17383e-09 4.59327e-09 6.44724e-09 8.58733e-09 1.06114e-08 1.20206e-08 1.25446e-08 1.24247e-08 1.21458e-08 1.1851e-08 1.12781e-08 1.0221e-08 8.76493e-09 7.15318e-09 5.61309e-09 4.28024e-09 3.20194e-09 2.36848e-09 1.74308e-09 1.28189e-09 9.44339e-10 6.97144e-10 5.14977e-10 3.79535e-10 2.7803e-10 2.01629e-10 1.44166e-10 1.01159e-10 6.91011e-11 4.49606e-11 2.62065e-11 
7.13668e-12 1.16291e-11 1.62674e-11 2.14141e-11 2.75628e-11 3.54148e-11 4.59888e-11 6.06838e-11 8.13309e-11 1.10363e-10 1.51265e-10 2.09465e-10 2.93854e-10 4.18991e-10 6.07492e-10 8.91299e-10 1.31118e-09 1.9179e-09 2.77929e-09 3.98288e-09 5.60299e-09 7.60033e-09 9.70256e-09 1.14051e-08 1.23036e-08 1.24178e-08 1.22579e-08 1.21739e-08 1.19452e-08 1.12121e-08 9.93755e-09 8.34603e-09 6.7103e-09 5.22541e-09 3.98306e-09 2.99838e-09 2.24469e-09 1.67915e-09 1.25813e-09 9.44339e-10 7.0877e-10 5.30227e-10 3.9382e-10 2.89244e-10 2.09266e-10 1.48587e-10 1.03018e-10 6.89122e-11 4.29085e-11 2.32788e-11 
6.45183e-12 1.21257e-11 1.79897e-11 2.4215e-11 3.12647e-11 3.97642e-11 5.06544e-11 6.53061e-11 8.55409e-11 1.13667e-10 1.52761e-10 2.07364e-10 2.84802e-10 3.97238e-10 5.64306e-10 8.15315e-10 1.18882e-09 1.72916e-09 2.48593e-09 3.52189e-09 4.91366e-09 6.69235e-09 8.71237e-09 1.0582e-08 1.17945e-08 1.21645e-08 1.21038e-08 1.21548e-08 1.22552e-08 1.19146e-08 1.09326e-08 9.46843e-09 7.81542e-09 6.22486e-09 4.84158e-09 3.71401e-09 2.8316e-09 2.15704e-09 1.64602e-09 1.25813e-09 9.61094e-10 7.31118e-10 5.51518e-10 4.10843e-10 3.01104e-10 2.16399e-10 1.51977e-10 1.03617e-10 6.72411e-11 3.91564e-11 
1.18875e-11 1.94005e-11 2.71498e-11 3.55701e-11 4.52023e-11 5.68523e-11 7.17999e-11 9.18853e-11 1.19441e-10 1.57338e-10 2.09465e-10 2.81817e-10 3.84314e-10 5.3336e-10 7.54641e-10 1.08475e-09 1.56851e-09 2.25108e-09 3.17461e-09 4.38894e-09 5.94068e-09 7.78397e-09 9.66358e-09 1.11186e-08 1.17187e-08 1.17328e-08 1.18356e-08 1.21941e-08 1.22709e-08 1.16673e-08 1.04365e-08 8.85922e-09 7.22768e-09 5.74229e-09 4.49364e-09 3.49357e-09 2.71359e-09 2.11167e-09 1.64602e-09 1.28189e-09 9.93353e-10 7.6241e-10 5.77014e-10 4.28994e-10 3.1235e-10 2.22123e-10 1.53702e-10 1.0244e-10 6.36026e-11 3.45153e-11 
1.06785e-11 2.00852e-11 2.98967e-11 4.02636e-11 5.16682e-11 6.47322e-11 8.05286e-11 1.00835e-10 1.28109e-10 1.65281e-10 2.15866e-10 2.84802e-10 3.80033e-10 5.14837e-10 7.10694e-10 1.00009e-09 1.42761e-09 2.04368e-09 2.88885e-09 3.98819e-09 5.35967e-09 6.99569e-09 8.78255e-09 1.03384e-08 1.11434e-08 1.12028e-08 1.12603e-08 1.18013e-08 1.22571e-08 1.20885e-08 1.1174e-08 9.76534e-09 8.17156e-09 6.63835e-09 5.30322e-09 4.20814e-09 3.33749e-09 2.65248e-09 2.11167e-09 1.67915e-09 1.3277e-09 1.03865e-09 8.00051e-10 6.04394e-10 4.4642e-10 3.21647e-10 2.25541e-10 1.53135e-10 9.89222e-11 5.74876e-11 
1.95075e-11 3.19768e-11 4.49588e-11 5.89126e-11 7.42819e-11 9.18023e-11 1.12981e-10 1.40333e-10 1.77103e-10 2.26869e-10 2.93854e-10 3.84314e-10 5.08681e-10 6.843e-10 9.3857e-10 1.31192e-09 1.85781e-09 2.62924e-09 3.65223e-09 4.91155e-09 6.37599e-09 8.00935e-09 9.55784e-09 1.04713e-08 1.0571e-08 1.04931e-08 1.1078e-08 1.19101e-08 1.2176e-08 1.16383e-08 1.04665e-08 8.9866e-09 7.4727e-09 6.09833e-09 4.94163e-09 4.00561e-09 3.25662e-09 2.65248e-09 2.15704e-09 1.74308e-09 1.39218e-09 1.09336e-09 8.40743e-10 6.30976e-10 4.61158e-10 3.27687e-10 2.25822e-10 1.49661e-10 9.25123e-11 5.01916e-11 
1.73533e-11 3.27316e-11 4.90724e-11 6.64512e-11 8.52204e-11 1.05717e-10 1.28906e-10 1.57029e-10 1.93673e-10 2.43029e-10 3.09247e-10 3.97238e-10 5.14837e-10 6.7551e-10 9.01663e-10 1.22834e-09 1.70538e-09 2.3937e-09 3.34169e-09 4.53367e-09 5.89201e-09 7.38283e-09 8.82378e-09 9.77514e-09 9.87869e-09 9.58909e-09 1.00786e-08 1.11953e-08 1.19923e-08 1.1826e-08 1.09367e-08 9.61613e-09 8.18307e-09 6.82641e-09 5.65065e-09 4.68408e-09 3.90047e-09 3.25662e-09 2.71359e-09 2.24469e-09 1.83325e-09 1.47036e-09 1.15286e-09 8.8065e-10 6.53893e-10 4.71277e-10 3.29286e-10 2.22232e-10 1.42664e-10 8.26423e-11 
3.1369e-11 5.18173e-11 7.35343e-11 9.69132e-11 1.21968e-10 1.48915e-10 1.79211e-10 2.16337e-10 2.65382e-10 3.31472e-10 4.18991e-10 5.3336e-10 6.843e-10 8.89368e-10 1.17851e-09 1.59713e-09 2.20284e-09 3.05821e-09 4.1809e-09 5.48073e-09 6.8754e-09 8.19294e-09 9.11275e-09 9.22278e-09 8.67585e-09 8.87726e-09 1.01605e-08 1.14773e-08 1.18389e-08 1.11935e-08 1.00501e-08 8.7255e-09 7.43432e-09 6.28609e-09 5.32955e-09 4.5499e-09 3.90047e-09 3.33749e-09 2.8316e-09 2.36848e-09 1.94292e-09 1.55584e-09 1.21175e-09 9.15639e-10 6.70309e-10 4.7505e-10 3.25484e-10 2.14157e-10 1.31617e-10 7.13377e-11 
2.75391e-11 5.22161e-11 7.91641e-11 1.08353e-10 1.39723e-10 1.72733e-10 2.07587e-10 2.46774e-10 2.95784e-10 3.616e-10 4.49838e-10 5.64306e-10 7.10694e-10 9.01663e-10 1.16192e-09 1.53344e-09 2.07188e-09 2.83356e-09 3.85634e-09 5.09515e-09 6.44193e-09 7.6948e-09 8.51408e-09 8.6405e-09 7.9142e-09 7.67501e-09 8.83596e-09 1.07331e-08 1.16552e-08 1.13929e-08 1.03312e-08 9.10679e-09 7.8934e-09 6.80333e-09 5.89481e-09 5.16127e-09 4.5499e-09 4.00561e-09 3.49357e-09 2.99838e-09 2.51938e-09 2.06338e-09 1.6411e-09 1.26414e-09 9.41587e-10 6.77678e-10 4.71112e-10 3.15595e-10 2.0107e-10 1.15974e-10 
4.91847e-11 8.21441e-11 1.18197e-10 1.57574e-10 1.99265e-10 2.42018e-10 2.86393e-10 3.36877e-10 4.01984e-10 4.90584e-10 6.07492e-10 7.54641e-10 9.3857e-10 1.17851e-09 1.51223e-09 1.99676e-09 2.68944e-09 3.60901e-09 4.75345e-09 6.05069e-09 7.27104e-09 8.03099e-09 8.17552e-09 7.4716e-09 6.82304e-09 7.46909e-09 9.86336e-09 1.15164e-08 1.16606e-08 1.0674e-08 9.40144e-09 8.23494e-09 7.18879e-09 6.34103e-09 5.68809e-09 5.16127e-09 4.68408e-09 4.20814e-09 3.71401e-09 3.20194e-09 2.68568e-09 2.18429e-09 1.71791e-09 1.30415e-09 9.54776e-10 6.74006e-10 4.58597e-10 2.99223e-10 1.82635e-10 9.87967e-11 
4.24859e-11 8.11444e-11 1.24876e-10 1.73626e-10 2.26527e-10 2.81109e-10 3.35418e-10 3.91231e-10 4.56555e-10 5.43893e-10 6.62966e-10 8.15315e-10 1.00009e-09 1.22834e-09 1.53344e-09 1.97174e-09 2.6115e-09 3.47512e-09 4.50949e-09 5.74699e-09 6.85749e-09 7.7252e-09 7.70992e-09 7.08624e-09 6.92924e-09 7.29944e-09 9.3404e-09 1.167e-08 1.24108e-08 1.14034e-08 9.89328e-09 8.58036e-09 7.50126e-09 6.66523e-09 6.09419e-09 5.68809e-09 5.32955e-09 4.94163e-09 4.49364e-09 3.98306e-09 3.42668e-09 2.85336e-09 2.29428e-09 1.77797e-09 1.32641e-09 9.52274e-10 6.58075e-10 4.37193e-10 2.76183e-10 1.58454e-10 
7.48565e-11 1.26755e-10 1.85695e-10 2.51764e-10 3.22056e-10 3.9216e-10 4.59845e-10 5.29702e-10 6.15254e-10 7.33203e-10 8.91299e-10 1.08475e-09 1.31192e-09 1.59713e-09 1.99676e-09 2.58541e-09 3.41369e-09 4.42537e-09 5.53536e-09 6.56706e-09 7.32378e-09 7.3336e-09 6.88922e-09 7.02199e-09 8.34194e-09 1.06598e-08 1.32696e-08 1.44747e-08 1.3112e-08 1.10807e-08 9.29854e-09 7.91644e-09 6.94636e-09 6.38106e-09 6.09419e-09 5.89481e-09 5.65065e-09 5.30322e-09 4.84158e-09 4.28024e-09 3.65388e-09 3.00693e-09 2.38188e-09 1.81373e-09 1.32668e-09 9.323e-10 6.29582e-10 4.07099e-10 2.46576e-10 1.32973e-10 
6.34622e-11 1.22281e-10 1.91607e-10 2.71799e-10 3.60827e-10 4.52709e-10 5.40838e-10 6.23879e-10 7.11725e-10 8.25335e-10 9.83968e-10 1.18882e-09 1.42761e-09 1.70538e-09 2.07188e-09 2.6115e-09 3.39066e-09 4.40836e-09 5.53876e-09 6.44323e-09 7.01021e-09 7.28313e-09 6.19022e-09 6.7631e-09 1.072e-08 1.46851e-08 1.56475e-08 1.81783e-08 1.7424e-08 1.36252e-08 1.10841e-08 8.88008e-09 7.40107e-09 6.63491e-09 6.38106e-09 6.34103e-09 6.28609e-09 6.09833e-09 5.74229e-09 5.22541e-09 4.58083e-09 3.86269e-09 3.13076e-09 2.43668e-09 1.81922e-09 1.30238e-09 8.94453e-10 5.89132e-10 3.68837e-10 2.10312e-10 
1.10162e-10 1.89497e-10 2.83546e-10 3.92701e-10 5.11188e-10 6.28879e-10 7.37304e-10 8.38255e-10 9.50069e-10 1.10183e-09 1.31118e-09 1.56851e-09 1.85781e-09 2.20284e-09 2.68944e-09 3.41369e-09 4.39322e-09 5.62891e-09 6.51144e-09 6.6734e-09 6.86839e-09 5.07215e-09 7.18835e-09 1.22355e-08 1.77896e-08 2.02242e-08 2.31893e-08 2.50938e-08 1.93972e-08 1.4954e-08 1.1206e-08 8.52985e-09 7.08616e-09 6.63491e-09 6.66523e-09 6.80333e-09 6.82641e-09 6.63835e-09 6.22486e-09 5.61309e-09 4.85717e-09 4.03211e-09 3.21089e-09 2.4506e-09 1.79078e-09 1.25286e-09 8.39743e-10 5.38041e-10 3.23233e-10 1.73554e-10 
9.14997e-11 1.77994e-10 2.84547e-10 4.13101e-10 5.60556e-10 7.15503e-10 8.62901e-10 9.9375e-10 1.1163e-09 1.26017e-09 1.46091e-09 1.72916e-09 2.04368e-09 2.3937e-09 2.83356e-09 3.47512e-09 4.40836e-09 5.67921e-09 6.63578e-09 6.56604e-09 6.26059e-09 5.70943e-09 6.39194e-09 1.16375e-08 1.9086e-08 2.55285e-08 3.04633e-08 3.36969e-08 2.88345e-08 2.13105e-08 1.65535e-08 1.12577e-08 8.25138e-09 7.08616e-09 6.94636e-09 7.18879e-09 7.43432e-09 7.4727e-09 7.22768e-09 6.7103e-09 5.96865e-09 5.08144e-09 4.1438e-09 3.23678e-09 2.41874e-09 1.72744e-09 1.17954e-09 7.704e-10 4.77958e-10 2.70673e-10 
1.56279e-10 2.73335e-10 4.18511e-10 5.939e-10 7.90298e-10 9.88692e-10 1.16912e-09 1.32463e-09 1.4737e-09 1.65862e-09 1.9179e-09 2.25108e-09 2.62924e-09 3.05821e-09 3.60901e-09 4.42537e-09 5.62891e-09 6.81405e-09 6.5099e-09 5.71763e-09 4.51008e-09 5.71085e-09 2.10995e-08 3.63929e-08 5.16764e-08 6.13633e-08 6.83214e-08 4.22464e-08 3.32396e-08 2.63494e-08 1.74788e-08 1.10817e-08 8.25138e-09 7.40107e-09 7.50126e-09 7.8934e-09 8.18307e-09 8.17156e-09 7.81542e-09 7.15318e-09 6.25589e-09 5.23003e-09 4.18473e-09 3.2024e-09 2.33978e-09 1.63101e-09 1.08566e-09 6.89432e-10 4.10718e-10 2.19279e-10 
1.27046e-10 2.49467e-10 4.07153e-10 6.05937e-10 8.42851e-10 1.09952e-09 1.34773e-09 1.56381e-09 1.74625e-09 1.92686e-09 2.1608e-09 2.48593e-09 2.88885e-09 3.34169e-09 3.85634e-09 4.50949e-09 5.53876e-09 6.63578e-09 6.55734e-09 5.30007e-09 3.36394e-09 5.68658e-09 2.4832e-08 4.39738e-08 6.26899e-08 7.91712e-08 8.96645e-08 9.08932e-08 8.13935e-08 3.87643e-08 2.84732e-08 1.75239e-08 1.10817e-08 8.52985e-09 7.91644e-09 8.23494e-09 8.7255e-09 8.9866e-09 8.85922e-09 8.34603e-09 7.50787e-09 6.4449e-09 5.28762e-09 4.14832e-09 3.10642e-09 2.21599e-09 1.50579e-09 9.75796e-10 6.00006e-10 3.37284e-10 
2.13247e-10 3.79114e-10 5.94181e-10 8.65077e-10 1.17991e-09 1.50794e-09 1.8112e-09 2.06449e-09 2.27477e-09 2.49009e-09 2.77929e-09 3.17461e-09 3.65223e-09 4.1809e-09 4.75345e-09 5.53536e-09 6.51144e-09 6.5099e-09 5.16716e-09 2.21653e-09 1.13135e-08 2.81531e-08 4.92144e-08 7.25245e-08 9.05574e-08 1.05857e-07 1.17533e-07 1.10343e-07 9.55231e-08 4.43588e-08 2.94028e-08 1.75239e-08 1.12577e-08 8.88008e-09 8.58036e-09 9.10679e-09 9.61613e-09 9.76534e-09 9.46843e-09 8.76493e-09 7.73749e-09 6.5187e-09 5.24845e-09 4.03402e-09 2.95173e-09 2.05273e-09 1.35807e-09 8.5516e-10 5.05161e-10 2.6784e-10 
1.6964e-10 3.35887e-10 5.59277e-10 8.53142e-10 1.21759e-09 1.62728e-09 2.03654e-09 2.39823e-09 2.68754e-09 2.9227e-09 3.17383e-09 3.52189e-09 3.98819e-09 4.53367e-09 5.09515e-09 5.74699e-09 6.44323e-09 6.56604e-09 5.30007e-09 1.73767e-09 1.20159e-08 3.0266e-08 5.33661e-08 7.69428e-08 9.85688e-08 1.17317e-07 1.31705e-07 1.352e-07 1.28502e-07 1.06277e-07 4.60379e-08 2.94028e-08 1.74788e-08 1.1206e-08 9.29854e-09 9.40144e-09 1.00501e-08 1.04665e-08 1.04365e-08 9.93755e-09 9.02902e-09 7.82446e-09 6.47473e-09 5.11445e-09 3.84596e-09 2.74469e-09 1.85797e-09 1.19539e-09 7.2871e-10 4.06447e-10 
2.79509e-10 5.04376e-10 8.08189e-10 1.20648e-09 1.68752e-09 2.20797e-09 2.70591e-09 3.12567e-09 3.44349e-09 3.69608e-09 3.98288e-09 4.38894e-09 4.91155e-09 5.48073e-09 6.05069e-09 6.56706e-09 6.6734e-09 5.71763e-09 2.21653e-09 1.22961e-08 3.2498e-08 5.65051e-08 8.01659e-08 1.04947e-07 1.26341e-07 1.43478e-07 1.51857e-07 1.51769e-07 1.36995e-07 1.12361e-07 4.60379e-08 2.84732e-08 1.65535e-08 1.10841e-08 9.89328e-09 1.03312e-08 1.09367e-08 1.1174e-08 1.09326e-08 1.0221e-08 9.12218e-09 7.77298e-09 6.32003e-09 4.89196e-09 3.59134e-09 2.49461e-09 1.64163e-09 1.02549e-09 6.00724e-10 3.15959e-10 
2.17684e-10 4.33843e-10 7.35522e-10 1.14799e-09 1.67915e-09 2.29926e-09 2.94353e-09 3.53309e-09 4.00237e-09 4.33246e-09 4.59327e-09 4.91366e-09 5.35967e-09 5.89201e-09 6.44193e-09 6.85749e-09 7.01021e-09 6.26059e-09 3.36394e-09 1.20159e-08 3.32275e-08 5.76321e-08 8.30711e-08 1.08236e-07 1.31316e-07 1.50821e-07 1.63475e-07 1.68632e-07 1.64026e-07 1.42507e-07 1.12361e-07 4.43588e-08 2.63494e-08 1.4954e-08 1.10807e-08 1.0674e-08 1.11935e-08 1.16383e-08 1.16673e-08 1.12121e-08 1.03083e-08 9.06033e-09 7.59902e-09 6.06461e-09 4.58891e-09 3.28003e-09 2.21349e-09 1.41464e-09 8.55248e-10 4.7321e-10 
3.51702e-10 6.42678e-10 1.0501e-09 1.60351e-09 2.29619e-09 3.07465e-09 3.85045e-09 4.52525e-09 5.02225e-09 5.34218e-09 5.60299e-09 5.94068e-09 6.37599e-09 6.8754e-09 7.27104e-09 7.32378e-09 6.86839e-09 4.51008e-09 1.13135e-08 3.2498e-08 5.84105e-08 8.4519e-08 1.09756e-07 1.33444e-07 1.54287e-07 1.70494e-07 1.78567e-07 1.78748e-07 1.7018e-07 1.42507e-07 1.06277e-07 3.87643e-08 2.13105e-08 1.36252e-08 1.14034e-08 1.13929e-08 1.1826e-08 1.20885e-08 1.19146e-08 1.12781e-08 1.02333e-08 8.87358e-09 7.31756e-09 5.71662e-09 4.21432e-09 2.92517e-09 1.91544e-09 1.18753e-09 6.89997e-10 3.59713e-10 
2.68417e-10 5.37236e-10 9.24605e-10 1.47176e-09 2.19966e-09 3.07917e-09 4.02876e-09 4.93367e-09 5.6705e-09 6.16007e-09 6.44724e-09 6.69235e-09 6.99569e-09 7.38283e-09 7.6948e-09 7.7252e-09 7.28313e-09 5.70943e-09 5.68658e-09 3.0266e-08 5.76321e-08 8.51174e-08 1.09971e-07 1.34888e-07 1.56179e-07 1.73511e-07 1.84839e-07 1.89387e-07 1.84365e-07 1.7018e-07 1.36995e-07 9.55231e-08 3.32396e-08 1.93972e-08 1.3112e-08 1.16606e-08 1.18389e-08 1.2176e-08 1.22709e-08 1.19452e-08 1.11896e-08 1.00466e-08 8.58235e-09 6.93525e-09 5.28209e-09 3.7808e-09 2.54356e-09 1.6153e-09 9.6895e-10 5.31862e-10 
4.24828e-10 7.83796e-10 1.30115e-09 2.02453e-09 2.95741e-09 4.04136e-09 5.16362e-09 6.17646e-09 6.93083e-09 7.37129e-09 7.60033e-09 7.78397e-09 8.00935e-09 8.19294e-09 8.03099e-09 7.3336e-09 5.07215e-09 5.71085e-09 2.81531e-08 5.65051e-08 8.4519e-08 1.10246e-07 1.35258e-07 1.56299e-07 1.744e-07 1.8745e-07 1.95334e-07 1.94911e-07 1.84365e-07 1.64026e-07 1.28502e-07 8.13935e-08 2.88345e-08 1.7424e-08 1.24108e-08 1.16552e-08 1.19923e-08 1.22571e-08 1.22552e-08 1.1851e-08 1.10231e-08 9.77336e-09 8.18743e-09 6.4513e-09 4.77051e-09 3.30654e-09 2.15452e-09 1.32639e-09 7.64797e-10 3.95026e-10 
3.1813e-10 6.3781e-10 1.11026e-09 1.79466e-09 2.72859e-09 3.88848e-09 5.1817e-09 6.45841e-09 7.53062e-09 8.24118e-09 8.58733e-09 8.71237e-09 8.78255e-09 8.82378e-09 8.51408e-09 7.70992e-09 6.19022e-09 6.39194e-09 2.4832e-08 5.33661e-08 8.30711e-08 1.09971e-07 1.35185e-07 1.55681e-07 1.74127e-07 1.8787e-07 1.97059e-07 2.00551e-07 1.94911e-07 1.78748e-07 1.51769e-07 1.10343e-07 4.22464e-08 2.50938e-08 1.44747e-08 1.15164e-08 1.14773e-08 1.19101e-08 1.21941e-08 1.21739e-08 1.17344e-08 1.08048e-08 9.40074e-09 7.67431e-09 5.86874e-09 4.1996e-09 2.81514e-09 1.77715e-09 1.05854e-09 5.76681e-10 
4.928e-10 9.14965e-10 1.53656e-09 2.4244e-09 3.59486e-09 4.98939e-09 6.47623e-09 7.85855e-09 8.91421e-09 9.50935e-09 9.70256e-09 9.66358e-09 9.55784e-09 9.11275e-09 8.17552e-09 6.88922e-09 7.18835e-09 2.10995e-08 4.92144e-08 8.01659e-08 1.09756e-07 1.35258e-07 1.55436e-07 1.73314e-07 1.87266e-07 1.9692e-07 2.02263e-07 2.00551e-07 1.89387e-07 1.68632e-07 1.352e-07 9.08932e-08 3.36969e-08 1.81783e-08 1.167e-08 1.07331e-08 1.11953e-08 1.18013e-08 1.21548e-08 1.21458e-08 1.1612e-08 1.04976e-08 8.88971e-09 7.03497e-09 5.20292e-09 3.59658e-09 2.33225e-09 1.42697e-09 8.17294e-10 4.1828e-10 
3.62592e-10 7.26278e-10 1.27369e-09 2.0807e-09 3.20117e-09 4.61894e-09 6.23443e-09 7.86812e-09 9.27177e-09 1.02156e-08 1.06114e-08 1.0582e-08 1.03384e-08 9.77514e-09 8.6405e-09 7.08624e-09 6.7631e-09 1.16375e-08 4.39738e-08 7.69428e-08 1.08236e-07 1.34888e-07 1.55681e-07 1.73112e-07 1.86343e-07 1.96309e-07 2.01942e-07 2.02263e-07 1.95334e-07 1.78567e-07 1.51857e-07 1.17533e-07 6.83214e-08 2.31893e-08 1.32696e-08 9.86336e-09 1.01605e-08 1.1078e-08 1.18356e-08 1.22579e-08 1.21571e-08 1.14098e-08 1.00262e-08 8.21486e-09 6.2813e-09 4.48421e-09 2.9943e-09 1.88067e-09 1.11377e-09 6.02812e-10 
5.4929e-10 1.02291e-09 1.73009e-09 2.75374e-09 4.12146e-09 5.77532e-09 7.568e-09 9.26297e-09 1.05753e-08 1.12977e-08 1.14051e-08 1.11186e-08 1.04713e-08 9.22278e-09 7.4716e-09 7.02199e-09 1.22355e-08 3.63929e-08 7.25245e-08 1.04947e-07 1.33444e-07 1.56299e-07 1.73314e-07 1.85845e-07 1.94918e-07 2.01159e-07 2.01942e-07 1.97059e-07 1.84839e-07 1.63475e-07 1.31705e-07 8.96645e-08 3.04633e-08 1.56475e-08 9.3404e-09 8.83596e-09 1.00786e-08 1.12603e-08 1.21038e-08 1.24247e-08 1.2082e-08 1.10089e-08 9.34071e-09 7.38472e-09 5.44761e-09 3.75333e-09 2.42425e-09 1.47646e-09 8.41294e-10 4.26903e-10 
3.97643e-10 7.93786e-10 1.39705e-09 2.29538e-09 3.55435e-09 5.16227e-09 7.01236e-09 8.90085e-09 1.05373e-08 1.16287e-08 1.20206e-08 1.17945e-08 1.11434e-08 9.87869e-09 7.9142e-09 6.92924e-09 1.072e-08 1.9086e-08 6.26899e-08 9.85688e-08 1.31316e-07 1.56179e-07 1.74127e-07 1.86343e-07 1.94192e-07 1.99566e-07 2.01159e-07 1.9692e-07 1.8745e-07 1.70494e-07 1.43478e-07 1.05857e-07 6.13633e-08 2.02242e-08 1.06598e-08 7.46909e-09 8.87726e-09 1.04931e-08 1.17328e-08 1.24178e-08 1.24705e-08 1.1762e-08 1.03328e-08 8.44799e-09 6.44046e-09 4.58404e-09 3.05184e-09 1.91057e-09 1.1273e-09 6.07104e-10 
5.88707e-10 1.09621e-09 1.85937e-09 2.97089e-09 4.46404e-09 6.27794e-09 8.25055e-09 1.01183e-08 1.15573e-08 1.23038e-08 1.23036e-08 1.17187e-08 1.0571e-08 8.67585e-09 6.82304e-09 8.34194e-09 1.77896e-08 5.16764e-08 9.05574e-08 1.26341e-07 1.54287e-07 1.744e-07 1.87266e-07 1.94918e-07 1.98588e-07 1.99566e-07 1.96309e-07 1.8787e-07 1.73511e-07 1.50821e-07 1.17317e-07 7.91712e-08 2.55285e-08 1.46851e-08 7.29944e-09 7.67501e-09 9.58909e-09 1.12028e-08 1.21645e-08 1.25446e-08 1.22125e-08 1.11019e-08 9.39035e-09 7.40064e-09 5.44474e-09 3.74362e-09 2.41349e-09 1.46686e-09 8.33404e-10 4.19819e-10 
4.19819e-10 8.33404e-10 1.46686e-09 2.41349e-09 3.74362e-09 5.44474e-09 7.40064e-09 9.39035e-09 1.11019e-08 1.22125e-08 1.25446e-08 1.21645e-08 1.12028e-08 9.58909e-09 7.67501e-09 7.29944e-09 1.46851e-08 2.55285e-08 7.91712e-08 1.17317e-07 1.50821e-07 1.73511e-07 1.8787e-07 1.96309e-07 1.99566e-07 1.98588e-07 1.94918e-07 1.87266e-07 1.744e-07 1.54287e-07 1.26341e-07 9.05574e-08 5.16764e-08 1.77896e-08 8.34194e-09 6.82304e-09 8.67585e-09 1.0571e-08 1.17187e-08 1.23036e-08 1.23038e-08 1.15573e-08 1.01183e-08 8.25055e-09 6.27794e-09 4.46404e-09 2.97089e-09 1.85937e-09 1.09621e-09 5.88707e-10 
6.07104e-10 1.1273e-09 1.91057e-09 3.05184e-09 4.58404e-09 6.44046e-09 8.44799e-09 1.03328e-08 1.1762e-08 1.24705e-08 1.24178e-08 1.17328e-08 1.04931e-08 8.87726e-09 7.46909e-09 1.06598e-08 2.02242e-08 6.13633e-08 1.05857e-07 1.43478e-07 1.70494e-07 1.8745e-07 1.9692e-07 2.01159e-07 1.99566e-07 1.94192e-07 1.86343e-07 1.74127e-07 1.56179e-07 1.31316e-07 9.85688e-08 6.26899e-08 1.9086e-08 1.072e-08 6.92924e-09 7.9142e-09 9.87869e-09 1.11434e-08 1.17945e-08 1.20206e-08 1.16287e-08 1.05373e-08 8.90085e-09 7.01236e-09 5.16227e-09 3.55435e-09 2.29538e-09 1.39705e-09 7.93786e-10 3.97643e-10 
4.26903e-10 8.41294e-10 1.47646e-09 2.42425e-09 3.75333e-09 5.44761e-09 7.38472e-09 9.34071e-09 1.10089e-08 1.2082e-08 1.24247e-08 1.21038e-08 1.12603e-08 1.00786e-08 8.83596e-09 9.3404e-09 1.56475e-08 3.04633e-08 8.96645e-08 1.31705e-07 1.63475e-07 1.84839e-07 1.97059e-07 2.01942e-07 2.01159e-07 1.94918e-07 1.85845e-07 1.73314e-07 1.56299e-07 1.33444e-07 1.04947e-07 7.25245e-08 3.63929e-08 1.22355e-08 7.02199e-09 7.4716e-09 9.22278e-09 1.04713e-08 1.11186e-08 1.14051e-08 1.12977e-08 1.05753e-08 9.26297e-09 7.568e-09 5.77532e-09 4.12146e-09 2.75374e-09 1.73009e-09 1.02291e-09 5.4929e-10 
6.02812e-10 1.11377e-09 1.88067e-09 2.9943e-09 4.48421e-09 6.2813e-09 8.21486e-09 1.00262e-08 1.14098e-08 1.21571e-08 1.22579e-08 1.18356e-08 1.1078e-08 1.01605e-08 9.86336e-09 1.32696e-08 2.31893e-08 6.83214e-08 1.17533e-07 1.51857e-07 1.78567e-07 1.95334e-07 2.02263e-07 2.01942e-07 1.96309e-07 1.86343e-07 1.73112e-07 1.55681e-07 1.34888e-07 1.08236e-07 7.69428e-08 4.39738e-08 1.16375e-08 6.7631e-09 7.08624e-09 8.6405e-09 9.77514e-09 1.03384e-08 1.0582e-08 1.06114e-08 1.02156e-08 9.27177e-09 7.86812e-09 6.23443e-09 4.61894e-09 3.20117e-09 2.0807e-09 1.27369e-09 7.26278e-10 3.62592e-10 
4.1828e-10 8.17294e-10 1.42697e-09 2.33225e-09 3.59658e-09 5.20292e-09 7.03497e-09 8.88971e-09 1.04976e-08 1.1612e-08 1.21458e-08 1.21548e-08 1.18013e-08 1.11953e-08 1.07331e-08 1.167e-08 1.81783e-08 3.36969e-08 9.08932e-08 1.352e-07 1.68632e-07 1.89387e-07 2.00551e-07 2.02263e-07 1.9692e-07 1.87266e-07 1.73314e-07 1.55436e-07 1.35258e-07 1.09756e-07 8.01659e-08 4.92144e-08 2.10995e-08 7.18835e-09 6.88922e-09 8.17552e-09 9.11275e-09 9.55784e-09 9.66358e-09 9.70256e-09 9.50935e-09 8.91421e-09 7.85855e-09 6.47623e-09 4.98939e-09 3.59486e-09 2.4244e-09 1.53656e-09 9.14965e-10 4.928e-10 
5.76681e-10 1.05854e-09 1.77715e-09 2.81514e-09 4.1996e-09 5.86874e-09 7.67431e-09 9.40074e-09 1.08048e-08 1.17344e-08 1.21739e-08 1.21941e-08 1.19101e-08 1.14773e-08 1.15164e-08 1.44747e-08 2.50938e-08 4.22464e-08 1.10343e-07 1.51769e-07 1.78748e-07 1.94911e-07 2.00551e-07 1.97059e-07 1.8787e-07 1.74127e-07 1.55681e-07 1.35185e-07 1.09971e-07 8.30711e-08 5.33661e-08 2.4832e-08 6.39194e-09 6.19022e-09 7.70992e-09 8.51408e-09 8.82378e-09 8.78255e-09 8.71237e-09 8.58733e-09 8.24118e-09 7.53062e-09 6.45841e-09 5.1817e-09 3.88848e-09 2.72859e-09 1.79466e-09 1.11026e-09 6.3781e-10 3.1813e-10 
3.95026e-10 7.64797e-10 1.32639e-09 2.15452e-09 3.30654e-09 4.77051e-09 6.4513e-09 8.18743e-09 9.77336e-09 1.10231e-08 1.1851e-08 1.22552e-08 1.22571e-08 1.19923e-08 1.16552e-08 1.24108e-08 1.7424e-08 2.88345e-08 8.13935e-08 1.28502e-07 1.64026e-07 1.84365e-07 1.94911e-07 1.95334e-07 1.8745e-07 1.744e-07 1.56299e-07 1.35258e-07 1.10246e-07 8.4519e-08 5.65051e-08 2.81531e-08 5.71085e-09 5.07215e-09 7.3336e-09 8.03099e-09 8.19294e-09 8.00935e-09 7.78397e-09 7.60033e-09 7.37129e-09 6.93083e-09 6.17646e-09 5.16362e-09 4.04136e-09 2.95741e-09 2.02453e-09 1.30115e-09 7.83796e-10 4.24828e-10 
5.31862e-10 9.6895e-10 1.6153e-09 2.54356e-09 3.7808e-09 5.28209e-09 6.93525e-09 8.58235e-09 1.00466e-08 1.11896e-08 1.19452e-08 1.22709e-08 1.2176e-08 1.18389e-08 1.16606e-08 1.3112e-08 1.93972e-08 3.32396e-08 9.55231e-08 1.36995e-07 1.7018e-07 1.84365e-07 1.89387e-07 1.84839e-07 1.73511e-07 1.56179e-07 1.34888e-07 1.09971e-07 8.51174e-08 5.76321e-08 3.0266e-08 5.68658e-09 5.70943e-09 7.28313e-09 7.7252e-09 7.6948e-09 7.38283e-09 6.99569e-09 6.69235e-09 6.44724e-09 6.16007e-09 5.6705e-09 4.93367e-09 4.02876e-09 3.07917e-09 2.19966e-09 1.47176e-09 9.24605e-10 5.37236e-10 2.68417e-10 
3.59713e-10 6.89997e-10 1.18753e-09 1.91544e-09 2.92517e-09 4.21432e-09 5.71662e-09 7.31756e-09 8.87358e-09 1.02333e-08 1.12781e-08 1.19146e-08 1.20885e-08 1.1826e-08 1.13929e-08 1.14034e-08 1.36252e-08 2.13105e-08 3.87643e-08 1.06277e-07 1.42507e-07 1.7018e-07 1.78748e-07 1.78567e-07 1.70494e-07 1.54287e-07 1.33444e-07 1.09756e-07 8.4519e-08 5.84105e-08 3.2498e-08 1.13135e-08 4.51008e-09 6.86839e-09 7.32378e-09 7.27104e-09 6.8754e-09 6.37599e-09 5.94068e-09 5.60299e-09 5.34218e-09 5.02225e-09 4.52525e-09 3.85045e-09 3.07465e-09 2.29619e-09 1.60351e-09 1.0501e-09 6.42678e-10 3.51702e-10 
4.7321e-10 8.55248e-10 1.41464e-09 2.21349e-09 3.28003e-09 4.58891e-09 6.06461e-09 7.59902e-09 9.06033e-09 1.03083e-08 1.12121e-08 1.16673e-08 1.16383e-08 1.11935e-08 1.0674e-08 1.10807e-08 1.4954e-08 2.63494e-08 4.43588e-08 1.12361e-07 1.42507e-07 1.64026e-07 1.68632e-07 1.63475e-07 1.50821e-07 1.31316e-07 1.08236e-07 8.30711e-08 5.76321e-08 3.32275e-08 1.20159e-08 3.36394e-09 6.26059e-09 7.01021e-09 6.85749e-09 6.44193e-09 5.89201e-09 5.35967e-09 4.91366e-09 4.59327e-09 4.33246e-09 4.00237e-09 3.53309e-09 2.94353e-09 2.29926e-09 1.67915e-09 1.14799e-09 7.35522e-10 4.33843e-10 2.17684e-10 
3.15959e-10 6.00724e-10 1.02549e-09 1.64163e-09 2.49461e-09 3.59134e-09 4.89196e-09 6.32003e-09 7.77298e-09 9.12218e-09 1.0221e-08 1.09326e-08 1.1174e-08 1.09367e-08 1.03312e-08 9.89328e-09 1.10841e-08 1.65535e-08 2.84732e-08 4.60379e-08 1.12361e-07 1.36995e-07 1.51769e-07 1.51857e-07 1.43478e-07 1.26341e-07 1.04947e-07 8.01659e-08 5.65051e-08 3.2498e-08 1.22961e-08 2.21653e-09 5.71763e-09 6.6734e-09 6.56706e-09 6.05069e-09 5.48073e-09 4.91155e-09 4.38894e-09 3.98288e-09 3.69608e-09 3.44349e-09 3.12567e-09 2.70591e-09 2.20797e-09 1.68752e-09 1.20648e-09 8.08189e-10 5.04376e-10 2.79509e-10 
4.06447e-10 7.2871e-10 1.19539e-09 1.85797e-09 2.74469e-09 3.84596e-09 5.11445e-09 6.47473e-09 7.82446e-09 9.02902e-09 9.93755e-09 1.04365e-08 1.04665e-08 1.00501e-08 9.40144e-09 9.29854e-09 1.1206e-08 1.74788e-08 2.94028e-08 4.60379e-08 1.06277e-07 1.28502e-07 1.352e-07 1.31705e-07 1.17317e-07 9.85688e-08 7.69428e-08 5.33661e-08 3.0266e-08 1.20159e-08 1.73767e-09 5.30007e-09 6.56604e-09 6.44323e-09 5.74699e-09 5.09515e-09 4.53367e-09 3.98819e-09 3.52189e-09 3.17383e-09 2.9227e-09 2.68754e-09 2.39823e-09 2.03654e-09 1.62728e-09 1.21759e-09 8.53142e-10 5.59277e-10 3.35887e-10 1.6964e-10 
2.6784e-10 5.05161e-10 8.5516e-10 1.35807e-09 2.05273e-09 2.95173e-09 4.03402e-09 5.24845e-09 6.5187e-09 7.73749e-09 8.76493e-09 9.46843e-09 9.76534e-09 9.61613e-09 9.10679e-09 8.58036e-09 8.88008e-09 1.12577e-08 1.75239e-08 2.94028e-08 4.43588e-08 9.55231e-08 1.10343e-07 1.17533e-07 1.05857e-07 9.05574e-08 7.25245e-08 4.92144e-08 2.81531e-08 1.13135e-08 2.21653e-09 5.16716e-09 6.5099e-09 6.51144e-09 5.53536e-09 4.75345e-09 4.1809e-09 3.65223e-09 3.17461e-09 2.77929e-09 2.49009e-09 2.27477e-09 2.06449e-09 1.8112e-09 1.50794e-09 1.17991e-09 8.65077e-10 5.94181e-10 3.79114e-10 2.13247e-10 
3.37284e-10 6.00006e-10 9.75796e-10 1.50579e-09 2.21599e-09 3.10642e-09 4.14832e-09 5.28762e-09 6.4449e-09 7.50787e-09 8.34603e-09 8.85922e-09 8.9866e-09 8.7255e-09 8.23494e-09 7.91644e-09 8.52985e-09 1.10817e-08 1.75239e-08 2.84732e-08 3.87643e-08 8.13935e-08 9.08932e-08 8.96645e-08 7.91712e-08 6.26899e-08 4.39738e-08 2.4832e-08 5.68658e-09 3.36394e-09 5.30007e-09 6.55734e-09 6.63578e-09 5.53876e-09 4.50949e-09 3.85634e-09 3.34169e-09 2.88885e-09 2.48593e-09 2.1608e-09 1.92686e-09 1.74625e-09 1.56381e-09 1.34773e-09 1.09952e-09 8.42851e-10 6.05937e-10 4.07153e-10 2.49467e-10 1.27046e-10 
2.19279e-10 4.10718e-10 6.89432e-10 1.08566e-09 1.63101e-09 2.33978e-09 3.2024e-09 4.18473e-09 5.23003e-09 6.25589e-09 7.15318e-09 7.81542e-09 8.17156e-09 8.18307e-09 7.8934e-09 7.50126e-09 7.40107e-09 8.25138e-09 1.10817e-08 1.74788e-08 2.63494e-08 3.32396e-08 4.22464e-08 6.83214e-08 6.13633e-08 5.16764e-08 3.63929e-08 2.10995e-08 5.71085e-09 4.51008e-09 5.71763e-09 6.5099e-09 6.81405e-09 5.62891e-09 4.42537e-09 3.60901e-09 3.05821e-09 2.62924e-09 2.25108e-09 1.9179e-09 1.65862e-09 1.4737e-09 1.32463e-09 1.16912e-09 9.88692e-10 7.90298e-10 5.939e-10 4.18511e-10 2.73335e-10 1.56279e-10 
2.70673e-10 4.77958e-10 7.704e-10 1.17954e-09 1.72744e-09 2.41874e-09 3.23678e-09 4.1438e-09 5.08144e-09 5.96865e-09 6.7103e-09 7.22768e-09 7.4727e-09 7.43432e-09 7.18879e-09 6.94636e-09 7.08616e-09 8.25138e-09 1.12577e-08 1.65535e-08 2.13105e-08 2.88345e-08 3.36969e-08 3.04633e-08 2.55285e-08 1.9086e-08 1.16375e-08 6.39194e-09 5.70943e-09 6.26059e-09 6.56604e-09 6.63578e-09 5.67921e-09 4.40836e-09 3.47512e-09 2.83356e-09 2.3937e-09 2.04368e-09 1.72916e-09 1.46091e-09 1.26017e-09 1.1163e-09 9.9375e-10 8.62901e-10 7.15503e-10 5.60556e-10 4.13101e-10 2.84547e-10 1.77994e-10 9.14997e-11 
1.73554e-10 3.23233e-10 5.38041e-10 8.39743e-10 1.25286e-09 1.79078e-09 2.4506e-09 3.21089e-09 4.03211e-09 4.85717e-09 5.61309e-09 6.22486e-09 6.63835e-09 6.82641e-09 6.80333e-09 6.66523e-09 6.63491e-09 7.08616e-09 8.52985e-09 1.1206e-08 1.4954e-08 1.93972e-08 2.50938e-08 2.31893e-08 2.02242e-08 1.77896e-08 1.22355e-08 7.18835e-09 5.07215e-09 6.86839e-09 6.6734e-09 6.51144e-09 5.62891e-09 4.39322e-09 3.41369e-09 2.68944e-09 2.20284e-09 1.85781e-09 1.56851e-09 1.31118e-09 1.10183e-09 9.50069e-10 8.38255e-10 7.37304e-10 6.28879e-10 5.11188e-10 3.92701e-10 2.83546e-10 1.89497e-10 1.10162e-10 
2.10312e-10 3.68837e-10 5.89132e-10 8.94453e-10 1.30238e-09 1.81922e-09 2.43668e-09 3.13076e-09 3.86269e-09 4.58083e-09 5.22541e-09 5.74229e-09 6.09833e-09 6.28609e-09 6.34103e-09 6.38106e-09 6.63491e-09 7.40107e-09 8.88008e-09 1.10841e-08 1.36252e-08 1.7424e-08 1.81783e-08 1.56475e-08 1.46851e-08 1.072e-08 6.7631e-09 6.19022e-09 7.28313e-09 7.01021e-09 6.44323e-09 5.53876e-09 4.40836e-09 3.39066e-09 2.6115e-09 2.07188e-09 1.70538e-09 1.42761e-09 1.18882e-09 9.83968e-10 8.25335e-10 7.11725e-10 6.23879e-10 5.40838e-10 4.52709e-10 3.60827e-10 2.71799e-10 1.91607e-10 1.22281e-10 6.34622e-11 
1.32973e-10 2.46576e-10 4.07099e-10 6.29582e-10 9.323e-10 1.32668e-09 1.81373e-09 2.38188e-09 3.00693e-09 3.65388e-09 4.28024e-09 4.84158e-09 5.30322e-09 5.65065e-09 5.89481e-09 6.09419e-09 6.38106e-09 6.94636e-09 7.91644e-09 9.29854e-09 1.10807e-08 1.3112e-08 1.44747e-08 1.32696e-08 1.06598e-08 8.34194e-09 7.02199e-09 6.88922e-09 7.3336e-09 7.32378e-09 6.56706e-09 5.53536e-09 4.42537e-09 3.41369e-09 2.58541e-09 1.99676e-09 1.59713e-09 1.31192e-09 1.08475e-09 8.91299e-10 7.33203e-10 6.15254e-10 5.29702e-10 4.59845e-10 3.9216e-10 3.22056e-10 2.51764e-10 1.85695e-10 1.26755e-10 7.48565e-11 
1.58454e-10 2.76183e-10 4.37193e-10 6.58075e-10 9.52274e-10 1.32641e-09 1.77797e-09 2.29428e-09 2.85336e-09 3.42668e-09 3.98306e-09 4.49364e-09 4.94163e-09 5.32955e-09 5.68809e-09 6.09419e-09 6.66523e-09 7.50126e-09 8.58036e-09 9.89328e-09 1.14034e-08 1.24108e-08 1.167e-08 9.3404e-09 7.29944e-09 6.92924e-09 7.08624e-09 7.70992e-09 7.7252e-09 6.85749e-09 5.74699e-09 4.50949e-09 3.47512e-09 2.6115e-09 1.97174e-09 1.53344e-09 1.22834e-09 1.00009e-09 8.15315e-10 6.62966e-10 5.43893e-10 4.56555e-10 3.91231e-10 3.35418e-10 2.81109e-10 2.26527e-10 1.73626e-10 1.24876e-10 8.11444e-11 4.24859e-11 
9.87967e-11 1.82635e-10 2.99223e-10 4.58597e-10 6.74006e-10 9.54776e-10 1.30415e-09 1.71791e-09 2.18429e-09 2.68568e-09 3.20194e-09 3.71401e-09 4.20814e-09 4.68408e-09 5.16127e-09 5.68809e-09 6.34103e-09 7.18879e-09 8.23494e-09 9.40144e-09 1.0674e-08 1.16606e-08 1.15164e-08 9.86336e-09 7.46909e-09 6.82304e-09 7.4716e-09 8.17552e-09 8.03099e-09 7.27104e-09 6.05069e-09 4.75345e-09 3.60901e-09 2.68944e-09 1.99676e-09 1.51223e-09 1.17851e-09 9.3857e-10 7.54641e-10 6.07492e-10 4.90584e-10 4.01984e-10 3.36877e-10 2.86393e-10 2.42018e-10 1.99265e-10 1.57574e-10 1.18197e-10 8.21441e-11 4.91847e-11 
1.15974e-10 2.0107e-10 3.15595e-10 4.71112e-10 6.77678e-10 9.41587e-10 1.26414e-09 1.6411e-09 2.06338e-09 2.51938e-09 2.99838e-09 3.49357e-09 4.00561e-09 4.5499e-09 5.16127e-09 5.89481e-09 6.80333e-09 7.8934e-09 9.10679e-09 1.03312e-08 1.13929e-08 1.16552e-08 1.07331e-08 8.83596e-09 7.67501e-09 7.9142e-09 8.6405e-09 8.51408e-09 7.6948e-09 6.44193e-09 5.09515e-09 3.85634e-09 2.83356e-09 2.07188e-09 1.53344e-09 1.16192e-09 9.01663e-10 7.10694e-10 5.64306e-10 4.49838e-10 3.616e-10 2.95784e-10 2.46774e-10 2.07587e-10 1.72733e-10 1.39723e-10 1.08353e-10 7.91641e-11 5.22161e-11 2.75391e-11 
7.13377e-11 1.31617e-10 2.14157e-10 3.25484e-10 4.7505e-10 6.70309e-10 9.15639e-10 1.21175e-09 1.55584e-09 1.94292e-09 2.36848e-09 2.8316e-09 3.33749e-09 3.90047e-09 4.5499e-09 5.32955e-09 6.28609e-09 7.43432e-09 8.7255e-09 1.00501e-08 1.11935e-08 1.18389e-08 1.14773e-08 1.01605e-08 8.87726e-09 8.67585e-09 9.22278e-09 9.11275e-09 8.19294e-09 6.8754e-09 5.48073e-09 4.1809e-09 3.05821e-09 2.20284e-09 1.59713e-09 1.17851e-09 8.89368e-10 6.843e-10 5.3336e-10 4.18991e-10 3.31472e-10 2.65382e-10 2.16337e-10 1.79211e-10 1.48915e-10 1.21968e-10 9.69132e-11 7.35343e-11 5.18173e-11 3.1369e-11 
8.26423e-11 1.42664e-10 2.22232e-10 3.29286e-10 4.71277e-10 6.53893e-10 8.8065e-10 1.15286e-09 1.47036e-09 1.83325e-09 2.24469e-09 2.71359e-09 3.25662e-09 3.90047e-09 4.68408e-09 5.65065e-09 6.82641e-09 8.18307e-09 9.61613e-09 1.09367e-08 1.1826e-08 1.19923e-08 1.11953e-08 1.00786e-08 9.58909e-09 9.87869e-09 9.77514e-09 8.82378e-09 7.38283e-09 5.89201e-09 4.53367e-09 3.34169e-09 2.3937e-09 1.70538e-09 1.22834e-09 9.01663e-10 6.7551e-10 5.14837e-10 3.97238e-10 3.09247e-10 2.43029e-10 1.93673e-10 1.57029e-10 1.28906e-10 1.05717e-10 8.52204e-11 6.64512e-11 4.90724e-11 3.27316e-11 1.73533e-11 
5.01916e-11 9.25123e-11 1.49661e-10 2.25822e-10 3.27687e-10 4.61158e-10 6.30976e-10 8.40743e-10 1.09336e-09 1.39218e-09 1.74308e-09 2.15704e-09 2.65248e-09 3.25662e-09 4.00561e-09 4.94163e-09 6.09833e-09 7.4727e-09 8.9866e-09 1.04665e-08 1.16383e-08 1.2176e-08 1.19101e-08 1.1078e-08 1.04931e-08 1.0571e-08 1.04713e-08 9.55784e-09 8.00935e-09 6.37599e-09 4.91155e-09 3.65223e-09 2.62924e-09 1.85781e-09 1.31192e-09 9.3857e-10 6.843e-10 5.08681e-10 3.84314e-10 2.93854e-10 2.26869e-10 1.77103e-10 1.40333e-10 1.12981e-10 9.18023e-11 7.42819e-11 5.89126e-11 4.49588e-11 3.19768e-11 1.95075e-11 
5.74876e-11 9.89222e-11 1.53135e-10 2.25541e-10 3.21647e-10 4.4642e-10 6.04394e-10 8.00051e-10 1.03865e-09 1.3277e-09 1.67915e-09 2.11167e-09 2.65248e-09 3.33749e-09 4.20814e-09 5.30322e-09 6.63835e-09 8.17156e-09 9.76534e-09 1.1174e-08 1.20885e-08 1.22571e-08 1.18013e-08 1.12603e-08 1.12028e-08 1.11434e-08 1.03384e-08 8.78255e-09 6.99569e-09 5.35967e-09 3.98819e-09 2.88885e-09 2.04368e-09 1.42761e-09 1.00009e-09 7.10694e-10 5.14837e-10 3.80033e-10 2.84802e-10 2.15866e-10 1.65281e-10 1.28109e-10 1.00835e-10 8.05286e-11 6.47322e-11 5.16682e-11 4.02636e-11 2.98967e-11 2.00852e-11 1.06785e-11 
3.45153e-11 6.36026e-11 1.0244e-10 1.53702e-10 2.22123e-10 3.1235e-10 4.28994e-10 5.77014e-10 7.6241e-10 9.93353e-10 1.28189e-09 1.64602e-09 2.11167e-09 2.71359e-09 3.49357e-09 4.49364e-09 5.74229e-09 7.22768e-09 8.85922e-09 1.04365e-08 1.16673e-08 1.22709e-08 1.21941e-08 1.18356e-08 1.17328e-08 1.17187e-08 1.11186e-08 9.66358e-09 7.78397e-09 5.94068e-09 4.38894e-09 3.17461e-09 2.25108e-09 1.56851e-09 1.08475e-09 7.54641e-10 5.3336e-10 3.84314e-10 2.81817e-10 2.09465e-10 1.57338e-10 1.19441e-10 9.18853e-11 7.17999e-11 5.68523e-11 4.52023e-11 3.55701e-11 2.71498e-11 1.94005e-11 1.18875e-11 
3.91564e-11 6.72411e-11 1.03617e-10 1.51977e-10 2.16399e-10 3.01104e-10 4.10843e-10 5.51518e-10 7.31118e-10 9.61094e-10 1.25813e-09 1.64602e-09 2.15704e-09 2.8316e-09 3.71401e-09 4.84158e-09 6.22486e-09 7.81542e-09 9.46843e-09 1.09326e-08 1.19146e-08 1.22552e-08 1.21548e-08 1.21038e-08 1.21645e-08 1.17945e-08 1.0582e-08 8.71237e-09 6.69235e-09 4.91366e-09 3.52189e-09 2.48593e-09 1.72916e-09 1.18882e-09 8.15315e-10 5.64306e-10 3.97238e-10 2.84802e-10 2.07364e-10 1.52761e-10 1.13667e-10 8.55409e-11 6.53061e-11 5.06544e-11 3.97642e-11 3.12647e-11 2.4215e-11 1.79897e-11 1.21257e-11 6.45183e-12 
2.32788e-11 4.29085e-11 6.89122e-11 1.03018e-10 1.48587e-10 2.09266e-10 2.89244e-10 3.9382e-10 5.30227e-10 7.0877e-10 9.44339e-10 1.25813e-09 1.67915e-09 2.24469e-09 2.99838e-09 3.98306e-09 5.22541e-09 6.7103e-09 8.34603e-09 9.93755e-09 1.12121e-08 1.19452e-08 1.21739e-08 1.22579e-08 1.24178e-08 1.23036e-08 1.14051e-08 9.70256e-09 7.60033e-09 5.60299e-09 3.98288e-09 2.77929e-09 1.9179e-09 1.31118e-09 8.91299e-10 6.07492e-10 4.18991e-10 2.93854e-10 2.09465e-10 1.51265e-10 1.10363e-10 8.13309e-11 6.06838e-11 4.59888e-11 3.54148e-11 2.75628e-11 2.14141e-11 1.62674e-11 1.16291e-11 7.13668e-12 
2.62065e-11 4.49606e-11 6.91011e-11 1.01159e-10 1.44166e-10 2.01629e-10 2.7803e-10 3.79535e-10 5.14977e-10 6.97144e-10 9.44339e-10 1.28189e-09 1.74308e-09 2.36848e-09 3.20194e-09 4.28024e-09 5.61309e-09 7.15318e-09 8.76493e-09 1.0221e-08 1.12781e-08 1.1851e-08 1.21458e-08 1.24247e-08 1.25446e-08 1.20206e-08 1.06114e-08 8.58733e-09 6.44724e-09 4.59327e-09 3.17383e-09 2.1608e-09 1.46091e-09 9.83968e-10 6.62966e-10 4.49838e-10 3.09247e-10 2.15866e-10 1.52761e-10 1.09288e-10 7.89312e-11 5.76146e-11 4.26421e-11 3.20965e-11 2.45485e-11 1.89392e-11 1.45126e-11 1.07413e-11 7.23957e-12 3.84886e-12 
1.5458e-11 2.85081e-11 4.57301e-11 6.82659e-11 9.85176e-11 1.39334e-10 1.94346e-10 2.68574e-10 3.69273e-10 5.0703e-10 6.97144e-10 9.61094e-10 1.3277e-09 1.83325e-09 2.51938e-09 3.42668e-09 4.58083e-09 5.96865e-09 7.50787e-09 9.02902e-09 1.03083e-08 1.11896e-08 1.17344e-08 1.21571e-08 1.24705e-08 1.23038e-08 1.12977e-08 9.50935e-09 7.37129e-09 5.34218e-09 3.69608e-09 2.49009e-09 1.65862e-09 1.10183e-09 7.33203e-10 4.90584e-10 3.31472e-10 2.26869e-10 1.57338e-10 1.10363e-10 7.81514e-11 5.58674e-11 4.04133e-11 2.96933e-11 2.22142e-11 1.688e-11 1.28995e-11 9.71192e-12 6.92091e-12 4.24368e-12 
1.73009e-11 2.96869e-11 4.56003e-11 6.67974e-11 9.55354e-11 1.34676e-10 1.88167e-10 2.61757e-10 3.63915e-10 5.0703e-10 7.0877e-10 9.93353e-10 1.39218e-09 1.94292e-09 2.68568e-09 3.65388e-09 4.85717e-09 6.25589e-09 7.73749e-09 9.12218e-09 1.02333e-08 1.10231e-08 1.1612e-08 1.2082e-08 1.22125e-08 1.16287e-08 1.02156e-08 8.24118e-09 6.16007e-09 4.33246e-09 2.9227e-09 1.92686e-09 1.26017e-09 8.25335e-10 5.43893e-10 3.616e-10 2.43029e-10 1.65281e-10 1.13667e-10 7.89312e-11 5.53014e-11 3.91419e-11 2.80829e-11 2.05043e-11 1.5258e-11 1.15188e-11 8.7013e-12 6.39247e-12 4.29643e-12 2.27931e-12 
1.01482e-11 1.87287e-11 3.00575e-11 4.49137e-11 6.50273e-11 9.26118e-11 1.30697e-10 1.83698e-10 2.58191e-10 3.63915e-10 5.14977e-10 7.31118e-10 1.03865e-09 1.47036e-09 2.06338e-09 2.85336e-09 3.86269e-09 5.08144e-09 6.4449e-09 7.82446e-09 9.06033e-09 1.00466e-08 1.08048e-08 1.14098e-08 1.1762e-08 1.15573e-08 1.05753e-08 8.91421e-09 6.93083e-09 5.02225e-09 3.44349e-09 2.27477e-09 1.4737e-09 9.50069e-10 6.15254e-10 4.01984e-10 2.65382e-10 1.77103e-10 1.19441e-10 8.13309e-11 5.58674e-11 3.87301e-11 2.71615e-11 1.93483e-11 1.40542e-11 1.04083e-11 7.80023e-12 5.80202e-12 4.11005e-12 2.51416e-12 
1.13135e-11 1.94355e-11 2.99017e-11 4.39415e-11 6.32451e-11 9.00937e-11 1.27806e-10 1.81355e-10 2.58191e-10 3.69273e-10 5.30227e-10 7.6241e-10 1.09336e-09 1.55584e-09 2.18429e-09 3.00693e-09 4.03211e-09 5.23003e-09 6.5187e-09 7.77298e-09 8.87358e-09 9.77336e-09 1.04976e-08 1.10089e-08 1.11019e-08 1.05373e-08 9.27177e-09 7.53062e-09 5.6705e-09 4.00237e-09 2.68754e-09 1.74625e-09 1.1163e-09 7.11725e-10 4.56555e-10 2.95784e-10 1.93673e-10 1.28109e-10 8.55409e-11 5.76146e-11 3.91419e-11 2.68616e-11 1.86841e-11 1.3232e-11 9.57143e-12 7.05632e-12 5.23922e-12 3.80956e-12 2.54844e-12 1.34964e-12 
6.61472e-12 1.22171e-11 1.96488e-11 2.94598e-11 4.2905e-11 6.16873e-11 8.82547e-11 1.26288e-10 1.81355e-10 2.61757e-10 3.79535e-10 5.51518e-10 8.00051e-10 1.15286e-09 1.6411e-09 2.29428e-09 3.13076e-09 4.1438e-09 5.28762e-09 6.47473e-09 7.59902e-09 8.58235e-09 9.40074e-09 1.00262e-08 1.03328e-08 1.01183e-08 9.26297e-09 7.85855e-09 6.17646e-09 4.52525e-09 3.12567e-09 2.06449e-09 1.32463e-09 8.38255e-10 5.29702e-10 3.36877e-10 2.16337e-10 1.40333e-10 9.18853e-11 6.06838e-11 4.04133e-11 2.71615e-11 1.84676e-11 1.27564e-11 8.99325e-12 6.48374e-12 4.75488e-12 3.48423e-12 2.44755e-12 1.49258e-12 
7.35925e-12 1.26696e-11 1.95617e-11 2.89106e-11 4.19749e-11 6.05417e-11 8.72866e-11 1.26288e-10 1.83698e-10 2.68574e-10 3.9382e-10 5.77014e-10 8.40743e-10 1.21175e-09 1.71791e-09 2.38188e-09 3.21089e-09 4.18473e-09 5.24845e-09 6.32003e-09 7.31756e-09 8.18743e-09 8.88971e-09 9.34071e-09 9.39035e-09 8.90085e-09 7.86812e-09 6.45841e-09 4.93367e-09 3.53309e-09 2.39823e-09 1.56381e-09 9.9375e-10 6.23879e-10 3.91231e-10 2.46774e-10 1.57029e-10 1.00835e-10 6.53061e-11 4.26421e-11 2.80829e-11 1.86841e-11 1.26009e-11 8.65628e-12 6.0835e-12 4.37309e-12 3.18425e-12 2.28608e-12 1.51965e-12 8.02915e-13 
4.29844e-12 7.94521e-12 1.28238e-11 1.93347e-11 2.83892e-11 4.12827e-11 5.99364e-11 8.72866e-11 1.27806e-10 1.88167e-10 2.7803e-10 4.10843e-10 6.04394e-10 8.8065e-10 1.26414e-09 1.77797e-09 2.43668e-09 3.23678e-09 4.14832e-09 5.11445e-09 6.06461e-09 6.93525e-09 7.67431e-09 8.21486e-09 8.44799e-09 8.25055e-09 7.568e-09 6.47623e-09 5.16362e-09 3.85045e-09 2.70591e-09 1.8112e-09 1.16912e-09 7.37304e-10 4.59845e-10 2.86393e-10 1.79211e-10 1.12981e-10 7.17999e-11 4.59888e-11 2.96933e-11 1.93483e-11 1.27564e-11 8.54552e-12 5.84717e-12 4.10067e-12 2.93744e-12 2.11465e-12 1.46997e-12 8.9282e-13 
4.78041e-12 8.25234e-12 1.28104e-11 1.90782e-11 2.79904e-11 4.09143e-11 5.99364e-11 8.82547e-11 1.30697e-10 1.94346e-10 2.89244e-10 4.28994e-10 6.30976e-10 9.15639e-10 1.30415e-09 1.81373e-09 2.4506e-09 3.2024e-09 4.03402e-09 4.89196e-09 5.71662e-09 6.4513e-09 7.03497e-09 7.38472e-09 7.40064e-09 7.01236e-09 6.23443e-09 5.1817e-09 4.02876e-09 2.94353e-09 2.03654e-09 1.34773e-09 8.62901e-10 5.40838e-10 3.35418e-10 2.07587e-10 1.28906e-10 8.05286e-11 5.06544e-11 3.20965e-11 2.05043e-11 1.3232e-11 8.65628e-12 5.76927e-12 3.93798e-12 2.75698e-12 1.96432e-12 1.38896e-12 9.16338e-13 4.83373e-13 
2.7957e-12 5.1689e-12 8.38147e-12 1.27265e-11 1.88683e-11 2.77752e-11 4.09143e-11 6.05417e-11 9.00937e-11 1.34676e-10 2.01629e-10 3.01104e-10 4.4642e-10 6.53893e-10 9.41587e-10 1.32641e-09 1.81922e-09 2.41874e-09 3.10642e-09 3.84596e-09 4.58891e-09 5.28209e-09 5.86874e-09 6.2813e-09 6.44046e-09 6.27794e-09 5.77532e-09 4.98939e-09 4.04136e-09 3.07465e-09 2.20797e-09 1.50794e-09 9.88692e-10 6.28879e-10 3.9216e-10 2.42018e-10 1.48915e-10 9.18023e-11 5.68523e-11 3.54148e-11 2.22142e-11 1.40542e-11 8.99325e-12 5.84717e-12 3.88408e-12 2.64804e-12 1.84947e-12 1.30618e-12 8.9628e-13 5.42028e-13 
3.11104e-12 5.38618e-12 8.41285e-12 1.26402e-11 1.87528e-11 2.77752e-11 4.12827e-11 6.16873e-11 9.26118e-11 1.39334e-10 2.09266e-10 3.1235e-10 4.61158e-10 6.70309e-10 9.54776e-10 1.32668e-09 1.79078e-09 2.33978e-09 2.95173e-09 3.59134e-09 4.21432e-09 4.77051e-09 5.20292e-09 5.44761e-09 5.44474e-09 5.16227e-09 4.61894e-09 3.88848e-09 3.07917e-09 2.29926e-09 1.62728e-09 1.09952e-09 7.15503e-10 4.52709e-10 2.81109e-10 1.72733e-10 1.05717e-10 6.47322e-11 3.97642e-11 2.45485e-11 1.5258e-11 9.57143e-12 6.0835e-12 3.93798e-12 2.61164e-12 1.77937e-12 1.23868e-12 8.60152e-13 5.6181e-13 2.95567e-13 
1.82439e-12 3.37189e-12 5.49234e-12 8.40502e-12 1.25872e-11 1.87528e-11 2.79904e-11 4.19749e-11 6.32451e-11 9.55354e-11 1.44166e-10 2.16399e-10 3.21647e-10 4.71277e-10 6.77678e-10 9.52274e-10 1.30238e-09 1.72744e-09 2.21599e-09 2.74469e-09 3.28003e-09 3.7808e-09 4.1996e-09 4.48421e-09 4.58404e-09 4.46404e-09 4.12146e-09 3.59486e-09 2.95741e-09 2.29619e-09 1.68752e-09 1.17991e-09 7.90298e-10 5.11188e-10 3.22056e-10 1.99265e-10 1.21968e-10 7.42819e-11 4.52023e-11 2.75628e-11 1.688e-11 1.04083e-11 6.48374e-12 4.10067e-12 2.64804e-12 1.75556e-12 1.19508e-12 8.25753e-13 5.57796e-13 3.34386e-13 
2.03117e-12 3.52346e-12 5.53835e-12 8.39466e-12 1.25872e-11 1.88683e-11 2.83892e-11 4.2905e-11 6.50273e-11 9.85176e-11 1.48587e-10 2.22123e-10 3.27687e-10 4.7505e-10 6.74006e-10 9.323e-10 1.25286e-09 1.63101e-09 2.05273e-09 2.49461e-09 2.92517e-09 3.30654e-09 3.59658e-09 3.75333e-09 3.74362e-09 3.55435e-09 3.20117e-09 2.72859e-09 2.19966e-09 1.67915e-09 1.21759e-09 8.42851e-10 5.60556e-10 3.60827e-10 2.26527e-10 1.39723e-10 8.52204e-11 5.16682e-11 3.12647e-11 1.89392e-11 1.15188e-11 7.05632e-12 4.37309e-12 2.75698e-12 1.77937e-12 1.17979e-12 8.00877e-13 5.45467e-13 3.51349e-13 1.84382e-13 
1.1965e-12 2.2049e-12 3.60479e-12 5.55417e-12 8.39466e-12 1.26402e-11 1.90782e-11 2.89106e-11 4.39415e-11 6.67974e-11 1.01159e-10 1.51977e-10 2.25541e-10 3.29286e-10 4.71112e-10 6.58075e-10 8.94453e-10 1.17954e-09 1.50579e-09 1.85797e-09 2.21349e-09 2.54356e-09 2.81514e-09 2.9943e-09 3.05184e-09 2.97089e-09 2.75374e-09 2.4244e-09 2.02453e-09 1.60351e-09 1.20648e-09 8.65077e-10 5.939e-10 3.92701e-10 2.51764e-10 1.57574e-10 9.69132e-11 5.89126e-11 3.55701e-11 2.14141e-11 1.28995e-11 7.80023e-12 4.75488e-12 2.93744e-12 1.84947e-12 1.19508e-12 7.92668e-13 5.34457e-13 3.55186e-13 2.103e-13 
1.33157e-12 2.30719e-12 3.6402e-12 5.55417e-12 8.40502e-12 1.27265e-11 1.93347e-11 2.94598e-11 4.49137e-11 6.82659e-11 1.03018e-10 1.53702e-10 2.25822e-10 3.25484e-10 4.58597e-10 6.29582e-10 8.39743e-10 1.08566e-09 1.35807e-09 1.64163e-09 1.91544e-09 2.15452e-09 2.33225e-09 2.42425e-09 2.41349e-09 2.29538e-09 2.0807e-09 1.79466e-09 1.47176e-09 1.14799e-09 8.53142e-10 6.05937e-10 4.13101e-10 2.71799e-10 1.73626e-10 1.08353e-10 6.64512e-11 4.02636e-11 2.4215e-11 1.45126e-11 8.7013e-12 5.23922e-12 3.18425e-12 1.96432e-12 1.23868e-12 8.00877e-13 5.31147e-13 3.5355e-13 2.24786e-13 1.17284e-13 
7.87856e-13 1.44205e-12 2.35456e-12 3.6402e-12 5.53835e-12 8.41285e-12 1.28104e-11 1.95617e-11 2.99017e-11 4.56003e-11 6.91011e-11 1.03617e-10 1.53135e-10 2.22232e-10 3.15595e-10 4.37193e-10 5.89132e-10 7.704e-10 9.75796e-10 1.19539e-09 1.41464e-09 1.6153e-09 1.77715e-09 1.88067e-09 1.91057e-09 1.85937e-09 1.73009e-09 1.53656e-09 1.30115e-09 1.0501e-09 8.08189e-10 5.94181e-10 4.18511e-10 2.83546e-10 1.85695e-10 1.18197e-10 7.35343e-11 4.49588e-11 2.71498e-11 1.62674e-11 9.71192e-12 5.80202e-12 3.48423e-12 2.11465e-12 1.30618e-12 8.25753e-13 5.34457e-13 3.53051e-13 2.30191e-13 1.34906e-13 
8.72285e-13 1.49811e-12 2.35456e-12 3.60479e-12 5.49234e-12 8.38147e-12 1.28238e-11 1.96488e-11 3.00575e-11 4.57301e-11 6.89122e-11 1.0244e-10 1.49661e-10 2.14157e-10 2.99223e-10 4.07099e-10 5.38041e-10 6.89432e-10 8.5516e-10 1.02549e-09 1.18753e-09 1.32639e-09 1.42697e-09 1.47646e-09 1.46686e-09 1.39705e-09 1.27369e-09 1.11026e-09 9.24605e-10 7.35522e-10 5.59277e-10 4.07153e-10 2.84547e-10 1.91607e-10 1.24876e-10 7.91641e-11 4.90724e-11 2.98967e-11 1.79897e-11 1.07413e-11 6.39247e-12 3.80956e-12 2.28608e-12 1.38896e-12 8.60152e-13 5.45467e-13 3.5355e-13 2.3139e-13 1.4423e-13 7.45233e-14 
5.20706e-13 9.31783e-13 1.49811e-12 2.30719e-12 3.52346e-12 5.38618e-12 8.25234e-12 1.26696e-11 1.94355e-11 2.96869e-11 4.49606e-11 6.72411e-11 9.89222e-11 1.42664e-10 2.0107e-10 2.76183e-10 3.68837e-10 4.77958e-10 6.00006e-10 7.2871e-10 8.55248e-10 9.6895e-10 1.05854e-09 1.11377e-09 1.1273e-09 1.09621e-09 1.02291e-09 9.14965e-10 7.83796e-10 6.42678e-10 5.04376e-10 3.79114e-10 2.73335e-10 1.89497e-10 1.26755e-10 8.21441e-11 5.18173e-11 3.19768e-11 1.94005e-11 1.16291e-11 6.92091e-12 4.11005e-12 2.44755e-12 1.46997e-12 8.9628e-13 5.57796e-13 3.55186e-13 2.30191e-13 1.4704e-13 8.54264e-14 
5.63785e-13 9.31783e-13 1.44205e-12 2.2049e-12 3.37189e-12 5.1689e-12 7.94521e-12 1.22171e-11 1.87287e-11 2.85081e-11 4.29085e-11 6.36026e-11 9.25123e-11 1.31617e-10 1.82635e-10 2.46576e-10 3.23233e-10 4.10718e-10 5.05161e-10 6.00724e-10 6.89997e-10 7.64797e-10 8.17294e-10 8.41294e-10 8.33404e-10 7.93786e-10 7.26278e-10 6.3781e-10 5.37236e-10 4.33843e-10 3.35887e-10 2.49467e-10 1.77994e-10 1.22281e-10 8.11444e-11 5.22161e-11 3.27316e-11 2.00852e-11 1.21257e-11 7.23957e-12 4.29643e-12 2.54844e-12 1.51965e-12 9.16338e-13 5.6181e-13 3.51349e-13 2.24786e-13 1.4423e-13 8.97705e-14 4.62497e-14 
3.37442e-13 5.63785e-13 8.72285e-13 1.33157e-12 2.03117e-12 3.11104e-12 4.78041e-12 7.35925e-12 1.13135e-11 1.73009e-11 2.62065e-11 3.91564e-11 5.74876e-11 8.26423e-11 1.15974e-10 1.58454e-10 2.10312e-10 2.70673e-10 3.37284e-10 4.06447e-10 4.7321e-10 5.31862e-10 5.76681e-10 6.02812e-10 6.07104e-10 5.88707e-10 5.4929e-10 4.928e-10 4.24828e-10 3.51702e-10 2.79509e-10 2.13247e-10 1.56279e-10 1.10162e-10 7.48565e-11 4.91847e-11 3.1369e-11 1.95075e-11 1.18875e-11 7.13668e-12 4.24368e-12 2.51416e-12 1.49258e-12 8.9282e-13 5.42028e-13 3.34386e-13 2.103e-13 1.34906e-13 8.54264e-14 5.00232e-14 
3.37442e-13 5.20706e-13 7.87856e-13 1.1965e-12 1.82439e-12 2.7957e-12 4.29844e-12 6.61472e-12 1.01482e-11 1.5458e-11 2.32788e-11 3.45153e-11 5.01916e-11 7.13377e-11 9.87967e-11 1.32973e-10 1.73554e-10 2.19279e-10 2.6784e-10 3.15959e-10 3.59713e-10 3.95026e-10 4.1828e-10 4.26903e-10 4.19819e-10 3.97643e-10 3.62592e-10 3.1813e-10 2.68417e-10 2.17684e-10 1.6964e-10 1.27046e-10 9.14997e-11 6.34622e-11 4.24859e-11 2.75391e-11 1.73533e-11 1.06785e-11 6.45183e-12 3.84886e-12 2.27931e-12 1.34964e-12 8.02915e-13 4.83373e-13 2.95567e-13 1.84382e-13 1.17284e-13 7.45233e-14 4.62497e-14 2.47155e-14 
