1 101 51
7.18913e-13 1.2454e-12 1.97563e-12 3.16855e-12 5.23313e-12 8.90456e-12 1.55226e-11 2.75151e-11 4.91532e-11 8.75959e-11 1.54084e-10 2.64704e-10 4.39702e-10 7.00119e-10 1.06126e-09 1.52439e-09 2.07028e-09 2.65886e-09 3.23659e-09 3.74886e-09 4.1516e-09 4.41727e-09 4.53484e-09 4.50652e-09 4.34405e-09 4.06609e-09 3.69632e-09 3.26193e-09 2.79194e-09 2.31521e-09 1.85819e-09 1.44258e-09 1.08343e-09 7.88093e-10 5.56498e-10 3.82727e-10 2.57372e-10 1.69928e-10 1.10587e-10 7.11937e-11 4.54946e-11 2.89534e-11 1.84114e-11 1.17334e-11 7.50937e-12 4.82759e-12 3.10607e-12 1.97434e-12 1.22326e-12 7.5322e-13 7.5322e-13 
7.18913e-13 1.70372e-12 2.80789e-12 4.46698e-12 7.26762e-12 1.21702e-11 2.08939e-11 3.65821e-11 6.48927e-11 1.15717e-10 2.05521e-10 3.59846e-10 6.14616e-10 1.0139e-09 1.60165e-09 2.40685e-09 3.42587e-09 4.61028e-09 5.86863e-09 7.08448e-09 8.14352e-09 8.95694e-09 9.47218e-09 9.67129e-09 9.56339e-09 9.17699e-09 8.55459e-09 7.74869e-09 6.81839e-09 5.82547e-09 4.82987e-09 3.8846e-09 3.03109e-09 2.29589e-09 1.68995e-09 1.21059e-09 8.45377e-10 5.76592e-10 3.84959e-10 2.52262e-10 1.62777e-10 1.03827e-10 6.57435e-11 4.15027e-11 2.62171e-11 1.66161e-11 1.05762e-11 6.74078e-12 4.23771e-12 2.50034e-12 7.5322e-13 
1.70372e-12 3.24442e-12 5.21175e-12 8.36388e-12 1.3798e-11 2.33465e-11 4.03032e-11 7.0659e-11 1.25159e-10 2.22502e-10 3.93624e-10 6.86128e-10 1.16629e-09 1.91437e-09 3.00886e-09 4.49905e-09 6.37308e-09 8.53663e-09 1.08176e-08 1.30005e-08 1.48769e-08 1.62881e-08 1.71437e-08 1.74176e-08 1.71334e-08 1.63509e-08 1.51552e-08 1.36487e-08 1.19435e-08 1.01531e-08 8.38334e-09 6.72297e-09 5.23712e-09 3.96413e-09 2.91693e-09 2.08794e-09 1.45535e-09 9.89365e-10 6.57492e-10 4.28472e-10 2.74883e-10 1.7439e-10 1.09925e-10 6.91521e-11 4.35708e-11 2.756e-11 1.75112e-11 1.10953e-11 6.6782e-12 2.50034e-12 2.50034e-12 
1.2454e-12 3.24442e-12 5.53022e-12 8.80013e-12 1.42711e-11 2.37975e-11 4.05641e-11 7.03348e-11 1.23575e-10 2.1899e-10 3.88928e-10 6.86493e-10 1.19268e-09 2.01927e-09 3.30035e-09 5.16528e-09 7.69175e-09 1.08508e-08 1.44702e-08 1.82433e-08 2.17924e-08 2.47596e-08 2.6883e-08 2.80268e-08 2.8171e-08 2.73835e-08 2.57934e-08 2.35701e-08 2.09068e-08 1.80041e-08 1.50537e-08 1.22219e-08 9.6366e-09 7.38089e-09 5.49331e-09 3.97476e-09 2.7983e-09 1.91944e-09 1.28545e-09 8.42947e-10 5.43292e-10 3.45684e-10 2.18188e-10 1.37257e-10 8.64065e-11 5.45875e-11 3.46551e-11 2.20438e-11 1.36295e-11 6.6782e-12 1.22326e-12 
2.80789e-12 5.53022e-12 8.92804e-12 1.42056e-11 2.32465e-11 3.90614e-11 6.69662e-11 1.16645e-10 2.05682e-10 3.65393e-10 6.49514e-10 1.14543e-09 1.98517e-09 3.34948e-09 5.45376e-09 8.50354e-09 1.2616e-08 1.77261e-08 2.35234e-08 2.94711e-08 3.49225e-08 3.92864e-08 4.21582e-08 4.33644e-08 4.29336e-08 4.10405e-08 3.79549e-08 3.40011e-08 2.95251e-08 2.48628e-08 2.0311e-08 1.61032e-08 1.23963e-08 9.27048e-09 6.73917e-09 4.76633e-09 3.28404e-09 2.20865e-09 1.45388e-09 9.40045e-10 5.99594e-10 3.79085e-10 2.38725e-10 1.50394e-10 9.50889e-11 6.04374e-11 3.85653e-11 2.42917e-11 1.36295e-11 4.23771e-12 4.23771e-12 
1.97563e-12 5.21175e-12 8.92804e-12 1.40504e-11 2.24335e-11 3.69472e-11 6.24176e-11 1.07547e-10 1.88293e-10 3.33662e-10 5.95044e-10 1.05989e-09 1.86891e-09 3.23275e-09 5.43783e-09 8.82396e-09 1.3712e-08 2.02721e-08 2.83629e-08 3.74244e-08 4.65232e-08 5.45721e-08 6.06281e-08 6.41101e-08 6.48504e-08 6.30208e-08 5.90204e-08 5.33799e-08 4.66861e-08 3.9521e-08 3.2406e-08 2.5758e-08 1.98632e-08 1.48736e-08 1.08247e-08 7.66526e-09 5.28892e-09 3.56271e-09 2.34914e-09 1.52135e-09 9.71754e-10 6.1511e-10 3.87768e-10 2.44575e-10 1.54893e-10 9.8689e-11 6.32194e-11 4.03321e-11 2.42917e-11 1.10953e-11 1.97434e-12 
4.46698e-12 8.80013e-12 1.40504e-11 2.18854e-11 3.50536e-11 5.79525e-11 9.82764e-11 1.70128e-10 2.99532e-10 5.33801e-10 9.56336e-10 1.70777e-09 3.01213e-09 5.20191e-09 8.72711e-09 1.41202e-08 2.18774e-08 3.22348e-08 4.48908e-08 5.88331e-08 7.24483e-08 8.39423e-08 9.18653e-08 9.54561e-08 9.46732e-08 9.00189e-08 8.23225e-08 7.2566e-08 6.17505e-08 5.07896e-08 4.04253e-08 3.11764e-08 2.33275e-08 1.6958e-08 1.19945e-08 8.26819e-09 5.56609e-09 3.66892e-09 2.3759e-09 1.51774e-09 9.60956e-10 6.06087e-10 3.82639e-10 2.42761e-10 1.55135e-10 9.98417e-11 6.4333e-11 4.03321e-11 2.20438e-11 6.74078e-12 6.74078e-12 
3.16855e-12 8.36388e-12 1.42056e-11 2.18854e-11 3.39525e-11 5.44663e-11 9.0213e-11 1.53402e-10 2.66722e-10 4.72272e-10 8.46561e-10 1.52375e-09 2.72815e-09 4.81387e-09 8.303e-09 1.39005e-08 2.24389e-08 3.46803e-08 5.09285e-08 7.05534e-08 9.17265e-08 1.11685e-07 1.27529e-07 1.37125e-07 1.39617e-07 1.35359e-07 1.25533e-07 1.11737e-07 9.56864e-08 7.89811e-08 6.29444e-08 4.85197e-08 3.62416e-08 2.62811e-08 1.85378e-08 1.27446e-08 8.559e-09 5.63022e-09 3.6399e-09 2.32217e-09 1.46894e-09 9.26105e-10 5.84858e-10 3.7157e-10 2.38135e-10 1.54002e-10 1.00097e-10 6.4333e-11 3.85653e-11 1.75112e-11 3.10607e-12 
7.26762e-12 1.42711e-11 2.24335e-11 3.39525e-11 5.25679e-11 8.43378e-11 1.3975e-10 2.38112e-10 4.15673e-10 7.39998e-10 1.33377e-09 2.41107e-09 4.32717e-09 7.63882e-09 1.31634e-08 2.20044e-08 3.54628e-08 5.4697e-08 8.00454e-08 1.1022e-07 1.41935e-07 1.70522e-07 1.91408e-07 2.01638e-07 2.0055e-07 1.89442e-07 1.7078e-07 1.47461e-07 1.22292e-07 9.76447e-08 7.52407e-08 5.60879e-08 4.05481e-08 2.8498e-08 1.95187e-08 1.30611e-08 8.56318e-09 5.51958e-09 3.51232e-09 2.21718e-09 1.39582e-09 8.80996e-10 5.60082e-10 3.59788e-10 2.33727e-10 1.53107e-10 1.00097e-10 6.32194e-11 3.46551e-11 1.05762e-11 1.05762e-11 
5.23313e-12 1.3798e-11 2.32465e-11 3.50536e-11 5.25679e-11 8.12619e-11 1.30236e-10 2.15723e-10 3.68097e-10 6.44882e-10 1.15365e-09 2.08951e-09 3.79141e-09 6.81834e-09 1.20415e-08 2.07375e-08 3.4633e-08 5.57567e-08 8.58416e-08 1.25137e-07 1.71066e-07 2.1779e-07 2.5755e-07 2.83373e-07 2.91522e-07 2.82246e-07 2.58821e-07 2.25978e-07 1.88632e-07 1.51054e-07 1.16413e-07 8.66165e-08 6.2416e-08 4.36922e-08 2.9797e-08 1.98531e-08 1.29623e-08 8.32271e-09 5.27725e-09 3.321e-09 2.0856e-09 1.31436e-09 8.35409e-10 5.37482e-10 3.50496e-10 2.31184e-10 1.53107e-10 9.98417e-11 6.04374e-11 2.756e-11 4.82759e-12 
1.21702e-11 2.37975e-11 3.69472e-11 5.44663e-11 8.12619e-11 1.25388e-10 2.00597e-10 3.31976e-10 5.67068e-10 9.96511e-10 1.79021e-09 3.256e-09 5.92641e-09 1.06752e-08 1.88589e-08 3.24657e-08 5.41924e-08 8.71856e-08 1.33973e-07 1.94385e-07 2.63385e-07 3.30747e-07 3.83877e-07 4.12614e-07 4.12982e-07 3.87677e-07 3.43726e-07 2.89559e-07 2.32909e-07 1.79667e-07 1.33473e-07 9.58746e-08 6.6838e-08 4.53764e-08 3.00944e-08 1.95601e-08 1.25038e-08 7.89523e-09 4.94937e-09 3.09798e-09 1.94765e-09 1.23654e-09 7.96093e-10 5.20677e-10 3.45464e-10 2.31184e-10 1.54002e-10 9.8689e-11 5.45875e-11 1.66161e-11 1.66161e-11 
8.90456e-12 2.33465e-11 3.90614e-11 5.79525e-11 8.43378e-11 1.25388e-10 1.93036e-10 3.08124e-10 5.09319e-10 8.70611e-10 1.53381e-09 2.76517e-09 5.04642e-09 9.20782e-09 1.66053e-08 2.93387e-08 5.04912e-08 8.42566e-08 1.35465e-07 2.07653e-07 2.99466e-07 4.01303e-07 4.95624e-07 5.62614e-07 5.88438e-07 5.70556e-07 5.17017e-07 4.41358e-07 3.57445e-07 2.76337e-07 2.05077e-07 1.46859e-07 1.01959e-07 6.89046e-08 4.54866e-08 2.94287e-08 1.87272e-08 1.17722e-08 7.34817e-09 4.58153e-09 2.87125e-09 1.8194e-09 1.17112e-09 7.67571e-10 5.11785e-10 3.45464e-10 2.33727e-10 1.55135e-10 9.50889e-11 4.35708e-11 7.50937e-12 
2.08939e-11 4.05641e-11 6.24176e-11 9.0213e-11 1.30236e-10 1.93036e-10 2.96371e-10 4.71836e-10 7.78806e-10 1.33173e-09 2.35081e-09 4.24997e-09 7.77674e-09 1.42145e-08 2.56499e-08 4.53082e-08 7.79377e-08 1.30007e-07 2.08799e-07 3.18922e-07 4.56216e-07 6.02898e-07 7.29704e-07 8.06806e-07 8.17357e-07 7.64084e-07 6.65273e-07 5.44622e-07 4.22844e-07 3.13771e-07 2.24074e-07 1.54928e-07 1.04224e-07 6.84884e-08 4.41141e-08 2.79502e-08 1.74933e-08 1.08715e-08 6.74985e-09 4.21466e-09 2.66375e-09 1.71306e-09 1.12426e-09 7.52642e-10 5.11785e-10 3.50496e-10 2.38135e-10 1.54893e-10 8.64065e-11 2.62171e-11 2.62171e-11 
1.55226e-11 4.03032e-11 6.69662e-11 9.82764e-11 1.3975e-10 2.00597e-10 2.96371e-10 4.53564e-10 7.20011e-10 1.18643e-09 2.02864e-09 3.58589e-09 6.49601e-09 1.19081e-08 2.17859e-08 3.93067e-08 6.93717e-08 1.19216e-07 1.98674e-07 3.18412e-07 4.83686e-07 6.84356e-07 8.88592e-07 1.04941e-06 1.12468e-06 1.098e-06 9.84622e-07 8.20106e-07 6.41844e-07 4.77083e-07 3.39978e-07 2.34129e-07 1.56789e-07 1.02575e-07 6.57981e-08 4.15255e-08 2.5887e-08 1.6022e-08 9.90629e-09 6.16163e-09 3.88254e-09 2.4932e-09 1.63742e-09 1.09986e-09 7.52642e-10 5.20677e-10 3.59788e-10 2.42761e-10 1.50394e-10 6.91521e-11 1.17334e-11 
3.65821e-11 7.03348e-11 1.07547e-10 1.53402e-10 2.15723e-10 3.08124e-10 4.53564e-10 6.91592e-10 1.09439e-09 1.79971e-09 3.07556e-09 5.43987e-09 9.86567e-09 1.80995e-08 3.31081e-08 5.96612e-08 1.05096e-07 1.80253e-07 2.99741e-07 4.78467e-07 7.2075e-07 1.00475e-06 1.27592e-06 1.46278e-06 1.51137e-06 1.41427e-06 1.21078e-06 9.61501e-07 7.18418e-07 5.11653e-07 3.5112e-07 2.34095e-07 1.52503e-07 9.74651e-08 6.13098e-08 3.80975e-08 2.34977e-08 1.44741e-08 8.96902e-09 5.63366e-09 3.61122e-09 2.37245e-09 1.59819e-09 1.09986e-09 7.67571e-10 5.37482e-10 3.7157e-10 2.44575e-10 1.37257e-10 4.15027e-11 4.15027e-11 
2.75151e-11 7.0659e-11 1.16645e-10 1.70128e-10 2.38112e-10 3.31976e-10 4.71836e-10 6.91592e-10 1.05019e-09 1.65599e-09 2.71661e-09 4.63679e-09 8.19891e-09 1.48691e-08 2.72643e-08 4.97913e-08 8.94732e-08 1.57055e-07 2.68369e-07 4.4432e-07 7.04232e-07 1.0476e-06 1.43166e-06 1.76825e-06 1.95659e-06 1.93788e-06 1.72945e-06 1.40859e-06 1.06504e-06 7.60625e-07 5.20858e-07 3.4589e-07 2.24454e-07 1.43006e-07 8.9745e-08 5.5648e-08 3.42396e-08 2.10292e-08 1.29886e-08 8.13411e-09 5.20444e-09 3.41974e-09 2.30995e-09 1.59819e-09 1.12426e-09 7.96093e-10 5.60082e-10 3.82639e-10 2.38725e-10 1.09925e-10 1.84114e-11 
6.48927e-11 1.23575e-10 1.88293e-10 2.66722e-10 3.68097e-10 5.09319e-10 7.20011e-10 1.05019e-09 1.58738e-09 2.49304e-09 4.07721e-09 6.94424e-09 1.22603e-08 2.21999e-08 4.06102e-08 7.38891e-08 1.32096e-07 2.30468e-07 3.91213e-07 6.42542e-07 1.00644e-06 1.47005e-06 1.95714e-06 2.33619e-06 2.48004e-06 2.34262e-06 1.98715e-06 1.53805e-06 1.10907e-06 7.60353e-07 5.03628e-07 3.25775e-07 2.07099e-07 1.29825e-07 8.04517e-08 4.94576e-08 3.0327e-08 1.86882e-08 1.1675e-08 7.45821e-09 4.90222e-09 3.32077e-09 2.30995e-09 1.63742e-09 1.17112e-09 8.35409e-10 5.84858e-10 3.87768e-10 2.18188e-10 6.57435e-11 6.57435e-11 
4.91532e-11 1.25159e-10 2.05682e-10 2.99532e-10 4.15673e-10 5.67068e-10 7.78806e-10 1.09439e-09 1.58738e-09 2.38683e-09 3.73114e-09 6.07769e-09 1.03161e-08 1.81545e-08 3.27512e-08 5.96168e-08 1.07744e-07 1.90977e-07 3.29879e-07 5.53692e-07 8.97042e-07 1.3791e-06 1.96317e-06 2.5275e-06 2.89661e-06 2.93502e-06 2.63623e-06 2.12453e-06 1.56641e-06 1.08294e-06 7.17875e-07 4.63668e-07 2.94533e-07 1.84772e-07 1.14681e-07 7.05947e-08 4.33034e-08 2.66632e-08 1.66335e-08 1.06157e-08 6.98316e-09 4.74616e-09 3.32077e-09 2.37245e-09 1.71306e-09 1.23654e-09 8.80996e-10 6.06087e-10 3.79085e-10 1.7439e-10 2.89534e-11 
1.15717e-10 2.1899e-10 3.33662e-10 4.72272e-10 6.44882e-10 8.70611e-10 1.18643e-09 1.65599e-09 2.38683e-09 3.56742e-09 5.54526e-09 8.98478e-09 1.51706e-08 2.65474e-08 4.75707e-08 8.58501e-08 1.53444e-07 2.68284e-07 4.56037e-07 7.5142e-07 1.19062e-06 1.77984e-06 2.44675e-06 3.02273e-06 3.30831e-06 3.1925e-06 2.72841e-06 2.09656e-06 1.48221e-06 9.90965e-07 6.41563e-07 4.08318e-07 2.57077e-07 1.60321e-07 9.91403e-08 6.10095e-08 3.76207e-08 2.34736e-08 1.49832e-08 9.87231e-09 6.73795e-09 4.74616e-09 3.41974e-09 2.4932e-09 1.8194e-09 1.31436e-09 9.26105e-10 6.1511e-10 3.45684e-10 1.03827e-10 1.03827e-10 
8.75959e-11 2.22502e-10 3.65393e-10 5.33801e-10 7.39998e-10 9.96511e-10 1.33173e-09 1.79971e-09 2.49304e-09 3.56742e-09 5.2943e-09 8.17171e-09 1.31448e-08 2.20212e-08 3.81869e-08 6.76743e-08 1.20443e-07 2.11544e-07 3.62059e-07 6.00065e-07 9.60003e-07 1.46972e-06 2.11121e-06 2.77606e-06 3.27224e-06 3.41572e-06 3.14578e-06 2.57095e-06 1.89858e-06 1.30006e-06 8.50957e-07 5.45504e-07 3.46336e-07 2.18095e-07 1.3614e-07 8.44065e-08 5.23009e-08 3.27191e-08 2.09227e-08 1.38265e-08 9.48863e-09 6.73795e-09 4.90222e-09 3.61122e-09 2.66375e-09 1.94765e-09 1.39582e-09 9.60956e-10 5.99594e-10 2.74883e-10 4.54946e-11 
2.05521e-10 3.88928e-10 5.95044e-10 8.46561e-10 1.15365e-09 1.53381e-09 2.02864e-09 2.71661e-09 3.73114e-09 5.2943e-09 7.78968e-09 1.19144e-08 1.89745e-08 3.1421e-08 5.37292e-08 9.35831e-08 1.62991e-07 2.78687e-07 4.61572e-07 7.35552e-07 1.12456e-06 1.63779e-06 2.2339e-06 2.79354e-06 3.14302e-06 3.14148e-06 2.77843e-06 2.18869e-06 1.56906e-06 1.05604e-06 6.89299e-07 4.45085e-07 2.85328e-07 1.81161e-07 1.13898e-07 7.1278e-08 4.48721e-08 2.88188e-08 1.91371e-08 1.32294e-08 9.48863e-09 6.98316e-09 5.20444e-09 3.88254e-09 2.87125e-09 2.0856e-09 1.46894e-09 9.71754e-10 5.43292e-10 1.62777e-10 1.62777e-10 
1.54084e-10 3.93624e-10 6.49514e-10 9.56336e-10 1.33377e-09 1.79021e-09 2.35081e-09 3.07556e-09 4.07721e-09 5.54526e-09 7.78968e-09 1.13378e-08 1.71335e-08 2.69067e-08 4.38058e-08 7.33417e-08 1.24419e-07 2.09696e-07 3.44264e-07 5.42548e-07 8.15027e-07 1.16694e-06 1.59247e-06 2.05257e-06 2.45201e-06 2.65411e-06 2.55962e-06 2.18642e-06 1.66917e-06 1.17735e-06 7.97488e-07 5.32142e-07 3.52302e-07 2.30433e-07 1.48443e-07 9.45572e-08 6.0233e-08 3.89974e-08 2.60924e-08 1.8215e-08 1.32294e-08 9.87231e-09 7.45821e-09 5.63366e-09 4.21466e-09 3.09798e-09 2.21718e-09 1.51774e-09 9.40045e-10 4.28472e-10 7.11937e-11 
3.59846e-10 6.86493e-10 1.05989e-09 1.52375e-09 2.08951e-09 2.76517e-09 3.58589e-09 4.63679e-09 6.07769e-09 8.17171e-09 1.13378e-08 1.62725e-08 2.41917e-08 3.72455e-08 5.91523e-08 9.5975e-08 1.56523e-07 2.51218e-07 3.88423e-07 5.69591e-07 7.87629e-07 1.03612e-06 1.31898e-06 1.62473e-06 1.88524e-06 1.98818e-06 1.85574e-06 1.5235e-06 1.12857e-06 8.00488e-07 5.65582e-07 3.97365e-07 2.74086e-07 1.8414e-07 1.20893e-07 7.85808e-08 5.15706e-08 3.48985e-08 2.46835e-08 1.8215e-08 1.38265e-08 1.06157e-08 8.13411e-09 6.16163e-09 4.58153e-09 3.321e-09 2.32217e-09 1.52135e-09 8.42947e-10 2.52262e-10 2.52262e-10 
2.64704e-10 6.86128e-10 1.14543e-09 1.70777e-09 2.41107e-09 3.256e-09 4.24997e-09 5.43987e-09 6.94424e-09 8.98478e-09 1.19144e-08 1.62725e-08 2.29234e-08 3.33169e-08 4.98642e-08 7.63862e-08 1.18364e-07 1.82248e-07 2.72741e-07 3.8836e-07 5.18202e-07 6.46852e-07 7.76293e-07 9.36786e-07 1.13794e-06 1.31636e-06 1.35997e-06 1.20872e-06 9.30358e-07 6.62883e-07 4.91691e-07 3.83997e-07 2.93346e-07 2.12555e-07 1.46899e-07 9.8716e-08 6.61978e-08 4.55441e-08 3.27787e-08 2.46835e-08 1.91371e-08 1.49832e-08 1.1675e-08 8.96902e-09 6.74985e-09 4.94937e-09 3.51232e-09 2.3759e-09 1.45388e-09 6.57492e-10 1.10587e-10 
6.14616e-10 1.19268e-09 1.86891e-09 2.72815e-09 3.79141e-09 5.04642e-09 6.49601e-09 8.19891e-09 1.03161e-08 1.31448e-08 1.71335e-08 2.29234e-08 3.14826e-08 4.43241e-08 6.37037e-08 9.26466e-08 1.3446e-07 1.91323e-07 2.61991e-07 3.38968e-07 4.08244e-07 4.59128e-07 5.10887e-07 6.14501e-07 7.75681e-07 9.08713e-07 9.01215e-07 7.29086e-07 4.82689e-07 3.09926e-07 2.74107e-07 2.61533e-07 2.20213e-07 1.6652e-07 1.18094e-07 8.18408e-08 5.76271e-08 4.24253e-08 3.27787e-08 2.60924e-08 2.09227e-08 1.66335e-08 1.29886e-08 9.90629e-09 7.34817e-09 5.27725e-09 3.6399e-09 2.34914e-09 1.28545e-09 3.84959e-10 3.84959e-10 
4.39702e-10 1.16629e-09 1.98517e-09 3.01213e-09 4.32717e-09 5.92641e-09 7.77674e-09 9.86567e-09 1.22603e-08 1.51706e-08 1.89745e-08 2.41917e-08 3.14826e-08 4.17371e-08 5.61664e-08 7.61968e-08 1.03103e-07 1.37466e-07 1.79034e-07 2.25306e-07 2.69593e-07 3.01595e-07 3.20975e-07 3.63952e-07 4.77988e-07 6.3099e-07 7.21069e-07 6.64538e-07 4.68699e-07 2.12144e-07 7.07058e-08 1.62737e-07 1.94063e-07 1.72719e-07 1.33375e-07 9.68766e-08 7.0281e-08 5.31923e-08 4.24253e-08 3.48985e-08 2.88188e-08 2.34736e-08 1.86882e-08 1.44741e-08 1.08715e-08 7.89523e-09 5.51958e-09 3.66892e-09 2.20865e-09 9.89365e-10 1.69928e-10 
1.0139e-09 2.01927e-09 3.23275e-09 4.81387e-09 6.81834e-09 9.20782e-09 1.19081e-08 1.48691e-08 1.81545e-08 2.20212e-08 2.69067e-08 3.33169e-08 4.17371e-08 5.26432e-08 6.64444e-08 8.32714e-08 1.03161e-07 1.27121e-07 1.56483e-07 1.90724e-07 2.25681e-07 2.58815e-07 3.05026e-07 4.00009e-07 5.45587e-07 6.81421e-07 7.21397e-07 6.26676e-07 4.26244e-07 2.03926e-07 1.07195e-07 1.50936e-07 1.6566e-07 1.43595e-07 1.10522e-07 8.26782e-08 6.43194e-08 5.31923e-08 4.55441e-08 3.89974e-08 3.27191e-08 2.66632e-08 2.10292e-08 1.6022e-08 1.17722e-08 8.32271e-09 5.63022e-09 3.56271e-09 1.91944e-09 5.76592e-10 5.76592e-10 
7.00119e-10 1.91437e-09 3.34948e-09 5.20191e-09 7.63882e-09 1.06752e-08 1.42145e-08 1.80995e-08 2.21999e-08 2.65474e-08 3.1421e-08 3.72455e-08 4.43241e-08 5.26432e-08 6.18733e-08 7.14772e-08 8.1463e-08 9.44548e-08 1.14436e-07 1.44139e-07 1.83301e-07 2.31931e-07 2.99934e-07 4.07743e-07 5.61707e-07 7.23852e-07 8.24072e-07 8.07445e-07 6.7742e-07 4.79374e-07 2.94597e-07 1.9438e-07 1.7183e-07 1.56168e-07 1.2635e-07 9.60661e-08 7.5453e-08 6.43194e-08 5.76271e-08 5.15706e-08 4.48721e-08 3.76207e-08 3.0327e-08 2.34977e-08 1.74933e-08 1.25038e-08 8.56318e-09 5.56609e-09 3.28404e-09 1.45535e-09 2.57372e-10 
1.60165e-09 3.30035e-09 5.43783e-09 8.303e-09 1.20415e-08 1.66053e-08 2.17859e-08 2.72643e-08 3.27512e-08 3.81869e-08 4.38058e-08 4.98642e-08 5.61664e-08 6.18733e-08 6.59023e-08 6.82427e-08 7.28128e-08 8.58201e-08 1.11393e-07 1.50159e-07 2.04001e-07 2.82263e-07 4.03301e-07 5.73337e-07 7.64271e-07 9.13169e-07 9.55461e-07 8.79072e-07 7.15065e-07 5.16727e-07 3.43108e-07 2.33569e-07 1.86505e-07 1.52601e-07 1.16678e-07 8.89981e-08 7.5453e-08 7.0281e-08 6.61978e-08 6.0233e-08 5.23009e-08 4.33034e-08 3.42396e-08 2.5887e-08 1.87272e-08 1.29623e-08 8.559e-09 5.28892e-09 2.7983e-09 8.45377e-10 8.45377e-10 
1.06126e-09 3.00886e-09 5.45376e-09 8.72711e-09 1.31634e-08 1.88589e-08 2.56499e-08 3.31081e-08 4.06102e-08 4.75707e-08 5.37292e-08 5.91523e-08 6.37037e-08 6.64444e-08 6.59023e-08 6.18275e-08 5.85716e-08 6.42314e-08 8.39038e-08 1.17983e-07 1.67781e-07 2.42759e-07 3.60108e-07 5.30458e-07 7.34462e-07 9.19701e-07 1.01973e-06 9.99123e-07 8.77139e-07 6.95982e-07 5.05323e-07 3.4143e-07 2.41077e-07 1.90988e-07 1.50537e-07 1.12315e-07 8.89981e-08 8.26782e-08 8.18408e-08 7.85808e-08 7.1278e-08 6.10095e-08 4.94576e-08 3.80975e-08 2.79502e-08 1.95601e-08 1.30611e-08 8.26819e-09 4.76633e-09 2.08794e-09 3.82727e-10 
2.40685e-09 5.16528e-09 8.82396e-09 1.39005e-08 2.07375e-08 2.93387e-08 3.93067e-08 4.97913e-08 5.96168e-08 6.76743e-08 7.33417e-08 7.63862e-08 7.61968e-08 7.14772e-08 6.18275e-08 5.11949e-08 4.81845e-08 6.02116e-08 8.67937e-08 1.27555e-07 1.89925e-07 2.89317e-07 4.36665e-07 6.2182e-07 8.08493e-07 9.44307e-07 9.86488e-07 9.25633e-07 7.89398e-07 6.1836e-07 4.44538e-07 3.08441e-07 2.31782e-07 1.89547e-07 1.4947e-07 1.12315e-07 9.60661e-08 9.68766e-08 9.8716e-08 9.45572e-08 8.44065e-08 7.05947e-08 5.5648e-08 4.15255e-08 2.94287e-08 1.98531e-08 1.27446e-08 7.66526e-09 3.97476e-09 1.21059e-09 1.21059e-09 
1.52439e-09 4.49905e-09 8.50354e-09 1.41202e-08 2.20044e-08 3.24657e-08 4.53082e-08 5.96612e-08 7.38891e-08 8.58501e-08 9.35831e-08 9.5975e-08 9.26466e-08 8.32714e-08 6.82427e-08 5.11949e-08 3.89928e-08 4.11808e-08 5.92854e-08 8.92806e-08 1.35924e-07 2.10738e-07 3.23119e-07 4.66164e-07 6.18248e-07 7.48123e-07 8.25095e-07 8.28995e-07 7.60448e-07 6.4109e-07 4.95675e-07 3.6018e-07 2.64821e-07 2.16496e-07 1.87445e-07 1.4947e-07 1.16678e-07 1.10522e-07 1.18094e-07 1.20893e-07 1.13898e-07 9.91403e-08 8.04517e-08 6.13098e-08 4.41141e-08 3.00944e-08 1.95187e-08 1.19945e-08 6.73917e-09 2.91693e-09 5.56498e-10 
3.42587e-09 7.69175e-09 1.3712e-08 2.24389e-08 3.4633e-08 5.04912e-08 6.93717e-08 8.94732e-08 1.07744e-07 1.20443e-07 1.24419e-07 1.18364e-07 1.03103e-07 8.1463e-08 5.85716e-08 3.89928e-08 2.92534e-08 3.7379e-08 5.74528e-08 8.8903e-08 1.40581e-07 2.17397e-07 3.15856e-07 4.21499e-07 5.18845e-07 5.92017e-07 6.26743e-07 6.14942e-07 5.58715e-07 4.67739e-07 3.67133e-07 2.78512e-07 2.22954e-07 2.05756e-07 1.87445e-07 1.50537e-07 1.2635e-07 1.33375e-07 1.46899e-07 1.48443e-07 1.3614e-07 1.14681e-07 8.9745e-08 6.57981e-08 4.54866e-08 2.9797e-08 1.85378e-08 1.08247e-08 5.49331e-09 1.68995e-09 1.68995e-09 
2.07028e-09 6.37308e-09 1.2616e-08 2.18774e-08 3.54628e-08 5.41924e-08 7.79377e-08 1.05096e-07 1.32096e-07 1.53444e-07 1.62991e-07 1.56523e-07 1.3446e-07 1.03161e-07 7.28128e-08 4.81845e-08 2.92534e-08 2.32653e-08 3.37058e-08 5.31409e-08 8.56881e-08 1.34959e-07 1.96586e-07 2.63762e-07 3.275e-07 3.80696e-07 4.15669e-07 4.2641e-07 4.10907e-07 3.71234e-07 3.18254e-07 2.61322e-07 2.10939e-07 1.96932e-07 2.05756e-07 1.89547e-07 1.52601e-07 1.43595e-07 1.6652e-07 1.8414e-07 1.81161e-07 1.60321e-07 1.29825e-07 9.74651e-08 6.84884e-08 4.53764e-08 2.8498e-08 1.6958e-08 9.27048e-09 3.96413e-09 7.88093e-10 
4.61028e-09 1.08508e-08 2.02721e-08 3.46803e-08 5.57567e-08 8.42566e-08 1.19216e-07 1.57055e-07 1.90977e-07 2.11544e-07 2.09696e-07 1.82248e-07 1.37466e-07 9.44548e-08 6.42314e-08 4.11808e-08 2.32653e-08 1.90834e-08 2.88293e-08 4.77154e-08 7.7363e-08 1.14597e-07 1.5445e-07 1.938e-07 2.2845e-07 2.54487e-07 2.68153e-07 2.6783e-07 2.55101e-07 2.36139e-07 2.13332e-07 1.8499e-07 1.7117e-07 1.96932e-07 2.16496e-07 1.90988e-07 1.56168e-07 1.72719e-07 2.12555e-07 2.30433e-07 2.18095e-07 1.84772e-07 1.43006e-07 1.02575e-07 6.89046e-08 4.36922e-08 2.62811e-08 1.48736e-08 7.38089e-09 2.29589e-09 2.29589e-09 
2.65886e-09 8.53663e-09 1.77261e-08 3.22348e-08 5.4697e-08 8.71856e-08 1.30007e-07 1.80253e-07 2.30468e-07 2.68284e-07 2.78687e-07 2.51218e-07 1.91323e-07 1.27121e-07 8.58201e-08 6.02116e-08 3.7379e-08 1.90834e-08 1.53338e-08 2.43052e-08 4.10646e-08 6.28085e-08 8.63484e-08 1.09448e-07 1.30986e-07 1.48639e-07 1.60289e-07 1.64716e-07 1.62827e-07 1.58708e-07 1.55441e-07 1.50081e-07 1.44453e-07 1.7117e-07 2.22954e-07 2.31782e-07 1.86505e-07 1.6566e-07 2.20213e-07 2.74086e-07 2.85328e-07 2.57077e-07 2.07099e-07 1.52503e-07 1.04224e-07 6.6838e-08 4.05481e-08 2.33275e-08 1.23963e-08 5.23712e-09 1.08343e-09 
5.86863e-09 1.44702e-08 2.83629e-08 5.09285e-08 8.58416e-08 1.35465e-07 1.98674e-07 2.68369e-07 3.29879e-07 3.62059e-07 3.44264e-07 2.72741e-07 1.79034e-07 1.14436e-07 8.39038e-08 5.92854e-08 3.37058e-08 1.53338e-08 1.30117e-08 2.04099e-08 3.25786e-08 4.62821e-08 6.0069e-08 7.29831e-08 8.44835e-08 9.3521e-08 9.9483e-08 1.02653e-07 1.04963e-07 1.09055e-07 1.1563e-07 1.22265e-07 1.44453e-07 2.10939e-07 2.64821e-07 2.41077e-07 1.7183e-07 1.94063e-07 2.93346e-07 3.52302e-07 3.46336e-07 2.94533e-07 2.24454e-07 1.56789e-07 1.01959e-07 6.2416e-08 3.62416e-08 1.98632e-08 9.6366e-09 3.03109e-09 3.03109e-09 
3.23659e-09 1.08176e-08 2.35234e-08 4.48908e-08 8.00454e-08 1.33973e-07 2.08799e-07 2.99741e-07 3.91213e-07 4.56037e-07 4.61572e-07 3.88423e-07 2.61991e-07 1.56483e-07 1.11393e-07 8.67937e-08 5.74528e-08 2.88293e-08 1.30117e-08 1.14009e-08 1.64102e-08 2.41436e-08 3.23229e-08 4.03406e-08 4.77676e-08 5.45491e-08 6.06212e-08 6.6178e-08 7.18785e-08 7.89778e-08 8.88723e-08 1.01623e-07 1.22265e-07 1.8499e-07 2.78512e-07 3.08441e-07 2.33569e-07 1.50936e-07 2.61533e-07 3.97365e-07 4.45085e-07 4.08318e-07 3.25775e-07 2.34095e-07 1.54928e-07 9.58746e-08 5.60879e-08 3.11764e-08 1.61032e-08 6.72297e-09 1.44258e-09 
7.08448e-09 1.82433e-08 3.74244e-08 7.05534e-08 1.25137e-07 2.07653e-07 3.18412e-07 4.4432e-07 5.53692e-07 6.00065e-07 5.42548e-07 3.8836e-07 2.25306e-07 1.44139e-07 1.17983e-07 8.92806e-08 5.31409e-08 2.43052e-08 1.14009e-08 9.86515e-09 1.30564e-08 1.77617e-08 2.27539e-08 2.78175e-08 3.2952e-08 3.8482e-08 4.46672e-08 5.169e-08 5.99024e-08 7.01101e-08 8.30843e-08 1.01623e-07 1.50081e-07 2.61322e-07 3.6018e-07 3.4143e-07 1.9438e-07 1.62737e-07 3.83997e-07 5.32142e-07 5.45504e-07 4.63668e-07 3.4589e-07 2.34129e-07 1.46859e-07 8.66165e-08 4.85197e-08 2.5758e-08 1.22219e-08 3.8846e-09 3.8846e-09 
3.74886e-09 1.30005e-08 2.94711e-08 5.88331e-08 1.1022e-07 1.94385e-07 3.18922e-07 4.78467e-07 6.42542e-07 7.5142e-07 7.35552e-07 5.69591e-07 3.38968e-07 1.90724e-07 1.50159e-07 1.27555e-07 8.8903e-08 4.77154e-08 2.04099e-08 9.86515e-09 9.04826e-09 1.11822e-08 1.41968e-08 1.76436e-08 2.1598e-08 2.63037e-08 3.20451e-08 3.89022e-08 4.69085e-08 5.64043e-08 6.79645e-08 8.30843e-08 1.1563e-07 2.13332e-07 3.67133e-07 4.44538e-07 3.43108e-07 1.07195e-07 2.74107e-07 5.65582e-07 6.89299e-07 6.41563e-07 5.03628e-07 3.5112e-07 2.24074e-07 1.33473e-07 7.52407e-08 4.04253e-08 2.0311e-08 8.38334e-09 1.85819e-09 
8.14352e-09 2.17924e-08 4.65232e-08 9.17265e-08 1.71066e-07 2.99466e-07 4.83686e-07 7.04232e-07 8.97042e-07 9.60003e-07 8.15027e-07 5.18202e-07 2.69593e-07 1.83301e-07 1.67781e-07 1.35924e-07 8.56881e-08 4.10646e-08 1.64102e-08 9.04826e-09 9.15473e-09 1.08066e-08 1.30532e-08 1.59253e-08 1.96457e-08 2.44188e-08 3.03325e-08 3.73844e-08 4.57157e-08 5.56738e-08 6.79645e-08 8.88723e-08 1.55441e-07 3.18254e-07 4.95675e-07 5.05323e-07 2.94597e-07 7.07058e-08 4.91691e-07 7.97488e-07 8.50957e-07 7.17875e-07 5.20858e-07 3.39978e-07 2.05077e-07 1.16413e-07 6.29444e-08 3.2406e-08 1.50537e-08 4.82987e-09 4.82987e-09 
4.1516e-09 1.48769e-08 3.49225e-08 7.24483e-08 1.41935e-07 2.63385e-07 4.56216e-07 7.2075e-07 1.00644e-06 1.19062e-06 1.12456e-06 7.87629e-07 4.08244e-07 2.25681e-07 2.04001e-07 1.89925e-07 1.40581e-07 7.7363e-08 3.25786e-08 1.30564e-08 9.15473e-09 9.85918e-09 1.12788e-08 1.321e-08 1.58903e-08 1.95381e-08 2.42594e-08 3.00808e-08 3.70875e-08 4.55006e-08 5.56738e-08 7.01101e-08 1.09055e-07 2.36139e-07 4.67739e-07 6.1836e-07 5.16727e-07 2.03926e-07 3.09926e-07 8.00488e-07 1.05604e-06 9.90965e-07 7.60353e-07 5.11653e-07 3.13771e-07 1.79667e-07 9.76447e-08 5.07896e-08 2.48628e-08 1.01531e-08 2.31521e-09 
8.95694e-09 2.47596e-08 5.45721e-08 1.11685e-07 2.1779e-07 4.01303e-07 6.84356e-07 1.0476e-06 1.3791e-06 1.46972e-06 1.16694e-06 6.46852e-07 3.01595e-07 2.31931e-07 2.42759e-07 2.10738e-07 1.34959e-07 6.28085e-08 2.41436e-08 1.11822e-08 9.85918e-09 1.07214e-08 1.19474e-08 1.37016e-08 1.62633e-08 1.98005e-08 2.43792e-08 3.0072e-08 3.70401e-08 4.55006e-08 5.64043e-08 7.89778e-08 1.58708e-07 3.71234e-07 6.4109e-07 6.95982e-07 4.79374e-07 2.12144e-07 6.62883e-07 1.17735e-06 1.30006e-06 1.08294e-06 7.60625e-07 4.77083e-07 2.76337e-07 1.51054e-07 7.89811e-08 3.9521e-08 1.80041e-08 5.82547e-09 5.82547e-09 
4.41727e-09 1.62881e-08 3.92864e-08 8.39423e-08 1.70522e-07 3.30747e-07 6.02898e-07 1.00475e-06 1.47005e-06 1.77984e-06 1.63779e-06 1.03612e-06 4.59128e-07 2.58815e-07 2.82263e-07 2.89317e-07 2.17397e-07 1.14597e-07 4.62821e-08 1.77617e-08 1.08066e-08 1.07214e-08 1.14447e-08 1.24597e-08 1.4066e-08 1.65181e-08 1.99424e-08 2.44161e-08 3.00618e-08 3.70401e-08 4.57157e-08 5.99024e-08 1.04963e-07 2.55101e-07 5.58715e-07 7.89398e-07 7.15065e-07 4.26244e-07 4.82689e-07 1.12857e-06 1.56906e-06 1.48221e-06 1.10907e-06 7.18418e-07 4.22844e-07 2.32909e-07 1.22292e-07 6.17505e-08 2.95251e-08 1.19435e-08 2.79194e-09 
9.47218e-09 2.6883e-08 6.06281e-08 1.27529e-07 2.5755e-07 4.95624e-07 8.88592e-07 1.43166e-06 1.96317e-06 2.11121e-06 1.59247e-06 7.76293e-07 3.20975e-07 2.99934e-07 3.60108e-07 3.23119e-07 1.96586e-07 8.63484e-08 3.23229e-08 1.41968e-08 1.12788e-08 1.14447e-08 1.18922e-08 1.27002e-08 1.41898e-08 1.65681e-08 1.9939e-08 2.43968e-08 3.00618e-08 3.70875e-08 4.69085e-08 7.18785e-08 1.62827e-07 4.10907e-07 7.60448e-07 8.77139e-07 6.7742e-07 4.68699e-07 9.30358e-07 1.66917e-06 1.89858e-06 1.56641e-06 1.06504e-06 6.41844e-07 3.57445e-07 1.88632e-07 9.56864e-08 4.66861e-08 2.09068e-08 6.81839e-09 6.81839e-09 
4.53484e-09 1.71437e-08 4.21582e-08 9.18653e-08 1.91408e-07 3.83877e-07 7.29704e-07 1.27592e-06 1.95714e-06 2.44675e-06 2.2339e-06 1.31898e-06 5.10887e-07 3.05026e-07 4.03301e-07 4.36665e-07 3.15856e-07 1.5445e-07 6.0069e-08 2.27539e-08 1.30532e-08 1.19474e-08 1.18922e-08 1.20443e-08 1.26942e-08 1.41271e-08 1.64993e-08 1.98956e-08 2.43968e-08 3.0072e-08 3.73844e-08 5.169e-08 1.02653e-07 2.6783e-07 6.14942e-07 9.25633e-07 8.79072e-07 6.26676e-07 7.29086e-07 1.5235e-06 2.18869e-06 2.09656e-06 1.53805e-06 9.61501e-07 5.44622e-07 2.89559e-07 1.47461e-07 7.2566e-08 3.40011e-08 1.36487e-08 3.26193e-09 
9.67129e-09 2.80268e-08 6.41101e-08 1.37125e-07 2.83373e-07 5.62614e-07 1.04941e-06 1.76825e-06 2.5275e-06 2.77606e-06 2.05257e-06 9.36786e-07 3.63952e-07 4.07743e-07 5.30458e-07 4.66164e-07 2.63762e-07 1.09448e-07 4.03406e-08 1.76436e-08 1.321e-08 1.24597e-08 1.20443e-08 1.19625e-08 1.25373e-08 1.39914e-08 1.64277e-08 1.98956e-08 2.44161e-08 3.00808e-08 3.89022e-08 6.6178e-08 1.64716e-07 4.2641e-07 8.28995e-07 9.99123e-07 8.07445e-07 6.64538e-07 1.20872e-06 2.18642e-06 2.57095e-06 2.12453e-06 1.40859e-06 8.20106e-07 4.41358e-07 2.25978e-07 1.11737e-07 5.33799e-08 2.35701e-08 7.74869e-09 7.74869e-09 
4.50652e-09 1.74176e-08 4.33644e-08 9.54561e-08 2.01638e-07 4.12614e-07 8.06806e-07 1.46278e-06 2.33619e-06 3.02273e-06 2.79354e-06 1.62473e-06 6.14501e-07 4.00009e-07 5.73337e-07 6.2182e-07 4.21499e-07 1.938e-07 7.29831e-08 2.78175e-08 1.59253e-08 1.37016e-08 1.27002e-08 1.19625e-08 1.17522e-08 1.23462e-08 1.38914e-08 1.64277e-08 1.9939e-08 2.43792e-08 3.03325e-08 4.46672e-08 9.9483e-08 2.68153e-07 6.26743e-07 9.86488e-07 9.55461e-07 7.21397e-07 9.01215e-07 1.85574e-06 2.77843e-06 2.72841e-06 1.98715e-06 1.21078e-06 6.65273e-07 3.43726e-07 1.7078e-07 8.23225e-08 3.79549e-08 1.51552e-08 3.69632e-09 
9.56339e-09 2.8171e-08 6.48504e-08 1.39617e-07 2.91522e-07 5.88438e-07 1.12468e-06 1.95659e-06 2.89661e-06 3.27224e-06 2.45201e-06 1.13794e-06 4.77988e-07 5.61707e-07 7.34462e-07 6.18248e-07 3.275e-07 1.30986e-07 4.77676e-08 2.1598e-08 1.58903e-08 1.4066e-08 1.26942e-08 1.17522e-08 1.1529e-08 1.22217e-08 1.38914e-08 1.64993e-08 1.99424e-08 2.42594e-08 3.20451e-08 6.06212e-08 1.60289e-07 4.15669e-07 8.25095e-07 1.01973e-06 8.24072e-07 7.21069e-07 1.35997e-06 2.55962e-06 3.14578e-06 2.63623e-06 1.72945e-06 9.84622e-07 5.17017e-07 2.58821e-07 1.25533e-07 5.90204e-08 2.57934e-08 8.55459e-09 8.55459e-09 
4.34405e-09 1.71334e-08 4.29336e-08 9.46732e-08 2.0055e-07 4.12982e-07 8.17357e-07 1.51137e-06 2.48004e-06 3.30831e-06 3.14302e-06 1.88524e-06 7.75681e-07 5.45587e-07 7.64271e-07 8.08493e-07 5.18845e-07 2.2845e-07 8.44835e-08 3.2952e-08 1.96457e-08 1.62633e-08 1.41898e-08 1.25373e-08 1.1529e-08 1.13899e-08 1.22217e-08 1.39914e-08 1.65681e-08 1.98005e-08 2.44188e-08 3.8482e-08 9.3521e-08 2.54487e-07 5.92017e-07 9.44307e-07 9.13169e-07 6.81421e-07 9.08713e-07 1.98818e-06 3.14148e-06 3.1925e-06 2.34262e-06 1.41427e-06 7.64084e-07 3.87677e-07 1.89442e-07 9.00189e-08 4.10405e-08 1.63509e-08 4.06609e-09 
9.17699e-09 2.73835e-08 6.30208e-08 1.35359e-07 2.82246e-07 5.70556e-07 1.098e-06 1.93788e-06 2.93502e-06 3.41572e-06 2.65411e-06 1.31636e-06 6.3099e-07 7.23852e-07 9.19701e-07 7.48123e-07 3.80696e-07 1.48639e-07 5.45491e-08 2.63037e-08 1.95381e-08 1.65181e-08 1.41271e-08 1.23462e-08 1.13899e-08 1.13899e-08 1.23462e-08 1.41271e-08 1.65181e-08 1.95381e-08 2.63037e-08 5.45491e-08 1.48639e-07 3.80696e-07 7.48123e-07 9.19701e-07 7.23852e-07 6.3099e-07 1.31636e-06 2.65411e-06 3.41572e-06 2.93502e-06 1.93788e-06 1.098e-06 5.70556e-07 2.82246e-07 1.35359e-07 6.30208e-08 2.73835e-08 9.17699e-09 9.17699e-09 
4.06609e-09 1.63509e-08 4.10405e-08 9.00189e-08 1.89442e-07 3.87677e-07 7.64084e-07 1.41427e-06 2.34262e-06 3.1925e-06 3.14148e-06 1.98818e-06 9.08713e-07 6.81421e-07 9.13169e-07 9.44307e-07 5.92017e-07 2.54487e-07 9.3521e-08 3.8482e-08 2.44188e-08 1.98005e-08 1.65681e-08 1.39914e-08 1.22217e-08 1.13899e-08 1.1529e-08 1.25373e-08 1.41898e-08 1.62633e-08 1.96457e-08 3.2952e-08 8.44835e-08 2.2845e-07 5.18845e-07 8.08493e-07 7.64271e-07 5.45587e-07 7.75681e-07 1.88524e-06 3.14302e-06 3.30831e-06 2.48004e-06 1.51137e-06 8.17357e-07 4.12982e-07 2.0055e-07 9.46732e-08 4.29336e-08 1.71334e-08 4.34405e-09 
8.55459e-09 2.57934e-08 5.90204e-08 1.25533e-07 2.58821e-07 5.17017e-07 9.84622e-07 1.72945e-06 2.63623e-06 3.14578e-06 2.55962e-06 1.35997e-06 7.21069e-07 8.24072e-07 1.01973e-06 8.25095e-07 4.15669e-07 1.60289e-07 6.06212e-08 3.20451e-08 2.42594e-08 1.99424e-08 1.64993e-08 1.38914e-08 1.22217e-08 1.1529e-08 1.17522e-08 1.26942e-08 1.4066e-08 1.58903e-08 2.1598e-08 4.77676e-08 1.30986e-07 3.275e-07 6.18248e-07 7.34462e-07 5.61707e-07 4.77988e-07 1.13794e-06 2.45201e-06 3.27224e-06 2.89661e-06 1.95659e-06 1.12468e-06 5.88438e-07 2.91522e-07 1.39617e-07 6.48504e-08 2.8171e-08 9.56339e-09 9.56339e-09 
3.69632e-09 1.51552e-08 3.79549e-08 8.23225e-08 1.7078e-07 3.43726e-07 6.65273e-07 1.21078e-06 1.98715e-06 2.72841e-06 2.77843e-06 1.85574e-06 9.01215e-07 7.21397e-07 9.55461e-07 9.86488e-07 6.26743e-07 2.68153e-07 9.9483e-08 4.46672e-08 3.03325e-08 2.43792e-08 1.9939e-08 1.64277e-08 1.38914e-08 1.23462e-08 1.17522e-08 1.19625e-08 1.27002e-08 1.37016e-08 1.59253e-08 2.78175e-08 7.29831e-08 1.938e-07 4.21499e-07 6.2182e-07 5.73337e-07 4.00009e-07 6.14501e-07 1.62473e-06 2.79354e-06 3.02273e-06 2.33619e-06 1.46278e-06 8.06806e-07 4.12614e-07 2.01638e-07 9.54561e-08 4.33644e-08 1.74176e-08 4.50652e-09 
7.74869e-09 2.35701e-08 5.33799e-08 1.11737e-07 2.25978e-07 4.41358e-07 8.20106e-07 1.40859e-06 2.12453e-06 2.57095e-06 2.18642e-06 1.20872e-06 6.64538e-07 8.07445e-07 9.99123e-07 8.28995e-07 4.2641e-07 1.64716e-07 6.6178e-08 3.89022e-08 3.00808e-08 2.44161e-08 1.98956e-08 1.64277e-08 1.39914e-08 1.25373e-08 1.19625e-08 1.20443e-08 1.24597e-08 1.321e-08 1.76436e-08 4.03406e-08 1.09448e-07 2.63762e-07 4.66164e-07 5.30458e-07 4.07743e-07 3.63952e-07 9.36786e-07 2.05257e-06 2.77606e-06 2.5275e-06 1.76825e-06 1.04941e-06 5.62614e-07 2.83373e-07 1.37125e-07 6.41101e-08 2.80268e-08 9.67129e-09 9.67129e-09 
3.26193e-09 1.36487e-08 3.40011e-08 7.2566e-08 1.47461e-07 2.89559e-07 5.44622e-07 9.61501e-07 1.53805e-06 2.09656e-06 2.18869e-06 1.5235e-06 7.29086e-07 6.26676e-07 8.79072e-07 9.25633e-07 6.14942e-07 2.6783e-07 1.02653e-07 5.169e-08 3.73844e-08 3.0072e-08 2.43968e-08 1.98956e-08 1.64993e-08 1.41271e-08 1.26942e-08 1.20443e-08 1.18922e-08 1.19474e-08 1.30532e-08 2.27539e-08 6.0069e-08 1.5445e-07 3.15856e-07 4.36665e-07 4.03301e-07 3.05026e-07 5.10887e-07 1.31898e-06 2.2339e-06 2.44675e-06 1.95714e-06 1.27592e-06 7.29704e-07 3.83877e-07 1.91408e-07 9.18653e-08 4.21582e-08 1.71437e-08 4.53484e-09 
6.81839e-09 2.09068e-08 4.66861e-08 9.56864e-08 1.88632e-07 3.57445e-07 6.41844e-07 1.06504e-06 1.56641e-06 1.89858e-06 1.66917e-06 9.30358e-07 4.68699e-07 6.7742e-07 8.77139e-07 7.60448e-07 4.10907e-07 1.62827e-07 7.18785e-08 4.69085e-08 3.70875e-08 3.00618e-08 2.43968e-08 1.9939e-08 1.65681e-08 1.41898e-08 1.27002e-08 1.18922e-08 1.14447e-08 1.12788e-08 1.41968e-08 3.23229e-08 8.63484e-08 1.96586e-07 3.23119e-07 3.60108e-07 2.99934e-07 3.20975e-07 7.76293e-07 1.59247e-06 2.11121e-06 1.96317e-06 1.43166e-06 8.88592e-07 4.95624e-07 2.5755e-07 1.27529e-07 6.06281e-08 2.6883e-08 9.47218e-09 9.47218e-09 
2.79194e-09 1.19435e-08 2.95251e-08 6.17505e-08 1.22292e-07 2.32909e-07 4.22844e-07 7.18418e-07 1.10907e-06 1.48221e-06 1.56906e-06 1.12857e-06 4.82689e-07 4.26244e-07 7.15065e-07 7.89398e-07 5.58715e-07 2.55101e-07 1.04963e-07 5.99024e-08 4.57157e-08 3.70401e-08 3.00618e-08 2.44161e-08 1.99424e-08 1.65181e-08 1.4066e-08 1.24597e-08 1.14447e-08 1.07214e-08 1.08066e-08 1.77617e-08 4.62821e-08 1.14597e-07 2.17397e-07 2.89317e-07 2.82263e-07 2.58815e-07 4.59128e-07 1.03612e-06 1.63779e-06 1.77984e-06 1.47005e-06 1.00475e-06 6.02898e-07 3.30747e-07 1.70522e-07 8.39423e-08 3.92864e-08 1.62881e-08 4.41727e-09 
5.82547e-09 1.80041e-08 3.9521e-08 7.89811e-08 1.51054e-07 2.76337e-07 4.77083e-07 7.60625e-07 1.08294e-06 1.30006e-06 1.17735e-06 6.62883e-07 2.12144e-07 4.79374e-07 6.95982e-07 6.4109e-07 3.71234e-07 1.58708e-07 7.89778e-08 5.64043e-08 4.55006e-08 3.70401e-08 3.0072e-08 2.43792e-08 1.98005e-08 1.62633e-08 1.37016e-08 1.19474e-08 1.07214e-08 9.85918e-09 1.11822e-08 2.41436e-08 6.28085e-08 1.34959e-07 2.10738e-07 2.42759e-07 2.31931e-07 3.01595e-07 6.46852e-07 1.16694e-06 1.46972e-06 1.3791e-06 1.0476e-06 6.84356e-07 4.01303e-07 2.1779e-07 1.11685e-07 5.45721e-08 2.47596e-08 8.95694e-09 8.95694e-09 
2.31521e-09 1.01531e-08 2.48628e-08 5.07896e-08 9.76447e-08 1.79667e-07 3.13771e-07 5.11653e-07 7.60353e-07 9.90965e-07 1.05604e-06 8.00488e-07 3.09926e-07 2.03926e-07 5.16727e-07 6.1836e-07 4.67739e-07 2.36139e-07 1.09055e-07 7.01101e-08 5.56738e-08 4.55006e-08 3.70875e-08 3.00808e-08 2.42594e-08 1.95381e-08 1.58903e-08 1.321e-08 1.12788e-08 9.85918e-09 9.15473e-09 1.30564e-08 3.25786e-08 7.7363e-08 1.40581e-07 1.89925e-07 2.04001e-07 2.25681e-07 4.08244e-07 7.87629e-07 1.12456e-06 1.19062e-06 1.00644e-06 7.2075e-07 4.56216e-07 2.63385e-07 1.41935e-07 7.24483e-08 3.49225e-08 1.48769e-08 4.1516e-09 
4.82987e-09 1.50537e-08 3.2406e-08 6.29444e-08 1.16413e-07 2.05077e-07 3.39978e-07 5.20858e-07 7.17875e-07 8.50957e-07 7.97488e-07 4.91691e-07 7.07058e-08 2.94597e-07 5.05323e-07 4.95675e-07 3.18254e-07 1.55441e-07 8.88723e-08 6.79645e-08 5.56738e-08 4.57157e-08 3.73844e-08 3.03325e-08 2.44188e-08 1.96457e-08 1.59253e-08 1.30532e-08 1.08066e-08 9.15473e-09 9.04826e-09 1.64102e-08 4.10646e-08 8.56881e-08 1.35924e-07 1.67781e-07 1.83301e-07 2.69593e-07 5.18202e-07 8.15027e-07 9.60003e-07 8.97042e-07 7.04232e-07 4.83686e-07 2.99466e-07 1.71066e-07 9.17265e-08 4.65232e-08 2.17924e-08 8.14352e-09 8.14352e-09 
1.85819e-09 8.38334e-09 2.0311e-08 4.04253e-08 7.52407e-08 1.33473e-07 2.24074e-07 3.5112e-07 5.03628e-07 6.41563e-07 6.89299e-07 5.65582e-07 2.74107e-07 1.07195e-07 3.43108e-07 4.44538e-07 3.67133e-07 2.13332e-07 1.1563e-07 8.30843e-08 6.79645e-08 5.64043e-08 4.69085e-08 3.89022e-08 3.20451e-08 2.63037e-08 2.1598e-08 1.76436e-08 1.41968e-08 1.11822e-08 9.04826e-09 9.86515e-09 2.04099e-08 4.77154e-08 8.8903e-08 1.27555e-07 1.50159e-07 1.90724e-07 3.38968e-07 5.69591e-07 7.35552e-07 7.5142e-07 6.42542e-07 4.78467e-07 3.18922e-07 1.94385e-07 1.1022e-07 5.88331e-08 2.94711e-08 1.30005e-08 3.74886e-09 
3.8846e-09 1.22219e-08 2.5758e-08 4.85197e-08 8.66165e-08 1.46859e-07 2.34129e-07 3.4589e-07 4.63668e-07 5.45504e-07 5.32142e-07 3.83997e-07 1.62737e-07 1.9438e-07 3.4143e-07 3.6018e-07 2.61322e-07 1.50081e-07 1.01623e-07 8.30843e-08 7.01101e-08 5.99024e-08 5.169e-08 4.46672e-08 3.8482e-08 3.2952e-08 2.78175e-08 2.27539e-08 1.77617e-08 1.30564e-08 9.86515e-09 1.14009e-08 2.43052e-08 5.31409e-08 8.92806e-08 1.17983e-07 1.44139e-07 2.25306e-07 3.8836e-07 5.42548e-07 6.00065e-07 5.53692e-07 4.4432e-07 3.18412e-07 2.07653e-07 1.25137e-07 7.05534e-08 3.74244e-08 1.82433e-08 7.08448e-09 7.08448e-09 
1.44258e-09 6.72297e-09 1.61032e-08 3.11764e-08 5.60879e-08 9.58746e-08 1.54928e-07 2.34095e-07 3.25775e-07 4.08318e-07 4.45085e-07 3.97365e-07 2.61533e-07 1.50936e-07 2.33569e-07 3.08441e-07 2.78512e-07 1.8499e-07 1.22265e-07 1.01623e-07 8.88723e-08 7.89778e-08 7.18785e-08 6.6178e-08 6.06212e-08 5.45491e-08 4.77676e-08 4.03406e-08 3.23229e-08 2.41436e-08 1.64102e-08 1.14009e-08 1.30117e-08 2.88293e-08 5.74528e-08 8.67937e-08 1.11393e-07 1.56483e-07 2.61991e-07 3.88423e-07 4.61572e-07 4.56037e-07 3.91213e-07 2.99741e-07 2.08799e-07 1.33973e-07 8.00454e-08 4.48908e-08 2.35234e-08 1.08176e-08 3.23659e-09 
3.03109e-09 9.6366e-09 1.98632e-08 3.62416e-08 6.2416e-08 1.01959e-07 1.56789e-07 2.24454e-07 2.94533e-07 3.46336e-07 3.52302e-07 2.93346e-07 1.94063e-07 1.7183e-07 2.41077e-07 2.64821e-07 2.10939e-07 1.44453e-07 1.22265e-07 1.1563e-07 1.09055e-07 1.04963e-07 1.02653e-07 9.9483e-08 9.3521e-08 8.44835e-08 7.29831e-08 6.0069e-08 4.62821e-08 3.25786e-08 2.04099e-08 1.30117e-08 1.53338e-08 3.37058e-08 5.92854e-08 8.39038e-08 1.14436e-07 1.79034e-07 2.72741e-07 3.44264e-07 3.62059e-07 3.29879e-07 2.68369e-07 1.98674e-07 1.35465e-07 8.58416e-08 5.09285e-08 2.83629e-08 1.44702e-08 5.86863e-09 5.86863e-09 
1.08343e-09 5.23712e-09 1.23963e-08 2.33275e-08 4.05481e-08 6.6838e-08 1.04224e-07 1.52503e-07 2.07099e-07 2.57077e-07 2.85328e-07 2.74086e-07 2.20213e-07 1.6566e-07 1.86505e-07 2.31782e-07 2.22954e-07 1.7117e-07 1.44453e-07 1.50081e-07 1.55441e-07 1.58708e-07 1.62827e-07 1.64716e-07 1.60289e-07 1.48639e-07 1.30986e-07 1.09448e-07 8.63484e-08 6.28085e-08 4.10646e-08 2.43052e-08 1.53338e-08 1.90834e-08 3.7379e-08 6.02116e-08 8.58201e-08 1.27121e-07 1.91323e-07 2.51218e-07 2.78687e-07 2.68284e-07 2.30468e-07 1.80253e-07 1.30007e-07 8.71856e-08 5.4697e-08 3.22348e-08 1.77261e-08 8.53663e-09 2.65886e-09 
2.29589e-09 7.38089e-09 1.48736e-08 2.62811e-08 4.36922e-08 6.89046e-08 1.02575e-07 1.43006e-07 1.84772e-07 2.18095e-07 2.30433e-07 2.12555e-07 1.72719e-07 1.56168e-07 1.90988e-07 2.16496e-07 1.96932e-07 1.7117e-07 1.8499e-07 2.13332e-07 2.36139e-07 2.55101e-07 2.6783e-07 2.68153e-07 2.54487e-07 2.2845e-07 1.938e-07 1.5445e-07 1.14597e-07 7.7363e-08 4.77154e-08 2.88293e-08 1.90834e-08 2.32653e-08 4.11808e-08 6.42314e-08 9.44548e-08 1.37466e-07 1.82248e-07 2.09696e-07 2.11544e-07 1.90977e-07 1.57055e-07 1.19216e-07 8.42566e-08 5.57567e-08 3.46803e-08 2.02721e-08 1.08508e-08 4.61028e-09 4.61028e-09 
7.88093e-10 3.96413e-09 9.27048e-09 1.6958e-08 2.8498e-08 4.53764e-08 6.84884e-08 9.74651e-08 1.29825e-07 1.60321e-07 1.81161e-07 1.8414e-07 1.6652e-07 1.43595e-07 1.52601e-07 1.89547e-07 2.05756e-07 1.96932e-07 2.10939e-07 2.61322e-07 3.18254e-07 3.71234e-07 4.10907e-07 4.2641e-07 4.15669e-07 3.80696e-07 3.275e-07 2.63762e-07 1.96586e-07 1.34959e-07 8.56881e-08 5.31409e-08 3.37058e-08 2.32653e-08 2.92534e-08 4.81845e-08 7.28128e-08 1.03161e-07 1.3446e-07 1.56523e-07 1.62991e-07 1.53444e-07 1.32096e-07 1.05096e-07 7.79377e-08 5.41924e-08 3.54628e-08 2.18774e-08 1.2616e-08 6.37308e-09 2.07028e-09 
1.68995e-09 5.49331e-09 1.08247e-08 1.85378e-08 2.9797e-08 4.54866e-08 6.57981e-08 8.9745e-08 1.14681e-07 1.3614e-07 1.48443e-07 1.46899e-07 1.33375e-07 1.2635e-07 1.50537e-07 1.87445e-07 2.05756e-07 2.22954e-07 2.78512e-07 3.67133e-07 4.67739e-07 5.58715e-07 6.14942e-07 6.26743e-07 5.92017e-07 5.18845e-07 4.21499e-07 3.15856e-07 2.17397e-07 1.40581e-07 8.8903e-08 5.74528e-08 3.7379e-08 2.92534e-08 3.89928e-08 5.85716e-08 8.1463e-08 1.03103e-07 1.18364e-07 1.24419e-07 1.20443e-07 1.07744e-07 8.94732e-08 6.93717e-08 5.04912e-08 3.4633e-08 2.24389e-08 1.3712e-08 7.69175e-09 3.42587e-09 3.42587e-09 
5.56498e-10 2.91693e-09 6.73917e-09 1.19945e-08 1.95187e-08 3.00944e-08 4.41141e-08 6.13098e-08 8.04517e-08 9.91403e-08 1.13898e-07 1.20893e-07 1.18094e-07 1.10522e-07 1.16678e-07 1.4947e-07 1.87445e-07 2.16496e-07 2.64821e-07 3.6018e-07 4.95675e-07 6.4109e-07 7.60448e-07 8.28995e-07 8.25095e-07 7.48123e-07 6.18248e-07 4.66164e-07 3.23119e-07 2.10738e-07 1.35924e-07 8.92806e-08 5.92854e-08 4.11808e-08 3.89928e-08 5.11949e-08 6.82427e-08 8.32714e-08 9.26466e-08 9.5975e-08 9.35831e-08 8.58501e-08 7.38891e-08 5.96612e-08 4.53082e-08 3.24657e-08 2.20044e-08 1.41202e-08 8.50354e-09 4.49905e-09 1.52439e-09 
1.21059e-09 3.97476e-09 7.66526e-09 1.27446e-08 1.98531e-08 2.94287e-08 4.15255e-08 5.5648e-08 7.05947e-08 8.44065e-08 9.45572e-08 9.8716e-08 9.68766e-08 9.60661e-08 1.12315e-07 1.4947e-07 1.89547e-07 2.31782e-07 3.08441e-07 4.44538e-07 6.1836e-07 7.89398e-07 9.25633e-07 9.86488e-07 9.44307e-07 8.08493e-07 6.2182e-07 4.36665e-07 2.89317e-07 1.89925e-07 1.27555e-07 8.67937e-08 6.02116e-08 4.81845e-08 5.11949e-08 6.18275e-08 7.14772e-08 7.61968e-08 7.63862e-08 7.33417e-08 6.76743e-08 5.96168e-08 4.97913e-08 3.93067e-08 2.93387e-08 2.07375e-08 1.39005e-08 8.82396e-09 5.16528e-09 2.40685e-09 2.40685e-09 
3.82727e-10 2.08794e-09 4.76633e-09 8.26819e-09 1.30611e-08 1.95601e-08 2.79502e-08 3.80975e-08 4.94576e-08 6.10095e-08 7.1278e-08 7.85808e-08 8.18408e-08 8.26782e-08 8.89981e-08 1.12315e-07 1.50537e-07 1.90988e-07 2.41077e-07 3.4143e-07 5.05323e-07 6.95982e-07 8.77139e-07 9.99123e-07 1.01973e-06 9.19701e-07 7.34462e-07 5.30458e-07 3.60108e-07 2.42759e-07 1.67781e-07 1.17983e-07 8.39038e-08 6.42314e-08 5.85716e-08 6.18275e-08 6.59023e-08 6.64444e-08 6.37037e-08 5.91523e-08 5.37292e-08 4.75707e-08 4.06102e-08 3.31081e-08 2.56499e-08 1.88589e-08 1.31634e-08 8.72711e-09 5.45376e-09 3.00886e-09 1.06126e-09 
8.45377e-10 2.7983e-09 5.28892e-09 8.559e-09 1.29623e-08 1.87272e-08 2.5887e-08 3.42396e-08 4.33034e-08 5.23009e-08 6.0233e-08 6.61978e-08 7.0281e-08 7.5453e-08 8.89981e-08 1.16678e-07 1.52601e-07 1.86505e-07 2.33569e-07 3.43108e-07 5.16727e-07 7.15065e-07 8.79072e-07 9.55461e-07 9.13169e-07 7.64271e-07 5.73337e-07 4.03301e-07 2.82263e-07 2.04001e-07 1.50159e-07 1.11393e-07 8.58201e-08 7.28128e-08 6.82427e-08 6.59023e-08 6.18733e-08 5.61664e-08 4.98642e-08 4.38058e-08 3.81869e-08 3.27512e-08 2.72643e-08 2.17859e-08 1.66053e-08 1.20415e-08 8.303e-09 5.43783e-09 3.30035e-09 1.60165e-09 1.60165e-09 
2.57372e-10 1.45535e-09 3.28404e-09 5.56609e-09 8.56318e-09 1.25038e-08 1.74933e-08 2.34977e-08 3.0327e-08 3.76207e-08 4.48721e-08 5.15706e-08 5.76271e-08 6.43194e-08 7.5453e-08 9.60661e-08 1.2635e-07 1.56168e-07 1.7183e-07 1.9438e-07 2.94597e-07 4.79374e-07 6.7742e-07 8.07445e-07 8.24072e-07 7.23852e-07 5.61707e-07 4.07743e-07 2.99934e-07 2.31931e-07 1.83301e-07 1.44139e-07 1.14436e-07 9.44548e-08 8.1463e-08 7.14772e-08 6.18733e-08 5.26432e-08 4.43241e-08 3.72455e-08 3.1421e-08 2.65474e-08 2.21999e-08 1.80995e-08 1.42145e-08 1.06752e-08 7.63882e-09 5.20191e-09 3.34948e-09 1.91437e-09 7.00119e-10 
5.76592e-10 1.91944e-09 3.56271e-09 5.63022e-09 8.32271e-09 1.17722e-08 1.6022e-08 2.10292e-08 2.66632e-08 3.27191e-08 3.89974e-08 4.55441e-08 5.31923e-08 6.43194e-08 8.26782e-08 1.10522e-07 1.43595e-07 1.6566e-07 1.50936e-07 1.07195e-07 2.03926e-07 4.26244e-07 6.26676e-07 7.21397e-07 6.81421e-07 5.45587e-07 4.00009e-07 3.05026e-07 2.58815e-07 2.25681e-07 1.90724e-07 1.56483e-07 1.27121e-07 1.03161e-07 8.32714e-08 6.64444e-08 5.26432e-08 4.17371e-08 3.33169e-08 2.69067e-08 2.20212e-08 1.81545e-08 1.48691e-08 1.19081e-08 9.20782e-09 6.81834e-09 4.81387e-09 3.23275e-09 2.01927e-09 1.0139e-09 1.0139e-09 
1.69928e-10 9.89365e-10 2.20865e-09 3.66892e-09 5.51958e-09 7.89523e-09 1.08715e-08 1.44741e-08 1.86882e-08 2.34736e-08 2.88188e-08 3.48985e-08 4.24253e-08 5.31923e-08 7.0281e-08 9.68766e-08 1.33375e-07 1.72719e-07 1.94063e-07 1.62737e-07 7.07058e-08 2.12144e-07 4.68699e-07 6.64538e-07 7.21069e-07 6.3099e-07 4.77988e-07 3.63952e-07 3.20975e-07 3.01595e-07 2.69593e-07 2.25306e-07 1.79034e-07 1.37466e-07 1.03103e-07 7.61968e-08 5.61664e-08 4.17371e-08 3.14826e-08 2.41917e-08 1.89745e-08 1.51706e-08 1.22603e-08 9.86567e-09 7.77674e-09 5.92641e-09 4.32717e-09 3.01213e-09 1.98517e-09 1.16629e-09 4.39702e-10 
3.84959e-10 1.28545e-09 2.34914e-09 3.6399e-09 5.27725e-09 7.34817e-09 9.90629e-09 1.29886e-08 1.66335e-08 2.09227e-08 2.60924e-08 3.27787e-08 4.24253e-08 5.76271e-08 8.18408e-08 1.18094e-07 1.6652e-07 2.20213e-07 2.61533e-07 2.74107e-07 3.09926e-07 4.82689e-07 7.29086e-07 9.01215e-07 9.08713e-07 7.75681e-07 6.14501e-07 5.10887e-07 4.59128e-07 4.08244e-07 3.38968e-07 2.61991e-07 1.91323e-07 1.3446e-07 9.26466e-08 6.37037e-08 4.43241e-08 3.14826e-08 2.29234e-08 1.71335e-08 1.31448e-08 1.03161e-08 8.19891e-09 6.49601e-09 5.04642e-09 3.79141e-09 2.72815e-09 1.86891e-09 1.19268e-09 6.14616e-10 6.14616e-10 
1.10587e-10 6.57492e-10 1.45388e-09 2.3759e-09 3.51232e-09 4.94937e-09 6.74985e-09 8.96902e-09 1.1675e-08 1.49832e-08 1.91371e-08 2.46835e-08 3.27787e-08 4.55441e-08 6.61978e-08 9.8716e-08 1.46899e-07 2.12555e-07 2.93346e-07 3.83997e-07 4.91691e-07 6.62883e-07 9.30358e-07 1.20872e-06 1.35997e-06 1.31636e-06 1.13794e-06 9.36786e-07 7.76293e-07 6.46852e-07 5.18202e-07 3.8836e-07 2.72741e-07 1.82248e-07 1.18364e-07 7.63862e-08 4.98642e-08 3.33169e-08 2.29234e-08 1.62725e-08 1.19144e-08 8.98478e-09 6.94424e-09 5.43987e-09 4.24997e-09 3.256e-09 2.41107e-09 1.70777e-09 1.14543e-09 6.86128e-10 2.64704e-10 
2.52262e-10 8.42947e-10 1.52135e-09 2.32217e-09 3.321e-09 4.58153e-09 6.16163e-09 8.13411e-09 1.06157e-08 1.38265e-08 1.8215e-08 2.46835e-08 3.48985e-08 5.15706e-08 7.85808e-08 1.20893e-07 1.8414e-07 2.74086e-07 3.97365e-07 5.65582e-07 8.00488e-07 1.12857e-06 1.5235e-06 1.85574e-06 1.98818e-06 1.88524e-06 1.62473e-06 1.31898e-06 1.03612e-06 7.87629e-07 5.69591e-07 3.88423e-07 2.51218e-07 1.56523e-07 9.5975e-08 5.91523e-08 3.72455e-08 2.41917e-08 1.62725e-08 1.13378e-08 8.17171e-09 6.07769e-09 4.63679e-09 3.58589e-09 2.76517e-09 2.08951e-09 1.52375e-09 1.05989e-09 6.86493e-10 3.59846e-10 3.59846e-10 
7.11937e-11 4.28472e-10 9.40045e-10 1.51774e-09 2.21718e-09 3.09798e-09 4.21466e-09 5.63366e-09 7.45821e-09 9.87231e-09 1.32294e-08 1.8215e-08 2.60924e-08 3.89974e-08 6.0233e-08 9.45572e-08 1.48443e-07 2.30433e-07 3.52302e-07 5.32142e-07 7.97488e-07 1.17735e-06 1.66917e-06 2.18642e-06 2.55962e-06 2.65411e-06 2.45201e-06 2.05257e-06 1.59247e-06 1.16694e-06 8.15027e-07 5.42548e-07 3.44264e-07 2.09696e-07 1.24419e-07 7.33417e-08 4.38058e-08 2.69067e-08 1.71335e-08 1.13378e-08 7.78968e-09 5.54526e-09 4.07721e-09 3.07556e-09 2.35081e-09 1.79021e-09 1.33377e-09 9.56336e-10 6.49514e-10 3.93624e-10 1.54084e-10 
1.62777e-10 5.43292e-10 9.71754e-10 1.46894e-09 2.0856e-09 2.87125e-09 3.88254e-09 5.20444e-09 6.98316e-09 9.48863e-09 1.32294e-08 1.91371e-08 2.88188e-08 4.48721e-08 7.1278e-08 1.13898e-07 1.81161e-07 2.85328e-07 4.45085e-07 6.89299e-07 1.05604e-06 1.56906e-06 2.18869e-06 2.77843e-06 3.14148e-06 3.14302e-06 2.79354e-06 2.2339e-06 1.63779e-06 1.12456e-06 7.35552e-07 4.61572e-07 2.78687e-07 1.62991e-07 9.35831e-08 5.37292e-08 3.1421e-08 1.89745e-08 1.19144e-08 7.78968e-09 5.2943e-09 3.73114e-09 2.71661e-09 2.02864e-09 1.53381e-09 1.15365e-09 8.46561e-10 5.95044e-10 3.88928e-10 2.05521e-10 2.05521e-10 
4.54946e-11 2.74883e-10 5.99594e-10 9.60956e-10 1.39582e-09 1.94765e-09 2.66375e-09 3.61122e-09 4.90222e-09 6.73795e-09 9.48863e-09 1.38265e-08 2.09227e-08 3.27191e-08 5.23009e-08 8.44065e-08 1.3614e-07 2.18095e-07 3.46336e-07 5.45504e-07 8.50957e-07 1.30006e-06 1.89858e-06 2.57095e-06 3.14578e-06 3.41572e-06 3.27224e-06 2.77606e-06 2.11121e-06 1.46972e-06 9.60003e-07 6.00065e-07 3.62059e-07 2.11544e-07 1.20443e-07 6.76743e-08 3.81869e-08 2.20212e-08 1.31448e-08 8.17171e-09 5.2943e-09 3.56742e-09 2.49304e-09 1.79971e-09 1.33173e-09 9.96511e-10 7.39998e-10 5.33801e-10 3.65393e-10 2.22502e-10 8.75959e-11 
1.03827e-10 3.45684e-10 6.1511e-10 9.26105e-10 1.31436e-09 1.8194e-09 2.4932e-09 3.41974e-09 4.74616e-09 6.73795e-09 9.87231e-09 1.49832e-08 2.34736e-08 3.76207e-08 6.10095e-08 9.91403e-08 1.60321e-07 2.57077e-07 4.08318e-07 6.41563e-07 9.90965e-07 1.48221e-06 2.09656e-06 2.72841e-06 3.1925e-06 3.30831e-06 3.02273e-06 2.44675e-06 1.77984e-06 1.19062e-06 7.5142e-07 4.56037e-07 2.68284e-07 1.53444e-07 8.58501e-08 4.75707e-08 2.65474e-08 1.51706e-08 8.98478e-09 5.54526e-09 3.56742e-09 2.38683e-09 1.65599e-09 1.18643e-09 8.70611e-10 6.44882e-10 4.72272e-10 3.33662e-10 2.1899e-10 1.15717e-10 1.15717e-10 
2.89534e-11 1.7439e-10 3.79085e-10 6.06087e-10 8.80996e-10 1.23654e-09 1.71306e-09 2.37245e-09 3.32077e-09 4.74616e-09 6.98316e-09 1.06157e-08 1.66335e-08 2.66632e-08 4.33034e-08 7.05947e-08 1.14681e-07 1.84772e-07 2.94533e-07 4.63668e-07 7.17875e-07 1.08294e-06 1.56641e-06 2.12453e-06 2.63623e-06 2.93502e-06 2.89661e-06 2.5275e-06 1.96317e-06 1.3791e-06 8.97042e-07 5.53692e-07 3.29879e-07 1.90977e-07 1.07744e-07 5.96168e-08 3.27512e-08 1.81545e-08 1.03161e-08 6.07769e-09 3.73114e-09 2.38683e-09 1.58738e-09 1.09439e-09 7.78806e-10 5.67068e-10 4.15673e-10 2.99532e-10 2.05682e-10 1.25159e-10 4.91532e-11 
6.57435e-11 2.18188e-10 3.87768e-10 5.84858e-10 8.35409e-10 1.17112e-09 1.63742e-09 2.30995e-09 3.32077e-09 4.90222e-09 7.45821e-09 1.1675e-08 1.86882e-08 3.0327e-08 4.94576e-08 8.04517e-08 1.29825e-07 2.07099e-07 3.25775e-07 5.03628e-07 7.60353e-07 1.10907e-06 1.53805e-06 1.98715e-06 2.34262e-06 2.48004e-06 2.33619e-06 1.95714e-06 1.47005e-06 1.00644e-06 6.42542e-07 3.91213e-07 2.30468e-07 1.32096e-07 7.38891e-08 4.06102e-08 2.21999e-08 1.22603e-08 6.94424e-09 4.07721e-09 2.49304e-09 1.58738e-09 1.05019e-09 7.20011e-10 5.09319e-10 3.68097e-10 2.66722e-10 1.88293e-10 1.23575e-10 6.48927e-11 6.48927e-11 
1.84114e-11 1.09925e-10 2.38725e-10 3.82639e-10 5.60082e-10 7.96093e-10 1.12426e-09 1.59819e-09 2.30995e-09 3.41974e-09 5.20444e-09 8.13411e-09 1.29886e-08 2.10292e-08 3.42396e-08 5.5648e-08 8.9745e-08 1.43006e-07 2.24454e-07 3.4589e-07 5.20858e-07 7.60625e-07 1.06504e-06 1.40859e-06 1.72945e-06 1.93788e-06 1.95659e-06 1.76825e-06 1.43166e-06 1.0476e-06 7.04232e-07 4.4432e-07 2.68369e-07 1.57055e-07 8.94732e-08 4.97913e-08 2.72643e-08 1.48691e-08 8.19891e-09 4.63679e-09 2.71661e-09 1.65599e-09 1.05019e-09 6.91592e-10 4.71836e-10 3.31976e-10 2.38112e-10 1.70128e-10 1.16645e-10 7.0659e-11 2.75151e-11 
4.15027e-11 1.37257e-10 2.44575e-10 3.7157e-10 5.37482e-10 7.67571e-10 1.09986e-09 1.59819e-09 2.37245e-09 3.61122e-09 5.63366e-09 8.96902e-09 1.44741e-08 2.34977e-08 3.80975e-08 6.13098e-08 9.74651e-08 1.52503e-07 2.34095e-07 3.5112e-07 5.11653e-07 7.18418e-07 9.61501e-07 1.21078e-06 1.41427e-06 1.51137e-06 1.46278e-06 1.27592e-06 1.00475e-06 7.2075e-07 4.78467e-07 2.99741e-07 1.80253e-07 1.05096e-07 5.96612e-08 3.31081e-08 1.80995e-08 9.86567e-09 5.43987e-09 3.07556e-09 1.79971e-09 1.09439e-09 6.91592e-10 4.53564e-10 3.08124e-10 2.15723e-10 1.53402e-10 1.07547e-10 7.03348e-11 3.65821e-11 3.65821e-11 
1.17334e-11 6.91521e-11 1.50394e-10 2.42761e-10 3.59788e-10 5.20677e-10 7.52642e-10 1.09986e-09 1.63742e-09 2.4932e-09 3.88254e-09 6.16163e-09 9.90629e-09 1.6022e-08 2.5887e-08 4.15255e-08 6.57981e-08 1.02575e-07 1.56789e-07 2.34129e-07 3.39978e-07 4.77083e-07 6.41844e-07 8.20106e-07 9.84622e-07 1.098e-06 1.12468e-06 1.04941e-06 8.88592e-07 6.84356e-07 4.83686e-07 3.18412e-07 1.98674e-07 1.19216e-07 6.93717e-08 3.93067e-08 2.17859e-08 1.19081e-08 6.49601e-09 3.58589e-09 2.02864e-09 1.18643e-09 7.20011e-10 4.53564e-10 2.96371e-10 2.00597e-10 1.3975e-10 9.82764e-11 6.69662e-11 4.03032e-11 1.55226e-11 
2.62171e-11 8.64065e-11 1.54893e-10 2.38135e-10 3.50496e-10 5.11785e-10 7.52642e-10 1.12426e-09 1.71306e-09 2.66375e-09 4.21466e-09 6.74985e-09 1.08715e-08 1.74933e-08 2.79502e-08 4.41141e-08 6.84884e-08 1.04224e-07 1.54928e-07 2.24074e-07 3.13771e-07 4.22844e-07 5.44622e-07 6.65273e-07 7.64084e-07 8.17357e-07 8.06806e-07 7.29704e-07 6.02898e-07 4.56216e-07 3.18922e-07 2.08799e-07 1.30007e-07 7.79377e-08 4.53082e-08 2.56499e-08 1.42145e-08 7.77674e-09 4.24997e-09 2.35081e-09 1.33173e-09 7.78806e-10 4.71836e-10 2.96371e-10 1.93036e-10 1.30236e-10 9.0213e-11 6.24176e-11 4.05641e-11 2.08939e-11 2.08939e-11 
7.50937e-12 4.35708e-11 9.50889e-11 1.55135e-10 2.33727e-10 3.45464e-10 5.11785e-10 7.67571e-10 1.17112e-09 1.8194e-09 2.87125e-09 4.58153e-09 7.34817e-09 1.17722e-08 1.87272e-08 2.94287e-08 4.54866e-08 6.89046e-08 1.01959e-07 1.46859e-07 2.05077e-07 2.76337e-07 3.57445e-07 4.41358e-07 5.17017e-07 5.70556e-07 5.88438e-07 5.62614e-07 4.95624e-07 4.01303e-07 2.99466e-07 2.07653e-07 1.35465e-07 8.42566e-08 5.04912e-08 2.93387e-08 1.66053e-08 9.20782e-09 5.04642e-09 2.76517e-09 1.53381e-09 8.70611e-10 5.09319e-10 3.08124e-10 1.93036e-10 1.25388e-10 8.43378e-11 5.79525e-11 3.90614e-11 2.33465e-11 8.90456e-12 
1.66161e-11 5.45875e-11 9.8689e-11 1.54002e-10 2.31184e-10 3.45464e-10 5.20677e-10 7.96093e-10 1.23654e-09 1.94765e-09 3.09798e-09 4.94937e-09 7.89523e-09 1.25038e-08 1.95601e-08 3.00944e-08 4.53764e-08 6.6838e-08 9.58746e-08 1.33473e-07 1.79667e-07 2.32909e-07 2.89559e-07 3.43726e-07 3.87677e-07 4.12982e-07 4.12614e-07 3.83877e-07 3.30747e-07 2.63385e-07 1.94385e-07 1.33973e-07 8.71856e-08 5.41924e-08 3.24657e-08 1.88589e-08 1.06752e-08 5.92641e-09 3.256e-09 1.79021e-09 9.96511e-10 5.67068e-10 3.31976e-10 2.00597e-10 1.25388e-10 8.12619e-11 5.44663e-11 3.69472e-11 2.37975e-11 1.21702e-11 1.21702e-11 
4.82759e-12 2.756e-11 6.04374e-11 9.98417e-11 1.53107e-10 2.31184e-10 3.50496e-10 5.37482e-10 8.35409e-10 1.31436e-09 2.0856e-09 3.321e-09 5.27725e-09 8.32271e-09 1.29623e-08 1.98531e-08 2.9797e-08 4.36922e-08 6.2416e-08 8.66165e-08 1.16413e-07 1.51054e-07 1.88632e-07 2.25978e-07 2.58821e-07 2.82246e-07 2.91522e-07 2.83373e-07 2.5755e-07 2.1779e-07 1.71066e-07 1.25137e-07 8.58416e-08 5.57567e-08 3.4633e-08 2.07375e-08 1.20415e-08 6.81834e-09 3.79141e-09 2.08951e-09 1.15365e-09 6.44882e-10 3.68097e-10 2.15723e-10 1.30236e-10 8.12619e-11 5.25679e-11 3.50536e-11 2.32465e-11 1.3798e-11 5.23313e-12 
1.05762e-11 3.46551e-11 6.32194e-11 1.00097e-10 1.53107e-10 2.33727e-10 3.59788e-10 5.60082e-10 8.80996e-10 1.39582e-09 2.21718e-09 3.51232e-09 5.51958e-09 8.56318e-09 1.30611e-08 1.95187e-08 2.8498e-08 4.05481e-08 5.60879e-08 7.52407e-08 9.76447e-08 1.22292e-07 1.47461e-07 1.7078e-07 1.89442e-07 2.0055e-07 2.01638e-07 1.91408e-07 1.70522e-07 1.41935e-07 1.1022e-07 8.00454e-08 5.4697e-08 3.54628e-08 2.20044e-08 1.31634e-08 7.63882e-09 4.32717e-09 2.41107e-09 1.33377e-09 7.39998e-10 4.15673e-10 2.38112e-10 1.3975e-10 8.43378e-11 5.25679e-11 3.39525e-11 2.24335e-11 1.42711e-11 7.26762e-12 7.26762e-12 
3.10607e-12 1.75112e-11 3.85653e-11 6.4333e-11 1.00097e-10 1.54002e-10 2.38135e-10 3.7157e-10 5.84858e-10 9.26105e-10 1.46894e-09 2.32217e-09 3.6399e-09 5.63022e-09 8.559e-09 1.27446e-08 1.85378e-08 2.62811e-08 3.62416e-08 4.85197e-08 6.29444e-08 7.89811e-08 9.56864e-08 1.11737e-07 1.25533e-07 1.35359e-07 1.39617e-07 1.37125e-07 1.27529e-07 1.11685e-07 9.17265e-08 7.05534e-08 5.09285e-08 3.46803e-08 2.24389e-08 1.39005e-08 8.303e-09 4.81387e-09 2.72815e-09 1.52375e-09 8.46561e-10 4.72272e-10 2.66722e-10 1.53402e-10 9.0213e-11 5.44663e-11 3.39525e-11 2.18854e-11 1.42056e-11 8.36388e-12 3.16855e-12 
6.74078e-12 2.20438e-11 4.03321e-11 6.4333e-11 9.98417e-11 1.55135e-10 2.42761e-10 3.82639e-10 6.06087e-10 9.60956e-10 1.51774e-09 2.3759e-09 3.66892e-09 5.56609e-09 8.26819e-09 1.19945e-08 1.6958e-08 2.33275e-08 3.11764e-08 4.04253e-08 5.07896e-08 6.17505e-08 7.2566e-08 8.23225e-08 9.00189e-08 9.46732e-08 9.54561e-08 9.18653e-08 8.39423e-08 7.24483e-08 5.88331e-08 4.48908e-08 3.22348e-08 2.18774e-08 1.41202e-08 8.72711e-09 5.20191e-09 3.01213e-09 1.70777e-09 9.56336e-10 5.33801e-10 2.99532e-10 1.70128e-10 9.82764e-11 5.79525e-11 3.50536e-11 2.18854e-11 1.40504e-11 8.80013e-12 4.46698e-12 4.46698e-12 
1.97434e-12 1.10953e-11 2.42917e-11 4.03321e-11 6.32194e-11 9.8689e-11 1.54893e-10 2.44575e-10 3.87768e-10 6.1511e-10 9.71754e-10 1.52135e-09 2.34914e-09 3.56271e-09 5.28892e-09 7.66526e-09 1.08247e-08 1.48736e-08 1.98632e-08 2.5758e-08 3.2406e-08 3.9521e-08 4.66861e-08 5.33799e-08 5.90204e-08 6.30208e-08 6.48504e-08 6.41101e-08 6.06281e-08 5.45721e-08 4.65232e-08 3.74244e-08 2.83629e-08 2.02721e-08 1.3712e-08 8.82396e-09 5.43783e-09 3.23275e-09 1.86891e-09 1.05989e-09 5.95044e-10 3.33662e-10 1.88293e-10 1.07547e-10 6.24176e-11 3.69472e-11 2.24335e-11 1.40504e-11 8.92804e-12 5.21175e-12 1.97563e-12 
4.23771e-12 1.36295e-11 2.42917e-11 3.85653e-11 6.04374e-11 9.50889e-11 1.50394e-10 2.38725e-10 3.79085e-10 5.99594e-10 9.40045e-10 1.45388e-09 2.20865e-09 3.28404e-09 4.76633e-09 6.73917e-09 9.27048e-09 1.23963e-08 1.61032e-08 2.0311e-08 2.48628e-08 2.95251e-08 3.40011e-08 3.79549e-08 4.10405e-08 4.29336e-08 4.33644e-08 4.21582e-08 3.92864e-08 3.49225e-08 2.94711e-08 2.35234e-08 1.77261e-08 1.2616e-08 8.50354e-09 5.45376e-09 3.34948e-09 1.98517e-09 1.14543e-09 6.49514e-10 3.65393e-10 2.05682e-10 1.16645e-10 6.69662e-11 3.90614e-11 2.32465e-11 1.42056e-11 8.92804e-12 5.53022e-12 2.80789e-12 2.80789e-12 
1.22326e-12 6.6782e-12 1.36295e-11 2.20438e-11 3.46551e-11 5.45875e-11 8.64065e-11 1.37257e-10 2.18188e-10 3.45684e-10 5.43292e-10 8.42947e-10 1.28545e-09 1.91944e-09 2.7983e-09 3.97476e-09 5.49331e-09 7.38089e-09 9.6366e-09 1.22219e-08 1.50537e-08 1.80041e-08 2.09068e-08 2.35701e-08 2.57934e-08 2.73835e-08 2.8171e-08 2.80268e-08 2.6883e-08 2.47596e-08 2.17924e-08 1.82433e-08 1.44702e-08 1.08508e-08 7.69175e-09 5.16528e-09 3.30035e-09 2.01927e-09 1.19268e-09 6.86493e-10 3.88928e-10 2.1899e-10 1.23575e-10 7.03348e-11 4.05641e-11 2.37975e-11 1.42711e-11 8.80013e-12 5.53022e-12 3.24442e-12 1.2454e-12 
2.50034e-12 6.6782e-12 1.10953e-11 1.75112e-11 2.756e-11 4.35708e-11 6.91521e-11 1.09925e-10 1.7439e-10 2.74883e-10 4.28472e-10 6.57492e-10 9.89365e-10 1.45535e-09 2.08794e-09 2.91693e-09 3.96413e-09 5.23712e-09 6.72297e-09 8.38334e-09 1.01531e-08 1.19435e-08 1.36487e-08 1.51552e-08 1.63509e-08 1.71334e-08 1.74176e-08 1.71437e-08 1.62881e-08 1.48769e-08 1.30005e-08 1.08176e-08 8.53663e-09 6.37308e-09 4.49905e-09 3.00886e-09 1.91437e-09 1.16629e-09 6.86128e-10 3.93624e-10 2.22502e-10 1.25159e-10 7.0659e-11 4.03032e-11 2.33465e-11 1.3798e-11 8.36388e-12 5.21175e-12 3.24442e-12 1.70372e-12 1.70372e-12 
7.5322e-13 2.50034e-12 4.23771e-12 6.74078e-12 1.05762e-11 1.66161e-11 2.62171e-11 4.15027e-11 6.57435e-11 1.03827e-10 1.62777e-10 2.52262e-10 3.84959e-10 5.76592e-10 8.45377e-10 1.21059e-09 1.68995e-09 2.29589e-09 3.03109e-09 3.8846e-09 4.82987e-09 5.82547e-09 6.81839e-09 7.74869e-09 8.55459e-09 9.17699e-09 9.56339e-09 9.67129e-09 9.47218e-09 8.95694e-09 8.14352e-09 7.08448e-09 5.86863e-09 4.61028e-09 3.42587e-09 2.40685e-09 1.60165e-09 1.0139e-09 6.14616e-10 3.59846e-10 2.05521e-10 1.15717e-10 6.48927e-11 3.65821e-11 2.08939e-11 1.21702e-11 7.26762e-12 4.46698e-12 2.80789e-12 1.70372e-12 7.18913e-13 
7.5322e-13 1.22326e-12 1.97434e-12 3.10607e-12 4.82759e-12 7.50937e-12 1.17334e-11 1.84114e-11 2.89534e-11 4.54946e-11 7.11937e-11 1.10587e-10 1.69928e-10 2.57372e-10 3.82727e-10 5.56498e-10 7.88093e-10 1.08343e-09 1.44258e-09 1.85819e-09 2.31521e-09 2.79194e-09 3.26193e-09 3.69632e-09 4.06609e-09 4.34405e-09 4.50652e-09 4.53484e-09 4.41727e-09 4.1516e-09 3.74886e-09 3.23659e-09 2.65886e-09 2.07028e-09 1.52439e-09 1.06126e-09 7.00119e-10 4.39702e-10 2.64704e-10 1.54084e-10 8.75959e-11 4.91532e-11 2.75151e-11 1.55226e-11 8.90456e-12 5.23313e-12 3.16855e-12 1.97563e-12 1.2454e-12 7.18913e-13 7.18913e-13 
