1 101 51
0 0 0 8.98612e-16 8.81775e-16 1.74803e-15 2.63264e-15 3.56742e-15 5.48299e-15 9.38953e-15 1.44404e-14 2.15955e-14 3.37893e-14 5.19435e-14 7.78304e-14 1.16087e-13 1.67278e-13 2.37909e-13 3.31613e-13 4.51309e-13 5.98314e-13 7.75172e-13 9.75029e-13 1.19196e-12 1.41406e-12 1.6262e-12 1.80985e-12 1.94895e-12 2.03191e-12 2.04796e-12 1.99705e-12 1.88519e-12 1.7226e-12 1.52575e-12 1.31042e-12 1.09362e-12 8.8755e-13 7.01469e-13 5.41648e-13 4.09328e-13 3.03693e-13 2.21872e-13 1.5895e-13 1.12976e-13 7.99779e-14 5.59709e-14 3.89633e-14 2.69607e-14 1.79698e-14 1.09914e-14 1.09914e-14 
0 9.49443e-16 9.1493e-16 1.76351e-15 2.55701e-15 3.32868e-15 4.94968e-15 7.48236e-15 1.10414e-14 1.74978e-14 2.80088e-14 4.37625e-14 6.77775e-14 1.04015e-13 1.57252e-13 2.31943e-13 3.34085e-13 4.71228e-13 6.47693e-13 8.68833e-13 1.13564e-12 1.44715e-12 1.79593e-12 2.17091e-12 2.55415e-12 2.92027e-12 3.245e-12 3.50097e-12 3.66406e-12 3.71816e-12 3.65767e-12 3.48814e-12 3.22405e-12 2.88928e-12 2.51351e-12 2.12349e-12 1.74475e-12 1.39646e-12 1.09118e-12 8.3363e-13 6.24541e-13 4.59572e-13 3.33248e-13 2.38983e-13 1.69094e-13 1.18787e-13 8.32125e-14 5.74824e-14 3.8671e-14 2.48378e-14 1.09914e-14 
9.49443e-16 1.84112e-15 2.65325e-15 3.40272e-15 4.94921e-15 8.10986e-15 1.2156e-14 1.80835e-14 2.78125e-14 4.34581e-14 6.72999e-14 1.04423e-13 1.60048e-13 2.4114e-13 3.57207e-13 5.17128e-13 7.30836e-13 1.00535e-12 1.346e-12 1.75318e-12 2.2223e-12 2.7401e-12 3.28836e-12 3.84127e-12 4.36682e-12 4.83199e-12 5.202e-12 5.44715e-12 5.54473e-12 5.48372e-12 5.26661e-12 4.91076e-12 4.44611e-12 3.90964e-12 3.3412e-12 2.77863e-12 2.2508e-12 1.77886e-12 1.37484e-12 1.04125e-12 7.74659e-13 5.66571e-13 4.09174e-13 2.92469e-13 2.0721e-13 1.45928e-13 1.01025e-13 6.97229e-14 4.52883e-14 2.48378e-14 2.48378e-14 
0 1.84112e-15 2.65621e-15 4.24076e-15 6.53891e-15 9.56975e-15 1.42266e-14 2.14845e-14 3.32735e-14 5.09268e-14 7.93366e-14 1.22935e-13 1.89019e-13 2.86836e-13 4.27305e-13 6.23578e-13 8.89677e-13 1.23523e-12 1.66833e-12 2.19111e-12 2.79592e-12 3.46701e-12 4.18023e-12 4.90078e-12 5.59108e-12 6.20981e-12 6.71537e-12 7.07126e-12 7.24815e-12 7.22879e-12 7.01092e-12 6.6105e-12 6.0578e-12 5.39492e-12 4.6718e-12 3.93578e-12 3.23035e-12 2.58612e-12 2.02366e-12 1.55089e-12 1.16728e-12 8.63524e-13 6.29882e-13 4.54314e-13 3.24375e-13 2.29209e-13 1.61575e-13 1.12107e-13 7.52307e-14 4.52883e-14 1.79698e-14 
9.1493e-16 2.65621e-15 5.08048e-15 7.30189e-15 1.09983e-14 1.54402e-14 2.31235e-14 3.51307e-14 5.35656e-14 8.24487e-14 1.2707e-13 1.95743e-13 2.98074e-13 4.47351e-13 6.59337e-13 9.50737e-13 1.33564e-12 1.82795e-12 2.42977e-12 3.13889e-12 3.93593e-12 4.79434e-12 5.67518e-12 6.53283e-12 7.31631e-12 7.97962e-12 8.47584e-12 8.77096e-12 8.83961e-12 8.67395e-12 8.28175e-12 7.69144e-12 6.9457e-12 6.09979e-12 5.21341e-12 4.33844e-12 3.5218e-12 2.79265e-12 2.16756e-12 1.65058e-12 1.23541e-12 9.11582e-13 6.64283e-13 4.79065e-13 3.41891e-13 2.42132e-13 1.698e-13 1.16636e-13 7.52307e-14 3.8671e-14 3.8671e-14 
0 2.65325e-15 5.08048e-15 8.08289e-15 1.16596e-14 1.66692e-14 2.4002e-14 3.54186e-14 5.28989e-14 8.10834e-14 1.23581e-13 1.89385e-13 2.88249e-13 4.35618e-13 6.47135e-13 9.42378e-13 1.34047e-12 1.85922e-12 2.50785e-12 3.28615e-12 4.17883e-12 5.15977e-12 6.18646e-12 7.20711e-12 8.16466e-12 9.0015e-12 9.66602e-12 1.01141e-11 1.03126e-11 1.02457e-11 9.91223e-12 9.3346e-12 8.55291e-12 7.624e-12 6.61241e-12 5.58482e-12 4.59841e-12 3.69698e-12 2.90769e-12 2.2425e-12 1.69893e-12 1.26771e-12 9.33371e-13 6.79683e-13 4.89663e-13 3.5045e-13 2.47696e-13 1.73447e-13 1.16636e-13 6.97229e-14 2.69607e-14 
1.76351e-15 4.24076e-15 8.08289e-15 1.15981e-14 1.64624e-14 2.35188e-14 3.51611e-14 5.17692e-14 7.69583e-14 1.17133e-13 1.77135e-13 2.68915e-13 4.06309e-13 6.07225e-13 8.91375e-13 1.28394e-12 1.80455e-12 2.46968e-12 3.28649e-12 4.24548e-12 5.32307e-12 6.478e-12 7.65362e-12 8.78642e-12 9.81035e-12 1.06643e-11 1.12936e-11 1.16575e-11 1.17304e-11 1.15036e-11 1.09871e-11 1.02165e-11 9.24395e-12 8.14012e-12 6.97881e-12 5.8311e-12 4.75572e-12 3.79209e-12 2.96299e-12 2.27317e-12 1.71639e-12 1.27854e-12 9.40883e-13 6.85633e-13 4.9505e-13 3.54454e-13 2.50526e-13 1.73447e-13 1.12107e-13 5.74824e-14 5.74824e-14 
8.98612e-16 3.40272e-15 7.30189e-15 1.15981e-14 1.63627e-14 2.3943e-14 3.44679e-14 4.96666e-14 7.3642e-14 1.09482e-13 1.64623e-13 2.47501e-13 3.7239e-13 5.55595e-13 8.20904e-13 1.19223e-12 1.69667e-12 2.35596e-12 3.18314e-12 4.17917e-12 5.32594e-12 6.58582e-12 7.90296e-12 9.20839e-12 1.04267e-11 1.14862e-11 1.23212e-11 1.28823e-11 1.31313e-11 1.30504e-11 1.26411e-11 1.19274e-11 1.09565e-11 9.79567e-12 8.52661e-12 7.23172e-12 5.98383e-12 4.83851e-12 3.83204e-12 2.97762e-12 2.27648e-12 1.71589e-12 1.2767e-12 9.40571e-13 6.86119e-13 4.96637e-13 3.5555e-13 2.50526e-13 1.698e-13 1.01025e-13 3.89633e-14 
2.55701e-15 6.53891e-15 1.16596e-14 1.63627e-14 2.37977e-14 3.40571e-14 4.8791e-14 7.04776e-14 1.04023e-13 1.53454e-13 2.28029e-13 3.39054e-13 5.04786e-13 7.45024e-13 1.08786e-12 1.56137e-12 2.19443e-12 3.00882e-12 4.01288e-12 5.2e-12 6.53944e-12 7.97774e-12 9.44507e-12 1.08588e-11 1.21345e-11 1.31962e-11 1.39791e-11 1.44371e-11 1.45404e-11 1.42797e-11 1.36676e-11 1.27431e-11 1.15674e-11 1.02228e-11 8.8026e-12 7.39171e-12 6.06368e-12 4.86869e-12 3.83385e-12 2.96829e-12 2.2652e-12 1.7061e-12 1.27046e-12 9.37329e-13 6.85405e-13 4.97012e-13 3.5555e-13 2.47696e-13 1.61575e-13 8.32125e-14 8.32125e-14 
8.81775e-16 4.94921e-15 1.09983e-14 1.64624e-14 2.37977e-14 3.38716e-14 4.7604e-14 6.87688e-14 9.91881e-14 1.44554e-13 2.11983e-13 3.11911e-13 4.58591e-13 6.74343e-13 9.84189e-13 1.419e-12 2.0118e-12 2.79141e-12 3.77837e-12 4.97498e-12 6.36197e-12 7.89568e-12 9.50617e-12 1.11071e-11 1.26032e-11 1.39053e-11 1.49343e-11 1.56287e-11 1.59505e-11 1.58763e-11 1.54096e-11 1.45767e-11 1.34301e-11 1.2051e-11 1.05339e-11 8.97772e-12 7.47266e-12 6.08467e-12 4.85794e-12 3.81149e-12 2.94496e-12 2.24516e-12 1.69243e-12 1.26374e-12 9.34454e-13 6.85113e-13 4.97012e-13 3.54454e-13 2.42132e-13 1.45928e-13 5.59709e-14 
3.32868e-15 9.56975e-15 1.66692e-14 2.3943e-14 3.38716e-14 4.73981e-14 6.75708e-14 9.67822e-14 1.38988e-13 2.00671e-13 2.90584e-13 4.2253e-13 6.13818e-13 8.90962e-13 1.2835e-12 1.82681e-12 2.5563e-12 3.5014e-12 4.67835e-12 6.08015e-12 7.67526e-12 9.40055e-12 1.11712e-11 1.28832e-11 1.44333e-11 1.57257e-11 1.66834e-11 1.72532e-11 1.74023e-11 1.71209e-11 1.64237e-11 1.53525e-11 1.39816e-11 1.24059e-11 1.07325e-11 9.0647e-12 7.48723e-12 6.06141e-12 4.82032e-12 3.7731e-12 2.91346e-12 2.22363e-12 1.67972e-12 1.25698e-12 9.32604e-13 6.85113e-13 4.96637e-13 3.5045e-13 2.29209e-13 1.18787e-13 1.18787e-13 
1.74803e-15 8.10986e-15 1.54402e-14 2.35188e-14 3.40571e-14 4.73981e-14 6.66833e-14 9.49836e-14 1.35401e-13 1.93296e-13 2.76629e-13 3.95784e-13 5.67947e-13 8.15031e-13 1.16556e-12 1.65599e-12 2.32551e-12 3.21105e-12 4.34061e-12 5.72304e-12 7.34219e-12 9.14754e-12 1.10584e-11 1.29699e-11 1.47665e-11 1.63338e-11 1.75759e-11 1.84222e-11 1.88271e-11 1.87677e-11 1.82475e-11 1.72976e-11 1.59809e-11 1.43889e-11 1.26322e-11 1.08267e-11 9.07313e-12 7.44935e-12 6.0062e-12 4.76483e-12 3.7281e-12 2.88186e-12 2.20442e-12 1.67027e-12 1.25367e-12 9.32604e-13 6.85405e-13 4.9505e-13 3.41891e-13 2.0721e-13 7.99779e-14 
4.94968e-15 1.42266e-14 2.4002e-14 3.44679e-14 4.7604e-14 6.66833e-14 9.41721e-14 1.3317e-13 1.88852e-13 2.67969e-13 3.78475e-13 5.35977e-13 7.58138e-13 1.0722e-12 1.51185e-12 2.1175e-12 2.93212e-12 3.99323e-12 5.32533e-12 6.92923e-12 8.77191e-12 1.07861e-11 1.28689e-11 1.48972e-11 1.6742e-11 1.82851e-11 1.94331e-11 2.01227e-11 2.03193e-11 2.00154e-11 1.92282e-11 1.80112e-11 1.64468e-11 1.46481e-11 1.27361e-11 1.08275e-11 9.01711e-12 7.37222e-12 5.92975e-12 4.70255e-12 3.68345e-12 2.85387e-12 2.18974e-12 1.66467e-12 1.25367e-12 9.34454e-13 6.86119e-13 4.89663e-13 3.24375e-13 1.69094e-13 1.69094e-13 
2.63264e-15 1.2156e-14 2.31235e-14 3.51611e-14 4.8791e-14 6.75708e-14 9.41721e-14 1.32529e-13 1.86429e-13 2.624e-13 3.68529e-13 5.15596e-13 7.20049e-13 1.00512e-12 1.40046e-12 1.94568e-12 2.68601e-12 3.66502e-12 4.92217e-12 6.4747e-12 8.31203e-12 1.03827e-11 1.25974e-11 1.48311e-11 1.69432e-11 1.87934e-11 2.02628e-11 2.12662e-11 2.17512e-11 2.16969e-11 2.11111e-11 2.00347e-11 1.85436e-11 1.67448e-11 1.47643e-11 1.2729e-11 1.07516e-11 8.91417e-12 7.27079e-12 5.84554e-12 4.64109e-12 3.64453e-12 2.83344e-12 2.18203e-12 1.66467e-12 1.25698e-12 9.37329e-13 6.85633e-13 4.79065e-13 2.92469e-13 1.12976e-13 
7.48236e-15 2.14845e-14 3.54186e-14 4.96666e-14 6.87688e-14 9.49836e-14 1.32529e-13 1.85381e-13 2.60113e-13 3.62406e-13 5.03808e-13 6.96415e-13 9.6114e-13 1.32306e-12 1.81718e-12 2.48758e-12 3.38192e-12 4.54824e-12 6.02122e-12 7.81094e-12 9.88949e-12 1.21863e-11 1.45861e-11 1.69417e-11 1.90942e-11 2.08976e-11 2.22383e-11 2.30412e-11 2.32684e-11 2.29177e-11 2.20197e-11 2.0641e-11 1.88836e-11 1.68738e-11 1.47482e-11 1.26294e-11 1.06182e-11 8.78164e-12 7.15907e-12 5.76357e-12 4.58827e-12 3.61507e-12 2.82193e-12 2.18203e-12 1.67027e-12 1.26374e-12 9.40571e-13 6.79683e-13 4.54314e-13 2.38983e-13 2.38983e-13 
3.56742e-15 1.80835e-14 3.51307e-14 5.17692e-14 7.04776e-14 9.67822e-14 1.3317e-13 1.85381e-13 2.58812e-13 3.59929e-13 4.97091e-13 6.83854e-13 9.35041e-13 1.27375e-12 1.72983e-12 2.34283e-12 3.15897e-12 4.23133e-12 5.60757e-12 7.31623e-12 9.35691e-12 1.16835e-11 1.41975e-11 1.67572e-11 1.9193e-11 2.1332e-11 2.30275e-11 2.4174e-11 2.47141e-11 2.46291e-11 2.39416e-11 2.271e-11 2.10311e-11 1.90298e-11 1.68483e-11 1.46213e-11 1.24599e-11 1.04488e-11 8.63838e-12 7.05197e-12 5.69307e-12 4.54943e-12 3.60004e-12 2.82193e-12 2.18974e-12 1.67972e-12 1.27046e-12 9.40883e-13 6.64283e-13 4.09174e-13 1.5895e-13 
1.10414e-14 3.32735e-14 5.28989e-14 7.3642e-14 9.91881e-14 1.35401e-13 1.86429e-13 2.58812e-13 3.58569e-13 4.94133e-13 6.77333e-13 9.21403e-13 1.24615e-12 1.67677e-12 2.24783e-12 3.00106e-12 3.98846e-12 5.2638e-12 6.87312e-12 8.83897e-12 1.11429e-11 1.37146e-11 1.64289e-11 1.91121e-11 2.15736e-11 2.36311e-11 2.51429e-11 2.60225e-11 2.62317e-11 2.5783e-11 2.47277e-11 2.31572e-11 2.11978e-11 1.8994e-11 1.669e-11 1.44093e-11 1.22476e-11 1.02659e-11 8.50048e-12 6.96093e-12 5.64176e-12 4.5293e-12 3.60004e-12 2.83344e-12 2.20442e-12 1.69243e-12 1.2767e-12 9.33371e-13 6.29882e-13 3.33248e-13 3.33248e-13 
5.48299e-15 2.78125e-14 5.35656e-14 7.69583e-14 1.04023e-13 1.38988e-13 1.88852e-13 2.60113e-13 3.58569e-13 4.93696e-13 6.74385e-13 9.15926e-13 1.23266e-12 1.64866e-12 2.19195e-12 2.90096e-12 3.82175e-12 5.00809e-12 6.51484e-12 8.38351e-12 1.0624e-11 1.31994e-11 1.60095e-11 1.88923e-11 2.16463e-11 2.40604e-11 2.59511e-11 2.7193e-11 2.77232e-11 2.75371e-11 2.66808e-11 2.52426e-11 2.33499e-11 2.11515e-11 1.88004e-11 1.64306e-11 1.41459e-11 1.2018e-11 1.00912e-11 8.38233e-12 6.89411e-12 5.61501e-12 4.5293e-12 3.61507e-12 2.85387e-12 2.22363e-12 1.7061e-12 1.27854e-12 9.11582e-13 5.66571e-13 2.21872e-13 
1.74978e-14 5.09268e-14 8.10834e-14 1.09482e-13 1.44554e-13 1.93296e-13 2.624e-13 3.59929e-13 4.93696e-13 6.73602e-13 9.13493e-13 1.22748e-12 1.6357e-12 2.16419e-12 2.84537e-12 3.72068e-12 4.83877e-12 6.25722e-12 8.02602e-12 1.01811e-11 1.27161e-11 1.55649e-11 1.85908e-11 2.15953e-11 2.4345e-11 2.66165e-11 2.82385e-11 2.91106e-11 2.92088e-11 2.85694e-11 2.72796e-11 2.54691e-11 2.32949e-11 2.09185e-11 1.84842e-11 1.61059e-11 1.3862e-11 1.17997e-11 9.94266e-12 8.29779e-12 6.85923e-12 5.61501e-12 4.54943e-12 3.64453e-12 2.88186e-12 2.24516e-12 1.71589e-12 1.26771e-12 8.63524e-13 4.59572e-13 4.59572e-13 
9.38953e-15 4.34581e-14 8.24487e-14 1.17133e-13 1.53454e-13 2.00671e-13 2.67969e-13 3.62406e-13 4.94133e-13 6.73602e-13 9.12582e-13 1.22521e-12 1.63064e-12 2.15183e-12 2.81846e-12 3.66658e-12 4.74137e-12 6.0939e-12 7.78043e-12 9.84838e-12 1.23197e-11 1.51629e-11 1.82767e-11 2.148e-11 2.45314e-11 2.71729e-11 2.91837e-11 3.04175e-11 3.08181e-11 3.04087e-11 2.92749e-11 2.75525e-11 2.54087e-11 2.30189e-11 2.05384e-11 1.80905e-11 1.57583e-11 1.35906e-11 1.16135e-11 9.83447e-12 8.25238e-12 6.85923e-12 5.64176e-12 4.58827e-12 3.68345e-12 2.91346e-12 2.2652e-12 1.71639e-12 1.23541e-12 7.74659e-13 3.03693e-13 
2.80088e-14 7.93366e-14 1.23581e-13 1.64623e-13 2.11983e-13 2.76629e-13 3.68529e-13 4.97091e-13 6.74385e-13 9.12582e-13 1.22514e-12 1.62962e-12 2.14802e-12 2.8079e-12 3.64276e-12 4.69324e-12 6.00665e-12 7.63626e-12 9.63563e-12 1.20436e-11 1.48594e-11 1.80199e-11 2.13718e-11 2.46839e-11 2.76749e-11 3.00751e-11 3.16843e-11 3.24027e-11 3.22315e-11 3.12544e-11 2.96149e-11 2.74948e-11 2.50867e-11 2.25651e-11 2.00622e-11 1.76664e-11 1.54244e-11 1.33604e-11 1.1479e-11 9.77782e-12 8.25238e-12 6.89411e-12 5.69307e-12 4.64109e-12 3.7281e-12 2.94496e-12 2.27648e-12 1.69893e-12 1.16728e-12 6.24541e-13 6.24541e-13 
1.44404e-14 6.72999e-14 1.2707e-13 1.77135e-13 2.28029e-13 2.90584e-13 3.78475e-13 5.03808e-13 6.77333e-13 9.13493e-13 1.22514e-12 1.62889e-12 2.14747e-12 2.80517e-12 3.63446e-12 4.67386e-12 5.96799e-12 7.568e-12 9.52667e-12 1.18916e-11 1.46845e-11 1.78737e-11 2.13422e-11 2.48781e-11 2.81938e-11 3.09792e-11 3.29739e-11 3.40244e-11 3.40974e-11 3.3269e-11 3.1694e-11 2.95749e-11 2.71283e-11 2.45515e-11 2.19939e-11 1.9548e-11 1.72592e-11 1.51416e-11 1.31935e-11 1.14084e-11 9.77782e-12 8.29779e-12 6.96093e-12 5.76357e-12 4.70255e-12 3.7731e-12 2.96829e-12 2.27317e-12 1.65058e-12 1.04125e-12 4.09328e-13 
4.37625e-14 1.22935e-13 1.89385e-13 2.47501e-13 3.11911e-13 3.95784e-13 5.15596e-13 6.83854e-13 9.15926e-13 1.22521e-12 1.62889e-12 2.14682e-12 2.80389e-12 3.63196e-12 4.66732e-12 5.9548e-12 7.54428e-12 9.48925e-12 1.18409e-11 1.46335e-11 1.78604e-11 2.14387e-11 2.51823e-11 2.88094e-11 3.19797e-11 3.43749e-11 3.57728e-11 3.60958e-11 3.54028e-11 3.38621e-11 3.17002e-11 2.91706e-11 2.65025e-11 2.38684e-11 2.13716e-11 1.90523e-11 1.69114e-11 1.49354e-11 1.31052e-11 1.14084e-11 9.83447e-12 8.38233e-12 7.05197e-12 5.84554e-12 4.76483e-12 3.81149e-12 2.97762e-12 2.2425e-12 1.55089e-12 8.3363e-13 8.3363e-13 
2.15955e-14 1.04423e-13 1.95743e-13 2.68915e-13 3.39054e-13 4.2253e-13 5.35977e-13 6.96415e-13 9.21403e-13 1.22748e-12 1.62962e-12 2.14682e-12 2.8039e-12 3.63071e-12 4.6649e-12 5.95068e-12 7.53997e-12 9.48853e-12 1.18525e-11 1.46756e-11 1.79682e-11 2.16753e-11 2.56391e-11 2.95903e-11 3.31684e-11 3.59952e-11 3.77718e-11 3.83567e-11 3.7783e-11 3.62293e-11 3.39605e-11 3.12743e-11 2.84475e-11 2.5689e-11 2.31163e-11 2.07678e-11 1.86277e-11 1.66594e-11 1.48277e-11 1.31052e-11 1.1479e-11 9.94266e-12 8.50048e-12 7.15907e-12 5.92975e-12 4.82032e-12 3.83385e-12 2.96299e-12 2.16756e-12 1.37484e-12 5.41648e-13 
6.77775e-14 1.89019e-13 2.88249e-13 3.7239e-13 4.58591e-13 5.67947e-13 7.20049e-13 9.35041e-13 1.23266e-12 1.63064e-12 2.14747e-12 2.8039e-12 3.63082e-12 4.66376e-12 5.94792e-12 7.53905e-12 9.49814e-12 1.18886e-11 1.47651e-11 1.81551e-11 2.20255e-11 2.62476e-11 3.05675e-11 3.46122e-11 3.79414e-11 4.01645e-11 4.10508e-11 4.05889e-11 3.8967e-11 3.64995e-11 3.35481e-11 3.04552e-11 2.74833e-11 2.47792e-11 2.23791e-11 2.02473e-11 1.83177e-11 1.65271e-11 1.48277e-11 1.31935e-11 1.16135e-11 1.00912e-11 8.63838e-12 7.27079e-12 6.0062e-12 4.85794e-12 3.83204e-12 2.90769e-12 2.02366e-12 1.09118e-12 1.09118e-12 
3.37893e-14 1.60048e-13 2.98074e-13 4.06309e-13 5.04786e-13 6.13818e-13 7.58138e-13 9.6114e-13 1.24615e-12 1.6357e-12 2.14802e-12 2.80389e-12 3.63082e-12 4.6622e-12 5.94525e-12 7.53579e-12 9.50353e-12 1.19218e-11 1.48603e-11 1.83669e-11 2.24348e-11 2.69638e-11 3.17224e-11 3.63284e-11 4.0284e-11 4.30843e-11 4.43705e-11 4.40505e-11 4.23117e-11 3.95309e-11 3.61636e-11 3.26467e-11 2.93219e-11 2.63828e-11 2.38753e-11 2.17386e-11 1.98663e-11 1.81546e-11 1.65271e-11 1.49354e-11 1.33604e-11 1.17997e-11 1.02659e-11 8.78164e-12 7.37222e-12 6.06141e-12 4.86869e-12 3.79209e-12 2.79265e-12 1.77886e-12 7.01469e-13 
1.04015e-13 2.86836e-13 4.35618e-13 5.55595e-13 6.74343e-13 8.15031e-13 1.00512e-12 1.27375e-12 1.64866e-12 2.15183e-12 2.80517e-12 3.63071e-12 4.6622e-12 5.94316e-12 7.53145e-12 9.5013e-12 1.19386e-11 1.49329e-11 1.85577e-11 2.28399e-11 2.7716e-11 3.29859e-11 3.82731e-11 4.30254e-11 4.66082e-11 4.84879e-11 4.84256e-11 4.65652e-11 4.33538e-11 3.93806e-11 3.52202e-11 3.13324e-11 2.79916e-11 2.52693e-11 2.30808e-11 2.12653e-11 1.96644e-11 1.81546e-11 1.66594e-11 1.51416e-11 1.35906e-11 1.2018e-11 1.04488e-11 8.91417e-12 7.44935e-12 6.08467e-12 4.83851e-12 3.69698e-12 2.58612e-12 1.39646e-12 1.39646e-12 
5.19435e-14 2.4114e-13 4.47351e-13 6.07225e-13 7.45024e-13 8.90962e-13 1.0722e-12 1.32306e-12 1.67677e-12 2.16419e-12 2.8079e-12 3.63196e-12 4.66376e-12 5.94316e-12 7.52769e-12 9.49382e-12 1.19402e-11 1.49735e-11 1.86986e-11 2.3186e-11 2.84239e-11 3.42606e-11 4.03455e-11 4.60895e-11 5.07262e-11 5.35017e-11 5.39434e-11 5.20644e-11 4.83517e-11 4.35614e-11 3.8476e-11 3.3732e-11 2.97346e-11 2.66153e-11 2.42757e-11 2.24887e-11 2.10148e-11 1.96644e-11 1.83177e-11 1.69114e-11 1.54244e-11 1.3862e-11 1.22476e-11 1.06182e-11 9.01711e-12 7.48723e-12 6.06368e-12 4.75572e-12 3.5218e-12 2.2508e-12 8.8755e-13 
1.57252e-13 4.27305e-13 6.47135e-13 8.20904e-13 9.84189e-13 1.16556e-12 1.40046e-12 1.72983e-12 2.19195e-12 2.81846e-12 3.63446e-12 4.6649e-12 5.94525e-12 7.52769e-12 9.48909e-12 1.19323e-11 1.49848e-11 1.87823e-11 2.34434e-11 2.90223e-11 3.5443e-11 4.2409e-11 4.93329e-11 5.53325e-11 5.94029e-11 6.07477e-11 5.91231e-11 5.49572e-11 4.91761e-11 4.28424e-11 3.68623e-11 3.18424e-11 2.80373e-11 2.53648e-11 2.35269e-11 2.21724e-11 2.10148e-11 1.98663e-11 1.86277e-11 1.72592e-11 1.57583e-11 1.41459e-11 1.24599e-11 1.07516e-11 9.07313e-12 7.47266e-12 5.98383e-12 4.59841e-12 3.23035e-12 1.74475e-12 1.74475e-12 
7.78304e-14 3.57207e-13 6.59337e-13 8.91375e-13 1.08786e-12 1.2835e-12 1.51185e-12 1.81718e-12 2.24783e-12 2.84537e-12 3.64276e-12 4.66732e-12 5.94792e-12 7.53145e-12 9.48909e-12 1.19264e-11 1.49806e-11 1.88169e-11 2.36049e-11 2.94752e-11 3.64488e-11 4.43252e-11 5.25688e-11 6.02314e-11 6.60619e-11 6.88592e-11 6.79677e-11 6.36006e-11 5.67736e-11 4.8881e-11 4.12146e-11 3.46905e-11 2.97713e-11 2.64614e-11 2.44098e-11 2.31244e-11 2.21724e-11 2.12653e-11 2.02473e-11 1.90523e-11 1.76664e-11 1.61059e-11 1.44093e-11 1.26294e-11 1.08275e-11 9.0647e-12 7.39171e-12 5.8311e-12 4.33844e-12 2.77863e-12 1.09362e-12 
2.31943e-13 6.23578e-13 9.42378e-13 1.19223e-12 1.419e-12 1.65599e-12 1.94568e-12 2.34283e-12 2.90096e-12 3.66658e-12 4.67386e-12 5.95068e-12 7.53579e-12 9.49382e-12 1.19264e-11 1.49746e-11 1.88234e-11 2.36875e-11 2.97768e-11 3.72279e-11 4.5976e-11 5.56017e-11 6.51691e-11 7.32316e-11 7.81482e-11 7.86942e-11 7.46405e-11 6.69327e-11 5.7272e-11 4.7447e-11 3.88342e-11 3.22203e-11 2.78004e-11 2.52383e-11 2.38919e-11 2.31244e-11 2.24887e-11 2.17386e-11 2.07678e-11 1.9548e-11 1.80905e-11 1.64306e-11 1.46213e-11 1.2729e-11 1.08267e-11 8.97772e-12 7.23172e-12 5.58482e-12 3.93578e-12 2.12349e-12 2.12349e-12 
1.16087e-13 5.17128e-13 9.50737e-13 1.28394e-12 1.56137e-12 1.82681e-12 2.1175e-12 2.48758e-12 3.00106e-12 3.72068e-12 4.69324e-12 5.9548e-12 7.53905e-12 9.5013e-12 1.19323e-11 1.49746e-11 1.8821e-11 2.37185e-11 2.99504e-11 3.77735e-11 4.72886e-11 5.82593e-11 6.98678e-11 8.05757e-11 8.83294e-11 9.12131e-11 8.83002e-11 8.01853e-11 6.87616e-11 5.63758e-11 4.50307e-11 3.60011e-11 2.98037e-11 2.62412e-11 2.45682e-11 2.38919e-11 2.35269e-11 2.30808e-11 2.23791e-11 2.13716e-11 2.00622e-11 1.84842e-11 1.669e-11 1.47482e-11 1.27361e-11 1.07325e-11 8.8026e-12 6.97881e-12 5.21341e-12 3.3412e-12 1.31042e-12 
3.34085e-13 8.89677e-13 1.34047e-12 1.69667e-12 2.0118e-12 2.32551e-12 2.68601e-12 3.15897e-12 3.82175e-12 4.74137e-12 5.96799e-12 7.53997e-12 9.50353e-12 1.19402e-11 1.49806e-11 1.8821e-11 2.3725e-11 3.00337e-11 3.81128e-11 4.82443e-11 6.04245e-11 7.40709e-11 8.77054e-11 9.89772e-11 1.05239e-10 1.046e-10 9.69421e-11 8.40822e-11 6.89118e-11 5.42204e-11 4.19679e-11 3.31439e-11 2.78501e-11 2.53756e-11 2.45682e-11 2.44098e-11 2.42757e-11 2.38753e-11 2.31163e-11 2.19939e-11 2.05384e-11 1.88004e-11 1.68483e-11 1.47643e-11 1.26322e-11 1.05339e-11 8.52661e-12 6.61241e-12 4.6718e-12 2.51351e-12 2.51351e-12 
1.67278e-13 7.30836e-13 1.33564e-12 1.80455e-12 2.19443e-12 2.5563e-12 2.93212e-12 3.38192e-12 3.98846e-12 4.83877e-12 6.00665e-12 7.54428e-12 9.49814e-12 1.19386e-11 1.49848e-11 1.88234e-11 2.3725e-11 3.00637e-11 3.8296e-11 4.88718e-11 6.20529e-11 7.75853e-11 9.42382e-11 1.09565e-10 1.20269e-10 1.23313e-10 1.1741e-10 1.03875e-10 8.59873e-11 6.74589e-11 5.11698e-11 3.87653e-11 3.0781e-11 2.67487e-11 2.53756e-11 2.52383e-11 2.53648e-11 2.52693e-11 2.47792e-11 2.38684e-11 2.25651e-11 2.09185e-11 1.8994e-11 1.68738e-11 1.46481e-11 1.24059e-11 1.02228e-11 8.14012e-12 6.09979e-12 3.90964e-12 1.52575e-12 
4.71228e-13 1.23523e-12 1.85922e-12 2.35596e-12 2.79141e-12 3.21105e-12 3.66502e-12 4.23133e-12 5.00809e-12 6.0939e-12 7.568e-12 9.48853e-12 1.19218e-11 1.49735e-11 1.88169e-11 2.37185e-11 3.00637e-11 3.83726e-11 4.92337e-11 6.31654e-11 8.03093e-11 9.9852e-11 1.19528e-10 1.35613e-10 1.43894e-10 1.41502e-10 1.28607e-10 1.08498e-10 8.58554e-11 6.47722e-11 4.78084e-11 3.60559e-11 2.94287e-11 2.67487e-11 2.62412e-11 2.64614e-11 2.66153e-11 2.63828e-11 2.5689e-11 2.45515e-11 2.30189e-11 2.11515e-11 1.90298e-11 1.67448e-11 1.43889e-11 1.2051e-11 9.79567e-12 7.624e-12 5.39492e-12 2.88928e-12 2.88928e-12 
2.37909e-13 1.00535e-12 1.82795e-12 2.46968e-12 3.00882e-12 3.5014e-12 3.99323e-12 4.54824e-12 5.2638e-12 6.25722e-12 7.63626e-12 9.48925e-12 1.18886e-11 1.49329e-11 1.87823e-11 2.36875e-11 3.00337e-11 3.83726e-11 4.93933e-11 6.38347e-11 8.22352e-11 1.04336e-10 1.2834e-10 1.50464e-10 1.65493e-10 1.68712e-10 1.58434e-10 1.37225e-10 1.10557e-10 8.40283e-11 6.1514e-11 4.48865e-11 3.44853e-11 2.94287e-11 2.78501e-11 2.78004e-11 2.80373e-11 2.79916e-11 2.74833e-11 2.65025e-11 2.50867e-11 2.32949e-11 2.11978e-11 1.88836e-11 1.64468e-11 1.39816e-11 1.15674e-11 9.24395e-12 6.9457e-12 4.44611e-12 1.7226e-12 
6.47693e-13 1.66833e-12 2.50785e-12 3.18314e-12 3.77837e-12 4.34061e-12 4.92217e-12 5.60757e-12 6.51484e-12 7.78043e-12 9.52667e-12 1.18525e-11 1.48603e-11 1.86986e-11 2.36049e-11 2.99504e-11 3.8296e-11 4.93933e-11 6.41412e-11 8.34325e-11 1.07606e-10 1.35589e-10 1.63984e-10 1.87012e-10 1.98099e-10 1.93042e-10 1.72681e-10 1.42681e-10 1.1031e-10 8.12447e-11 5.85599e-11 4.31703e-11 3.44853e-11 3.0781e-11 2.98037e-11 2.97713e-11 2.97346e-11 2.93219e-11 2.84475e-11 2.71283e-11 2.54087e-11 2.33499e-11 2.10311e-11 1.85436e-11 1.59809e-11 1.34301e-11 1.09565e-11 8.55291e-12 6.0578e-12 3.22405e-12 3.22405e-12 
3.31613e-13 1.346e-12 2.42977e-12 3.28649e-12 4.01288e-12 4.67835e-12 5.32533e-12 6.02122e-12 6.87312e-12 8.02602e-12 9.63563e-12 1.18409e-11 1.47651e-11 1.85577e-11 2.34434e-11 2.97768e-11 3.81128e-11 4.92337e-11 6.41412e-11 8.39961e-11 1.09698e-10 1.41031e-10 1.75425e-10 2.07193e-10 2.28289e-10 2.31545e-10 2.14933e-10 1.83187e-10 1.45045e-10 1.08544e-10 7.85086e-11 5.67938e-11 4.31703e-11 3.60559e-11 3.31439e-11 3.22203e-11 3.18424e-11 3.13324e-11 3.04552e-11 2.91706e-11 2.74948e-11 2.54691e-11 2.31572e-11 2.0641e-11 1.80112e-11 1.53525e-11 1.27431e-11 1.02165e-11 7.69144e-12 4.91076e-12 1.88519e-12 
8.68833e-13 2.19111e-12 3.28615e-12 4.17917e-12 4.97498e-12 5.72304e-12 6.4747e-12 7.31623e-12 8.38351e-12 9.84838e-12 1.18916e-11 1.46756e-11 1.83669e-11 2.3186e-11 2.94752e-11 3.77735e-11 4.88718e-11 6.38347e-11 8.39961e-11 1.10705e-10 1.44601e-10 1.84242e-10 2.24767e-10 2.57495e-10 2.72337e-10 2.63303e-10 2.32659e-10 1.89663e-10 1.45091e-10 1.06387e-10 7.68201e-11 5.67938e-11 4.48865e-11 3.87653e-11 3.60011e-11 3.46905e-11 3.3732e-11 3.26467e-11 3.12743e-11 2.95749e-11 2.75525e-11 2.52426e-11 2.271e-11 2.00347e-11 1.72976e-11 1.45767e-11 1.19274e-11 9.3346e-12 6.6105e-12 3.48814e-12 3.48814e-12 
4.51309e-13 1.75318e-12 3.13889e-12 4.24548e-12 5.2e-12 6.08015e-12 6.92923e-12 7.81094e-12 8.83897e-12 1.01811e-11 1.20436e-11 1.46335e-11 1.81551e-11 2.28399e-11 2.90223e-11 3.72279e-11 4.82443e-11 6.31654e-11 8.34325e-11 1.10705e-10 1.46355e-10 1.90159e-10 2.3866e-10 2.83677e-10 3.12999e-10 3.16007e-10 2.90734e-10 2.45292e-10 1.92717e-10 1.4404e-10 1.04956e-10 7.68201e-11 5.85599e-11 4.78084e-11 4.19679e-11 3.88342e-11 3.68623e-11 3.52202e-11 3.35481e-11 3.17002e-11 2.96149e-11 2.72796e-11 2.47277e-11 2.20197e-11 1.92282e-11 1.64237e-11 1.36676e-11 1.09871e-11 8.28175e-12 5.26661e-12 1.99705e-12 
1.13564e-12 2.79592e-12 4.17883e-12 5.32594e-12 6.36197e-12 7.34219e-12 8.31203e-12 9.35691e-12 1.0624e-11 1.23197e-11 1.46845e-11 1.79682e-11 2.24348e-11 2.84239e-11 3.64488e-11 4.72886e-11 6.20529e-11 8.22352e-11 1.09698e-10 1.46355e-10 1.93112e-10 2.48185e-10 3.04904e-10 3.5047e-10 3.69982e-10 3.55556e-10 3.11941e-10 2.53035e-10 1.93587e-10 1.43125e-10 1.04956e-10 7.85086e-11 6.1514e-11 5.11698e-11 4.50307e-11 4.12146e-11 3.8476e-11 3.61636e-11 3.39605e-11 3.1694e-11 2.92749e-11 2.66808e-11 2.39416e-11 2.11111e-11 1.82475e-11 1.54096e-11 1.26411e-11 9.91223e-12 7.01092e-12 3.65767e-12 3.65767e-12 
5.98314e-13 2.2223e-12 3.93593e-12 5.32307e-12 6.53944e-12 7.67526e-12 8.77191e-12 9.88949e-12 1.11429e-11 1.27161e-11 1.48594e-11 1.78604e-11 2.20255e-11 2.7716e-11 3.5443e-11 4.5976e-11 6.04245e-11 8.03093e-11 1.07606e-10 1.44601e-10 1.93112e-10 2.53006e-10 3.19754e-10 3.81572e-10 4.20993e-10 4.23532e-10 3.8783e-10 3.26409e-10 2.56989e-10 1.93598e-10 1.43125e-10 1.06387e-10 8.12447e-11 6.47722e-11 5.42204e-11 4.7447e-11 4.28424e-11 3.93806e-11 3.64995e-11 3.38621e-11 3.12544e-11 2.85694e-11 2.5783e-11 2.29177e-11 2.00154e-11 1.71209e-11 1.42797e-11 1.15036e-11 8.67395e-12 5.48372e-12 2.04796e-12 
1.44715e-12 3.46701e-12 5.15977e-12 6.58582e-12 7.89568e-12 9.14754e-12 1.03827e-11 1.16835e-11 1.31994e-11 1.51629e-11 1.78737e-11 2.16753e-11 2.69638e-11 3.42606e-11 4.43252e-11 5.82593e-11 7.75853e-11 1.04336e-10 1.41031e-10 1.90159e-10 2.53006e-10 3.27369e-10 4.03739e-10 4.64273e-10 4.89239e-10 4.69e-10 4.11259e-10 3.34888e-10 2.58511e-10 1.93598e-10 1.4404e-10 1.08544e-10 8.40283e-11 6.74589e-11 5.63758e-11 4.8881e-11 4.35614e-11 3.95309e-11 3.62293e-11 3.3269e-11 3.04087e-11 2.75371e-11 2.46291e-11 2.16969e-11 1.87677e-11 1.58763e-11 1.30504e-11 1.02457e-11 7.22879e-12 3.71816e-12 3.71816e-12 
7.75172e-13 2.7401e-12 4.79434e-12 6.478e-12 7.97774e-12 9.40055e-12 1.07861e-11 1.21863e-11 1.37146e-11 1.55649e-11 1.80199e-11 2.14387e-11 2.62476e-11 3.29859e-11 4.2409e-11 5.56017e-11 7.40709e-11 9.9852e-11 1.35589e-10 1.84242e-10 2.48185e-10 3.27369e-10 4.15241e-10 4.95645e-10 5.46081e-10 5.48937e-10 5.03393e-10 4.25934e-10 3.38661e-10 2.58511e-10 1.93587e-10 1.45091e-10 1.1031e-10 8.58554e-11 6.89118e-11 5.7272e-11 4.91761e-11 4.33538e-11 3.8967e-11 3.54028e-11 3.22315e-11 2.92088e-11 2.62317e-11 2.32684e-11 2.03193e-11 1.74023e-11 1.45404e-11 1.17304e-11 8.83961e-12 5.54473e-12 2.03191e-12 
1.79593e-12 4.18023e-12 6.18646e-12 7.90296e-12 9.50617e-12 1.10584e-11 1.25974e-11 1.41975e-11 1.60095e-11 1.82767e-11 2.13422e-11 2.56391e-11 3.17224e-11 4.03455e-11 5.25688e-11 6.98678e-11 9.42382e-11 1.2834e-10 1.75425e-10 2.3866e-10 3.19754e-10 4.15241e-10 5.12107e-10 5.87876e-10 6.19179e-10 5.95386e-10 5.25795e-10 4.32849e-10 3.38661e-10 2.56989e-10 1.92717e-10 1.45045e-10 1.10557e-10 8.59873e-11 6.87616e-11 5.67736e-11 4.83517e-11 4.23117e-11 3.7783e-11 3.40974e-11 3.08181e-11 2.77232e-11 2.47141e-11 2.17512e-11 1.88271e-11 1.59505e-11 1.31313e-11 1.03126e-11 7.24815e-12 3.66406e-12 3.66406e-12 
9.75029e-13 3.28836e-12 5.67518e-12 7.65362e-12 9.44507e-12 1.11712e-11 1.28689e-11 1.45861e-11 1.64289e-11 1.85908e-11 2.13718e-11 2.51823e-11 3.05675e-11 3.82731e-11 4.93329e-11 6.51691e-11 8.77054e-11 1.19528e-10 1.63984e-10 2.24767e-10 3.04904e-10 4.03739e-10 5.12107e-10 6.10005e-10 6.71356e-10 6.77089e-10 6.26351e-10 5.36656e-10 4.32849e-10 3.34888e-10 2.53035e-10 1.89663e-10 1.42681e-10 1.08498e-10 8.40822e-11 6.69327e-11 5.49572e-11 4.65652e-11 4.05889e-11 3.60958e-11 3.24027e-11 2.91106e-11 2.60225e-11 2.30412e-11 2.01227e-11 1.72532e-11 1.44371e-11 1.16575e-11 8.77096e-12 5.44715e-12 1.94895e-12 
2.17091e-12 4.90078e-12 7.20711e-12 9.20839e-12 1.11071e-11 1.29699e-11 1.48311e-11 1.67572e-11 1.88923e-11 2.148e-11 2.48781e-11 2.95903e-11 3.63284e-11 4.60895e-11 6.02314e-11 8.05757e-11 1.09565e-10 1.50464e-10 2.07193e-10 2.83677e-10 3.81572e-10 4.95645e-10 6.10005e-10 6.99161e-10 7.38118e-10 7.16153e-10 6.41566e-10 5.36656e-10 4.25934e-10 3.26409e-10 2.45292e-10 1.83187e-10 1.37225e-10 1.03875e-10 8.01853e-11 6.36006e-11 5.20644e-11 4.40505e-11 3.83567e-11 3.40244e-11 3.04175e-11 2.7193e-11 2.4174e-11 2.12662e-11 1.84222e-11 1.56287e-11 1.28823e-11 1.01141e-11 7.07126e-12 3.50097e-12 3.50097e-12 
1.19196e-12 3.84127e-12 6.53283e-12 8.78642e-12 1.08588e-11 1.28832e-11 1.48972e-11 1.69417e-11 1.91121e-11 2.15953e-11 2.46839e-11 2.88094e-11 3.46122e-11 4.30254e-11 5.53325e-11 7.32316e-11 9.89772e-11 1.35613e-10 1.87012e-10 2.57495e-10 3.5047e-10 4.64273e-10 5.87876e-10 6.99161e-10 7.70754e-10 7.8332e-10 7.35404e-10 6.41566e-10 5.25795e-10 4.11259e-10 3.11941e-10 2.32659e-10 1.72681e-10 1.28607e-10 9.69421e-11 7.46405e-11 5.91231e-11 4.84256e-11 4.10508e-11 3.57728e-11 3.16843e-11 2.82385e-11 2.51429e-11 2.22383e-11 1.94331e-11 1.66834e-11 1.39791e-11 1.12936e-11 8.47584e-12 5.202e-12 1.80985e-12 
2.55415e-12 5.59108e-12 8.16466e-12 1.04267e-11 1.26032e-11 1.47665e-11 1.69432e-11 1.9193e-11 2.16463e-11 2.45314e-11 2.81938e-11 3.31684e-11 4.0284e-11 5.07262e-11 6.60619e-11 8.83294e-11 1.20269e-10 1.65493e-10 2.28289e-10 3.12999e-10 4.20993e-10 5.46081e-10 6.71356e-10 7.70754e-10 8.19271e-10 8.05532e-10 7.35404e-10 6.26351e-10 5.03393e-10 3.8783e-10 2.90734e-10 2.14933e-10 1.58434e-10 1.1741e-10 8.83002e-11 6.79677e-11 5.39434e-11 4.43705e-11 3.77718e-11 3.29739e-11 2.91837e-11 2.59511e-11 2.30275e-11 2.02628e-11 1.75759e-11 1.49343e-11 1.23212e-11 9.66602e-12 6.71537e-12 3.245e-12 3.245e-12 
1.41406e-12 4.36682e-12 7.31631e-12 9.81035e-12 1.21345e-11 1.44333e-11 1.6742e-11 1.90942e-11 2.15736e-11 2.4345e-11 2.76749e-11 3.19797e-11 3.79414e-11 4.66082e-11 5.94029e-11 7.81482e-11 1.05239e-10 1.43894e-10 1.98099e-10 2.72337e-10 3.69982e-10 4.89239e-10 6.19179e-10 7.38118e-10 8.19271e-10 8.43054e-10 8.05532e-10 7.16153e-10 5.95386e-10 4.69e-10 3.55556e-10 2.63303e-10 1.93042e-10 1.41502e-10 1.046e-10 7.86942e-11 6.07477e-11 4.84879e-11 4.01645e-11 3.43749e-11 3.00751e-11 2.66165e-11 2.36311e-11 2.08976e-11 1.82851e-11 1.57257e-11 1.31962e-11 1.06643e-11 7.97962e-12 4.83199e-12 1.6262e-12 
2.92027e-12 6.20981e-12 9.0015e-12 1.14862e-11 1.39053e-11 1.63338e-11 1.87934e-11 2.1332e-11 2.40604e-11 2.71729e-11 3.09792e-11 3.59952e-11 4.30843e-11 5.35017e-11 6.88592e-11 9.12131e-11 1.23313e-10 1.68712e-10 2.31545e-10 3.16007e-10 4.23532e-10 5.48937e-10 6.77089e-10 7.8332e-10 8.43054e-10 8.43054e-10 7.8332e-10 6.77089e-10 5.48937e-10 4.23532e-10 3.16007e-10 2.31545e-10 1.68712e-10 1.23313e-10 9.12131e-11 6.88592e-11 5.35017e-11 4.30843e-11 3.59952e-11 3.09792e-11 2.71729e-11 2.40604e-11 2.1332e-11 1.87934e-11 1.63338e-11 1.39053e-11 1.14862e-11 9.0015e-12 6.20981e-12 2.92027e-12 2.92027e-12 
1.6262e-12 4.83199e-12 7.97962e-12 1.06643e-11 1.31962e-11 1.57257e-11 1.82851e-11 2.08976e-11 2.36311e-11 2.66165e-11 3.00751e-11 3.43749e-11 4.01645e-11 4.84879e-11 6.07477e-11 7.86942e-11 1.046e-10 1.41502e-10 1.93042e-10 2.63303e-10 3.55556e-10 4.69e-10 5.95386e-10 7.16153e-10 8.05532e-10 8.43054e-10 8.19271e-10 7.38118e-10 6.19179e-10 4.89239e-10 3.69982e-10 2.72337e-10 1.98099e-10 1.43894e-10 1.05239e-10 7.81482e-11 5.94029e-11 4.66082e-11 3.79414e-11 3.19797e-11 2.76749e-11 2.4345e-11 2.15736e-11 1.90942e-11 1.6742e-11 1.44333e-11 1.21345e-11 9.81035e-12 7.31631e-12 4.36682e-12 1.41406e-12 
3.245e-12 6.71537e-12 9.66602e-12 1.23212e-11 1.49343e-11 1.75759e-11 2.02628e-11 2.30275e-11 2.59511e-11 2.91837e-11 3.29739e-11 3.77718e-11 4.43705e-11 5.39434e-11 6.79677e-11 8.83002e-11 1.1741e-10 1.58434e-10 2.14933e-10 2.90734e-10 3.8783e-10 5.03393e-10 6.26351e-10 7.35404e-10 8.05532e-10 8.19271e-10 7.70754e-10 6.71356e-10 5.46081e-10 4.20993e-10 3.12999e-10 2.28289e-10 1.65493e-10 1.20269e-10 8.83294e-11 6.60619e-11 5.07262e-11 4.0284e-11 3.31684e-11 2.81938e-11 2.45314e-11 2.16463e-11 1.9193e-11 1.69432e-11 1.47665e-11 1.26032e-11 1.04267e-11 8.16466e-12 5.59108e-12 2.55415e-12 2.55415e-12 
1.80985e-12 5.202e-12 8.47584e-12 1.12936e-11 1.39791e-11 1.66834e-11 1.94331e-11 2.22383e-11 2.51429e-11 2.82385e-11 3.16843e-11 3.57728e-11 4.10508e-11 4.84256e-11 5.91231e-11 7.46405e-11 9.69421e-11 1.28607e-10 1.72681e-10 2.32659e-10 3.11941e-10 4.11259e-10 5.25795e-10 6.41566e-10 7.35404e-10 7.8332e-10 7.70754e-10 6.99161e-10 5.87876e-10 4.64273e-10 3.5047e-10 2.57495e-10 1.87012e-10 1.35613e-10 9.89772e-11 7.32316e-11 5.53325e-11 4.30254e-11 3.46122e-11 2.88094e-11 2.46839e-11 2.15953e-11 1.91121e-11 1.69417e-11 1.48972e-11 1.28832e-11 1.08588e-11 8.78642e-12 6.53283e-12 3.84127e-12 1.19196e-12 
3.50097e-12 7.07126e-12 1.01141e-11 1.28823e-11 1.56287e-11 1.84222e-11 2.12662e-11 2.4174e-11 2.7193e-11 3.04175e-11 3.40244e-11 3.83567e-11 4.40505e-11 5.20644e-11 6.36006e-11 8.01853e-11 1.03875e-10 1.37225e-10 1.83187e-10 2.45292e-10 3.26409e-10 4.25934e-10 5.36656e-10 6.41566e-10 7.16153e-10 7.38118e-10 6.99161e-10 6.10005e-10 4.95645e-10 3.81572e-10 2.83677e-10 2.07193e-10 1.50464e-10 1.09565e-10 8.05757e-11 6.02314e-11 4.60895e-11 3.63284e-11 2.95903e-11 2.48781e-11 2.148e-11 1.88923e-11 1.67572e-11 1.48311e-11 1.29699e-11 1.11071e-11 9.20839e-12 7.20711e-12 4.90078e-12 2.17091e-12 2.17091e-12 
1.94895e-12 5.44715e-12 8.77096e-12 1.16575e-11 1.44371e-11 1.72532e-11 2.01227e-11 2.30412e-11 2.60225e-11 2.91106e-11 3.24027e-11 3.60958e-11 4.05889e-11 4.65652e-11 5.49572e-11 6.69327e-11 8.40822e-11 1.08498e-10 1.42681e-10 1.89663e-10 2.53035e-10 3.34888e-10 4.32849e-10 5.36656e-10 6.26351e-10 6.77089e-10 6.71356e-10 6.10005e-10 5.12107e-10 4.03739e-10 3.04904e-10 2.24767e-10 1.63984e-10 1.19528e-10 8.77054e-11 6.51691e-11 4.93329e-11 3.82731e-11 3.05675e-11 2.51823e-11 2.13718e-11 1.85908e-11 1.64289e-11 1.45861e-11 1.28689e-11 1.11712e-11 9.44507e-12 7.65362e-12 5.67518e-12 3.28836e-12 9.75029e-13 
3.66406e-12 7.24815e-12 1.03126e-11 1.31313e-11 1.59505e-11 1.88271e-11 2.17512e-11 2.47141e-11 2.77232e-11 3.08181e-11 3.40974e-11 3.7783e-11 4.23117e-11 4.83517e-11 5.67736e-11 6.87616e-11 8.59873e-11 1.10557e-10 1.45045e-10 1.92717e-10 2.56989e-10 3.38661e-10 4.32849e-10 5.25795e-10 5.95386e-10 6.19179e-10 5.87876e-10 5.12107e-10 4.15241e-10 3.19754e-10 2.3866e-10 1.75425e-10 1.2834e-10 9.42382e-11 6.98678e-11 5.25688e-11 4.03455e-11 3.17224e-11 2.56391e-11 2.13422e-11 1.82767e-11 1.60095e-11 1.41975e-11 1.25974e-11 1.10584e-11 9.50617e-12 7.90296e-12 6.18646e-12 4.18023e-12 1.79593e-12 1.79593e-12 
2.03191e-12 5.54473e-12 8.83961e-12 1.17304e-11 1.45404e-11 1.74023e-11 2.03193e-11 2.32684e-11 2.62317e-11 2.92088e-11 3.22315e-11 3.54028e-11 3.8967e-11 4.33538e-11 4.91761e-11 5.7272e-11 6.89118e-11 8.58554e-11 1.1031e-10 1.45091e-10 1.93587e-10 2.58511e-10 3.38661e-10 4.25934e-10 5.03393e-10 5.48937e-10 5.46081e-10 4.95645e-10 4.15241e-10 3.27369e-10 2.48185e-10 1.84242e-10 1.35589e-10 9.9852e-11 7.40709e-11 5.56017e-11 4.2409e-11 3.29859e-11 2.62476e-11 2.14387e-11 1.80199e-11 1.55649e-11 1.37146e-11 1.21863e-11 1.07861e-11 9.40055e-12 7.97774e-12 6.478e-12 4.79434e-12 2.7401e-12 7.75172e-13 
3.71816e-12 7.22879e-12 1.02457e-11 1.30504e-11 1.58763e-11 1.87677e-11 2.16969e-11 2.46291e-11 2.75371e-11 3.04087e-11 3.3269e-11 3.62293e-11 3.95309e-11 4.35614e-11 4.8881e-11 5.63758e-11 6.74589e-11 8.40283e-11 1.08544e-10 1.4404e-10 1.93598e-10 2.58511e-10 3.34888e-10 4.11259e-10 4.69e-10 4.89239e-10 4.64273e-10 4.03739e-10 3.27369e-10 2.53006e-10 1.90159e-10 1.41031e-10 1.04336e-10 7.75853e-11 5.82593e-11 4.43252e-11 3.42606e-11 2.69638e-11 2.16753e-11 1.78737e-11 1.51629e-11 1.31994e-11 1.16835e-11 1.03827e-11 9.14754e-12 7.89568e-12 6.58582e-12 5.15977e-12 3.46701e-12 1.44715e-12 1.44715e-12 
2.04796e-12 5.48372e-12 8.67395e-12 1.15036e-11 1.42797e-11 1.71209e-11 2.00154e-11 2.29177e-11 2.5783e-11 2.85694e-11 3.12544e-11 3.38621e-11 3.64995e-11 3.93806e-11 4.28424e-11 4.7447e-11 5.42204e-11 6.47722e-11 8.12447e-11 1.06387e-10 1.43125e-10 1.93598e-10 2.56989e-10 3.26409e-10 3.8783e-10 4.23532e-10 4.20993e-10 3.81572e-10 3.19754e-10 2.53006e-10 1.93112e-10 1.44601e-10 1.07606e-10 8.03093e-11 6.04245e-11 4.5976e-11 3.5443e-11 2.7716e-11 2.20255e-11 1.78604e-11 1.48594e-11 1.27161e-11 1.11429e-11 9.88949e-12 8.77191e-12 7.67526e-12 6.53944e-12 5.32307e-12 3.93593e-12 2.2223e-12 5.98314e-13 
3.65767e-12 7.01092e-12 9.91223e-12 1.26411e-11 1.54096e-11 1.82475e-11 2.11111e-11 2.39416e-11 2.66808e-11 2.92749e-11 3.1694e-11 3.39605e-11 3.61636e-11 3.8476e-11 4.12146e-11 4.50307e-11 5.11698e-11 6.1514e-11 7.85086e-11 1.04956e-10 1.43125e-10 1.93587e-10 2.53035e-10 3.11941e-10 3.55556e-10 3.69982e-10 3.5047e-10 3.04904e-10 2.48185e-10 1.93112e-10 1.46355e-10 1.09698e-10 8.22352e-11 6.20529e-11 4.72886e-11 3.64488e-11 2.84239e-11 2.24348e-11 1.79682e-11 1.46845e-11 1.23197e-11 1.0624e-11 9.35691e-12 8.31203e-12 7.34219e-12 6.36197e-12 5.32594e-12 4.17883e-12 2.79592e-12 1.13564e-12 1.13564e-12 
1.99705e-12 5.26661e-12 8.28175e-12 1.09871e-11 1.36676e-11 1.64237e-11 1.92282e-11 2.20197e-11 2.47277e-11 2.72796e-11 2.96149e-11 3.17002e-11 3.35481e-11 3.52202e-11 3.68623e-11 3.88342e-11 4.19679e-11 4.78084e-11 5.85599e-11 7.68201e-11 1.04956e-10 1.4404e-10 1.92717e-10 2.45292e-10 2.90734e-10 3.16007e-10 3.12999e-10 2.83677e-10 2.3866e-10 1.90159e-10 1.46355e-10 1.10705e-10 8.34325e-11 6.31654e-11 4.82443e-11 3.72279e-11 2.90223e-11 2.28399e-11 1.81551e-11 1.46335e-11 1.20436e-11 1.01811e-11 8.83897e-12 7.81094e-12 6.92923e-12 6.08015e-12 5.2e-12 4.24548e-12 3.13889e-12 1.75318e-12 4.51309e-13 
3.48814e-12 6.6105e-12 9.3346e-12 1.19274e-11 1.45767e-11 1.72976e-11 2.00347e-11 2.271e-11 2.52426e-11 2.75525e-11 2.95749e-11 3.12743e-11 3.26467e-11 3.3732e-11 3.46905e-11 3.60011e-11 3.87653e-11 4.48865e-11 5.67938e-11 7.68201e-11 1.06387e-10 1.45091e-10 1.89663e-10 2.32659e-10 2.63303e-10 2.72337e-10 2.57495e-10 2.24767e-10 1.84242e-10 1.44601e-10 1.10705e-10 8.39961e-11 6.38347e-11 4.88718e-11 3.77735e-11 2.94752e-11 2.3186e-11 1.83669e-11 1.46756e-11 1.18916e-11 9.84838e-12 8.38351e-12 7.31623e-12 6.4747e-12 5.72304e-12 4.97498e-12 4.17917e-12 3.28615e-12 2.19111e-12 8.68833e-13 8.68833e-13 
1.88519e-12 4.91076e-12 7.69144e-12 1.02165e-11 1.27431e-11 1.53525e-11 1.80112e-11 2.0641e-11 2.31572e-11 2.54691e-11 2.74948e-11 2.91706e-11 3.04552e-11 3.13324e-11 3.18424e-11 3.22203e-11 3.31439e-11 3.60559e-11 4.31703e-11 5.67938e-11 7.85086e-11 1.08544e-10 1.45045e-10 1.83187e-10 2.14933e-10 2.31545e-10 2.28289e-10 2.07193e-10 1.75425e-10 1.41031e-10 1.09698e-10 8.39961e-11 6.41412e-11 4.92337e-11 3.81128e-11 2.97768e-11 2.34434e-11 1.85577e-11 1.47651e-11 1.18409e-11 9.63563e-12 8.02602e-12 6.87312e-12 6.02122e-12 5.32533e-12 4.67835e-12 4.01288e-12 3.28649e-12 2.42977e-12 1.346e-12 3.31613e-13 
3.22405e-12 6.0578e-12 8.55291e-12 1.09565e-11 1.34301e-11 1.59809e-11 1.85436e-11 2.10311e-11 2.33499e-11 2.54087e-11 2.71283e-11 2.84475e-11 2.93219e-11 2.97346e-11 2.97713e-11 2.98037e-11 3.0781e-11 3.44853e-11 4.31703e-11 5.85599e-11 8.12447e-11 1.1031e-10 1.42681e-10 1.72681e-10 1.93042e-10 1.98099e-10 1.87012e-10 1.63984e-10 1.35589e-10 1.07606e-10 8.34325e-11 6.41412e-11 4.93933e-11 3.8296e-11 2.99504e-11 2.36049e-11 1.86986e-11 1.48603e-11 1.18525e-11 9.52667e-12 7.78043e-12 6.51484e-12 5.60757e-12 4.92217e-12 4.34061e-12 3.77837e-12 3.18314e-12 2.50785e-12 1.66833e-12 6.47693e-13 6.47693e-13 
1.7226e-12 4.44611e-12 6.9457e-12 9.24395e-12 1.15674e-11 1.39816e-11 1.64468e-11 1.88836e-11 2.11978e-11 2.32949e-11 2.50867e-11 2.65025e-11 2.74833e-11 2.79916e-11 2.80373e-11 2.78004e-11 2.78501e-11 2.94287e-11 3.44853e-11 4.48865e-11 6.1514e-11 8.40283e-11 1.10557e-10 1.37225e-10 1.58434e-10 1.68712e-10 1.65493e-10 1.50464e-10 1.2834e-10 1.04336e-10 8.22352e-11 6.38347e-11 4.93933e-11 3.83726e-11 3.00337e-11 2.36875e-11 1.87823e-11 1.49329e-11 1.18886e-11 9.48925e-12 7.63626e-12 6.25722e-12 5.2638e-12 4.54824e-12 3.99323e-12 3.5014e-12 3.00882e-12 2.46968e-12 1.82795e-12 1.00535e-12 2.37909e-13 
2.88928e-12 5.39492e-12 7.624e-12 9.79567e-12 1.2051e-11 1.43889e-11 1.67448e-11 1.90298e-11 2.11515e-11 2.30189e-11 2.45515e-11 2.5689e-11 2.63828e-11 2.66153e-11 2.64614e-11 2.62412e-11 2.67487e-11 2.94287e-11 3.60559e-11 4.78084e-11 6.47722e-11 8.58554e-11 1.08498e-10 1.28607e-10 1.41502e-10 1.43894e-10 1.35613e-10 1.19528e-10 9.9852e-11 8.03093e-11 6.31654e-11 4.92337e-11 3.83726e-11 3.00637e-11 2.37185e-11 1.88169e-11 1.49735e-11 1.19218e-11 9.48853e-12 7.568e-12 6.0939e-12 5.00809e-12 4.23133e-12 3.66502e-12 3.21105e-12 2.79141e-12 2.35596e-12 1.85922e-12 1.23523e-12 4.71228e-13 4.71228e-13 
1.52575e-12 3.90964e-12 6.09979e-12 8.14012e-12 1.02228e-11 1.24059e-11 1.46481e-11 1.68738e-11 1.8994e-11 2.09185e-11 2.25651e-11 2.38684e-11 2.47792e-11 2.52693e-11 2.53648e-11 2.52383e-11 2.53756e-11 2.67487e-11 3.0781e-11 3.87653e-11 5.11698e-11 6.74589e-11 8.59873e-11 1.03875e-10 1.1741e-10 1.23313e-10 1.20269e-10 1.09565e-10 9.42382e-11 7.75853e-11 6.20529e-11 4.88718e-11 3.8296e-11 3.00637e-11 2.3725e-11 1.88234e-11 1.49848e-11 1.19386e-11 9.49814e-12 7.54428e-12 6.00665e-12 4.83877e-12 3.98846e-12 3.38192e-12 2.93212e-12 2.5563e-12 2.19443e-12 1.80455e-12 1.33564e-12 7.30836e-13 1.67278e-13 
2.51351e-12 4.6718e-12 6.61241e-12 8.52661e-12 1.05339e-11 1.26322e-11 1.47643e-11 1.68483e-11 1.88004e-11 2.05384e-11 2.19939e-11 2.31163e-11 2.38753e-11 2.42757e-11 2.44098e-11 2.45682e-11 2.53756e-11 2.78501e-11 3.31439e-11 4.19679e-11 5.42204e-11 6.89118e-11 8.40822e-11 9.69421e-11 1.046e-10 1.05239e-10 9.89772e-11 8.77054e-11 7.40709e-11 6.04245e-11 4.82443e-11 3.81128e-11 3.00337e-11 2.3725e-11 1.8821e-11 1.49806e-11 1.19402e-11 9.50353e-12 7.53997e-12 5.96799e-12 4.74137e-12 3.82175e-12 3.15897e-12 2.68601e-12 2.32551e-12 2.0118e-12 1.69667e-12 1.34047e-12 8.89677e-13 3.34085e-13 3.34085e-13 
1.31042e-12 3.3412e-12 5.21341e-12 6.97881e-12 8.8026e-12 1.07325e-11 1.27361e-11 1.47482e-11 1.669e-11 1.84842e-11 2.00622e-11 2.13716e-11 2.23791e-11 2.30808e-11 2.35269e-11 2.38919e-11 2.45682e-11 2.62412e-11 2.98037e-11 3.60011e-11 4.50307e-11 5.63758e-11 6.87616e-11 8.01853e-11 8.83002e-11 9.12131e-11 8.83294e-11 8.05757e-11 6.98678e-11 5.82593e-11 4.72886e-11 3.77735e-11 2.99504e-11 2.37185e-11 1.8821e-11 1.49746e-11 1.19323e-11 9.5013e-12 7.53905e-12 5.9548e-12 4.69324e-12 3.72068e-12 3.00106e-12 2.48758e-12 2.1175e-12 1.82681e-12 1.56137e-12 1.28394e-12 9.50737e-13 5.17128e-13 1.16087e-13 
2.12349e-12 3.93578e-12 5.58482e-12 7.23172e-12 8.97772e-12 1.08267e-11 1.2729e-11 1.46213e-11 1.64306e-11 1.80905e-11 1.9548e-11 2.07678e-11 2.17386e-11 2.24887e-11 2.31244e-11 2.38919e-11 2.52383e-11 2.78004e-11 3.22203e-11 3.88342e-11 4.7447e-11 5.7272e-11 6.69327e-11 7.46405e-11 7.86942e-11 7.81482e-11 7.32316e-11 6.51691e-11 5.56017e-11 4.5976e-11 3.72279e-11 2.97768e-11 2.36875e-11 1.88234e-11 1.49746e-11 1.19264e-11 9.49382e-12 7.53579e-12 5.95068e-12 4.67386e-12 3.66658e-12 2.90096e-12 2.34283e-12 1.94568e-12 1.65599e-12 1.419e-12 1.19223e-12 9.42378e-13 6.23578e-13 2.31943e-13 2.31943e-13 
1.09362e-12 2.77863e-12 4.33844e-12 5.8311e-12 7.39171e-12 9.0647e-12 1.08275e-11 1.26294e-11 1.44093e-11 1.61059e-11 1.76664e-11 1.90523e-11 2.02473e-11 2.12653e-11 2.21724e-11 2.31244e-11 2.44098e-11 2.64614e-11 2.97713e-11 3.46905e-11 4.12146e-11 4.8881e-11 5.67736e-11 6.36006e-11 6.79677e-11 6.88592e-11 6.60619e-11 6.02314e-11 5.25688e-11 4.43252e-11 3.64488e-11 2.94752e-11 2.36049e-11 1.88169e-11 1.49806e-11 1.19264e-11 9.48909e-12 7.53145e-12 5.94792e-12 4.66732e-12 3.64276e-12 2.84537e-12 2.24783e-12 1.81718e-12 1.51185e-12 1.2835e-12 1.08786e-12 8.91375e-13 6.59337e-13 3.57207e-13 7.78304e-14 
1.74475e-12 3.23035e-12 4.59841e-12 5.98383e-12 7.47266e-12 9.07313e-12 1.07516e-11 1.24599e-11 1.41459e-11 1.57583e-11 1.72592e-11 1.86277e-11 1.98663e-11 2.10148e-11 2.21724e-11 2.35269e-11 2.53648e-11 2.80373e-11 3.18424e-11 3.68623e-11 4.28424e-11 4.91761e-11 5.49572e-11 5.91231e-11 6.07477e-11 5.94029e-11 5.53325e-11 4.93329e-11 4.2409e-11 3.5443e-11 2.90223e-11 2.34434e-11 1.87823e-11 1.49848e-11 1.19323e-11 9.48909e-12 7.52769e-12 5.94525e-12 4.6649e-12 3.63446e-12 2.81846e-12 2.19195e-12 1.72983e-12 1.40046e-12 1.16556e-12 9.84189e-13 8.20904e-13 6.47135e-13 4.27305e-13 1.57252e-13 1.57252e-13 
8.8755e-13 2.2508e-12 3.5218e-12 4.75572e-12 6.06368e-12 7.48723e-12 9.01711e-12 1.06182e-11 1.22476e-11 1.3862e-11 1.54244e-11 1.69114e-11 1.83177e-11 1.96644e-11 2.10148e-11 2.24887e-11 2.42757e-11 2.66153e-11 2.97346e-11 3.3732e-11 3.8476e-11 4.35614e-11 4.83517e-11 5.20644e-11 5.39434e-11 5.35017e-11 5.07262e-11 4.60895e-11 4.03455e-11 3.42606e-11 2.84239e-11 2.3186e-11 1.86986e-11 1.49735e-11 1.19402e-11 9.49382e-12 7.52769e-12 5.94316e-12 4.66376e-12 3.63196e-12 2.8079e-12 2.16419e-12 1.67677e-12 1.32306e-12 1.0722e-12 8.90962e-13 7.45024e-13 6.07225e-13 4.47351e-13 2.4114e-13 5.19435e-14 
1.39646e-12 2.58612e-12 3.69698e-12 4.83851e-12 6.08467e-12 7.44935e-12 8.91417e-12 1.04488e-11 1.2018e-11 1.35906e-11 1.51416e-11 1.66594e-11 1.81546e-11 1.96644e-11 2.12653e-11 2.30808e-11 2.52693e-11 2.79916e-11 3.13324e-11 3.52202e-11 3.93806e-11 4.33538e-11 4.65652e-11 4.84256e-11 4.84879e-11 4.66082e-11 4.30254e-11 3.82731e-11 3.29859e-11 2.7716e-11 2.28399e-11 1.85577e-11 1.49329e-11 1.19386e-11 9.5013e-12 7.53145e-12 5.94316e-12 4.6622e-12 3.63071e-12 2.80517e-12 2.15183e-12 1.64866e-12 1.27375e-12 1.00512e-12 8.15031e-13 6.74343e-13 5.55595e-13 4.35618e-13 2.86836e-13 1.04015e-13 1.04015e-13 
7.01469e-13 1.77886e-12 2.79265e-12 3.79209e-12 4.86869e-12 6.06141e-12 7.37222e-12 8.78164e-12 1.02659e-11 1.17997e-11 1.33604e-11 1.49354e-11 1.65271e-11 1.81546e-11 1.98663e-11 2.17386e-11 2.38753e-11 2.63828e-11 2.93219e-11 3.26467e-11 3.61636e-11 3.95309e-11 4.23117e-11 4.40505e-11 4.43705e-11 4.30843e-11 4.0284e-11 3.63284e-11 3.17224e-11 2.69638e-11 2.24348e-11 1.83669e-11 1.48603e-11 1.19218e-11 9.50353e-12 7.53579e-12 5.94525e-12 4.6622e-12 3.63082e-12 2.80389e-12 2.14802e-12 1.6357e-12 1.24615e-12 9.6114e-13 7.58138e-13 6.13818e-13 5.04786e-13 4.06309e-13 2.98074e-13 1.60048e-13 3.37893e-14 
1.09118e-12 2.02366e-12 2.90769e-12 3.83204e-12 4.85794e-12 6.0062e-12 7.27079e-12 8.63838e-12 1.00912e-11 1.16135e-11 1.31935e-11 1.48277e-11 1.65271e-11 1.83177e-11 2.02473e-11 2.23791e-11 2.47792e-11 2.74833e-11 3.04552e-11 3.35481e-11 3.64995e-11 3.8967e-11 4.05889e-11 4.10508e-11 4.01645e-11 3.79414e-11 3.46122e-11 3.05675e-11 2.62476e-11 2.20255e-11 1.81551e-11 1.47651e-11 1.18886e-11 9.49814e-12 7.53905e-12 5.94792e-12 4.66376e-12 3.63082e-12 2.8039e-12 2.14747e-12 1.63064e-12 1.23266e-12 9.35041e-13 7.20049e-13 5.67947e-13 4.58591e-13 3.7239e-13 2.88249e-13 1.89019e-13 6.77775e-14 6.77775e-14 
5.41648e-13 1.37484e-12 2.16756e-12 2.96299e-12 3.83385e-12 4.82032e-12 5.92975e-12 7.15907e-12 8.50048e-12 9.94266e-12 1.1479e-11 1.31052e-11 1.48277e-11 1.66594e-11 1.86277e-11 2.07678e-11 2.31163e-11 2.5689e-11 2.84475e-11 3.12743e-11 3.39605e-11 3.62293e-11 3.7783e-11 3.83567e-11 3.77718e-11 3.59952e-11 3.31684e-11 2.95903e-11 2.56391e-11 2.16753e-11 1.79682e-11 1.46756e-11 1.18525e-11 9.48853e-12 7.53997e-12 5.95068e-12 4.6649e-12 3.63071e-12 2.8039e-12 2.14682e-12 1.62962e-12 1.22748e-12 9.21403e-13 6.96415e-13 5.35977e-13 4.2253e-13 3.39054e-13 2.68915e-13 1.95743e-13 1.04423e-13 2.15955e-14 
8.3363e-13 1.55089e-12 2.2425e-12 2.97762e-12 3.81149e-12 4.76483e-12 5.84554e-12 7.05197e-12 8.38233e-12 9.83447e-12 1.14084e-11 1.31052e-11 1.49354e-11 1.69114e-11 1.90523e-11 2.13716e-11 2.38684e-11 2.65025e-11 2.91706e-11 3.17002e-11 3.38621e-11 3.54028e-11 3.60958e-11 3.57728e-11 3.43749e-11 3.19797e-11 2.88094e-11 2.51823e-11 2.14387e-11 1.78604e-11 1.46335e-11 1.18409e-11 9.48925e-12 7.54428e-12 5.9548e-12 4.66732e-12 3.63196e-12 2.80389e-12 2.14682e-12 1.62889e-12 1.22521e-12 9.15926e-13 6.83854e-13 5.15596e-13 3.95784e-13 3.11911e-13 2.47501e-13 1.89385e-13 1.22935e-13 4.37625e-14 4.37625e-14 
4.09328e-13 1.04125e-12 1.65058e-12 2.27317e-12 2.96829e-12 3.7731e-12 4.70255e-12 5.76357e-12 6.96093e-12 8.29779e-12 9.77782e-12 1.14084e-11 1.31935e-11 1.51416e-11 1.72592e-11 1.9548e-11 2.19939e-11 2.45515e-11 2.71283e-11 2.95749e-11 3.1694e-11 3.3269e-11 3.40974e-11 3.40244e-11 3.29739e-11 3.09792e-11 2.81938e-11 2.48781e-11 2.13422e-11 1.78737e-11 1.46845e-11 1.18916e-11 9.52667e-12 7.568e-12 5.96799e-12 4.67386e-12 3.63446e-12 2.80517e-12 2.14747e-12 1.62889e-12 1.22514e-12 9.13493e-13 6.77333e-13 5.03808e-13 3.78475e-13 2.90584e-13 2.28029e-13 1.77135e-13 1.2707e-13 6.72999e-14 1.44404e-14 
6.24541e-13 1.16728e-12 1.69893e-12 2.27648e-12 2.94496e-12 3.7281e-12 4.64109e-12 5.69307e-12 6.89411e-12 8.25238e-12 9.77782e-12 1.1479e-11 1.33604e-11 1.54244e-11 1.76664e-11 2.00622e-11 2.25651e-11 2.50867e-11 2.74948e-11 2.96149e-11 3.12544e-11 3.22315e-11 3.24027e-11 3.16843e-11 3.00751e-11 2.76749e-11 2.46839e-11 2.13718e-11 1.80199e-11 1.48594e-11 1.20436e-11 9.63563e-12 7.63626e-12 6.00665e-12 4.69324e-12 3.64276e-12 2.8079e-12 2.14802e-12 1.62962e-12 1.22514e-12 9.12582e-13 6.74385e-13 4.97091e-13 3.68529e-13 2.76629e-13 2.11983e-13 1.64623e-13 1.23581e-13 7.93366e-14 2.80088e-14 2.80088e-14 
3.03693e-13 7.74659e-13 1.23541e-12 1.71639e-12 2.2652e-12 2.91346e-12 3.68345e-12 4.58827e-12 5.64176e-12 6.85923e-12 8.25238e-12 9.83447e-12 1.16135e-11 1.35906e-11 1.57583e-11 1.80905e-11 2.05384e-11 2.30189e-11 2.54087e-11 2.75525e-11 2.92749e-11 3.04087e-11 3.08181e-11 3.04175e-11 2.91837e-11 2.71729e-11 2.45314e-11 2.148e-11 1.82767e-11 1.51629e-11 1.23197e-11 9.84838e-12 7.78043e-12 6.0939e-12 4.74137e-12 3.66658e-12 2.81846e-12 2.15183e-12 1.63064e-12 1.22521e-12 9.12582e-13 6.73602e-13 4.94133e-13 3.62406e-13 2.67969e-13 2.00671e-13 1.53454e-13 1.17133e-13 8.24487e-14 4.34581e-14 9.38953e-15 
4.59572e-13 8.63524e-13 1.26771e-12 1.71589e-12 2.24516e-12 2.88186e-12 3.64453e-12 4.54943e-12 5.61501e-12 6.85923e-12 8.29779e-12 9.94266e-12 1.17997e-11 1.3862e-11 1.61059e-11 1.84842e-11 2.09185e-11 2.32949e-11 2.54691e-11 2.72796e-11 2.85694e-11 2.92088e-11 2.91106e-11 2.82385e-11 2.66165e-11 2.4345e-11 2.15953e-11 1.85908e-11 1.55649e-11 1.27161e-11 1.01811e-11 8.02602e-12 6.25722e-12 4.83877e-12 3.72068e-12 2.84537e-12 2.16419e-12 1.6357e-12 1.22748e-12 9.13493e-13 6.73602e-13 4.93696e-13 3.59929e-13 2.624e-13 1.93296e-13 1.44554e-13 1.09482e-13 8.10834e-14 5.09268e-14 1.74978e-14 1.74978e-14 
2.21872e-13 5.66571e-13 9.11582e-13 1.27854e-12 1.7061e-12 2.22363e-12 2.85387e-12 3.61507e-12 4.5293e-12 5.61501e-12 6.89411e-12 8.38233e-12 1.00912e-11 1.2018e-11 1.41459e-11 1.64306e-11 1.88004e-11 2.11515e-11 2.33499e-11 2.52426e-11 2.66808e-11 2.75371e-11 2.77232e-11 2.7193e-11 2.59511e-11 2.40604e-11 2.16463e-11 1.88923e-11 1.60095e-11 1.31994e-11 1.0624e-11 8.38351e-12 6.51484e-12 5.00809e-12 3.82175e-12 2.90096e-12 2.19195e-12 1.64866e-12 1.23266e-12 9.15926e-13 6.74385e-13 4.93696e-13 3.58569e-13 2.60113e-13 1.88852e-13 1.38988e-13 1.04023e-13 7.69583e-14 5.35656e-14 2.78125e-14 5.48299e-15 
3.33248e-13 6.29882e-13 9.33371e-13 1.2767e-12 1.69243e-12 2.20442e-12 2.83344e-12 3.60004e-12 4.5293e-12 5.64176e-12 6.96093e-12 8.50048e-12 1.02659e-11 1.22476e-11 1.44093e-11 1.669e-11 1.8994e-11 2.11978e-11 2.31572e-11 2.47277e-11 2.5783e-11 2.62317e-11 2.60225e-11 2.51429e-11 2.36311e-11 2.15736e-11 1.91121e-11 1.64289e-11 1.37146e-11 1.11429e-11 8.83897e-12 6.87312e-12 5.2638e-12 3.98846e-12 3.00106e-12 2.24783e-12 1.67677e-12 1.24615e-12 9.21403e-13 6.77333e-13 4.94133e-13 3.58569e-13 2.58812e-13 1.86429e-13 1.35401e-13 9.91881e-14 7.3642e-14 5.28989e-14 3.32735e-14 1.10414e-14 1.10414e-14 
1.5895e-13 4.09174e-13 6.64283e-13 9.40883e-13 1.27046e-12 1.67972e-12 2.18974e-12 2.82193e-12 3.60004e-12 4.54943e-12 5.69307e-12 7.05197e-12 8.63838e-12 1.04488e-11 1.24599e-11 1.46213e-11 1.68483e-11 1.90298e-11 2.10311e-11 2.271e-11 2.39416e-11 2.46291e-11 2.47141e-11 2.4174e-11 2.30275e-11 2.1332e-11 1.9193e-11 1.67572e-11 1.41975e-11 1.16835e-11 9.35691e-12 7.31623e-12 5.60757e-12 4.23133e-12 3.15897e-12 2.34283e-12 1.72983e-12 1.27375e-12 9.35041e-13 6.83854e-13 4.97091e-13 3.59929e-13 2.58812e-13 1.85381e-13 1.3317e-13 9.67822e-14 7.04776e-14 5.17692e-14 3.51307e-14 1.80835e-14 3.56742e-15 
2.38983e-13 4.54314e-13 6.79683e-13 9.40571e-13 1.26374e-12 1.67027e-12 2.18203e-12 2.82193e-12 3.61507e-12 4.58827e-12 5.76357e-12 7.15907e-12 8.78164e-12 1.06182e-11 1.26294e-11 1.47482e-11 1.68738e-11 1.88836e-11 2.0641e-11 2.20197e-11 2.29177e-11 2.32684e-11 2.30412e-11 2.22383e-11 2.08976e-11 1.90942e-11 1.69417e-11 1.45861e-11 1.21863e-11 9.88949e-12 7.81094e-12 6.02122e-12 4.54824e-12 3.38192e-12 2.48758e-12 1.81718e-12 1.32306e-12 9.6114e-13 6.96415e-13 5.03808e-13 3.62406e-13 2.60113e-13 1.85381e-13 1.32529e-13 9.49836e-14 6.87688e-14 4.96666e-14 3.54186e-14 2.14845e-14 7.48236e-15 7.48236e-15 
1.12976e-13 2.92469e-13 4.79065e-13 6.85633e-13 9.37329e-13 1.25698e-12 1.66467e-12 2.18203e-12 2.83344e-12 3.64453e-12 4.64109e-12 5.84554e-12 7.27079e-12 8.91417e-12 1.07516e-11 1.2729e-11 1.47643e-11 1.67448e-11 1.85436e-11 2.00347e-11 2.11111e-11 2.16969e-11 2.17512e-11 2.12662e-11 2.02628e-11 1.87934e-11 1.69432e-11 1.48311e-11 1.25974e-11 1.03827e-11 8.31203e-12 6.4747e-12 4.92217e-12 3.66502e-12 2.68601e-12 1.94568e-12 1.40046e-12 1.00512e-12 7.20049e-13 5.15596e-13 3.68529e-13 2.624e-13 1.86429e-13 1.32529e-13 9.41721e-14 6.75708e-14 4.8791e-14 3.51611e-14 2.31235e-14 1.2156e-14 2.63264e-15 
1.69094e-13 3.24375e-13 4.89663e-13 6.86119e-13 9.34454e-13 1.25367e-12 1.66467e-12 2.18974e-12 2.85387e-12 3.68345e-12 4.70255e-12 5.92975e-12 7.37222e-12 9.01711e-12 1.08275e-11 1.27361e-11 1.46481e-11 1.64468e-11 1.80112e-11 1.92282e-11 2.00154e-11 2.03193e-11 2.01227e-11 1.94331e-11 1.82851e-11 1.6742e-11 1.48972e-11 1.28689e-11 1.07861e-11 8.77191e-12 6.92923e-12 5.32533e-12 3.99323e-12 2.93212e-12 2.1175e-12 1.51185e-12 1.0722e-12 7.58138e-13 5.35977e-13 3.78475e-13 2.67969e-13 1.88852e-13 1.3317e-13 9.41721e-14 6.66833e-14 4.7604e-14 3.44679e-14 2.4002e-14 1.42266e-14 4.94968e-15 4.94968e-15 
7.99779e-14 2.0721e-13 3.41891e-13 4.9505e-13 6.85405e-13 9.32604e-13 1.25367e-12 1.67027e-12 2.20442e-12 2.88186e-12 3.7281e-12 4.76483e-12 6.0062e-12 7.44935e-12 9.07313e-12 1.08267e-11 1.26322e-11 1.43889e-11 1.59809e-11 1.72976e-11 1.82475e-11 1.87677e-11 1.88271e-11 1.84222e-11 1.75759e-11 1.63338e-11 1.47665e-11 1.29699e-11 1.10584e-11 9.14754e-12 7.34219e-12 5.72304e-12 4.34061e-12 3.21105e-12 2.32551e-12 1.65599e-12 1.16556e-12 8.15031e-13 5.67947e-13 3.95784e-13 2.76629e-13 1.93296e-13 1.35401e-13 9.49836e-14 6.66833e-14 4.73981e-14 3.40571e-14 2.35188e-14 1.54402e-14 8.10986e-15 1.74803e-15 
1.18787e-13 2.29209e-13 3.5045e-13 4.96637e-13 6.85113e-13 9.32604e-13 1.25698e-12 1.67972e-12 2.22363e-12 2.91346e-12 3.7731e-12 4.82032e-12 6.06141e-12 7.48723e-12 9.0647e-12 1.07325e-11 1.24059e-11 1.39816e-11 1.53525e-11 1.64237e-11 1.71209e-11 1.74023e-11 1.72532e-11 1.66834e-11 1.57257e-11 1.44333e-11 1.28832e-11 1.11712e-11 9.40055e-12 7.67526e-12 6.08015e-12 4.67835e-12 3.5014e-12 2.5563e-12 1.82681e-12 1.2835e-12 8.90962e-13 6.13818e-13 4.2253e-13 2.90584e-13 2.00671e-13 1.38988e-13 9.67822e-14 6.75708e-14 4.73981e-14 3.38716e-14 2.3943e-14 1.66692e-14 9.56975e-15 3.32868e-15 3.32868e-15 
5.59709e-14 1.45928e-13 2.42132e-13 3.54454e-13 4.97012e-13 6.85113e-13 9.34454e-13 1.26374e-12 1.69243e-12 2.24516e-12 2.94496e-12 3.81149e-12 4.85794e-12 6.08467e-12 7.47266e-12 8.97772e-12 1.05339e-11 1.2051e-11 1.34301e-11 1.45767e-11 1.54096e-11 1.58763e-11 1.59505e-11 1.56287e-11 1.49343e-11 1.39053e-11 1.26032e-11 1.11071e-11 9.50617e-12 7.89568e-12 6.36197e-12 4.97498e-12 3.77837e-12 2.79141e-12 2.0118e-12 1.419e-12 9.84189e-13 6.74343e-13 4.58591e-13 3.11911e-13 2.11983e-13 1.44554e-13 9.91881e-14 6.87688e-14 4.7604e-14 3.38716e-14 2.37977e-14 1.64624e-14 1.09983e-14 4.94921e-15 8.81775e-16 
8.32125e-14 1.61575e-13 2.47696e-13 3.5555e-13 4.97012e-13 6.85405e-13 9.37329e-13 1.27046e-12 1.7061e-12 2.2652e-12 2.96829e-12 3.83385e-12 4.86869e-12 6.06368e-12 7.39171e-12 8.8026e-12 1.02228e-11 1.15674e-11 1.27431e-11 1.36676e-11 1.42797e-11 1.45404e-11 1.44371e-11 1.39791e-11 1.31962e-11 1.21345e-11 1.08588e-11 9.44507e-12 7.97774e-12 6.53944e-12 5.2e-12 4.01288e-12 3.00882e-12 2.19443e-12 1.56137e-12 1.08786e-12 7.45024e-13 5.04786e-13 3.39054e-13 2.28029e-13 1.53454e-13 1.04023e-13 7.04776e-14 4.8791e-14 3.40571e-14 2.37977e-14 1.63627e-14 1.16596e-14 6.53891e-15 2.55701e-15 2.55701e-15 
3.89633e-14 1.01025e-13 1.698e-13 2.50526e-13 3.5555e-13 4.96637e-13 6.86119e-13 9.40571e-13 1.2767e-12 1.71589e-12 2.27648e-12 2.97762e-12 3.83204e-12 4.83851e-12 5.98383e-12 7.23172e-12 8.52661e-12 9.79567e-12 1.09565e-11 1.19274e-11 1.26411e-11 1.30504e-11 1.31313e-11 1.28823e-11 1.23212e-11 1.14862e-11 1.04267e-11 9.20839e-12 7.90296e-12 6.58582e-12 5.32594e-12 4.17917e-12 3.18314e-12 2.35596e-12 1.69667e-12 1.19223e-12 8.20904e-13 5.55595e-13 3.7239e-13 2.47501e-13 1.64623e-13 1.09482e-13 7.3642e-14 4.96666e-14 3.44679e-14 2.3943e-14 1.63627e-14 1.15981e-14 7.30189e-15 3.40272e-15 8.98612e-16 
5.74824e-14 1.12107e-13 1.73447e-13 2.50526e-13 3.54454e-13 4.9505e-13 6.85633e-13 9.40883e-13 1.27854e-12 1.71639e-12 2.27317e-12 2.96299e-12 3.79209e-12 4.75572e-12 5.8311e-12 6.97881e-12 8.14012e-12 9.24395e-12 1.02165e-11 1.09871e-11 1.15036e-11 1.17304e-11 1.16575e-11 1.12936e-11 1.06643e-11 9.81035e-12 8.78642e-12 7.65362e-12 6.478e-12 5.32307e-12 4.24548e-12 3.28649e-12 2.46968e-12 1.80455e-12 1.28394e-12 8.91375e-13 6.07225e-13 4.06309e-13 2.68915e-13 1.77135e-13 1.17133e-13 7.69583e-14 5.17692e-14 3.51611e-14 2.35188e-14 1.64624e-14 1.15981e-14 8.08289e-15 4.24076e-15 1.76351e-15 1.76351e-15 
2.69607e-14 6.97229e-14 1.16636e-13 1.73447e-13 2.47696e-13 3.5045e-13 4.89663e-13 6.79683e-13 9.33371e-13 1.26771e-12 1.69893e-12 2.2425e-12 2.90769e-12 3.69698e-12 4.59841e-12 5.58482e-12 6.61241e-12 7.624e-12 8.55291e-12 9.3346e-12 9.91223e-12 1.02457e-11 1.03126e-11 1.01141e-11 9.66602e-12 9.0015e-12 8.16466e-12 7.20711e-12 6.18646e-12 5.15977e-12 4.17883e-12 3.28615e-12 2.50785e-12 1.85922e-12 1.34047e-12 9.42378e-13 6.47135e-13 4.35618e-13 2.88249e-13 1.89385e-13 1.23581e-13 8.10834e-14 5.28989e-14 3.54186e-14 2.4002e-14 1.66692e-14 1.16596e-14 8.08289e-15 5.08048e-15 2.65325e-15 0 
3.8671e-14 7.52307e-14 1.16636e-13 1.698e-13 2.42132e-13 3.41891e-13 4.79065e-13 6.64283e-13 9.11582e-13 1.23541e-12 1.65058e-12 2.16756e-12 2.79265e-12 3.5218e-12 4.33844e-12 5.21341e-12 6.09979e-12 6.9457e-12 7.69144e-12 8.28175e-12 8.67395e-12 8.83961e-12 8.77096e-12 8.47584e-12 7.97962e-12 7.31631e-12 6.53283e-12 5.67518e-12 4.79434e-12 3.93593e-12 3.13889e-12 2.42977e-12 1.82795e-12 1.33564e-12 9.50737e-13 6.59337e-13 4.47351e-13 2.98074e-13 1.95743e-13 1.2707e-13 8.24487e-14 5.35656e-14 3.51307e-14 2.31235e-14 1.54402e-14 1.09983e-14 7.30189e-15 5.08048e-15 2.65621e-15 9.1493e-16 9.1493e-16 
1.79698e-14 4.52883e-14 7.52307e-14 1.12107e-13 1.61575e-13 2.29209e-13 3.24375e-13 4.54314e-13 6.29882e-13 8.63524e-13 1.16728e-12 1.55089e-12 2.02366e-12 2.58612e-12 3.23035e-12 3.93578e-12 4.6718e-12 5.39492e-12 6.0578e-12 6.6105e-12 7.01092e-12 7.22879e-12 7.24815e-12 7.07126e-12 6.71537e-12 6.20981e-12 5.59108e-12 4.90078e-12 4.18023e-12 3.46701e-12 2.79592e-12 2.19111e-12 1.66833e-12 1.23523e-12 8.89677e-13 6.23578e-13 4.27305e-13 2.86836e-13 1.89019e-13 1.22935e-13 7.93366e-14 5.09268e-14 3.32735e-14 2.14845e-14 1.42266e-14 9.56975e-15 6.53891e-15 4.24076e-15 2.65621e-15 1.84112e-15 0 
2.48378e-14 4.52883e-14 6.97229e-14 1.01025e-13 1.45928e-13 2.0721e-13 2.92469e-13 4.09174e-13 5.66571e-13 7.74659e-13 1.04125e-12 1.37484e-12 1.77886e-12 2.2508e-12 2.77863e-12 3.3412e-12 3.90964e-12 4.44611e-12 4.91076e-12 5.26661e-12 5.48372e-12 5.54473e-12 5.44715e-12 5.202e-12 4.83199e-12 4.36682e-12 3.84127e-12 3.28836e-12 2.7401e-12 2.2223e-12 1.75318e-12 1.346e-12 1.00535e-12 7.30836e-13 5.17128e-13 3.57207e-13 2.4114e-13 1.60048e-13 1.04423e-13 6.72999e-14 4.34581e-14 2.78125e-14 1.80835e-14 1.2156e-14 8.10986e-15 4.94921e-15 3.40272e-15 2.65325e-15 1.84112e-15 9.49443e-16 9.49443e-16 
1.09914e-14 2.48378e-14 3.8671e-14 5.74824e-14 8.32125e-14 1.18787e-13 1.69094e-13 2.38983e-13 3.33248e-13 4.59572e-13 6.24541e-13 8.3363e-13 1.09118e-12 1.39646e-12 1.74475e-12 2.12349e-12 2.51351e-12 2.88928e-12 3.22405e-12 3.48814e-12 3.65767e-12 3.71816e-12 3.66406e-12 3.50097e-12 3.245e-12 2.92027e-12 2.55415e-12 2.17091e-12 1.79593e-12 1.44715e-12 1.13564e-12 8.68833e-13 6.47693e-13 4.71228e-13 3.34085e-13 2.31943e-13 1.57252e-13 1.04015e-13 6.77775e-14 4.37625e-14 2.80088e-14 1.74978e-14 1.10414e-14 7.48236e-15 4.94968e-15 3.32868e-15 2.55701e-15 1.76351e-15 9.1493e-16 9.49443e-16 0 
1.09914e-14 1.79698e-14 2.69607e-14 3.89633e-14 5.59709e-14 7.99779e-14 1.12976e-13 1.5895e-13 2.21872e-13 3.03693e-13 4.09328e-13 5.41648e-13 7.01469e-13 8.8755e-13 1.09362e-12 1.31042e-12 1.52575e-12 1.7226e-12 1.88519e-12 1.99705e-12 2.04796e-12 2.03191e-12 1.94895e-12 1.80985e-12 1.6262e-12 1.41406e-12 1.19196e-12 9.75029e-13 7.75172e-13 5.98314e-13 4.51309e-13 3.31613e-13 2.37909e-13 1.67278e-13 1.16087e-13 7.78304e-14 5.19435e-14 3.37893e-14 2.15955e-14 1.44404e-14 9.38953e-15 5.48299e-15 3.56742e-15 2.63264e-15 1.74803e-15 8.81775e-16 8.98612e-16 0 0 0 0 
