109
3.79494e-10
5.38424e-10
9.59842e-10
8.48697e-10
2.18129e-09
1.49398e-09
4.56216e-09
2.69275e-09
9.09324e-09
4.87785e-09
1.74912e-08
8.94242e-09
3.29277e-08
1.63955e-08
6.21543e-08
3.0096e-08
1.17425e-07
5.58838e-08
2.22394e-07
1.0535e-07
4.24163e-07
2.00141e-07
8.28899e-07
3.83786e-07
1.6605e-06
7.44615e-07
3.41572e-06
1.4723e-06
7.3172e-06
3.01409e-06
1.66709e-05
6.33854e-06
4.119e-05
1.38389e-05
0.000113166
3.16005e-05
0.00031168
0.000103914
0.000478565
0.000127278
0.000449947
8.42241e-05
0.000303983
5.78942e-05
0.000200216
3.46222e-05
0.000115597
2.2053e-05
6.91488e-05
1.33986e-05
4.11864e-05
8.63437e-06
2.48818e-05
5.73943e-06
1.53104e-05
3.80018e-06
9.48776e-06
2.57599e-06
6.11903e-06
1.74077e-06
4.19122e-06
1.18909e-06
2.91226e-06
7.94458e-07
1.97467e-06
5.1405e-07
1.28481e-06
3.26741e-07
8.04928e-07
2.02263e-07
4.82248e-07
1.22384e-07
2.78041e-07
6.99854e-08
1.51557e-07
3.83823e-08
7.77207e-08
1.90372e-08
3.3223e-08
7.70084e-09
1.00773e-08
1.65857e-09
5.88138e-09
1.47455e-09
5.45057e-09
1.26175e-09
4.65519e-09
1.07513e-09
3.94774e-09
9.17245e-10
3.17391e-09
7.51051e-10
2.49831e-09
6.14984e-10
1.82578e-09
4.71005e-10
1.28737e-09
3.46106e-10
8.43054e-10
2.41209e-10
5.28262e-10
1.6232e-10
3.01484e-10
1.05965e-10
1.58547e-10
6.89278e-11
7.23081e-11
4.88447e-11
2.99005e-11
