1 101 51
0 0 0 0 0 9.51894e-16 9.45184e-16 9.43483e-16 1.89394e-15 2.86436e-15 3.86108e-15 6.83487e-15 9.8636e-15 1.49074e-14 2.19613e-14 3.19899e-14 4.59412e-14 6.47495e-14 8.9349e-14 1.20691e-13 1.59755e-13 2.05588e-13 2.58259e-13 3.14914e-13 3.74659e-13 4.32658e-13 4.85015e-13 5.2779e-13 5.57978e-13 5.72544e-13 5.69413e-13 5.50458e-13 5.15593e-13 4.69698e-13 4.15709e-13 3.58574e-13 3.01278e-13 2.46825e-13 1.97231e-13 1.54516e-13 1.18709e-13 8.88356e-14 6.59119e-14 4.89555e-14 3.49801e-14 2.49918e-14 1.79967e-14 1.29982e-14 8.99842e-15 5.99882e-15 2.99997e-15 
0 0 9.55905e-16 9.30134e-16 9.06448e-16 1.77723e-15 2.63726e-15 3.51542e-15 5.32417e-15 8.12422e-15 1.19865e-14 1.79051e-14 2.69094e-14 4.00226e-14 5.82151e-14 8.33668e-14 1.17279e-13 1.60672e-13 2.14228e-13 2.80619e-13 3.56706e-13 4.43451e-13 5.37136e-13 6.34245e-13 7.30417e-13 8.17497e-13 8.92024e-13 9.45609e-13 9.76327e-13 9.79206e-13 9.55819e-13 9.05767e-13 8.35381e-13 7.49164e-13 6.53662e-13 5.56527e-13 4.60665e-13 3.73939e-13 2.9548e-13 2.29331e-13 1.74638e-13 1.31518e-13 9.71018e-14 7.04729e-14 5.06972e-14 3.68256e-14 2.59027e-14 1.79462e-14 1.29702e-14 6.99357e-15 6.99357e-15 
0 0 9.52344e-16 9.19615e-16 1.77672e-15 2.58914e-15 3.38644e-15 5.04361e-15 6.76084e-15 1.03052e-14 1.58236e-14 2.43789e-14 3.70853e-14 5.50457e-14 8.02489e-14 1.15582e-13 1.61832e-13 2.22534e-13 2.98082e-13 3.88757e-13 4.93886e-13 6.11043e-13 7.3816e-13 8.67872e-13 9.96175e-13 1.11374e-12 1.21514e-12 1.29205e-12 1.3386e-12 1.35216e-12 1.32968e-12 1.27328e-12 1.18678e-12 1.07683e-12 9.52111e-13 8.2062e-13 6.89691e-13 5.65951e-13 4.5431e-13 3.56916e-13 2.75975e-13 2.0885e-13 1.55784e-13 1.15035e-13 8.38259e-14 6.03102e-14 4.35916e-14 3.0762e-14 2.1863e-14 1.39458e-14 5.99882e-15 
0 9.51795e-16 9.13896e-16 1.75228e-15 2.53236e-15 3.28297e-15 5.65475e-15 8.06111e-15 1.14123e-14 1.74987e-14 2.57313e-14 3.89493e-14 5.9317e-14 8.71532e-14 1.26332e-13 1.78734e-13 2.46927e-13 3.34176e-13 4.38556e-13 5.61914e-13 7.00276e-13 8.50982e-13 1.0062e-12 1.16079e-12 1.30473e-12 1.43228e-12 1.53332e-12 1.60212e-12 1.63332e-12 1.62355e-12 1.57414e-12 1.4868e-12 1.36847e-12 1.22795e-12 1.07345e-12 9.15374e-13 7.62754e-13 6.21225e-13 4.94793e-13 3.86677e-13 2.97311e-13 2.25191e-13 1.67781e-13 1.23439e-13 9.04555e-14 6.50792e-14 4.6447e-14 3.26715e-14 2.28282e-14 1.29702e-14 1.29702e-14 
0 9.52344e-16 9.12168e-16 1.73809e-15 2.49398e-15 4.01005e-15 5.4777e-15 7.7378e-15 1.16407e-14 1.73517e-14 2.59222e-14 3.85211e-14 5.72561e-14 8.52333e-14 1.24714e-13 1.78705e-13 2.49962e-13 3.41845e-13 4.54407e-13 5.88298e-13 7.42038e-13 9.10385e-13 1.08669e-12 1.26422e-12 1.43443e-12 1.58794e-12 1.71612e-12 1.81057e-12 1.8644e-12 1.87526e-12 1.8398e-12 1.76172e-12 1.64407e-12 1.49681e-12 1.32828e-12 1.15085e-12 9.72917e-13 8.03397e-13 6.49837e-13 5.14488e-13 4.00714e-13 3.06233e-13 2.31595e-13 1.7245e-13 1.27236e-13 9.23357e-14 6.69783e-14 4.73764e-14 3.36348e-14 2.1863e-14 8.99842e-15 
9.55905e-16 9.13896e-16 1.73386e-15 2.47393e-15 3.95427e-15 5.36491e-15 7.51653e-15 1.12034e-14 1.655e-14 2.45537e-14 3.63633e-14 5.40806e-14 7.99854e-14 1.18178e-13 1.70145e-13 2.41623e-13 3.34419e-13 4.5072e-13 5.91234e-13 7.55273e-13 9.37134e-13 1.13326e-12 1.33404e-12 1.52917e-12 1.7106e-12 1.86688e-12 1.9902e-12 2.072e-12 2.10676e-12 2.0932e-12 2.02957e-12 1.92003e-12 1.77332e-12 1.59712e-12 1.40293e-12 1.20378e-12 1.0089e-12 8.27257e-13 6.64647e-13 5.24428e-13 4.06344e-13 3.10156e-13 2.33651e-13 1.74495e-13 1.28263e-13 9.33193e-14 6.79375e-14 4.83446e-14 3.26715e-14 1.79462e-14 1.79462e-14 
0 9.19615e-16 1.73809e-15 2.46803e-15 3.92707e-15 5.30395e-15 8.12846e-15 1.09314e-14 1.5999e-14 2.27726e-14 3.37828e-14 5.03429e-14 7.3947e-14 1.09471e-13 1.58693e-13 2.26637e-13 3.17297e-13 4.34223e-13 5.77525e-13 7.47561e-13 9.41343e-13 1.15378e-12 1.37536e-12 1.59746e-12 1.80817e-12 1.99631e-12 2.15127e-12 2.26424e-12 2.32825e-12 2.33991e-12 2.29614e-12 2.20189e-12 2.05989e-12 1.88183e-12 1.67669e-12 1.45923e-12 1.24149e-12 1.03178e-12 8.41057e-13 6.71593e-13 5.27868e-13 4.07914e-13 3.10671e-13 2.3402e-13 1.74718e-13 1.28364e-13 9.43243e-14 6.79313e-14 4.73764e-14 3.0762e-14 1.29982e-14 
9.30134e-16 1.75228e-15 2.47393e-15 3.91927e-15 5.27667e-15 8.06224e-15 1.07955e-14 1.5694e-14 2.21352e-14 3.17807e-14 4.65188e-14 6.85523e-14 1.00377e-13 1.4546e-13 2.09023e-13 2.95445e-13 4.08735e-13 5.51379e-13 7.24151e-13 9.26112e-13 1.15102e-12 1.39249e-12 1.63986e-12 1.87993e-12 2.10125e-12 2.29153e-12 2.44015e-12 2.5374e-12 2.57954e-12 2.56249e-12 2.48643e-12 2.35749e-12 2.18212e-12 1.97227e-12 1.74092e-12 1.50086e-12 1.26589e-12 1.04541e-12 8.46923e-13 6.73869e-13 5.2719e-13 4.0698e-13 3.10408e-13 2.33489e-13 1.74948e-13 1.28449e-13 9.43348e-14 6.79375e-14 4.6447e-14 2.59027e-14 2.59027e-14 
0 1.77672e-15 2.49398e-15 3.92707e-15 5.26928e-15 8.03762e-15 1.07471e-14 1.55774e-14 2.18431e-14 3.10849e-14 4.43059e-14 6.34903e-14 9.17132e-14 1.33224e-13 1.91021e-13 2.71329e-13 3.78661e-13 5.1701e-13 6.88705e-13 8.94224e-13 1.12849e-12 1.38574e-12 1.65545e-12 1.92593e-12 2.18142e-12 2.40924e-12 2.59623e-12 2.73191e-12 2.8092e-12 2.82306e-12 2.77284e-12 2.66082e-12 2.49497e-12 2.28532e-12 2.04498e-12 1.78834e-12 1.52901e-12 1.28095e-12 1.05107e-12 8.48073e-13 6.71981e-13 5.25852e-13 4.05197e-13 3.0918e-13 2.32904e-13 1.74134e-13 1.28481e-13 9.43243e-14 6.69783e-14 4.35916e-14 1.79967e-14 
9.06448e-16 2.53236e-15 3.95427e-15 5.27667e-15 8.03209e-15 1.07396e-14 1.55699e-14 2.10952e-14 3.017e-14 4.22256e-14 6.04327e-14 8.54874e-14 1.22091e-13 1.74756e-13 2.48342e-13 3.47735e-13 4.79186e-13 6.45834e-13 8.48893e-13 1.08753e-12 1.35619e-12 1.64585e-12 1.94287e-12 2.23275e-12 2.49923e-12 2.72775e-12 2.90628e-12 3.02368e-12 3.07369e-12 3.05411e-12 2.96652e-12 2.81673e-12 2.61261e-12 2.36944e-12 2.09977e-12 1.82043e-12 1.54512e-12 1.28624e-12 1.05109e-12 8.4505e-13 6.68431e-13 5.22645e-13 4.03339e-13 3.07827e-13 2.33165e-13 1.74192e-13 1.28449e-13 9.33193e-14 6.50792e-14 3.68256e-14 3.68256e-14 
9.51894e-16 2.58914e-15 4.01005e-15 5.30395e-15 8.03762e-15 1.07409e-14 1.48894e-14 2.11728e-14 2.95708e-14 4.15077e-14 5.78252e-14 8.10388e-14 1.14824e-13 1.61249e-13 2.27268e-13 3.18059e-13 4.40379e-13 5.98187e-13 7.96201e-13 1.03367e-12 1.30839e-12 1.61154e-12 1.93169e-12 2.2531e-12 2.55955e-12 2.8318e-12 3.0555e-12 3.21816e-12 3.30981e-12 3.32656e-12 3.26872e-12 3.14058e-12 2.94946e-12 2.70817e-12 2.43203e-12 2.13665e-12 1.83883e-12 1.5516e-12 1.28508e-12 1.04605e-12 8.39404e-13 6.63906e-13 5.19281e-13 4.01273e-13 3.07239e-13 2.3228e-13 1.74134e-13 1.28364e-13 9.23357e-14 6.03102e-14 2.49918e-14 
1.77723e-15 3.28297e-15 5.36491e-15 8.06224e-15 1.07396e-14 1.49039e-14 2.12658e-14 2.98003e-14 4.1165e-14 5.67559e-14 7.88206e-14 1.09215e-13 1.51739e-13 2.1159e-13 2.93131e-13 4.04856e-13 5.51468e-13 7.39431e-13 9.70908e-13 1.24567e-12 1.55657e-12 1.895e-12 2.24453e-12 2.58735e-12 2.90487e-12 3.17701e-12 3.38812e-12 3.52717e-12 3.58617e-12 3.56327e-12 3.46258e-12 3.28989e-12 3.05719e-12 2.78044e-12 2.47425e-12 2.15744e-12 1.84427e-12 1.54819e-12 1.27805e-12 1.03934e-12 8.32737e-13 6.60094e-13 5.16572e-13 3.99875e-13 3.07372e-13 2.33165e-13 1.74948e-13 1.28263e-13 9.04555e-14 5.06972e-14 5.06972e-14 
9.45184e-16 3.38644e-15 5.4777e-15 8.12846e-15 1.07471e-14 1.48894e-14 2.13048e-14 3.0004e-14 4.09219e-14 5.68176e-14 7.83267e-14 1.0696e-13 1.46036e-13 2.00205e-13 2.74174e-13 3.74841e-13 5.09576e-13 6.84923e-13 9.05891e-13 1.17365e-12 1.48667e-12 1.83633e-12 2.20803e-12 2.58475e-12 2.9451e-12 3.2666e-12 3.53048e-12 3.72091e-12 3.82751e-12 3.84575e-12 3.778e-12 3.62916e-12 3.41207e-12 3.13902e-12 2.82825e-12 2.49724e-12 2.16299e-12 1.84014e-12 1.53912e-12 1.26849e-12 1.03066e-12 8.2669e-13 6.55869e-13 5.14412e-13 4.0006e-13 3.07239e-13 2.32904e-13 1.74718e-13 1.27236e-13 8.38259e-14 3.49801e-14 
2.63726e-15 5.65475e-15 7.51653e-15 1.07955e-14 1.55699e-14 2.12658e-14 2.93668e-14 4.12904e-14 5.69286e-14 7.8273e-14 1.05875e-13 1.43383e-13 1.94135e-13 2.62173e-13 3.53895e-13 4.76555e-13 6.3713e-13 8.4398e-13 1.10148e-12 1.40902e-12 1.76115e-12 2.14846e-12 2.55298e-12 2.95202e-12 3.3234e-12 3.6421e-12 3.88828e-12 4.04794e-12 4.11299e-12 4.08369e-12 3.96441e-12 3.76632e-12 3.50396e-12 3.19318e-12 2.85379e-12 2.50287e-12 2.15674e-12 1.82793e-12 1.52674e-12 1.25698e-12 1.02252e-12 8.21999e-13 6.53004e-13 5.13699e-13 3.99875e-13 3.07827e-13 2.33489e-13 1.74495e-13 1.23439e-13 7.04729e-14 7.04729e-14 
9.43483e-16 5.04361e-15 7.7378e-15 1.09314e-14 1.55774e-14 2.11728e-14 3.0004e-14 4.1428e-14 5.68053e-14 7.81475e-14 1.06647e-13 1.43482e-13 1.91515e-13 2.55555e-13 3.40464e-13 4.52865e-13 6.01103e-13 7.92576e-13 1.03443e-12 1.33028e-12 1.67924e-12 2.07281e-12 2.49733e-12 2.92976e-12 3.34704e-12 3.72051e-12 4.02558e-12 4.24345e-12 4.36201e-12 4.37695e-12 4.29198e-12 4.11883e-12 3.87027e-12 3.56487e-12 3.22118e-12 2.85905e-12 2.49372e-12 2.14105e-12 1.81175e-12 1.51248e-12 1.24593e-12 1.01557e-12 8.18497e-13 6.52378e-13 5.14412e-13 4.01273e-13 3.0918e-13 2.3402e-13 1.7245e-13 1.15035e-13 4.89555e-14 
3.51542e-15 8.06111e-15 1.12034e-14 1.5694e-14 2.10952e-14 2.98003e-14 4.12904e-14 5.70266e-14 7.83432e-14 1.07187e-13 1.43862e-13 1.91696e-13 2.54207e-13 3.34676e-13 4.39529e-13 5.76332e-13 7.53767e-13 9.7964e-13 1.25989e-12 1.59817e-12 1.99007e-12 2.4255e-12 2.88403e-12 3.341e-12 3.76722e-12 4.13313e-12 4.41245e-12 4.58855e-12 4.65459e-12 4.60965e-12 4.4645e-12 4.23512e-12 3.93806e-12 3.59486e-12 3.22523e-12 2.84674e-12 2.4748e-12 2.12083e-12 1.79381e-12 1.49862e-12 1.23778e-12 1.01056e-12 8.17025e-13 6.53004e-13 5.16572e-13 4.03339e-13 3.10408e-13 2.33651e-13 1.67781e-13 9.71018e-14 9.71018e-14 
1.89394e-15 6.76084e-15 1.16407e-14 1.5999e-14 2.18431e-14 2.95708e-14 4.09219e-14 5.68053e-14 7.86804e-14 1.07815e-13 1.4526e-13 1.93465e-13 2.54868e-13 3.34418e-13 4.35303e-13 5.6475e-13 7.30499e-13 9.408e-13 1.2046e-12 1.52816e-12 1.91128e-12 2.34826e-12 2.82327e-12 3.31237e-12 3.78603e-12 4.211e-12 4.55478e-12 4.7941e-12 4.91557e-12 4.91657e-12 4.80488e-12 4.59604e-12 4.31055e-12 3.9708e-12 3.59718e-12 3.20899e-12 2.82185e-12 2.4483e-12 2.0982e-12 1.7763e-12 1.48752e-12 1.23134e-12 1.00922e-12 8.18497e-13 6.55869e-13 5.19281e-13 4.05197e-13 3.10671e-13 2.31595e-13 1.55784e-13 6.59119e-14 
5.32417e-15 1.14123e-14 1.655e-14 2.21352e-14 3.017e-14 4.1165e-14 5.69286e-14 7.83432e-14 1.07533e-13 1.45647e-13 1.95157e-13 2.57575e-13 3.36748e-13 4.36717e-13 5.62111e-13 7.20164e-13 9.19512e-13 1.1687e-12 1.47552e-12 1.84577e-12 2.27681e-12 2.75838e-12 3.2712e-12 3.78456e-12 4.26344e-12 4.67184e-12 4.97745e-12 5.16047e-12 5.21251e-12 5.13819e-12 4.95411e-12 4.68149e-12 4.34642e-12 3.97114e-12 3.57566e-12 3.17752e-12 2.78915e-12 2.41975e-12 2.07606e-12 1.76229e-12 1.47972e-12 1.23015e-12 1.01056e-12 8.21999e-13 6.60094e-13 5.22645e-13 4.0698e-13 3.10156e-13 2.25191e-13 1.31518e-13 1.31518e-13 
2.86436e-15 1.03052e-14 1.73517e-14 2.27726e-14 3.10849e-14 4.15077e-14 5.68176e-14 7.81475e-14 1.07815e-13 1.46328e-13 1.96198e-13 2.59743e-13 3.39899e-13 4.40352e-13 5.65773e-13 7.20651e-13 9.13746e-13 1.15225e-12 1.44574e-12 1.8016e-12 2.22273e-12 2.70312e-12 3.22933e-12 3.7737e-12 4.3004e-12 4.77014e-12 5.14403e-12 5.39232e-12 5.49996e-12 5.46764e-12 5.3107e-12 5.05221e-12 4.72069e-12 4.3432e-12 3.94319e-12 3.53639e-12 3.13732e-12 2.75404e-12 2.39367e-12 2.05916e-12 1.75318e-12 1.47776e-12 1.23134e-12 1.01557e-12 8.2669e-13 6.63906e-13 5.25852e-13 4.07914e-13 3.06233e-13 2.0885e-13 8.88356e-14 
8.12422e-15 1.74987e-14 2.45537e-14 3.17807e-14 4.22256e-14 5.67559e-14 7.8273e-14 1.07187e-13 1.45647e-13 1.96303e-13 2.61558e-13 3.4354e-13 4.45815e-13 5.71887e-13 7.27888e-13 9.18926e-13 1.15291e-12 1.43787e-12 1.78286e-12 2.1932e-12 2.6687e-12 3.20131e-12 3.76704e-12 4.33447e-12 4.86047e-12 5.30049e-12 5.61689e-12 5.78489e-12 5.79945e-12 5.67094e-12 5.42632e-12 5.09661e-12 4.71434e-12 4.30693e-12 3.89326e-12 3.48674e-12 3.09373e-12 2.72091e-12 2.37195e-12 2.04694e-12 1.74958e-12 1.47972e-12 1.23778e-12 1.02252e-12 8.32737e-13 6.68431e-13 5.2719e-13 4.06344e-13 2.97311e-13 1.74638e-13 1.74638e-13 
3.86108e-15 1.58236e-14 2.59222e-14 3.37828e-14 4.43059e-14 5.78252e-14 7.83267e-14 1.06647e-13 1.4526e-13 1.96198e-13 2.61918e-13 3.45416e-13 4.50288e-13 5.79088e-13 7.36809e-13 9.30238e-13 1.1643e-12 1.44761e-12 1.78745e-12 2.19148e-12 2.66358e-12 3.19782e-12 3.78059e-12 4.38015e-12 4.95651e-12 5.46046e-12 5.8455e-12 6.07798e-12 6.14222e-12 6.04427e-12 5.8117e-12 5.47909e-12 5.08731e-12 4.66795e-12 4.24426e-12 3.8306e-12 3.43215e-12 3.05357e-12 2.69495e-12 2.35747e-12 2.04351e-12 1.75318e-12 1.48752e-12 1.24593e-12 1.03066e-12 8.39404e-13 6.71981e-13 5.27868e-13 4.00714e-13 2.75975e-13 1.18709e-13 
1.19865e-14 2.57313e-14 3.63633e-14 4.65188e-14 6.04327e-14 7.88206e-14 1.05875e-13 1.43862e-13 1.95157e-13 2.61558e-13 3.46903e-13 4.53133e-13 5.8448e-13 7.46725e-13 9.43017e-13 1.18168e-12 1.46745e-12 1.8097e-12 2.21488e-12 2.68833e-12 3.22827e-12 3.82494e-12 4.45389e-12 5.07604e-12 5.6413e-12 6.09587e-12 6.39504e-12 6.51214e-12 6.44635e-12 6.22208e-12 5.88104e-12 5.46961e-12 5.02927e-12 4.58945e-12 4.16563e-12 3.7625e-12 3.38188e-12 3.02019e-12 2.67714e-12 2.3524e-12 2.04694e-12 1.76229e-12 1.49862e-12 1.25698e-12 1.03934e-12 8.4505e-13 6.73869e-13 5.24428e-13 3.86677e-13 2.29331e-13 2.29331e-13 
6.83487e-15 2.43789e-14 3.85211e-14 5.03429e-14 6.34903e-14 8.10388e-14 1.0696e-13 1.43482e-13 1.93465e-13 2.59743e-13 3.45416e-13 4.54102e-13 5.88339e-13 7.53928e-13 9.557e-13 1.19925e-12 1.49281e-12 1.84262e-12 2.25551e-12 2.73794e-12 3.29107e-12 3.90698e-12 4.56747e-12 5.23571e-12 5.86324e-12 6.38937e-12 6.75853e-12 6.93195e-12 6.89811e-12 6.67905e-12 6.31902e-12 5.87434e-12 5.39898e-12 4.93012e-12 4.48908e-12 4.0804e-12 3.69915e-12 3.3409e-12 2.99869e-12 2.67126e-12 2.35747e-12 2.05916e-12 1.7763e-12 1.51248e-12 1.26849e-12 1.04605e-12 8.48073e-13 6.71593e-13 5.14488e-13 3.56916e-13 1.54516e-13 
1.79051e-14 3.89493e-14 5.40806e-14 6.85523e-14 8.54874e-14 1.09215e-13 1.43383e-13 1.91696e-13 2.57575e-13 3.4354e-13 4.53133e-13 5.89636e-13 7.58806e-13 9.64654e-13 1.21545e-12 1.51678e-12 1.87771e-12 2.30526e-12 2.80535e-12 3.38023e-12 4.02495e-12 4.72474e-12 5.44717e-12 6.14282e-12 6.74713e-12 7.19507e-12 7.43123e-12 7.43242e-12 7.21373e-12 6.82254e-12 6.3262e-12 5.79377e-12 5.27671e-12 4.80395e-12 4.38163e-12 3.99996e-12 3.64809e-12 3.31423e-12 2.99102e-12 2.67714e-12 2.37195e-12 2.07606e-12 1.79381e-12 1.52674e-12 1.27805e-12 1.05109e-12 8.46923e-13 6.64647e-13 4.94793e-13 2.9548e-13 2.9548e-13 
9.8636e-15 3.70853e-14 5.72561e-14 7.3947e-14 9.17132e-14 1.14824e-13 1.46036e-13 1.91515e-13 2.54868e-13 3.39899e-13 4.50288e-13 5.88339e-13 7.60429e-13 9.70472e-13 1.22684e-12 1.53707e-12 1.91035e-12 2.35498e-12 2.87891e-12 3.48467e-12 4.17007e-12 4.92178e-12 5.71146e-12 6.49017e-12 7.18912e-12 7.73074e-12 8.04403e-12 8.08935e-12 7.86866e-12 7.43291e-12 6.86069e-12 6.24099e-12 5.64588e-12 5.11706e-12 4.66596e-12 4.27865e-12 3.93465e-12 3.61438e-12 3.30458e-12 2.99869e-12 2.69495e-12 2.39367e-12 2.0982e-12 1.81175e-12 1.53912e-12 1.28508e-12 1.05107e-12 8.41057e-13 6.49837e-13 4.5431e-13 1.97231e-13 
2.69094e-14 5.9317e-14 7.99854e-14 1.00377e-13 1.22091e-13 1.51739e-13 1.94135e-13 2.54207e-13 3.36748e-13 4.45815e-13 5.8448e-13 7.58806e-13 9.72385e-13 1.23431e-12 1.55228e-12 1.93679e-12 2.39914e-12 2.94881e-12 3.59143e-12 4.32697e-12 5.14585e-12 6.02035e-12 6.90361e-12 7.72176e-12 8.38468e-12 8.80245e-12 8.91133e-12 8.69642e-12 8.20588e-12 7.53161e-12 6.78597e-12 6.06934e-12 5.44721e-12 4.93984e-12 4.5331e-12 4.19448e-12 3.89224e-12 3.6024e-12 3.31423e-12 3.02019e-12 2.72091e-12 2.41975e-12 2.12083e-12 1.82793e-12 1.54819e-12 1.28624e-12 1.04541e-12 8.27257e-13 6.21225e-13 3.73939e-13 3.73939e-13 
1.49074e-14 5.50457e-14 8.52333e-14 1.09471e-13 1.33224e-13 1.61249e-13 2.00205e-13 2.55555e-13 3.34418e-13 4.40352e-13 5.79088e-13 7.53928e-13 9.70472e-13 1.23645e-12 1.56113e-12 1.95615e-12 2.43439e-12 3.00872e-12 3.68932e-12 4.48135e-12 5.37779e-12 6.35663e-12 7.36989e-12 8.34061e-12 9.16533e-12 9.72953e-12 9.93948e-12 9.75454e-12 9.21047e-12 8.40866e-12 7.49224e-12 6.5986e-12 5.82754e-12 5.2211e-12 4.76811e-12 4.4237e-12 4.1393e-12 3.87735e-12 3.61438e-12 3.3409e-12 3.05357e-12 2.75404e-12 2.4483e-12 2.14105e-12 1.84014e-12 1.5516e-12 1.28095e-12 1.03178e-12 8.03397e-13 5.65951e-13 2.46825e-13 
4.00226e-14 8.71532e-14 1.18178e-13 1.4546e-13 1.74756e-13 2.1159e-13 2.62173e-13 3.34676e-13 4.36717e-13 5.71887e-13 7.46725e-13 9.64654e-13 1.23431e-12 1.56428e-12 1.96771e-12 2.45879e-12 3.05587e-12 3.77217e-12 4.62069e-12 5.6011e-12 6.69709e-12 7.86423e-12 9.02406e-12 1.00598e-11 1.08304e-11 1.12034e-11 1.10975e-11 1.05218e-11 9.58292e-12 8.4509e-12 7.31273e-12 6.31678e-12 5.54393e-12 4.99767e-12 4.62407e-12 4.35191e-12 4.12056e-12 3.89224e-12 3.64809e-12 3.38188e-12 3.09373e-12 2.78915e-12 2.4748e-12 2.15674e-12 1.84427e-12 1.54512e-12 1.26589e-12 1.0089e-12 7.62754e-13 4.60665e-13 4.60665e-13 
2.19613e-14 8.02489e-14 1.24714e-13 1.58693e-13 1.91021e-13 2.27268e-13 2.74174e-13 3.40464e-13 4.35303e-13 5.65773e-13 7.36809e-13 9.557e-13 1.22684e-12 1.56113e-12 1.97171e-12 2.47331e-12 3.08847e-12 3.8364e-12 4.73664e-12 5.79936e-12 7.01856e-12 8.35803e-12 9.74152e-12 1.10421e-11 1.20911e-11 1.27105e-11 1.27639e-11 1.22141e-11 1.11524e-11 9.7744e-12 8.32037e-12 7.00603e-12 5.97145e-12 5.25593e-12 4.80758e-12 4.52865e-12 4.32651e-12 4.1393e-12 3.93465e-12 3.69915e-12 3.43215e-12 3.13732e-12 2.82185e-12 2.49372e-12 2.16299e-12 1.83883e-12 1.52901e-12 1.24149e-12 9.72917e-13 6.89691e-13 3.01278e-13 
5.82151e-14 1.26332e-13 1.70145e-13 2.09023e-13 2.48342e-13 2.93131e-13 3.53895e-13 4.39529e-13 5.62111e-13 7.27888e-13 9.43017e-13 1.21545e-12 1.55228e-12 1.96771e-12 2.47792e-12 3.10681e-12 3.87986e-12 4.82424e-12 5.96224e-12 7.30156e-12 8.82029e-12 1.04515e-11 1.20662e-11 1.34725e-11 1.44432e-11 1.47701e-11 1.43448e-11 1.32166e-11 1.15894e-11 9.75976e-12 8.02542e-12 6.6071e-12 5.6092e-12 5.00548e-12 4.67941e-12 4.49461e-12 4.35191e-12 4.19448e-12 3.99996e-12 3.7625e-12 3.48674e-12 3.17752e-12 2.84674e-12 2.50287e-12 2.15744e-12 1.82043e-12 1.50086e-12 1.20378e-12 9.15374e-13 5.56527e-13 5.56527e-13 
3.19899e-14 1.15582e-13 1.78705e-13 2.26637e-13 2.71329e-13 3.18059e-13 3.74841e-13 4.52865e-13 5.6475e-13 7.20651e-13 9.30238e-13 1.19925e-12 1.53707e-12 1.95615e-12 2.47331e-12 3.11259e-12 3.90429e-12 4.88407e-12 6.08479e-12 7.53235e-12 9.22587e-12 1.11146e-11 1.30803e-11 1.4917e-11 1.63533e-11 1.70981e-11 1.69428e-11 1.58579e-11 1.4026e-11 1.17903e-11 9.54058e-12 7.60229e-12 6.17161e-12 5.28645e-12 4.83459e-12 4.63452e-12 4.52865e-12 4.4237e-12 4.27865e-12 4.0804e-12 3.8306e-12 3.53639e-12 3.20899e-12 2.85905e-12 2.49724e-12 2.13665e-12 1.78834e-12 1.45923e-12 1.15085e-12 8.2062e-13 3.58574e-13 
8.33668e-14 1.78734e-13 2.41623e-13 2.95445e-13 3.47735e-13 4.04856e-13 4.76555e-13 5.76332e-13 7.20164e-13 9.18926e-13 1.18168e-12 1.51678e-12 1.93679e-12 2.45879e-12 3.10681e-12 3.91255e-12 4.91817e-12 6.16836e-12 7.70656e-12 9.55615e-12 1.16956e-11 1.40278e-11 1.63528e-11 1.83633e-11 1.96896e-11 1.99968e-11 1.91283e-11 1.71992e-11 1.45747e-11 1.17415e-11 9.15003e-12 7.11506e-12 5.77146e-12 5.06115e-12 4.77375e-12 4.67941e-12 4.62407e-12 4.5331e-12 4.38163e-12 4.16563e-12 3.89326e-12 3.57566e-12 3.22523e-12 2.85379e-12 2.47425e-12 2.09977e-12 1.74092e-12 1.40293e-12 1.07345e-12 6.53662e-13 6.53662e-13 
4.59412e-14 1.61832e-13 2.49962e-13 3.17297e-13 3.78661e-13 4.40379e-13 5.09576e-13 6.01103e-13 7.30499e-13 9.13746e-13 1.1643e-12 1.49281e-12 1.91035e-12 2.43439e-12 3.08847e-12 3.90429e-12 4.92916e-12 6.21597e-12 7.82458e-12 9.80371e-12 1.21694e-11 1.48603e-11 1.77017e-11 2.03769e-11 2.24468e-11 2.34414e-11 2.30308e-11 2.11943e-11 1.82679e-11 1.48267e-11 1.14699e-11 8.65949e-12 6.65181e-12 5.48622e-12 4.98023e-12 4.83459e-12 4.80758e-12 4.76811e-12 4.66596e-12 4.48908e-12 4.24426e-12 3.94319e-12 3.59718e-12 3.22118e-12 2.82825e-12 2.43203e-12 2.04498e-12 1.67669e-12 1.32828e-12 9.52111e-13 4.15709e-13 
1.17279e-13 2.46927e-13 3.34419e-13 4.08735e-13 4.79186e-13 5.51468e-13 6.3713e-13 7.53767e-13 9.19512e-13 1.15291e-12 1.46745e-12 1.87771e-12 2.39914e-12 3.05587e-12 3.87986e-12 4.91817e-12 6.23148e-12 7.89143e-12 9.97183e-12 1.25257e-11 1.55424e-11 1.88931e-11 2.2283e-11 2.52366e-11 2.71565e-11 2.75047e-11 2.60448e-11 2.30003e-11 1.89943e-11 1.47935e-11 1.10507e-11 8.1726e-12 6.31484e-12 5.38277e-12 5.06115e-12 5.00548e-12 4.99767e-12 4.93984e-12 4.80395e-12 4.58945e-12 4.30693e-12 3.97114e-12 3.59486e-12 3.19318e-12 2.78044e-12 2.36944e-12 1.97227e-12 1.59712e-12 1.22795e-12 7.49164e-13 7.49164e-13 
6.47495e-14 2.22534e-13 3.41845e-13 4.34223e-13 5.1701e-13 5.98187e-13 6.84923e-13 7.92576e-13 9.408e-13 1.15225e-12 1.44761e-12 1.84262e-12 2.35498e-12 3.00872e-12 3.8364e-12 4.88407e-12 6.21597e-12 7.91298e-12 1.00671e-11 1.27669e-11 1.60555e-11 1.98713e-11 2.39778e-11 2.7905e-11 3.09675e-11 3.24088e-11 3.17042e-11 2.88495e-11 2.44262e-11 1.93617e-11 1.45469e-11 1.05989e-11 7.80971e-12 6.19094e-12 5.48622e-12 5.28645e-12 5.25593e-12 5.2211e-12 5.11706e-12 4.93012e-12 4.66795e-12 4.3432e-12 3.9708e-12 3.56487e-12 3.13902e-12 2.70817e-12 2.28532e-12 1.88183e-12 1.49681e-12 1.07683e-12 4.69698e-13 
1.60672e-13 3.34176e-13 4.5072e-13 5.51379e-13 6.45834e-13 7.39431e-13 8.4398e-13 9.7964e-13 1.1687e-12 1.43787e-12 1.8097e-12 2.30526e-12 2.94881e-12 3.77217e-12 4.82424e-12 6.16836e-12 7.89143e-12 1.00984e-11 1.29046e-11 1.64031e-11 2.06104e-11 2.53763e-11 3.02954e-11 3.46554e-11 3.75183e-11 3.80222e-11 3.58036e-11 3.12616e-11 2.5412e-11 1.94263e-11 1.42095e-11 1.02506e-11 7.675e-12 6.31484e-12 5.77146e-12 5.6092e-12 5.54393e-12 5.44721e-12 5.27671e-12 5.02927e-12 4.71434e-12 4.34642e-12 3.93806e-12 3.50396e-12 3.05719e-12 2.61261e-12 2.18212e-12 1.77332e-12 1.36847e-12 8.35381e-13 8.35381e-13 
8.9349e-14 2.98082e-13 4.54407e-13 5.77525e-13 6.88705e-13 7.96201e-13 9.05891e-13 1.03443e-12 1.2046e-12 1.44574e-12 1.78745e-12 2.25551e-12 2.87891e-12 3.68932e-12 4.73664e-12 6.08479e-12 7.82458e-12 1.00671e-11 1.29483e-11 1.66011e-11 2.11105e-11 2.64332e-11 3.22778e-11 3.79902e-11 4.25312e-11 4.47163e-11 4.37148e-11 3.95433e-11 3.31528e-11 2.59788e-11 1.93082e-11 1.39262e-11 1.01194e-11 7.80971e-12 6.65181e-12 6.17161e-12 5.97145e-12 5.82754e-12 5.64588e-12 5.39898e-12 5.08731e-12 4.72069e-12 4.31055e-12 3.87027e-12 3.41207e-12 2.94946e-12 2.49497e-12 2.05989e-12 1.64407e-12 1.18678e-12 5.15593e-13 
2.14228e-13 4.38556e-13 5.91234e-13 7.24151e-13 8.48893e-13 9.70908e-13 1.10148e-12 1.25989e-12 1.47552e-12 1.78286e-12 2.21488e-12 2.80535e-12 3.59143e-12 4.62069e-12 5.96224e-12 7.70656e-12 9.97183e-12 1.29046e-11 1.66642e-11 2.13936e-11 2.71471e-11 3.37768e-11 4.07683e-11 4.71095e-11 5.13822e-11 5.22457e-11 4.91376e-11 4.26936e-11 3.44804e-11 2.62249e-11 1.91539e-11 1.38164e-11 1.02506e-11 8.1726e-12 7.11506e-12 6.6071e-12 6.31678e-12 6.06934e-12 5.79377e-12 5.46961e-12 5.09661e-12 4.68149e-12 4.23512e-12 3.76632e-12 3.28989e-12 2.81673e-12 2.35749e-12 1.92003e-12 1.4868e-12 9.05767e-13 9.05767e-13 
1.20691e-13 3.88757e-13 5.88298e-13 7.47561e-13 8.94224e-13 1.03367e-12 1.17365e-12 1.33028e-12 1.52816e-12 1.8016e-12 2.19148e-12 2.73794e-12 3.48467e-12 4.48135e-12 5.79936e-12 7.53235e-12 9.80371e-12 1.27669e-11 1.66011e-11 2.1485e-11 2.75493e-11 3.47847e-11 4.28699e-11 5.0945e-11 5.75343e-11 6.08665e-11 5.96617e-11 5.39354e-11 4.51117e-11 3.52958e-11 2.62913e-11 1.90866e-11 1.39262e-11 1.05989e-11 8.65949e-12 7.60229e-12 7.00603e-12 6.5986e-12 6.24099e-12 5.87434e-12 5.47909e-12 5.05221e-12 4.59604e-12 4.11883e-12 3.62916e-12 3.14058e-12 2.66082e-12 2.20189e-12 1.76172e-12 1.27328e-12 5.50458e-13 
2.80619e-13 5.61914e-13 7.55273e-13 9.26112e-13 1.08753e-12 1.24567e-12 1.40902e-12 1.59817e-12 1.84577e-12 2.1932e-12 2.68833e-12 3.38023e-12 4.32697e-12 5.6011e-12 7.30156e-12 9.55615e-12 1.25257e-11 1.64031e-11 2.13936e-11 2.76786e-11 3.53496e-11 4.42758e-11 5.38434e-11 6.27178e-11 6.89163e-11 7.0461e-11 6.64667e-11 5.78209e-11 4.67646e-11 3.57114e-11 2.62977e-11 1.91539e-11 1.42095e-11 1.10507e-11 9.15003e-12 8.02542e-12 7.31273e-12 6.78597e-12 6.3262e-12 5.88104e-12 5.42632e-12 4.95411e-12 4.4645e-12 3.96441e-12 3.46258e-12 2.96652e-12 2.48643e-12 2.02957e-12 1.57414e-12 9.55819e-13 9.55819e-13 
1.59755e-13 4.93886e-13 7.42038e-13 9.41343e-13 1.12849e-12 1.30839e-12 1.48667e-12 1.67924e-12 1.91128e-12 2.22273e-12 2.66358e-12 3.29107e-12 4.17007e-12 5.37779e-12 7.01856e-12 9.22587e-12 1.21694e-11 1.60555e-11 2.11105e-11 2.75493e-11 3.55285e-11 4.50556e-11 5.57689e-11 6.6632e-11 7.57445e-11 8.06679e-11 7.95126e-11 7.21865e-11 6.06255e-11 4.7703e-11 3.5835e-11 2.62913e-11 1.93082e-11 1.45469e-11 1.14699e-11 9.54058e-12 8.32037e-12 7.49224e-12 6.86069e-12 6.31902e-12 5.8117e-12 5.3107e-12 4.80488e-12 4.29198e-12 3.778e-12 3.26872e-12 2.77284e-12 2.29614e-12 1.8398e-12 1.32968e-12 5.69413e-13 
3.56706e-13 7.00276e-13 9.37134e-13 1.15102e-12 1.35619e-12 1.55657e-12 1.76115e-12 1.99007e-12 2.27681e-12 2.6687e-12 3.22827e-12 4.02495e-12 5.14585e-12 6.69709e-12 8.82029e-12 1.16956e-11 1.55424e-11 2.06104e-11 2.71471e-11 3.53496e-11 4.53009e-11 5.68255e-11 6.92158e-11 8.09065e-11 8.9398e-11 9.19987e-11 8.73399e-11 7.64646e-11 6.2297e-11 4.80048e-11 3.57114e-11 2.62249e-11 1.94263e-11 1.47935e-11 1.17415e-11 9.75976e-12 8.4509e-12 7.53161e-12 6.82254e-12 6.22208e-12 5.67094e-12 5.13819e-12 4.60965e-12 4.08369e-12 3.56327e-12 3.05411e-12 2.56249e-12 2.0932e-12 1.62355e-12 9.79206e-13 9.79206e-13 
2.05588e-13 6.11043e-13 9.10385e-13 1.15378e-12 1.38574e-12 1.61154e-12 1.83633e-12 2.07281e-12 2.34826e-12 2.70312e-12 3.19782e-12 3.90698e-12 4.92178e-12 6.35663e-12 8.35803e-12 1.11146e-11 1.48603e-11 1.98713e-11 2.64332e-11 3.47847e-11 4.50556e-11 5.71551e-11 7.06162e-11 8.42941e-11 9.60153e-11 1.02773e-10 1.02008e-10 9.33451e-11 7.90891e-11 6.28492e-11 4.7703e-11 3.52958e-11 2.59788e-11 1.93617e-11 1.48267e-11 1.17903e-11 9.7744e-12 8.40866e-12 7.43291e-12 6.67905e-12 6.04427e-12 5.46764e-12 4.91657e-12 4.37695e-12 3.84575e-12 3.32656e-12 2.82306e-12 2.33991e-12 1.87526e-12 1.35216e-12 5.72544e-13 
4.43451e-13 8.50982e-13 1.13326e-12 1.39249e-12 1.64585e-12 1.895e-12 2.14846e-12 2.4255e-12 2.75838e-12 3.20131e-12 3.82494e-12 4.72474e-12 6.02035e-12 7.86423e-12 1.04515e-11 1.40278e-11 1.88931e-11 2.53763e-11 3.37768e-11 4.42758e-11 5.68255e-11 7.10501e-11 8.61121e-11 1.00346e-10 1.10975e-10 1.14772e-10 1.09831e-10 9.7102e-11 7.99714e-11 6.2297e-11 4.67646e-11 3.44804e-11 2.5412e-11 1.89943e-11 1.45747e-11 1.15894e-11 9.58292e-12 8.20588e-12 7.21373e-12 6.44635e-12 5.79945e-12 5.21251e-12 4.65459e-12 4.11299e-12 3.58617e-12 3.07369e-12 2.57954e-12 2.10676e-12 1.63332e-12 9.76327e-13 9.76327e-13 
2.58259e-13 7.3816e-13 1.08669e-12 1.37536e-12 1.65545e-12 1.93169e-12 2.20803e-12 2.49733e-12 2.82327e-12 3.22933e-12 3.78059e-12 4.56747e-12 5.71146e-12 7.36989e-12 9.74152e-12 1.30803e-11 1.77017e-11 2.39778e-11 3.22778e-11 4.28699e-11 5.57689e-11 7.06162e-11 8.66689e-11 1.02651e-10 1.16343e-10 1.24539e-10 1.24278e-10 1.14795e-10 9.83778e-11 7.90891e-11 6.06255e-11 4.51117e-11 3.31528e-11 2.44262e-11 1.82679e-11 1.4026e-11 1.11524e-11 9.21047e-12 7.86866e-12 6.89811e-12 6.14222e-12 5.49996e-12 4.91557e-12 4.36201e-12 3.82751e-12 3.30981e-12 2.8092e-12 2.32825e-12 1.8644e-12 1.3386e-12 5.57978e-13 
5.37136e-13 1.0062e-12 1.33404e-12 1.63986e-12 1.94287e-12 2.24453e-12 2.55298e-12 2.88403e-12 3.2712e-12 3.76704e-12 4.45389e-12 5.44717e-12 6.90361e-12 9.02406e-12 1.20662e-11 1.63528e-11 2.2283e-11 3.02954e-11 4.07683e-11 5.38434e-11 6.92158e-11 8.61121e-11 1.03353e-10 1.19189e-10 1.30943e-10 1.35383e-10 1.30368e-10 1.16493e-10 9.7102e-11 7.64646e-11 5.78209e-11 4.26936e-11 3.12616e-11 2.30003e-11 1.71992e-11 1.32166e-11 1.05218e-11 8.69642e-12 7.43242e-12 6.51214e-12 5.78489e-12 5.16047e-12 4.58855e-12 4.04794e-12 3.52717e-12 3.02368e-12 2.5374e-12 2.072e-12 1.60212e-12 9.45609e-13 9.45609e-13 
3.14914e-13 8.67872e-13 1.26422e-12 1.59746e-12 1.92593e-12 2.2531e-12 2.58475e-12 2.92976e-12 3.31237e-12 3.7737e-12 4.38015e-12 5.23571e-12 6.49017e-12 8.34061e-12 1.10421e-11 1.4917e-11 2.03769e-11 2.7905e-11 3.79902e-11 5.0945e-11 6.6632e-11 8.42941e-11 1.02651e-10 1.20052e-10 1.34335e-10 1.42681e-10 1.42376e-10 1.32462e-10 1.14795e-10 9.33451e-11 7.21865e-11 5.39354e-11 3.95433e-11 2.88495e-11 2.11943e-11 1.58579e-11 1.22141e-11 9.75454e-12 8.08935e-12 6.93195e-12 6.07798e-12 5.39232e-12 4.7941e-12 4.24345e-12 3.72091e-12 3.21816e-12 2.73191e-12 2.26424e-12 1.81057e-12 1.29205e-12 5.2779e-13 
6.34245e-13 1.16079e-12 1.52917e-12 1.87993e-12 2.23275e-12 2.58735e-12 2.95202e-12 3.341e-12 3.78456e-12 4.33447e-12 5.07604e-12 6.14282e-12 7.72176e-12 1.00598e-11 1.34725e-11 1.83633e-11 2.52366e-11 3.46554e-11 4.71095e-11 6.27178e-11 8.09065e-11 1.00346e-10 1.19189e-10 1.35363e-10 1.46552e-10 1.50285e-10 1.4479e-10 1.30368e-10 1.09831e-10 8.73399e-11 6.64667e-11 4.91376e-11 3.58036e-11 2.60448e-11 1.91283e-11 1.43448e-11 1.10975e-11 8.91133e-12 7.43123e-12 6.39504e-12 5.61689e-12 4.97745e-12 4.41245e-12 3.88828e-12 3.38812e-12 2.90628e-12 2.44015e-12 1.9902e-12 1.53332e-12 8.92024e-13 8.92024e-13 
3.74659e-13 9.96175e-13 1.43443e-12 1.80817e-12 2.18142e-12 2.55955e-12 2.9451e-12 3.34704e-12 3.78603e-12 4.3004e-12 4.95651e-12 5.86324e-12 7.18912e-12 9.16533e-12 1.20911e-11 1.63533e-11 2.24468e-11 3.09675e-11 4.25312e-11 5.75343e-11 7.57445e-11 9.60153e-11 1.16343e-10 1.34335e-10 1.47723e-10 1.54486e-10 1.52918e-10 1.42376e-10 1.24278e-10 1.02008e-10 7.95126e-11 5.96617e-11 4.37148e-11 3.17042e-11 2.30308e-11 1.69428e-11 1.27639e-11 9.93948e-12 8.04403e-12 6.75853e-12 5.8455e-12 5.14403e-12 4.55478e-12 4.02558e-12 3.53048e-12 3.0555e-12 2.59623e-12 2.15127e-12 1.71612e-12 1.21514e-12 4.85015e-13 
7.30417e-13 1.30473e-12 1.7106e-12 2.10125e-12 2.49923e-12 2.90487e-12 3.3234e-12 3.76722e-12 4.26344e-12 4.86047e-12 5.6413e-12 6.74713e-12 8.38468e-12 1.08304e-11 1.44432e-11 1.96896e-11 2.71565e-11 3.75183e-11 5.13822e-11 6.89163e-11 8.9398e-11 1.10975e-10 1.30943e-10 1.46552e-10 1.55759e-10 1.57238e-10 1.50285e-10 1.35383e-10 1.14772e-10 9.19987e-11 7.0461e-11 5.22457e-11 3.80222e-11 2.75047e-11 1.99968e-11 1.47701e-11 1.12034e-11 8.80245e-12 7.19507e-12 6.09587e-12 5.30049e-12 4.67184e-12 4.13313e-12 3.6421e-12 3.17701e-12 2.72775e-12 2.29153e-12 1.86688e-12 1.43228e-12 8.17497e-13 8.17497e-13 
4.32658e-13 1.11374e-12 1.58794e-12 1.99631e-12 2.40924e-12 2.8318e-12 3.2666e-12 3.72051e-12 4.211e-12 4.77014e-12 5.46046e-12 6.38937e-12 7.73074e-12 9.72953e-12 1.27105e-11 1.70981e-11 2.34414e-11 3.24088e-11 4.47163e-11 6.08665e-11 8.06679e-11 1.02773e-10 1.24539e-10 1.42681e-10 1.54486e-10 1.58547e-10 1.54486e-10 1.42681e-10 1.24539e-10 1.02773e-10 8.06679e-11 6.08665e-11 4.47163e-11 3.24088e-11 2.34414e-11 1.70981e-11 1.27105e-11 9.72953e-12 7.73074e-12 6.38937e-12 5.46046e-12 4.77014e-12 4.211e-12 3.72051e-12 3.2666e-12 2.8318e-12 2.40924e-12 1.99631e-12 1.58794e-12 1.11374e-12 4.32658e-13 
8.17497e-13 1.43228e-12 1.86688e-12 2.29153e-12 2.72775e-12 3.17701e-12 3.6421e-12 4.13313e-12 4.67184e-12 5.30049e-12 6.09587e-12 7.19507e-12 8.80245e-12 1.12034e-11 1.47701e-11 1.99968e-11 2.75047e-11 3.80222e-11 5.22457e-11 7.0461e-11 9.19987e-11 1.14772e-10 1.35383e-10 1.50285e-10 1.57238e-10 1.55759e-10 1.46552e-10 1.30943e-10 1.10975e-10 8.9398e-11 6.89163e-11 5.13822e-11 3.75183e-11 2.71565e-11 1.96896e-11 1.44432e-11 1.08304e-11 8.38468e-12 6.74713e-12 5.6413e-12 4.86047e-12 4.26344e-12 3.76722e-12 3.3234e-12 2.90487e-12 2.49923e-12 2.10125e-12 1.7106e-12 1.30473e-12 7.30417e-13 7.30417e-13 
4.85015e-13 1.21514e-12 1.71612e-12 2.15127e-12 2.59623e-12 3.0555e-12 3.53048e-12 4.02558e-12 4.55478e-12 5.14403e-12 5.8455e-12 6.75853e-12 8.04403e-12 9.93948e-12 1.27639e-11 1.69428e-11 2.30308e-11 3.17042e-11 4.37148e-11 5.96617e-11 7.95126e-11 1.02008e-10 1.24278e-10 1.42376e-10 1.52918e-10 1.54486e-10 1.47723e-10 1.34335e-10 1.16343e-10 9.60153e-11 7.57445e-11 5.75343e-11 4.25312e-11 3.09675e-11 2.24468e-11 1.63533e-11 1.20911e-11 9.16533e-12 7.18912e-12 5.86324e-12 4.95651e-12 4.3004e-12 3.78603e-12 3.34704e-12 2.9451e-12 2.55955e-12 2.18142e-12 1.80817e-12 1.43443e-12 9.96175e-13 3.74659e-13 
8.92024e-13 1.53332e-12 1.9902e-12 2.44015e-12 2.90628e-12 3.38812e-12 3.88828e-12 4.41245e-12 4.97745e-12 5.61689e-12 6.39504e-12 7.43123e-12 8.91133e-12 1.10975e-11 1.43448e-11 1.91283e-11 2.60448e-11 3.58036e-11 4.91376e-11 6.64667e-11 8.73399e-11 1.09831e-10 1.30368e-10 1.4479e-10 1.50285e-10 1.46552e-10 1.35363e-10 1.19189e-10 1.00346e-10 8.09065e-11 6.27178e-11 4.71095e-11 3.46554e-11 2.52366e-11 1.83633e-11 1.34725e-11 1.00598e-11 7.72176e-12 6.14282e-12 5.07604e-12 4.33447e-12 3.78456e-12 3.341e-12 2.95202e-12 2.58735e-12 2.23275e-12 1.87993e-12 1.52917e-12 1.16079e-12 6.34245e-13 6.34245e-13 
5.2779e-13 1.29205e-12 1.81057e-12 2.26424e-12 2.73191e-12 3.21816e-12 3.72091e-12 4.24345e-12 4.7941e-12 5.39232e-12 6.07798e-12 6.93195e-12 8.08935e-12 9.75454e-12 1.22141e-11 1.58579e-11 2.11943e-11 2.88495e-11 3.95433e-11 5.39354e-11 7.21865e-11 9.33451e-11 1.14795e-10 1.32462e-10 1.42376e-10 1.42681e-10 1.34335e-10 1.20052e-10 1.02651e-10 8.42941e-11 6.6632e-11 5.0945e-11 3.79902e-11 2.7905e-11 2.03769e-11 1.4917e-11 1.10421e-11 8.34061e-12 6.49017e-12 5.23571e-12 4.38015e-12 3.7737e-12 3.31237e-12 2.92976e-12 2.58475e-12 2.2531e-12 1.92593e-12 1.59746e-12 1.26422e-12 8.67872e-13 3.14914e-13 
9.45609e-13 1.60212e-12 2.072e-12 2.5374e-12 3.02368e-12 3.52717e-12 4.04794e-12 4.58855e-12 5.16047e-12 5.78489e-12 6.51214e-12 7.43242e-12 8.69642e-12 1.05218e-11 1.32166e-11 1.71992e-11 2.30003e-11 3.12616e-11 4.26936e-11 5.78209e-11 7.64646e-11 9.7102e-11 1.16493e-10 1.30368e-10 1.35383e-10 1.30943e-10 1.19189e-10 1.03353e-10 8.61121e-11 6.92158e-11 5.38434e-11 4.07683e-11 3.02954e-11 2.2283e-11 1.63528e-11 1.20662e-11 9.02406e-12 6.90361e-12 5.44717e-12 4.45389e-12 3.76704e-12 3.2712e-12 2.88403e-12 2.55298e-12 2.24453e-12 1.94287e-12 1.63986e-12 1.33404e-12 1.0062e-12 5.37136e-13 5.37136e-13 
5.57978e-13 1.3386e-12 1.8644e-12 2.32825e-12 2.8092e-12 3.30981e-12 3.82751e-12 4.36201e-12 4.91557e-12 5.49996e-12 6.14222e-12 6.89811e-12 7.86866e-12 9.21047e-12 1.11524e-11 1.4026e-11 1.82679e-11 2.44262e-11 3.31528e-11 4.51117e-11 6.06255e-11 7.90891e-11 9.83778e-11 1.14795e-10 1.24278e-10 1.24539e-10 1.16343e-10 1.02651e-10 8.66689e-11 7.06162e-11 5.57689e-11 4.28699e-11 3.22778e-11 2.39778e-11 1.77017e-11 1.30803e-11 9.74152e-12 7.36989e-12 5.71146e-12 4.56747e-12 3.78059e-12 3.22933e-12 2.82327e-12 2.49733e-12 2.20803e-12 1.93169e-12 1.65545e-12 1.37536e-12 1.08669e-12 7.3816e-13 2.58259e-13 
9.76327e-13 1.63332e-12 2.10676e-12 2.57954e-12 3.07369e-12 3.58617e-12 4.11299e-12 4.65459e-12 5.21251e-12 5.79945e-12 6.44635e-12 7.21373e-12 8.20588e-12 9.58292e-12 1.15894e-11 1.45747e-11 1.89943e-11 2.5412e-11 3.44804e-11 4.67646e-11 6.2297e-11 7.99714e-11 9.7102e-11 1.09831e-10 1.14772e-10 1.10975e-10 1.00346e-10 8.61121e-11 7.10501e-11 5.68255e-11 4.42758e-11 3.37768e-11 2.53763e-11 1.88931e-11 1.40278e-11 1.04515e-11 7.86423e-12 6.02035e-12 4.72474e-12 3.82494e-12 3.20131e-12 2.75838e-12 2.4255e-12 2.14846e-12 1.895e-12 1.64585e-12 1.39249e-12 1.13326e-12 8.50982e-13 4.43451e-13 4.43451e-13 
5.72544e-13 1.35216e-12 1.87526e-12 2.33991e-12 2.82306e-12 3.32656e-12 3.84575e-12 4.37695e-12 4.91657e-12 5.46764e-12 6.04427e-12 6.67905e-12 7.43291e-12 8.40866e-12 9.7744e-12 1.17903e-11 1.48267e-11 1.93617e-11 2.59788e-11 3.52958e-11 4.7703e-11 6.28492e-11 7.90891e-11 9.33451e-11 1.02008e-10 1.02773e-10 9.60153e-11 8.42941e-11 7.06162e-11 5.71551e-11 4.50556e-11 3.47847e-11 2.64332e-11 1.98713e-11 1.48603e-11 1.11146e-11 8.35803e-12 6.35663e-12 4.92178e-12 3.90698e-12 3.19782e-12 2.70312e-12 2.34826e-12 2.07281e-12 1.83633e-12 1.61154e-12 1.38574e-12 1.15378e-12 9.10385e-13 6.11043e-13 2.05588e-13 
9.79206e-13 1.62355e-12 2.0932e-12 2.56249e-12 3.05411e-12 3.56327e-12 4.08369e-12 4.60965e-12 5.13819e-12 5.67094e-12 6.22208e-12 6.82254e-12 7.53161e-12 8.4509e-12 9.75976e-12 1.17415e-11 1.47935e-11 1.94263e-11 2.62249e-11 3.57114e-11 4.80048e-11 6.2297e-11 7.64646e-11 8.73399e-11 9.19987e-11 8.9398e-11 8.09065e-11 6.92158e-11 5.68255e-11 4.53009e-11 3.53496e-11 2.71471e-11 2.06104e-11 1.55424e-11 1.16956e-11 8.82029e-12 6.69709e-12 5.14585e-12 4.02495e-12 3.22827e-12 2.6687e-12 2.27681e-12 1.99007e-12 1.76115e-12 1.55657e-12 1.35619e-12 1.15102e-12 9.37134e-13 7.00276e-13 3.56706e-13 3.56706e-13 
5.69413e-13 1.32968e-12 1.8398e-12 2.29614e-12 2.77284e-12 3.26872e-12 3.778e-12 4.29198e-12 4.80488e-12 5.3107e-12 5.8117e-12 6.31902e-12 6.86069e-12 7.49224e-12 8.32037e-12 9.54058e-12 1.14699e-11 1.45469e-11 1.93082e-11 2.62913e-11 3.5835e-11 4.7703e-11 6.06255e-11 7.21865e-11 7.95126e-11 8.06679e-11 7.57445e-11 6.6632e-11 5.57689e-11 4.50556e-11 3.55285e-11 2.75493e-11 2.11105e-11 1.60555e-11 1.21694e-11 9.22587e-12 7.01856e-12 5.37779e-12 4.17007e-12 3.29107e-12 2.66358e-12 2.22273e-12 1.91128e-12 1.67924e-12 1.48667e-12 1.30839e-12 1.12849e-12 9.41343e-13 7.42038e-13 4.93886e-13 1.59755e-13 
9.55819e-13 1.57414e-12 2.02957e-12 2.48643e-12 2.96652e-12 3.46258e-12 3.96441e-12 4.4645e-12 4.95411e-12 5.42632e-12 5.88104e-12 6.3262e-12 6.78597e-12 7.31273e-12 8.02542e-12 9.15003e-12 1.10507e-11 1.42095e-11 1.91539e-11 2.62977e-11 3.57114e-11 4.67646e-11 5.78209e-11 6.64667e-11 7.0461e-11 6.89163e-11 6.27178e-11 5.38434e-11 4.42758e-11 3.53496e-11 2.76786e-11 2.13936e-11 1.64031e-11 1.25257e-11 9.55615e-12 7.30156e-12 5.6011e-12 4.32697e-12 3.38023e-12 2.68833e-12 2.1932e-12 1.84577e-12 1.59817e-12 1.40902e-12 1.24567e-12 1.08753e-12 9.26112e-13 7.55273e-13 5.61914e-13 2.80619e-13 2.80619e-13 
5.50458e-13 1.27328e-12 1.76172e-12 2.20189e-12 2.66082e-12 3.14058e-12 3.62916e-12 4.11883e-12 4.59604e-12 5.05221e-12 5.47909e-12 5.87434e-12 6.24099e-12 6.5986e-12 7.00603e-12 7.60229e-12 8.65949e-12 1.05989e-11 1.39262e-11 1.90866e-11 2.62913e-11 3.52958e-11 4.51117e-11 5.39354e-11 5.96617e-11 6.08665e-11 5.75343e-11 5.0945e-11 4.28699e-11 3.47847e-11 2.75493e-11 2.1485e-11 1.66011e-11 1.27669e-11 9.80371e-12 7.53235e-12 5.79936e-12 4.48135e-12 3.48467e-12 2.73794e-12 2.19148e-12 1.8016e-12 1.52816e-12 1.33028e-12 1.17365e-12 1.03367e-12 8.94224e-13 7.47561e-13 5.88298e-13 3.88757e-13 1.20691e-13 
9.05767e-13 1.4868e-12 1.92003e-12 2.35749e-12 2.81673e-12 3.28989e-12 3.76632e-12 4.23512e-12 4.68149e-12 5.09661e-12 5.46961e-12 5.79377e-12 6.06934e-12 6.31678e-12 6.6071e-12 7.11506e-12 8.1726e-12 1.02506e-11 1.38164e-11 1.91539e-11 2.62249e-11 3.44804e-11 4.26936e-11 4.91376e-11 5.22457e-11 5.13822e-11 4.71095e-11 4.07683e-11 3.37768e-11 2.71471e-11 2.13936e-11 1.66642e-11 1.29046e-11 9.97183e-12 7.70656e-12 5.96224e-12 4.62069e-12 3.59143e-12 2.80535e-12 2.21488e-12 1.78286e-12 1.47552e-12 1.25989e-12 1.10148e-12 9.70908e-13 8.48893e-13 7.24151e-13 5.91234e-13 4.38556e-13 2.14228e-13 2.14228e-13 
5.15593e-13 1.18678e-12 1.64407e-12 2.05989e-12 2.49497e-12 2.94946e-12 3.41207e-12 3.87027e-12 4.31055e-12 4.72069e-12 5.08731e-12 5.39898e-12 5.64588e-12 5.82754e-12 5.97145e-12 6.17161e-12 6.65181e-12 7.80971e-12 1.01194e-11 1.39262e-11 1.93082e-11 2.59788e-11 3.31528e-11 3.95433e-11 4.37148e-11 4.47163e-11 4.25312e-11 3.79902e-11 3.22778e-11 2.64332e-11 2.11105e-11 1.66011e-11 1.29483e-11 1.00671e-11 7.82458e-12 6.08479e-12 4.73664e-12 3.68932e-12 2.87891e-12 2.25551e-12 1.78745e-12 1.44574e-12 1.2046e-12 1.03443e-12 9.05891e-13 7.96201e-13 6.88705e-13 5.77525e-13 4.54407e-13 2.98082e-13 8.9349e-14 
8.35381e-13 1.36847e-12 1.77332e-12 2.18212e-12 2.61261e-12 3.05719e-12 3.50396e-12 3.93806e-12 4.34642e-12 4.71434e-12 5.02927e-12 5.27671e-12 5.44721e-12 5.54393e-12 5.6092e-12 5.77146e-12 6.31484e-12 7.675e-12 1.02506e-11 1.42095e-11 1.94263e-11 2.5412e-11 3.12616e-11 3.58036e-11 3.80222e-11 3.75183e-11 3.46554e-11 3.02954e-11 2.53763e-11 2.06104e-11 1.64031e-11 1.29046e-11 1.00984e-11 7.89143e-12 6.16836e-12 4.82424e-12 3.77217e-12 2.94881e-12 2.30526e-12 1.8097e-12 1.43787e-12 1.1687e-12 9.7964e-13 8.4398e-13 7.39431e-13 6.45834e-13 5.51379e-13 4.5072e-13 3.34176e-13 1.60672e-13 1.60672e-13 
4.69698e-13 1.07683e-12 1.49681e-12 1.88183e-12 2.28532e-12 2.70817e-12 3.13902e-12 3.56487e-12 3.9708e-12 4.3432e-12 4.66795e-12 4.93012e-12 5.11706e-12 5.2211e-12 5.25593e-12 5.28645e-12 5.48622e-12 6.19094e-12 7.80971e-12 1.05989e-11 1.45469e-11 1.93617e-11 2.44262e-11 2.88495e-11 3.17042e-11 3.24088e-11 3.09675e-11 2.7905e-11 2.39778e-11 1.98713e-11 1.60555e-11 1.27669e-11 1.00671e-11 7.91298e-12 6.21597e-12 4.88407e-12 3.8364e-12 3.00872e-12 2.35498e-12 1.84262e-12 1.44761e-12 1.15225e-12 9.408e-13 7.92576e-13 6.84923e-13 5.98187e-13 5.1701e-13 4.34223e-13 3.41845e-13 2.22534e-13 6.47495e-14 
7.49164e-13 1.22795e-12 1.59712e-12 1.97227e-12 2.36944e-12 2.78044e-12 3.19318e-12 3.59486e-12 3.97114e-12 4.30693e-12 4.58945e-12 4.80395e-12 4.93984e-12 4.99767e-12 5.00548e-12 5.06115e-12 5.38277e-12 6.31484e-12 8.1726e-12 1.10507e-11 1.47935e-11 1.89943e-11 2.30003e-11 2.60448e-11 2.75047e-11 2.71565e-11 2.52366e-11 2.2283e-11 1.88931e-11 1.55424e-11 1.25257e-11 9.97183e-12 7.89143e-12 6.23148e-12 4.91817e-12 3.87986e-12 3.05587e-12 2.39914e-12 1.87771e-12 1.46745e-12 1.15291e-12 9.19512e-13 7.53767e-13 6.3713e-13 5.51468e-13 4.79186e-13 4.08735e-13 3.34419e-13 2.46927e-13 1.17279e-13 1.17279e-13 
4.15709e-13 9.52111e-13 1.32828e-12 1.67669e-12 2.04498e-12 2.43203e-12 2.82825e-12 3.22118e-12 3.59718e-12 3.94319e-12 4.24426e-12 4.48908e-12 4.66596e-12 4.76811e-12 4.80758e-12 4.83459e-12 4.98023e-12 5.48622e-12 6.65181e-12 8.65949e-12 1.14699e-11 1.48267e-11 1.82679e-11 2.11943e-11 2.30308e-11 2.34414e-11 2.24468e-11 2.03769e-11 1.77017e-11 1.48603e-11 1.21694e-11 9.80371e-12 7.82458e-12 6.21597e-12 4.92916e-12 3.90429e-12 3.08847e-12 2.43439e-12 1.91035e-12 1.49281e-12 1.1643e-12 9.13746e-13 7.30499e-13 6.01103e-13 5.09576e-13 4.40379e-13 3.78661e-13 3.17297e-13 2.49962e-13 1.61832e-13 4.59412e-14 
6.53662e-13 1.07345e-12 1.40293e-12 1.74092e-12 2.09977e-12 2.47425e-12 2.85379e-12 3.22523e-12 3.57566e-12 3.89326e-12 4.16563e-12 4.38163e-12 4.5331e-12 4.62407e-12 4.67941e-12 4.77375e-12 5.06115e-12 5.77146e-12 7.11506e-12 9.15003e-12 1.17415e-11 1.45747e-11 1.71992e-11 1.91283e-11 1.99968e-11 1.96896e-11 1.83633e-11 1.63528e-11 1.40278e-11 1.16956e-11 9.55615e-12 7.70656e-12 6.16836e-12 4.91817e-12 3.91255e-12 3.10681e-12 2.45879e-12 1.93679e-12 1.51678e-12 1.18168e-12 9.18926e-13 7.20164e-13 5.76332e-13 4.76555e-13 4.04856e-13 3.47735e-13 2.95445e-13 2.41623e-13 1.78734e-13 8.33668e-14 8.33668e-14 
3.58574e-13 8.2062e-13 1.15085e-12 1.45923e-12 1.78834e-12 2.13665e-12 2.49724e-12 2.85905e-12 3.20899e-12 3.53639e-12 3.8306e-12 4.0804e-12 4.27865e-12 4.4237e-12 4.52865e-12 4.63452e-12 4.83459e-12 5.28645e-12 6.17161e-12 7.60229e-12 9.54058e-12 1.17903e-11 1.4026e-11 1.58579e-11 1.69428e-11 1.70981e-11 1.63533e-11 1.4917e-11 1.30803e-11 1.11146e-11 9.22587e-12 7.53235e-12 6.08479e-12 4.88407e-12 3.90429e-12 3.11259e-12 2.47331e-12 1.95615e-12 1.53707e-12 1.19925e-12 9.30238e-13 7.20651e-13 5.6475e-13 4.52865e-13 3.74841e-13 3.18059e-13 2.71329e-13 2.26637e-13 1.78705e-13 1.15582e-13 3.19899e-14 
5.56527e-13 9.15374e-13 1.20378e-12 1.50086e-12 1.82043e-12 2.15744e-12 2.50287e-12 2.84674e-12 3.17752e-12 3.48674e-12 3.7625e-12 3.99996e-12 4.19448e-12 4.35191e-12 4.49461e-12 4.67941e-12 5.00548e-12 5.6092e-12 6.6071e-12 8.02542e-12 9.75976e-12 1.15894e-11 1.32166e-11 1.43448e-11 1.47701e-11 1.44432e-11 1.34725e-11 1.20662e-11 1.04515e-11 8.82029e-12 7.30156e-12 5.96224e-12 4.82424e-12 3.87986e-12 3.10681e-12 2.47792e-12 1.96771e-12 1.55228e-12 1.21545e-12 9.43017e-13 7.27888e-13 5.62111e-13 4.39529e-13 3.53895e-13 2.93131e-13 2.48342e-13 2.09023e-13 1.70145e-13 1.26332e-13 5.82151e-14 5.82151e-14 
3.01278e-13 6.89691e-13 9.72917e-13 1.24149e-12 1.52901e-12 1.83883e-12 2.16299e-12 2.49372e-12 2.82185e-12 3.13732e-12 3.43215e-12 3.69915e-12 3.93465e-12 4.1393e-12 4.32651e-12 4.52865e-12 4.80758e-12 5.25593e-12 5.97145e-12 7.00603e-12 8.32037e-12 9.7744e-12 1.11524e-11 1.22141e-11 1.27639e-11 1.27105e-11 1.20911e-11 1.10421e-11 9.74152e-12 8.35803e-12 7.01856e-12 5.79936e-12 4.73664e-12 3.8364e-12 3.08847e-12 2.47331e-12 1.97171e-12 1.56113e-12 1.22684e-12 9.557e-13 7.36809e-13 5.65773e-13 4.35303e-13 3.40464e-13 2.74174e-13 2.27268e-13 1.91021e-13 1.58693e-13 1.24714e-13 8.02489e-14 2.19613e-14 
4.60665e-13 7.62754e-13 1.0089e-12 1.26589e-12 1.54512e-12 1.84427e-12 2.15674e-12 2.4748e-12 2.78915e-12 3.09373e-12 3.38188e-12 3.64809e-12 3.89224e-12 4.12056e-12 4.35191e-12 4.62407e-12 4.99767e-12 5.54393e-12 6.31678e-12 7.31273e-12 8.4509e-12 9.58292e-12 1.05218e-11 1.10975e-11 1.12034e-11 1.08304e-11 1.00598e-11 9.02406e-12 7.86423e-12 6.69709e-12 5.6011e-12 4.62069e-12 3.77217e-12 3.05587e-12 2.45879e-12 1.96771e-12 1.56428e-12 1.23431e-12 9.64654e-13 7.46725e-13 5.71887e-13 4.36717e-13 3.34676e-13 2.62173e-13 2.1159e-13 1.74756e-13 1.4546e-13 1.18178e-13 8.71532e-14 4.00226e-14 4.00226e-14 
2.46825e-13 5.65951e-13 8.03397e-13 1.03178e-12 1.28095e-12 1.5516e-12 1.84014e-12 2.14105e-12 2.4483e-12 2.75404e-12 3.05357e-12 3.3409e-12 3.61438e-12 3.87735e-12 4.1393e-12 4.4237e-12 4.76811e-12 5.2211e-12 5.82754e-12 6.5986e-12 7.49224e-12 8.40866e-12 9.21047e-12 9.75454e-12 9.93948e-12 9.72953e-12 9.16533e-12 8.34061e-12 7.36989e-12 6.35663e-12 5.37779e-12 4.48135e-12 3.68932e-12 3.00872e-12 2.43439e-12 1.95615e-12 1.56113e-12 1.23645e-12 9.70472e-13 7.53928e-13 5.79088e-13 4.40352e-13 3.34418e-13 2.55555e-13 2.00205e-13 1.61249e-13 1.33224e-13 1.09471e-13 8.52333e-14 5.50457e-14 1.49074e-14 
3.73939e-13 6.21225e-13 8.27257e-13 1.04541e-12 1.28624e-12 1.54819e-12 1.82793e-12 2.12083e-12 2.41975e-12 2.72091e-12 3.02019e-12 3.31423e-12 3.6024e-12 3.89224e-12 4.19448e-12 4.5331e-12 4.93984e-12 5.44721e-12 6.06934e-12 6.78597e-12 7.53161e-12 8.20588e-12 8.69642e-12 8.91133e-12 8.80245e-12 8.38468e-12 7.72176e-12 6.90361e-12 6.02035e-12 5.14585e-12 4.32697e-12 3.59143e-12 2.94881e-12 2.39914e-12 1.93679e-12 1.55228e-12 1.23431e-12 9.72385e-13 7.58806e-13 5.8448e-13 4.45815e-13 3.36748e-13 2.54207e-13 1.94135e-13 1.51739e-13 1.22091e-13 1.00377e-13 7.99854e-14 5.9317e-14 2.69094e-14 2.69094e-14 
1.97231e-13 4.5431e-13 6.49837e-13 8.41057e-13 1.05107e-12 1.28508e-12 1.53912e-12 1.81175e-12 2.0982e-12 2.39367e-12 2.69495e-12 2.99869e-12 3.30458e-12 3.61438e-12 3.93465e-12 4.27865e-12 4.66596e-12 5.11706e-12 5.64588e-12 6.24099e-12 6.86069e-12 7.43291e-12 7.86866e-12 8.08935e-12 8.04403e-12 7.73074e-12 7.18912e-12 6.49017e-12 5.71146e-12 4.92178e-12 4.17007e-12 3.48467e-12 2.87891e-12 2.35498e-12 1.91035e-12 1.53707e-12 1.22684e-12 9.70472e-13 7.60429e-13 5.88339e-13 4.50288e-13 3.39899e-13 2.54868e-13 1.91515e-13 1.46036e-13 1.14824e-13 9.17132e-14 7.3947e-14 5.72561e-14 3.70853e-14 9.8636e-15 
2.9548e-13 4.94793e-13 6.64647e-13 8.46923e-13 1.05109e-12 1.27805e-12 1.52674e-12 1.79381e-12 2.07606e-12 2.37195e-12 2.67714e-12 2.99102e-12 3.31423e-12 3.64809e-12 3.99996e-12 4.38163e-12 4.80395e-12 5.27671e-12 5.79377e-12 6.3262e-12 6.82254e-12 7.21373e-12 7.43242e-12 7.43123e-12 7.19507e-12 6.74713e-12 6.14282e-12 5.44717e-12 4.72474e-12 4.02495e-12 3.38023e-12 2.80535e-12 2.30526e-12 1.87771e-12 1.51678e-12 1.21545e-12 9.64654e-13 7.58806e-13 5.89636e-13 4.53133e-13 3.4354e-13 2.57575e-13 1.91696e-13 1.43383e-13 1.09215e-13 8.54874e-14 6.85523e-14 5.40806e-14 3.89493e-14 1.79051e-14 1.79051e-14 
1.54516e-13 3.56916e-13 5.14488e-13 6.71593e-13 8.48073e-13 1.04605e-12 1.26849e-12 1.51248e-12 1.7763e-12 2.05916e-12 2.35747e-12 2.67126e-12 2.99869e-12 3.3409e-12 3.69915e-12 4.0804e-12 4.48908e-12 4.93012e-12 5.39898e-12 5.87434e-12 6.31902e-12 6.67905e-12 6.89811e-12 6.93195e-12 6.75853e-12 6.38937e-12 5.86324e-12 5.23571e-12 4.56747e-12 3.90698e-12 3.29107e-12 2.73794e-12 2.25551e-12 1.84262e-12 1.49281e-12 1.19925e-12 9.557e-13 7.53928e-13 5.88339e-13 4.54102e-13 3.45416e-13 2.59743e-13 1.93465e-13 1.43482e-13 1.0696e-13 8.10388e-14 6.34903e-14 5.03429e-14 3.85211e-14 2.43789e-14 6.83487e-15 
2.29331e-13 3.86677e-13 5.24428e-13 6.73869e-13 8.4505e-13 1.03934e-12 1.25698e-12 1.49862e-12 1.76229e-12 2.04694e-12 2.3524e-12 2.67714e-12 3.02019e-12 3.38188e-12 3.7625e-12 4.16563e-12 4.58945e-12 5.02927e-12 5.46961e-12 5.88104e-12 6.22208e-12 6.44635e-12 6.51214e-12 6.39504e-12 6.09587e-12 5.6413e-12 5.07604e-12 4.45389e-12 3.82494e-12 3.22827e-12 2.68833e-12 2.21488e-12 1.8097e-12 1.46745e-12 1.18168e-12 9.43017e-13 7.46725e-13 5.8448e-13 4.53133e-13 3.46903e-13 2.61558e-13 1.95157e-13 1.43862e-13 1.05875e-13 7.88206e-14 6.04327e-14 4.65188e-14 3.63633e-14 2.57313e-14 1.19865e-14 1.19865e-14 
1.18709e-13 2.75975e-13 4.00714e-13 5.27868e-13 6.71981e-13 8.39404e-13 1.03066e-12 1.24593e-12 1.48752e-12 1.75318e-12 2.04351e-12 2.35747e-12 2.69495e-12 3.05357e-12 3.43215e-12 3.8306e-12 4.24426e-12 4.66795e-12 5.08731e-12 5.47909e-12 5.8117e-12 6.04427e-12 6.14222e-12 6.07798e-12 5.8455e-12 5.46046e-12 4.95651e-12 4.38015e-12 3.78059e-12 3.19782e-12 2.66358e-12 2.19148e-12 1.78745e-12 1.44761e-12 1.1643e-12 9.30238e-13 7.36809e-13 5.79088e-13 4.50288e-13 3.45416e-13 2.61918e-13 1.96198e-13 1.4526e-13 1.06647e-13 7.83267e-14 5.78252e-14 4.43059e-14 3.37828e-14 2.59222e-14 1.58236e-14 3.86108e-15 
1.74638e-13 2.97311e-13 4.06344e-13 5.2719e-13 6.68431e-13 8.32737e-13 1.02252e-12 1.23778e-12 1.47972e-12 1.74958e-12 2.04694e-12 2.37195e-12 2.72091e-12 3.09373e-12 3.48674e-12 3.89326e-12 4.30693e-12 4.71434e-12 5.09661e-12 5.42632e-12 5.67094e-12 5.79945e-12 5.78489e-12 5.61689e-12 5.30049e-12 4.86047e-12 4.33447e-12 3.76704e-12 3.20131e-12 2.6687e-12 2.1932e-12 1.78286e-12 1.43787e-12 1.15291e-12 9.18926e-13 7.27888e-13 5.71887e-13 4.45815e-13 3.4354e-13 2.61558e-13 1.96303e-13 1.45647e-13 1.07187e-13 7.8273e-14 5.67559e-14 4.22256e-14 3.17807e-14 2.45537e-14 1.74987e-14 8.12422e-15 8.12422e-15 
8.88356e-14 2.0885e-13 3.06233e-13 4.07914e-13 5.25852e-13 6.63906e-13 8.2669e-13 1.01557e-12 1.23134e-12 1.47776e-12 1.75318e-12 2.05916e-12 2.39367e-12 2.75404e-12 3.13732e-12 3.53639e-12 3.94319e-12 4.3432e-12 4.72069e-12 5.05221e-12 5.3107e-12 5.46764e-12 5.49996e-12 5.39232e-12 5.14403e-12 4.77014e-12 4.3004e-12 3.7737e-12 3.22933e-12 2.70312e-12 2.22273e-12 1.8016e-12 1.44574e-12 1.15225e-12 9.13746e-13 7.20651e-13 5.65773e-13 4.40352e-13 3.39899e-13 2.59743e-13 1.96198e-13 1.46328e-13 1.07815e-13 7.81475e-14 5.68176e-14 4.15077e-14 3.10849e-14 2.27726e-14 1.73517e-14 1.03052e-14 2.86436e-15 
1.31518e-13 2.25191e-13 3.10156e-13 4.0698e-13 5.22645e-13 6.60094e-13 8.21999e-13 1.01056e-12 1.23015e-12 1.47972e-12 1.76229e-12 2.07606e-12 2.41975e-12 2.78915e-12 3.17752e-12 3.57566e-12 3.97114e-12 4.34642e-12 4.68149e-12 4.95411e-12 5.13819e-12 5.21251e-12 5.16047e-12 4.97745e-12 4.67184e-12 4.26344e-12 3.78456e-12 3.2712e-12 2.75838e-12 2.27681e-12 1.84577e-12 1.47552e-12 1.1687e-12 9.19512e-13 7.20164e-13 5.62111e-13 4.36717e-13 3.36748e-13 2.57575e-13 1.95157e-13 1.45647e-13 1.07533e-13 7.83432e-14 5.69286e-14 4.1165e-14 3.017e-14 2.21352e-14 1.655e-14 1.14123e-14 5.32417e-15 5.32417e-15 
6.59119e-14 1.55784e-13 2.31595e-13 3.10671e-13 4.05197e-13 5.19281e-13 6.55869e-13 8.18497e-13 1.00922e-12 1.23134e-12 1.48752e-12 1.7763e-12 2.0982e-12 2.4483e-12 2.82185e-12 3.20899e-12 3.59718e-12 3.9708e-12 4.31055e-12 4.59604e-12 4.80488e-12 4.91657e-12 4.91557e-12 4.7941e-12 4.55478e-12 4.211e-12 3.78603e-12 3.31237e-12 2.82327e-12 2.34826e-12 1.91128e-12 1.52816e-12 1.2046e-12 9.408e-13 7.30499e-13 5.6475e-13 4.35303e-13 3.34418e-13 2.54868e-13 1.93465e-13 1.4526e-13 1.07815e-13 7.86804e-14 5.68053e-14 4.09219e-14 2.95708e-14 2.18431e-14 1.5999e-14 1.16407e-14 6.76084e-15 1.89394e-15 
9.71018e-14 1.67781e-13 2.33651e-13 3.10408e-13 4.03339e-13 5.16572e-13 6.53004e-13 8.17025e-13 1.01056e-12 1.23778e-12 1.49862e-12 1.79381e-12 2.12083e-12 2.4748e-12 2.84674e-12 3.22523e-12 3.59486e-12 3.93806e-12 4.23512e-12 4.4645e-12 4.60965e-12 4.65459e-12 4.58855e-12 4.41245e-12 4.13313e-12 3.76722e-12 3.341e-12 2.88403e-12 2.4255e-12 1.99007e-12 1.59817e-12 1.25989e-12 9.7964e-13 7.53767e-13 5.76332e-13 4.39529e-13 3.34676e-13 2.54207e-13 1.91696e-13 1.43862e-13 1.07187e-13 7.83432e-14 5.70266e-14 4.12904e-14 2.98003e-14 2.10952e-14 1.5694e-14 1.12034e-14 8.06111e-15 3.51542e-15 3.51542e-15 
4.89555e-14 1.15035e-13 1.7245e-13 2.3402e-13 3.0918e-13 4.01273e-13 5.14412e-13 6.52378e-13 8.18497e-13 1.01557e-12 1.24593e-12 1.51248e-12 1.81175e-12 2.14105e-12 2.49372e-12 2.85905e-12 3.22118e-12 3.56487e-12 3.87027e-12 4.11883e-12 4.29198e-12 4.37695e-12 4.36201e-12 4.24345e-12 4.02558e-12 3.72051e-12 3.34704e-12 2.92976e-12 2.49733e-12 2.07281e-12 1.67924e-12 1.33028e-12 1.03443e-12 7.92576e-13 6.01103e-13 4.52865e-13 3.40464e-13 2.55555e-13 1.91515e-13 1.43482e-13 1.06647e-13 7.81475e-14 5.68053e-14 4.1428e-14 3.0004e-14 2.11728e-14 1.55774e-14 1.09314e-14 7.7378e-15 5.04361e-15 9.43483e-16 
7.04729e-14 1.23439e-13 1.74495e-13 2.33489e-13 3.07827e-13 3.99875e-13 5.13699e-13 6.53004e-13 8.21999e-13 1.02252e-12 1.25698e-12 1.52674e-12 1.82793e-12 2.15674e-12 2.50287e-12 2.85379e-12 3.19318e-12 3.50396e-12 3.76632e-12 3.96441e-12 4.08369e-12 4.11299e-12 4.04794e-12 3.88828e-12 3.6421e-12 3.3234e-12 2.95202e-12 2.55298e-12 2.14846e-12 1.76115e-12 1.40902e-12 1.10148e-12 8.4398e-13 6.3713e-13 4.76555e-13 3.53895e-13 2.62173e-13 1.94135e-13 1.43383e-13 1.05875e-13 7.8273e-14 5.69286e-14 4.12904e-14 2.93668e-14 2.12658e-14 1.55699e-14 1.07955e-14 7.51653e-15 5.65475e-15 2.63726e-15 2.63726e-15 
3.49801e-14 8.38259e-14 1.27236e-13 1.74718e-13 2.32904e-13 3.07239e-13 4.0006e-13 5.14412e-13 6.55869e-13 8.2669e-13 1.03066e-12 1.26849e-12 1.53912e-12 1.84014e-12 2.16299e-12 2.49724e-12 2.82825e-12 3.13902e-12 3.41207e-12 3.62916e-12 3.778e-12 3.84575e-12 3.82751e-12 3.72091e-12 3.53048e-12 3.2666e-12 2.9451e-12 2.58475e-12 2.20803e-12 1.83633e-12 1.48667e-12 1.17365e-12 9.05891e-13 6.84923e-13 5.09576e-13 3.74841e-13 2.74174e-13 2.00205e-13 1.46036e-13 1.0696e-13 7.83267e-14 5.68176e-14 4.09219e-14 3.0004e-14 2.13048e-14 1.48894e-14 1.07471e-14 8.12846e-15 5.4777e-15 3.38644e-15 9.45184e-16 
5.06972e-14 9.04555e-14 1.28263e-13 1.74948e-13 2.33165e-13 3.07372e-13 3.99875e-13 5.16572e-13 6.60094e-13 8.32737e-13 1.03934e-12 1.27805e-12 1.54819e-12 1.84427e-12 2.15744e-12 2.47425e-12 2.78044e-12 3.05719e-12 3.28989e-12 3.46258e-12 3.56327e-12 3.58617e-12 3.52717e-12 3.38812e-12 3.17701e-12 2.90487e-12 2.58735e-12 2.24453e-12 1.895e-12 1.55657e-12 1.24567e-12 9.70908e-13 7.39431e-13 5.51468e-13 4.04856e-13 2.93131e-13 2.1159e-13 1.51739e-13 1.09215e-13 7.88206e-14 5.67559e-14 4.1165e-14 2.98003e-14 2.12658e-14 1.49039e-14 1.07396e-14 8.06224e-15 5.36491e-15 3.28297e-15 1.77723e-15 1.77723e-15 
2.49918e-14 6.03102e-14 9.23357e-14 1.28364e-13 1.74134e-13 2.3228e-13 3.07239e-13 4.01273e-13 5.19281e-13 6.63906e-13 8.39404e-13 1.04605e-12 1.28508e-12 1.5516e-12 1.83883e-12 2.13665e-12 2.43203e-12 2.70817e-12 2.94946e-12 3.14058e-12 3.26872e-12 3.32656e-12 3.30981e-12 3.21816e-12 3.0555e-12 2.8318e-12 2.55955e-12 2.2531e-12 1.93169e-12 1.61154e-12 1.30839e-12 1.03367e-12 7.96201e-13 5.98187e-13 4.40379e-13 3.18059e-13 2.27268e-13 1.61249e-13 1.14824e-13 8.10388e-14 5.78252e-14 4.15077e-14 2.95708e-14 2.11728e-14 1.48894e-14 1.07409e-14 8.03762e-15 5.30395e-15 4.01005e-15 2.58914e-15 9.51894e-16 
3.68256e-14 6.50792e-14 9.33193e-14 1.28449e-13 1.74192e-13 2.33165e-13 3.07827e-13 4.03339e-13 5.22645e-13 6.68431e-13 8.4505e-13 1.05109e-12 1.28624e-12 1.54512e-12 1.82043e-12 2.09977e-12 2.36944e-12 2.61261e-12 2.81673e-12 2.96652e-12 3.05411e-12 3.07369e-12 3.02368e-12 2.90628e-12 2.72775e-12 2.49923e-12 2.23275e-12 1.94287e-12 1.64585e-12 1.35619e-12 1.08753e-12 8.48893e-13 6.45834e-13 4.79186e-13 3.47735e-13 2.48342e-13 1.74756e-13 1.22091e-13 8.54874e-14 6.04327e-14 4.22256e-14 3.017e-14 2.10952e-14 1.55699e-14 1.07396e-14 8.03209e-15 5.27667e-15 3.95427e-15 2.53236e-15 9.06448e-16 9.06448e-16 
1.79967e-14 4.35916e-14 6.69783e-14 9.43243e-14 1.28481e-13 1.74134e-13 2.32904e-13 3.0918e-13 4.05197e-13 5.25852e-13 6.71981e-13 8.48073e-13 1.05107e-12 1.28095e-12 1.52901e-12 1.78834e-12 2.04498e-12 2.28532e-12 2.49497e-12 2.66082e-12 2.77284e-12 2.82306e-12 2.8092e-12 2.73191e-12 2.59623e-12 2.40924e-12 2.18142e-12 1.92593e-12 1.65545e-12 1.38574e-12 1.12849e-12 8.94224e-13 6.88705e-13 5.1701e-13 3.78661e-13 2.71329e-13 1.91021e-13 1.33224e-13 9.17132e-14 6.34903e-14 4.43059e-14 3.10849e-14 2.18431e-14 1.55774e-14 1.07471e-14 8.03762e-15 5.26928e-15 3.92707e-15 2.49398e-15 1.77672e-15 0 
2.59027e-14 4.6447e-14 6.79375e-14 9.43348e-14 1.28449e-13 1.74948e-13 2.33489e-13 3.10408e-13 4.0698e-13 5.2719e-13 6.73869e-13 8.46923e-13 1.04541e-12 1.26589e-12 1.50086e-12 1.74092e-12 1.97227e-12 2.18212e-12 2.35749e-12 2.48643e-12 2.56249e-12 2.57954e-12 2.5374e-12 2.44015e-12 2.29153e-12 2.10125e-12 1.87993e-12 1.63986e-12 1.39249e-12 1.15102e-12 9.26112e-13 7.24151e-13 5.51379e-13 4.08735e-13 2.95445e-13 2.09023e-13 1.4546e-13 1.00377e-13 6.85523e-14 4.65188e-14 3.17807e-14 2.21352e-14 1.5694e-14 1.07955e-14 8.06224e-15 5.27667e-15 3.91927e-15 2.47393e-15 1.75228e-15 9.30134e-16 9.30134e-16 
1.29982e-14 3.0762e-14 4.73764e-14 6.79313e-14 9.43243e-14 1.28364e-13 1.74718e-13 2.3402e-13 3.10671e-13 4.07914e-13 5.27868e-13 6.71593e-13 8.41057e-13 1.03178e-12 1.24149e-12 1.45923e-12 1.67669e-12 1.88183e-12 2.05989e-12 2.20189e-12 2.29614e-12 2.33991e-12 2.32825e-12 2.26424e-12 2.15127e-12 1.99631e-12 1.80817e-12 1.59746e-12 1.37536e-12 1.15378e-12 9.41343e-13 7.47561e-13 5.77525e-13 4.34223e-13 3.17297e-13 2.26637e-13 1.58693e-13 1.09471e-13 7.3947e-14 5.03429e-14 3.37828e-14 2.27726e-14 1.5999e-14 1.09314e-14 8.12846e-15 5.30395e-15 3.92707e-15 2.46803e-15 1.73809e-15 9.19615e-16 0 
1.79462e-14 3.26715e-14 4.83446e-14 6.79375e-14 9.33193e-14 1.28263e-13 1.74495e-13 2.33651e-13 3.10156e-13 4.06344e-13 5.24428e-13 6.64647e-13 8.27257e-13 1.0089e-12 1.20378e-12 1.40293e-12 1.59712e-12 1.77332e-12 1.92003e-12 2.02957e-12 2.0932e-12 2.10676e-12 2.072e-12 1.9902e-12 1.86688e-12 1.7106e-12 1.52917e-12 1.33404e-12 1.13326e-12 9.37134e-13 7.55273e-13 5.91234e-13 4.5072e-13 3.34419e-13 2.41623e-13 1.70145e-13 1.18178e-13 7.99854e-14 5.40806e-14 3.63633e-14 2.45537e-14 1.655e-14 1.12034e-14 7.51653e-15 5.36491e-15 3.95427e-15 2.47393e-15 1.73386e-15 9.13896e-16 9.55905e-16 9.55905e-16 
8.99842e-15 2.1863e-14 3.36348e-14 4.73764e-14 6.69783e-14 9.23357e-14 1.27236e-13 1.7245e-13 2.31595e-13 3.06233e-13 4.00714e-13 5.14488e-13 6.49837e-13 8.03397e-13 9.72917e-13 1.15085e-12 1.32828e-12 1.49681e-12 1.64407e-12 1.76172e-12 1.8398e-12 1.87526e-12 1.8644e-12 1.81057e-12 1.71612e-12 1.58794e-12 1.43443e-12 1.26422e-12 1.08669e-12 9.10385e-13 7.42038e-13 5.88298e-13 4.54407e-13 3.41845e-13 2.49962e-13 1.78705e-13 1.24714e-13 8.52333e-14 5.72561e-14 3.85211e-14 2.59222e-14 1.73517e-14 1.16407e-14 7.7378e-15 5.4777e-15 4.01005e-15 2.49398e-15 1.73809e-15 9.12168e-16 9.52344e-16 0 
1.29702e-14 2.28282e-14 3.26715e-14 4.6447e-14 6.50792e-14 9.04555e-14 1.23439e-13 1.67781e-13 2.25191e-13 2.97311e-13 3.86677e-13 4.94793e-13 6.21225e-13 7.62754e-13 9.15374e-13 1.07345e-12 1.22795e-12 1.36847e-12 1.4868e-12 1.57414e-12 1.62355e-12 1.63332e-12 1.60212e-12 1.53332e-12 1.43228e-12 1.30473e-12 1.16079e-12 1.0062e-12 8.50982e-13 7.00276e-13 5.61914e-13 4.38556e-13 3.34176e-13 2.46927e-13 1.78734e-13 1.26332e-13 8.71532e-14 5.9317e-14 3.89493e-14 2.57313e-14 1.74987e-14 1.14123e-14 8.06111e-15 5.65475e-15 3.28297e-15 2.53236e-15 1.75228e-15 9.13896e-16 9.51795e-16 0 0 
5.99882e-15 1.39458e-14 2.1863e-14 3.0762e-14 4.35916e-14 6.03102e-14 8.38259e-14 1.15035e-13 1.55784e-13 2.0885e-13 2.75975e-13 3.56916e-13 4.5431e-13 5.65951e-13 6.89691e-13 8.2062e-13 9.52111e-13 1.07683e-12 1.18678e-12 1.27328e-12 1.32968e-12 1.35216e-12 1.3386e-12 1.29205e-12 1.21514e-12 1.11374e-12 9.96175e-13 8.67872e-13 7.3816e-13 6.11043e-13 4.93886e-13 3.88757e-13 2.98082e-13 2.22534e-13 1.61832e-13 1.15582e-13 8.02489e-14 5.50457e-14 3.70853e-14 2.43789e-14 1.58236e-14 1.03052e-14 6.76084e-15 5.04361e-15 3.38644e-15 2.58914e-15 1.77672e-15 9.19615e-16 9.52344e-16 0 0 
6.99357e-15 1.29702e-14 1.79462e-14 2.59027e-14 3.68256e-14 5.06972e-14 7.04729e-14 9.71018e-14 1.31518e-13 1.74638e-13 2.29331e-13 2.9548e-13 3.73939e-13 4.60665e-13 5.56527e-13 6.53662e-13 7.49164e-13 8.35381e-13 9.05767e-13 9.55819e-13 9.79206e-13 9.76327e-13 9.45609e-13 8.92024e-13 8.17497e-13 7.30417e-13 6.34245e-13 5.37136e-13 4.43451e-13 3.56706e-13 2.80619e-13 2.14228e-13 1.60672e-13 1.17279e-13 8.33668e-14 5.82151e-14 4.00226e-14 2.69094e-14 1.79051e-14 1.19865e-14 8.12422e-15 5.32417e-15 3.51542e-15 2.63726e-15 1.77723e-15 9.06448e-16 9.30134e-16 9.55905e-16 0 0 0 
2.99997e-15 5.99882e-15 8.99842e-15 1.29982e-14 1.79967e-14 2.49918e-14 3.49801e-14 4.89555e-14 6.59119e-14 8.88356e-14 1.18709e-13 1.54516e-13 1.97231e-13 2.46825e-13 3.01278e-13 3.58574e-13 4.15709e-13 4.69698e-13 5.15593e-13 5.50458e-13 5.69413e-13 5.72544e-13 5.57978e-13 5.2779e-13 4.85015e-13 4.32658e-13 3.74659e-13 3.14914e-13 2.58259e-13 2.05588e-13 1.59755e-13 1.20691e-13 8.9349e-14 6.47495e-14 4.59412e-14 3.19899e-14 2.19613e-14 1.49074e-14 9.8636e-15 6.83487e-15 3.86108e-15 2.86436e-15 1.89394e-15 9.43483e-16 9.45184e-16 9.51894e-16 0 0 0 0 0 
