1 101 51
8.71962e-13 1.83906e-12 3.02586e-12 4.89447e-12 8.03764e-12 1.35019e-11 2.32153e-11 4.07125e-11 7.23567e-11 1.29201e-10 2.29407e-10 4.00467e-10 6.79453e-10 1.1085e-09 1.72343e-09 2.53681e-09 3.52208e-09 4.60863e-09 5.69426e-09 6.67103e-09 7.45123e-09 7.98123e-09 8.2407e-09 8.23437e-09 7.98353e-09 7.52047e-09 6.88545e-09 6.12455e-09 5.28756e-09 4.42521e-09 3.58569e-09 2.81072e-09 2.13168e-09 1.56666e-09 1.11947e-09 7.81415e-10 5.35529e-10 3.61787e-10 2.41453e-10 1.59308e-10 1.03963e-10 6.72048e-11 4.3161e-11 2.76565e-11 1.77617e-11 1.14697e-11 7.44964e-12 4.85356e-12 3.15582e-12 1.9872e-12 1.28197e-12 
2.40947e-12 4.54357e-12 7.46675e-12 1.21987e-11 2.02411e-11 3.42521e-11 5.90887e-11 1.03642e-10 1.83916e-10 3.27707e-10 5.80525e-10 1.01067e-09 1.70864e-09 2.77405e-09 4.28558e-09 6.2588e-09 8.6099e-09 1.11499e-08 1.36225e-08 1.57716e-08 1.74039e-08 1.84166e-08 1.87888e-08 1.85573e-08 1.77934e-08 1.65889e-08 1.50478e-08 1.32816e-08 1.14037e-08 9.52294e-09 7.73587e-09 6.11806e-09 4.71754e-09 3.55276e-09 2.61662e-09 1.88545e-09 1.3286e-09 9.14988e-10 6.15904e-10 4.05783e-10 2.6244e-10 1.67345e-10 1.05771e-10 6.66366e-11 4.2041e-11 2.66274e-11 1.69324e-11 1.08066e-11 6.83559e-12 3.42085e-12 3.42085e-12 
1.83906e-12 5.17842e-12 9.17505e-12 1.51154e-11 2.49228e-11 4.16665e-11 7.07613e-11 1.22081e-10 2.13714e-10 3.78317e-10 6.72724e-10 1.18993e-09 2.06881e-09 3.49147e-09 5.65412e-09 8.70328e-09 1.26489e-08 1.72935e-08 2.22289e-08 2.6924e-08 3.08712e-08 3.37125e-08 3.52872e-08 3.56025e-08 3.47755e-08 3.29832e-08 3.04335e-08 2.7348e-08 2.39505e-08 2.04546e-08 1.70491e-08 1.38832e-08 1.1055e-08 8.61105e-09 6.55636e-09 4.87111e-09 3.52428e-09 2.47969e-09 1.6967e-09 1.13084e-09 7.36532e-10 4.70945e-10 2.97279e-10 1.86356e-10 1.16631e-10 7.31376e-11 4.59982e-11 2.8974e-11 1.81336e-11 9.79036e-12 1.9872e-12 
4.54357e-12 9.79147e-12 1.68332e-11 2.77786e-11 4.6025e-11 7.71949e-11 1.31295e-10 2.26672e-10 3.97083e-10 7.03635e-10 1.25265e-09 2.21749e-09 3.85543e-09 6.50011e-09 1.05036e-08 1.61133e-08 2.33079e-08 3.16701e-08 4.03951e-08 4.84762e-08 5.49941e-08 5.93507e-08 6.13351e-08 6.10468e-08 5.8774e-08 5.48994e-08 4.98465e-08 4.40482e-08 3.79222e-08 3.18434e-08 2.61147e-08 2.09436e-08 1.64361e-08 1.26152e-08 9.45315e-09 6.90029e-09 4.89786e-09 3.37911e-09 2.26869e-09 1.48647e-09 9.54599e-10 6.04124e-10 3.79031e-10 2.37111e-10 1.48544e-10 9.33635e-11 5.87678e-11 3.67298e-11 2.12805e-11 6.83559e-12 6.83559e-12 
3.02586e-12 9.17505e-12 1.74386e-11 2.93628e-11 4.83707e-11 8.01652e-11 1.34472e-10 2.28876e-10 3.95935e-10 6.95987e-10 1.2385e-09 2.21352e-09 3.92932e-09 6.83975e-09 1.15265e-08 1.85893e-08 2.84194e-08 4.09046e-08 5.52125e-08 6.98362e-08 8.29678e-08 9.3041e-08 9.91328e-08 1.01034e-07 9.90664e-08 9.38492e-08 8.61355e-08 7.67225e-08 6.63982e-08 5.58936e-08 4.58281e-08 3.66586e-08 2.86507e-08 2.18923e-08 1.63458e-08 1.19078e-08 8.45065e-09 5.83807e-09 3.92874e-09 2.58119e-09 1.66197e-09 1.05411e-09 6.62484e-10 4.15037e-10 2.60492e-10 1.64242e-10 1.03914e-10 6.54242e-11 3.94274e-11 1.81336e-11 3.15582e-12 
7.46675e-12 1.68332e-11 2.9885e-11 4.95035e-11 8.12031e-11 1.34251e-10 2.24899e-10 3.83023e-10 6.64634e-10 1.17428e-09 2.10197e-09 3.77664e-09 6.72878e-09 1.17333e-08 1.97714e-08 3.18296e-08 4.84941e-08 6.94361e-08 9.30595e-08 1.16642e-07 1.37062e-07 1.51779e-07 1.59481e-07 1.60112e-07 1.54467e-07 1.43777e-07 1.29433e-07 1.12853e-07 9.53903e-08 7.82488e-08 6.23835e-08 4.84258e-08 3.66656e-08 2.71069e-08 1.95703e-08 1.37912e-08 9.48273e-09 6.36466e-09 4.17709e-09 2.68932e-09 1.70656e-09 1.0735e-09 6.73484e-10 4.23714e-10 2.6829e-10 1.70965e-10 1.08892e-10 6.75533e-11 3.67298e-11 1.08066e-11 1.08066e-11 
4.89447e-12 1.51154e-11 2.93628e-11 4.9855e-11 8.15037e-11 1.32976e-10 2.1907e-10 3.66354e-10 6.24488e-10 1.08767e-09 1.93286e-09 3.48197e-09 6.29065e-09 1.12506e-08 1.96553e-08 3.31238e-08 5.32395e-08 8.08382e-08 1.15125e-07 1.53125e-07 1.90041e-07 2.20636e-07 2.40958e-07 2.49328e-07 2.46184e-07 2.3327e-07 2.12906e-07 1.87563e-07 1.59658e-07 1.31414e-07 1.04697e-07 8.08657e-08 6.06833e-08 4.43453e-08 3.16178e-08 2.20229e-08 1.49975e-08 9.99378e-09 6.52634e-09 4.18851e-09 2.65311e-09 1.66779e-09 1.04677e-09 6.5979e-10 4.19451e-10 2.69242e-10 1.73619e-10 1.10421e-10 6.54242e-11 2.8974e-11 4.85356e-12 
1.21987e-11 2.77786e-11 4.95035e-11 8.15726e-11 1.31948e-10 2.14081e-10 3.51377e-10 5.86699e-10 1.00134e-09 1.75111e-09 3.13019e-09 5.67389e-09 1.03039e-08 1.84938e-08 3.23697e-08 5.45638e-08 8.75755e-08 1.32532e-07 1.87693e-07 2.47622e-07 3.04017e-07 3.48293e-07 3.74539e-07 3.80948e-07 3.69169e-07 3.4275e-07 3.05912e-07 2.6291e-07 2.17738e-07 1.73875e-07 1.34028e-07 9.99242e-08 7.22578e-08 5.08447e-08 3.49219e-08 2.34713e-08 1.54672e-08 1.00128e-08 6.38463e-09 4.02606e-09 2.52384e-09 1.5823e-09 9.9809e-10 6.36538e-10 4.11272e-10 2.68298e-10 1.74344e-10 1.08892e-10 5.87678e-11 1.69324e-11 1.69324e-11 
8.03764e-12 2.49228e-11 4.83707e-11 8.15037e-11 1.31588e-10 2.11004e-10 3.4054e-10 5.57019e-10 9.28989e-10 1.5881e-09 2.78882e-09 5.01345e-09 9.13961e-09 1.66758e-08 3.00283e-08 5.26553e-08 8.87962e-08 1.42348e-07 2.14721e-07 3.02324e-07 3.95362e-07 4.79667e-07 5.41431e-07 5.72213e-07 5.70808e-07 5.41484e-07 4.91106e-07 4.27141e-07 3.56731e-07 2.86235e-07 2.20806e-07 1.64012e-07 1.17631e-07 8.17797e-08 5.53613e-08 3.66508e-08 2.38135e-08 1.52295e-08 9.61618e-09 6.01863e-09 3.75312e-09 2.34568e-09 1.47843e-09 9.44715e-10 6.13744e-10 4.04545e-10 2.67776e-10 1.73619e-10 1.03914e-10 4.59982e-11 7.44964e-12 
2.02411e-11 4.6025e-11 8.12031e-11 1.31948e-10 2.09994e-10 3.34277e-10 5.36884e-10 8.75565e-10 1.45927e-09 2.49943e-09 4.40757e-09 7.96588e-09 1.45977e-08 2.67479e-08 4.83125e-08 8.48787e-08 1.43233e-07 2.29394e-07 3.44906e-07 4.82631e-07 6.25122e-07 7.48453e-07 8.30849e-07 8.60986e-07 8.40025e-07 7.77532e-07 6.86299e-07 5.79214e-07 4.67905e-07 3.62013e-07 2.68559e-07 1.91505e-07 1.31797e-07 8.80121e-08 5.73605e-08 3.66775e-08 2.31088e-08 1.4403e-08 8.91938e-09 5.51702e-09 3.42905e-09 2.1552e-09 1.37766e-09 8.98756e-10 5.9777e-10 4.0203e-10 2.68298e-10 1.70965e-10 9.33635e-11 2.66274e-11 2.66274e-11 
1.35019e-11 4.16665e-11 8.01652e-11 1.32976e-10 2.11004e-10 3.3226e-10 5.25563e-10 8.40446e-10 1.36724e-09 2.27824e-09 3.91081e-09 6.92517e-09 1.25791e-08 2.3162e-08 4.26069e-08 7.71847e-08 1.35881e-07 2.29518e-07 3.67311e-07 5.50455e-07 7.65118e-07 9.80474e-07 1.15654e-06 1.25973e-06 1.27634e-06 1.21378e-06 1.09184e-06 9.33634e-07 7.60776e-07 5.91379e-07 4.39009e-07 3.11914e-07 2.12942e-07 1.40488e-07 9.01843e-08 5.67087e-08 3.51335e-08 2.1557e-08 1.31683e-08 8.0547e-09 4.96456e-09 3.10387e-09 1.98069e-09 1.29547e-09 8.68197e-10 5.92085e-10 4.04545e-10 2.69242e-10 1.64242e-10 7.31376e-11 1.14697e-11 
3.42521e-11 7.71949e-11 1.34251e-10 2.14081e-10 3.34277e-10 5.21947e-10 8.2095e-10 1.30771e-09 2.12317e-09 3.53869e-09 6.0895e-09 1.0828e-08 1.97626e-08 3.65518e-08 6.74854e-08 1.22612e-07 2.16339e-07 3.65879e-07 5.85201e-07 8.73912e-07 1.20567e-06 1.52639e-06 1.77001e-06 1.88622e-06 1.8618e-06 1.71843e-06 1.49493e-06 1.23175e-06 9.63646e-07 7.16956e-07 5.08406e-07 3.44936e-07 2.25222e-07 1.42576e-07 8.81895e-08 5.368e-08 3.23631e-08 1.94495e-08 1.17291e-08 7.14692e-09 4.43169e-09 2.81588e-09 1.84255e-09 1.24222e-09 8.57532e-10 5.9777e-10 4.11272e-10 2.6829e-10 1.48544e-10 4.2041e-11 4.2041e-11 
2.32153e-11 7.07613e-11 1.34472e-10 2.1907e-10 3.4054e-10 5.25563e-10 8.14743e-10 1.27485e-09 2.0237e-09 3.2806e-09 5.47124e-09 9.44068e-09 1.68569e-08 3.09087e-08 5.7408e-08 1.06364e-07 1.93818e-07 3.42823e-07 5.80683e-07 9.28281e-07 1.38077e-06 1.88858e-06 2.35751e-06 2.67994e-06 2.78375e-06 2.66472e-06 2.37465e-06 1.98626e-06 1.56741e-06 1.1705e-06 8.2953e-07 5.60147e-07 3.62545e-07 2.26664e-07 1.3805e-07 8.25696e-08 4.88705e-08 2.88421e-08 1.71045e-08 1.02721e-08 6.29666e-09 3.97091e-09 2.59232e-09 1.75444e-09 1.22383e-09 8.68197e-10 6.13744e-10 4.19451e-10 2.60492e-10 1.16631e-10 1.77617e-11 
5.90887e-11 1.31295e-10 2.24899e-10 3.51377e-10 5.36884e-10 8.2095e-10 1.2644e-09 1.96887e-09 3.11564e-09 5.04503e-09 8.42231e-09 1.45755e-08 2.6135e-08 4.81357e-08 8.97603e-08 1.66858e-07 3.0495e-07 5.4084e-07 9.17698e-07 1.46607e-06 2.17032e-06 2.938e-06 3.60655e-06 4.0043e-06 4.03515e-06 3.72493e-06 3.18481e-06 2.54452e-06 1.91102e-06 1.35522e-06 9.11827e-07 5.85751e-07 3.62192e-07 2.17501e-07 1.27949e-07 7.43596e-08 4.30653e-08 2.5074e-08 1.4804e-08 8.94151e-09 5.57577e-09 3.61848e-09 2.45125e-09 1.72421e-09 1.24222e-09 8.98756e-10 6.36538e-10 4.23714e-10 2.37111e-10 6.66366e-11 6.66366e-11 
4.07125e-11 1.22081e-10 2.28876e-10 3.66354e-10 5.57019e-10 8.40446e-10 1.27485e-09 1.95141e-09 3.02467e-09 4.77292e-09 7.72255e-09 1.29092e-08 2.24103e-08 4.03528e-08 7.4642e-08 1.39701e-07 2.60493e-07 4.77461e-07 8.49197e-07 1.44356e-06 2.30358e-06 3.38926e-06 4.52983e-06 5.44853e-06 5.88026e-06 5.71446e-06 5.0527e-06 4.11521e-06 3.11906e-06 2.21705e-06 1.48778e-06 9.49471e-07 5.81308e-07 3.44658e-07 1.99689e-07 1.14077e-07 6.48677e-08 3.70695e-08 2.14883e-08 1.27551e-08 7.8346e-09 5.03165e-09 3.39799e-09 2.40308e-09 1.75444e-09 1.29547e-09 9.44715e-10 6.5979e-10 4.15037e-10 1.86356e-10 2.76565e-11 
1.03642e-10 2.26672e-10 3.83023e-10 5.86699e-10 8.75565e-10 1.30771e-09 1.96887e-09 2.99565e-09 4.62258e-09 7.27565e-09 1.17661e-08 1.96989e-08 3.43083e-08 6.20325e-08 1.15204e-07 2.16317e-07 4.04437e-07 7.43331e-07 1.32585e-06 2.25755e-06 3.5949e-06 5.24538e-06 6.8974e-06 8.09018e-06 8.4359e-06 7.84932e-06 6.5962e-06 5.07939e-06 3.63014e-06 2.43289e-06 1.54352e-06 9.36398e-07 5.48745e-07 3.13575e-07 1.76376e-07 9.86304e-08 5.53919e-08 3.15398e-08 1.83799e-08 1.10858e-08 7.01079e-09 4.69401e-09 3.32299e-09 2.45125e-09 1.84255e-09 1.37766e-09 9.9809e-10 6.73484e-10 3.79031e-10 1.05771e-10 1.05771e-10 
7.23567e-11 2.13714e-10 3.95935e-10 6.24488e-10 9.28989e-10 1.36724e-09 2.0237e-09 3.02467e-09 4.57456e-09 7.02821e-09 1.10353e-08 1.78406e-08 2.99192e-08 5.22765e-08 9.48893e-08 1.76842e-07 3.32906e-07 6.23688e-07 1.14903e-06 2.05488e-06 3.50231e-06 5.55503e-06 8.01165e-06 1.03151e-05 1.17261e-05 1.17277e-05 1.03623e-05 8.20925e-06 5.93765e-06 3.985e-06 2.51576e-06 1.51296e-06 8.76855e-07 4.94745e-07 2.74457e-07 1.51281e-07 8.37173e-08 4.69386e-08 2.68911e-08 1.59099e-08 9.86462e-09 6.50443e-09 4.57962e-09 3.39799e-09 2.59232e-09 1.98069e-09 1.47843e-09 1.04677e-09 6.62484e-10 2.97279e-10 4.3161e-11 
1.83916e-10 3.97083e-10 6.64634e-10 1.00134e-09 1.45927e-09 2.12317e-09 3.11564e-09 4.62258e-09 6.94902e-09 1.06297e-08 1.6651e-08 2.69128e-08 4.5208e-08 7.92276e-08 1.44297e-07 2.6964e-07 5.08353e-07 9.53365e-07 1.75931e-06 3.15236e-06 5.36995e-06 8.45734e-06 1.19982e-05 1.50305e-05 1.64376e-05 1.56385e-05 1.30101e-05 9.64869e-06 6.52599e-06 4.10883e-06 2.45075e-06 1.40488e-06 7.83041e-07 4.2899e-07 2.33638e-07 1.27843e-07 7.08756e-08 4.00765e-08 2.33085e-08 1.4143e-08 9.12347e-09 6.3337e-09 4.69401e-09 3.61848e-09 2.81588e-09 2.1552e-09 1.5823e-09 1.0735e-09 6.04124e-10 1.67345e-10 1.67345e-10 
1.29201e-10 3.78317e-10 6.95987e-10 1.08767e-09 1.5881e-09 2.27824e-09 3.2806e-09 4.77292e-09 7.02821e-09 1.04997e-08 1.59892e-08 2.49858e-08 4.03697e-08 6.79067e-08 1.193e-07 2.17817e-07 4.07555e-07 7.68237e-07 1.43994e-06 2.65813e-06 4.76442e-06 8.08797e-06 1.25865e-05 1.74492e-05 2.11065e-05 2.20229e-05 1.97681e-05 1.53763e-05 1.06263e-05 6.71323e-06 3.97814e-06 2.25539e-06 1.24143e-06 6.72011e-07 3.62334e-07 1.9674e-07 1.0839e-07 6.08463e-08 3.49764e-08 2.08186e-08 1.30895e-08 8.87529e-09 6.50443e-09 5.03165e-09 3.97091e-09 3.10387e-09 2.34568e-09 1.66779e-09 1.05411e-09 4.70945e-10 6.72048e-11 
3.27707e-10 7.03635e-10 1.17428e-09 1.75111e-09 2.49943e-09 3.53869e-09 5.04503e-09 7.27565e-09 1.06297e-08 1.57767e-08 2.39115e-08 3.7265e-08 6.01654e-08 1.01282e-07 1.78189e-07 3.25625e-07 6.08766e-07 1.14442e-06 2.13844e-06 3.93944e-06 7.04062e-06 1.18496e-05 1.80916e-05 2.43084e-05 2.8153e-05 2.78128e-05 2.34201e-05 1.69643e-05 1.0914e-05 6.46273e-06 3.6268e-06 1.96955e-06 1.05277e-06 5.62491e-07 3.03978e-07 1.67238e-07 9.3804e-08 5.36869e-08 3.15525e-08 1.93685e-08 1.27403e-08 9.12347e-09 7.01079e-09 5.57577e-09 4.43169e-09 3.42905e-09 2.52384e-09 1.70656e-09 9.54599e-10 2.6244e-10 2.6244e-10 
2.29407e-10 6.72724e-10 1.2385e-09 1.93286e-09 2.78882e-09 3.91081e-09 5.47124e-09 7.72255e-09 1.10353e-08 1.59892e-08 2.35659e-08 3.55304e-08 5.51934e-08 8.898e-08 1.49726e-07 2.63324e-07 4.80403e-07 8.94377e-07 1.67022e-06 3.09875e-06 5.67206e-06 1.00474e-05 1.66269e-05 2.46686e-05 3.18281e-05 3.50445e-05 3.26654e-05 2.57679e-05 1.73893e-05 1.04569e-05 5.83788e-06 3.12599e-06 1.64684e-06 8.71435e-07 4.69532e-07 2.59007e-07 1.46005e-07 8.38169e-08 4.90585e-08 2.96136e-08 1.88942e-08 1.30895e-08 9.86462e-09 7.8346e-09 6.29666e-09 4.96456e-09 3.75312e-09 2.65311e-09 1.66197e-09 7.36532e-10 1.03963e-10 
5.80525e-10 1.25265e-09 2.10197e-09 3.13019e-09 4.40757e-09 6.0895e-09 8.42231e-09 1.17661e-08 1.6651e-08 2.39115e-08 3.49714e-08 5.24096e-08 8.10731e-08 1.30337e-07 2.18785e-07 3.83505e-07 6.95626e-07 1.28289e-06 2.3653e-06 4.32781e-06 7.80941e-06 1.35683e-05 2.18047e-05 3.1074e-05 3.82172e-05 3.99823e-05 3.52847e-05 2.6199e-05 1.65797e-05 9.36948e-06 4.96421e-06 2.57159e-06 1.3442e-06 7.21983e-07 4.00391e-07 2.27889e-07 1.32038e-07 7.75944e-08 4.65124e-08 2.89893e-08 1.93685e-08 1.4143e-08 1.10858e-08 8.94151e-09 7.14692e-09 5.51702e-09 4.02606e-09 2.68932e-09 1.48647e-09 4.05783e-10 4.05783e-10 
4.00467e-10 1.18993e-09 2.21352e-09 3.48197e-09 5.01345e-09 6.92517e-09 9.44068e-09 1.29092e-08 1.78406e-08 2.49858e-08 3.55304e-08 5.15112e-08 7.66366e-08 1.17868e-07 1.88541e-07 3.14665e-07 5.47094e-07 9.80104e-07 1.77552e-06 3.19967e-06 5.70713e-06 1.0012e-05 1.67766e-05 2.57554e-05 3.4966e-05 4.10735e-05 4.119e-05 3.48581e-05 2.46473e-05 1.47345e-05 7.86977e-06 4.01429e-06 2.06343e-06 1.10135e-06 6.14435e-07 3.54259e-07 2.0815e-07 1.23615e-07 7.42597e-08 4.57052e-08 2.96136e-08 2.08186e-08 1.59099e-08 1.27551e-08 1.02721e-08 8.0547e-09 6.01863e-09 4.18851e-09 2.58119e-09 1.13084e-09 1.59308e-10 
1.01067e-09 2.21749e-09 3.77664e-09 5.67389e-09 7.96588e-09 1.0828e-08 1.45755e-08 1.96989e-08 2.69128e-08 3.7265e-08 5.24096e-08 7.52023e-08 1.10856e-07 1.69087e-07 2.68129e-07 4.4246e-07 7.57013e-07 1.32485e-06 2.32479e-06 4.02502e-06 6.8603e-06 1.14458e-05 1.81348e-05 2.63848e-05 3.43902e-05 3.90711e-05 3.82392e-05 3.15941e-05 2.14598e-05 1.22311e-05 6.27065e-06 3.16172e-06 1.66453e-06 9.3156e-07 5.44948e-07 3.259e-07 1.96559e-07 1.19192e-07 7.32158e-08 4.65124e-08 3.15525e-08 2.33085e-08 1.83799e-08 1.4804e-08 1.17291e-08 8.91938e-09 6.38463e-09 4.17709e-09 2.26869e-09 6.15904e-10 6.15904e-10 
6.79453e-10 2.06881e-09 3.92932e-09 6.29065e-09 9.13961e-09 1.25791e-08 1.68569e-08 2.24103e-08 2.99192e-08 4.03697e-08 5.51934e-08 7.66366e-08 1.08585e-07 1.58118e-07 2.38194e-07 3.72175e-07 6.01677e-07 9.99669e-07 1.67753e-06 2.78174e-06 4.49445e-06 7.12458e-06 1.11095e-05 1.67725e-05 2.36954e-05 3.02142e-05 3.37977e-05 3.27116e-05 2.6423e-05 1.73927e-05 9.6501e-06 4.86525e-06 2.50137e-06 1.39136e-06 8.24605e-07 5.03298e-07 3.09565e-07 1.90547e-07 1.17818e-07 7.42597e-08 4.90585e-08 3.49764e-08 2.68911e-08 2.14883e-08 1.71045e-08 1.31683e-08 9.61618e-09 6.52634e-09 3.92874e-09 1.6967e-09 2.41453e-10 
1.70864e-09 3.85543e-09 6.72878e-09 1.03039e-08 1.45977e-08 1.97626e-08 2.6135e-08 3.43083e-08 4.5208e-08 6.01654e-08 8.10731e-08 1.10856e-07 1.54558e-07 2.21268e-07 3.26986e-07 4.98288e-07 7.76924e-07 1.22526e-06 1.90686e-06 2.87255e-06 4.18696e-06 6.17737e-06 9.41282e-06 1.42482e-05 2.01113e-05 2.53386e-05 2.7945e-05 2.65894e-05 2.10577e-05 1.36245e-05 7.44514e-06 3.77737e-06 2.0517e-06 1.22153e-06 7.61567e-07 4.79586e-07 3.01129e-07 1.88685e-07 1.19192e-07 7.75944e-08 5.36869e-08 4.00765e-08 3.15398e-08 2.5074e-08 1.94495e-08 1.4403e-08 1.00128e-08 6.36466e-09 3.37911e-09 9.14988e-10 9.14988e-10 
1.1085e-09 3.49147e-09 6.83975e-09 1.12506e-08 1.66758e-08 2.3162e-08 3.09087e-08 4.03528e-08 5.22765e-08 6.79067e-08 8.898e-08 1.17868e-07 1.58118e-07 2.15762e-07 3.0136e-07 4.3194e-07 6.30718e-07 9.22739e-07 1.32635e-06 1.82648e-06 2.41565e-06 3.24201e-06 4.92255e-06 8.06735e-06 1.24869e-05 1.73248e-05 2.11479e-05 2.26074e-05 2.12388e-05 1.67661e-05 1.06392e-05 5.71675e-06 3.02328e-06 1.76941e-06 1.12169e-06 7.25776e-07 4.6729e-07 2.98506e-07 1.90547e-07 1.23615e-07 8.38169e-08 6.08463e-08 4.69386e-08 3.70695e-08 2.88421e-08 2.1557e-08 1.52295e-08 9.99378e-09 5.83807e-09 2.47969e-09 3.61787e-10 
2.77405e-09 6.50011e-09 1.17333e-08 1.84938e-08 2.67479e-08 3.65518e-08 4.81357e-08 6.20325e-08 7.92276e-08 1.01282e-07 1.30337e-07 1.69087e-07 2.21268e-07 2.93003e-07 3.94227e-07 5.37405e-07 7.28658e-07 9.53579e-07 1.19665e-06 1.41144e-06 1.69325e-06 2.53543e-06 4.54388e-06 7.7987e-06 1.1607e-05 1.5049e-05 1.73653e-05 1.79884e-05 1.68273e-05 1.32203e-05 8.23975e-06 4.47843e-06 2.52736e-06 1.59964e-06 1.06442e-06 7.06978e-07 4.63428e-07 3.01129e-07 1.96559e-07 1.32038e-07 9.3804e-08 7.08756e-08 5.53919e-08 4.30653e-08 3.23631e-08 2.31088e-08 1.54672e-08 9.48273e-09 4.89786e-09 1.3286e-09 1.3286e-09 
1.72343e-09 5.65412e-09 1.15265e-08 1.96553e-08 3.00283e-08 4.26069e-08 5.7408e-08 7.4642e-08 9.48893e-08 1.193e-07 1.49726e-07 1.88541e-07 2.38194e-07 3.0136e-07 3.81898e-07 4.84387e-07 6.06599e-07 7.24001e-07 8.22905e-07 8.88397e-07 9.35942e-07 1.31881e-06 2.61665e-06 4.82194e-06 7.57899e-06 1.02403e-05 1.24092e-05 1.36406e-05 1.3889e-05 1.30534e-05 1.00486e-05 6.32711e-06 3.61216e-06 2.20795e-06 1.49929e-06 1.03368e-06 7.00979e-07 4.6729e-07 3.09565e-07 2.0815e-07 1.46005e-07 1.0839e-07 8.37173e-08 6.48677e-08 4.88705e-08 3.51335e-08 2.38135e-08 1.49975e-08 8.45065e-09 3.52428e-09 5.35529e-10 
4.28558e-09 1.05036e-08 1.97714e-08 3.23697e-08 4.83125e-08 6.74854e-08 8.97603e-08 1.15204e-07 1.44297e-07 1.78189e-07 2.18785e-07 2.68129e-07 3.26986e-07 3.94227e-07 4.67033e-07 5.37907e-07 5.84083e-07 6.08251e-07 6.1311e-07 5.99683e-07 7.68491e-07 1.51653e-06 2.82378e-06 4.50755e-06 6.25825e-06 7.87572e-06 9.22787e-06 1.00405e-05 1.03322e-05 9.46978e-06 7.36293e-06 4.88889e-06 2.97428e-06 2.0061e-06 1.44369e-06 1.02366e-06 7.06978e-07 4.79586e-07 3.259e-07 2.27889e-07 1.67238e-07 1.27843e-07 9.86304e-08 7.43596e-08 5.368e-08 3.66775e-08 2.34713e-08 1.37912e-08 6.90029e-09 1.88545e-09 1.88545e-09 
2.53681e-09 8.70328e-09 1.85893e-08 3.31238e-08 5.26553e-08 7.71847e-08 1.06364e-07 1.39701e-07 1.76842e-07 2.17817e-07 2.63324e-07 3.14665e-07 3.72175e-07 4.3194e-07 4.84387e-07 5.15493e-07 5.06966e-07 4.8008e-07 4.64963e-07 4.48449e-07 5.21432e-07 8.90851e-07 1.574e-06 2.46199e-06 3.46371e-06 4.48586e-06 5.45016e-06 6.31119e-06 6.93222e-06 7.00644e-06 6.51519e-06 5.40507e-06 3.75655e-06 2.52756e-06 1.88929e-06 1.42517e-06 1.03368e-06 7.25776e-07 5.03298e-07 3.54259e-07 2.59007e-07 1.9674e-07 1.51281e-07 1.14077e-07 8.25696e-08 5.67087e-08 3.66508e-08 2.20229e-08 1.19078e-08 4.87111e-09 7.81415e-10 
6.2588e-09 1.61133e-08 3.18296e-08 5.45638e-08 8.48787e-08 1.22612e-07 1.66858e-07 2.16317e-07 2.6964e-07 3.25625e-07 3.83505e-07 4.4246e-07 4.98288e-07 5.37405e-07 5.37907e-07 4.82217e-07 4.09841e-07 3.76974e-07 3.71139e-07 4.01523e-07 5.61183e-07 8.59437e-07 1.29362e-06 1.84479e-06 2.46784e-06 3.08743e-06 3.66242e-06 4.14819e-06 4.4284e-06 4.62017e-06 4.57005e-06 3.93122e-06 2.94017e-06 2.26711e-06 1.84962e-06 1.44369e-06 1.06442e-06 7.61567e-07 5.44948e-07 4.00391e-07 3.03978e-07 2.33638e-07 1.76376e-07 1.27949e-07 8.81895e-08 5.73605e-08 3.49219e-08 1.95703e-08 9.45315e-09 2.61662e-09 2.61662e-09 
3.52208e-09 1.26489e-08 2.84194e-08 5.32395e-08 8.87962e-08 1.35881e-07 1.93818e-07 2.60493e-07 3.32906e-07 4.07555e-07 4.80403e-07 5.47094e-07 6.01677e-07 6.30718e-07 6.06599e-07 5.06966e-07 3.87378e-07 3.28341e-07 3.26019e-07 3.43998e-07 3.97252e-07 5.14523e-07 7.13339e-07 9.90655e-07 1.35881e-06 1.76544e-06 2.15214e-06 2.48749e-06 2.73292e-06 2.97121e-06 3.21173e-06 3.24417e-06 2.93435e-06 2.47485e-06 2.18032e-06 1.88929e-06 1.49929e-06 1.12169e-06 8.24605e-07 6.14435e-07 4.69532e-07 3.62334e-07 2.74457e-07 1.99689e-07 1.3805e-07 9.01843e-08 5.53613e-08 3.16178e-08 1.63458e-08 6.55636e-09 1.11947e-09 
8.6099e-09 2.33079e-08 4.84941e-08 8.75755e-08 1.43233e-07 2.16339e-07 3.0495e-07 4.04437e-07 5.08353e-07 6.08766e-07 6.95626e-07 7.57013e-07 7.76924e-07 7.28658e-07 5.84083e-07 4.09841e-07 3.12338e-07 3.00463e-07 3.13185e-07 3.22769e-07 3.62754e-07 4.54252e-07 5.9364e-07 7.87524e-07 1.03983e-06 1.31342e-06 1.57256e-06 1.79514e-06 1.99826e-06 2.20073e-06 2.36945e-06 2.46239e-06 2.40457e-06 2.32436e-06 2.26711e-06 2.0061e-06 1.59964e-06 1.22153e-06 9.3156e-07 7.21983e-07 5.62491e-07 4.2899e-07 3.13575e-07 2.17501e-07 1.42576e-07 8.80121e-08 5.08447e-08 2.71069e-08 1.26152e-08 3.55276e-09 3.55276e-09 
4.60863e-09 1.72935e-08 4.09046e-08 8.08382e-08 1.42348e-07 2.29518e-07 3.42823e-07 4.77461e-07 6.23688e-07 7.68237e-07 8.94377e-07 9.80104e-07 9.99669e-07 9.22739e-07 7.24001e-07 4.8008e-07 3.28341e-07 2.91723e-07 2.95072e-07 2.84427e-07 2.96006e-07 3.40281e-07 4.14073e-07 5.21554e-07 6.66991e-07 8.50263e-07 1.05194e-06 1.2503e-06 1.43763e-06 1.6094e-06 1.77134e-06 1.93435e-06 2.08616e-06 2.23897e-06 2.47485e-06 2.52756e-06 2.20795e-06 1.76941e-06 1.39136e-06 1.10135e-06 8.71435e-07 6.72011e-07 4.94745e-07 3.44658e-07 2.26664e-07 1.40488e-07 8.17797e-08 4.43453e-08 2.18923e-08 8.61105e-09 1.56666e-09 
1.11499e-08 3.16701e-08 6.94361e-08 1.32532e-07 2.29394e-07 3.65879e-07 5.4084e-07 7.43331e-07 9.53365e-07 1.14442e-06 1.28289e-06 1.32485e-06 1.22526e-06 9.53579e-07 6.08251e-07 3.76974e-07 3.00463e-07 2.89836e-07 2.6562e-07 2.60792e-07 2.84078e-07 3.27313e-07 3.92026e-07 4.8205e-07 6.00501e-07 7.46945e-07 9.09923e-07 1.07615e-06 1.23462e-06 1.3862e-06 1.54889e-06 1.73125e-06 1.97374e-06 2.40457e-06 2.94017e-06 2.97428e-06 2.52736e-06 2.0517e-06 1.66453e-06 1.3442e-06 1.05277e-06 7.83041e-07 5.48745e-07 3.62192e-07 2.25222e-07 1.31797e-07 7.22578e-08 3.66656e-08 1.64361e-08 4.71754e-09 4.71754e-09 
5.69426e-09 2.22289e-08 5.52125e-08 1.15125e-07 2.14721e-07 3.67311e-07 5.80683e-07 8.49197e-07 1.14903e-06 1.43994e-06 1.67022e-06 1.77552e-06 1.67753e-06 1.32635e-06 8.22905e-07 4.64963e-07 3.26019e-07 2.95072e-07 2.60986e-07 2.42785e-07 2.5182e-07 2.79001e-07 3.21281e-07 3.80905e-07 4.611e-07 5.64124e-07 6.88373e-07 8.2614e-07 9.67217e-07 1.10909e-06 1.26114e-06 1.43621e-06 1.67043e-06 2.08616e-06 2.93435e-06 3.75655e-06 3.61216e-06 3.02328e-06 2.50137e-06 2.06343e-06 1.64684e-06 1.24143e-06 8.76855e-07 5.81308e-07 3.62545e-07 2.12942e-07 1.17631e-07 6.06833e-08 2.86507e-08 1.1055e-08 2.13168e-09 
1.36225e-08 4.03951e-08 9.30595e-08 1.87693e-07 3.44906e-07 5.85201e-07 9.17698e-07 1.32585e-06 1.75931e-06 2.13844e-06 2.3653e-06 2.32479e-06 1.90686e-06 1.19665e-06 6.1311e-07 3.71139e-07 3.13185e-07 2.6562e-07 2.37362e-07 2.34001e-07 2.49699e-07 2.78056e-07 3.19116e-07 3.75302e-07 4.489e-07 5.40703e-07 6.48655e-07 7.67401e-07 8.93761e-07 1.03241e-06 1.19342e-06 1.4008e-06 1.73125e-06 2.46239e-06 3.93122e-06 4.88889e-06 4.47843e-06 3.77737e-06 3.16172e-06 2.57159e-06 1.96955e-06 1.40488e-06 9.36398e-07 5.85751e-07 3.44936e-07 1.91505e-07 9.99242e-08 4.84258e-08 2.09436e-08 6.11806e-09 6.11806e-09 
6.67103e-09 2.6924e-08 6.98362e-08 1.53125e-07 3.02324e-07 5.50455e-07 9.28281e-07 1.44356e-06 2.05488e-06 2.65813e-06 3.09875e-06 3.19967e-06 2.78174e-06 1.82648e-06 8.88397e-07 4.48449e-07 3.43998e-07 2.84427e-07 2.42785e-07 2.28118e-07 2.33138e-07 2.51017e-07 2.78967e-07 3.18579e-07 3.71667e-07 4.3934e-07 5.21597e-07 6.16904e-07 7.23945e-07 8.45239e-07 9.89012e-07 1.17169e-06 1.43621e-06 1.93435e-06 3.24417e-06 5.40507e-06 6.32711e-06 5.71675e-06 4.86525e-06 4.01429e-06 3.12599e-06 2.25539e-06 1.51296e-06 9.49471e-07 5.60147e-07 3.11914e-07 1.64012e-07 8.08657e-08 3.66586e-08 1.38832e-08 2.81072e-09 
1.57716e-08 4.84762e-08 1.16642e-07 2.47622e-07 4.82631e-07 8.73912e-07 1.46607e-06 2.25755e-06 3.15236e-06 3.93944e-06 4.32781e-06 4.02502e-06 2.87255e-06 1.41144e-06 5.99683e-07 4.01523e-07 3.22769e-07 2.60792e-07 2.34001e-07 2.27604e-07 2.35756e-07 2.53381e-07 2.80342e-07 3.18156e-07 3.678e-07 4.29769e-07 5.0409e-07 5.91092e-07 6.93146e-07 8.16747e-07 9.74906e-07 1.19342e-06 1.54889e-06 2.36945e-06 4.57005e-06 7.36293e-06 8.23975e-06 7.44514e-06 6.27065e-06 4.96421e-06 3.6268e-06 2.45075e-06 1.54352e-06 9.11827e-07 5.08406e-07 2.68559e-07 1.34028e-07 6.23835e-08 2.61147e-08 7.73587e-09 7.73587e-09 
7.45123e-09 3.08712e-08 8.29678e-08 1.90041e-07 3.95362e-07 7.65118e-07 1.38077e-06 2.30358e-06 3.50231e-06 4.76442e-06 5.67206e-06 5.70713e-06 4.49445e-06 2.41565e-06 9.35942e-07 5.21432e-07 3.97252e-07 2.96006e-07 2.5182e-07 2.33138e-07 2.30724e-07 2.39e-07 2.55662e-07 2.81311e-07 3.16872e-07 3.62903e-07 4.1983e-07 4.88573e-07 5.7161e-07 6.74412e-07 8.0735e-07 9.89012e-07 1.26114e-06 1.77134e-06 3.21173e-06 6.51519e-06 1.00486e-05 1.06392e-05 9.6501e-06 7.86977e-06 5.83788e-06 3.97814e-06 2.51576e-06 1.48778e-06 8.2953e-07 4.39009e-07 2.20806e-07 1.04697e-07 4.58281e-08 1.70491e-08 3.58569e-09 
1.74039e-08 5.49941e-08 1.37062e-07 3.04017e-07 6.25122e-07 1.20567e-06 2.17032e-06 3.5949e-06 5.36995e-06 7.04062e-06 7.80941e-06 6.8603e-06 4.18696e-06 1.69325e-06 7.68491e-07 5.61183e-07 3.62754e-07 2.84078e-07 2.49699e-07 2.35756e-07 2.3432e-07 2.41794e-07 2.57303e-07 2.81338e-07 3.14473e-07 3.57175e-07 4.10357e-07 4.76222e-07 5.59362e-07 6.68133e-07 8.16747e-07 1.03241e-06 1.3862e-06 2.20073e-06 4.62017e-06 9.46978e-06 1.32203e-05 1.36245e-05 1.22311e-05 9.36948e-06 6.46273e-06 4.10883e-06 2.43289e-06 1.35522e-06 7.16956e-07 3.62013e-07 1.73875e-07 7.82488e-08 3.18434e-08 9.52294e-09 9.52294e-09 
7.98123e-09 3.37125e-08 9.3041e-08 2.20636e-07 4.79667e-07 9.80474e-07 1.88858e-06 3.38926e-06 5.55503e-06 8.08797e-06 1.00474e-05 1.0012e-05 7.12458e-06 3.24201e-06 1.31881e-06 8.90851e-07 5.14523e-07 3.40281e-07 2.79001e-07 2.51017e-07 2.39e-07 2.37309e-07 2.43778e-07 2.58011e-07 2.80348e-07 3.11216e-07 3.51351e-07 4.02484e-07 4.6823e-07 5.55191e-07 6.74412e-07 8.45239e-07 1.10909e-06 1.6094e-06 2.97121e-06 7.00644e-06 1.30534e-05 1.67661e-05 1.73927e-05 1.47345e-05 1.04569e-05 6.71323e-06 3.985e-06 2.21705e-06 1.1705e-06 5.91379e-07 2.86235e-07 1.31414e-07 5.58936e-08 2.04546e-08 4.42521e-09 
1.84166e-08 5.93507e-08 1.51779e-07 3.48293e-07 7.48453e-07 1.52639e-06 2.938e-06 5.24538e-06 8.45734e-06 1.18496e-05 1.35683e-05 1.14458e-05 6.17737e-06 2.53543e-06 1.51653e-06 8.59437e-07 4.54252e-07 3.27313e-07 2.78056e-07 2.53381e-07 2.41794e-07 2.3941e-07 2.44818e-07 2.57798e-07 2.78563e-07 3.07651e-07 3.46323e-07 3.97267e-07 4.65471e-07 5.59362e-07 6.93146e-07 8.93761e-07 1.23462e-06 1.99826e-06 4.4284e-06 1.03322e-05 1.68273e-05 2.10577e-05 2.14598e-05 1.65797e-05 1.0914e-05 6.52599e-06 3.63014e-06 1.91102e-06 9.63646e-07 4.67905e-07 2.17738e-07 9.53903e-08 3.79222e-08 1.14037e-08 1.14037e-08 
8.2407e-09 3.52872e-08 9.91328e-08 2.40958e-07 5.41431e-07 1.15654e-06 2.35751e-06 4.52983e-06 8.01165e-06 1.25865e-05 1.66269e-05 1.67766e-05 1.11095e-05 4.92255e-06 2.61665e-06 1.574e-06 7.13339e-07 4.14073e-07 3.21281e-07 2.78967e-07 2.55662e-07 2.43778e-07 2.40553e-07 2.44989e-07 2.56853e-07 2.7639e-07 3.04446e-07 3.42921e-07 3.95444e-07 4.6823e-07 5.7161e-07 7.23945e-07 9.67217e-07 1.43763e-06 2.73292e-06 6.93222e-06 1.3889e-05 2.12388e-05 2.6423e-05 2.46473e-05 1.73893e-05 1.06263e-05 5.93765e-06 3.11906e-06 1.56741e-06 7.60776e-07 3.56731e-07 1.59658e-07 6.63982e-08 2.39505e-08 5.28756e-09 
1.87888e-08 6.13351e-08 1.59481e-07 3.74539e-07 8.30849e-07 1.77001e-06 3.60655e-06 6.8974e-06 1.19982e-05 1.80916e-05 2.18047e-05 1.81348e-05 9.41282e-06 4.54388e-06 2.82378e-06 1.29362e-06 5.9364e-07 3.92026e-07 3.19116e-07 2.80342e-07 2.57303e-07 2.44818e-07 2.4084e-07 2.4447e-07 2.55497e-07 2.74335e-07 3.0223e-07 3.4172e-07 3.97267e-07 4.76222e-07 5.91092e-07 7.67401e-07 1.07615e-06 1.79514e-06 4.14819e-06 1.00405e-05 1.79884e-05 2.65894e-05 3.15941e-05 2.6199e-05 1.69643e-05 9.64869e-06 5.07939e-06 2.54452e-06 1.23175e-06 5.79214e-07 2.6291e-07 1.12853e-07 4.40482e-08 1.32816e-08 1.32816e-08 
8.23437e-09 3.56025e-08 1.01034e-07 2.49328e-07 5.72213e-07 1.25973e-06 2.67994e-06 5.44853e-06 1.03151e-05 1.74492e-05 2.46686e-05 2.57554e-05 1.67725e-05 8.06735e-06 4.82194e-06 2.46199e-06 9.90655e-07 5.21554e-07 3.80905e-07 3.18579e-07 2.81311e-07 2.58011e-07 2.44989e-07 2.40449e-07 2.43533e-07 2.54127e-07 2.72877e-07 3.0144e-07 3.42921e-07 4.02484e-07 4.88573e-07 6.16904e-07 8.2614e-07 1.2503e-06 2.48749e-06 6.31119e-06 1.36406e-05 2.26074e-05 3.27116e-05 3.48581e-05 2.57679e-05 1.53763e-05 8.20925e-06 4.11521e-06 1.98626e-06 9.33634e-07 4.27141e-07 1.87563e-07 7.67225e-08 2.7348e-08 6.12455e-09 
1.85573e-08 6.10468e-08 1.60112e-07 3.80948e-07 8.60986e-07 1.88622e-06 4.0043e-06 8.09018e-06 1.50305e-05 2.43084e-05 3.1074e-05 2.63848e-05 1.42482e-05 7.7987e-06 4.50755e-06 1.84479e-06 7.87524e-07 4.8205e-07 3.75302e-07 3.18156e-07 2.81338e-07 2.57798e-07 2.4447e-07 2.39641e-07 2.42522e-07 2.53127e-07 2.72352e-07 3.0223e-07 3.46323e-07 4.10357e-07 5.0409e-07 6.48655e-07 9.09923e-07 1.57256e-06 3.66242e-06 9.22787e-06 1.73653e-05 2.7945e-05 3.82392e-05 3.52847e-05 2.34201e-05 1.30101e-05 6.5962e-06 3.18481e-06 1.49493e-06 6.86299e-07 3.05912e-07 1.29433e-07 4.98465e-08 1.50478e-08 1.50478e-08 
7.98353e-09 3.47755e-08 9.90664e-08 2.46184e-07 5.70808e-07 1.27634e-06 2.78375e-06 5.88026e-06 1.17261e-05 2.11065e-05 3.18281e-05 3.4966e-05 2.36954e-05 1.24869e-05 7.57899e-06 3.46371e-06 1.35881e-06 6.66991e-07 4.611e-07 3.71667e-07 3.16872e-07 2.80348e-07 2.56853e-07 2.43533e-07 2.38741e-07 2.41763e-07 2.52763e-07 2.72877e-07 3.04446e-07 3.51351e-07 4.1983e-07 5.21597e-07 6.88373e-07 1.05194e-06 2.15214e-06 5.45016e-06 1.24092e-05 2.11479e-05 3.37977e-05 4.119e-05 3.26654e-05 1.97681e-05 1.03623e-05 5.0527e-06 2.37465e-06 1.09184e-06 4.91106e-07 2.12906e-07 8.61355e-08 3.04335e-08 6.88545e-09 
1.77934e-08 5.8774e-08 1.54467e-07 3.69169e-07 8.40025e-07 1.8618e-06 4.03515e-06 8.4359e-06 1.64376e-05 2.8153e-05 3.82172e-05 3.43902e-05 2.01113e-05 1.1607e-05 6.25825e-06 2.46784e-06 1.03983e-06 6.00501e-07 4.489e-07 3.678e-07 3.14473e-07 2.78563e-07 2.55497e-07 2.42522e-07 2.38056e-07 2.41484e-07 2.53127e-07 2.74335e-07 3.07651e-07 3.57175e-07 4.29769e-07 5.40703e-07 7.46945e-07 1.31342e-06 3.08743e-06 7.87572e-06 1.5049e-05 2.53386e-05 3.90711e-05 3.99823e-05 2.78128e-05 1.56385e-05 7.84932e-06 3.72493e-06 1.71843e-06 7.77532e-07 3.4275e-07 1.43777e-07 5.48994e-08 1.65889e-08 1.65889e-08 
7.52047e-09 3.29832e-08 9.38492e-08 2.3327e-07 5.41484e-07 1.21378e-06 2.66472e-06 5.71446e-06 1.17277e-05 2.20229e-05 3.50445e-05 4.10735e-05 3.02142e-05 1.73248e-05 1.02403e-05 4.48586e-06 1.76544e-06 8.50263e-07 5.64124e-07 4.3934e-07 3.62903e-07 3.11216e-07 2.7639e-07 2.54127e-07 2.41763e-07 2.37803e-07 2.41763e-07 2.54127e-07 2.7639e-07 3.11216e-07 3.62903e-07 4.3934e-07 5.64124e-07 8.50263e-07 1.76544e-06 4.48586e-06 1.02403e-05 1.73248e-05 3.02142e-05 4.10735e-05 3.50445e-05 2.20229e-05 1.17277e-05 5.71446e-06 2.66472e-06 1.21378e-06 5.41484e-07 2.3327e-07 9.38492e-08 3.29832e-08 7.52047e-09 
1.65889e-08 5.48994e-08 1.43777e-07 3.4275e-07 7.77532e-07 1.71843e-06 3.72493e-06 7.84932e-06 1.56385e-05 2.78128e-05 3.99823e-05 3.90711e-05 2.53386e-05 1.5049e-05 7.87572e-06 3.08743e-06 1.31342e-06 7.46945e-07 5.40703e-07 4.29769e-07 3.57175e-07 3.07651e-07 2.74335e-07 2.53127e-07 2.41484e-07 2.38056e-07 2.42522e-07 2.55497e-07 2.78563e-07 3.14473e-07 3.678e-07 4.489e-07 6.00501e-07 1.03983e-06 2.46784e-06 6.25825e-06 1.1607e-05 2.01113e-05 3.43902e-05 3.82172e-05 2.8153e-05 1.64376e-05 8.4359e-06 4.03515e-06 1.8618e-06 8.40025e-07 3.69169e-07 1.54467e-07 5.8774e-08 1.77934e-08 1.77934e-08 
6.88545e-09 3.04335e-08 8.61355e-08 2.12906e-07 4.91106e-07 1.09184e-06 2.37465e-06 5.0527e-06 1.03623e-05 1.97681e-05 3.26654e-05 4.119e-05 3.37977e-05 2.11479e-05 1.24092e-05 5.45016e-06 2.15214e-06 1.05194e-06 6.88373e-07 5.21597e-07 4.1983e-07 3.51351e-07 3.04446e-07 2.72877e-07 2.52763e-07 2.41763e-07 2.38741e-07 2.43533e-07 2.56853e-07 2.80348e-07 3.16872e-07 3.71667e-07 4.611e-07 6.66991e-07 1.35881e-06 3.46371e-06 7.57899e-06 1.24869e-05 2.36954e-05 3.4966e-05 3.18281e-05 2.11065e-05 1.17261e-05 5.88026e-06 2.78375e-06 1.27634e-06 5.70808e-07 2.46184e-07 9.90664e-08 3.47755e-08 7.98353e-09 
1.50478e-08 4.98465e-08 1.29433e-07 3.05912e-07 6.86299e-07 1.49493e-06 3.18481e-06 6.5962e-06 1.30101e-05 2.34201e-05 3.52847e-05 3.82392e-05 2.7945e-05 1.73653e-05 9.22787e-06 3.66242e-06 1.57256e-06 9.09923e-07 6.48655e-07 5.0409e-07 4.10357e-07 3.46323e-07 3.0223e-07 2.72352e-07 2.53127e-07 2.42522e-07 2.39641e-07 2.4447e-07 2.57798e-07 2.81338e-07 3.18156e-07 3.75302e-07 4.8205e-07 7.87524e-07 1.84479e-06 4.50755e-06 7.7987e-06 1.42482e-05 2.63848e-05 3.1074e-05 2.43084e-05 1.50305e-05 8.09018e-06 4.0043e-06 1.88622e-06 8.60986e-07 3.80948e-07 1.60112e-07 6.10468e-08 1.85573e-08 1.85573e-08 
6.12455e-09 2.7348e-08 7.67225e-08 1.87563e-07 4.27141e-07 9.33634e-07 1.98626e-06 4.11521e-06 8.20925e-06 1.53763e-05 2.57679e-05 3.48581e-05 3.27116e-05 2.26074e-05 1.36406e-05 6.31119e-06 2.48749e-06 1.2503e-06 8.2614e-07 6.16904e-07 4.88573e-07 4.02484e-07 3.42921e-07 3.0144e-07 2.72877e-07 2.54127e-07 2.43533e-07 2.40449e-07 2.44989e-07 2.58011e-07 2.81311e-07 3.18579e-07 3.80905e-07 5.21554e-07 9.90655e-07 2.46199e-06 4.82194e-06 8.06735e-06 1.67725e-05 2.57554e-05 2.46686e-05 1.74492e-05 1.03151e-05 5.44853e-06 2.67994e-06 1.25973e-06 5.72213e-07 2.49328e-07 1.01034e-07 3.56025e-08 8.23437e-09 
1.32816e-08 4.40482e-08 1.12853e-07 2.6291e-07 5.79214e-07 1.23175e-06 2.54452e-06 5.07939e-06 9.64869e-06 1.69643e-05 2.6199e-05 3.15941e-05 2.65894e-05 1.79884e-05 1.00405e-05 4.14819e-06 1.79514e-06 1.07615e-06 7.67401e-07 5.91092e-07 4.76222e-07 3.97267e-07 3.4172e-07 3.0223e-07 2.74335e-07 2.55497e-07 2.4447e-07 2.4084e-07 2.44818e-07 2.57303e-07 2.80342e-07 3.19116e-07 3.92026e-07 5.9364e-07 1.29362e-06 2.82378e-06 4.54388e-06 9.41282e-06 1.81348e-05 2.18047e-05 1.80916e-05 1.19982e-05 6.8974e-06 3.60655e-06 1.77001e-06 8.30849e-07 3.74539e-07 1.59481e-07 6.13351e-08 1.87888e-08 1.87888e-08 
5.28756e-09 2.39505e-08 6.63982e-08 1.59658e-07 3.56731e-07 7.60776e-07 1.56741e-06 3.11906e-06 5.93765e-06 1.06263e-05 1.73893e-05 2.46473e-05 2.6423e-05 2.12388e-05 1.3889e-05 6.93222e-06 2.73292e-06 1.43763e-06 9.67217e-07 7.23945e-07 5.7161e-07 4.6823e-07 3.95444e-07 3.42921e-07 3.04446e-07 2.7639e-07 2.56853e-07 2.44989e-07 2.40553e-07 2.43778e-07 2.55662e-07 2.78967e-07 3.21281e-07 4.14073e-07 7.13339e-07 1.574e-06 2.61665e-06 4.92255e-06 1.11095e-05 1.67766e-05 1.66269e-05 1.25865e-05 8.01165e-06 4.52983e-06 2.35751e-06 1.15654e-06 5.41431e-07 2.40958e-07 9.91328e-08 3.52872e-08 8.2407e-09 
1.14037e-08 3.79222e-08 9.53903e-08 2.17738e-07 4.67905e-07 9.63646e-07 1.91102e-06 3.63014e-06 6.52599e-06 1.0914e-05 1.65797e-05 2.14598e-05 2.10577e-05 1.68273e-05 1.03322e-05 4.4284e-06 1.99826e-06 1.23462e-06 8.93761e-07 6.93146e-07 5.59362e-07 4.65471e-07 3.97267e-07 3.46323e-07 3.07651e-07 2.78563e-07 2.57798e-07 2.44818e-07 2.3941e-07 2.41794e-07 2.53381e-07 2.78056e-07 3.27313e-07 4.54252e-07 8.59437e-07 1.51653e-06 2.53543e-06 6.17737e-06 1.14458e-05 1.35683e-05 1.18496e-05 8.45734e-06 5.24538e-06 2.938e-06 1.52639e-06 7.48453e-07 3.48293e-07 1.51779e-07 5.93507e-08 1.84166e-08 1.84166e-08 
4.42521e-09 2.04546e-08 5.58936e-08 1.31414e-07 2.86235e-07 5.91379e-07 1.1705e-06 2.21705e-06 3.985e-06 6.71323e-06 1.04569e-05 1.47345e-05 1.73927e-05 1.67661e-05 1.30534e-05 7.00644e-06 2.97121e-06 1.6094e-06 1.10909e-06 8.45239e-07 6.74412e-07 5.55191e-07 4.6823e-07 4.02484e-07 3.51351e-07 3.11216e-07 2.80348e-07 2.58011e-07 2.43778e-07 2.37309e-07 2.39e-07 2.51017e-07 2.79001e-07 3.40281e-07 5.14523e-07 8.90851e-07 1.31881e-06 3.24201e-06 7.12458e-06 1.0012e-05 1.00474e-05 8.08797e-06 5.55503e-06 3.38926e-06 1.88858e-06 9.80474e-07 4.79667e-07 2.20636e-07 9.3041e-08 3.37125e-08 7.98123e-09 
9.52294e-09 3.18434e-08 7.82488e-08 1.73875e-07 3.62013e-07 7.16956e-07 1.35522e-06 2.43289e-06 4.10883e-06 6.46273e-06 9.36948e-06 1.22311e-05 1.36245e-05 1.32203e-05 9.46978e-06 4.62017e-06 2.20073e-06 1.3862e-06 1.03241e-06 8.16747e-07 6.68133e-07 5.59362e-07 4.76222e-07 4.10357e-07 3.57175e-07 3.14473e-07 2.81338e-07 2.57303e-07 2.41794e-07 2.3432e-07 2.35756e-07 2.49699e-07 2.84078e-07 3.62754e-07 5.61183e-07 7.68491e-07 1.69325e-06 4.18696e-06 6.8603e-06 7.80941e-06 7.04062e-06 5.36995e-06 3.5949e-06 2.17032e-06 1.20567e-06 6.25122e-07 3.04017e-07 1.37062e-07 5.49941e-08 1.74039e-08 1.74039e-08 
3.58569e-09 1.70491e-08 4.58281e-08 1.04697e-07 2.20806e-07 4.39009e-07 8.2953e-07 1.48778e-06 2.51576e-06 3.97814e-06 5.83788e-06 7.86977e-06 9.6501e-06 1.06392e-05 1.00486e-05 6.51519e-06 3.21173e-06 1.77134e-06 1.26114e-06 9.89012e-07 8.0735e-07 6.74412e-07 5.7161e-07 4.88573e-07 4.1983e-07 3.62903e-07 3.16872e-07 2.81311e-07 2.55662e-07 2.39e-07 2.30724e-07 2.33138e-07 2.5182e-07 2.96006e-07 3.97252e-07 5.21432e-07 9.35942e-07 2.41565e-06 4.49445e-06 5.70713e-06 5.67206e-06 4.76442e-06 3.50231e-06 2.30358e-06 1.38077e-06 7.65118e-07 3.95362e-07 1.90041e-07 8.29678e-08 3.08712e-08 7.45123e-09 
7.73587e-09 2.61147e-08 6.23835e-08 1.34028e-07 2.68559e-07 5.08406e-07 9.11827e-07 1.54352e-06 2.45075e-06 3.6268e-06 4.96421e-06 6.27065e-06 7.44514e-06 8.23975e-06 7.36293e-06 4.57005e-06 2.36945e-06 1.54889e-06 1.19342e-06 9.74906e-07 8.16747e-07 6.93146e-07 5.91092e-07 5.0409e-07 4.29769e-07 3.678e-07 3.18156e-07 2.80342e-07 2.53381e-07 2.35756e-07 2.27604e-07 2.34001e-07 2.60792e-07 3.22769e-07 4.01523e-07 5.99683e-07 1.41144e-06 2.87255e-06 4.02502e-06 4.32781e-06 3.93944e-06 3.15236e-06 2.25755e-06 1.46607e-06 8.73912e-07 4.82631e-07 2.47622e-07 1.16642e-07 4.84762e-08 1.57716e-08 1.57716e-08 
2.81072e-09 1.38832e-08 3.66586e-08 8.08657e-08 1.64012e-07 3.11914e-07 5.60147e-07 9.49471e-07 1.51296e-06 2.25539e-06 3.12599e-06 4.01429e-06 4.86525e-06 5.71675e-06 6.32711e-06 5.40507e-06 3.24417e-06 1.93435e-06 1.43621e-06 1.17169e-06 9.89012e-07 8.45239e-07 7.23945e-07 6.16904e-07 5.21597e-07 4.3934e-07 3.71667e-07 3.18579e-07 2.78967e-07 2.51017e-07 2.33138e-07 2.28118e-07 2.42785e-07 2.84427e-07 3.43998e-07 4.48449e-07 8.88397e-07 1.82648e-06 2.78174e-06 3.19967e-06 3.09875e-06 2.65813e-06 2.05488e-06 1.44356e-06 9.28281e-07 5.50455e-07 3.02324e-07 1.53125e-07 6.98362e-08 2.6924e-08 6.67103e-09 
6.11806e-09 2.09436e-08 4.84258e-08 9.99242e-08 1.91505e-07 3.44936e-07 5.85751e-07 9.36398e-07 1.40488e-06 1.96955e-06 2.57159e-06 3.16172e-06 3.77737e-06 4.47843e-06 4.88889e-06 3.93122e-06 2.46239e-06 1.73125e-06 1.4008e-06 1.19342e-06 1.03241e-06 8.93761e-07 7.67401e-07 6.48655e-07 5.40703e-07 4.489e-07 3.75302e-07 3.19116e-07 2.78056e-07 2.49699e-07 2.34001e-07 2.37362e-07 2.6562e-07 3.13185e-07 3.71139e-07 6.1311e-07 1.19665e-06 1.90686e-06 2.32479e-06 2.3653e-06 2.13844e-06 1.75931e-06 1.32585e-06 9.17698e-07 5.85201e-07 3.44906e-07 1.87693e-07 9.30595e-08 4.03951e-08 1.36225e-08 1.36225e-08 
2.13168e-09 1.1055e-08 2.86507e-08 6.06833e-08 1.17631e-07 2.12942e-07 3.62545e-07 5.81308e-07 8.76855e-07 1.24143e-06 1.64684e-06 2.06343e-06 2.50137e-06 3.02328e-06 3.61216e-06 3.75655e-06 2.93435e-06 2.08616e-06 1.67043e-06 1.43621e-06 1.26114e-06 1.10909e-06 9.67217e-07 8.2614e-07 6.88373e-07 5.64124e-07 4.611e-07 3.80905e-07 3.21281e-07 2.79001e-07 2.5182e-07 2.42785e-07 2.60986e-07 2.95072e-07 3.26019e-07 4.64963e-07 8.22905e-07 1.32635e-06 1.67753e-06 1.77552e-06 1.67022e-06 1.43994e-06 1.14903e-06 8.49197e-07 5.80683e-07 3.67311e-07 2.14721e-07 1.15125e-07 5.52125e-08 2.22289e-08 5.69426e-09 
4.71754e-09 1.64361e-08 3.66656e-08 7.22578e-08 1.31797e-07 2.25222e-07 3.62192e-07 5.48745e-07 7.83041e-07 1.05277e-06 1.3442e-06 1.66453e-06 2.0517e-06 2.52736e-06 2.97428e-06 2.94017e-06 2.40457e-06 1.97374e-06 1.73125e-06 1.54889e-06 1.3862e-06 1.23462e-06 1.07615e-06 9.09923e-07 7.46945e-07 6.00501e-07 4.8205e-07 3.92026e-07 3.27313e-07 2.84078e-07 2.60792e-07 2.6562e-07 2.89836e-07 3.00463e-07 3.76974e-07 6.08251e-07 9.53579e-07 1.22526e-06 1.32485e-06 1.28289e-06 1.14442e-06 9.53365e-07 7.43331e-07 5.4084e-07 3.65879e-07 2.29394e-07 1.32532e-07 6.94361e-08 3.16701e-08 1.11499e-08 1.11499e-08 
1.56666e-09 8.61105e-09 2.18923e-08 4.43453e-08 8.17797e-08 1.40488e-07 2.26664e-07 3.44658e-07 4.94745e-07 6.72011e-07 8.71435e-07 1.10135e-06 1.39136e-06 1.76941e-06 2.20795e-06 2.52756e-06 2.47485e-06 2.23897e-06 2.08616e-06 1.93435e-06 1.77134e-06 1.6094e-06 1.43763e-06 1.2503e-06 1.05194e-06 8.50263e-07 6.66991e-07 5.21554e-07 4.14073e-07 3.40281e-07 2.96006e-07 2.84427e-07 2.95072e-07 2.91723e-07 3.28341e-07 4.8008e-07 7.24001e-07 9.22739e-07 9.99669e-07 9.80104e-07 8.94377e-07 7.68237e-07 6.23688e-07 4.77461e-07 3.42823e-07 2.29518e-07 1.42348e-07 8.08382e-08 4.09046e-08 1.72935e-08 4.60863e-09 
3.55276e-09 1.26152e-08 2.71069e-08 5.08447e-08 8.80121e-08 1.42576e-07 2.17501e-07 3.13575e-07 4.2899e-07 5.62491e-07 7.21983e-07 9.3156e-07 1.22153e-06 1.59964e-06 2.0061e-06 2.26711e-06 2.32436e-06 2.40457e-06 2.46239e-06 2.36945e-06 2.20073e-06 1.99826e-06 1.79514e-06 1.57256e-06 1.31342e-06 1.03983e-06 7.87524e-07 5.9364e-07 4.54252e-07 3.62754e-07 3.22769e-07 3.13185e-07 3.00463e-07 3.12338e-07 4.09841e-07 5.84083e-07 7.28658e-07 7.76924e-07 7.57013e-07 6.95626e-07 6.08766e-07 5.08353e-07 4.04437e-07 3.0495e-07 2.16339e-07 1.43233e-07 8.75755e-08 4.84941e-08 2.33079e-08 8.6099e-09 8.6099e-09 
1.11947e-09 6.55636e-09 1.63458e-08 3.16178e-08 5.53613e-08 9.01843e-08 1.3805e-07 1.99689e-07 2.74457e-07 3.62334e-07 4.69532e-07 6.14435e-07 8.24605e-07 1.12169e-06 1.49929e-06 1.88929e-06 2.18032e-06 2.47485e-06 2.93435e-06 3.24417e-06 3.21173e-06 2.97121e-06 2.73292e-06 2.48749e-06 2.15214e-06 1.76544e-06 1.35881e-06 9.90655e-07 7.13339e-07 5.14523e-07 3.97252e-07 3.43998e-07 3.26019e-07 3.28341e-07 3.87378e-07 5.06966e-07 6.06599e-07 6.30718e-07 6.01677e-07 5.47094e-07 4.80403e-07 4.07555e-07 3.32906e-07 2.60493e-07 1.93818e-07 1.35881e-07 8.87962e-08 5.32395e-08 2.84194e-08 1.26489e-08 3.52208e-09 
2.61662e-09 9.45315e-09 1.95703e-08 3.49219e-08 5.73605e-08 8.81895e-08 1.27949e-07 1.76376e-07 2.33638e-07 3.03978e-07 4.00391e-07 5.44948e-07 7.61567e-07 1.06442e-06 1.44369e-06 1.84962e-06 2.26711e-06 2.94017e-06 3.93122e-06 4.57005e-06 4.62017e-06 4.4284e-06 4.14819e-06 3.66242e-06 3.08743e-06 2.46784e-06 1.84479e-06 1.29362e-06 8.59437e-07 5.61183e-07 4.01523e-07 3.71139e-07 3.76974e-07 4.09841e-07 4.82217e-07 5.37907e-07 5.37405e-07 4.98288e-07 4.4246e-07 3.83505e-07 3.25625e-07 2.6964e-07 2.16317e-07 1.66858e-07 1.22612e-07 8.48787e-08 5.45638e-08 3.18296e-08 1.61133e-08 6.2588e-09 6.2588e-09 
7.81415e-10 4.87111e-09 1.19078e-08 2.20229e-08 3.66508e-08 5.67087e-08 8.25696e-08 1.14077e-07 1.51281e-07 1.9674e-07 2.59007e-07 3.54259e-07 5.03298e-07 7.25776e-07 1.03368e-06 1.42517e-06 1.88929e-06 2.52756e-06 3.75655e-06 5.40507e-06 6.51519e-06 7.00644e-06 6.93222e-06 6.31119e-06 5.45016e-06 4.48586e-06 3.46371e-06 2.46199e-06 1.574e-06 8.90851e-07 5.21432e-07 4.48449e-07 4.64963e-07 4.8008e-07 5.06966e-07 5.15493e-07 4.84387e-07 4.3194e-07 3.72175e-07 3.14665e-07 2.63324e-07 2.17817e-07 1.76842e-07 1.39701e-07 1.06364e-07 7.71847e-08 5.26553e-08 3.31238e-08 1.85893e-08 8.70328e-09 2.53681e-09 
1.88545e-09 6.90029e-09 1.37912e-08 2.34713e-08 3.66775e-08 5.368e-08 7.43596e-08 9.86304e-08 1.27843e-07 1.67238e-07 2.27889e-07 3.259e-07 4.79586e-07 7.06978e-07 1.02366e-06 1.44369e-06 2.0061e-06 2.97428e-06 4.88889e-06 7.36293e-06 9.46978e-06 1.03322e-05 1.00405e-05 9.22787e-06 7.87572e-06 6.25825e-06 4.50755e-06 2.82378e-06 1.51653e-06 7.68491e-07 5.99683e-07 6.1311e-07 6.08251e-07 5.84083e-07 5.37907e-07 4.67033e-07 3.94227e-07 3.26986e-07 2.68129e-07 2.18785e-07 1.78189e-07 1.44297e-07 1.15204e-07 8.97603e-08 6.74854e-08 4.83125e-08 3.23697e-08 1.97714e-08 1.05036e-08 4.28558e-09 4.28558e-09 
5.35529e-10 3.52428e-09 8.45065e-09 1.49975e-08 2.38135e-08 3.51335e-08 4.88705e-08 6.48677e-08 8.37173e-08 1.0839e-07 1.46005e-07 2.0815e-07 3.09565e-07 4.6729e-07 7.00979e-07 1.03368e-06 1.49929e-06 2.20795e-06 3.61216e-06 6.32711e-06 1.00486e-05 1.30534e-05 1.3889e-05 1.36406e-05 1.24092e-05 1.02403e-05 7.57899e-06 4.82194e-06 2.61665e-06 1.31881e-06 9.35942e-07 8.88397e-07 8.22905e-07 7.24001e-07 6.06599e-07 4.84387e-07 3.81898e-07 3.0136e-07 2.38194e-07 1.88541e-07 1.49726e-07 1.193e-07 9.48893e-08 7.4642e-08 5.7408e-08 4.26069e-08 3.00283e-08 1.96553e-08 1.15265e-08 5.65412e-09 1.72343e-09 
1.3286e-09 4.89786e-09 9.48273e-09 1.54672e-08 2.31088e-08 3.23631e-08 4.30653e-08 5.53919e-08 7.08756e-08 9.3804e-08 1.32038e-07 1.96559e-07 3.01129e-07 4.63428e-07 7.06978e-07 1.06442e-06 1.59964e-06 2.52736e-06 4.47843e-06 8.23975e-06 1.32203e-05 1.68273e-05 1.79884e-05 1.73653e-05 1.5049e-05 1.1607e-05 7.7987e-06 4.54388e-06 2.53543e-06 1.69325e-06 1.41144e-06 1.19665e-06 9.53579e-07 7.28658e-07 5.37405e-07 3.94227e-07 2.93003e-07 2.21268e-07 1.69087e-07 1.30337e-07 1.01282e-07 7.92276e-08 6.20325e-08 4.81357e-08 3.65518e-08 2.67479e-08 1.84938e-08 1.17333e-08 6.50011e-09 2.77405e-09 2.77405e-09 
3.61787e-10 2.47969e-09 5.83807e-09 9.99378e-09 1.52295e-08 2.1557e-08 2.88421e-08 3.70695e-08 4.69386e-08 6.08463e-08 8.38169e-08 1.23615e-07 1.90547e-07 2.98506e-07 4.6729e-07 7.25776e-07 1.12169e-06 1.76941e-06 3.02328e-06 5.71675e-06 1.06392e-05 1.67661e-05 2.12388e-05 2.26074e-05 2.11479e-05 1.73248e-05 1.24869e-05 8.06735e-06 4.92255e-06 3.24201e-06 2.41565e-06 1.82648e-06 1.32635e-06 9.22739e-07 6.30718e-07 4.3194e-07 3.0136e-07 2.15762e-07 1.58118e-07 1.17868e-07 8.898e-08 6.79067e-08 5.22765e-08 4.03528e-08 3.09087e-08 2.3162e-08 1.66758e-08 1.12506e-08 6.83975e-09 3.49147e-09 1.1085e-09 
9.14988e-10 3.37911e-09 6.36466e-09 1.00128e-08 1.4403e-08 1.94495e-08 2.5074e-08 3.15398e-08 4.00765e-08 5.36869e-08 7.75944e-08 1.19192e-07 1.88685e-07 3.01129e-07 4.79586e-07 7.61567e-07 1.22153e-06 2.0517e-06 3.77737e-06 7.44514e-06 1.36245e-05 2.10577e-05 2.65894e-05 2.7945e-05 2.53386e-05 2.01113e-05 1.42482e-05 9.41282e-06 6.17737e-06 4.18696e-06 2.87255e-06 1.90686e-06 1.22526e-06 7.76924e-07 4.98288e-07 3.26986e-07 2.21268e-07 1.54558e-07 1.10856e-07 8.10731e-08 6.01654e-08 4.5208e-08 3.43083e-08 2.6135e-08 1.97626e-08 1.45977e-08 1.03039e-08 6.72878e-09 3.85543e-09 1.70864e-09 1.70864e-09 
2.41453e-10 1.6967e-09 3.92874e-09 6.52634e-09 9.61618e-09 1.31683e-08 1.71045e-08 2.14883e-08 2.68911e-08 3.49764e-08 4.90585e-08 7.42597e-08 1.17818e-07 1.90547e-07 3.09565e-07 5.03298e-07 8.24605e-07 1.39136e-06 2.50137e-06 4.86525e-06 9.6501e-06 1.73927e-05 2.6423e-05 3.27116e-05 3.37977e-05 3.02142e-05 2.36954e-05 1.67725e-05 1.11095e-05 7.12458e-06 4.49445e-06 2.78174e-06 1.67753e-06 9.99669e-07 6.01677e-07 3.72175e-07 2.38194e-07 1.58118e-07 1.08585e-07 7.66366e-08 5.51934e-08 4.03697e-08 2.99192e-08 2.24103e-08 1.68569e-08 1.25791e-08 9.13961e-09 6.29065e-09 3.92932e-09 2.06881e-09 6.79453e-10 
6.15904e-10 2.26869e-09 4.17709e-09 6.38463e-09 8.91938e-09 1.17291e-08 1.4804e-08 1.83799e-08 2.33085e-08 3.15525e-08 4.65124e-08 7.32158e-08 1.19192e-07 1.96559e-07 3.259e-07 5.44948e-07 9.3156e-07 1.66453e-06 3.16172e-06 6.27065e-06 1.22311e-05 2.14598e-05 3.15941e-05 3.82392e-05 3.90711e-05 3.43902e-05 2.63848e-05 1.81348e-05 1.14458e-05 6.8603e-06 4.02502e-06 2.32479e-06 1.32485e-06 7.57013e-07 4.4246e-07 2.68129e-07 1.69087e-07 1.10856e-07 7.52023e-08 5.24096e-08 3.7265e-08 2.69128e-08 1.96989e-08 1.45755e-08 1.0828e-08 7.96588e-09 5.67389e-09 3.77664e-09 2.21749e-09 1.01067e-09 1.01067e-09 
1.59308e-10 1.13084e-09 2.58119e-09 4.18851e-09 6.01863e-09 8.0547e-09 1.02721e-08 1.27551e-08 1.59099e-08 2.08186e-08 2.96136e-08 4.57052e-08 7.42597e-08 1.23615e-07 2.0815e-07 3.54259e-07 6.14435e-07 1.10135e-06 2.06343e-06 4.01429e-06 7.86977e-06 1.47345e-05 2.46473e-05 3.48581e-05 4.119e-05 4.10735e-05 3.4966e-05 2.57554e-05 1.67766e-05 1.0012e-05 5.70713e-06 3.19967e-06 1.77552e-06 9.80104e-07 5.47094e-07 3.14665e-07 1.88541e-07 1.17868e-07 7.66366e-08 5.15112e-08 3.55304e-08 2.49858e-08 1.78406e-08 1.29092e-08 9.44068e-09 6.92517e-09 5.01345e-09 3.48197e-09 2.21352e-09 1.18993e-09 4.00467e-10 
4.05783e-10 1.48647e-09 2.68932e-09 4.02606e-09 5.51702e-09 7.14692e-09 8.94151e-09 1.10858e-08 1.4143e-08 1.93685e-08 2.89893e-08 4.65124e-08 7.75944e-08 1.32038e-07 2.27889e-07 4.00391e-07 7.21983e-07 1.3442e-06 2.57159e-06 4.96421e-06 9.36948e-06 1.65797e-05 2.6199e-05 3.52847e-05 3.99823e-05 3.82172e-05 3.1074e-05 2.18047e-05 1.35683e-05 7.80941e-06 4.32781e-06 2.3653e-06 1.28289e-06 6.95626e-07 3.83505e-07 2.18785e-07 1.30337e-07 8.10731e-08 5.24096e-08 3.49714e-08 2.39115e-08 1.6651e-08 1.17661e-08 8.42231e-09 6.0895e-09 4.40757e-09 3.13019e-09 2.10197e-09 1.25265e-09 5.80525e-10 5.80525e-10 
1.03963e-10 7.36532e-10 1.66197e-09 2.65311e-09 3.75312e-09 4.96456e-09 6.29666e-09 7.8346e-09 9.86462e-09 1.30895e-08 1.88942e-08 2.96136e-08 4.90585e-08 8.38169e-08 1.46005e-07 2.59007e-07 4.69532e-07 8.71435e-07 1.64684e-06 3.12599e-06 5.83788e-06 1.04569e-05 1.73893e-05 2.57679e-05 3.26654e-05 3.50445e-05 3.18281e-05 2.46686e-05 1.66269e-05 1.00474e-05 5.67206e-06 3.09875e-06 1.67022e-06 8.94377e-07 4.80403e-07 2.63324e-07 1.49726e-07 8.898e-08 5.51934e-08 3.55304e-08 2.35659e-08 1.59892e-08 1.10353e-08 7.72255e-09 5.47124e-09 3.91081e-09 2.78882e-09 1.93286e-09 1.2385e-09 6.72724e-10 2.29407e-10 
2.6244e-10 9.54599e-10 1.70656e-09 2.52384e-09 3.42905e-09 4.43169e-09 5.57577e-09 7.01079e-09 9.12347e-09 1.27403e-08 1.93685e-08 3.15525e-08 5.36869e-08 9.3804e-08 1.67238e-07 3.03978e-07 5.62491e-07 1.05277e-06 1.96955e-06 3.6268e-06 6.46273e-06 1.0914e-05 1.69643e-05 2.34201e-05 2.78128e-05 2.8153e-05 2.43084e-05 1.80916e-05 1.18496e-05 7.04062e-06 3.93944e-06 2.13844e-06 1.14442e-06 6.08766e-07 3.25625e-07 1.78189e-07 1.01282e-07 6.01654e-08 3.7265e-08 2.39115e-08 1.57767e-08 1.06297e-08 7.27565e-09 5.04503e-09 3.53869e-09 2.49943e-09 1.75111e-09 1.17428e-09 7.03635e-10 3.27707e-10 3.27707e-10 
6.72048e-11 4.70945e-10 1.05411e-09 1.66779e-09 2.34568e-09 3.10387e-09 3.97091e-09 5.03165e-09 6.50443e-09 8.87529e-09 1.30895e-08 2.08186e-08 3.49764e-08 6.08463e-08 1.0839e-07 1.9674e-07 3.62334e-07 6.72011e-07 1.24143e-06 2.25539e-06 3.97814e-06 6.71323e-06 1.06263e-05 1.53763e-05 1.97681e-05 2.20229e-05 2.11065e-05 1.74492e-05 1.25865e-05 8.08797e-06 4.76442e-06 2.65813e-06 1.43994e-06 7.68237e-07 4.07555e-07 2.17817e-07 1.193e-07 6.79067e-08 4.03697e-08 2.49858e-08 1.59892e-08 1.04997e-08 7.02821e-09 4.77292e-09 3.2806e-09 2.27824e-09 1.5881e-09 1.08767e-09 6.95987e-10 3.78317e-10 1.29201e-10 
1.67345e-10 6.04124e-10 1.0735e-09 1.5823e-09 2.1552e-09 2.81588e-09 3.61848e-09 4.69401e-09 6.3337e-09 9.12347e-09 1.4143e-08 2.33085e-08 4.00765e-08 7.08756e-08 1.27843e-07 2.33638e-07 4.2899e-07 7.83041e-07 1.40488e-06 2.45075e-06 4.10883e-06 6.52599e-06 9.64869e-06 1.30101e-05 1.56385e-05 1.64376e-05 1.50305e-05 1.19982e-05 8.45734e-06 5.36995e-06 3.15236e-06 1.75931e-06 9.53365e-07 5.08353e-07 2.6964e-07 1.44297e-07 7.92276e-08 4.5208e-08 2.69128e-08 1.6651e-08 1.06297e-08 6.94902e-09 4.62258e-09 3.11564e-09 2.12317e-09 1.45927e-09 1.00134e-09 6.64634e-10 3.97083e-10 1.83916e-10 1.83916e-10 
4.3161e-11 2.97279e-10 6.62484e-10 1.04677e-09 1.47843e-09 1.98069e-09 2.59232e-09 3.39799e-09 4.57962e-09 6.50443e-09 9.86462e-09 1.59099e-08 2.68911e-08 4.69386e-08 8.37173e-08 1.51281e-07 2.74457e-07 4.94745e-07 8.76855e-07 1.51296e-06 2.51576e-06 3.985e-06 5.93765e-06 8.20925e-06 1.03623e-05 1.17277e-05 1.17261e-05 1.03151e-05 8.01165e-06 5.55503e-06 3.50231e-06 2.05488e-06 1.14903e-06 6.23688e-07 3.32906e-07 1.76842e-07 9.48893e-08 5.22765e-08 2.99192e-08 1.78406e-08 1.10353e-08 7.02821e-09 4.57456e-09 3.02467e-09 2.0237e-09 1.36724e-09 9.28989e-10 6.24488e-10 3.95935e-10 2.13714e-10 7.23567e-11 
1.05771e-10 3.79031e-10 6.73484e-10 9.9809e-10 1.37766e-09 1.84255e-09 2.45125e-09 3.32299e-09 4.69401e-09 7.01079e-09 1.10858e-08 1.83799e-08 3.15398e-08 5.53919e-08 9.86304e-08 1.76376e-07 3.13575e-07 5.48745e-07 9.36398e-07 1.54352e-06 2.43289e-06 3.63014e-06 5.07939e-06 6.5962e-06 7.84932e-06 8.4359e-06 8.09018e-06 6.8974e-06 5.24538e-06 3.5949e-06 2.25755e-06 1.32585e-06 7.43331e-07 4.04437e-07 2.16317e-07 1.15204e-07 6.20325e-08 3.43083e-08 1.96989e-08 1.17661e-08 7.27565e-09 4.62258e-09 2.99565e-09 1.96887e-09 1.30771e-09 8.75565e-10 5.86699e-10 3.83023e-10 2.26672e-10 1.03642e-10 1.03642e-10 
2.76565e-11 1.86356e-10 4.15037e-10 6.5979e-10 9.44715e-10 1.29547e-09 1.75444e-09 2.40308e-09 3.39799e-09 5.03165e-09 7.8346e-09 1.27551e-08 2.14883e-08 3.70695e-08 6.48677e-08 1.14077e-07 1.99689e-07 3.44658e-07 5.81308e-07 9.49471e-07 1.48778e-06 2.21705e-06 3.11906e-06 4.11521e-06 5.0527e-06 5.71446e-06 5.88026e-06 5.44853e-06 4.52983e-06 3.38926e-06 2.30358e-06 1.44356e-06 8.49197e-07 4.77461e-07 2.60493e-07 1.39701e-07 7.4642e-08 4.03528e-08 2.24103e-08 1.29092e-08 7.72255e-09 4.77292e-09 3.02467e-09 1.95141e-09 1.27485e-09 8.40446e-10 5.57019e-10 3.66354e-10 2.28876e-10 1.22081e-10 4.07125e-11 
6.66366e-11 2.37111e-10 4.23714e-10 6.36538e-10 8.98756e-10 1.24222e-09 1.72421e-09 2.45125e-09 3.61848e-09 5.57577e-09 8.94151e-09 1.4804e-08 2.5074e-08 4.30653e-08 7.43596e-08 1.27949e-07 2.17501e-07 3.62192e-07 5.85751e-07 9.11827e-07 1.35522e-06 1.91102e-06 2.54452e-06 3.18481e-06 3.72493e-06 4.03515e-06 4.0043e-06 3.60655e-06 2.938e-06 2.17032e-06 1.46607e-06 9.17698e-07 5.4084e-07 3.0495e-07 1.66858e-07 8.97603e-08 4.81357e-08 2.6135e-08 1.45755e-08 8.42231e-09 5.04503e-09 3.11564e-09 1.96887e-09 1.2644e-09 8.2095e-10 5.36884e-10 3.51377e-10 2.24899e-10 1.31295e-10 5.90887e-11 5.90887e-11 
1.77617e-11 1.16631e-10 2.60492e-10 4.19451e-10 6.13744e-10 8.68197e-10 1.22383e-09 1.75444e-09 2.59232e-09 3.97091e-09 6.29666e-09 1.02721e-08 1.71045e-08 2.88421e-08 4.88705e-08 8.25696e-08 1.3805e-07 2.26664e-07 3.62545e-07 5.60147e-07 8.2953e-07 1.1705e-06 1.56741e-06 1.98626e-06 2.37465e-06 2.66472e-06 2.78375e-06 2.67994e-06 2.35751e-06 1.88858e-06 1.38077e-06 9.28281e-07 5.80683e-07 3.42823e-07 1.93818e-07 1.06364e-07 5.7408e-08 3.09087e-08 1.68569e-08 9.44068e-09 5.47124e-09 3.2806e-09 2.0237e-09 1.27485e-09 8.14743e-10 5.25563e-10 3.4054e-10 2.1907e-10 1.34472e-10 7.07613e-11 2.32153e-11 
4.2041e-11 1.48544e-10 2.6829e-10 4.11272e-10 5.9777e-10 8.57532e-10 1.24222e-09 1.84255e-09 2.81588e-09 4.43169e-09 7.14692e-09 1.17291e-08 1.94495e-08 3.23631e-08 5.368e-08 8.81895e-08 1.42576e-07 2.25222e-07 3.44936e-07 5.08406e-07 7.16956e-07 9.63646e-07 1.23175e-06 1.49493e-06 1.71843e-06 1.8618e-06 1.88622e-06 1.77001e-06 1.52639e-06 1.20567e-06 8.73912e-07 5.85201e-07 3.65879e-07 2.16339e-07 1.22612e-07 6.74854e-08 3.65518e-08 1.97626e-08 1.0828e-08 6.0895e-09 3.53869e-09 2.12317e-09 1.30771e-09 8.2095e-10 5.21947e-10 3.34277e-10 2.14081e-10 1.34251e-10 7.71949e-11 3.42521e-11 3.42521e-11 
1.14697e-11 7.31376e-11 1.64242e-10 2.69242e-10 4.04545e-10 5.92085e-10 8.68197e-10 1.29547e-09 1.98069e-09 3.10387e-09 4.96456e-09 8.0547e-09 1.31683e-08 2.1557e-08 3.51335e-08 5.67087e-08 9.01843e-08 1.40488e-07 2.12942e-07 3.11914e-07 4.39009e-07 5.91379e-07 7.60776e-07 9.33634e-07 1.09184e-06 1.21378e-06 1.27634e-06 1.25973e-06 1.15654e-06 9.80474e-07 7.65118e-07 5.50455e-07 3.67311e-07 2.29518e-07 1.35881e-07 7.71847e-08 4.26069e-08 2.3162e-08 1.25791e-08 6.92517e-09 3.91081e-09 2.27824e-09 1.36724e-09 8.40446e-10 5.25563e-10 3.3226e-10 2.11004e-10 1.32976e-10 8.01652e-11 4.16665e-11 1.35019e-11 
2.66274e-11 9.33635e-11 1.70965e-10 2.68298e-10 4.0203e-10 5.9777e-10 8.98756e-10 1.37766e-09 2.1552e-09 3.42905e-09 5.51702e-09 8.91938e-09 1.4403e-08 2.31088e-08 3.66775e-08 5.73605e-08 8.80121e-08 1.31797e-07 1.91505e-07 2.68559e-07 3.62013e-07 4.67905e-07 5.79214e-07 6.86299e-07 7.77532e-07 8.40025e-07 8.60986e-07 8.30849e-07 7.48453e-07 6.25122e-07 4.82631e-07 3.44906e-07 2.29394e-07 1.43233e-07 8.48787e-08 4.83125e-08 2.67479e-08 1.45977e-08 7.96588e-09 4.40757e-09 2.49943e-09 1.45927e-09 8.75565e-10 5.36884e-10 3.34277e-10 2.09994e-10 1.31948e-10 8.12031e-11 4.6025e-11 2.02411e-11 2.02411e-11 
7.44964e-12 4.59982e-11 1.03914e-10 1.73619e-10 2.67776e-10 4.04545e-10 6.13744e-10 9.44715e-10 1.47843e-09 2.34568e-09 3.75312e-09 6.01863e-09 9.61618e-09 1.52295e-08 2.38135e-08 3.66508e-08 5.53613e-08 8.17797e-08 1.17631e-07 1.64012e-07 2.20806e-07 2.86235e-07 3.56731e-07 4.27141e-07 4.91106e-07 5.41484e-07 5.70808e-07 5.72213e-07 5.41431e-07 4.79667e-07 3.95362e-07 3.02324e-07 2.14721e-07 1.42348e-07 8.87962e-08 5.26553e-08 3.00283e-08 1.66758e-08 9.13961e-09 5.01345e-09 2.78882e-09 1.5881e-09 9.28989e-10 5.57019e-10 3.4054e-10 2.11004e-10 1.31588e-10 8.15037e-11 4.83707e-11 2.49228e-11 8.03764e-12 
1.69324e-11 5.87678e-11 1.08892e-10 1.74344e-10 2.68298e-10 4.11272e-10 6.36538e-10 9.9809e-10 1.5823e-09 2.52384e-09 4.02606e-09 6.38463e-09 1.00128e-08 1.54672e-08 2.34713e-08 3.49219e-08 5.08447e-08 7.22578e-08 9.99242e-08 1.34028e-07 1.73875e-07 2.17738e-07 2.6291e-07 3.05912e-07 3.4275e-07 3.69169e-07 3.80948e-07 3.74539e-07 3.48293e-07 3.04017e-07 2.47622e-07 1.87693e-07 1.32532e-07 8.75755e-08 5.45638e-08 3.23697e-08 1.84938e-08 1.03039e-08 5.67389e-09 3.13019e-09 1.75111e-09 1.00134e-09 5.86699e-10 3.51377e-10 2.14081e-10 1.31948e-10 8.15726e-11 4.95035e-11 2.77786e-11 1.21987e-11 1.21987e-11 
4.85356e-12 2.8974e-11 6.54242e-11 1.10421e-10 1.73619e-10 2.69242e-10 4.19451e-10 6.5979e-10 1.04677e-09 1.66779e-09 2.65311e-09 4.18851e-09 6.52634e-09 9.99378e-09 1.49975e-08 2.20229e-08 3.16178e-08 4.43453e-08 6.06833e-08 8.08657e-08 1.04697e-07 1.31414e-07 1.59658e-07 1.87563e-07 2.12906e-07 2.3327e-07 2.46184e-07 2.49328e-07 2.40958e-07 2.20636e-07 1.90041e-07 1.53125e-07 1.15125e-07 8.08382e-08 5.32395e-08 3.31238e-08 1.96553e-08 1.12506e-08 6.29065e-09 3.48197e-09 1.93286e-09 1.08767e-09 6.24488e-10 3.66354e-10 2.1907e-10 1.32976e-10 8.15037e-11 4.9855e-11 2.93628e-11 1.51154e-11 4.89447e-12 
1.08066e-11 3.67298e-11 6.75533e-11 1.08892e-10 1.70965e-10 2.6829e-10 4.23714e-10 6.73484e-10 1.0735e-09 1.70656e-09 2.68932e-09 4.17709e-09 6.36466e-09 9.48273e-09 1.37912e-08 1.95703e-08 2.71069e-08 3.66656e-08 4.84258e-08 6.23835e-08 7.82488e-08 9.53903e-08 1.12853e-07 1.29433e-07 1.43777e-07 1.54467e-07 1.60112e-07 1.59481e-07 1.51779e-07 1.37062e-07 1.16642e-07 9.30595e-08 6.94361e-08 4.84941e-08 3.18296e-08 1.97714e-08 1.17333e-08 6.72878e-09 3.77664e-09 2.10197e-09 1.17428e-09 6.64634e-10 3.83023e-10 2.24899e-10 1.34251e-10 8.12031e-11 4.95035e-11 2.9885e-11 1.68332e-11 7.46675e-12 7.46675e-12 
3.15582e-12 1.81336e-11 3.94274e-11 6.54242e-11 1.03914e-10 1.64242e-10 2.60492e-10 4.15037e-10 6.62484e-10 1.05411e-09 1.66197e-09 2.58119e-09 3.92874e-09 5.83807e-09 8.45065e-09 1.19078e-08 1.63458e-08 2.18923e-08 2.86507e-08 3.66586e-08 4.58281e-08 5.58936e-08 6.63982e-08 7.67225e-08 8.61355e-08 9.38492e-08 9.90664e-08 1.01034e-07 9.91328e-08 9.3041e-08 8.29678e-08 6.98362e-08 5.52125e-08 4.09046e-08 2.84194e-08 1.85893e-08 1.15265e-08 6.83975e-09 3.92932e-09 2.21352e-09 1.2385e-09 6.95987e-10 3.95935e-10 2.28876e-10 1.34472e-10 8.01652e-11 4.83707e-11 2.93628e-11 1.74386e-11 9.17505e-12 3.02586e-12 
6.83559e-12 2.12805e-11 3.67298e-11 5.87678e-11 9.33635e-11 1.48544e-10 2.37111e-10 3.79031e-10 6.04124e-10 9.54599e-10 1.48647e-09 2.26869e-09 3.37911e-09 4.89786e-09 6.90029e-09 9.45315e-09 1.26152e-08 1.64361e-08 2.09436e-08 2.61147e-08 3.18434e-08 3.79222e-08 4.40482e-08 4.98465e-08 5.48994e-08 5.8774e-08 6.10468e-08 6.13351e-08 5.93507e-08 5.49941e-08 4.84762e-08 4.03951e-08 3.16701e-08 2.33079e-08 1.61133e-08 1.05036e-08 6.50011e-09 3.85543e-09 2.21749e-09 1.25265e-09 7.03635e-10 3.97083e-10 2.26672e-10 1.31295e-10 7.71949e-11 4.6025e-11 2.77786e-11 1.68332e-11 9.79147e-12 4.54357e-12 4.54357e-12 
1.9872e-12 9.79036e-12 1.81336e-11 2.8974e-11 4.59982e-11 7.31376e-11 1.16631e-10 1.86356e-10 2.97279e-10 4.70945e-10 7.36532e-10 1.13084e-09 1.6967e-09 2.47969e-09 3.52428e-09 4.87111e-09 6.55636e-09 8.61105e-09 1.1055e-08 1.38832e-08 1.70491e-08 2.04546e-08 2.39505e-08 2.7348e-08 3.04335e-08 3.29832e-08 3.47755e-08 3.56025e-08 3.52872e-08 3.37125e-08 3.08712e-08 2.6924e-08 2.22289e-08 1.72935e-08 1.26489e-08 8.70328e-09 5.65412e-09 3.49147e-09 2.06881e-09 1.18993e-09 6.72724e-10 3.78317e-10 2.13714e-10 1.22081e-10 7.07613e-11 4.16665e-11 2.49228e-11 1.51154e-11 9.17505e-12 5.17842e-12 1.83906e-12 
3.42085e-12 6.83559e-12 1.08066e-11 1.69324e-11 2.66274e-11 4.2041e-11 6.66366e-11 1.05771e-10 1.67345e-10 2.6244e-10 4.05783e-10 6.15904e-10 9.14988e-10 1.3286e-09 1.88545e-09 2.61662e-09 3.55276e-09 4.71754e-09 6.11806e-09 7.73587e-09 9.52294e-09 1.14037e-08 1.32816e-08 1.50478e-08 1.65889e-08 1.77934e-08 1.85573e-08 1.87888e-08 1.84166e-08 1.74039e-08 1.57716e-08 1.36225e-08 1.11499e-08 8.6099e-09 6.2588e-09 4.28558e-09 2.77405e-09 1.70864e-09 1.01067e-09 5.80525e-10 3.27707e-10 1.83916e-10 1.03642e-10 5.90887e-11 3.42521e-11 2.02411e-11 1.21987e-11 7.46675e-12 4.54357e-12 2.40947e-12 2.40947e-12 
1.28197e-12 1.9872e-12 3.15582e-12 4.85356e-12 7.44964e-12 1.14697e-11 1.77617e-11 2.76565e-11 4.3161e-11 6.72048e-11 1.03963e-10 1.59308e-10 2.41453e-10 3.61787e-10 5.35529e-10 7.81415e-10 1.11947e-09 1.56666e-09 2.13168e-09 2.81072e-09 3.58569e-09 4.42521e-09 5.28756e-09 6.12455e-09 6.88545e-09 7.52047e-09 7.98353e-09 8.23437e-09 8.2407e-09 7.98123e-09 7.45123e-09 6.67103e-09 5.69426e-09 4.60863e-09 3.52208e-09 2.53681e-09 1.72343e-09 1.1085e-09 6.79453e-10 4.00467e-10 2.29407e-10 1.29201e-10 7.23567e-11 4.07125e-11 2.32153e-11 1.35019e-11 8.03764e-12 4.89447e-12 3.02586e-12 1.83906e-12 8.71962e-13 
