1 100 50
2.17863e-13 3.69531e-13 5.81987e-13 9.11397e-13 1.45411e-12 2.3878e-12 4.03116e-12 6.9482e-12 1.21186e-11 2.12037e-11 3.68886e-11 6.32778e-11 1.06179e-10 1.7306e-10 2.72376e-10 4.12117e-10 5.97747e-10 8.30094e-10 1.10398e-09 1.40808e-09 1.72608e-09 2.03844e-09 2.32439e-09 2.56367e-09 2.73823e-09 2.8338e-09 2.84148e-09 2.75911e-09 2.59208e-09 2.35338e-09 2.06243e-09 1.74286e-09 1.41919e-09 1.1134e-09 8.42055e-10 6.14739e-10 4.34161e-10 2.97524e-10 1.98583e-10 1.29675e-10 8.32675e-11 5.28703e-11 3.33872e-11 2.10901e-11 1.33988e-11 8.59898e-12 5.58278e-12 3.65391e-12 2.38771e-12 1.46092e-12 
2.17863e-13 4.16109e-13 6.70706e-13 1.04547e-12 1.64877e-12 2.67187e-12 4.45989e-12 7.6254e-12 1.32452e-11 2.31684e-11 4.04664e-11 7.00052e-11 1.1902e-10 1.97421e-10 3.1739e-10 4.91847e-10 7.3165e-10 1.04206e-09 1.41963e-09 1.85089e-09 2.31335e-09 2.77837e-09 3.21469e-09 3.59151e-09 3.88096e-09 4.06026e-09 4.11387e-09 4.03554e-09 3.82992e-09 3.513e-09 3.11102e-09 2.65745e-09 2.18834e-09 1.73709e-09 1.32992e-09 9.83212e-10 7.03239e-10 4.87863e-10 3.29325e-10 2.17152e-10 1.40503e-10 8.9668e-11 5.67656e-11 3.58601e-11 2.27398e-11 1.45499e-11 9.41693e-12 6.14312e-12 3.99202e-12 2.49973e-12 
4.16109e-13 7.17079e-13 1.12246e-12 1.74592e-12 2.77856e-12 4.56522e-12 7.71234e-12 1.32997e-11 2.32027e-11 4.0618e-11 7.07884e-11 1.21904e-10 2.05948e-10 3.38993e-10 5.40225e-10 8.29017e-10 1.22001e-09 1.71732e-09 2.31003e-09 2.97118e-09 3.66082e-09 4.33175e-09 4.93549e-09 5.42686e-09 5.7674e-09 5.92834e-09 5.89379e-09 5.66377e-09 5.256e-09 4.70533e-09 4.05996e-09 3.37466e-09 2.70235e-09 2.08626e-09 1.55494e-09 1.12113e-09 7.8396e-10 5.33278e-10 3.54138e-10 2.30534e-10 1.47809e-10 9.38445e-11 5.93467e-11 3.76098e-11 2.402e-11 1.55213e-11 1.01302e-11 6.59947e-12 4.16872e-12 2.38771e-12 
3.69531e-13 7.17079e-13 1.15336e-12 1.77789e-12 2.77461e-12 4.46516e-12 7.42016e-12 1.26486e-11 2.19285e-11 3.83443e-11 6.71093e-11 1.16721e-10 2.00351e-10 3.37082e-10 5.52163e-10 8.75064e-10 1.33432e-09 1.94922e-09 2.72055e-09 3.6242e-09 4.61106e-09 5.61379e-09 6.55719e-09 7.36781e-09 7.98069e-09 8.34404e-09 8.42388e-09 8.20898e-09 7.715e-09 6.9856e-09 6.0883e-09 5.10504e-09 4.1188e-09 3.20036e-09 2.39885e-09 1.73854e-09 1.22171e-09 8.3508e-10 5.57154e-10 3.64245e-10 2.34362e-10 1.49155e-10 9.44257e-11 5.98224e-11 3.81531e-11 2.46149e-11 1.60782e-11 1.05401e-11 6.76158e-12 3.99202e-12 
6.70706e-13 1.15336e-12 1.78456e-12 2.73543e-12 4.29893e-12 6.99173e-12 1.17223e-11 2.00983e-11 3.49471e-11 6.11613e-11 1.0699e-10 1.8585e-10 3.1847e-10 5.34745e-10 8.73869e-10 1.3808e-09 2.09738e-09 3.04855e-09 4.22762e-09 5.58716e-09 7.04128e-09 8.47887e-09 9.78161e-09 1.08393e-08 1.156e-08 1.18767e-08 1.17555e-08 1.12024e-08 1.0268e-08 9.04421e-09 7.65137e-09 6.21816e-09 4.85929e-09 3.65837e-09 2.66045e-09 1.87481e-09 1.28473e-09 8.5923e-10 5.63013e-10 3.62962e-10 2.3131e-10 1.46504e-10 9.27646e-11 5.90767e-11 3.80445e-11 2.48429e-11 1.63734e-11 1.06817e-11 6.59947e-12 3.65391e-12 
5.81987e-13 1.12246e-12 1.78456e-12 2.7061e-12 4.15196e-12 6.58392e-12 1.0801e-11 1.82173e-11 3.13327e-11 5.45457e-11 9.54673e-11 1.66946e-10 2.89892e-10 4.96636e-10 8.33708e-10 1.36174e-09 2.14923e-09 3.2574e-09 4.71742e-09 6.50686e-09 8.53713e-09 1.06606e-08 1.26955e-08 1.44571e-08 1.57819e-08 1.65434e-08 1.66635e-08 1.61246e-08 1.49782e-08 1.33448e-08 1.1398e-08 9.33419e-09 7.33701e-09 5.54675e-09 4.04482e-09 2.85529e-09 1.95875e-09 1.31104e-09 8.59621e-10 5.54449e-10 3.53397e-10 2.23742e-10 1.41517e-10 8.99618e-11 5.78045e-11 3.76911e-11 2.49097e-11 1.64684e-11 1.05401e-11 6.14312e-12 
1.04547e-12 1.77789e-12 2.7061e-12 4.06894e-12 6.27947e-12 1.00393e-11 1.6572e-11 2.80407e-11 4.82775e-11 8.40356e-11 1.47033e-10 2.57113e-10 4.46682e-10 7.65957e-10 1.28722e-09 2.10424e-09 3.3213e-09 5.02766e-09 7.25962e-09 9.96307e-09 1.29765e-08 1.60482e-08 1.88828e-08 2.11941e-08 2.27452e-08 2.33735e-08 2.30095e-08 2.16917e-08 1.9571e-08 1.68924e-08 1.39515e-08 1.10376e-08 8.38274e-09 6.13056e-09 4.3341e-09 2.97468e-09 1.99077e-09 1.30471e-09 8.40978e-10 5.35554e-10 3.38649e-10 2.13826e-10 1.35623e-10 8.69145e-11 5.65387e-11 3.73777e-11 2.49242e-11 1.63734e-11 1.01302e-11 5.58278e-12 
9.11397e-13 1.74592e-12 2.73543e-12 4.06894e-12 6.11905e-12 9.51003e-12 1.53034e-11 2.53479e-11 4.29211e-11 7.3846e-11 1.28414e-10 2.24558e-10 3.9279e-10 6.83175e-10 1.17358e-09 1.97622e-09 3.23601e-09 5.11154e-09 7.73171e-09 1.11326e-08 1.51976e-08 1.96362e-08 2.40222e-08 2.78788e-08 3.07707e-08 3.23709e-08 3.25003e-08 3.11528e-08 2.85046e-08 2.48934e-08 2.07567e-08 1.65445e-08 1.26337e-08 9.27257e-09 6.56806e-09 4.51065e-09 3.01764e-09 1.97579e-09 1.27185e-09 8.08639e-10 5.10352e-10 3.21504e-10 2.03374e-10 1.29946e-10 8.4286e-11 5.56407e-11 3.72584e-11 2.49097e-11 1.60782e-11 9.41693e-12 
1.64877e-12 2.77461e-12 4.15196e-12 6.11905e-12 9.2424e-12 1.44585e-11 2.33568e-11 3.87158e-11 6.54715e-11 1.12422e-10 1.95174e-10 3.4106e-10 5.96854e-10 1.03973e-09 1.79024e-09 3.02238e-09 4.95982e-09 7.84271e-09 1.18539e-08 1.70138e-08 2.30852e-08 2.95503e-08 3.56922e-08 4.07533e-08 4.40951e-08 4.53083e-08 4.42692e-08 4.11557e-08 3.64198e-08 3.06988e-08 2.46822e-08 1.89729e-08 1.39903e-08 9.93808e-09 6.8338e-09 4.57194e-09 2.99082e-09 1.92235e-09 1.21986e-09 7.6812e-10 4.82607e-10 3.04372e-10 1.93853e-10 1.25333e-10 8.25349e-11 5.5319e-11 3.73777e-11 2.48429e-11 1.55213e-11 8.59898e-12 
1.45411e-12 2.77856e-12 4.29893e-12 6.27947e-12 9.2424e-12 1.40403e-11 2.20662e-11 3.56889e-11 5.90698e-11 9.96087e-11 1.7054e-10 2.95434e-10 5.15798e-10 9.03102e-10 1.57599e-09 2.72071e-09 4.6064e-09 7.57701e-09 1.19934e-08 1.81071e-08 2.58852e-08 3.48611e-08 4.41208e-08 5.24745e-08 5.87516e-08 6.20773e-08 6.20417e-08 5.87504e-08 5.27804e-08 4.50442e-08 3.6583e-08 2.83464e-08 2.10279e-08 1.4999e-08 1.03385e-08 6.92271e-09 4.52717e-09 2.90632e-09 1.84085e-09 1.15642e-09 7.24567e-10 4.55559e-10 2.89182e-10 1.86345e-10 1.22355e-10 8.19237e-11 5.56407e-11 3.76911e-11 2.46149e-11 1.45499e-11 
2.67187e-12 4.46516e-12 6.58392e-12 9.51003e-12 1.40403e-11 2.14366e-11 3.37625e-11 5.45455e-11 8.99884e-11 1.51146e-10 2.57832e-10 4.45487e-10 7.76865e-10 1.36073e-09 2.37882e-09 4.11785e-09 6.99246e-09 1.15282e-08 1.826e-08 2.75161e-08 3.91261e-08 5.21952e-08 6.51317e-08 7.60078e-08 8.3104e-08 8.5368e-08 8.26273e-08 7.55465e-08 6.54009e-08 5.37414e-08 4.20404e-08 3.14223e-08 2.25397e-08 1.55951e-08 1.04643e-08 6.84751e-09 4.39359e-09 2.77896e-09 1.7421e-09 1.08869e-09 6.82456e-10 4.31825e-10 2.77362e-10 1.81572e-10 1.21329e-10 8.25349e-11 5.65387e-11 3.80445e-11 2.402e-11 1.33988e-11 
2.3878e-12 4.56522e-12 6.99173e-12 1.00393e-11 1.44585e-11 2.14366e-11 3.28322e-11 5.16978e-11 8.32674e-11 1.36756e-10 2.28597e-10 3.88299e-10 6.68847e-10 1.16458e-09 2.04015e-09 3.57258e-09 6.20102e-09 1.05602e-08 1.74453e-08 2.76319e-08 4.15072e-08 5.85882e-08 7.71985e-08 9.4629e-08 1.0788e-07 1.14638e-07 1.1396e-07 1.064e-07 9.36628e-08 7.80211e-08 6.17262e-08 4.65651e-08 3.3648e-08 2.34077e-08 1.57627e-08 1.03339e-08 6.63363e-09 4.19301e-09 2.62453e-09 1.63656e-09 1.02318e-09 6.45539e-10 4.13414e-10 2.69888e-10 1.79937e-10 1.22355e-10 8.4286e-11 5.78045e-11 3.81531e-11 2.27398e-11 
4.45989e-12 7.42016e-12 1.0801e-11 1.53034e-11 2.20662e-11 3.28322e-11 5.03305e-11 7.90654e-11 1.26779e-10 2.07088e-10 3.44275e-10 5.81997e-10 9.98895e-10 1.7358e-09 3.04031e-09 5.33206e-09 9.27902e-09 1.58439e-08 2.62113e-08 4.14677e-08 6.19736e-08 8.65877e-08 1.12261e-07 1.34547e-07 1.49079e-07 1.53198e-07 1.46755e-07 1.31792e-07 1.11555e-07 8.94373e-08 6.82291e-08 4.97624e-08 3.48727e-08 2.36082e-08 1.553e-08 9.9863e-09 6.3144e-09 3.9495e-09 2.45897e-09 1.53411e-09 9.65574e-10 6.16857e-10 4.01776e-10 2.67334e-10 1.81572e-10 1.25333e-10 8.69145e-11 5.90767e-11 3.76098e-11 2.10901e-11 
4.03116e-12 7.71234e-12 1.17223e-11 1.6572e-11 2.33568e-11 3.37625e-11 5.03305e-11 7.70552e-11 1.20564e-10 1.92245e-10 3.1209e-10 5.15715e-10 8.67178e-10 1.48219e-09 2.56919e-09 4.49759e-09 7.89801e-09 1.37773e-08 2.35761e-08 3.90194e-08 6.15447e-08 9.12516e-08 1.25706e-07 1.59584e-07 1.85987e-07 1.99194e-07 1.97043e-07 1.81332e-07 1.56444e-07 1.27408e-07 9.8504e-08 7.26738e-08 5.14162e-08 3.50646e-08 2.31867e-08 1.49586e-08 9.47388e-09 5.92755e-09 3.68801e-09 2.29777e-09 1.44373e-09 9.20686e-10 5.98691e-10 3.97797e-10 2.69888e-10 1.86345e-10 1.29946e-10 8.99618e-11 5.98224e-11 3.58601e-11 
7.6254e-12 1.26486e-11 1.82173e-11 2.53479e-11 3.56889e-11 5.16978e-11 7.70552e-11 1.17596e-10 1.83017e-10 2.89946e-10 4.67506e-10 7.67476e-10 1.28293e-09 2.18241e-09 3.7714e-09 6.59602e-09 1.1595e-08 2.02679e-08 3.47296e-08 5.74075e-08 9.00261e-08 1.31907e-07 1.78269e-07 2.20325e-07 2.48224e-07 2.5566e-07 2.42585e-07 2.14184e-07 1.77689e-07 1.39567e-07 1.04418e-07 7.47717e-08 5.14921e-08 3.43012e-08 2.2243e-08 1.41326e-08 8.85673e-09 5.51277e-09 3.43322e-09 2.15529e-09 1.37314e-09 8.92196e-10 5.92474e-10 4.01776e-10 2.77362e-10 1.93853e-10 1.35623e-10 9.27646e-11 5.93467e-11 3.33872e-11 
6.9482e-12 1.32997e-11 2.00983e-11 2.80407e-11 3.87158e-11 5.45455e-11 7.90654e-11 1.17596e-10 1.78609e-10 2.76187e-10 4.34394e-10 6.9525e-10 1.13328e-09 1.88224e-09 3.18491e-09 5.48428e-09 9.57947e-09 1.68521e-08 2.94999e-08 5.05456e-08 8.32353e-08 1.29277e-07 1.86251e-07 2.45497e-07 2.93569e-07 3.17922e-07 3.1355e-07 2.84852e-07 2.41531e-07 1.93225e-07 1.4699e-07 1.06838e-07 7.45019e-08 5.01243e-08 3.27447e-08 2.0912e-08 1.31478e-08 8.19812e-09 5.10934e-09 3.20803e-09 2.04387e-09 1.32826e-09 8.82432e-10 5.98691e-10 4.13414e-10 2.89182e-10 2.03374e-10 1.41517e-10 9.44257e-11 5.67656e-11 
1.32452e-11 2.19285e-11 3.13327e-11 4.29211e-11 5.90698e-11 8.32674e-11 1.20564e-10 1.78609e-10 2.69614e-10 4.13809e-10 6.4566e-10 1.02516e-09 1.6584e-09 2.73554e-09 4.60231e-09 7.8942e-09 1.37679e-08 2.42291e-08 4.24326e-08 7.25389e-08 1.18579e-07 1.81521e-07 2.55678e-07 3.26672e-07 3.75722e-07 3.89086e-07 3.66333e-07 3.18763e-07 2.60336e-07 2.01858e-07 1.49362e-07 1.05789e-07 7.20979e-08 4.7576e-08 3.06115e-08 1.93467e-08 1.21047e-08 7.56022e-09 4.75349e-09 3.03202e-09 1.97301e-09 1.31287e-09 8.92196e-10 6.16857e-10 4.31825e-10 3.04372e-10 2.13826e-10 1.46504e-10 9.38445e-11 5.28703e-11 
1.21186e-11 2.32027e-11 3.49471e-11 4.82775e-11 6.54715e-11 8.99884e-11 1.26779e-10 1.83017e-10 2.69614e-10 4.03966e-10 6.14779e-10 9.50826e-10 1.49682e-09 2.4023e-09 3.93499e-09 6.58249e-09 1.12476e-08 1.95857e-08 3.44608e-08 6.02833e-08 1.02499e-07 1.65607e-07 2.48518e-07 3.40251e-07 4.18887e-07 4.60564e-07 4.53916e-07 4.07578e-07 3.40533e-07 2.69521e-07 2.03483e-07 1.46806e-07 1.01676e-07 6.79815e-08 4.41913e-08 2.81429e-08 1.77048e-08 1.11007e-08 6.99966e-09 4.47589e-09 2.92014e-09 1.94871e-09 1.32826e-09 9.20686e-10 6.45539e-10 4.55559e-10 3.21504e-10 2.23742e-10 1.49155e-10 8.9668e-11 
2.31684e-11 3.83443e-11 5.45457e-11 7.3846e-11 9.96087e-11 1.36756e-10 1.92245e-10 2.76187e-10 4.03966e-10 5.99986e-10 9.04398e-10 1.38534e-09 2.16126e-09 3.44158e-09 5.60122e-09 9.32394e-09 1.58827e-08 2.76199e-08 4.85464e-08 8.46379e-08 1.4258e-07 2.2661e-07 3.31469e-07 4.38445e-07 5.16419e-07 5.39226e-07 5.04448e-07 4.32665e-07 3.49729e-07 2.69498e-07 1.98361e-07 1.40012e-07 9.51555e-08 6.26902e-08 4.03445e-08 2.55836e-08 1.61367e-08 1.02229e-08 6.56371e-09 4.29969e-09 2.88178e-09 1.97301e-09 1.37314e-09 9.65574e-10 6.82456e-10 4.82607e-10 3.38649e-10 2.3131e-10 1.47809e-10 8.32675e-11 
2.12037e-11 4.0618e-11 6.11613e-11 8.40356e-11 1.12422e-10 1.51146e-10 2.07088e-10 2.89946e-10 4.13809e-10 5.99986e-10 8.82098e-10 1.31539e-09 1.99393e-09 3.08246e-09 4.87445e-09 7.89675e-09 1.31092e-08 2.22998e-08 3.8744e-08 6.79382e-08 1.1771e-07 1.95533e-07 3.03824e-07 4.29849e-07 5.44348e-07 6.08089e-07 6.00943e-07 5.34539e-07 4.42372e-07 3.47467e-07 2.6055e-07 1.87646e-07 1.29956e-07 8.70503e-08 5.67936e-08 3.6409e-08 2.3162e-08 1.47748e-08 9.54318e-09 6.28763e-09 4.23932e-09 2.92014e-09 2.04387e-09 1.44373e-09 1.02318e-09 7.24567e-10 5.10352e-10 3.53397e-10 2.34362e-10 1.40503e-10 
4.04664e-11 6.71093e-11 9.54673e-11 1.28414e-10 1.7054e-10 2.28597e-10 3.1209e-10 4.34394e-10 6.14779e-10 8.82098e-10 1.28168e-09 1.88827e-09 2.83077e-09 4.33917e-09 6.83031e-09 1.10561e-08 1.83759e-08 3.12984e-08 5.43436e-08 9.48579e-08 1.62563e-07 2.63895e-07 3.96573e-07 5.35812e-07 6.4237e-07 6.78668e-07 6.37307e-07 5.4655e-07 4.37861e-07 3.33445e-07 2.44593e-07 1.72659e-07 1.17866e-07 7.8203e-08 5.0849e-08 3.27247e-08 2.10746e-08 1.37255e-08 9.11398e-09 6.19315e-09 4.29969e-09 3.03202e-09 2.15529e-09 1.53411e-09 1.08869e-09 7.6812e-10 5.35554e-10 3.62962e-10 2.30534e-10 1.29675e-10 
3.68886e-11 7.07884e-11 1.0699e-10 1.47033e-10 1.95174e-10 2.57832e-10 3.44275e-10 4.67506e-10 6.4566e-10 9.04398e-10 1.28168e-09 1.83714e-09 2.67059e-09 3.95909e-09 6.02975e-09 9.4922e-09 1.54489e-08 2.58474e-08 4.41982e-08 7.65952e-08 1.32272e-07 2.21414e-07 3.45654e-07 4.948e-07 6.3098e-07 7.16342e-07 7.20747e-07 6.53642e-07 5.39702e-07 4.17029e-07 3.10974e-07 2.23094e-07 1.55211e-07 1.04946e-07 6.94259e-08 4.53504e-08 2.95768e-08 1.94764e-08 1.30654e-08 8.96732e-09 6.28763e-09 4.47589e-09 3.20803e-09 2.29777e-09 1.63656e-09 1.15642e-09 8.08639e-10 5.54449e-10 3.64245e-10 2.17152e-10 
7.00052e-11 1.16721e-10 1.66946e-10 2.24558e-10 2.95434e-10 3.88299e-10 5.15715e-10 6.9525e-10 9.50826e-10 1.31539e-09 1.83714e-09 2.59269e-09 3.71491e-09 5.45189e-09 8.28599e-09 1.31455e-08 2.16912e-08 3.67138e-08 6.30176e-08 1.08082e-07 1.81322e-07 2.91133e-07 4.29825e-07 5.82134e-07 7.05789e-07 7.6594e-07 7.44484e-07 6.44364e-07 5.10176e-07 3.86454e-07 2.80903e-07 1.98832e-07 1.36959e-07 9.23481e-08 6.1415e-08 4.06988e-08 2.71841e-08 1.84756e-08 1.28403e-08 9.11398e-09 6.56371e-09 4.75349e-09 3.43322e-09 2.45897e-09 1.7421e-09 1.21986e-09 8.40978e-10 5.63013e-10 3.54138e-10 1.98583e-10 
6.32778e-11 1.21904e-10 1.8585e-10 2.57113e-10 3.4106e-10 4.45487e-10 5.81997e-10 7.67476e-10 1.02516e-09 1.38534e-09 1.88827e-09 2.59269e-09 3.59553e-09 5.07685e-09 7.39918e-09 1.13073e-08 1.82654e-08 3.07906e-08 5.26984e-08 8.97769e-08 1.48805e-07 2.37797e-07 3.61722e-07 5.0417e-07 6.5477e-07 7.59918e-07 7.99732e-07 7.34018e-07 6.09718e-07 4.71957e-07 3.44852e-07 2.48256e-07 1.73964e-07 1.19471e-07 8.10162e-08 5.47139e-08 3.71944e-08 2.56941e-08 1.8135e-08 1.30654e-08 9.54318e-09 6.99966e-09 5.10934e-09 3.68801e-09 2.62453e-09 1.84085e-09 1.27185e-09 8.59621e-10 5.57154e-10 3.29325e-10 
1.1902e-10 2.00351e-10 2.89892e-10 3.9279e-10 5.15798e-10 6.68847e-10 8.67178e-10 1.13328e-09 1.49682e-09 1.99393e-09 2.67059e-09 3.59553e-09 4.8925e-09 6.81789e-09 9.93175e-09 1.54259e-08 2.56278e-08 4.41664e-08 7.51841e-08 1.23711e-07 1.94123e-07 2.91691e-07 4.24561e-07 5.6701e-07 7.0135e-07 7.93249e-07 7.99372e-07 7.15234e-07 5.73464e-07 4.17901e-07 3.03132e-07 2.15352e-07 1.50494e-07 1.03979e-07 7.16533e-08 4.97199e-08 3.50277e-08 2.51885e-08 1.84756e-08 1.37255e-08 1.02229e-08 7.56022e-09 5.51277e-09 3.9495e-09 2.77896e-09 1.92235e-09 1.30471e-09 8.5923e-10 5.33278e-10 2.97524e-10 
1.06179e-10 2.05948e-10 3.1847e-10 4.46682e-10 5.96854e-10 7.76865e-10 9.98895e-10 1.28293e-09 1.6584e-09 2.16126e-09 2.83077e-09 3.71491e-09 4.8925e-09 6.53063e-09 9.02255e-09 1.32738e-08 2.11917e-08 3.63008e-08 6.28892e-08 1.03137e-07 1.60467e-07 2.33665e-07 3.33156e-07 4.75373e-07 6.15038e-07 7.49208e-07 8.33481e-07 8.45398e-07 7.07412e-07 5.15522e-07 3.70617e-07 2.60762e-07 1.84399e-07 1.30003e-07 9.13408e-08 6.47701e-08 4.66613e-08 3.42947e-08 2.56941e-08 1.94764e-08 1.47748e-08 1.11007e-08 8.19812e-09 5.92755e-09 4.19301e-09 2.90632e-09 1.97579e-09 1.31104e-09 8.3508e-10 4.87863e-10 
1.97421e-10 3.37082e-10 4.96636e-10 6.83175e-10 9.03102e-10 1.16458e-09 1.48219e-09 1.88224e-09 2.4023e-09 3.08246e-09 3.95909e-09 5.07685e-09 6.53063e-09 8.57096e-09 1.18433e-08 1.78167e-08 2.93479e-08 5.10626e-08 8.65161e-08 1.33096e-07 1.87953e-07 2.57165e-07 3.66758e-07 5.68978e-07 7.69187e-07 9.26029e-07 9.91041e-07 8.81767e-07 6.77476e-07 4.78743e-07 3.18433e-07 2.20208e-07 1.57842e-07 1.13489e-07 8.22126e-08 6.0611e-08 4.56303e-08 3.50277e-08 2.71841e-08 2.10746e-08 1.61367e-08 1.21047e-08 8.85673e-09 6.3144e-09 4.39359e-09 2.99082e-09 1.99077e-09 1.28473e-09 7.8396e-10 4.34161e-10 
1.7306e-10 3.38993e-10 5.34745e-10 7.65957e-10 1.03973e-09 1.36073e-09 1.7358e-09 2.18241e-09 2.73554e-09 3.44158e-09 4.33917e-09 5.45189e-09 6.81789e-09 8.57096e-09 1.11294e-08 1.55702e-08 2.41002e-08 4.03694e-08 6.94775e-08 1.12744e-07 1.52611e-07 1.94702e-07 2.80143e-07 4.24389e-07 6.41825e-07 9.25369e-07 1.06287e-06 1.11304e-06 9.84795e-07 6.98931e-07 4.24298e-07 2.66639e-07 1.87255e-07 1.36822e-07 1.01838e-07 7.68083e-08 5.92136e-08 4.66613e-08 3.71944e-08 2.95768e-08 2.3162e-08 1.77048e-08 1.31478e-08 9.47388e-09 6.63363e-09 4.52717e-09 3.01764e-09 1.95875e-09 1.22171e-09 7.03239e-10 
3.1739e-10 5.52163e-10 8.33708e-10 1.17358e-09 1.57599e-09 2.04015e-09 2.56919e-09 3.18491e-09 3.93499e-09 4.87445e-09 6.02975e-09 7.39918e-09 9.02255e-09 1.11294e-08 1.44447e-08 2.06182e-08 3.24394e-08 5.3225e-08 8.75443e-08 1.31927e-07 1.48396e-07 1.72976e-07 3.7738e-07 7.53269e-07 1.08083e-06 1.49804e-06 1.53965e-06 1.45612e-06 1.0783e-06 6.65838e-07 3.64734e-07 2.30559e-07 1.62679e-07 1.22559e-07 9.51614e-08 7.49929e-08 6.0611e-08 4.97199e-08 4.06988e-08 3.27247e-08 2.55836e-08 1.93467e-08 1.41326e-08 9.9863e-09 6.84751e-09 4.57194e-09 2.97468e-09 1.87481e-09 1.12113e-09 6.14739e-10 
2.72376e-10 5.40225e-10 8.73869e-10 1.28722e-09 1.79024e-09 2.37882e-09 3.04031e-09 3.7714e-09 4.60231e-09 5.60122e-09 6.83031e-09 8.28599e-09 9.93175e-09 1.18433e-08 1.44447e-08 1.88698e-08 2.71833e-08 4.17243e-08 6.50481e-08 1.00004e-07 1.2376e-07 1.67757e-07 4.62734e-07 8.76936e-07 1.38727e-06 1.96708e-06 2.44374e-06 2.66222e-06 1.80519e-06 1.24033e-06 6.45844e-07 3.46304e-07 2.06104e-07 1.47451e-07 1.14825e-07 9.28933e-08 7.68083e-08 6.47701e-08 5.47139e-08 4.53504e-08 3.6409e-08 2.81429e-08 2.0912e-08 1.49586e-08 1.03339e-08 6.92271e-09 4.51065e-09 2.85529e-09 1.73854e-09 9.83212e-10 
4.91847e-10 8.75064e-10 1.36174e-09 1.97622e-09 2.72071e-09 3.57258e-09 4.49759e-09 5.48428e-09 6.58249e-09 7.89675e-09 9.4922e-09 1.13073e-08 1.32738e-08 1.55702e-08 1.88698e-08 2.45731e-08 3.44511e-08 5.10239e-08 7.69196e-08 1.1043e-07 1.93779e-07 3.18997e-07 7.44146e-07 1.46725e-06 2.05055e-06 2.65871e-06 2.88077e-06 3.01018e-06 2.61124e-06 1.2176e-06 6.36824e-07 3.20561e-07 1.90854e-07 1.40005e-07 1.12072e-07 9.51614e-08 8.22126e-08 7.16533e-08 6.1415e-08 5.0849e-08 4.03445e-08 3.06115e-08 2.2243e-08 1.553e-08 1.04643e-08 6.8338e-09 4.3341e-09 2.66045e-09 1.55494e-09 8.42055e-10 
4.12117e-10 8.29017e-10 1.3808e-09 2.10424e-09 3.02238e-09 4.11785e-09 5.33206e-09 6.59602e-09 7.8942e-09 9.32394e-09 1.10561e-08 1.31455e-08 1.54259e-08 1.78167e-08 2.06182e-08 2.45731e-08 3.15329e-08 4.16501e-08 5.28641e-08 6.5412e-08 1.51843e-07 3.32001e-07 7.53932e-07 1.39688e-06 2.13604e-06 2.77083e-06 3.19552e-06 3.41772e-06 3.11766e-06 2.51701e-06 1.87858e-06 6.12593e-07 2.88653e-07 1.82463e-07 1.36828e-07 1.14825e-07 1.01838e-07 9.13408e-08 8.10162e-08 6.94259e-08 5.67936e-08 4.41913e-08 3.27447e-08 2.31867e-08 1.57627e-08 1.03385e-08 6.56806e-09 4.04482e-09 2.39885e-09 1.32992e-09 
7.3165e-10 1.33432e-09 2.14923e-09 3.23601e-09 4.6064e-09 6.20102e-09 7.89801e-09 9.57947e-09 1.12476e-08 1.31092e-08 1.54489e-08 1.82654e-08 2.11917e-08 2.41002e-08 2.71833e-08 3.15329e-08 3.80503e-08 3.52411e-08 2.67796e-08 1.40368e-07 3.78623e-07 7.60645e-07 1.32787e-06 2.0243e-06 2.74564e-06 3.29542e-06 3.63049e-06 3.56006e-06 3.25756e-06 2.46158e-06 1.85054e-06 5.71539e-07 2.80005e-07 1.77154e-07 1.40005e-07 1.22559e-07 1.13489e-07 1.03979e-07 9.23481e-08 7.8203e-08 6.26902e-08 4.7576e-08 3.43012e-08 2.36082e-08 1.55951e-08 9.93808e-09 6.13056e-09 3.65837e-09 2.08626e-09 1.1134e-09 
5.97747e-10 1.22001e-09 2.09738e-09 3.3213e-09 4.95982e-09 6.99246e-09 9.27902e-09 1.1595e-08 1.37679e-08 1.58827e-08 1.83759e-08 2.16912e-08 2.56278e-08 2.93479e-08 3.24394e-08 3.44511e-08 3.80503e-08 2.76864e-08 2.44952e-08 1.57517e-07 4.03319e-07 7.68004e-07 1.26055e-06 1.8936e-06 2.56376e-06 3.18467e-06 3.65328e-06 3.78803e-06 3.66795e-06 3.17424e-06 2.52515e-06 1.61188e-06 5.04613e-07 2.78176e-07 1.82463e-07 1.47451e-07 1.36822e-07 1.30003e-07 1.19471e-07 1.04946e-07 8.70503e-08 6.79815e-08 5.01243e-08 3.50646e-08 2.34077e-08 1.4999e-08 9.27257e-09 5.54675e-09 3.20036e-09 1.73709e-09 
1.04206e-09 1.94922e-09 3.2574e-09 5.11154e-09 7.57701e-09 1.05602e-08 1.37773e-08 1.68521e-08 1.95857e-08 2.22998e-08 2.58474e-08 3.07906e-08 3.63008e-08 4.03694e-08 4.17243e-08 4.16501e-08 2.76864e-08 2.70159e-08 1.6984e-07 4.19795e-07 7.66058e-07 1.20813e-06 1.73284e-06 2.33958e-06 2.92437e-06 3.44223e-06 3.74062e-06 3.80018e-06 3.58706e-06 3.09249e-06 2.35385e-06 1.4965e-06 4.96802e-07 2.80005e-07 1.90854e-07 1.62679e-07 1.57842e-07 1.50494e-07 1.36959e-07 1.17866e-07 9.51555e-08 7.20979e-08 5.14921e-08 3.48727e-08 2.25397e-08 1.39903e-08 8.38274e-09 4.85929e-09 2.70235e-09 1.41919e-09 
8.30094e-10 1.71732e-09 3.04855e-09 5.02766e-09 7.84271e-09 1.15282e-08 1.58439e-08 2.02679e-08 2.42291e-08 2.76199e-08 3.12984e-08 3.67138e-08 4.41664e-08 5.10626e-08 5.3225e-08 5.10239e-08 3.52411e-08 2.70159e-08 1.66264e-07 4.1533e-07 7.4204e-07 1.1411e-06 1.60531e-06 2.10417e-06 2.63181e-06 3.12021e-06 3.49702e-06 3.7035e-06 3.6984e-06 3.45819e-06 2.95523e-06 2.26317e-06 1.42935e-06 5.04613e-07 2.88653e-07 2.06104e-07 1.87255e-07 1.84399e-07 1.73964e-07 1.55211e-07 1.29956e-07 1.01676e-07 7.45019e-08 5.14162e-08 3.3648e-08 2.10279e-08 1.26337e-08 7.33701e-09 4.1188e-09 2.18834e-09 
1.41963e-09 2.72055e-09 4.71742e-09 7.73171e-09 1.19934e-08 1.74453e-08 2.35761e-08 2.94999e-08 3.44608e-08 3.8744e-08 4.41982e-08 5.26984e-08 6.28892e-08 6.94775e-08 6.50481e-08 5.28641e-08 2.44952e-08 1.66264e-07 4.14932e-07 7.17996e-07 1.07191e-06 1.47779e-06 1.91724e-06 2.35898e-06 2.79868e-06 3.17838e-06 3.4574e-06 3.59207e-06 3.55191e-06 3.3022e-06 2.85562e-06 2.19731e-06 1.4965e-06 5.71539e-07 3.20561e-07 2.30559e-07 2.20208e-07 2.15352e-07 1.98832e-07 1.72659e-07 1.40012e-07 1.05789e-07 7.47717e-08 4.97624e-08 3.14223e-08 1.89729e-08 1.10376e-08 6.21816e-09 3.37466e-09 1.74286e-09 
1.10398e-09 2.31003e-09 4.22762e-09 7.25962e-09 1.18539e-08 1.826e-08 2.62113e-08 3.47296e-08 4.24326e-08 4.85464e-08 5.43436e-08 6.30176e-08 7.51841e-08 8.65161e-08 8.75443e-08 7.69196e-08 2.67796e-08 1.6984e-07 4.14932e-07 7.05723e-07 1.02112e-06 1.3722e-06 1.75412e-06 2.1398e-06 2.5149e-06 2.86731e-06 3.16143e-06 3.36847e-06 3.45793e-06 3.39788e-06 3.19156e-06 2.79652e-06 2.26317e-06 1.61188e-06 6.12593e-07 3.46304e-07 2.66639e-07 2.60762e-07 2.48256e-07 2.23094e-07 1.87646e-07 1.46806e-07 1.06838e-07 7.26738e-08 4.65651e-08 2.83464e-08 1.65445e-08 9.33419e-09 5.10504e-09 2.65745e-09 
1.85089e-09 3.6242e-09 6.50686e-09 1.11326e-08 1.81071e-08 2.76319e-08 3.90194e-08 5.05456e-08 6.02833e-08 6.79382e-08 7.65952e-08 8.97769e-08 1.03137e-07 1.12744e-07 1.00004e-07 6.5412e-08 1.57517e-07 4.1533e-07 7.05723e-07 9.96463e-07 1.30002e-06 1.62652e-06 1.96173e-06 2.28898e-06 2.5985e-06 2.87877e-06 3.10913e-06 3.26755e-06 3.33124e-06 3.29732e-06 3.14152e-06 2.85562e-06 2.35385e-06 1.85054e-06 6.36824e-07 3.64734e-07 3.18433e-07 3.03132e-07 2.80903e-07 2.44593e-07 1.98361e-07 1.49362e-07 1.04418e-07 6.82291e-08 4.20404e-08 2.46822e-08 1.39515e-08 7.65137e-09 4.05996e-09 2.06243e-09 
1.40808e-09 2.97118e-09 5.58716e-09 9.96307e-09 1.70138e-08 2.75161e-08 4.14677e-08 5.74075e-08 7.25389e-08 8.46379e-08 9.48579e-08 1.08082e-07 1.23711e-07 1.33096e-07 1.31927e-07 1.1043e-07 1.40368e-07 4.19795e-07 7.17996e-07 9.96463e-07 1.26612e-06 1.54316e-06 1.82702e-06 2.11039e-06 2.38276e-06 2.63543e-06 2.85997e-06 3.04453e-06 3.17496e-06 3.24595e-06 3.25673e-06 3.19156e-06 2.95523e-06 2.52515e-06 1.87858e-06 6.45844e-07 4.24298e-07 3.70617e-07 3.44852e-07 3.10974e-07 2.6055e-07 2.03483e-07 1.4699e-07 9.8504e-08 6.17262e-08 3.6583e-08 2.07567e-08 1.1398e-08 6.0883e-09 3.11102e-09 
2.31335e-09 4.61106e-09 8.53713e-09 1.51976e-08 2.58852e-08 4.15072e-08 6.15447e-08 8.32353e-08 1.02499e-07 1.1771e-07 1.32272e-07 1.48805e-07 1.60467e-07 1.52611e-07 1.2376e-07 1.51843e-07 4.03319e-07 7.4204e-07 1.02112e-06 1.26612e-06 1.50384e-06 1.73954e-06 1.97842e-06 2.21399e-06 2.43798e-06 2.64422e-06 2.82779e-06 2.98436e-06 3.1121e-06 3.21538e-06 3.29732e-06 3.3022e-06 3.09249e-06 2.46158e-06 1.2176e-06 6.65838e-07 4.78743e-07 4.17901e-07 3.86454e-07 3.33445e-07 2.69498e-07 2.01858e-07 1.39567e-07 8.94373e-08 5.37414e-08 3.06988e-08 1.68924e-08 9.04421e-09 4.70533e-09 2.35338e-09 
1.72608e-09 3.66082e-09 7.04128e-09 1.29765e-08 2.30852e-08 3.91261e-08 6.19736e-08 9.00261e-08 1.18579e-07 1.4258e-07 1.62563e-07 1.81322e-07 1.94123e-07 1.87953e-07 1.48396e-07 1.93779e-07 3.78623e-07 7.66058e-07 1.07191e-06 1.30002e-06 1.50384e-06 1.69806e-06 1.89288e-06 2.09036e-06 2.28404e-06 2.46743e-06 2.63747e-06 2.79419e-06 2.94264e-06 3.08917e-06 3.24595e-06 3.39788e-06 3.45819e-06 3.17424e-06 2.51701e-06 1.24033e-06 6.98931e-07 5.15522e-07 4.71957e-07 4.17029e-07 3.47467e-07 2.69521e-07 1.93225e-07 1.27408e-07 7.80211e-08 4.50442e-08 2.48934e-08 1.33448e-08 6.9856e-09 3.513e-09 
2.77837e-09 5.61379e-09 1.06606e-08 1.96362e-08 3.48611e-08 5.85882e-08 9.12516e-08 1.29277e-07 1.65607e-07 1.95533e-07 2.21414e-07 2.37797e-07 2.33665e-07 1.94702e-07 1.67757e-07 3.32001e-07 7.68004e-07 1.1411e-06 1.3722e-06 1.54316e-06 1.69806e-06 1.85152e-06 2.0103e-06 2.17179e-06 2.32954e-06 2.4803e-06 2.62496e-06 2.76982e-06 2.9276e-06 3.1121e-06 3.33124e-06 3.55191e-06 3.58706e-06 3.25756e-06 2.61124e-06 1.0783e-06 6.77476e-07 5.73464e-07 5.10176e-07 4.37861e-07 3.49729e-07 2.60336e-07 1.77689e-07 1.11555e-07 6.54009e-08 3.64198e-08 1.9571e-08 1.0268e-08 5.256e-09 2.59208e-09 
2.03844e-09 4.33175e-09 8.47887e-09 1.60482e-08 2.95503e-08 5.21952e-08 8.65877e-08 1.31907e-07 1.81521e-07 2.2661e-07 2.63895e-07 2.91133e-07 2.91691e-07 2.57165e-07 1.72976e-07 3.18997e-07 7.60645e-07 1.20813e-06 1.47779e-06 1.62652e-06 1.73954e-06 1.85152e-06 1.97117e-06 2.0989e-06 2.22907e-06 2.35735e-06 2.48396e-06 2.61431e-06 2.76094e-06 2.94264e-06 3.17496e-06 3.45793e-06 3.6984e-06 3.66795e-06 3.11766e-06 1.80519e-06 9.84795e-07 7.07412e-07 6.09718e-07 5.39702e-07 4.42372e-07 3.40533e-07 2.41531e-07 1.56444e-07 9.36628e-08 5.27804e-08 2.85046e-08 1.49782e-08 7.715e-09 3.82992e-09 
3.21469e-09 6.55719e-09 1.26955e-08 2.40222e-08 4.41208e-08 7.71985e-08 1.25706e-07 1.86251e-07 2.48518e-07 3.03824e-07 3.45654e-07 3.61722e-07 3.33156e-07 2.80143e-07 4.62734e-07 7.53932e-07 1.26055e-06 1.60531e-06 1.75412e-06 1.82702e-06 1.89288e-06 1.97117e-06 2.06305e-06 2.16366e-06 2.26764e-06 2.37316e-06 2.48392e-06 2.61019e-06 2.76982e-06 2.98436e-06 3.26755e-06 3.59207e-06 3.80018e-06 3.56006e-06 3.01018e-06 1.45612e-06 8.81767e-07 7.15234e-07 6.44364e-07 5.4655e-07 4.32665e-07 3.18763e-07 2.14184e-07 1.31792e-07 7.55465e-08 4.11557e-08 2.16917e-08 1.12024e-08 5.66377e-09 2.75911e-09 
2.32439e-09 4.93549e-09 9.78161e-09 1.88828e-08 3.56922e-08 6.51317e-08 1.12261e-07 1.78269e-07 2.55678e-07 3.31469e-07 3.96573e-07 4.29825e-07 4.24561e-07 3.66758e-07 3.7738e-07 7.44146e-07 1.32787e-06 1.73284e-06 1.91724e-06 1.96173e-06 1.97842e-06 2.0103e-06 2.06305e-06 2.13134e-06 2.20906e-06 2.29204e-06 2.38101e-06 2.48353e-06 2.61431e-06 2.79419e-06 3.04453e-06 3.36847e-06 3.7035e-06 3.78803e-06 3.41772e-06 2.66222e-06 1.11304e-06 8.45398e-07 7.34018e-07 6.53642e-07 5.34539e-07 4.07578e-07 2.84852e-07 1.81332e-07 1.064e-07 5.87504e-08 3.11528e-08 1.61246e-08 8.20898e-09 4.03554e-09 
3.59151e-09 7.36781e-09 1.44571e-08 2.78788e-08 5.24745e-08 9.4629e-08 1.59584e-07 2.45497e-07 3.40251e-07 4.29849e-07 4.948e-07 5.0417e-07 4.75373e-07 4.24389e-07 8.76936e-07 1.39688e-06 1.8936e-06 2.10417e-06 2.1398e-06 2.11039e-06 2.09036e-06 2.0989e-06 2.13134e-06 2.18003e-06 2.2389e-06 2.3054e-06 2.38335e-06 2.48392e-06 2.62496e-06 2.82779e-06 3.10913e-06 3.4574e-06 3.74062e-06 3.63049e-06 2.88077e-06 1.53965e-06 9.91041e-07 7.99372e-07 7.44484e-07 6.37307e-07 5.04448e-07 3.66333e-07 2.42585e-07 1.46755e-07 8.26273e-08 4.42692e-08 2.30095e-08 1.17555e-08 5.89379e-09 2.84148e-09 
2.56367e-09 5.42686e-09 1.08393e-08 2.11941e-08 4.07533e-08 7.60078e-08 1.34547e-07 2.20325e-07 3.26672e-07 4.38445e-07 5.35812e-07 5.82134e-07 5.6701e-07 5.68978e-07 7.53269e-07 1.46725e-06 2.0243e-06 2.33958e-06 2.35898e-06 2.28898e-06 2.21399e-06 2.17179e-06 2.16366e-06 2.18003e-06 2.2125e-06 2.25574e-06 2.30965e-06 2.38101e-06 2.48396e-06 2.63747e-06 2.85997e-06 3.16143e-06 3.49702e-06 3.65328e-06 3.19552e-06 2.44374e-06 1.06287e-06 8.33481e-07 7.99732e-07 7.20747e-07 6.00943e-07 4.53916e-07 3.1355e-07 1.97043e-07 1.1396e-07 6.20417e-08 3.25003e-08 1.66635e-08 8.42388e-09 4.11387e-09 
3.88096e-09 7.98069e-09 1.57819e-08 3.07707e-08 5.87516e-08 1.0788e-07 1.85987e-07 2.93569e-07 4.18887e-07 5.44348e-07 6.3098e-07 6.5477e-07 6.15038e-07 6.41825e-07 1.38727e-06 2.13604e-06 2.56376e-06 2.63181e-06 2.5149e-06 2.38276e-06 2.28404e-06 2.22907e-06 2.20906e-06 2.2125e-06 2.23104e-06 2.26119e-06 2.3054e-06 2.37316e-06 2.4803e-06 2.64422e-06 2.87877e-06 3.17838e-06 3.44223e-06 3.29542e-06 2.65871e-06 1.49804e-06 9.26029e-07 7.93249e-07 7.6594e-07 6.78668e-07 5.39226e-07 3.89086e-07 2.5566e-07 1.53198e-07 8.5368e-08 4.53083e-08 2.33735e-08 1.18767e-08 5.92834e-09 2.8338e-09 
2.73823e-09 5.7674e-09 1.156e-08 2.27452e-08 4.40951e-08 8.3104e-08 1.49079e-07 2.48224e-07 3.75722e-07 5.16419e-07 6.4237e-07 7.05789e-07 7.0135e-07 7.69187e-07 1.08083e-06 2.05055e-06 2.74564e-06 2.92437e-06 2.79868e-06 2.5985e-06 2.43798e-06 2.32954e-06 2.26764e-06 2.2389e-06 2.23104e-06 2.23707e-06 2.25574e-06 2.29204e-06 2.35735e-06 2.46743e-06 2.63543e-06 2.86731e-06 3.12021e-06 3.18467e-06 2.77083e-06 1.96708e-06 9.25369e-07 7.49208e-07 7.59918e-07 7.16342e-07 6.08089e-07 4.60564e-07 3.17922e-07 1.99194e-07 1.14638e-07 6.20773e-08 3.23709e-08 1.65434e-08 8.34404e-09 4.06026e-09 
4.06026e-09 8.34404e-09 1.65434e-08 3.23709e-08 6.20773e-08 1.14638e-07 1.99194e-07 3.17922e-07 4.60564e-07 6.08089e-07 7.16342e-07 7.59918e-07 7.49208e-07 9.25369e-07 1.96708e-06 2.77083e-06 3.18467e-06 3.12021e-06 2.86731e-06 2.63543e-06 2.46743e-06 2.35735e-06 2.29204e-06 2.25574e-06 2.23707e-06 2.23104e-06 2.2389e-06 2.26764e-06 2.32954e-06 2.43798e-06 2.5985e-06 2.79868e-06 2.92437e-06 2.74564e-06 2.05055e-06 1.08083e-06 7.69187e-07 7.0135e-07 7.05789e-07 6.4237e-07 5.16419e-07 3.75722e-07 2.48224e-07 1.49079e-07 8.3104e-08 4.40951e-08 2.27452e-08 1.156e-08 5.7674e-09 2.73823e-09 
2.8338e-09 5.92834e-09 1.18767e-08 2.33735e-08 4.53083e-08 8.5368e-08 1.53198e-07 2.5566e-07 3.89086e-07 5.39226e-07 6.78668e-07 7.6594e-07 7.93249e-07 9.26029e-07 1.49804e-06 2.65871e-06 3.29542e-06 3.44223e-06 3.17838e-06 2.87877e-06 2.64422e-06 2.4803e-06 2.37316e-06 2.3054e-06 2.26119e-06 2.23104e-06 2.2125e-06 2.20906e-06 2.22907e-06 2.28404e-06 2.38276e-06 2.5149e-06 2.63181e-06 2.56376e-06 2.13604e-06 1.38727e-06 6.41825e-07 6.15038e-07 6.5477e-07 6.3098e-07 5.44348e-07 4.18887e-07 2.93569e-07 1.85987e-07 1.0788e-07 5.87516e-08 3.07707e-08 1.57819e-08 7.98069e-09 3.88096e-09 
4.11387e-09 8.42388e-09 1.66635e-08 3.25003e-08 6.20417e-08 1.1396e-07 1.97043e-07 3.1355e-07 4.53916e-07 6.00943e-07 7.20747e-07 7.99732e-07 8.33481e-07 1.06287e-06 2.44374e-06 3.19552e-06 3.65328e-06 3.49702e-06 3.16143e-06 2.85997e-06 2.63747e-06 2.48396e-06 2.38101e-06 2.30965e-06 2.25574e-06 2.2125e-06 2.18003e-06 2.16366e-06 2.17179e-06 2.21399e-06 2.28898e-06 2.35898e-06 2.33958e-06 2.0243e-06 1.46725e-06 7.53269e-07 5.68978e-07 5.6701e-07 5.82134e-07 5.35812e-07 4.38445e-07 3.26672e-07 2.20325e-07 1.34547e-07 7.60078e-08 4.07533e-08 2.11941e-08 1.08393e-08 5.42686e-09 2.56367e-09 
2.84148e-09 5.89379e-09 1.17555e-08 2.30095e-08 4.42692e-08 8.26273e-08 1.46755e-07 2.42585e-07 3.66333e-07 5.04448e-07 6.37307e-07 7.44484e-07 7.99372e-07 9.91041e-07 1.53965e-06 2.88077e-06 3.63049e-06 3.74062e-06 3.4574e-06 3.10913e-06 2.82779e-06 2.62496e-06 2.48392e-06 2.38335e-06 2.3054e-06 2.2389e-06 2.18003e-06 2.13134e-06 2.0989e-06 2.09036e-06 2.11039e-06 2.1398e-06 2.10417e-06 1.8936e-06 1.39688e-06 8.76936e-07 4.24389e-07 4.75373e-07 5.0417e-07 4.948e-07 4.29849e-07 3.40251e-07 2.45497e-07 1.59584e-07 9.4629e-08 5.24745e-08 2.78788e-08 1.44571e-08 7.36781e-09 3.59151e-09 
4.03554e-09 8.20898e-09 1.61246e-08 3.11528e-08 5.87504e-08 1.064e-07 1.81332e-07 2.84852e-07 4.07578e-07 5.34539e-07 6.53642e-07 7.34018e-07 8.45398e-07 1.11304e-06 2.66222e-06 3.41772e-06 3.78803e-06 3.7035e-06 3.36847e-06 3.04453e-06 2.79419e-06 2.61431e-06 2.48353e-06 2.38101e-06 2.29204e-06 2.20906e-06 2.13134e-06 2.06305e-06 2.0103e-06 1.97842e-06 1.96173e-06 1.91724e-06 1.73284e-06 1.32787e-06 7.44146e-07 3.7738e-07 3.66758e-07 4.24561e-07 4.29825e-07 3.96573e-07 3.31469e-07 2.55678e-07 1.78269e-07 1.12261e-07 6.51317e-08 3.56922e-08 1.88828e-08 9.78161e-09 4.93549e-09 2.32439e-09 
2.75911e-09 5.66377e-09 1.12024e-08 2.16917e-08 4.11557e-08 7.55465e-08 1.31792e-07 2.14184e-07 3.18763e-07 4.32665e-07 5.4655e-07 6.44364e-07 7.15234e-07 8.81767e-07 1.45612e-06 3.01018e-06 3.56006e-06 3.80018e-06 3.59207e-06 3.26755e-06 2.98436e-06 2.76982e-06 2.61019e-06 2.48392e-06 2.37316e-06 2.26764e-06 2.16366e-06 2.06305e-06 1.97117e-06 1.89288e-06 1.82702e-06 1.75412e-06 1.60531e-06 1.26055e-06 7.53932e-07 4.62734e-07 2.80143e-07 3.33156e-07 3.61722e-07 3.45654e-07 3.03824e-07 2.48518e-07 1.86251e-07 1.25706e-07 7.71985e-08 4.41208e-08 2.40222e-08 1.26955e-08 6.55719e-09 3.21469e-09 
3.82992e-09 7.715e-09 1.49782e-08 2.85046e-08 5.27804e-08 9.36628e-08 1.56444e-07 2.41531e-07 3.40533e-07 4.42372e-07 5.39702e-07 6.09718e-07 7.07412e-07 9.84795e-07 1.80519e-06 3.11766e-06 3.66795e-06 3.6984e-06 3.45793e-06 3.17496e-06 2.94264e-06 2.76094e-06 2.61431e-06 2.48396e-06 2.35735e-06 2.22907e-06 2.0989e-06 1.97117e-06 1.85152e-06 1.73954e-06 1.62652e-06 1.47779e-06 1.20813e-06 7.60645e-07 3.18997e-07 1.72976e-07 2.57165e-07 2.91691e-07 2.91133e-07 2.63895e-07 2.2661e-07 1.81521e-07 1.31907e-07 8.65877e-08 5.21952e-08 2.95503e-08 1.60482e-08 8.47887e-09 4.33175e-09 2.03844e-09 
2.59208e-09 5.256e-09 1.0268e-08 1.9571e-08 3.64198e-08 6.54009e-08 1.11555e-07 1.77689e-07 2.60336e-07 3.49729e-07 4.37861e-07 5.10176e-07 5.73464e-07 6.77476e-07 1.0783e-06 2.61124e-06 3.25756e-06 3.58706e-06 3.55191e-06 3.33124e-06 3.1121e-06 2.9276e-06 2.76982e-06 2.62496e-06 2.4803e-06 2.32954e-06 2.17179e-06 2.0103e-06 1.85152e-06 1.69806e-06 1.54316e-06 1.3722e-06 1.1411e-06 7.68004e-07 3.32001e-07 1.67757e-07 1.94702e-07 2.33665e-07 2.37797e-07 2.21414e-07 1.95533e-07 1.65607e-07 1.29277e-07 9.12516e-08 5.85882e-08 3.48611e-08 1.96362e-08 1.06606e-08 5.61379e-09 2.77837e-09 
3.513e-09 6.9856e-09 1.33448e-08 2.48934e-08 4.50442e-08 7.80211e-08 1.27408e-07 1.93225e-07 2.69521e-07 3.47467e-07 4.17029e-07 4.71957e-07 5.15522e-07 6.98931e-07 1.24033e-06 2.51701e-06 3.17424e-06 3.45819e-06 3.39788e-06 3.24595e-06 3.08917e-06 2.94264e-06 2.79419e-06 2.63747e-06 2.46743e-06 2.28404e-06 2.09036e-06 1.89288e-06 1.69806e-06 1.50384e-06 1.30002e-06 1.07191e-06 7.66058e-07 3.78623e-07 1.93779e-07 1.48396e-07 1.87953e-07 1.94123e-07 1.81322e-07 1.62563e-07 1.4258e-07 1.18579e-07 9.00261e-08 6.19736e-08 3.91261e-08 2.30852e-08 1.29765e-08 7.04128e-09 3.66082e-09 1.72608e-09 
2.35338e-09 4.70533e-09 9.04421e-09 1.68924e-08 3.06988e-08 5.37414e-08 8.94373e-08 1.39567e-07 2.01858e-07 2.69498e-07 3.33445e-07 3.86454e-07 4.17901e-07 4.78743e-07 6.65838e-07 1.2176e-06 2.46158e-06 3.09249e-06 3.3022e-06 3.29732e-06 3.21538e-06 3.1121e-06 2.98436e-06 2.82779e-06 2.64422e-06 2.43798e-06 2.21399e-06 1.97842e-06 1.73954e-06 1.50384e-06 1.26612e-06 1.02112e-06 7.4204e-07 4.03319e-07 1.51843e-07 1.2376e-07 1.52611e-07 1.60467e-07 1.48805e-07 1.32272e-07 1.1771e-07 1.02499e-07 8.32353e-08 6.15447e-08 4.15072e-08 2.58852e-08 1.51976e-08 8.53713e-09 4.61106e-09 2.31335e-09 
3.11102e-09 6.0883e-09 1.1398e-08 2.07567e-08 3.6583e-08 6.17262e-08 9.8504e-08 1.4699e-07 2.03483e-07 2.6055e-07 3.10974e-07 3.44852e-07 3.70617e-07 4.24298e-07 6.45844e-07 1.87858e-06 2.52515e-06 2.95523e-06 3.19156e-06 3.25673e-06 3.24595e-06 3.17496e-06 3.04453e-06 2.85997e-06 2.63543e-06 2.38276e-06 2.11039e-06 1.82702e-06 1.54316e-06 1.26612e-06 9.96463e-07 7.17996e-07 4.19795e-07 1.40368e-07 1.1043e-07 1.31927e-07 1.33096e-07 1.23711e-07 1.08082e-07 9.48579e-08 8.46379e-08 7.25389e-08 5.74075e-08 4.14677e-08 2.75161e-08 1.70138e-08 9.96307e-09 5.58716e-09 2.97118e-09 1.40808e-09 
2.06243e-09 4.05996e-09 7.65137e-09 1.39515e-08 2.46822e-08 4.20404e-08 6.82291e-08 1.04418e-07 1.49362e-07 1.98361e-07 2.44593e-07 2.80903e-07 3.03132e-07 3.18433e-07 3.64734e-07 6.36824e-07 1.85054e-06 2.35385e-06 2.85562e-06 3.14152e-06 3.29732e-06 3.33124e-06 3.26755e-06 3.10913e-06 2.87877e-06 2.5985e-06 2.28898e-06 1.96173e-06 1.62652e-06 1.30002e-06 9.96463e-07 7.05723e-07 4.1533e-07 1.57517e-07 6.5412e-08 1.00004e-07 1.12744e-07 1.03137e-07 8.97769e-08 7.65952e-08 6.79382e-08 6.02833e-08 5.05456e-08 3.90194e-08 2.76319e-08 1.81071e-08 1.11326e-08 6.50686e-09 3.6242e-09 1.85089e-09 
2.65745e-09 5.10504e-09 9.33419e-09 1.65445e-08 2.83464e-08 4.65651e-08 7.26738e-08 1.06838e-07 1.46806e-07 1.87646e-07 2.23094e-07 2.48256e-07 2.60762e-07 2.66639e-07 3.46304e-07 6.12593e-07 1.61188e-06 2.26317e-06 2.79652e-06 3.19156e-06 3.39788e-06 3.45793e-06 3.36847e-06 3.16143e-06 2.86731e-06 2.5149e-06 2.1398e-06 1.75412e-06 1.3722e-06 1.02112e-06 7.05723e-07 4.14932e-07 1.6984e-07 2.67796e-08 7.69196e-08 8.75443e-08 8.65161e-08 7.51841e-08 6.30176e-08 5.43436e-08 4.85464e-08 4.24326e-08 3.47296e-08 2.62113e-08 1.826e-08 1.18539e-08 7.25962e-09 4.22762e-09 2.31003e-09 1.10398e-09 
1.74286e-09 3.37466e-09 6.21816e-09 1.10376e-08 1.89729e-08 3.14223e-08 4.97624e-08 7.47717e-08 1.05789e-07 1.40012e-07 1.72659e-07 1.98832e-07 2.15352e-07 2.20208e-07 2.30559e-07 3.20561e-07 5.71539e-07 1.4965e-06 2.19731e-06 2.85562e-06 3.3022e-06 3.55191e-06 3.59207e-06 3.4574e-06 3.17838e-06 2.79868e-06 2.35898e-06 1.91724e-06 1.47779e-06 1.07191e-06 7.17996e-07 4.14932e-07 1.66264e-07 2.44952e-08 5.28641e-08 6.50481e-08 6.94775e-08 6.28892e-08 5.26984e-08 4.41982e-08 3.8744e-08 3.44608e-08 2.94999e-08 2.35761e-08 1.74453e-08 1.19934e-08 7.73171e-09 4.71742e-09 2.72055e-09 1.41963e-09 
2.18834e-09 4.1188e-09 7.33701e-09 1.26337e-08 2.10279e-08 3.3648e-08 5.14162e-08 7.45019e-08 1.01676e-07 1.29956e-07 1.55211e-07 1.73964e-07 1.84399e-07 1.87255e-07 2.06104e-07 2.88653e-07 5.04613e-07 1.42935e-06 2.26317e-06 2.95523e-06 3.45819e-06 3.6984e-06 3.7035e-06 3.49702e-06 3.12021e-06 2.63181e-06 2.10417e-06 1.60531e-06 1.1411e-06 7.4204e-07 4.1533e-07 1.66264e-07 2.70159e-08 3.52411e-08 5.10239e-08 5.3225e-08 5.10626e-08 4.41664e-08 3.67138e-08 3.12984e-08 2.76199e-08 2.42291e-08 2.02679e-08 1.58439e-08 1.15282e-08 7.84271e-09 5.02766e-09 3.04855e-09 1.71732e-09 8.30094e-10 
1.41919e-09 2.70235e-09 4.85929e-09 8.38274e-09 1.39903e-08 2.25397e-08 3.48727e-08 5.14921e-08 7.20979e-08 9.51555e-08 1.17866e-07 1.36959e-07 1.50494e-07 1.57842e-07 1.62679e-07 1.90854e-07 2.80005e-07 4.96802e-07 1.4965e-06 2.35385e-06 3.09249e-06 3.58706e-06 3.80018e-06 3.74062e-06 3.44223e-06 2.92437e-06 2.33958e-06 1.73284e-06 1.20813e-06 7.66058e-07 4.19795e-07 1.6984e-07 2.70159e-08 2.76864e-08 4.16501e-08 4.17243e-08 4.03694e-08 3.63008e-08 3.07906e-08 2.58474e-08 2.22998e-08 1.95857e-08 1.68521e-08 1.37773e-08 1.05602e-08 7.57701e-09 5.11154e-09 3.2574e-09 1.94922e-09 1.04206e-09 
1.73709e-09 3.20036e-09 5.54675e-09 9.27257e-09 1.4999e-08 2.34077e-08 3.50646e-08 5.01243e-08 6.79815e-08 8.70503e-08 1.04946e-07 1.19471e-07 1.30003e-07 1.36822e-07 1.47451e-07 1.82463e-07 2.78176e-07 5.04613e-07 1.61188e-06 2.52515e-06 3.17424e-06 3.66795e-06 3.78803e-06 3.65328e-06 3.18467e-06 2.56376e-06 1.8936e-06 1.26055e-06 7.68004e-07 4.03319e-07 1.57517e-07 2.44952e-08 2.76864e-08 3.80503e-08 3.44511e-08 3.24394e-08 2.93479e-08 2.56278e-08 2.16912e-08 1.83759e-08 1.58827e-08 1.37679e-08 1.1595e-08 9.27902e-09 6.99246e-09 4.95982e-09 3.3213e-09 2.09738e-09 1.22001e-09 5.97747e-10 
1.1134e-09 2.08626e-09 3.65837e-09 6.13056e-09 9.93808e-09 1.55951e-08 2.36082e-08 3.43012e-08 4.7576e-08 6.26902e-08 7.8203e-08 9.23481e-08 1.03979e-07 1.13489e-07 1.22559e-07 1.40005e-07 1.77154e-07 2.80005e-07 5.71539e-07 1.85054e-06 2.46158e-06 3.25756e-06 3.56006e-06 3.63049e-06 3.29542e-06 2.74564e-06 2.0243e-06 1.32787e-06 7.60645e-07 3.78623e-07 1.40368e-07 2.67796e-08 3.52411e-08 3.80503e-08 3.15329e-08 2.71833e-08 2.41002e-08 2.11917e-08 1.82654e-08 1.54489e-08 1.31092e-08 1.12476e-08 9.57947e-09 7.89801e-09 6.20102e-09 4.6064e-09 3.23601e-09 2.14923e-09 1.33432e-09 7.3165e-10 
1.32992e-09 2.39885e-09 4.04482e-09 6.56806e-09 1.03385e-08 1.57627e-08 2.31867e-08 3.27447e-08 4.41913e-08 5.67936e-08 6.94259e-08 8.10162e-08 9.13408e-08 1.01838e-07 1.14825e-07 1.36828e-07 1.82463e-07 2.88653e-07 6.12593e-07 1.87858e-06 2.51701e-06 3.11766e-06 3.41772e-06 3.19552e-06 2.77083e-06 2.13604e-06 1.39688e-06 7.53932e-07 3.32001e-07 1.51843e-07 6.5412e-08 5.28641e-08 4.16501e-08 3.15329e-08 2.45731e-08 2.06182e-08 1.78167e-08 1.54259e-08 1.31455e-08 1.10561e-08 9.32394e-09 7.8942e-09 6.59602e-09 5.33206e-09 4.11785e-09 3.02238e-09 2.10424e-09 1.3808e-09 8.29017e-10 4.12117e-10 
8.42055e-10 1.55494e-09 2.66045e-09 4.3341e-09 6.8338e-09 1.04643e-08 1.553e-08 2.2243e-08 3.06115e-08 4.03445e-08 5.0849e-08 6.1415e-08 7.16533e-08 8.22126e-08 9.51614e-08 1.12072e-07 1.40005e-07 1.90854e-07 3.20561e-07 6.36824e-07 1.2176e-06 2.61124e-06 3.01018e-06 2.88077e-06 2.65871e-06 2.05055e-06 1.46725e-06 7.44146e-07 3.18997e-07 1.93779e-07 1.1043e-07 7.69196e-08 5.10239e-08 3.44511e-08 2.45731e-08 1.88698e-08 1.55702e-08 1.32738e-08 1.13073e-08 9.4922e-09 7.89675e-09 6.58249e-09 5.48428e-09 4.49759e-09 3.57258e-09 2.72071e-09 1.97622e-09 1.36174e-09 8.75064e-10 4.91847e-10 
9.83212e-10 1.73854e-09 2.85529e-09 4.51065e-09 6.92271e-09 1.03339e-08 1.49586e-08 2.0912e-08 2.81429e-08 3.6409e-08 4.53504e-08 5.47139e-08 6.47701e-08 7.68083e-08 9.28933e-08 1.14825e-07 1.47451e-07 2.06104e-07 3.46304e-07 6.45844e-07 1.24033e-06 1.80519e-06 2.66222e-06 2.44374e-06 1.96708e-06 1.38727e-06 8.76936e-07 4.62734e-07 1.67757e-07 1.2376e-07 1.00004e-07 6.50481e-08 4.17243e-08 2.71833e-08 1.88698e-08 1.44447e-08 1.18433e-08 9.93175e-09 8.28599e-09 6.83031e-09 5.60122e-09 4.60231e-09 3.7714e-09 3.04031e-09 2.37882e-09 1.79024e-09 1.28722e-09 8.73869e-10 5.40225e-10 2.72376e-10 
6.14739e-10 1.12113e-09 1.87481e-09 2.97468e-09 4.57194e-09 6.84751e-09 9.9863e-09 1.41326e-08 1.93467e-08 2.55836e-08 3.27247e-08 4.06988e-08 4.97199e-08 6.0611e-08 7.49929e-08 9.51614e-08 1.22559e-07 1.62679e-07 2.30559e-07 3.64734e-07 6.65838e-07 1.0783e-06 1.45612e-06 1.53965e-06 1.49804e-06 1.08083e-06 7.53269e-07 3.7738e-07 1.72976e-07 1.48396e-07 1.31927e-07 8.75443e-08 5.3225e-08 3.24394e-08 2.06182e-08 1.44447e-08 1.11294e-08 9.02255e-09 7.39918e-09 6.02975e-09 4.87445e-09 3.93499e-09 3.18491e-09 2.56919e-09 2.04015e-09 1.57599e-09 1.17358e-09 8.33708e-10 5.52163e-10 3.1739e-10 
7.03239e-10 1.22171e-09 1.95875e-09 3.01764e-09 4.52717e-09 6.63363e-09 9.47388e-09 1.31478e-08 1.77048e-08 2.3162e-08 2.95768e-08 3.71944e-08 4.66613e-08 5.92136e-08 7.68083e-08 1.01838e-07 1.36822e-07 1.87255e-07 2.66639e-07 4.24298e-07 6.98931e-07 9.84795e-07 1.11304e-06 1.06287e-06 9.25369e-07 6.41825e-07 4.24389e-07 2.80143e-07 1.94702e-07 1.52611e-07 1.12744e-07 6.94775e-08 4.03694e-08 2.41002e-08 1.55702e-08 1.11294e-08 8.57096e-09 6.81789e-09 5.45189e-09 4.33917e-09 3.44158e-09 2.73554e-09 2.18241e-09 1.7358e-09 1.36073e-09 1.03973e-09 7.65957e-10 5.34745e-10 3.38993e-10 1.7306e-10 
4.34161e-10 7.8396e-10 1.28473e-09 1.99077e-09 2.99082e-09 4.39359e-09 6.3144e-09 8.85673e-09 1.21047e-08 1.61367e-08 2.10746e-08 2.71841e-08 3.50277e-08 4.56303e-08 6.0611e-08 8.22126e-08 1.13489e-07 1.57842e-07 2.20208e-07 3.18433e-07 4.78743e-07 6.77476e-07 8.81767e-07 9.91041e-07 9.26029e-07 7.69187e-07 5.68978e-07 3.66758e-07 2.57165e-07 1.87953e-07 1.33096e-07 8.65161e-08 5.10626e-08 2.93479e-08 1.78167e-08 1.18433e-08 8.57096e-09 6.53063e-09 5.07685e-09 3.95909e-09 3.08246e-09 2.4023e-09 1.88224e-09 1.48219e-09 1.16458e-09 9.03102e-10 6.83175e-10 4.96636e-10 3.37082e-10 1.97421e-10 
4.87863e-10 8.3508e-10 1.31104e-09 1.97579e-09 2.90632e-09 4.19301e-09 5.92755e-09 8.19812e-09 1.11007e-08 1.47748e-08 1.94764e-08 2.56941e-08 3.42947e-08 4.66613e-08 6.47701e-08 9.13408e-08 1.30003e-07 1.84399e-07 2.60762e-07 3.70617e-07 5.15522e-07 7.07412e-07 8.45398e-07 8.33481e-07 7.49208e-07 6.15038e-07 4.75373e-07 3.33156e-07 2.33665e-07 1.60467e-07 1.03137e-07 6.28892e-08 3.63008e-08 2.11917e-08 1.32738e-08 9.02255e-09 6.53063e-09 4.8925e-09 3.71491e-09 2.83077e-09 2.16126e-09 1.6584e-09 1.28293e-09 9.98895e-10 7.76865e-10 5.96854e-10 4.46682e-10 3.1847e-10 2.05948e-10 1.06179e-10 
2.97524e-10 5.33278e-10 8.5923e-10 1.30471e-09 1.92235e-09 2.77896e-09 3.9495e-09 5.51277e-09 7.56022e-09 1.02229e-08 1.37255e-08 1.84756e-08 2.51885e-08 3.50277e-08 4.97199e-08 7.16533e-08 1.03979e-07 1.50494e-07 2.15352e-07 3.03132e-07 4.17901e-07 5.73464e-07 7.15234e-07 7.99372e-07 7.93249e-07 7.0135e-07 5.6701e-07 4.24561e-07 2.91691e-07 1.94123e-07 1.23711e-07 7.51841e-08 4.41664e-08 2.56278e-08 1.54259e-08 9.93175e-09 6.81789e-09 4.8925e-09 3.59553e-09 2.67059e-09 1.99393e-09 1.49682e-09 1.13328e-09 8.67178e-10 6.68847e-10 5.15798e-10 3.9279e-10 2.89892e-10 2.00351e-10 1.1902e-10 
3.29325e-10 5.57154e-10 8.59621e-10 1.27185e-09 1.84085e-09 2.62453e-09 3.68801e-09 5.10934e-09 6.99966e-09 9.54318e-09 1.30654e-08 1.8135e-08 2.56941e-08 3.71944e-08 5.47139e-08 8.10162e-08 1.19471e-07 1.73964e-07 2.48256e-07 3.44852e-07 4.71957e-07 6.09718e-07 7.34018e-07 7.99732e-07 7.59918e-07 6.5477e-07 5.0417e-07 3.61722e-07 2.37797e-07 1.48805e-07 8.97769e-08 5.26984e-08 3.07906e-08 1.82654e-08 1.13073e-08 7.39918e-09 5.07685e-09 3.59553e-09 2.59269e-09 1.88827e-09 1.38534e-09 1.02516e-09 7.67476e-10 5.81997e-10 4.45487e-10 3.4106e-10 2.57113e-10 1.8585e-10 1.21904e-10 6.32778e-11 
1.98583e-10 3.54138e-10 5.63013e-10 8.40978e-10 1.21986e-09 1.7421e-09 2.45897e-09 3.43322e-09 4.75349e-09 6.56371e-09 9.11398e-09 1.28403e-08 1.84756e-08 2.71841e-08 4.06988e-08 6.1415e-08 9.23481e-08 1.36959e-07 1.98832e-07 2.80903e-07 3.86454e-07 5.10176e-07 6.44364e-07 7.44484e-07 7.6594e-07 7.05789e-07 5.82134e-07 4.29825e-07 2.91133e-07 1.81322e-07 1.08082e-07 6.30176e-08 3.67138e-08 2.16912e-08 1.31455e-08 8.28599e-09 5.45189e-09 3.71491e-09 2.59269e-09 1.83714e-09 1.31539e-09 9.50826e-10 6.9525e-10 5.15715e-10 3.88299e-10 2.95434e-10 2.24558e-10 1.66946e-10 1.16721e-10 7.00052e-11 
2.17152e-10 3.64245e-10 5.54449e-10 8.08639e-10 1.15642e-09 1.63656e-09 2.29777e-09 3.20803e-09 4.47589e-09 6.28763e-09 8.96732e-09 1.30654e-08 1.94764e-08 2.95768e-08 4.53504e-08 6.94259e-08 1.04946e-07 1.55211e-07 2.23094e-07 3.10974e-07 4.17029e-07 5.39702e-07 6.53642e-07 7.20747e-07 7.16342e-07 6.3098e-07 4.948e-07 3.45654e-07 2.21414e-07 1.32272e-07 7.65952e-08 4.41982e-08 2.58474e-08 1.54489e-08 9.4922e-09 6.02975e-09 3.95909e-09 2.67059e-09 1.83714e-09 1.28168e-09 9.04398e-10 6.4566e-10 4.67506e-10 3.44275e-10 2.57832e-10 1.95174e-10 1.47033e-10 1.0699e-10 7.07884e-11 3.68886e-11 
1.29675e-10 2.30534e-10 3.62962e-10 5.35554e-10 7.6812e-10 1.08869e-09 1.53411e-09 2.15529e-09 3.03202e-09 4.29969e-09 6.19315e-09 9.11398e-09 1.37255e-08 2.10746e-08 3.27247e-08 5.0849e-08 7.8203e-08 1.17866e-07 1.72659e-07 2.44593e-07 3.33445e-07 4.37861e-07 5.4655e-07 6.37307e-07 6.78668e-07 6.4237e-07 5.35812e-07 3.96573e-07 2.63895e-07 1.62563e-07 9.48579e-08 5.43436e-08 3.12984e-08 1.83759e-08 1.10561e-08 6.83031e-09 4.33917e-09 2.83077e-09 1.88827e-09 1.28168e-09 8.82098e-10 6.14779e-10 4.34394e-10 3.1209e-10 2.28597e-10 1.7054e-10 1.28414e-10 9.54673e-11 6.71093e-11 4.04664e-11 
1.40503e-10 2.34362e-10 3.53397e-10 5.10352e-10 7.24567e-10 1.02318e-09 1.44373e-09 2.04387e-09 2.92014e-09 4.23932e-09 6.28763e-09 9.54318e-09 1.47748e-08 2.3162e-08 3.6409e-08 5.67936e-08 8.70503e-08 1.29956e-07 1.87646e-07 2.6055e-07 3.47467e-07 4.42372e-07 5.34539e-07 6.00943e-07 6.08089e-07 5.44348e-07 4.29849e-07 3.03824e-07 1.95533e-07 1.1771e-07 6.79382e-08 3.8744e-08 2.22998e-08 1.31092e-08 7.89675e-09 4.87445e-09 3.08246e-09 1.99393e-09 1.31539e-09 8.82098e-10 5.99986e-10 4.13809e-10 2.89946e-10 2.07088e-10 1.51146e-10 1.12422e-10 8.40356e-11 6.11613e-11 4.0618e-11 2.12037e-11 
8.32675e-11 1.47809e-10 2.3131e-10 3.38649e-10 4.82607e-10 6.82456e-10 9.65574e-10 1.37314e-09 1.97301e-09 2.88178e-09 4.29969e-09 6.56371e-09 1.02229e-08 1.61367e-08 2.55836e-08 4.03445e-08 6.26902e-08 9.51555e-08 1.40012e-07 1.98361e-07 2.69498e-07 3.49729e-07 4.32665e-07 5.04448e-07 5.39226e-07 5.16419e-07 4.38445e-07 3.31469e-07 2.2661e-07 1.4258e-07 8.46379e-08 4.85464e-08 2.76199e-08 1.58827e-08 9.32394e-09 5.60122e-09 3.44158e-09 2.16126e-09 1.38534e-09 9.04398e-10 5.99986e-10 4.03966e-10 2.76187e-10 1.92245e-10 1.36756e-10 9.96087e-11 7.3846e-11 5.45457e-11 3.83443e-11 2.31684e-11 
8.9668e-11 1.49155e-10 2.23742e-10 3.21504e-10 4.55559e-10 6.45539e-10 9.20686e-10 1.32826e-09 1.94871e-09 2.92014e-09 4.47589e-09 6.99966e-09 1.11007e-08 1.77048e-08 2.81429e-08 4.41913e-08 6.79815e-08 1.01676e-07 1.46806e-07 2.03483e-07 2.69521e-07 3.40533e-07 4.07578e-07 4.53916e-07 4.60564e-07 4.18887e-07 3.40251e-07 2.48518e-07 1.65607e-07 1.02499e-07 6.02833e-08 3.44608e-08 1.95857e-08 1.12476e-08 6.58249e-09 3.93499e-09 2.4023e-09 1.49682e-09 9.50826e-10 6.14779e-10 4.03966e-10 2.69614e-10 1.83017e-10 1.26779e-10 8.99884e-11 6.54715e-11 4.82775e-11 3.49471e-11 2.32027e-11 1.21186e-11 
5.28703e-11 9.38445e-11 1.46504e-10 2.13826e-10 3.04372e-10 4.31825e-10 6.16857e-10 8.92196e-10 1.31287e-09 1.97301e-09 3.03202e-09 4.75349e-09 7.56022e-09 1.21047e-08 1.93467e-08 3.06115e-08 4.7576e-08 7.20979e-08 1.05789e-07 1.49362e-07 2.01858e-07 2.60336e-07 3.18763e-07 3.66333e-07 3.89086e-07 3.75722e-07 3.26672e-07 2.55678e-07 1.81521e-07 1.18579e-07 7.25389e-08 4.24326e-08 2.42291e-08 1.37679e-08 7.8942e-09 4.60231e-09 2.73554e-09 1.6584e-09 1.02516e-09 6.4566e-10 4.13809e-10 2.69614e-10 1.78609e-10 1.20564e-10 8.32674e-11 5.90698e-11 4.29211e-11 3.13327e-11 2.19285e-11 1.32452e-11 
5.67656e-11 9.44257e-11 1.41517e-10 2.03374e-10 2.89182e-10 4.13414e-10 5.98691e-10 8.82432e-10 1.32826e-09 2.04387e-09 3.20803e-09 5.10934e-09 8.19812e-09 1.31478e-08 2.0912e-08 3.27447e-08 5.01243e-08 7.45019e-08 1.06838e-07 1.4699e-07 1.93225e-07 2.41531e-07 2.84852e-07 3.1355e-07 3.17922e-07 2.93569e-07 2.45497e-07 1.86251e-07 1.29277e-07 8.32353e-08 5.05456e-08 2.94999e-08 1.68521e-08 9.57947e-09 5.48428e-09 3.18491e-09 1.88224e-09 1.13328e-09 6.9525e-10 4.34394e-10 2.76187e-10 1.78609e-10 1.17596e-10 7.90654e-11 5.45455e-11 3.87158e-11 2.80407e-11 2.00983e-11 1.32997e-11 6.9482e-12 
3.33872e-11 5.93467e-11 9.27646e-11 1.35623e-10 1.93853e-10 2.77362e-10 4.01776e-10 5.92474e-10 8.92196e-10 1.37314e-09 2.15529e-09 3.43322e-09 5.51277e-09 8.85673e-09 1.41326e-08 2.2243e-08 3.43012e-08 5.14921e-08 7.47717e-08 1.04418e-07 1.39567e-07 1.77689e-07 2.14184e-07 2.42585e-07 2.5566e-07 2.48224e-07 2.20325e-07 1.78269e-07 1.31907e-07 9.00261e-08 5.74075e-08 3.47296e-08 2.02679e-08 1.1595e-08 6.59602e-09 3.7714e-09 2.18241e-09 1.28293e-09 7.67476e-10 4.67506e-10 2.89946e-10 1.83017e-10 1.17596e-10 7.70552e-11 5.16978e-11 3.56889e-11 2.53479e-11 1.82173e-11 1.26486e-11 7.6254e-12 
3.58601e-11 5.98224e-11 8.99618e-11 1.29946e-10 1.86345e-10 2.69888e-10 3.97797e-10 5.98691e-10 9.20686e-10 1.44373e-09 2.29777e-09 3.68801e-09 5.92755e-09 9.47388e-09 1.49586e-08 2.31867e-08 3.50646e-08 5.14162e-08 7.26738e-08 9.8504e-08 1.27408e-07 1.56444e-07 1.81332e-07 1.97043e-07 1.99194e-07 1.85987e-07 1.59584e-07 1.25706e-07 9.12516e-08 6.15447e-08 3.90194e-08 2.35761e-08 1.37773e-08 7.89801e-09 4.49759e-09 2.56919e-09 1.48219e-09 8.67178e-10 5.15715e-10 3.1209e-10 1.92245e-10 1.20564e-10 7.70552e-11 5.03305e-11 3.37625e-11 2.33568e-11 1.6572e-11 1.17223e-11 7.71234e-12 4.03116e-12 
2.10901e-11 3.76098e-11 5.90767e-11 8.69145e-11 1.25333e-10 1.81572e-10 2.67334e-10 4.01776e-10 6.16857e-10 9.65574e-10 1.53411e-09 2.45897e-09 3.9495e-09 6.3144e-09 9.9863e-09 1.553e-08 2.36082e-08 3.48727e-08 4.97624e-08 6.82291e-08 8.94373e-08 1.11555e-07 1.31792e-07 1.46755e-07 1.53198e-07 1.49079e-07 1.34547e-07 1.12261e-07 8.65877e-08 6.19736e-08 4.14677e-08 2.62113e-08 1.58439e-08 9.27902e-09 5.33206e-09 3.04031e-09 1.7358e-09 9.98895e-10 5.81997e-10 3.44275e-10 2.07088e-10 1.26779e-10 7.90654e-11 5.03305e-11 3.28322e-11 2.20662e-11 1.53034e-11 1.0801e-11 7.42016e-12 4.45989e-12 
2.27398e-11 3.81531e-11 5.78045e-11 8.4286e-11 1.22355e-10 1.79937e-10 2.69888e-10 4.13414e-10 6.45539e-10 1.02318e-09 1.63656e-09 2.62453e-09 4.19301e-09 6.63363e-09 1.03339e-08 1.57627e-08 2.34077e-08 3.3648e-08 4.65651e-08 6.17262e-08 7.80211e-08 9.36628e-08 1.064e-07 1.1396e-07 1.14638e-07 1.0788e-07 9.4629e-08 7.71985e-08 5.85882e-08 4.15072e-08 2.76319e-08 1.74453e-08 1.05602e-08 6.20102e-09 3.57258e-09 2.04015e-09 1.16458e-09 6.68847e-10 3.88299e-10 2.28597e-10 1.36756e-10 8.32674e-11 5.16978e-11 3.28322e-11 2.14366e-11 1.44585e-11 1.00393e-11 6.99173e-12 4.56522e-12 2.3878e-12 
1.33988e-11 2.402e-11 3.80445e-11 5.65387e-11 8.25349e-11 1.21329e-10 1.81572e-10 2.77362e-10 4.31825e-10 6.82456e-10 1.08869e-09 1.7421e-09 2.77896e-09 4.39359e-09 6.84751e-09 1.04643e-08 1.55951e-08 2.25397e-08 3.14223e-08 4.20404e-08 5.37414e-08 6.54009e-08 7.55465e-08 8.26273e-08 8.5368e-08 8.3104e-08 7.60078e-08 6.51317e-08 5.21952e-08 3.91261e-08 2.75161e-08 1.826e-08 1.15282e-08 6.99246e-09 4.11785e-09 2.37882e-09 1.36073e-09 7.76865e-10 4.45487e-10 2.57832e-10 1.51146e-10 8.99884e-11 5.45455e-11 3.37625e-11 2.14366e-11 1.40403e-11 9.51003e-12 6.58392e-12 4.46516e-12 2.67187e-12 
1.45499e-11 2.46149e-11 3.76911e-11 5.56407e-11 8.19237e-11 1.22355e-10 1.86345e-10 2.89182e-10 4.55559e-10 7.24567e-10 1.15642e-09 1.84085e-09 2.90632e-09 4.52717e-09 6.92271e-09 1.03385e-08 1.4999e-08 2.10279e-08 2.83464e-08 3.6583e-08 4.50442e-08 5.27804e-08 5.87504e-08 6.20417e-08 6.20773e-08 5.87516e-08 5.24745e-08 4.41208e-08 3.48611e-08 2.58852e-08 1.81071e-08 1.19934e-08 7.57701e-09 4.6064e-09 2.72071e-09 1.57599e-09 9.03102e-10 5.15798e-10 2.95434e-10 1.7054e-10 9.96087e-11 5.90698e-11 3.56889e-11 2.20662e-11 1.40403e-11 9.2424e-12 6.27947e-12 4.29893e-12 2.77856e-12 1.45411e-12 
8.59898e-12 1.55213e-11 2.48429e-11 3.73777e-11 5.5319e-11 8.25349e-11 1.25333e-10 1.93853e-10 3.04372e-10 4.82607e-10 7.6812e-10 1.21986e-09 1.92235e-09 2.99082e-09 4.57194e-09 6.8338e-09 9.93808e-09 1.39903e-08 1.89729e-08 2.46822e-08 3.06988e-08 3.64198e-08 4.11557e-08 4.42692e-08 4.53083e-08 4.40951e-08 4.07533e-08 3.56922e-08 2.95503e-08 2.30852e-08 1.70138e-08 1.18539e-08 7.84271e-09 4.95982e-09 3.02238e-09 1.79024e-09 1.03973e-09 5.96854e-10 3.4106e-10 1.95174e-10 1.12422e-10 6.54715e-11 3.87158e-11 2.33568e-11 1.44585e-11 9.2424e-12 6.11905e-12 4.15196e-12 2.77461e-12 1.64877e-12 
9.41693e-12 1.60782e-11 2.49097e-11 3.72584e-11 5.56407e-11 8.4286e-11 1.29946e-10 2.03374e-10 3.21504e-10 5.10352e-10 8.08639e-10 1.27185e-09 1.97579e-09 3.01764e-09 4.51065e-09 6.56806e-09 9.27257e-09 1.26337e-08 1.65445e-08 2.07567e-08 2.48934e-08 2.85046e-08 3.11528e-08 3.25003e-08 3.23709e-08 3.07707e-08 2.78788e-08 2.40222e-08 1.96362e-08 1.51976e-08 1.11326e-08 7.73171e-09 5.11154e-09 3.23601e-09 1.97622e-09 1.17358e-09 6.83175e-10 3.9279e-10 2.24558e-10 1.28414e-10 7.3846e-11 4.29211e-11 2.53479e-11 1.53034e-11 9.51003e-12 6.11905e-12 4.06894e-12 2.73543e-12 1.74592e-12 9.11397e-13 
5.58278e-12 1.01302e-11 1.63734e-11 2.49242e-11 3.73777e-11 5.65387e-11 8.69145e-11 1.35623e-10 2.13826e-10 3.38649e-10 5.35554e-10 8.40978e-10 1.30471e-09 1.99077e-09 2.97468e-09 4.3341e-09 6.13056e-09 8.38274e-09 1.10376e-08 1.39515e-08 1.68924e-08 1.9571e-08 2.16917e-08 2.30095e-08 2.33735e-08 2.27452e-08 2.11941e-08 1.88828e-08 1.60482e-08 1.29765e-08 9.96307e-09 7.25962e-09 5.02766e-09 3.3213e-09 2.10424e-09 1.28722e-09 7.65957e-10 4.46682e-10 2.57113e-10 1.47033e-10 8.40356e-11 4.82775e-11 2.80407e-11 1.6572e-11 1.00393e-11 6.27947e-12 4.06894e-12 2.7061e-12 1.77789e-12 1.04547e-12 
6.14312e-12 1.05401e-11 1.64684e-11 2.49097e-11 3.76911e-11 5.78045e-11 8.99618e-11 1.41517e-10 2.23742e-10 3.53397e-10 5.54449e-10 8.59621e-10 1.31104e-09 1.95875e-09 2.85529e-09 4.04482e-09 5.54675e-09 7.33701e-09 9.33419e-09 1.1398e-08 1.33448e-08 1.49782e-08 1.61246e-08 1.66635e-08 1.65434e-08 1.57819e-08 1.44571e-08 1.26955e-08 1.06606e-08 8.53713e-09 6.50686e-09 4.71742e-09 3.2574e-09 2.14923e-09 1.36174e-09 8.33708e-10 4.96636e-10 2.89892e-10 1.66946e-10 9.54673e-11 5.45457e-11 3.13327e-11 1.82173e-11 1.0801e-11 6.58392e-12 4.15196e-12 2.7061e-12 1.78456e-12 1.12246e-12 5.81987e-13 
3.65391e-12 6.59947e-12 1.06817e-11 1.63734e-11 2.48429e-11 3.80445e-11 5.90767e-11 9.27646e-11 1.46504e-10 2.3131e-10 3.62962e-10 5.63013e-10 8.5923e-10 1.28473e-09 1.87481e-09 2.66045e-09 3.65837e-09 4.85929e-09 6.21816e-09 7.65137e-09 9.04421e-09 1.0268e-08 1.12024e-08 1.17555e-08 1.18767e-08 1.156e-08 1.08393e-08 9.78161e-09 8.47887e-09 7.04128e-09 5.58716e-09 4.22762e-09 3.04855e-09 2.09738e-09 1.3808e-09 8.73869e-10 5.34745e-10 3.1847e-10 1.8585e-10 1.0699e-10 6.11613e-11 3.49471e-11 2.00983e-11 1.17223e-11 6.99173e-12 4.29893e-12 2.73543e-12 1.78456e-12 1.15336e-12 6.70706e-13 
3.99202e-12 6.76158e-12 1.05401e-11 1.60782e-11 2.46149e-11 3.81531e-11 5.98224e-11 9.44257e-11 1.49155e-10 2.34362e-10 3.64245e-10 5.57154e-10 8.3508e-10 1.22171e-09 1.73854e-09 2.39885e-09 3.20036e-09 4.1188e-09 5.10504e-09 6.0883e-09 6.9856e-09 7.715e-09 8.20898e-09 8.42388e-09 8.34404e-09 7.98069e-09 7.36781e-09 6.55719e-09 5.61379e-09 4.61106e-09 3.6242e-09 2.72055e-09 1.94922e-09 1.33432e-09 8.75064e-10 5.52163e-10 3.37082e-10 2.00351e-10 1.16721e-10 6.71093e-11 3.83443e-11 2.19285e-11 1.26486e-11 7.42016e-12 4.46516e-12 2.77461e-12 1.77789e-12 1.15336e-12 7.17079e-13 3.69531e-13 
2.38771e-12 4.16872e-12 6.59947e-12 1.01302e-11 1.55213e-11 2.402e-11 3.76098e-11 5.93467e-11 9.38445e-11 1.47809e-10 2.30534e-10 3.54138e-10 5.33278e-10 7.8396e-10 1.12113e-09 1.55494e-09 2.08626e-09 2.70235e-09 3.37466e-09 4.05996e-09 4.70533e-09 5.256e-09 5.66377e-09 5.89379e-09 5.92834e-09 5.7674e-09 5.42686e-09 4.93549e-09 4.33175e-09 3.66082e-09 2.97118e-09 2.31003e-09 1.71732e-09 1.22001e-09 8.29017e-10 5.40225e-10 3.38993e-10 2.05948e-10 1.21904e-10 7.07884e-11 4.0618e-11 2.32027e-11 1.32997e-11 7.71234e-12 4.56522e-12 2.77856e-12 1.74592e-12 1.12246e-12 7.17079e-13 4.16109e-13 
2.49973e-12 3.99202e-12 6.14312e-12 9.41693e-12 1.45499e-11 2.27398e-11 3.58601e-11 5.67656e-11 8.9668e-11 1.40503e-10 2.17152e-10 3.29325e-10 4.87863e-10 7.03239e-10 9.83212e-10 1.32992e-09 1.73709e-09 2.18834e-09 2.65745e-09 3.11102e-09 3.513e-09 3.82992e-09 4.03554e-09 4.11387e-09 4.06026e-09 3.88096e-09 3.59151e-09 3.21469e-09 2.77837e-09 2.31335e-09 1.85089e-09 1.41963e-09 1.04206e-09 7.3165e-10 4.91847e-10 3.1739e-10 1.97421e-10 1.1902e-10 7.00052e-11 4.04664e-11 2.31684e-11 1.32452e-11 7.6254e-12 4.45989e-12 2.67187e-12 1.64877e-12 1.04547e-12 6.70706e-13 4.16109e-13 2.17863e-13 
1.46092e-12 2.38771e-12 3.65391e-12 5.58278e-12 8.59898e-12 1.33988e-11 2.10901e-11 3.33872e-11 5.28703e-11 8.32675e-11 1.29675e-10 1.98583e-10 2.97524e-10 4.34161e-10 6.14739e-10 8.42055e-10 1.1134e-09 1.41919e-09 1.74286e-09 2.06243e-09 2.35338e-09 2.59208e-09 2.75911e-09 2.84148e-09 2.8338e-09 2.73823e-09 2.56367e-09 2.32439e-09 2.03844e-09 1.72608e-09 1.40808e-09 1.10398e-09 8.30094e-10 5.97747e-10 4.12117e-10 2.72376e-10 1.7306e-10 1.06179e-10 6.32778e-11 3.68886e-11 2.12037e-11 1.21186e-11 6.9482e-12 4.03116e-12 2.3878e-12 1.45411e-12 9.11397e-13 5.81987e-13 3.69531e-13 2.17863e-13 
