1 101 51
3.70988e-13 7.63583e-13 1.23565e-12 1.95884e-12 3.18228e-12 5.33604e-12 9.2009e-12 1.61933e-11 2.88378e-11 5.1456e-11 9.10456e-11 1.58096e-10 2.66762e-10 4.33511e-10 6.73498e-10 9.94812e-10 1.39238e-09 1.84453e-09 2.31493e-09 2.75986e-09 3.13791e-09 3.4178e-09 3.58166e-09 3.62434e-09 3.55086e-09 3.3737e-09 3.11072e-09 2.78354e-09 2.41595e-09 2.03222e-09 1.65526e-09 1.30466e-09 9.95013e-10 7.34824e-10 5.26405e-10 3.66796e-10 2.49469e-10 1.66262e-10 1.09012e-10 7.05846e-11 4.52947e-11 2.89045e-11 1.84028e-11 1.17245e-11 7.49166e-12 4.80527e-12 3.08688e-12 1.96909e-12 1.23019e-12 7.52372e-13 4.75706e-13 
9.53951e-13 1.72714e-12 2.75695e-12 4.41837e-12 7.28863e-12 1.23759e-11 2.14992e-11 3.79515e-11 6.75565e-11 1.202e-10 2.11712e-10 3.65453e-10 6.1227e-10 9.8697e-10 1.51992e-09 2.22462e-09 3.08539e-09 4.05167e-09 5.04373e-09 5.96911e-09 6.74272e-09 7.30206e-09 7.61301e-09 7.66776e-09 7.47944e-09 7.07675e-09 6.49962e-09 5.79556e-09 5.01596e-09 4.2121e-09 3.43089e-09 2.71076e-09 2.07853e-09 1.54817e-09 1.12169e-09 7.91837e-10 5.45681e-10 3.67892e-10 2.43266e-10 1.58245e-10 1.01623e-10 6.46832e-11 4.09736e-11 2.59291e-11 1.6442e-11 1.04627e-11 6.67219e-12 4.22752e-12 2.60626e-12 1.29597e-12 1.29597e-12 
7.63583e-13 1.9106e-12 3.20099e-12 5.08835e-12 8.25962e-12 1.38132e-11 2.36651e-11 4.12832e-11 7.29044e-11 1.29487e-10 2.29506e-10 4.02278e-10 6.90626e-10 1.15046e-09 1.84399e-09 2.8244e-09 4.11342e-09 5.67945e-09 7.42775e-09 9.2112e-09 1.08606e-08 1.22214e-08 1.31816e-08 1.36822e-08 1.37133e-08 1.33044e-08 1.25145e-08 1.14229e-08 1.01215e-08 8.7069e-09 7.27161e-09 5.89637e-09 4.64339e-09 3.55279e-09 2.64267e-09 1.91242e-09 1.34782e-09 9.26411e-10 6.22273e-10 4.09587e-10 2.65096e-10 1.69404e-10 1.07361e-10 6.77788e-11 4.27916e-11 2.70953e-11 1.72287e-11 1.09671e-11 6.85951e-12 3.68051e-12 7.52372e-13 
1.72714e-12 3.34126e-12 5.37263e-12 8.56703e-12 1.40746e-11 2.37778e-11 4.10134e-11 7.18194e-11 1.27021e-10 2.25513e-10 3.98874e-10 6.96728e-10 1.19088e-09 1.97425e-09 3.14941e-09 4.80267e-09 6.96613e-09 9.57994e-09 1.24748e-08 1.53916e-08 1.80359e-08 2.01446e-08 2.15361e-08 2.21265e-08 2.1921e-08 2.0994e-08 1.94691e-08 1.75004e-08 1.52564e-08 1.29039e-08 1.05923e-08 8.44161e-09 6.53461e-09 4.91589e-09 3.5962e-09 2.5604e-09 1.77632e-09 1.203e-09 7.97317e-10 5.1884e-10 3.32812e-10 2.11382e-10 1.3355e-10 8.42891e-11 5.33247e-11 3.38878e-11 2.16206e-11 1.36875e-11 7.95785e-12 2.60626e-12 2.60626e-12 
1.23565e-12 3.20099e-12 5.44995e-12 8.5923e-12 1.37921e-11 2.2877e-11 3.89422e-11 6.75536e-11 1.18806e-10 2.10743e-10 3.74632e-10 6.6222e-10 1.154e-09 1.96542e-09 3.2449e-09 5.15538e-09 7.83204e-09 1.13184e-08 1.55011e-08 2.00801e-08 2.46057e-08 2.85801e-08 3.15776e-08 3.3329e-08 3.37433e-08 3.28838e-08 3.09265e-08 2.81196e-08 2.47474e-08 2.10987e-08 1.74376e-08 1.39804e-08 1.08809e-08 8.22706e-09 6.04784e-09 4.32644e-09 3.01555e-09 2.05138e-09 1.36518e-09 8.91549e-10 5.73541e-10 3.65054e-10 2.30964e-10 1.45903e-10 9.23715e-11 5.87566e-11 3.75698e-11 2.39899e-11 1.46511e-11 6.85951e-12 1.23019e-12 
2.75695e-12 5.37263e-12 8.5733e-12 1.3426e-11 2.16984e-11 3.62482e-11 6.20695e-11 1.08255e-10 1.91334e-10 3.40745e-10 6.07112e-10 1.07337e-09 1.86722e-09 3.17031e-09 5.21529e-09 8.25668e-09 1.25016e-08 1.80015e-08 2.45394e-08 3.15831e-08 3.83612e-08 4.40536e-08 4.80042e-08 4.98544e-08 4.95601e-08 4.73301e-08 4.35415e-08 3.86615e-08 3.31807e-08 2.75572e-08 2.2172e-08 1.73013e-08 1.31079e-08 9.65272e-09 6.91715e-09 4.83006e-09 3.29213e-09 2.1953e-09 1.43645e-09 9.25705e-10 5.90081e-10 3.738e-10 2.36406e-10 1.49866e-10 9.55004e-11 6.12342e-11 3.93642e-11 2.47653e-11 1.36875e-11 4.22752e-12 4.22752e-12 
1.95884e-12 5.08835e-12 8.5923e-12 1.32708e-11 2.07704e-11 3.37488e-11 5.66588e-11 9.74947e-11 1.70942e-10 3.0374e-10 5.4333e-10 9.70651e-10 1.71696e-09 2.9824e-09 5.04996e-09 8.28135e-09 1.30711e-08 1.9731e-08 2.8304e-08 3.83724e-08 4.89928e-08 5.88595e-08 6.66584e-08 7.1431e-08 7.277e-08 7.08012e-08 6.60405e-08 5.92288e-08 5.11884e-08 4.2708e-08 3.44554e-08 2.6922e-08 2.04053e-08 1.50254e-08 1.07648e-08 7.5157e-09 5.12294e-09 3.41707e-09 2.23688e-09 1.4423e-09 9.1992e-10 5.83129e-10 3.69117e-10 2.34313e-10 1.49631e-10 9.62552e-11 6.22485e-11 3.99174e-11 2.39899e-11 1.09671e-11 1.96909e-12 
4.41837e-12 8.56703e-12 1.3426e-11 2.04221e-11 3.20093e-11 5.21879e-11 8.79069e-11 1.51886e-10 2.67659e-10 4.78112e-10 8.59021e-10 1.53865e-09 2.72305e-09 4.72382e-09 7.97974e-09 1.30515e-08 2.05476e-08 3.09274e-08 4.41784e-08 5.94978e-08 7.52247e-08 8.91854e-08 9.934e-08 1.04382e-07 1.0399e-07 9.87073e-08 8.96359e-08 7.81262e-08 6.55295e-08 5.30164e-08 4.14646e-08 3.14172e-08 2.31082e-08 1.65315e-08 1.15246e-08 7.84497e-09 5.22687e-09 3.41861e-09 2.20282e-09 1.40439e-09 8.90107e-10 5.63601e-10 3.58124e-10 2.29156e-10 1.47914e-10 9.61985e-11 6.25241e-11 3.93642e-11 2.16206e-11 6.67219e-12 6.67219e-12 
3.18228e-12 8.25962e-12 1.37921e-11 2.07704e-11 3.13868e-11 4.92564e-11 8.0441e-11 1.35779e-10 2.35401e-10 4.1675e-10 7.48064e-10 1.34941e-09 2.42256e-09 4.28894e-09 7.43149e-09 1.25289e-08 2.0449e-08 3.21244e-08 4.821e-08 6.85246e-08 9.15423e-08 1.14374e-07 1.33477e-07 1.45809e-07 1.49762e-07 1.45429e-07 1.34226e-07 1.18283e-07 9.98944e-08 8.11139e-08 6.35169e-08 4.8102e-08 3.53244e-08 2.52167e-08 1.75385e-08 1.19115e-08 7.91947e-09 5.16984e-09 3.3257e-09 2.11733e-09 1.34062e-09 8.48487e-10 5.3936e-10 3.45671e-10 2.23822e-10 1.46342e-10 9.6106e-11 6.22485e-11 3.75698e-11 1.72287e-11 3.08688e-12 
7.28863e-12 1.40746e-11 2.16984e-11 3.20093e-11 4.82362e-11 7.57268e-11 1.23706e-10 2.09048e-10 3.63413e-10 6.45932e-10 1.16432e-09 2.10733e-09 3.79008e-09 6.71102e-09 1.16156e-08 1.95511e-08 3.18568e-08 4.99473e-08 7.47079e-08 1.05543e-07 1.39599e-07 1.7194e-07 1.9695e-07 2.10325e-07 2.10446e-07 1.98489e-07 1.77518e-07 1.51323e-07 1.23503e-07 9.69002e-08 7.33658e-08 5.37885e-08 3.83049e-08 2.65687e-08 1.79945e-08 1.19316e-08 7.76908e-09 4.98581e-09 3.1674e-09 2.0019e-09 1.26549e-09 8.04194e-10 5.15897e-10 3.34927e-10 2.20042e-10 1.4574e-10 9.61985e-11 6.12342e-11 3.38878e-11 1.04627e-11 1.04627e-11 
5.33604e-12 1.38132e-11 2.2877e-11 3.37488e-11 4.92564e-11 7.41177e-11 1.16288e-10 1.89841e-10 3.20932e-10 5.59032e-10 9.96787e-10 1.80282e-09 3.27146e-09 5.89114e-09 1.04298e-08 1.80324e-08 3.03084e-08 4.93119e-08 7.71504e-08 1.14917e-07 1.61099e-07 2.10482e-07 2.54826e-07 2.85556e-07 2.97042e-07 2.88439e-07 2.63246e-07 2.27341e-07 1.86924e-07 1.4714e-07 1.11446e-07 8.15905e-08 5.7964e-08 4.00914e-08 2.7074e-08 1.79003e-08 1.16225e-08 7.43816e-09 4.71282e-09 2.97156e-09 1.87495e-09 1.19032e-09 7.63828e-10 4.96886e-10 3.27814e-10 2.18695e-10 1.46342e-10 9.62552e-11 5.87566e-11 2.70953e-11 4.80527e-12 
1.23759e-11 2.37778e-11 3.62482e-11 5.21879e-11 7.57268e-11 1.13793e-10 1.7828e-10 2.90638e-10 4.91207e-10 8.5672e-10 1.53114e-09 2.77614e-09 5.04666e-09 9.09335e-09 1.60901e-08 2.77826e-08 4.66273e-08 7.57376e-08 1.18165e-07 1.75027e-07 2.42935e-07 3.12621e-07 3.70763e-07 4.04912e-07 4.08623e-07 3.83509e-07 3.37398e-07 2.80479e-07 2.2197e-07 1.68374e-07 1.23153e-07 8.72994e-08 6.02188e-08 4.05525e-08 2.67378e-08 1.73131e-08 1.10492e-08 6.98115e-09 4.3899e-09 2.76343e-09 1.75163e-09 1.12367e-09 7.31999e-10 4.84638e-10 3.2534e-10 2.20042e-10 1.47914e-10 9.55004e-11 5.33247e-11 1.6442e-11 1.6442e-11 
9.2009e-12 2.36651e-11 3.89422e-11 5.66588e-11 8.0441e-11 1.16288e-10 1.74435e-10 2.72696e-10 4.43677e-10 7.4921e-10 1.30736e-09 2.33983e-09 4.24888e-09 7.73074e-09 1.39273e-08 2.46142e-08 4.24261e-08 7.10662e-08 1.15163e-07 1.78938e-07 2.62994e-07 3.60344e-07 4.55084e-07 5.26592e-07 5.58062e-07 5.43977e-07 4.9142e-07 4.15326e-07 3.31597e-07 2.52389e-07 1.8461e-07 1.30638e-07 8.98976e-08 6.03886e-08 3.97214e-08 2.56599e-08 1.63362e-08 1.02946e-08 6.45599e-09 4.05371e-09 2.56453e-09 1.64386e-09 1.07182e-09 7.11746e-10 4.80421e-10 3.27814e-10 2.23822e-10 1.49631e-10 9.23715e-11 4.27916e-11 7.49166e-12 
2.14992e-11 4.10134e-11 6.20695e-11 8.79069e-11 1.23706e-10 1.7828e-10 2.6678e-10 4.15892e-10 6.74952e-10 1.13803e-09 1.98517e-09 3.55443e-09 6.45743e-09 1.17471e-08 2.11378e-08 3.72782e-08 6.40832e-08 1.07029e-07 1.72784e-07 2.66775e-07 3.87855e-07 5.2259e-07 6.44916e-07 7.24736e-07 7.41813e-07 6.95347e-07 6.02413e-07 4.87949e-07 3.73914e-07 2.74006e-07 1.93745e-07 1.33081e-07 8.92214e-08 5.85823e-08 3.77813e-08 2.40109e-08 1.51e-08 9.44723e-09 5.91747e-09 3.73594e-09 2.3922e-09 1.5606e-09 1.03903e-09 7.04807e-10 4.84638e-10 3.34927e-10 2.29156e-10 1.49866e-10 8.42891e-11 2.59291e-11 2.59291e-11 
1.61933e-11 4.12832e-11 6.75536e-11 9.74947e-11 1.35779e-10 1.89841e-10 2.72696e-10 4.06794e-10 6.32005e-10 1.02251e-09 1.72018e-09 2.99674e-09 5.36166e-09 9.73273e-09 1.76785e-08 3.17293e-08 5.57585e-08 9.54511e-08 1.58663e-07 2.5455e-07 3.89231e-07 5.57414e-07 7.35029e-07 8.81874e-07 9.57572e-07 9.42179e-07 8.46002e-07 7.01214e-07 5.44098e-07 4.00808e-07 2.83709e-07 1.94734e-07 1.30412e-07 8.55533e-08 5.51406e-08 3.50183e-08 2.19981e-08 1.37407e-08 8.58971e-09 5.41287e-09 3.46224e-09 2.25965e-09 1.50815e-09 1.02783e-09 7.11746e-10 4.96886e-10 3.45671e-10 2.34313e-10 1.45903e-10 6.77788e-11 1.17245e-11 
3.79515e-11 7.18194e-11 1.08255e-10 1.51886e-10 2.09048e-10 2.90638e-10 4.15892e-10 6.18023e-10 9.5631e-10 1.54136e-09 2.58488e-09 4.4919e-09 8.01924e-09 1.45213e-08 2.62894e-08 4.69711e-08 8.20753e-08 1.39577e-07 2.30231e-07 3.65669e-07 5.51089e-07 7.73102e-07 9.91914e-07 1.15047e-06 1.20089e-06 1.13128e-06 9.70873e-07 7.6984e-07 5.73533e-07 4.07873e-07 2.80354e-07 1.87827e-07 1.23284e-07 7.95252e-08 5.0545e-08 3.17618e-08 1.98305e-08 1.23827e-08 7.79253e-09 4.98034e-09 3.25236e-09 2.17631e-09 1.49024e-09 1.03903e-09 7.31999e-10 5.15897e-10 3.58124e-10 2.36406e-10 1.3355e-10 4.09736e-11 4.09736e-11 
2.88378e-11 7.29044e-11 1.18806e-10 1.70942e-10 2.35401e-10 3.20932e-10 4.43677e-10 6.32005e-10 9.34861e-10 1.43972e-09 2.30975e-09 3.85671e-09 6.67503e-09 1.18685e-08 2.13925e-08 3.85057e-08 6.82978e-08 1.18289e-07 1.99093e-07 3.24389e-07 5.07162e-07 7.48358e-07 1.02129e-06 1.2665e-06 1.41192e-06 1.41087e-06 1.26997e-06 1.0423e-06 7.93225e-07 5.70522e-07 3.9432e-07 2.65015e-07 1.74434e-07 1.12861e-07 7.19464e-08 4.53162e-08 2.83299e-08 1.76938e-08 1.11302e-08 7.11221e-09 4.64943e-09 3.12056e-09 2.14788e-09 1.50815e-09 1.07182e-09 7.63828e-10 5.3936e-10 3.69117e-10 2.30964e-10 1.07361e-10 1.84028e-11 
6.75565e-11 1.27021e-10 1.91334e-10 2.67659e-10 3.63413e-10 4.91207e-10 6.74952e-10 9.5631e-10 1.40692e-09 2.15449e-09 3.43642e-09 5.70417e-09 9.81262e-09 1.73328e-08 3.10051e-08 5.52956e-08 9.69783e-08 1.65708e-07 2.74484e-07 4.38723e-07 6.69762e-07 9.59329e-07 1.26319e-06 1.50381e-06 1.60408e-06 1.53194e-06 1.31946e-06 1.04029e-06 7.65255e-07 5.35881e-07 3.63126e-07 2.40606e-07 1.56683e-07 1.00499e-07 6.36335e-08 3.99324e-08 2.49951e-08 1.57394e-08 1.00659e-08 6.59265e-09 4.44174e-09 3.07562e-09 2.17631e-09 1.5606e-09 1.12367e-09 8.04194e-10 5.63601e-10 3.738e-10 2.11382e-10 6.46832e-11 6.46832e-11 
5.1456e-11 1.29487e-10 2.10743e-10 3.0374e-10 4.1675e-10 5.59032e-10 7.4921e-10 1.02251e-09 1.43972e-09 2.10459e-09 3.20084e-09 5.06768e-09 8.34448e-09 1.42277e-08 2.48804e-08 4.39866e-08 7.73504e-08 1.33373e-07 2.23302e-07 3.60994e-07 5.60437e-07 8.26421e-07 1.13719e-06 1.43273e-06 1.62906e-06 1.6605e-06 1.5191e-06 1.25911e-06 9.62031e-07 6.91311e-07 4.76648e-07 3.20088e-07 2.10961e-07 1.36815e-07 8.74577e-08 5.52904e-08 3.47836e-08 2.19725e-08 1.40859e-08 9.25438e-09 6.26666e-09 4.37093e-09 3.12056e-09 2.25965e-09 1.64386e-09 1.19032e-09 8.48487e-10 5.83129e-10 3.65054e-10 1.69404e-10 2.89045e-11 
1.202e-10 2.25513e-10 3.40745e-10 4.78112e-10 6.45932e-10 8.5672e-10 1.13803e-09 1.54136e-09 2.15449e-09 3.12538e-09 4.71312e-09 7.39059e-09 1.20363e-08 2.0263e-08 3.4912e-08 6.06485e-08 1.0444e-07 1.75608e-07 2.85245e-07 4.44702e-07 6.61625e-07 9.30138e-07 1.21702e-06 1.45897e-06 1.58352e-06 1.54745e-06 1.36498e-06 1.09917e-06 8.23794e-07 5.86556e-07 4.03924e-07 2.7196e-07 1.79719e-07 1.16737e-07 7.47426e-08 4.74552e-08 3.01643e-08 1.94274e-08 1.28268e-08 8.74514e-09 6.1555e-09 4.44174e-09 3.25236e-09 2.3922e-09 1.75163e-09 1.26549e-09 8.90107e-10 5.90081e-10 3.32812e-10 1.01623e-10 1.01623e-10 
9.10456e-11 2.29506e-10 3.74632e-10 5.4333e-10 7.48064e-10 9.96787e-10 1.30736e-09 1.72018e-09 2.30975e-09 3.20084e-09 4.59988e-09 6.86226e-09 1.0625e-08 1.70446e-08 2.81808e-08 4.75186e-08 8.04582e-08 1.3438e-07 2.17817e-07 3.38553e-07 5.01007e-07 7.03024e-07 9.30622e-07 1.15143e-06 1.31517e-06 1.36987e-06 1.29278e-06 1.10904e-06 8.77329e-07 6.55385e-07 4.71075e-07 3.29102e-07 2.24429e-07 1.4964e-07 9.7808e-08 6.30537e-08 4.0509e-08 2.62953e-08 1.74917e-08 1.20364e-08 8.57139e-09 6.26666e-09 4.64943e-09 3.46224e-09 2.56453e-09 1.87495e-09 1.34062e-09 9.1992e-10 5.73541e-10 2.65096e-10 4.52947e-11 
2.11712e-10 3.98874e-10 6.07112e-10 8.59021e-10 1.16432e-09 1.53114e-09 1.98517e-09 2.58488e-09 3.43642e-09 4.71312e-09 6.69396e-09 9.84747e-09 1.49904e-08 2.35523e-08 3.79605e-08 6.20636e-08 1.01282e-07 1.61921e-07 2.49188e-07 3.64329e-07 5.02861e-07 6.56201e-07 8.13522e-07 9.56098e-07 1.05079e-06 1.06089e-06 9.73704e-07 8.17485e-07 6.43638e-07 4.89489e-07 3.62563e-07 2.60447e-07 1.81202e-07 1.2241e-07 8.0852e-08 5.28381e-08 3.47259e-08 2.33555e-08 1.62751e-08 1.17664e-08 8.74514e-09 6.59265e-09 4.98034e-09 3.73594e-09 2.76343e-09 2.0019e-09 1.40439e-09 9.25705e-10 5.1884e-10 1.58245e-10 1.58245e-10 
1.58096e-10 4.02278e-10 6.6222e-10 9.70651e-10 1.34941e-09 1.80282e-09 2.33983e-09 2.99674e-09 3.85671e-09 5.06768e-09 6.86226e-09 9.60027e-09 1.38639e-08 2.06246e-08 3.14864e-08 4.89675e-08 7.66509e-08 1.18789e-07 1.78844e-07 2.56987e-07 3.47858e-07 4.42225e-07 5.34278e-07 6.24861e-07 7.09094e-07 7.62665e-07 7.52485e-07 6.71109e-07 5.52681e-07 4.4007e-07 3.49028e-07 2.7135e-07 2.0225e-07 1.44015e-07 9.88025e-08 6.62944e-08 4.43931e-08 3.03342e-08 2.15042e-08 1.5859e-08 1.20364e-08 9.25438e-09 7.11221e-09 5.41287e-09 4.05371e-09 2.97156e-09 2.11733e-09 1.4423e-09 8.91549e-10 4.09587e-10 7.05846e-11 
3.65453e-10 6.96728e-10 1.07337e-09 1.53865e-09 2.10733e-09 2.77614e-09 3.55443e-09 4.4919e-09 5.70417e-09 7.39059e-09 9.84747e-09 1.35063e-08 1.90254e-08 2.74285e-08 4.02474e-08 5.95819e-08 8.78867e-08 1.27208e-07 1.77769e-07 2.36105e-07 2.94559e-07 3.45897e-07 3.91617e-07 4.42312e-07 4.98312e-07 5.31981e-07 5.09769e-07 4.35046e-07 3.48886e-07 2.85957e-07 2.42914e-07 2.00824e-07 1.55487e-07 1.13158e-07 7.90033e-08 5.43646e-08 3.79795e-08 2.75594e-08 2.08696e-08 1.62751e-08 1.28268e-08 1.00659e-08 7.79253e-09 5.91747e-09 4.3899e-09 3.1674e-09 2.20282e-09 1.43645e-09 7.97317e-10 2.43266e-10 2.43266e-10 
2.66762e-10 6.90626e-10 1.154e-09 1.71696e-09 2.42256e-09 3.27146e-09 4.24888e-09 5.36166e-09 6.67503e-09 8.34448e-09 1.0625e-08 1.38639e-08 1.85183e-08 2.52196e-08 3.48324e-08 4.84371e-08 6.71747e-08 9.19694e-08 1.23192e-07 1.59803e-07 1.9821e-07 2.32707e-07 2.60331e-07 2.87588e-07 3.27087e-07 3.72859e-07 3.90402e-07 3.53372e-07 2.77645e-07 2.10936e-07 1.82976e-07 1.70726e-07 1.49582e-07 1.19116e-07 8.81445e-08 6.29728e-08 4.52959e-08 3.3905e-08 2.66049e-08 2.15042e-08 1.74917e-08 1.40859e-08 1.11302e-08 8.58971e-09 6.45599e-09 4.71282e-09 3.3257e-09 2.23688e-09 1.36518e-09 6.22273e-10 1.09012e-10 
6.1227e-10 1.19088e-09 1.86722e-09 2.72305e-09 3.79008e-09 5.04666e-09 6.45743e-09 8.01924e-09 9.81262e-09 1.20363e-08 1.49904e-08 1.90254e-08 2.45194e-08 3.18918e-08 4.15756e-08 5.39344e-08 6.92697e-08 8.8121e-08 1.1108e-07 1.37996e-07 1.66922e-07 1.94838e-07 2.21378e-07 2.53238e-07 2.95478e-07 3.31966e-07 3.29857e-07 2.75823e-07 1.94122e-07 1.36757e-07 1.27276e-07 1.27014e-07 1.1399e-07 9.13217e-08 6.83198e-08 5.0774e-08 3.9483e-08 3.24954e-08 2.75594e-08 2.33555e-08 1.94274e-08 1.57394e-08 1.23827e-08 9.44723e-09 6.98115e-09 4.98581e-09 3.41861e-09 2.1953e-09 1.203e-09 3.67892e-10 3.67892e-10 
4.33511e-10 1.15046e-09 1.96542e-09 2.9824e-09 4.28894e-09 5.89114e-09 7.73074e-09 9.73273e-09 1.18685e-08 1.42277e-08 1.70446e-08 2.06246e-08 2.52196e-08 3.09591e-08 3.78494e-08 4.58154e-08 5.4984e-08 6.63059e-08 8.14393e-08 1.02065e-07 1.28794e-07 1.60707e-07 1.96012e-07 2.34956e-07 2.80214e-07 3.2574e-07 3.49519e-07 3.27402e-07 2.59666e-07 1.76029e-07 1.21989e-07 1.089e-07 1.03879e-07 9.00439e-08 7.04043e-08 5.3323e-08 4.28517e-08 3.74531e-08 3.3905e-08 3.03342e-08 2.62953e-08 2.19725e-08 1.76938e-08 1.37407e-08 1.02946e-08 7.43816e-09 5.16984e-09 3.41707e-09 2.05138e-09 9.26411e-10 1.66262e-10 
9.8697e-10 1.97425e-09 3.17031e-09 4.72382e-09 6.71102e-09 9.09335e-09 1.17471e-08 1.45213e-08 1.73328e-08 2.0263e-08 2.35523e-08 2.74285e-08 3.18918e-08 3.66646e-08 4.13751e-08 4.61064e-08 5.23376e-08 6.26144e-08 7.94928e-08 1.04616e-07 1.38394e-07 1.80654e-07 2.30836e-07 2.88458e-07 3.48232e-07 3.92738e-07 3.99001e-07 3.55563e-07 2.75546e-07 1.91086e-07 1.3426e-07 1.08098e-07 9.27725e-08 7.43684e-08 5.52879e-08 4.34914e-08 4.00441e-08 3.9483e-08 3.79795e-08 3.47259e-08 3.01643e-08 2.49951e-08 1.98305e-08 1.51e-08 1.10492e-08 7.76908e-09 5.22687e-09 3.29213e-09 1.77632e-09 5.45681e-10 5.45681e-10 
6.73498e-10 1.84399e-09 3.2449e-09 5.04996e-09 7.43149e-09 1.04298e-08 1.39273e-08 1.76785e-08 2.13925e-08 2.48804e-08 2.81808e-08 3.14864e-08 3.48324e-08 3.78494e-08 3.99536e-08 4.1124e-08 4.31309e-08 4.92407e-08 6.26077e-08 8.50788e-08 1.17804e-07 1.61935e-07 2.19395e-07 2.90219e-07 3.68496e-07 4.36963e-07 4.70092e-07 4.51174e-07 3.8401e-07 2.91851e-07 2.04963e-07 1.43782e-07 1.0931e-07 8.7202e-08 6.45686e-08 4.57788e-08 3.99552e-08 4.28517e-08 4.52959e-08 4.43931e-08 4.0509e-08 3.47836e-08 2.83299e-08 2.19981e-08 1.63362e-08 1.16225e-08 7.91947e-09 5.12294e-09 3.01555e-09 1.34782e-09 2.49469e-10 
1.51992e-09 3.14941e-09 5.21529e-09 7.97974e-09 1.16156e-08 1.60901e-08 2.11378e-08 2.62894e-08 3.10051e-08 3.4912e-08 3.79605e-08 4.02474e-08 4.15756e-08 4.13751e-08 3.95004e-08 3.76347e-08 3.93493e-08 4.83795e-08 6.67806e-08 9.55039e-08 1.36696e-07 1.93797e-07 2.70161e-07 3.61747e-07 4.52292e-07 5.14549e-07 5.23845e-07 4.7666e-07 3.89495e-07 2.90144e-07 2.03346e-07 1.42169e-07 1.07868e-07 8.38808e-08 5.91903e-08 4.2456e-08 4.34914e-08 5.0774e-08 5.43646e-08 5.28381e-08 4.74552e-08 3.99324e-08 3.17618e-08 2.40109e-08 1.73131e-08 1.19316e-08 7.84497e-09 4.83006e-09 2.5604e-09 7.91837e-10 7.91837e-10 
9.94812e-10 2.8244e-09 5.15538e-09 8.28135e-09 1.25289e-08 1.80324e-08 2.46142e-08 3.17293e-08 3.85057e-08 4.39866e-08 4.75186e-08 4.89675e-08 4.84371e-08 4.58154e-08 4.1124e-08 3.57774e-08 3.29091e-08 3.67345e-08 4.98615e-08 7.28067e-08 1.0727e-07 1.57643e-07 2.28673e-07 3.20395e-07 4.20087e-07 5.03607e-07 5.4356e-07 5.25893e-07 4.58312e-07 3.62995e-07 2.659e-07 1.84573e-07 1.32048e-07 1.04358e-07 8.17993e-08 5.74753e-08 4.57788e-08 5.3323e-08 6.29728e-08 6.62944e-08 6.30537e-08 5.52904e-08 4.53162e-08 3.50183e-08 2.56599e-08 1.79003e-08 1.19115e-08 7.5157e-09 4.32644e-09 1.91242e-09 3.66796e-10 
2.22462e-09 4.80267e-09 8.25668e-09 1.30515e-08 1.95511e-08 2.77826e-08 3.72782e-08 4.69711e-08 5.52956e-08 6.06485e-08 6.20636e-08 5.95819e-08 5.39344e-08 4.61064e-08 3.76347e-08 3.0621e-08 2.86365e-08 3.56667e-08 5.2042e-08 7.82504e-08 1.18012e-07 1.76585e-07 2.55332e-07 3.46655e-07 4.32713e-07 4.91436e-07 5.0541e-07 4.70452e-07 3.98067e-07 3.09157e-07 2.22512e-07 1.55868e-07 1.18855e-07 1.00659e-07 8.10501e-08 5.91903e-08 5.52879e-08 6.83198e-08 7.90033e-08 8.0852e-08 7.47426e-08 6.36335e-08 5.0545e-08 3.77813e-08 2.67378e-08 1.79945e-08 1.15246e-08 6.91715e-09 3.5962e-09 1.12169e-09 1.12169e-09 
1.39238e-09 4.11342e-09 7.83204e-09 1.30711e-08 2.0449e-08 3.03084e-08 4.24261e-08 5.57585e-08 6.82978e-08 7.73504e-08 8.04582e-08 7.66509e-08 6.71747e-08 5.4984e-08 4.31309e-08 3.29091e-08 2.56137e-08 2.55778e-08 3.51636e-08 5.30968e-08 8.16309e-08 1.25027e-07 1.85029e-07 2.56517e-07 3.2835e-07 3.86366e-07 4.17693e-07 4.14071e-07 3.75737e-07 3.12588e-07 2.39177e-07 1.72181e-07 1.26201e-07 1.07393e-07 9.90688e-08 8.17993e-08 6.45686e-08 7.04043e-08 8.81445e-08 9.88025e-08 9.7808e-08 8.74577e-08 7.19464e-08 5.51406e-08 3.97214e-08 2.7074e-08 1.75385e-08 1.07648e-08 6.04784e-09 2.64267e-09 5.26405e-10 
3.08539e-09 6.96613e-09 1.25016e-08 2.05476e-08 3.18568e-08 4.66273e-08 6.40832e-08 8.20753e-08 9.69783e-08 1.0444e-07 1.01282e-07 8.78867e-08 6.92697e-08 5.23376e-08 3.93493e-08 2.86365e-08 2.16697e-08 2.34041e-08 3.37972e-08 5.21689e-08 8.16613e-08 1.23061e-07 1.73188e-07 2.24866e-07 2.7022e-07 3.01882e-07 3.13767e-07 3.02641e-07 2.70026e-07 2.22354e-07 1.71029e-07 1.26304e-07 1.02416e-07 1.02759e-07 1.00659e-07 8.38808e-08 7.43684e-08 9.13217e-08 1.13158e-07 1.2241e-07 1.16737e-07 1.00499e-07 7.95252e-08 5.85823e-08 4.05525e-08 2.65687e-08 1.65315e-08 9.65272e-09 4.91589e-09 1.54817e-09 1.54817e-09 
1.84453e-09 5.67945e-09 1.13184e-08 1.9731e-08 3.21244e-08 4.93119e-08 7.10662e-08 9.54511e-08 1.18289e-07 1.33373e-07 1.3438e-07 1.18789e-07 9.19694e-08 6.63059e-08 4.92407e-08 3.67345e-08 2.55778e-08 1.88103e-08 2.10185e-08 3.10441e-08 4.91413e-08 7.58515e-08 1.08185e-07 1.4223e-07 1.73375e-07 1.97743e-07 2.11812e-07 2.13003e-07 2.0073e-07 1.771e-07 1.4753e-07 1.1641e-07 9.1618e-08 9.28993e-08 1.07393e-07 1.04358e-07 8.7202e-08 9.00439e-08 1.19116e-07 1.44015e-07 1.4964e-07 1.36815e-07 1.12861e-07 8.55533e-08 6.03886e-08 4.00914e-08 2.52167e-08 1.50254e-08 8.22706e-09 3.55279e-09 7.34824e-10 
4.05167e-09 9.57994e-09 1.80015e-08 3.09274e-08 4.99473e-08 7.57376e-08 1.07029e-07 1.39577e-07 1.65708e-07 1.75608e-07 1.61921e-07 1.27208e-07 8.8121e-08 6.26144e-08 4.83795e-08 3.56667e-08 2.34041e-08 1.61523e-08 1.7978e-08 2.74172e-08 4.33467e-08 6.33748e-08 8.44927e-08 1.04553e-07 1.21271e-07 1.32674e-07 1.37115e-07 1.33933e-07 1.24147e-07 1.10809e-07 9.57242e-08 7.9322e-08 7.77506e-08 1.02416e-07 1.18855e-07 1.07868e-07 9.27725e-08 1.1399e-07 1.55487e-07 1.81202e-07 1.79719e-07 1.56683e-07 1.23284e-07 8.92214e-08 6.02188e-08 3.83049e-08 2.31082e-08 1.31079e-08 6.53461e-09 2.07853e-09 2.07853e-09 
2.31493e-09 7.42775e-09 1.55011e-08 2.8304e-08 4.821e-08 7.71504e-08 1.15163e-07 1.58663e-07 1.99093e-07 2.23302e-07 2.17817e-07 1.78844e-07 1.23192e-07 8.14393e-08 6.26077e-08 4.98615e-08 3.51636e-08 2.10185e-08 1.32522e-08 1.48934e-08 2.31127e-08 3.4913e-08 4.78352e-08 6.02529e-08 7.1168e-08 7.93957e-08 8.39657e-08 8.43566e-08 8.10294e-08 7.59625e-08 7.11709e-08 6.5946e-08 6.54032e-08 9.1618e-08 1.26201e-07 1.32048e-07 1.0931e-07 1.03879e-07 1.49582e-07 2.0225e-07 2.24429e-07 2.10961e-07 1.74434e-07 1.30412e-07 8.98976e-08 5.7964e-08 3.53244e-08 2.04053e-08 1.08809e-08 4.64339e-09 9.95013e-10 
5.04373e-09 1.24748e-08 2.45394e-08 4.41784e-08 7.47079e-08 1.18165e-07 1.72784e-07 2.30231e-07 2.74484e-07 2.85245e-07 2.49188e-07 1.77769e-07 1.1108e-07 7.94928e-08 6.67806e-08 5.2042e-08 3.37972e-08 1.7978e-08 1.06372e-08 1.21264e-08 1.82399e-08 2.59264e-08 3.36584e-08 4.06266e-08 4.63205e-08 5.02112e-08 5.20095e-08 5.18686e-08 5.08456e-08 5.07446e-08 5.23532e-08 5.63509e-08 7.9322e-08 1.26304e-07 1.55868e-07 1.42169e-07 1.08098e-07 1.27014e-07 2.00824e-07 2.60447e-07 2.7196e-07 2.40606e-07 1.87827e-07 1.33081e-07 8.72994e-08 5.37885e-08 3.14172e-08 1.73013e-08 8.44161e-09 2.71076e-09 2.71076e-09 
2.75986e-09 9.2112e-09 2.00801e-08 3.83724e-08 6.85246e-08 1.14917e-07 1.78938e-07 2.5455e-07 3.24389e-07 3.60994e-07 3.38553e-07 2.56987e-07 1.59803e-07 1.02065e-07 8.50788e-08 7.28067e-08 5.30968e-08 3.10441e-08 1.48934e-08 8.57802e-09 9.60527e-09 1.36605e-08 1.83969e-08 2.29401e-08 2.68678e-08 2.99949e-08 3.22429e-08 3.37203e-08 3.49172e-08 3.69181e-08 4.08362e-08 4.73443e-08 6.5946e-08 1.1641e-07 1.72181e-07 1.84573e-07 1.43782e-07 1.089e-07 1.70726e-07 2.7135e-07 3.29102e-07 3.20088e-07 2.65015e-07 1.94734e-07 1.30638e-07 8.15905e-08 4.8102e-08 2.6922e-08 1.39804e-08 5.89637e-09 1.30466e-09 
5.96911e-09 1.53916e-08 3.15831e-08 5.94978e-08 1.05543e-07 1.75027e-07 2.66775e-07 3.65669e-07 4.38723e-07 4.44702e-07 3.64329e-07 2.36105e-07 1.37996e-07 1.04616e-07 9.55039e-08 7.82504e-08 5.21689e-08 2.74172e-08 1.21264e-08 6.93032e-09 7.58541e-09 1.01672e-08 1.3098e-08 1.58874e-08 1.83798e-08 2.06332e-08 2.27887e-08 2.50888e-08 2.80336e-08 3.23297e-08 3.86476e-08 5.23532e-08 9.57242e-08 1.71029e-07 2.22512e-07 2.03346e-07 1.3426e-07 1.27276e-07 2.42914e-07 3.62563e-07 4.03924e-07 3.63126e-07 2.80354e-07 1.93745e-07 1.23153e-07 7.33658e-08 4.14646e-08 2.2172e-08 1.05923e-08 3.43089e-09 3.43089e-09 
3.13791e-09 1.08606e-08 2.46057e-08 4.89928e-08 9.15423e-08 1.61099e-07 2.62994e-07 3.89231e-07 5.07162e-07 5.60437e-07 5.01007e-07 3.47858e-07 1.9821e-07 1.28794e-07 1.17804e-07 1.0727e-07 8.16309e-08 4.91413e-08 2.31127e-08 9.60527e-09 5.80238e-09 6.31607e-09 8.00461e-09 9.94073e-09 1.19087e-08 1.39422e-08 1.61885e-08 1.87991e-08 2.19822e-08 2.6074e-08 3.14706e-08 4.08362e-08 7.11709e-08 1.4753e-07 2.39177e-07 2.659e-07 2.04963e-07 1.21989e-07 1.82976e-07 3.49028e-07 4.71075e-07 4.76648e-07 3.9432e-07 2.83709e-07 1.8461e-07 1.11446e-07 6.35169e-08 3.44554e-08 1.74376e-08 7.27161e-09 1.65526e-09 
6.74272e-09 1.80359e-08 3.83612e-08 7.52247e-08 1.39599e-07 2.42935e-07 3.87855e-07 5.51089e-07 6.69762e-07 6.61625e-07 5.02861e-07 2.94559e-07 1.66922e-07 1.38394e-07 1.36696e-07 1.18012e-07 8.16613e-08 4.33467e-08 1.82399e-08 7.58541e-09 5.26324e-09 5.76536e-09 6.9542e-09 8.39156e-09 1.00559e-08 1.20504e-08 1.44903e-08 1.74801e-08 2.1172e-08 2.57509e-08 3.23297e-08 5.07446e-08 1.10809e-07 2.22354e-07 3.09157e-07 2.90144e-07 1.91086e-07 1.36757e-07 2.85957e-07 4.89489e-07 5.86556e-07 5.35881e-07 4.07873e-07 2.74006e-07 1.68374e-07 9.69002e-08 5.30164e-08 2.75572e-08 1.29039e-08 4.2121e-09 4.2121e-09 
3.4178e-09 1.22214e-08 2.85801e-08 5.88595e-08 1.14374e-07 2.10482e-07 3.60344e-07 5.57414e-07 7.48358e-07 8.26421e-07 7.03024e-07 4.42225e-07 2.32707e-07 1.60707e-07 1.61935e-07 1.57643e-07 1.25027e-07 7.58515e-08 3.4913e-08 1.36605e-08 6.31607e-09 5.18106e-09 5.65233e-09 6.54616e-09 7.74085e-09 9.31026e-09 1.13478e-08 1.39266e-08 1.71286e-08 2.10436e-08 2.6074e-08 3.69181e-08 7.59625e-08 1.771e-07 3.12588e-07 3.62995e-07 2.91851e-07 1.76029e-07 2.10936e-07 4.4007e-07 6.55385e-07 6.91311e-07 5.70522e-07 4.00808e-07 2.52389e-07 1.4714e-07 8.11139e-08 4.2708e-08 2.10987e-08 8.7069e-09 2.03222e-09 
7.30206e-09 2.01446e-08 4.40536e-08 8.91854e-08 1.7194e-07 3.12621e-07 5.2259e-07 7.73102e-07 9.59329e-07 9.30138e-07 6.56201e-07 3.45897e-07 1.94838e-07 1.80654e-07 1.93797e-07 1.76585e-07 1.23061e-07 6.33748e-08 2.59264e-08 1.01672e-08 5.76536e-09 5.3014e-09 5.66354e-09 6.35845e-09 7.43207e-09 8.97944e-09 1.10647e-08 1.37411e-08 1.70643e-08 2.1172e-08 2.80336e-08 5.08456e-08 1.24147e-07 2.70026e-07 3.98067e-07 3.89495e-07 2.75546e-07 1.94122e-07 3.48886e-07 6.43638e-07 8.23794e-07 7.65255e-07 5.73533e-07 3.73914e-07 2.2197e-07 1.23503e-07 6.55295e-08 3.31807e-08 1.52564e-08 5.01596e-09 5.01596e-09 
3.58166e-09 1.31816e-08 3.15776e-08 6.66584e-08 1.33477e-07 2.54826e-07 4.55084e-07 7.35029e-07 1.02129e-06 1.13719e-06 9.30622e-07 5.34278e-07 2.60331e-07 1.96012e-07 2.19395e-07 2.28673e-07 1.85029e-07 1.08185e-07 4.78352e-08 1.83969e-08 8.00461e-09 5.65233e-09 5.40302e-09 5.60933e-09 6.17186e-09 7.20227e-09 8.7754e-09 1.09279e-08 1.36945e-08 1.71286e-08 2.19822e-08 3.49172e-08 8.10294e-08 2.0073e-07 3.75737e-07 4.58312e-07 3.8401e-07 2.59666e-07 2.77645e-07 5.52681e-07 8.77329e-07 9.62031e-07 7.93225e-07 5.44098e-07 3.31597e-07 1.86924e-07 9.98944e-08 5.11884e-08 2.47474e-08 1.01215e-08 2.41595e-09 
7.61301e-09 2.15361e-08 4.80042e-08 9.934e-08 1.9695e-07 3.70763e-07 6.44916e-07 9.91914e-07 1.26319e-06 1.21702e-06 8.13522e-07 3.91617e-07 2.21378e-07 2.30836e-07 2.70161e-07 2.55332e-07 1.73188e-07 8.44927e-08 3.36584e-08 1.3098e-08 6.9542e-09 5.66354e-09 5.37057e-09 5.43253e-09 5.9369e-09 6.99467e-09 8.64032e-09 1.0883e-08 1.37411e-08 1.74801e-08 2.50888e-08 5.18686e-08 1.33933e-07 3.02641e-07 4.70452e-07 4.7666e-07 3.55563e-07 2.75823e-07 4.35046e-07 8.17485e-07 1.09917e-06 1.04029e-06 7.6984e-07 4.87949e-07 2.80479e-07 1.51323e-07 7.81262e-08 3.86615e-08 1.75004e-08 5.79556e-09 5.79556e-09 
3.62434e-09 1.36822e-08 3.3329e-08 7.1431e-08 1.45809e-07 2.85556e-07 5.26592e-07 8.81874e-07 1.2665e-06 1.43273e-06 1.15143e-06 6.24861e-07 2.87588e-07 2.34956e-07 2.90219e-07 3.20395e-07 2.56517e-07 1.4223e-07 6.02529e-08 2.29401e-08 9.94073e-09 6.54616e-09 5.60933e-09 5.18708e-09 5.16505e-09 5.6937e-09 6.84035e-09 8.59094e-09 1.09279e-08 1.39266e-08 1.87991e-08 3.37203e-08 8.43566e-08 2.13003e-07 4.14071e-07 5.25893e-07 4.51174e-07 3.27402e-07 3.53372e-07 6.71109e-07 1.10904e-06 1.25911e-06 1.0423e-06 7.01214e-07 4.15326e-07 2.27341e-07 1.18283e-07 5.92288e-08 2.81196e-08 1.14229e-08 2.78354e-09 
7.66776e-09 2.21265e-08 4.98544e-08 1.04382e-07 2.10325e-07 4.04912e-07 7.24736e-07 1.15047e-06 1.50381e-06 1.45897e-06 9.56098e-07 4.42312e-07 2.53238e-07 2.88458e-07 3.61747e-07 3.46655e-07 2.24866e-07 1.04553e-07 4.06266e-08 1.58874e-08 8.39156e-09 6.35845e-09 5.43253e-09 4.90328e-09 4.883e-09 5.51011e-09 6.78284e-09 8.64032e-09 1.10647e-08 1.44903e-08 2.27887e-08 5.20095e-08 1.37115e-07 3.13767e-07 5.0541e-07 5.23845e-07 3.99001e-07 3.29857e-07 5.09769e-07 9.73704e-07 1.36498e-06 1.31946e-06 9.70873e-07 6.02413e-07 3.37398e-07 1.77518e-07 8.96359e-08 4.35415e-08 1.94691e-08 6.49962e-09 6.49962e-09 
3.55086e-09 1.37133e-08 3.37433e-08 7.277e-08 1.49762e-07 2.97042e-07 5.58062e-07 9.57572e-07 1.41192e-06 1.62906e-06 1.31517e-06 7.09094e-07 3.27087e-07 2.80214e-07 3.68496e-07 4.20087e-07 3.2835e-07 1.73375e-07 7.1168e-08 2.68678e-08 1.19087e-08 7.74085e-09 6.17186e-09 5.16505e-09 4.60413e-09 4.67057e-09 5.44189e-09 6.84035e-09 8.7754e-09 1.13478e-08 1.61885e-08 3.22429e-08 8.39657e-08 2.11812e-07 4.17693e-07 5.4356e-07 4.70092e-07 3.49519e-07 3.90402e-07 7.52485e-07 1.29278e-06 1.5191e-06 1.26997e-06 8.46002e-07 4.9142e-07 2.63246e-07 1.34226e-07 6.60405e-08 3.09265e-08 1.25145e-08 3.11072e-09 
7.47944e-09 2.1921e-08 4.95601e-08 1.0399e-07 2.10446e-07 4.08623e-07 7.41813e-07 1.20089e-06 1.60408e-06 1.58352e-06 1.05079e-06 4.98312e-07 2.95478e-07 3.48232e-07 4.52292e-07 4.32713e-07 2.7022e-07 1.21271e-07 4.63205e-08 1.83798e-08 1.00559e-08 7.43207e-09 5.9369e-09 4.883e-09 4.37894e-09 4.5918e-09 5.51011e-09 6.99467e-09 8.97944e-09 1.20504e-08 2.06332e-08 5.02112e-08 1.32674e-07 3.01882e-07 4.91436e-07 5.14549e-07 3.92738e-07 3.31966e-07 5.31981e-07 1.06089e-06 1.54745e-06 1.53194e-06 1.13128e-06 6.95347e-07 3.83509e-07 1.98489e-07 9.87073e-08 4.73301e-08 2.0994e-08 7.07675e-09 7.07675e-09 
3.3737e-09 1.33044e-08 3.28838e-08 7.08012e-08 1.45429e-07 2.88439e-07 5.43977e-07 9.42179e-07 1.41087e-06 1.6605e-06 1.36987e-06 7.62665e-07 3.72859e-07 3.2574e-07 4.36963e-07 5.03607e-07 3.86366e-07 1.97743e-07 7.93957e-08 2.99949e-08 1.39422e-08 9.31026e-09 7.20227e-09 5.6937e-09 4.67057e-09 4.29542e-09 4.67057e-09 5.6937e-09 7.20227e-09 9.31026e-09 1.39422e-08 2.99949e-08 7.93957e-08 1.97743e-07 3.86366e-07 5.03607e-07 4.36963e-07 3.2574e-07 3.72859e-07 7.62665e-07 1.36987e-06 1.6605e-06 1.41087e-06 9.42179e-07 5.43977e-07 2.88439e-07 1.45429e-07 7.08012e-08 3.28838e-08 1.33044e-08 3.3737e-09 
7.07675e-09 2.0994e-08 4.73301e-08 9.87073e-08 1.98489e-07 3.83509e-07 6.95347e-07 1.13128e-06 1.53194e-06 1.54745e-06 1.06089e-06 5.31981e-07 3.31966e-07 3.92738e-07 5.14549e-07 4.91436e-07 3.01882e-07 1.32674e-07 5.02112e-08 2.06332e-08 1.20504e-08 8.97944e-09 6.99467e-09 5.51011e-09 4.5918e-09 4.37894e-09 4.883e-09 5.9369e-09 7.43207e-09 1.00559e-08 1.83798e-08 4.63205e-08 1.21271e-07 2.7022e-07 4.32713e-07 4.52292e-07 3.48232e-07 2.95478e-07 4.98312e-07 1.05079e-06 1.58352e-06 1.60408e-06 1.20089e-06 7.41813e-07 4.08623e-07 2.10446e-07 1.0399e-07 4.95601e-08 2.1921e-08 7.47944e-09 7.47944e-09 
3.11072e-09 1.25145e-08 3.09265e-08 6.60405e-08 1.34226e-07 2.63246e-07 4.9142e-07 8.46002e-07 1.26997e-06 1.5191e-06 1.29278e-06 7.52485e-07 3.90402e-07 3.49519e-07 4.70092e-07 5.4356e-07 4.17693e-07 2.11812e-07 8.39657e-08 3.22429e-08 1.61885e-08 1.13478e-08 8.7754e-09 6.84035e-09 5.44189e-09 4.67057e-09 4.60413e-09 5.16505e-09 6.17186e-09 7.74085e-09 1.19087e-08 2.68678e-08 7.1168e-08 1.73375e-07 3.2835e-07 4.20087e-07 3.68496e-07 2.80214e-07 3.27087e-07 7.09094e-07 1.31517e-06 1.62906e-06 1.41192e-06 9.57572e-07 5.58062e-07 2.97042e-07 1.49762e-07 7.277e-08 3.37433e-08 1.37133e-08 3.55086e-09 
6.49962e-09 1.94691e-08 4.35415e-08 8.96359e-08 1.77518e-07 3.37398e-07 6.02413e-07 9.70873e-07 1.31946e-06 1.36498e-06 9.73704e-07 5.09769e-07 3.29857e-07 3.99001e-07 5.23845e-07 5.0541e-07 3.13767e-07 1.37115e-07 5.20095e-08 2.27887e-08 1.44903e-08 1.10647e-08 8.64032e-09 6.78284e-09 5.51011e-09 4.883e-09 4.90328e-09 5.43253e-09 6.35845e-09 8.39156e-09 1.58874e-08 4.06266e-08 1.04553e-07 2.24866e-07 3.46655e-07 3.61747e-07 2.88458e-07 2.53238e-07 4.42312e-07 9.56098e-07 1.45897e-06 1.50381e-06 1.15047e-06 7.24736e-07 4.04912e-07 2.10325e-07 1.04382e-07 4.98544e-08 2.21265e-08 7.66776e-09 7.66776e-09 
2.78354e-09 1.14229e-08 2.81196e-08 5.92288e-08 1.18283e-07 2.27341e-07 4.15326e-07 7.01214e-07 1.0423e-06 1.25911e-06 1.10904e-06 6.71109e-07 3.53372e-07 3.27402e-07 4.51174e-07 5.25893e-07 4.14071e-07 2.13003e-07 8.43566e-08 3.37203e-08 1.87991e-08 1.39266e-08 1.09279e-08 8.59094e-09 6.84035e-09 5.6937e-09 5.16505e-09 5.18708e-09 5.60933e-09 6.54616e-09 9.94073e-09 2.29401e-08 6.02529e-08 1.4223e-07 2.56517e-07 3.20395e-07 2.90219e-07 2.34956e-07 2.87588e-07 6.24861e-07 1.15143e-06 1.43273e-06 1.2665e-06 8.81874e-07 5.26592e-07 2.85556e-07 1.45809e-07 7.1431e-08 3.3329e-08 1.36822e-08 3.62434e-09 
5.79556e-09 1.75004e-08 3.86615e-08 7.81262e-08 1.51323e-07 2.80479e-07 4.87949e-07 7.6984e-07 1.04029e-06 1.09917e-06 8.17485e-07 4.35046e-07 2.75823e-07 3.55563e-07 4.7666e-07 4.70452e-07 3.02641e-07 1.33933e-07 5.18686e-08 2.50888e-08 1.74801e-08 1.37411e-08 1.0883e-08 8.64032e-09 6.99467e-09 5.9369e-09 5.43253e-09 5.37057e-09 5.66354e-09 6.9542e-09 1.3098e-08 3.36584e-08 8.44927e-08 1.73188e-07 2.55332e-07 2.70161e-07 2.30836e-07 2.21378e-07 3.91617e-07 8.13522e-07 1.21702e-06 1.26319e-06 9.91914e-07 6.44916e-07 3.70763e-07 1.9695e-07 9.934e-08 4.80042e-08 2.15361e-08 7.61301e-09 7.61301e-09 
2.41595e-09 1.01215e-08 2.47474e-08 5.11884e-08 9.98944e-08 1.86924e-07 3.31597e-07 5.44098e-07 7.93225e-07 9.62031e-07 8.77329e-07 5.52681e-07 2.77645e-07 2.59666e-07 3.8401e-07 4.58312e-07 3.75737e-07 2.0073e-07 8.10294e-08 3.49172e-08 2.19822e-08 1.71286e-08 1.36945e-08 1.09279e-08 8.7754e-09 7.20227e-09 6.17186e-09 5.60933e-09 5.40302e-09 5.65233e-09 8.00461e-09 1.83969e-08 4.78352e-08 1.08185e-07 1.85029e-07 2.28673e-07 2.19395e-07 1.96012e-07 2.60331e-07 5.34278e-07 9.30622e-07 1.13719e-06 1.02129e-06 7.35029e-07 4.55084e-07 2.54826e-07 1.33477e-07 6.66584e-08 3.15776e-08 1.31816e-08 3.58166e-09 
5.01596e-09 1.52564e-08 3.31807e-08 6.55295e-08 1.23503e-07 2.2197e-07 3.73914e-07 5.73533e-07 7.65255e-07 8.23794e-07 6.43638e-07 3.48886e-07 1.94122e-07 2.75546e-07 3.89495e-07 3.98067e-07 2.70026e-07 1.24147e-07 5.08456e-08 2.80336e-08 2.1172e-08 1.70643e-08 1.37411e-08 1.10647e-08 8.97944e-09 7.43207e-09 6.35845e-09 5.66354e-09 5.3014e-09 5.76536e-09 1.01672e-08 2.59264e-08 6.33748e-08 1.23061e-07 1.76585e-07 1.93797e-07 1.80654e-07 1.94838e-07 3.45897e-07 6.56201e-07 9.30138e-07 9.59329e-07 7.73102e-07 5.2259e-07 3.12621e-07 1.7194e-07 8.91854e-08 4.40536e-08 2.01446e-08 7.30206e-09 7.30206e-09 
2.03222e-09 8.7069e-09 2.10987e-08 4.2708e-08 8.11139e-08 1.4714e-07 2.52389e-07 4.00808e-07 5.70522e-07 6.91311e-07 6.55385e-07 4.4007e-07 2.10936e-07 1.76029e-07 2.91851e-07 3.62995e-07 3.12588e-07 1.771e-07 7.59625e-08 3.69181e-08 2.6074e-08 2.10436e-08 1.71286e-08 1.39266e-08 1.13478e-08 9.31026e-09 7.74085e-09 6.54616e-09 5.65233e-09 5.18106e-09 6.31607e-09 1.36605e-08 3.4913e-08 7.58515e-08 1.25027e-07 1.57643e-07 1.61935e-07 1.60707e-07 2.32707e-07 4.42225e-07 7.03024e-07 8.26421e-07 7.48358e-07 5.57414e-07 3.60344e-07 2.10482e-07 1.14374e-07 5.88595e-08 2.85801e-08 1.22214e-08 3.4178e-09 
4.2121e-09 1.29039e-08 2.75572e-08 5.30164e-08 9.69002e-08 1.68374e-07 2.74006e-07 4.07873e-07 5.35881e-07 5.86556e-07 4.89489e-07 2.85957e-07 1.36757e-07 1.91086e-07 2.90144e-07 3.09157e-07 2.22354e-07 1.10809e-07 5.07446e-08 3.23297e-08 2.57509e-08 2.1172e-08 1.74801e-08 1.44903e-08 1.20504e-08 1.00559e-08 8.39156e-09 6.9542e-09 5.76536e-09 5.26324e-09 7.58541e-09 1.82399e-08 4.33467e-08 8.16613e-08 1.18012e-07 1.36696e-07 1.38394e-07 1.66922e-07 2.94559e-07 5.02861e-07 6.61625e-07 6.69762e-07 5.51089e-07 3.87855e-07 2.42935e-07 1.39599e-07 7.52247e-08 3.83612e-08 1.80359e-08 6.74272e-09 6.74272e-09 
1.65526e-09 7.27161e-09 1.74376e-08 3.44554e-08 6.35169e-08 1.11446e-07 1.8461e-07 2.83709e-07 3.9432e-07 4.76648e-07 4.71075e-07 3.49028e-07 1.82976e-07 1.21989e-07 2.04963e-07 2.659e-07 2.39177e-07 1.4753e-07 7.11709e-08 4.08362e-08 3.14706e-08 2.6074e-08 2.19822e-08 1.87991e-08 1.61885e-08 1.39422e-08 1.19087e-08 9.94073e-09 8.00461e-09 6.31607e-09 5.80238e-09 9.60527e-09 2.31127e-08 4.91413e-08 8.16309e-08 1.0727e-07 1.17804e-07 1.28794e-07 1.9821e-07 3.47858e-07 5.01007e-07 5.60437e-07 5.07162e-07 3.89231e-07 2.62994e-07 1.61099e-07 9.15423e-08 4.89928e-08 2.46057e-08 1.08606e-08 3.13791e-09 
3.43089e-09 1.05923e-08 2.2172e-08 4.14646e-08 7.33658e-08 1.23153e-07 1.93745e-07 2.80354e-07 3.63126e-07 4.03924e-07 3.62563e-07 2.42914e-07 1.27276e-07 1.3426e-07 2.03346e-07 2.22512e-07 1.71029e-07 9.57242e-08 5.23532e-08 3.86476e-08 3.23297e-08 2.80336e-08 2.50888e-08 2.27887e-08 2.06332e-08 1.83798e-08 1.58874e-08 1.3098e-08 1.01672e-08 7.58541e-09 6.93032e-09 1.21264e-08 2.74172e-08 5.21689e-08 7.82504e-08 9.55039e-08 1.04616e-07 1.37996e-07 2.36105e-07 3.64329e-07 4.44702e-07 4.38723e-07 3.65669e-07 2.66775e-07 1.75027e-07 1.05543e-07 5.94978e-08 3.15831e-08 1.53916e-08 5.96911e-09 5.96911e-09 
1.30466e-09 5.89637e-09 1.39804e-08 2.6922e-08 4.8102e-08 8.15905e-08 1.30638e-07 1.94734e-07 2.65015e-07 3.20088e-07 3.29102e-07 2.7135e-07 1.70726e-07 1.089e-07 1.43782e-07 1.84573e-07 1.72181e-07 1.1641e-07 6.5946e-08 4.73443e-08 4.08362e-08 3.69181e-08 3.49172e-08 3.37203e-08 3.22429e-08 2.99949e-08 2.68678e-08 2.29401e-08 1.83969e-08 1.36605e-08 9.60527e-09 8.57802e-09 1.48934e-08 3.10441e-08 5.30968e-08 7.28067e-08 8.50788e-08 1.02065e-07 1.59803e-07 2.56987e-07 3.38553e-07 3.60994e-07 3.24389e-07 2.5455e-07 1.78938e-07 1.14917e-07 6.85246e-08 3.83724e-08 2.00801e-08 9.2112e-09 2.75986e-09 
2.71076e-09 8.44161e-09 1.73013e-08 3.14172e-08 5.37885e-08 8.72994e-08 1.33081e-07 1.87827e-07 2.40606e-07 2.7196e-07 2.60447e-07 2.00824e-07 1.27014e-07 1.08098e-07 1.42169e-07 1.55868e-07 1.26304e-07 7.9322e-08 5.63509e-08 5.23532e-08 5.07446e-08 5.08456e-08 5.18686e-08 5.20095e-08 5.02112e-08 4.63205e-08 4.06266e-08 3.36584e-08 2.59264e-08 1.82399e-08 1.21264e-08 1.06372e-08 1.7978e-08 3.37972e-08 5.2042e-08 6.67806e-08 7.94928e-08 1.1108e-07 1.77769e-07 2.49188e-07 2.85245e-07 2.74484e-07 2.30231e-07 1.72784e-07 1.18165e-07 7.47079e-08 4.41783e-08 2.45394e-08 1.24748e-08 5.04373e-09 5.04373e-09 
9.95013e-10 4.64339e-09 1.08809e-08 2.04053e-08 3.53244e-08 5.7964e-08 8.98976e-08 1.30412e-07 1.74434e-07 2.10961e-07 2.24429e-07 2.0225e-07 1.49582e-07 1.03879e-07 1.0931e-07 1.32048e-07 1.26201e-07 9.1618e-08 6.54032e-08 6.5946e-08 7.11709e-08 7.59625e-08 8.10294e-08 8.43566e-08 8.39657e-08 7.93957e-08 7.1168e-08 6.02529e-08 4.78352e-08 3.4913e-08 2.31127e-08 1.48934e-08 1.32522e-08 2.10185e-08 3.51636e-08 4.98615e-08 6.26077e-08 8.14393e-08 1.23192e-07 1.78844e-07 2.17817e-07 2.23302e-07 1.99093e-07 1.58663e-07 1.15163e-07 7.71504e-08 4.821e-08 2.8304e-08 1.55011e-08 7.42775e-09 2.31493e-09 
2.07853e-09 6.53461e-09 1.31079e-08 2.31082e-08 3.83049e-08 6.02188e-08 8.92214e-08 1.23284e-07 1.56683e-07 1.79719e-07 1.81202e-07 1.55487e-07 1.1399e-07 9.27725e-08 1.07868e-07 1.18855e-07 1.02416e-07 7.77506e-08 7.9322e-08 9.57242e-08 1.10809e-07 1.24147e-07 1.33933e-07 1.37115e-07 1.32674e-07 1.21271e-07 1.04553e-07 8.44927e-08 6.33748e-08 4.33467e-08 2.74172e-08 1.7978e-08 1.61523e-08 2.34041e-08 3.56667e-08 4.83795e-08 6.26144e-08 8.8121e-08 1.27208e-07 1.61921e-07 1.75608e-07 1.65708e-07 1.39577e-07 1.07029e-07 7.57376e-08 4.99473e-08 3.09274e-08 1.80015e-08 9.57994e-09 4.05167e-09 4.05167e-09 
7.34824e-10 3.55279e-09 8.22706e-09 1.50254e-08 2.52167e-08 4.00914e-08 6.03886e-08 8.55533e-08 1.12861e-07 1.36815e-07 1.4964e-07 1.44015e-07 1.19116e-07 9.00439e-08 8.7202e-08 1.04358e-07 1.07393e-07 9.28993e-08 9.1618e-08 1.1641e-07 1.4753e-07 1.771e-07 2.0073e-07 2.13003e-07 2.11812e-07 1.97743e-07 1.73375e-07 1.4223e-07 1.08185e-07 7.58515e-08 4.91413e-08 3.10441e-08 2.10185e-08 1.88103e-08 2.55778e-08 3.67345e-08 4.92407e-08 6.63059e-08 9.19694e-08 1.18789e-07 1.3438e-07 1.33373e-07 1.18289e-07 9.54511e-08 7.10662e-08 4.93119e-08 3.21244e-08 1.9731e-08 1.13184e-08 5.67945e-09 1.84453e-09 
1.54817e-09 4.91589e-09 9.65272e-09 1.65315e-08 2.65687e-08 4.05525e-08 5.85823e-08 7.95252e-08 1.00499e-07 1.16737e-07 1.2241e-07 1.13158e-07 9.13217e-08 7.43684e-08 8.38808e-08 1.00659e-07 1.02759e-07 1.02416e-07 1.26304e-07 1.71029e-07 2.22354e-07 2.70026e-07 3.02641e-07 3.13767e-07 3.01882e-07 2.7022e-07 2.24866e-07 1.73188e-07 1.23061e-07 8.16613e-08 5.21689e-08 3.37972e-08 2.34041e-08 2.16697e-08 2.86365e-08 3.93493e-08 5.23376e-08 6.92697e-08 8.78867e-08 1.01282e-07 1.0444e-07 9.69783e-08 8.20753e-08 6.40832e-08 4.66273e-08 3.18568e-08 2.05476e-08 1.25016e-08 6.96613e-09 3.08539e-09 3.08539e-09 
5.26405e-10 2.64267e-09 6.04784e-09 1.07648e-08 1.75385e-08 2.7074e-08 3.97214e-08 5.51406e-08 7.19464e-08 8.74577e-08 9.7808e-08 9.88025e-08 8.81445e-08 7.04043e-08 6.45686e-08 8.17993e-08 9.90688e-08 1.07393e-07 1.26201e-07 1.72181e-07 2.39177e-07 3.12588e-07 3.75737e-07 4.14071e-07 4.17693e-07 3.86366e-07 3.2835e-07 2.56517e-07 1.85029e-07 1.25027e-07 8.16309e-08 5.30968e-08 3.51636e-08 2.55778e-08 2.56137e-08 3.29091e-08 4.31309e-08 5.4984e-08 6.71747e-08 7.66509e-08 8.04582e-08 7.73504e-08 6.82978e-08 5.57585e-08 4.24261e-08 3.03084e-08 2.0449e-08 1.30711e-08 7.83204e-09 4.11342e-09 1.39238e-09 
1.12169e-09 3.5962e-09 6.91715e-09 1.15246e-08 1.79945e-08 2.67378e-08 3.77813e-08 5.0545e-08 6.36335e-08 7.47426e-08 8.0852e-08 7.90033e-08 6.83198e-08 5.52879e-08 5.91903e-08 8.10501e-08 1.00659e-07 1.18855e-07 1.55868e-07 2.22512e-07 3.09157e-07 3.98067e-07 4.70452e-07 5.0541e-07 4.91436e-07 4.32713e-07 3.46655e-07 2.55332e-07 1.76585e-07 1.18012e-07 7.82504e-08 5.2042e-08 3.56667e-08 2.86365e-08 3.0621e-08 3.76347e-08 4.61064e-08 5.39344e-08 5.95819e-08 6.20636e-08 6.06485e-08 5.52956e-08 4.69711e-08 3.72782e-08 2.77826e-08 1.95511e-08 1.30515e-08 8.25668e-09 4.80267e-09 2.22462e-09 2.22462e-09 
3.66796e-10 1.91242e-09 4.32644e-09 7.5157e-09 1.19115e-08 1.79003e-08 2.56599e-08 3.50183e-08 4.53162e-08 5.52904e-08 6.30537e-08 6.62944e-08 6.29728e-08 5.3323e-08 4.57788e-08 5.74753e-08 8.17993e-08 1.04358e-07 1.32048e-07 1.84573e-07 2.659e-07 3.62995e-07 4.58312e-07 5.25893e-07 5.4356e-07 5.03607e-07 4.20087e-07 3.20395e-07 2.28673e-07 1.57643e-07 1.0727e-07 7.28067e-08 4.98615e-08 3.67345e-08 3.29091e-08 3.57774e-08 4.1124e-08 4.58154e-08 4.84371e-08 4.89675e-08 4.75186e-08 4.39866e-08 3.85057e-08 3.17293e-08 2.46142e-08 1.80324e-08 1.25289e-08 8.28135e-09 5.15538e-09 2.8244e-09 9.94812e-10 
7.91837e-10 2.5604e-09 4.83006e-09 7.84497e-09 1.19316e-08 1.73131e-08 2.40109e-08 3.17618e-08 3.99324e-08 4.74552e-08 5.28381e-08 5.43646e-08 5.0774e-08 4.34914e-08 4.2456e-08 5.91903e-08 8.38808e-08 1.07868e-07 1.42169e-07 2.03346e-07 2.90144e-07 3.89495e-07 4.7666e-07 5.23845e-07 5.14549e-07 4.52292e-07 3.61747e-07 2.70161e-07 1.93797e-07 1.36696e-07 9.55039e-08 6.67806e-08 4.83795e-08 3.93493e-08 3.76347e-08 3.95004e-08 4.13751e-08 4.15756e-08 4.02474e-08 3.79605e-08 3.4912e-08 3.10051e-08 2.62894e-08 2.11378e-08 1.60901e-08 1.16156e-08 7.97974e-09 5.21529e-09 3.14941e-09 1.51992e-09 1.51992e-09 
2.49469e-10 1.34782e-09 3.01555e-09 5.12294e-09 7.91947e-09 1.16225e-08 1.63362e-08 2.19981e-08 2.83299e-08 3.47836e-08 4.0509e-08 4.43931e-08 4.52959e-08 4.28517e-08 3.99552e-08 4.57788e-08 6.45686e-08 8.7202e-08 1.0931e-07 1.43782e-07 2.04963e-07 2.91851e-07 3.8401e-07 4.51174e-07 4.70092e-07 4.36963e-07 3.68496e-07 2.90219e-07 2.19395e-07 1.61935e-07 1.17804e-07 8.50788e-08 6.26077e-08 4.92407e-08 4.31309e-08 4.1124e-08 3.99536e-08 3.78494e-08 3.48324e-08 3.14864e-08 2.81808e-08 2.48804e-08 2.13925e-08 1.76785e-08 1.39273e-08 1.04298e-08 7.43149e-09 5.04996e-09 3.2449e-09 1.84399e-09 6.73498e-10 
5.45681e-10 1.77632e-09 3.29213e-09 5.22687e-09 7.76908e-09 1.10492e-08 1.51e-08 1.98305e-08 2.49951e-08 3.01643e-08 3.47259e-08 3.79795e-08 3.9483e-08 4.00441e-08 4.34914e-08 5.52879e-08 7.43684e-08 9.27725e-08 1.08098e-07 1.3426e-07 1.91086e-07 2.75546e-07 3.55563e-07 3.99001e-07 3.92738e-07 3.48232e-07 2.88458e-07 2.30836e-07 1.80654e-07 1.38394e-07 1.04616e-07 7.94928e-08 6.26144e-08 5.23376e-08 4.61064e-08 4.13751e-08 3.66646e-08 3.18918e-08 2.74285e-08 2.35523e-08 2.0263e-08 1.73328e-08 1.45213e-08 1.17471e-08 9.09335e-09 6.71102e-09 4.72382e-09 3.17031e-09 1.97425e-09 9.8697e-10 9.8697e-10 
1.66262e-10 9.26411e-10 2.05138e-09 3.41707e-09 5.16984e-09 7.43816e-09 1.02946e-08 1.37407e-08 1.76938e-08 2.19725e-08 2.62953e-08 3.03342e-08 3.3905e-08 3.74531e-08 4.28517e-08 5.3323e-08 7.04043e-08 9.00439e-08 1.03879e-07 1.089e-07 1.21989e-07 1.76029e-07 2.59666e-07 3.27402e-07 3.49519e-07 3.2574e-07 2.80214e-07 2.34956e-07 1.96012e-07 1.60707e-07 1.28794e-07 1.02065e-07 8.14393e-08 6.63059e-08 5.4984e-08 4.58154e-08 3.78494e-08 3.09591e-08 2.52196e-08 2.06246e-08 1.70446e-08 1.42277e-08 1.18685e-08 9.73273e-09 7.73074e-09 5.89114e-09 4.28894e-09 2.9824e-09 1.96542e-09 1.15046e-09 4.33511e-10 
3.67892e-10 1.203e-09 2.1953e-09 3.41861e-09 4.98581e-09 6.98115e-09 9.44723e-09 1.23827e-08 1.57394e-08 1.94274e-08 2.33555e-08 2.75594e-08 3.24954e-08 3.9483e-08 5.0774e-08 6.83198e-08 9.13217e-08 1.1399e-07 1.27014e-07 1.27276e-07 1.36757e-07 1.94122e-07 2.75823e-07 3.29857e-07 3.31966e-07 2.95478e-07 2.53238e-07 2.21378e-07 1.94838e-07 1.66922e-07 1.37996e-07 1.1108e-07 8.8121e-08 6.92697e-08 5.39344e-08 4.15756e-08 3.18918e-08 2.45194e-08 1.90254e-08 1.49904e-08 1.20363e-08 9.81262e-09 8.01924e-09 6.45743e-09 5.04666e-09 3.79008e-09 2.72305e-09 1.86722e-09 1.19088e-09 6.1227e-10 6.1227e-10 
1.09012e-10 6.22273e-10 1.36518e-09 2.23688e-09 3.3257e-09 4.71282e-09 6.45599e-09 8.58971e-09 1.11302e-08 1.40859e-08 1.74917e-08 2.15042e-08 2.66049e-08 3.3905e-08 4.52959e-08 6.29728e-08 8.81445e-08 1.19116e-07 1.49582e-07 1.70726e-07 1.82976e-07 2.10936e-07 2.77645e-07 3.53372e-07 3.90402e-07 3.72859e-07 3.27087e-07 2.87588e-07 2.60331e-07 2.32707e-07 1.9821e-07 1.59803e-07 1.23192e-07 9.19694e-08 6.71747e-08 4.84371e-08 3.48324e-08 2.52196e-08 1.85183e-08 1.38639e-08 1.0625e-08 8.34448e-09 6.67503e-09 5.36166e-09 4.24888e-09 3.27146e-09 2.42256e-09 1.71696e-09 1.154e-09 6.90626e-10 2.66762e-10 
2.43266e-10 7.97317e-10 1.43645e-09 2.20282e-09 3.1674e-09 4.3899e-09 5.91747e-09 7.79253e-09 1.00659e-08 1.28268e-08 1.62751e-08 2.08696e-08 2.75594e-08 3.79795e-08 5.43646e-08 7.90033e-08 1.13158e-07 1.55487e-07 2.00824e-07 2.42914e-07 2.85957e-07 3.48886e-07 4.35046e-07 5.09769e-07 5.31981e-07 4.98312e-07 4.42312e-07 3.91617e-07 3.45897e-07 2.94559e-07 2.36105e-07 1.77769e-07 1.27208e-07 8.78867e-08 5.95819e-08 4.02474e-08 2.74285e-08 1.90254e-08 1.35063e-08 9.84747e-09 7.39059e-09 5.70417e-09 4.4919e-09 3.55443e-09 2.77614e-09 2.10733e-09 1.53865e-09 1.07337e-09 6.96728e-10 3.65453e-10 3.65453e-10 
7.05846e-11 4.09587e-10 8.91549e-10 1.4423e-09 2.11733e-09 2.97156e-09 4.05371e-09 5.41287e-09 7.11221e-09 9.25438e-09 1.20364e-08 1.5859e-08 2.15042e-08 3.03342e-08 4.43931e-08 6.62944e-08 9.88025e-08 1.44015e-07 2.0225e-07 2.7135e-07 3.49028e-07 4.4007e-07 5.52681e-07 6.71109e-07 7.52485e-07 7.62665e-07 7.09094e-07 6.24861e-07 5.34278e-07 4.42225e-07 3.47858e-07 2.56987e-07 1.78844e-07 1.18789e-07 7.66509e-08 4.89675e-08 3.14864e-08 2.06246e-08 1.38639e-08 9.60027e-09 6.86226e-09 5.06768e-09 3.85671e-09 2.99674e-09 2.33983e-09 1.80282e-09 1.34941e-09 9.70651e-10 6.6222e-10 4.02278e-10 1.58096e-10 
1.58245e-10 5.1884e-10 9.25705e-10 1.40439e-09 2.0019e-09 2.76343e-09 3.73594e-09 4.98034e-09 6.59265e-09 8.74514e-09 1.17664e-08 1.62751e-08 2.33555e-08 3.47259e-08 5.28381e-08 8.0852e-08 1.2241e-07 1.81202e-07 2.60447e-07 3.62563e-07 4.89489e-07 6.43638e-07 8.17485e-07 9.73704e-07 1.06089e-06 1.05079e-06 9.56098e-07 8.13522e-07 6.56201e-07 5.02861e-07 3.64329e-07 2.49188e-07 1.61921e-07 1.01282e-07 6.20636e-08 3.79605e-08 2.35523e-08 1.49904e-08 9.84747e-09 6.69396e-09 4.71312e-09 3.43642e-09 2.58488e-09 1.98517e-09 1.53114e-09 1.16432e-09 8.59021e-10 6.07112e-10 3.98874e-10 2.11712e-10 2.11712e-10 
4.52947e-11 2.65096e-10 5.73541e-10 9.1992e-10 1.34062e-09 1.87495e-09 2.56453e-09 3.46224e-09 4.64943e-09 6.26666e-09 8.57139e-09 1.20364e-08 1.74917e-08 2.62953e-08 4.0509e-08 6.30537e-08 9.7808e-08 1.4964e-07 2.24429e-07 3.29102e-07 4.71075e-07 6.55385e-07 8.77329e-07 1.10904e-06 1.29278e-06 1.36987e-06 1.31517e-06 1.15143e-06 9.30622e-07 7.03024e-07 5.01007e-07 3.38553e-07 2.17817e-07 1.3438e-07 8.04582e-08 4.75186e-08 2.81808e-08 1.70446e-08 1.0625e-08 6.86226e-09 4.59988e-09 3.20084e-09 2.30975e-09 1.72018e-09 1.30736e-09 9.96787e-10 7.48064e-10 5.4333e-10 3.74632e-10 2.29506e-10 9.10456e-11 
1.01623e-10 3.32812e-10 5.90081e-10 8.90107e-10 1.26549e-09 1.75163e-09 2.3922e-09 3.25236e-09 4.44174e-09 6.1555e-09 8.74514e-09 1.28268e-08 1.94274e-08 3.01643e-08 4.74552e-08 7.47426e-08 1.16737e-07 1.79719e-07 2.7196e-07 4.03924e-07 5.86556e-07 8.23794e-07 1.09917e-06 1.36498e-06 1.54745e-06 1.58352e-06 1.45897e-06 1.21702e-06 9.30138e-07 6.61625e-07 4.44702e-07 2.85245e-07 1.75608e-07 1.0444e-07 6.06485e-08 3.4912e-08 2.0263e-08 1.20363e-08 7.39059e-09 4.71312e-09 3.12538e-09 2.15449e-09 1.54136e-09 1.13803e-09 8.5672e-10 6.45932e-10 4.78112e-10 3.40745e-10 2.25513e-10 1.202e-10 1.202e-10 
2.89045e-11 1.69404e-10 3.65054e-10 5.83129e-10 8.48487e-10 1.19032e-09 1.64386e-09 2.25965e-09 3.12056e-09 4.37093e-09 6.26666e-09 9.25438e-09 1.40859e-08 2.19725e-08 3.47836e-08 5.52904e-08 8.74577e-08 1.36815e-07 2.10961e-07 3.20088e-07 4.76648e-07 6.91311e-07 9.62031e-07 1.25911e-06 1.5191e-06 1.6605e-06 1.62906e-06 1.43273e-06 1.13719e-06 8.26421e-07 5.60437e-07 3.60994e-07 2.23302e-07 1.33373e-07 7.73504e-08 4.39866e-08 2.48804e-08 1.42277e-08 8.34448e-09 5.06768e-09 3.20084e-09 2.10459e-09 1.43972e-09 1.02251e-09 7.4921e-10 5.59032e-10 4.1675e-10 3.0374e-10 2.10743e-10 1.29487e-10 5.1456e-11 
6.46832e-11 2.11382e-10 3.738e-10 5.63601e-10 8.04194e-10 1.12367e-09 1.5606e-09 2.17631e-09 3.07562e-09 4.44174e-09 6.59265e-09 1.00659e-08 1.57394e-08 2.49951e-08 3.99324e-08 6.36335e-08 1.00499e-07 1.56683e-07 2.40606e-07 3.63126e-07 5.35881e-07 7.65255e-07 1.04029e-06 1.31946e-06 1.53194e-06 1.60408e-06 1.50381e-06 1.26319e-06 9.59329e-07 6.69762e-07 4.38723e-07 2.74484e-07 1.65708e-07 9.69783e-08 5.52956e-08 3.10051e-08 1.73328e-08 9.81262e-09 5.70417e-09 3.43642e-09 2.15449e-09 1.40692e-09 9.5631e-10 6.74952e-10 4.91207e-10 3.63413e-10 2.67659e-10 1.91334e-10 1.27021e-10 6.75565e-11 6.75565e-11 
1.84028e-11 1.07361e-10 2.30964e-10 3.69117e-10 5.3936e-10 7.63828e-10 1.07182e-09 1.50815e-09 2.14788e-09 3.12056e-09 4.64943e-09 7.11221e-09 1.11302e-08 1.76938e-08 2.83299e-08 4.53162e-08 7.19464e-08 1.12861e-07 1.74434e-07 2.65015e-07 3.9432e-07 5.70522e-07 7.93225e-07 1.0423e-06 1.26997e-06 1.41087e-06 1.41192e-06 1.2665e-06 1.02129e-06 7.48358e-07 5.07162e-07 3.24389e-07 1.99093e-07 1.18289e-07 6.82978e-08 3.85057e-08 2.13925e-08 1.18685e-08 6.67503e-09 3.85671e-09 2.30975e-09 1.43972e-09 9.34861e-10 6.32005e-10 4.43677e-10 3.20932e-10 2.35401e-10 1.70942e-10 1.18806e-10 7.29044e-11 2.88378e-11 
4.09736e-11 1.3355e-10 2.36406e-10 3.58124e-10 5.15897e-10 7.31999e-10 1.03903e-09 1.49024e-09 2.17631e-09 3.25236e-09 4.98034e-09 7.79253e-09 1.23827e-08 1.98305e-08 3.17618e-08 5.0545e-08 7.95252e-08 1.23284e-07 1.87827e-07 2.80354e-07 4.07873e-07 5.73533e-07 7.6984e-07 9.70873e-07 1.13128e-06 1.20089e-06 1.15047e-06 9.91914e-07 7.73102e-07 5.51089e-07 3.65669e-07 2.30231e-07 1.39577e-07 8.20753e-08 4.69711e-08 2.62894e-08 1.45213e-08 8.01924e-09 4.4919e-09 2.58488e-09 1.54136e-09 9.5631e-10 6.18023e-10 4.15892e-10 2.90638e-10 2.09048e-10 1.51886e-10 1.08255e-10 7.18194e-11 3.79515e-11 3.79515e-11 
1.17245e-11 6.77788e-11 1.45903e-10 2.34313e-10 3.45671e-10 4.96886e-10 7.11746e-10 1.02783e-09 1.50815e-09 2.25965e-09 3.46224e-09 5.41287e-09 8.58971e-09 1.37407e-08 2.19981e-08 3.50183e-08 5.51406e-08 8.55533e-08 1.30412e-07 1.94734e-07 2.83709e-07 4.00808e-07 5.44098e-07 7.01214e-07 8.46002e-07 9.42179e-07 9.57572e-07 8.81874e-07 7.35029e-07 5.57414e-07 3.89231e-07 2.5455e-07 1.58663e-07 9.54511e-08 5.57585e-08 3.17293e-08 1.76785e-08 9.73273e-09 5.36166e-09 2.99674e-09 1.72018e-09 1.02251e-09 6.32005e-10 4.06794e-10 2.72696e-10 1.89841e-10 1.35779e-10 9.74947e-11 6.75536e-11 4.12832e-11 1.61933e-11 
2.59291e-11 8.42891e-11 1.49866e-10 2.29156e-10 3.34927e-10 4.84638e-10 7.04807e-10 1.03903e-09 1.5606e-09 2.3922e-09 3.73594e-09 5.91747e-09 9.44723e-09 1.51e-08 2.40109e-08 3.77813e-08 5.85823e-08 8.92214e-08 1.33081e-07 1.93745e-07 2.74006e-07 3.73914e-07 4.87949e-07 6.02413e-07 6.95347e-07 7.41813e-07 7.24736e-07 6.44916e-07 5.2259e-07 3.87855e-07 2.66775e-07 1.72784e-07 1.07029e-07 6.40832e-08 3.72782e-08 2.11378e-08 1.17471e-08 6.45743e-09 3.55443e-09 1.98517e-09 1.13803e-09 6.74952e-10 4.15892e-10 2.6678e-10 1.7828e-10 1.23706e-10 8.79069e-11 6.20695e-11 4.10134e-11 2.14992e-11 2.14992e-11 
7.49166e-12 4.27916e-11 9.23715e-11 1.49631e-10 2.23822e-10 3.27814e-10 4.80421e-10 7.11746e-10 1.07182e-09 1.64386e-09 2.56453e-09 4.05371e-09 6.45599e-09 1.02946e-08 1.63362e-08 2.56599e-08 3.97214e-08 6.03886e-08 8.98976e-08 1.30638e-07 1.8461e-07 2.52389e-07 3.31597e-07 4.15326e-07 4.9142e-07 5.43977e-07 5.58062e-07 5.26592e-07 4.55084e-07 3.60344e-07 2.62994e-07 1.78938e-07 1.15163e-07 7.10662e-08 4.24261e-08 2.46142e-08 1.39273e-08 7.73074e-09 4.24888e-09 2.33983e-09 1.30736e-09 7.4921e-10 4.43677e-10 2.72696e-10 1.74435e-10 1.16288e-10 8.0441e-11 5.66588e-11 3.89422e-11 2.36651e-11 9.2009e-12 
1.6442e-11 5.33247e-11 9.55004e-11 1.47914e-10 2.20042e-10 3.2534e-10 4.84638e-10 7.31999e-10 1.12367e-09 1.75163e-09 2.76343e-09 4.3899e-09 6.98115e-09 1.10492e-08 1.73131e-08 2.67378e-08 4.05525e-08 6.02188e-08 8.72994e-08 1.23153e-07 1.68374e-07 2.2197e-07 2.80479e-07 3.37398e-07 3.83509e-07 4.08623e-07 4.04912e-07 3.70763e-07 3.12621e-07 2.42935e-07 1.75027e-07 1.18165e-07 7.57376e-08 4.66273e-08 2.77826e-08 1.60901e-08 9.09335e-09 5.04666e-09 2.77614e-09 1.53114e-09 8.5672e-10 4.91207e-10 2.90638e-10 1.7828e-10 1.13793e-10 7.57268e-11 5.21879e-11 3.62482e-11 2.37778e-11 1.23759e-11 1.23759e-11 
4.80527e-12 2.70953e-11 5.87566e-11 9.62552e-11 1.46342e-10 2.18695e-10 3.27814e-10 4.96886e-10 7.63828e-10 1.19032e-09 1.87495e-09 2.97156e-09 4.71282e-09 7.43816e-09 1.16225e-08 1.79003e-08 2.7074e-08 4.00914e-08 5.7964e-08 8.15905e-08 1.11446e-07 1.4714e-07 1.86924e-07 2.27341e-07 2.63246e-07 2.88439e-07 2.97042e-07 2.85556e-07 2.54826e-07 2.10482e-07 1.61099e-07 1.14917e-07 7.71504e-08 4.93119e-08 3.03084e-08 1.80324e-08 1.04298e-08 5.89114e-09 3.27146e-09 1.80282e-09 9.96787e-10 5.59032e-10 3.20932e-10 1.89841e-10 1.16288e-10 7.41177e-11 4.92564e-11 3.37488e-11 2.2877e-11 1.38132e-11 5.33604e-12 
1.04627e-11 3.38878e-11 6.12342e-11 9.61985e-11 1.4574e-10 2.20042e-10 3.34927e-10 5.15897e-10 8.04194e-10 1.26549e-09 2.0019e-09 3.1674e-09 4.98581e-09 7.76908e-09 1.19316e-08 1.79945e-08 2.65687e-08 3.83049e-08 5.37885e-08 7.33658e-08 9.69002e-08 1.23503e-07 1.51323e-07 1.77518e-07 1.98489e-07 2.10446e-07 2.10325e-07 1.9695e-07 1.7194e-07 1.39599e-07 1.05543e-07 7.47079e-08 4.99473e-08 3.18568e-08 1.95511e-08 1.16156e-08 6.71102e-09 3.79008e-09 2.10733e-09 1.16432e-09 6.45932e-10 3.63413e-10 2.09048e-10 1.23706e-10 7.57268e-11 4.82362e-11 3.20093e-11 2.16984e-11 1.40746e-11 7.28863e-12 7.28863e-12 
3.08688e-12 1.72287e-11 3.75698e-11 6.22485e-11 9.6106e-11 1.46342e-10 2.23822e-10 3.45671e-10 5.3936e-10 8.48487e-10 1.34062e-09 2.11733e-09 3.3257e-09 5.16984e-09 7.91947e-09 1.19115e-08 1.75385e-08 2.52167e-08 3.53244e-08 4.8102e-08 6.35169e-08 8.11139e-08 9.98944e-08 1.18283e-07 1.34226e-07 1.45429e-07 1.49762e-07 1.45809e-07 1.33477e-07 1.14374e-07 9.15423e-08 6.85246e-08 4.821e-08 3.21244e-08 2.0449e-08 1.25289e-08 7.43149e-09 4.28894e-09 2.42256e-09 1.34941e-09 7.48064e-10 4.1675e-10 2.35401e-10 1.35779e-10 8.0441e-11 4.92564e-11 3.13868e-11 2.07704e-11 1.37921e-11 8.25962e-12 3.18228e-12 
6.67219e-12 2.16206e-11 3.93642e-11 6.25241e-11 9.61985e-11 1.47914e-10 2.29156e-10 3.58124e-10 5.63601e-10 8.90107e-10 1.40439e-09 2.20282e-09 3.41861e-09 5.22687e-09 7.84497e-09 1.15246e-08 1.65315e-08 2.31082e-08 3.14172e-08 4.14646e-08 5.30164e-08 6.55295e-08 7.81262e-08 8.96359e-08 9.87073e-08 1.0399e-07 1.04382e-07 9.934e-08 8.91854e-08 7.52247e-08 5.94978e-08 4.41784e-08 3.09274e-08 2.05476e-08 1.30515e-08 7.97974e-09 4.72382e-09 2.72305e-09 1.53865e-09 8.59021e-10 4.78112e-10 2.67659e-10 1.51886e-10 8.79069e-11 5.21879e-11 3.20093e-11 2.04221e-11 1.3426e-11 8.56703e-12 4.41837e-12 4.41837e-12 
1.96909e-12 1.09671e-11 2.39899e-11 3.99174e-11 6.22485e-11 9.62552e-11 1.49631e-10 2.34313e-10 3.69117e-10 5.83129e-10 9.1992e-10 1.4423e-09 2.23688e-09 3.41707e-09 5.12294e-09 7.5157e-09 1.07648e-08 1.50254e-08 2.04053e-08 2.6922e-08 3.44554e-08 4.2708e-08 5.11884e-08 5.92288e-08 6.60405e-08 7.08012e-08 7.277e-08 7.1431e-08 6.66584e-08 5.88595e-08 4.89928e-08 3.83724e-08 2.8304e-08 1.9731e-08 1.30711e-08 8.28135e-09 5.04996e-09 2.9824e-09 1.71696e-09 9.70651e-10 5.4333e-10 3.0374e-10 1.70942e-10 9.74947e-11 5.66588e-11 3.37488e-11 2.07704e-11 1.32708e-11 8.5923e-12 5.08835e-12 1.95884e-12 
4.22752e-12 1.36875e-11 2.47653e-11 3.93642e-11 6.12342e-11 9.55004e-11 1.49866e-10 2.36406e-10 3.738e-10 5.90081e-10 9.25705e-10 1.43645e-09 2.1953e-09 3.29213e-09 4.83006e-09 6.91715e-09 9.65272e-09 1.31079e-08 1.73013e-08 2.2172e-08 2.75572e-08 3.31807e-08 3.86615e-08 4.35415e-08 4.73301e-08 4.95601e-08 4.98544e-08 4.80042e-08 4.40536e-08 3.83612e-08 3.15831e-08 2.45394e-08 1.80015e-08 1.25016e-08 8.25668e-09 5.21529e-09 3.17031e-09 1.86722e-09 1.07337e-09 6.07112e-10 3.40745e-10 1.91334e-10 1.08255e-10 6.20695e-11 3.62482e-11 2.16984e-11 1.3426e-11 8.5733e-12 5.37263e-12 2.75695e-12 2.75695e-12 
1.23019e-12 6.85951e-12 1.46511e-11 2.39899e-11 3.75698e-11 5.87566e-11 9.23715e-11 1.45903e-10 2.30964e-10 3.65054e-10 5.73541e-10 8.91549e-10 1.36518e-09 2.05138e-09 3.01555e-09 4.32644e-09 6.04784e-09 8.22706e-09 1.08809e-08 1.39804e-08 1.74376e-08 2.10987e-08 2.47474e-08 2.81196e-08 3.09265e-08 3.28838e-08 3.37433e-08 3.3329e-08 3.15776e-08 2.85801e-08 2.46057e-08 2.00801e-08 1.55011e-08 1.13184e-08 7.83204e-09 5.15538e-09 3.2449e-09 1.96542e-09 1.154e-09 6.6222e-10 3.74632e-10 2.10743e-10 1.18806e-10 6.75536e-11 3.89422e-11 2.2877e-11 1.37921e-11 8.5923e-12 5.44995e-12 3.20099e-12 1.23565e-12 
2.60626e-12 7.95785e-12 1.36875e-11 2.16206e-11 3.38878e-11 5.33247e-11 8.42891e-11 1.3355e-10 2.11382e-10 3.32812e-10 5.1884e-10 7.97317e-10 1.203e-09 1.77632e-09 2.5604e-09 3.5962e-09 4.91589e-09 6.53461e-09 8.44161e-09 1.05923e-08 1.29039e-08 1.52564e-08 1.75004e-08 1.94691e-08 2.0994e-08 2.1921e-08 2.21265e-08 2.15361e-08 2.01446e-08 1.80359e-08 1.53916e-08 1.24748e-08 9.57994e-09 6.96613e-09 4.80267e-09 3.14941e-09 1.97425e-09 1.19088e-09 6.96728e-10 3.98874e-10 2.25513e-10 1.27021e-10 7.18194e-11 4.10134e-11 2.37778e-11 1.40746e-11 8.56703e-12 5.37263e-12 3.34126e-12 1.72714e-12 1.72714e-12 
7.52372e-13 3.68051e-12 6.85951e-12 1.09671e-11 1.72287e-11 2.70953e-11 4.27916e-11 6.77788e-11 1.07361e-10 1.69404e-10 2.65096e-10 4.09587e-10 6.22273e-10 9.26411e-10 1.34782e-09 1.91242e-09 2.64267e-09 3.55279e-09 4.64339e-09 5.89637e-09 7.27161e-09 8.7069e-09 1.01215e-08 1.14229e-08 1.25145e-08 1.33044e-08 1.37133e-08 1.36822e-08 1.31816e-08 1.22214e-08 1.08606e-08 9.2112e-09 7.42775e-09 5.67945e-09 4.11342e-09 2.8244e-09 1.84399e-09 1.15046e-09 6.90626e-10 4.02278e-10 2.29506e-10 1.29487e-10 7.29044e-11 4.12832e-11 2.36651e-11 1.38132e-11 8.25962e-12 5.08835e-12 3.20099e-12 1.9106e-12 7.63583e-13 
1.29597e-12 2.60626e-12 4.22752e-12 6.67219e-12 1.04627e-11 1.6442e-11 2.59291e-11 4.09736e-11 6.46832e-11 1.01623e-10 1.58245e-10 2.43266e-10 3.67892e-10 5.45681e-10 7.91837e-10 1.12169e-09 1.54817e-09 2.07853e-09 2.71076e-09 3.43089e-09 4.2121e-09 5.01596e-09 5.79556e-09 6.49962e-09 7.07675e-09 7.47944e-09 7.66776e-09 7.61301e-09 7.30206e-09 6.74272e-09 5.96911e-09 5.04373e-09 4.05167e-09 3.08539e-09 2.22462e-09 1.51992e-09 9.8697e-10 6.1227e-10 3.65453e-10 2.11712e-10 1.202e-10 6.75565e-11 3.79515e-11 2.14992e-11 1.23759e-11 7.28863e-12 4.41837e-12 2.75695e-12 1.72714e-12 9.53951e-13 9.53951e-13 
4.75706e-13 7.52372e-13 1.23019e-12 1.96909e-12 3.08688e-12 4.80527e-12 7.49166e-12 1.17245e-11 1.84028e-11 2.89045e-11 4.52947e-11 7.05846e-11 1.09012e-10 1.66262e-10 2.49469e-10 3.66796e-10 5.26405e-10 7.34824e-10 9.95013e-10 1.30466e-09 1.65526e-09 2.03222e-09 2.41595e-09 2.78354e-09 3.11072e-09 3.3737e-09 3.55086e-09 3.62434e-09 3.58166e-09 3.4178e-09 3.13791e-09 2.75986e-09 2.31493e-09 1.84453e-09 1.39238e-09 9.94812e-10 6.73498e-10 4.33511e-10 2.66762e-10 1.58096e-10 9.10456e-11 5.1456e-11 2.88378e-11 1.61933e-11 9.2009e-12 5.33604e-12 3.18228e-12 1.95884e-12 1.23565e-12 7.63583e-13 3.70988e-13 
