1 101 51
1.00704e-13 1.61992e-13 2.54934e-13 3.81689e-13 5.75578e-13 9.33925e-13 1.65455e-12 3.09347e-12 5.85231e-12 1.09218e-11 1.9838e-11 3.48371e-11 5.88975e-11 9.56581e-11 1.49234e-10 2.24211e-10 3.26158e-10 4.62651e-10 6.43868e-10 8.81272e-10 1.18401e-09 1.55469e-09 1.98664e-09 2.46338e-09 2.95985e-09 3.44443e-09 3.88152e-09 4.23451e-09 4.46918e-09 4.55765e-09 4.48282e-09 4.24274e-09 3.85396e-09 3.3518e-09 2.78598e-09 2.21156e-09 1.67778e-09 1.21906e-09 8.51318e-10 5.7406e-10 3.75861e-10 2.40436e-10 1.51261e-10 9.41986e-11 5.84203e-11 3.62589e-11 2.25996e-11 1.41509e-11 8.77492e-12 4.94675e-12 4.94675e-12 
1.00704e-13 3.49629e-13 5.87228e-13 8.95649e-13 1.35769e-12 2.18124e-12 3.76839e-12 6.83635e-12 1.26283e-11 2.32632e-11 4.22105e-11 7.48605e-11 1.29003e-10 2.1493e-10 3.44797e-10 5.31159e-10 7.85244e-10 1.11612e-09 1.53175e-09 2.04121e-09 2.65533e-09 3.38287e-09 4.2229e-09 5.15756e-09 6.14869e-09 7.13933e-09 8.05852e-09 8.82811e-09 9.37092e-09 9.62022e-09 9.53029e-09 9.08711e-09 8.31681e-09 7.28776e-09 6.10252e-09 4.87912e-09 3.72669e-09 2.72472e-09 1.91334e-09 1.29625e-09 8.5186e-10 5.46385e-10 3.44315e-10 2.14614e-10 1.33153e-10 8.26692e-11 5.15583e-11 3.23381e-11 2.02407e-11 1.20078e-11 4.94675e-12 
3.49629e-13 9.54437e-13 1.53638e-12 2.33031e-12 3.66555e-12 6.15231e-12 1.08566e-11 1.96472e-11 3.57712e-11 6.47417e-11 1.15547e-10 2.02045e-10 3.44031e-10 5.67107e-10 9.00311e-10 1.37126e-09 2.00019e-09 2.79605e-09 3.75788e-09 4.88104e-09 6.16299e-09 7.60137e-09 9.18243e-09 1.08661e-08 1.25769e-08 1.42042e-08 1.56123e-08 1.66561e-08 1.72012e-08 1.71466e-08 1.64482e-08 1.51378e-08 1.33299e-08 1.12086e-08 8.99232e-09 6.88737e-09 5.04662e-09 3.54978e-09 2.40782e-09 1.58354e-09 1.016e-09 6.40217e-10 3.98953e-10 2.47486e-10 1.53713e-10 9.59947e-11 6.03933e-11 3.81289e-11 2.34421e-11 1.20078e-11 1.20078e-11 
1.61992e-13 9.54437e-13 1.91249e-12 2.95493e-12 4.53508e-12 7.37563e-12 1.26929e-11 2.25884e-11 4.07488e-11 7.35954e-11 1.32023e-10 2.33776e-10 4.06074e-10 6.87427e-10 1.12673e-09 1.77769e-09 2.68831e-09 3.88854e-09 5.3829e-09 7.15431e-09 9.17829e-09 1.14363e-08 1.39132e-08 1.65748e-08 1.93387e-08 2.20566e-08 2.45181e-08 2.64739e-08 2.76722e-08 2.79035e-08 2.70492e-08 2.51228e-08 2.22907e-08 1.88544e-08 1.51912e-08 1.16679e-08 8.56302e-09 6.02701e-09 4.08777e-09 2.68666e-09 1.72193e-09 1.08359e-09 6.74273e-10 4.17757e-10 2.59288e-10 1.61976e-10 1.02097e-10 6.48285e-11 4.07933e-11 2.34421e-11 8.77492e-12 
5.87228e-13 1.91249e-12 3.25997e-12 4.94826e-12 7.78028e-12 1.30127e-11 2.2709e-11 4.04636e-11 7.26348e-11 1.3036e-10 2.32647e-10 4.10559e-10 7.11722e-10 1.20308e-09 1.96846e-09 3.09758e-09 4.6666e-09 6.71654e-09 9.24236e-09 1.22034e-08 1.55514e-08 1.92529e-08 2.32777e-08 2.75519e-08 3.19034e-08 3.60382e-08 3.95598e-08 4.20266e-08 4.30325e-08 4.23004e-08 3.97685e-08 3.56435e-08 3.03872e-08 2.46218e-08 1.89785e-08 1.39527e-08 9.82366e-09 6.6578e-09 4.36908e-09 2.79441e-09 1.75425e-09 1.08886e-09 6.73054e-10 4.16991e-10 2.60269e-10 1.64155e-10 1.04587e-10 6.67099e-11 4.07933e-11 2.02407e-11 2.02407e-11 
2.54934e-13 1.53638e-12 3.25997e-12 5.1128e-12 7.81705e-12 1.26573e-11 2.15749e-11 3.78044e-11 6.70674e-11 1.19608e-10 2.13587e-10 3.80332e-10 6.71387e-10 1.16589e-09 1.97454e-09 3.23434e-09 5.08872e-09 7.65396e-09 1.09845e-08 1.50594e-08 1.98069e-08 2.51538e-08 3.10536e-08 3.74474e-08 4.41665e-08 5.08447e-08 5.69019e-08 6.16131e-08 6.4241e-08 6.4205e-08 6.1252e-08 5.55795e-08 4.78493e-08 3.90494e-08 3.02392e-08 2.22845e-08 1.56981e-08 1.06294e-08 6.96165e-09 4.44048e-09 2.77875e-09 1.719e-09 1.05913e-09 6.54384e-10 4.07675e-10 2.56995e-10 1.64019e-10 1.05432e-10 6.67099e-11 3.81289e-11 1.41509e-11 
8.95649e-13 2.95493e-12 5.1128e-12 7.77402e-12 1.21855e-11 2.02174e-11 3.47132e-11 6.0549e-11 1.06507e-10 1.88568e-10 3.35541e-10 5.97792e-10 1.0588e-09 1.84689e-09 3.14084e-09 5.15964e-09 8.12817e-09 1.22217e-08 1.75128e-08 2.39582e-08 3.14492e-08 3.98902e-08 4.92167e-08 5.92878e-08 6.97052e-08 7.96952e-08 8.81468e-08 9.37999e-08 9.55336e-08 9.26865e-08 8.53206e-08 7.43128e-08 6.11779e-08 4.76547e-08 3.52341e-08 2.48468e-08 1.68123e-08 1.09884e-08 6.98759e-09 4.35663e-09 2.68445e-09 1.64753e-09 1.01437e-09 6.30248e-10 3.9674e-10 2.53341e-10 1.63581e-10 1.05432e-10 6.48285e-11 3.23381e-11 3.23381e-11 
3.81689e-13 2.33031e-12 4.94826e-12 7.77402e-12 1.18933e-11 1.91728e-11 3.22027e-11 5.50866e-11 9.50611e-11 1.65387e-10 2.90687e-10 5.16196e-10 9.22017e-10 1.64172e-09 2.88078e-09 4.92443e-09 8.11913e-09 1.28149e-08 1.92758e-08 2.76018e-08 3.77234e-08 4.94942e-08 6.27993e-08 7.75178e-08 9.32764e-08 1.0915e-07 1.23561e-07 1.34481e-07 1.39884e-07 1.38317e-07 1.29431e-07 1.14261e-07 9.50438e-08 7.4572e-08 5.5375e-08 3.91209e-08 2.64639e-08 1.7264e-08 1.09442e-08 6.79665e-09 4.16969e-09 2.54784e-09 1.56234e-09 9.67512e-10 6.07768e-10 3.87965e-10 2.51174e-10 1.63581e-10 1.04587e-10 6.03933e-11 2.25996e-11 
1.35769e-12 4.53508e-12 7.81705e-12 1.18933e-11 1.8636e-11 3.05995e-11 5.13743e-11 8.69114e-11 1.47899e-10 2.5428e-10 4.4388e-10 7.87448e-10 1.41163e-09 2.52858e-09 4.46485e-09 7.67263e-09 1.26975e-08 2.00831e-08 3.023e-08 4.3284e-08 5.91533e-08 7.76626e-08 9.86645e-08 1.21846e-07 1.46232e-07 1.69775e-07 1.89415e-07 2.01694e-07 2.03727e-07 1.94214e-07 1.74119e-07 1.46592e-07 1.16019e-07 8.66269e-08 6.13649e-08 4.15265e-08 2.7049e-08 1.70961e-08 1.05746e-08 6.45765e-09 3.92724e-09 2.3975e-09 1.47915e-09 9.26741e-10 5.91011e-10 3.83212e-10 2.51174e-10 1.64019e-10 1.02097e-10 5.15583e-11 5.15583e-11 
5.75578e-13 3.66555e-12 7.78028e-12 1.21855e-11 1.8636e-11 2.98556e-11 4.92766e-11 8.20051e-11 1.36746e-10 2.29315e-10 3.89735e-10 6.76085e-10 1.19869e-09 2.15679e-09 3.88549e-09 6.90134e-09 1.19187e-08 1.97946e-08 3.1374e-08 4.727e-08 6.77135e-08 9.26148e-08 1.21788e-07 1.54969e-07 1.91263e-07 2.28277e-07 2.61729e-07 2.86061e-07 2.95941e-07 2.88119e-07 2.62902e-07 2.24449e-07 1.79467e-07 1.34911e-07 9.59225e-08 6.4985e-08 4.22867e-08 2.66548e-08 1.64222e-08 9.98181e-09 6.0406e-09 3.67032e-09 2.25524e-09 1.40879e-09 8.97152e-10 5.82162e-10 3.83212e-10 2.53341e-10 1.64155e-10 9.59947e-11 3.62589e-11 
2.18124e-12 7.37563e-12 1.26573e-11 1.91728e-11 2.98556e-11 4.83775e-11 7.94895e-11 1.30638e-10 2.1466e-10 3.55061e-10 5.97119e-10 1.02987e-09 1.82466e-09 3.29341e-09 5.9631e-09 1.06479e-08 1.84736e-08 3.07848e-08 4.88962e-08 7.37602e-08 1.05776e-07 1.44924e-07 1.9101e-07 2.43334e-07 2.99435e-07 3.53837e-07 3.98173e-07 4.23201e-07 4.21982e-07 3.92894e-07 3.40872e-07 2.75854e-07 2.09072e-07 1.4937e-07 1.01397e-07 6.59573e-08 4.14807e-08 2.54616e-08 1.54046e-08 9.27579e-09 5.60871e-09 3.43164e-09 2.13678e-09 1.3584e-09 8.81691e-10 5.82162e-10 3.87965e-10 2.56995e-10 1.61976e-10 8.26692e-11 8.26692e-11 
9.33925e-13 6.15231e-12 1.30127e-11 2.02174e-11 3.05995e-11 4.83775e-11 7.84829e-11 1.27757e-10 2.07226e-10 3.35953e-10 5.49021e-10 9.14723e-10 1.56909e-09 2.77687e-09 5.02394e-09 9.13568e-09 1.63916e-08 2.85614e-08 4.77526e-08 7.6017e-08 1.14863e-07 1.65035e-07 2.2672e-07 2.99578e-07 3.81494e-07 4.66202e-07 5.42064e-07 5.94057e-07 6.08761e-07 5.80102e-07 5.12766e-07 4.20843e-07 3.22107e-07 2.31537e-07 1.5765e-07 1.02595e-07 6.44117e-08 3.9404e-08 2.37341e-08 1.42208e-08 8.5568e-09 5.21274e-09 3.23503e-09 2.05267e-09 1.33223e-09 8.81691e-10 5.91011e-10 3.9674e-10 2.60269e-10 1.53713e-10 5.84203e-11 
3.76839e-12 1.26929e-11 2.15749e-11 3.22027e-11 4.92766e-11 7.84829e-11 1.26677e-10 2.03961e-10 3.26802e-10 5.2366e-10 8.47008e-10 1.39965e-09 2.38833e-09 4.21968e-09 7.64653e-09 1.39563e-08 2.51531e-08 4.40126e-08 7.38341e-08 1.17836e-07 1.78471e-07 2.57182e-07 3.5454e-07 4.69364e-07 5.95542e-07 7.18412e-07 8.15287e-07 8.62179e-07 8.43986e-07 7.62416e-07 6.36183e-07 4.92684e-07 3.56861e-07 2.44011e-07 1.59019e-07 9.97378e-08 6.08394e-08 3.64936e-08 2.17618e-08 1.30316e-08 7.90467e-09 4.88934e-09 3.09633e-09 2.00917e-09 1.33223e-09 8.97152e-10 6.07768e-10 4.07675e-10 2.59288e-10 1.33153e-10 1.33153e-10 
1.65455e-12 1.08566e-11 2.2709e-11 3.47132e-11 5.13743e-11 7.94895e-11 1.26677e-10 2.02807e-10 3.22975e-10 5.11876e-10 8.12103e-10 1.30212e-09 2.13601e-09 3.62596e-09 6.39212e-09 1.15942e-08 2.1231e-08 3.84304e-08 6.7533e-08 1.13701e-07 1.82022e-07 2.76592e-07 4.00201e-07 5.53745e-07 7.32833e-07 9.21377e-07 1.08811e-06 1.19339e-06 1.20553e-06 1.11723e-06 9.50716e-07 7.46747e-07 5.46022e-07 3.75487e-07 2.45335e-07 1.53863e-07 9.36471e-08 5.59658e-08 3.32247e-08 1.98047e-08 1.19633e-08 7.37602e-09 4.66245e-09 3.02485e-09 2.00917e-09 1.3584e-09 9.26741e-10 6.30248e-10 4.16991e-10 2.47486e-10 9.41986e-11 
6.83635e-12 2.25884e-11 3.78044e-11 5.50866e-11 8.20051e-11 1.27757e-10 2.02807e-10 3.21671e-10 5.06981e-10 7.95791e-10 1.25183e-09 1.99208e-09 3.24609e-09 5.48135e-09 9.63616e-09 1.7485e-08 3.21151e-08 5.83874e-08 1.03068e-07 1.74231e-07 2.80002e-07 4.27384e-07 6.21448e-07 8.62102e-07 1.13522e-06 1.40271e-06 1.60482e-06 1.68228e-06 1.60716e-06 1.40009e-06 1.11867e-06 8.27611e-07 5.7342e-07 3.76193e-07 2.36185e-07 1.43556e-07 8.55297e-08 5.05725e-08 3.00174e-08 1.80621e-08 1.11032e-08 7.007e-09 4.5459e-09 3.02485e-09 2.05267e-09 1.40879e-09 9.67512e-10 6.54384e-10 4.17757e-10 2.14614e-10 2.14614e-10 
3.09347e-12 1.96472e-11 4.04636e-11 6.0549e-11 8.69114e-11 1.30638e-10 2.03961e-10 3.21671e-10 5.05283e-10 7.88673e-10 1.22731e-09 1.91626e-09 3.02901e-09 4.90474e-09 8.23673e-09 1.44314e-08 2.61833e-08 4.82334e-08 8.80994e-08 1.5629e-07 2.65437e-07 4.28683e-07 6.5806e-07 9.61564e-07 1.33274e-06 1.73265e-06 2.08119e-06 2.27898e-06 2.25784e-06 2.02343e-06 1.65077e-06 1.23916e-06 8.67009e-07 5.7221e-07 3.60173e-07 2.18866e-07 1.3011e-07 7.66734e-08 4.53391e-08 2.71869e-08 1.66689e-08 1.05058e-08 6.81801e-09 4.5459e-09 3.09633e-09 2.13678e-09 1.47915e-09 1.01437e-09 6.73054e-10 3.98953e-10 1.51261e-10 
1.26283e-11 4.07488e-11 6.70674e-11 9.50611e-11 1.36746e-10 2.07226e-10 3.22975e-10 5.05283e-10 7.86004e-10 1.2156e-09 1.87668e-09 2.91025e-09 4.57169e-09 7.35726e-09 1.22833e-08 2.14357e-08 3.88722e-08 7.18281e-08 1.31868e-07 2.3525e-07 4.01772e-07 6.52923e-07 1.0088e-06 1.47825e-06 2.03305e-06 2.5807e-06 2.97415e-06 3.07772e-06 2.85462e-06 2.3892e-06 1.8262e-06 1.29398e-06 8.61195e-07 5.44505e-07 3.31288e-07 1.96727e-07 1.15643e-07 6.81743e-08 4.07615e-08 2.49392e-08 1.57057e-08 1.02007e-08 6.81801e-09 4.66245e-09 3.23503e-09 2.25524e-09 1.56234e-09 1.05913e-09 6.74273e-10 3.44315e-10 3.44315e-10 
5.85231e-12 3.57712e-11 7.26348e-11 1.06507e-10 1.47899e-10 2.1466e-10 3.26802e-10 5.06981e-10 7.86004e-10 1.21075e-09 1.85576e-09 2.84313e-09 4.38037e-09 6.84001e-09 1.09399e-08 1.8151e-08 3.15317e-08 5.71405e-08 1.05952e-07 1.95656e-07 3.51335e-07 6.04145e-07 9.89308e-07 1.53755e-06 2.24724e-06 3.03383e-06 3.70787e-06 4.04051e-06 3.90662e-06 3.37381e-06 2.63722e-06 1.89902e-06 1.27841e-06 8.13891e-07 4.96741e-07 2.95097e-07 1.73245e-07 1.01918e-07 6.08092e-08 3.71525e-08 2.33933e-08 1.52154e-08 1.02007e-08 7.007e-09 4.88934e-09 3.43164e-09 2.3975e-09 1.64753e-09 1.08886e-09 6.40217e-10 2.40436e-10 
2.32632e-11 7.35954e-11 1.19608e-10 1.65387e-10 2.29315e-10 3.35953e-10 5.11876e-10 7.88673e-10 1.21075e-09 1.84633e-09 2.80436e-09 4.26341e-09 6.52592e-09 1.01299e-08 1.61015e-08 2.65424e-08 4.58868e-08 8.31094e-08 1.5477e-07 2.87802e-07 5.20954e-07 9.03641e-07 1.49255e-06 2.32543e-06 3.35699e-06 4.38422e-06 5.07237e-06 5.15276e-06 4.62183e-06 3.7128e-06 2.72816e-06 1.86466e-06 1.19889e-06 7.35759e-07 4.38111e-07 2.5728e-07 1.51236e-07 9.01418e-08 5.50464e-08 3.46833e-08 2.26086e-08 1.52154e-08 1.05058e-08 7.37602e-09 5.21274e-09 3.67032e-09 2.54784e-09 1.719e-09 1.08359e-09 5.46385e-10 5.46385e-10 
1.09218e-11 6.47417e-11 1.3036e-10 1.88568e-10 2.5428e-10 3.55061e-10 5.2366e-10 7.95791e-10 1.2156e-09 1.84633e-09 2.78582e-09 4.19098e-09 6.31967e-09 9.60805e-09 1.48261e-08 2.34257e-08 3.83775e-08 6.60534e-08 1.19669e-07 2.24146e-07 4.20499e-07 7.694e-07 1.35012e-06 2.24851e-06 3.48485e-06 4.89697e-06 6.06552e-06 6.52104e-06 6.11427e-06 5.07141e-06 3.81869e-06 2.66116e-06 1.73374e-06 1.07289e-06 6.41876e-07 3.77819e-07 2.22295e-07 1.32551e-07 8.10023e-08 5.11261e-08 3.34343e-08 2.26086e-08 1.57057e-08 1.11032e-08 7.90467e-09 5.60871e-09 3.92724e-09 2.68445e-09 1.75425e-09 1.016e-09 3.75861e-10 
4.22105e-11 1.32023e-10 2.13587e-10 2.90687e-10 3.89735e-10 5.49021e-10 8.12103e-10 1.22731e-09 1.85576e-09 2.78582e-09 4.155e-09 6.18511e-09 9.24308e-09 1.39518e-08 2.14072e-08 3.36551e-08 5.48722e-08 9.41687e-08 1.7095e-07 3.2289e-07 6.13518e-07 1.14159e-06 2.03483e-06 3.40386e-06 5.17672e-06 6.91914e-06 7.92823e-06 7.80758e-06 6.70832e-06 5.19177e-06 3.7032e-06 2.45212e-06 1.53456e-06 9.24852e-07 5.46991e-07 3.22825e-07 1.9294e-07 1.1818e-07 7.48237e-08 4.91502e-08 3.34343e-08 2.33933e-08 1.66689e-08 1.19633e-08 8.5568e-09 6.0406e-09 4.16969e-09 2.77875e-09 1.72193e-09 8.5186e-10 8.5186e-10 
1.9838e-11 1.15547e-10 2.32647e-10 3.35541e-10 4.4388e-10 5.97119e-10 8.47008e-10 1.25183e-09 1.87668e-09 2.80436e-09 4.155e-09 6.11659e-09 8.99569e-09 1.33063e-08 1.99328e-08 3.04406e-08 4.77297e-08 7.76805e-08 1.33272e-07 2.43064e-07 4.65627e-07 9.05332e-07 1.73376e-06 3.14413e-06 5.2187e-06 7.57966e-06 9.31751e-06 9.68367e-06 8.63163e-06 6.87264e-06 5.02508e-06 3.38459e-06 2.14613e-06 1.30587e-06 7.78024e-07 4.61773e-07 2.7728e-07 1.70585e-07 1.08531e-07 7.17217e-08 4.91502e-08 3.46833e-08 2.49392e-08 1.80621e-08 1.30316e-08 9.27579e-09 6.45765e-09 4.35663e-09 2.79441e-09 1.58354e-09 5.7406e-10 
7.48605e-11 2.33776e-10 3.80332e-10 5.16196e-10 6.76085e-10 9.14723e-10 1.30212e-09 1.91626e-09 2.84313e-09 4.19098e-09 6.11659e-09 8.8677e-09 1.28564e-08 1.87934e-08 2.79387e-08 4.25672e-08 6.68447e-08 1.09016e-07 1.87323e-07 3.44856e-07 6.81877e-07 1.38994e-06 2.7689e-06 5.03343e-06 8.01208e-06 1.0618e-05 1.1707e-05 1.09074e-05 8.95032e-06 6.70483e-06 4.57351e-06 2.9341e-06 1.80246e-06 1.08359e-06 6.48356e-07 3.92233e-07 2.42985e-07 1.55691e-07 1.03708e-07 7.17217e-08 5.11261e-08 3.71525e-08 2.71869e-08 1.98047e-08 1.42208e-08 9.98181e-09 6.79665e-09 4.44048e-09 2.68666e-09 1.29625e-09 1.29625e-09 
3.48371e-11 2.02045e-10 4.10559e-10 5.97792e-10 7.87448e-10 1.02987e-09 1.39965e-09 1.99208e-09 2.91025e-09 4.26341e-09 6.18511e-09 8.8677e-09 1.26214e-08 1.79836e-08 2.59325e-08 3.8299e-08 5.84727e-08 9.23912e-08 1.51011e-07 2.59307e-07 4.91472e-07 1.05722e-06 2.31025e-06 4.68422e-06 8.13817e-06 1.16771e-05 1.3682e-05 1.35021e-05 1.15745e-05 8.91487e-06 6.12732e-06 3.95222e-06 2.43609e-06 1.47521e-06 8.90742e-07 5.44327e-07 3.40541e-07 2.20333e-07 1.48284e-07 1.03708e-07 7.48237e-08 5.50464e-08 4.07615e-08 3.00174e-08 2.17618e-08 1.54046e-08 1.05746e-08 6.98759e-09 4.36908e-09 2.40782e-09 8.51318e-10 
1.29003e-10 4.06074e-10 6.71387e-10 9.22017e-10 1.19869e-09 1.56909e-09 2.13601e-09 3.02901e-09 4.38037e-09 6.31967e-09 8.99569e-09 1.26214e-08 1.7558e-08 2.44881e-08 3.47799e-08 5.11788e-08 7.87258e-08 1.24904e-07 2.01658e-07 3.48282e-07 7.47204e-07 1.86432e-06 4.1844e-06 8.10166e-06 1.25202e-05 1.55591e-05 1.62828e-05 1.47478e-05 1.18408e-05 8.22713e-06 5.34248e-06 3.26051e-06 1.97072e-06 1.19624e-06 7.39065e-07 4.68152e-07 3.06734e-07 2.09132e-07 1.48284e-07 1.08531e-07 8.10023e-08 6.08092e-08 4.53391e-08 3.32247e-08 2.37341e-08 1.64222e-08 1.09442e-08 6.96165e-09 4.08777e-09 1.91334e-09 1.91334e-09 
5.88975e-11 3.44031e-10 7.11722e-10 1.0588e-09 1.41163e-09 1.82466e-09 2.38833e-09 3.24609e-09 4.57169e-09 6.52592e-09 9.24308e-09 1.28564e-08 1.7558e-08 2.37263e-08 3.22263e-08 4.50594e-08 6.63672e-08 1.02697e-07 1.58743e-07 2.44983e-07 5.02372e-07 1.41439e-06 3.7893e-06 7.87256e-06 1.34237e-05 1.76697e-05 1.94165e-05 1.85776e-05 1.54986e-05 1.10803e-05 7.29375e-06 4.39648e-06 2.62375e-06 1.57952e-06 9.81872e-07 6.29934e-07 4.1889e-07 2.90134e-07 2.09132e-07 1.55691e-07 1.1818e-07 9.01418e-08 6.81743e-08 5.05725e-08 3.64936e-08 2.54616e-08 1.70961e-08 1.09884e-08 6.6578e-09 3.54978e-09 1.21906e-09 
2.1493e-10 6.87427e-10 1.16589e-09 1.64172e-09 2.15679e-09 2.77687e-09 3.62596e-09 4.90474e-09 6.84001e-09 9.60805e-09 1.33063e-08 1.79836e-08 2.37263e-08 3.08761e-08 4.05985e-08 5.5956e-08 8.23381e-08 1.23318e-07 1.66728e-07 3.11053e-07 1.12975e-06 3.27283e-06 8.00099e-06 1.41169e-05 2.00016e-05 2.32009e-05 2.35156e-05 1.98977e-05 1.48704e-05 1.01501e-05 5.9553e-06 3.55428e-06 2.0913e-06 1.28691e-06 8.30704e-07 5.60248e-07 3.94912e-07 2.90134e-07 2.20333e-07 1.70585e-07 1.32551e-07 1.01918e-07 7.66734e-08 5.59658e-08 3.9404e-08 2.66548e-08 1.7264e-08 1.06294e-08 6.02701e-09 2.72472e-09 2.72472e-09 
9.56581e-11 5.67107e-10 1.20308e-09 1.84689e-09 2.52858e-09 3.29341e-09 4.21968e-09 5.48135e-09 7.35726e-09 1.01299e-08 1.39518e-08 1.87934e-08 2.44881e-08 3.08761e-08 3.82299e-08 4.83485e-08 6.55383e-08 9.16244e-08 1.10068e-07 1.88398e-07 9.04166e-07 3.07173e-06 7.21158e-06 1.50968e-05 2.21265e-05 2.72603e-05 2.8488e-05 2.45176e-05 1.96958e-05 1.44593e-05 8.36733e-06 4.98013e-06 2.84251e-06 1.70258e-06 1.08457e-06 7.3543e-07 5.26727e-07 3.94912e-07 3.06734e-07 2.42985e-07 1.9294e-07 1.51236e-07 1.15643e-07 8.55297e-08 6.08394e-08 4.14807e-08 2.7049e-08 1.68123e-08 9.82366e-09 5.04662e-09 1.67778e-09 
3.44797e-10 1.12673e-09 1.97454e-09 2.88078e-09 3.88549e-09 5.02394e-09 6.39212e-09 8.23673e-09 1.09399e-08 1.48261e-08 1.99328e-08 2.59325e-08 3.22263e-08 3.82299e-08 4.42709e-08 5.33579e-08 6.78078e-08 6.59532e-08 1.36256e-07 8.57923e-07 2.62794e-06 6.805e-06 1.28705e-05 2.53703e-05 3.33251e-05 3.74921e-05 3.15543e-05 3.01067e-05 2.13075e-05 1.2185e-05 7.54737e-06 4.03286e-06 2.30534e-06 1.43448e-06 9.58263e-07 6.90435e-07 5.26727e-07 4.1889e-07 3.40541e-07 2.7728e-07 2.22295e-07 1.73245e-07 1.3011e-07 9.36471e-08 6.44117e-08 4.22867e-08 2.64639e-08 1.56981e-08 8.56302e-09 3.72669e-09 3.72669e-09 
1.49234e-10 9.00311e-10 1.96846e-09 3.14084e-09 4.46485e-09 5.9631e-09 7.64653e-09 9.63616e-09 1.22833e-08 1.61015e-08 2.14072e-08 2.79387e-08 3.47799e-08 4.05985e-08 4.42709e-08 4.67591e-08 5.19346e-08 5.0176e-08 1.66789e-07 7.51144e-07 2.56947e-06 5.2663e-06 1.44622e-05 2.56555e-05 3.33895e-05 3.8885e-05 3.82312e-05 3.80954e-05 3.20945e-05 2.20645e-05 1.21653e-05 6.09303e-06 3.25334e-06 1.91587e-06 1.26623e-06 9.00734e-07 6.90435e-07 5.60248e-07 4.68152e-07 3.92233e-07 3.22825e-07 2.5728e-07 1.96727e-07 1.43556e-07 9.97378e-08 6.59573e-08 4.15265e-08 2.48468e-08 1.39527e-08 6.88737e-09 2.21156e-09 
5.31159e-10 1.77769e-09 3.23434e-09 4.92443e-09 6.90134e-09 9.13568e-09 1.15942e-08 1.44314e-08 1.8151e-08 2.34257e-08 3.04406e-08 3.8299e-08 4.50594e-08 4.83485e-08 4.67591e-08 4.39712e-08 5.27625e-08 1.92375e-07 8.31179e-07 2.10436e-06 6.3128e-06 1.38161e-05 2.44328e-05 3.28973e-05 3.91063e-05 4.11864e-05 4.11813e-05 3.61306e-05 2.88468e-05 2.12822e-05 1.07662e-05 5.01278e-06 2.66315e-06 1.66436e-06 1.19628e-06 9.00734e-07 7.3543e-07 6.29934e-07 5.44327e-07 4.61773e-07 3.77819e-07 2.95097e-07 2.18866e-07 1.53863e-07 1.02595e-07 6.4985e-08 3.91209e-08 2.22845e-08 1.16679e-08 4.87912e-09 4.87912e-09 
2.24211e-10 1.37126e-09 3.09758e-09 5.15964e-09 7.67263e-09 1.06479e-08 1.39563e-08 1.7485e-08 2.14357e-08 2.65424e-08 3.36551e-08 4.25672e-08 5.11788e-08 5.5956e-08 5.33579e-08 4.39712e-08 5.72285e-08 2.08486e-07 8.2738e-07 2.76948e-06 6.08816e-06 1.26908e-05 2.10512e-05 2.96617e-05 3.61474e-05 3.95187e-05 4.06181e-05 3.82185e-05 3.28953e-05 2.62712e-05 1.74961e-05 8.73664e-06 4.00788e-06 2.29295e-06 1.57659e-06 1.19628e-06 9.58263e-07 8.30704e-07 7.39065e-07 6.48356e-07 5.46991e-07 4.38111e-07 3.31288e-07 2.36185e-07 1.59019e-07 1.01397e-07 6.13649e-08 3.52341e-08 1.89785e-08 8.99232e-09 2.78598e-09 
7.85244e-10 2.68831e-09 5.08872e-09 8.11913e-09 1.19187e-08 1.63916e-08 2.1231e-08 2.61833e-08 3.15317e-08 3.83775e-08 4.77297e-08 5.84727e-08 6.63672e-08 6.55383e-08 5.19346e-08 5.72285e-08 2.05467e-07 8.28913e-07 2.96411e-06 6.04389e-06 1.09003e-05 1.76528e-05 2.45804e-05 3.089e-05 3.49223e-05 3.70223e-05 3.68329e-05 3.40625e-05 2.90267e-05 2.22758e-05 1.39531e-05 7.15107e-06 3.41706e-06 2.2875e-06 1.57659e-06 1.26623e-06 1.08457e-06 9.81872e-07 8.90742e-07 7.78024e-07 6.41876e-07 4.96741e-07 3.60173e-07 2.45335e-07 1.5765e-07 9.59225e-08 5.5375e-08 3.02392e-08 1.51912e-08 6.10252e-09 6.10252e-09 
3.26158e-10 2.00019e-09 4.6666e-09 8.12817e-09 1.26975e-08 1.84736e-08 2.51531e-08 3.21151e-08 3.88722e-08 4.58868e-08 5.48722e-08 6.68447e-08 7.87258e-08 8.23381e-08 6.78078e-08 5.27625e-08 2.05467e-07 8.17749e-07 3.00991e-06 5.78156e-06 9.72816e-06 1.44877e-05 2.00499e-05 2.51812e-05 2.94115e-05 3.21799e-05 3.32812e-05 3.23748e-05 2.94339e-05 2.48064e-05 1.84104e-05 1.17835e-05 6.29833e-06 3.81935e-06 2.2875e-06 1.66436e-06 1.43448e-06 1.28691e-06 1.19624e-06 1.08359e-06 9.24852e-07 7.35759e-07 5.44505e-07 3.76193e-07 2.44011e-07 1.4937e-07 8.66269e-08 4.76547e-08 2.46218e-08 1.12086e-08 3.3518e-09 
1.11612e-09 3.88854e-09 7.65396e-09 1.28149e-08 1.97946e-08 2.85614e-08 3.84304e-08 4.82334e-08 5.71405e-08 6.60534e-08 7.76805e-08 9.23912e-08 1.02697e-07 9.16244e-08 5.0176e-08 2.08486e-07 8.17749e-07 2.9911e-06 5.47978e-06 8.65087e-06 1.23471e-05 1.63379e-05 2.04857e-05 2.42071e-05 2.72252e-05 2.90526e-05 2.93436e-05 2.80302e-05 2.53464e-05 2.10921e-05 1.6116e-05 1.07149e-05 6.82574e-06 3.81935e-06 2.29295e-06 1.91587e-06 1.70258e-06 1.57952e-06 1.47521e-06 1.30587e-06 1.07289e-06 8.13891e-07 5.7221e-07 3.75487e-07 2.31537e-07 1.34911e-07 7.4572e-08 3.90494e-08 1.88544e-08 7.28776e-09 7.28776e-09 
4.62651e-10 2.79605e-09 6.71654e-09 1.22217e-08 2.00831e-08 3.07848e-08 4.40126e-08 5.83874e-08 7.18281e-08 8.31094e-08 9.41687e-08 1.09016e-07 1.24904e-07 1.23318e-07 6.59532e-08 1.92375e-07 8.28913e-07 2.9911e-06 5.24731e-06 7.78391e-06 1.06734e-05 1.37857e-05 1.6906e-05 2.00331e-05 2.28181e-05 2.49463e-05 2.59896e-05 2.58001e-05 2.44947e-05 2.20125e-05 1.87395e-05 1.47311e-05 1.05546e-05 6.82574e-06 3.41706e-06 2.66315e-06 2.30534e-06 2.0913e-06 1.97072e-06 1.80246e-06 1.53456e-06 1.19889e-06 8.61195e-07 5.7342e-07 3.56861e-07 2.09072e-07 1.16019e-07 6.11779e-08 3.03872e-08 1.33299e-08 3.85396e-09 
1.53175e-09 5.3829e-09 1.09845e-08 1.92758e-08 3.1374e-08 4.77526e-08 6.7533e-08 8.80994e-08 1.05952e-07 1.19669e-07 1.33272e-07 1.51011e-07 1.58743e-07 1.10068e-07 1.66789e-07 8.2738e-07 3.00991e-06 5.24731e-06 7.228e-06 9.47527e-06 1.1936e-05 1.44151e-05 1.68906e-05 1.92951e-05 2.13635e-05 2.27813e-05 2.33196e-05 2.29792e-05 2.17521e-05 1.98369e-05 1.73008e-05 1.42105e-05 1.05546e-05 6.29833e-06 4.00788e-06 3.25334e-06 2.84251e-06 2.62375e-06 2.43609e-06 2.14613e-06 1.73374e-06 1.27841e-06 8.67009e-07 5.46022e-07 3.22107e-07 1.79467e-07 9.50438e-08 4.78493e-08 2.22907e-08 8.31681e-09 8.31681e-09 
6.43868e-10 3.75788e-09 9.24236e-09 1.75128e-08 3.023e-08 4.88962e-08 7.38341e-08 1.03068e-07 1.31868e-07 1.5477e-07 1.7095e-07 1.87323e-07 2.01658e-07 1.66728e-07 1.36256e-07 8.31179e-07 2.96411e-06 5.47978e-06 7.228e-06 8.80678e-06 1.06665e-05 1.26449e-05 1.46489e-05 1.66221e-05 1.8471e-05 1.99664e-05 2.09038e-05 2.12014e-05 2.08347e-05 1.99168e-05 1.85322e-05 1.66906e-05 1.42105e-05 1.07149e-05 7.15107e-06 5.01278e-06 4.03286e-06 3.55428e-06 3.26051e-06 2.9341e-06 2.45212e-06 1.86466e-06 1.29398e-06 8.27611e-07 4.92684e-07 2.75854e-07 1.46592e-07 7.43128e-08 3.56435e-08 1.51378e-08 4.24274e-09 
2.04121e-09 7.15431e-09 1.50594e-08 2.76018e-08 4.727e-08 7.6017e-08 1.13701e-07 1.5629e-07 1.95656e-07 2.24146e-07 2.43064e-07 2.59307e-07 2.44983e-07 1.88398e-07 7.51144e-07 2.76948e-06 5.78156e-06 7.78391e-06 8.80678e-06 9.98825e-06 1.14511e-05 1.3056e-05 1.46762e-05 1.62421e-05 1.76495e-05 1.87374e-05 1.94022e-05 1.95937e-05 1.93612e-05 1.88021e-05 1.79441e-05 1.66906e-05 1.47311e-05 1.17835e-05 8.73664e-06 6.09303e-06 4.98013e-06 4.39648e-06 3.95222e-06 3.38459e-06 2.66116e-06 1.89902e-06 1.23916e-06 7.46747e-07 4.20843e-07 2.24449e-07 1.14261e-07 5.55795e-08 2.51228e-08 9.08711e-09 9.08711e-09 
8.81272e-10 4.88104e-09 1.22034e-08 2.39582e-08 4.3284e-08 7.37602e-08 1.17836e-07 1.74231e-07 2.3525e-07 2.87802e-07 3.2289e-07 3.44856e-07 3.48282e-07 3.11053e-07 8.57923e-07 2.10436e-06 6.04389e-06 8.65087e-06 9.47527e-06 9.98825e-06 1.08292e-05 1.19946e-05 1.32891e-05 1.45884e-05 1.58258e-05 1.69069e-05 1.77355e-05 1.82524e-05 1.84656e-05 1.84503e-05 1.82839e-05 1.79441e-05 1.73008e-05 1.6116e-05 1.39531e-05 1.07662e-05 7.54737e-06 5.9553e-06 5.34248e-06 4.57351e-06 3.7032e-06 2.72816e-06 1.8262e-06 1.11867e-06 6.36183e-07 3.40872e-07 1.74119e-07 8.53206e-08 3.97685e-08 1.64482e-08 4.48282e-09 
2.65533e-09 9.17829e-09 1.98069e-08 3.77234e-08 6.77135e-08 1.14863e-07 1.82022e-07 2.65437e-07 3.51335e-07 4.20499e-07 4.65627e-07 4.91472e-07 5.02372e-07 9.04166e-07 2.56947e-06 6.08816e-06 9.72816e-06 1.06734e-05 1.06665e-05 1.08292e-05 1.14513e-05 1.23728e-05 1.34024e-05 1.44461e-05 1.54314e-05 1.62863e-05 1.69569e-05 1.74312e-05 1.77561e-05 1.80207e-05 1.82839e-05 1.85322e-05 1.87395e-05 1.84104e-05 1.74961e-05 1.21653e-05 8.36733e-06 7.29375e-06 6.12732e-06 5.02508e-06 3.81869e-06 2.63722e-06 1.65077e-06 9.50716e-07 5.12766e-07 2.62902e-07 1.29431e-07 6.1252e-08 2.70492e-08 9.53029e-09 9.53029e-09 
1.18401e-09 6.16299e-09 1.55514e-08 3.14492e-08 5.91533e-08 1.05776e-07 1.78471e-07 2.80002e-07 4.01772e-07 5.20954e-07 6.13518e-07 6.81877e-07 7.47204e-07 1.12975e-06 2.62794e-06 6.3128e-06 1.09003e-05 1.23471e-05 1.1936e-05 1.14511e-05 1.14513e-05 1.19098e-05 1.26224e-05 1.34469e-05 1.42923e-05 1.50901e-05 1.57949e-05 1.6391e-05 1.69061e-05 1.74167e-05 1.80207e-05 1.88021e-05 1.98369e-05 2.10921e-05 2.22758e-05 2.12822e-05 1.2185e-05 1.01501e-05 8.22713e-06 6.70483e-06 5.19177e-06 3.7128e-06 2.3892e-06 1.40009e-06 7.62416e-07 3.92894e-07 1.94214e-07 9.26865e-08 4.23004e-08 1.71466e-08 4.55765e-09 
3.38287e-09 1.14363e-08 2.51538e-08 4.94942e-08 9.26148e-08 1.65035e-07 2.76592e-07 4.28683e-07 6.04145e-07 7.694e-07 9.05332e-07 1.05722e-06 1.41439e-06 3.07173e-06 5.2663e-06 1.26908e-05 1.44877e-05 1.37857e-05 1.26449e-05 1.19946e-05 1.19098e-05 1.22313e-05 1.27894e-05 1.34576e-05 1.41492e-05 1.48127e-05 1.54312e-05 1.60237e-05 1.66517e-05 1.74167e-05 1.84503e-05 1.99168e-05 2.20125e-05 2.48064e-05 2.62712e-05 2.20645e-05 1.44593e-05 1.10803e-05 8.91487e-06 6.87264e-06 5.07141e-06 3.37381e-06 2.02343e-06 1.11723e-06 5.80102e-07 2.88119e-07 1.38317e-07 6.4205e-08 2.79035e-08 9.62022e-09 9.62022e-09 
1.55469e-09 7.60137e-09 1.92529e-08 3.98902e-08 7.76626e-08 1.44924e-07 2.57182e-07 4.27384e-07 6.52923e-07 9.03641e-07 1.14159e-06 1.38994e-06 1.86432e-06 3.27283e-06 6.805e-06 1.38161e-05 1.76528e-05 1.63379e-05 1.44151e-05 1.3056e-05 1.23728e-05 1.22313e-05 1.24609e-05 1.29063e-05 1.34518e-05 1.40268e-05 1.46032e-05 1.51917e-05 1.58437e-05 1.66517e-05 1.77561e-05 1.93612e-05 2.17521e-05 2.53464e-05 2.90267e-05 2.88468e-05 2.13075e-05 1.48704e-05 1.18408e-05 8.95032e-06 6.70832e-06 4.62183e-06 2.85462e-06 1.60716e-06 8.43986e-07 4.21982e-07 2.03727e-07 9.55336e-08 4.30325e-08 1.72012e-08 4.46918e-09 
4.2229e-09 1.39132e-08 3.10536e-08 6.27993e-08 1.21788e-07 2.2672e-07 4.00201e-07 6.5806e-07 9.89308e-07 1.35012e-06 1.73376e-06 2.31025e-06 3.7893e-06 7.21158e-06 1.44622e-05 2.10512e-05 2.00499e-05 1.6906e-05 1.46489e-05 1.32891e-05 1.26224e-05 1.24609e-05 1.26309e-05 1.29889e-05 1.3438e-05 1.39309e-05 1.44631e-05 1.50731e-05 1.58437e-05 1.69061e-05 1.84656e-05 2.08347e-05 2.44947e-05 2.94339e-05 3.28953e-05 3.20945e-05 1.96958e-05 1.54986e-05 1.15745e-05 8.63163e-06 6.11427e-06 3.90662e-06 2.25784e-06 1.20553e-06 6.08761e-07 2.95941e-07 1.39884e-07 6.4241e-08 2.76722e-08 9.37092e-09 9.37092e-09 
1.98664e-09 9.18243e-09 2.32777e-08 4.92167e-08 9.86645e-08 1.9101e-07 3.5454e-07 6.21448e-07 1.0088e-06 1.49255e-06 2.03483e-06 2.7689e-06 4.1844e-06 8.00099e-06 1.28705e-05 2.44328e-05 2.45804e-05 2.04857e-05 1.68906e-05 1.46762e-05 1.34024e-05 1.27894e-05 1.26309e-05 1.27574e-05 1.30452e-05 1.34229e-05 1.38655e-05 1.4393e-05 1.50731e-05 1.60237e-05 1.74312e-05 1.95937e-05 2.29792e-05 2.80302e-05 3.40625e-05 3.61306e-05 3.01067e-05 1.98977e-05 1.47478e-05 1.09074e-05 7.80758e-06 5.15276e-06 3.07772e-06 1.68228e-06 8.62179e-07 4.23201e-07 2.01694e-07 9.37999e-08 4.20266e-08 1.66561e-08 4.23451e-09 
5.15756e-09 1.65748e-08 3.74474e-08 7.75178e-08 1.54969e-07 2.99578e-07 5.53745e-07 9.61564e-07 1.53755e-06 2.24851e-06 3.14413e-06 4.68422e-06 7.87256e-06 1.50968e-05 2.56555e-05 2.96617e-05 2.51812e-05 2.00331e-05 1.66221e-05 1.45884e-05 1.34469e-05 1.29063e-05 1.27574e-05 1.28484e-05 1.30824e-05 1.3411e-05 1.38323e-05 1.4393e-05 1.51917e-05 1.6391e-05 1.82524e-05 2.12014e-05 2.58001e-05 3.23748e-05 3.82185e-05 3.80954e-05 2.45176e-05 1.85776e-05 1.35021e-05 9.68367e-06 6.52104e-06 4.04051e-06 2.27898e-06 1.19339e-06 5.94057e-07 2.86061e-07 1.34481e-07 6.16131e-08 2.64739e-08 8.82811e-09 8.82811e-09 
2.46338e-09 1.08661e-08 2.75519e-08 5.92878e-08 1.21846e-07 2.43334e-07 4.69364e-07 8.62102e-07 1.47825e-06 2.32543e-06 3.40386e-06 5.03343e-06 8.10166e-06 1.41169e-05 2.53703e-05 3.28973e-05 3.089e-05 2.42071e-05 1.92951e-05 1.62421e-05 1.44461e-05 1.34576e-05 1.29889e-05 1.28484e-05 1.29114e-05 1.31053e-05 1.34045e-05 1.38323e-05 1.44631e-05 1.54312e-05 1.69569e-05 1.94022e-05 2.33196e-05 2.93436e-05 3.68329e-05 4.11813e-05 3.15543e-05 2.35156e-05 1.62828e-05 1.1707e-05 7.92823e-06 5.07237e-06 2.97415e-06 1.60482e-06 8.15287e-07 3.98173e-07 1.89415e-07 8.81468e-08 3.95598e-08 1.56123e-08 3.88152e-09 
6.14869e-09 1.93387e-08 4.41665e-08 9.32764e-08 1.91263e-07 3.81494e-07 7.32833e-07 1.33274e-06 2.24724e-06 3.48485e-06 5.2187e-06 8.13817e-06 1.34237e-05 2.21265e-05 3.33895e-05 3.61474e-05 2.94115e-05 2.28181e-05 1.8471e-05 1.58258e-05 1.42923e-05 1.34518e-05 1.30452e-05 1.29114e-05 1.29515e-05 1.31161e-05 1.34045e-05 1.38655e-05 1.46032e-05 1.57949e-05 1.77355e-05 2.09038e-05 2.59896e-05 3.32812e-05 4.06181e-05 3.82312e-05 2.8488e-05 1.94165e-05 1.3682e-05 9.31751e-06 6.06552e-06 3.70787e-06 2.08119e-06 1.08811e-06 5.42064e-07 2.61729e-07 1.23561e-07 5.69019e-08 2.45181e-08 8.05852e-09 8.05852e-09 
2.95985e-09 1.25769e-08 3.19034e-08 6.97052e-08 1.46232e-07 2.99435e-07 5.95542e-07 1.13522e-06 2.03305e-06 3.35699e-06 5.17672e-06 8.01208e-06 1.25202e-05 2.00016e-05 3.33251e-05 3.91063e-05 3.49223e-05 2.72252e-05 2.13635e-05 1.76495e-05 1.54314e-05 1.41492e-05 1.3438e-05 1.30824e-05 1.29515e-05 1.29709e-05 1.31161e-05 1.3411e-05 1.39309e-05 1.48127e-05 1.62863e-05 1.87374e-05 2.27813e-05 2.90526e-05 3.70223e-05 4.11864e-05 3.74921e-05 2.32009e-05 1.55591e-05 1.0618e-05 6.91914e-06 4.38422e-06 2.5807e-06 1.40271e-06 7.18412e-07 3.53837e-07 1.69775e-07 7.96952e-08 3.60382e-08 1.42042e-08 3.44443e-09 
7.13933e-09 2.20566e-08 5.08447e-08 1.0915e-07 2.28277e-07 4.66202e-07 9.21377e-07 1.73265e-06 3.03383e-06 4.89697e-06 7.57966e-06 1.16771e-05 1.76697e-05 2.72603e-05 3.8885e-05 3.95187e-05 3.21799e-05 2.49463e-05 1.99664e-05 1.69069e-05 1.50901e-05 1.40268e-05 1.34229e-05 1.31053e-05 1.29709e-05 1.29709e-05 1.31053e-05 1.34229e-05 1.40268e-05 1.50901e-05 1.69069e-05 1.99664e-05 2.49463e-05 3.21799e-05 3.95187e-05 3.8885e-05 2.72603e-05 1.76697e-05 1.16771e-05 7.57966e-06 4.89697e-06 3.03383e-06 1.73265e-06 9.21377e-07 4.66202e-07 2.28277e-07 1.0915e-07 5.08447e-08 2.20566e-08 7.13933e-09 7.13933e-09 
3.44443e-09 1.42042e-08 3.60382e-08 7.96952e-08 1.69775e-07 3.53837e-07 7.18412e-07 1.40271e-06 2.5807e-06 4.38422e-06 6.91914e-06 1.0618e-05 1.55591e-05 2.32009e-05 3.74921e-05 4.11864e-05 3.70223e-05 2.90526e-05 2.27813e-05 1.87374e-05 1.62863e-05 1.48127e-05 1.39309e-05 1.3411e-05 1.31161e-05 1.29709e-05 1.29515e-05 1.30824e-05 1.3438e-05 1.41492e-05 1.54314e-05 1.76495e-05 2.13635e-05 2.72252e-05 3.49223e-05 3.91063e-05 3.33251e-05 2.00016e-05 1.25202e-05 8.01208e-06 5.17672e-06 3.35699e-06 2.03305e-06 1.13522e-06 5.95542e-07 2.99435e-07 1.46232e-07 6.97052e-08 3.19034e-08 1.25769e-08 2.95985e-09 
8.05852e-09 2.45181e-08 5.69019e-08 1.23561e-07 2.61729e-07 5.42064e-07 1.08811e-06 2.08119e-06 3.70787e-06 6.06552e-06 9.31751e-06 1.3682e-05 1.94165e-05 2.8488e-05 3.82312e-05 4.06181e-05 3.32812e-05 2.59896e-05 2.09038e-05 1.77355e-05 1.57949e-05 1.46032e-05 1.38655e-05 1.34045e-05 1.31161e-05 1.29515e-05 1.29114e-05 1.30452e-05 1.34518e-05 1.42923e-05 1.58258e-05 1.8471e-05 2.28181e-05 2.94115e-05 3.61474e-05 3.33895e-05 2.21265e-05 1.34237e-05 8.13817e-06 5.2187e-06 3.48485e-06 2.24724e-06 1.33274e-06 7.32833e-07 3.81494e-07 1.91263e-07 9.32764e-08 4.41665e-08 1.93387e-08 6.14869e-09 6.14869e-09 
3.88152e-09 1.56123e-08 3.95598e-08 8.81468e-08 1.89415e-07 3.98173e-07 8.15287e-07 1.60482e-06 2.97415e-06 5.07237e-06 7.92823e-06 1.1707e-05 1.62828e-05 2.35156e-05 3.15543e-05 4.11813e-05 3.68329e-05 2.93436e-05 2.33196e-05 1.94022e-05 1.69569e-05 1.54312e-05 1.44631e-05 1.38323e-05 1.34045e-05 1.31053e-05 1.29114e-05 1.28484e-05 1.29889e-05 1.34576e-05 1.44461e-05 1.62421e-05 1.92951e-05 2.42071e-05 3.089e-05 3.28973e-05 2.53703e-05 1.41169e-05 8.10166e-06 5.03343e-06 3.40386e-06 2.32543e-06 1.47825e-06 8.62102e-07 4.69364e-07 2.43334e-07 1.21846e-07 5.92878e-08 2.75519e-08 1.08661e-08 2.46338e-09 
8.82811e-09 2.64739e-08 6.16131e-08 1.34481e-07 2.86061e-07 5.94057e-07 1.19339e-06 2.27898e-06 4.04051e-06 6.52104e-06 9.68367e-06 1.35021e-05 1.85776e-05 2.45176e-05 3.80954e-05 3.82185e-05 3.23748e-05 2.58001e-05 2.12014e-05 1.82524e-05 1.6391e-05 1.51917e-05 1.4393e-05 1.38323e-05 1.3411e-05 1.30824e-05 1.28484e-05 1.27574e-05 1.29063e-05 1.34469e-05 1.45884e-05 1.66221e-05 2.00331e-05 2.51812e-05 2.96617e-05 2.56555e-05 1.50968e-05 7.87256e-06 4.68422e-06 3.14413e-06 2.24851e-06 1.53755e-06 9.61564e-07 5.53745e-07 2.99578e-07 1.54969e-07 7.75178e-08 3.74474e-08 1.65748e-08 5.15756e-09 5.15756e-09 
4.23451e-09 1.66561e-08 4.20266e-08 9.37999e-08 2.01694e-07 4.23201e-07 8.62179e-07 1.68228e-06 3.07772e-06 5.15276e-06 7.80758e-06 1.09074e-05 1.47478e-05 1.98977e-05 3.01067e-05 3.61306e-05 3.40625e-05 2.80302e-05 2.29792e-05 1.95937e-05 1.74312e-05 1.60237e-05 1.50731e-05 1.4393e-05 1.38655e-05 1.34229e-05 1.30452e-05 1.27574e-05 1.26309e-05 1.27894e-05 1.34024e-05 1.46762e-05 1.68906e-05 2.04857e-05 2.45804e-05 2.44328e-05 1.28705e-05 8.00099e-06 4.1844e-06 2.7689e-06 2.03483e-06 1.49255e-06 1.0088e-06 6.21448e-07 3.5454e-07 1.9101e-07 9.86645e-08 4.92167e-08 2.32777e-08 9.18243e-09 1.98664e-09 
9.37092e-09 2.76722e-08 6.4241e-08 1.39884e-07 2.95941e-07 6.08761e-07 1.20553e-06 2.25784e-06 3.90662e-06 6.11427e-06 8.63163e-06 1.15745e-05 1.54986e-05 1.96958e-05 3.20945e-05 3.28953e-05 2.94339e-05 2.44947e-05 2.08347e-05 1.84656e-05 1.69061e-05 1.58437e-05 1.50731e-05 1.44631e-05 1.39309e-05 1.3438e-05 1.29889e-05 1.26309e-05 1.24609e-05 1.26224e-05 1.32891e-05 1.46489e-05 1.6906e-05 2.00499e-05 2.10512e-05 1.44622e-05 7.21158e-06 3.7893e-06 2.31025e-06 1.73376e-06 1.35012e-06 9.89308e-07 6.5806e-07 4.00201e-07 2.2672e-07 1.21788e-07 6.27993e-08 3.10536e-08 1.39132e-08 4.2229e-09 4.2229e-09 
4.46918e-09 1.72012e-08 4.30325e-08 9.55336e-08 2.03727e-07 4.21982e-07 8.43986e-07 1.60716e-06 2.85462e-06 4.62183e-06 6.70832e-06 8.95032e-06 1.18408e-05 1.48704e-05 2.13075e-05 2.88468e-05 2.90267e-05 2.53464e-05 2.17521e-05 1.93612e-05 1.77561e-05 1.66517e-05 1.58437e-05 1.51917e-05 1.46032e-05 1.40268e-05 1.34518e-05 1.29063e-05 1.24609e-05 1.22313e-05 1.23728e-05 1.3056e-05 1.44151e-05 1.63379e-05 1.76528e-05 1.38161e-05 6.805e-06 3.27283e-06 1.86432e-06 1.38994e-06 1.14159e-06 9.03641e-07 6.52923e-07 4.27384e-07 2.57182e-07 1.44924e-07 7.76626e-08 3.98902e-08 1.92529e-08 7.60137e-09 1.55469e-09 
9.62022e-09 2.79035e-08 6.4205e-08 1.38317e-07 2.88119e-07 5.80102e-07 1.11723e-06 2.02343e-06 3.37381e-06 5.07141e-06 6.87264e-06 8.91487e-06 1.10803e-05 1.44593e-05 2.20645e-05 2.62712e-05 2.48064e-05 2.20125e-05 1.99168e-05 1.84503e-05 1.74167e-05 1.66517e-05 1.60237e-05 1.54312e-05 1.48127e-05 1.41492e-05 1.34576e-05 1.27894e-05 1.22313e-05 1.19098e-05 1.19946e-05 1.26449e-05 1.37857e-05 1.44877e-05 1.26908e-05 5.2663e-06 3.07173e-06 1.41439e-06 1.05722e-06 9.05332e-07 7.694e-07 6.04145e-07 4.28683e-07 2.76592e-07 1.65035e-07 9.26148e-08 4.94942e-08 2.51538e-08 1.14363e-08 3.38287e-09 3.38287e-09 
4.55765e-09 1.71466e-08 4.23004e-08 9.26865e-08 1.94214e-07 3.92894e-07 7.62416e-07 1.40009e-06 2.3892e-06 3.7128e-06 5.19177e-06 6.70483e-06 8.22713e-06 1.01501e-05 1.2185e-05 2.12822e-05 2.22758e-05 2.10921e-05 1.98369e-05 1.88021e-05 1.80207e-05 1.74167e-05 1.69061e-05 1.6391e-05 1.57949e-05 1.50901e-05 1.42923e-05 1.34469e-05 1.26224e-05 1.19098e-05 1.14513e-05 1.14511e-05 1.1936e-05 1.23471e-05 1.09003e-05 6.3128e-06 2.62794e-06 1.12975e-06 7.47204e-07 6.81877e-07 6.13518e-07 5.20954e-07 4.01772e-07 2.80002e-07 1.78471e-07 1.05776e-07 5.91533e-08 3.14492e-08 1.55514e-08 6.16299e-09 1.18401e-09 
9.53029e-09 2.70492e-08 6.1252e-08 1.29431e-07 2.62902e-07 5.12766e-07 9.50716e-07 1.65077e-06 2.63722e-06 3.81869e-06 5.02508e-06 6.12732e-06 7.29375e-06 8.36733e-06 1.21653e-05 1.74961e-05 1.84104e-05 1.87395e-05 1.85322e-05 1.82839e-05 1.80207e-05 1.77561e-05 1.74312e-05 1.69569e-05 1.62863e-05 1.54314e-05 1.44461e-05 1.34024e-05 1.23728e-05 1.14513e-05 1.08292e-05 1.06665e-05 1.06734e-05 9.72816e-06 6.08816e-06 2.56947e-06 9.04166e-07 5.02372e-07 4.91472e-07 4.65627e-07 4.20499e-07 3.51335e-07 2.65437e-07 1.82022e-07 1.14863e-07 6.77135e-08 3.77234e-08 1.98069e-08 9.17829e-09 2.65533e-09 2.65533e-09 
4.48282e-09 1.64482e-08 3.97685e-08 8.53206e-08 1.74119e-07 3.40872e-07 6.36183e-07 1.11867e-06 1.8262e-06 2.72816e-06 3.7032e-06 4.57351e-06 5.34248e-06 5.9553e-06 7.54737e-06 1.07662e-05 1.39531e-05 1.6116e-05 1.73008e-05 1.79441e-05 1.82839e-05 1.84503e-05 1.84656e-05 1.82524e-05 1.77355e-05 1.69069e-05 1.58258e-05 1.45884e-05 1.32891e-05 1.19946e-05 1.08292e-05 9.98825e-06 9.47527e-06 8.65087e-06 6.04389e-06 2.10436e-06 8.57923e-07 3.11053e-07 3.48282e-07 3.44856e-07 3.2289e-07 2.87802e-07 2.3525e-07 1.74231e-07 1.17836e-07 7.37602e-08 4.3284e-08 2.39582e-08 1.22034e-08 4.88104e-09 8.81272e-10 
9.08711e-09 2.51228e-08 5.55795e-08 1.14261e-07 2.24449e-07 4.20843e-07 7.46747e-07 1.23916e-06 1.89902e-06 2.66116e-06 3.38459e-06 3.95222e-06 4.39648e-06 4.98013e-06 6.09303e-06 8.73664e-06 1.17835e-05 1.47311e-05 1.66906e-05 1.79441e-05 1.88021e-05 1.93612e-05 1.95937e-05 1.94022e-05 1.87374e-05 1.76495e-05 1.62421e-05 1.46762e-05 1.3056e-05 1.14511e-05 9.98825e-06 8.80678e-06 7.78391e-06 5.78156e-06 2.76948e-06 7.51144e-07 1.88398e-07 2.44983e-07 2.59307e-07 2.43064e-07 2.24146e-07 1.95656e-07 1.5629e-07 1.13701e-07 7.6017e-08 4.727e-08 2.76018e-08 1.50594e-08 7.15431e-09 2.04121e-09 2.04121e-09 
4.24274e-09 1.51378e-08 3.56435e-08 7.43128e-08 1.46592e-07 2.75854e-07 4.92684e-07 8.27611e-07 1.29398e-06 1.86466e-06 2.45212e-06 2.9341e-06 3.26051e-06 3.55428e-06 4.03286e-06 5.01278e-06 7.15107e-06 1.07149e-05 1.42105e-05 1.66906e-05 1.85322e-05 1.99168e-05 2.08347e-05 2.12014e-05 2.09038e-05 1.99664e-05 1.8471e-05 1.66221e-05 1.46489e-05 1.26449e-05 1.06665e-05 8.80678e-06 7.228e-06 5.47978e-06 2.96411e-06 8.31179e-07 1.36256e-07 1.66728e-07 2.01658e-07 1.87323e-07 1.7095e-07 1.5477e-07 1.31868e-07 1.03068e-07 7.38341e-08 4.88962e-08 3.023e-08 1.75128e-08 9.24236e-09 3.75788e-09 6.43868e-10 
8.31681e-09 2.22907e-08 4.78493e-08 9.50438e-08 1.79467e-07 3.22107e-07 5.46022e-07 8.67009e-07 1.27841e-06 1.73374e-06 2.14613e-06 2.43609e-06 2.62375e-06 2.84251e-06 3.25334e-06 4.00788e-06 6.29833e-06 1.05546e-05 1.42105e-05 1.73008e-05 1.98369e-05 2.17521e-05 2.29792e-05 2.33196e-05 2.27813e-05 2.13635e-05 1.92951e-05 1.68906e-05 1.44151e-05 1.1936e-05 9.47527e-06 7.228e-06 5.24731e-06 3.00991e-06 8.2738e-07 1.66789e-07 1.10068e-07 1.58743e-07 1.51011e-07 1.33272e-07 1.19669e-07 1.05952e-07 8.80994e-08 6.7533e-08 4.77526e-08 3.1374e-08 1.92758e-08 1.09845e-08 5.3829e-09 1.53175e-09 1.53175e-09 
3.85396e-09 1.33299e-08 3.03872e-08 6.11779e-08 1.16019e-07 2.09072e-07 3.56861e-07 5.7342e-07 8.61195e-07 1.19889e-06 1.53456e-06 1.80246e-06 1.97072e-06 2.0913e-06 2.30534e-06 2.66315e-06 3.41706e-06 6.82574e-06 1.05546e-05 1.47311e-05 1.87395e-05 2.20125e-05 2.44947e-05 2.58001e-05 2.59896e-05 2.49463e-05 2.28181e-05 2.00331e-05 1.6906e-05 1.37857e-05 1.06734e-05 7.78391e-06 5.24731e-06 2.9911e-06 8.28913e-07 1.92375e-07 6.59532e-08 1.23318e-07 1.24904e-07 1.09016e-07 9.41687e-08 8.31094e-08 7.18281e-08 5.83874e-08 4.40126e-08 3.07848e-08 2.00831e-08 1.22217e-08 6.71654e-09 2.79605e-09 4.62651e-10 
7.28776e-09 1.88544e-08 3.90494e-08 7.4572e-08 1.34911e-07 2.31537e-07 3.75487e-07 5.7221e-07 8.13891e-07 1.07289e-06 1.30587e-06 1.47521e-06 1.57952e-06 1.70258e-06 1.91587e-06 2.29295e-06 3.81935e-06 6.82574e-06 1.07149e-05 1.6116e-05 2.10921e-05 2.53464e-05 2.80302e-05 2.93436e-05 2.90526e-05 2.72252e-05 2.42071e-05 2.04857e-05 1.63379e-05 1.23471e-05 8.65087e-06 5.47978e-06 2.9911e-06 8.17749e-07 2.08486e-07 5.0176e-08 9.16244e-08 1.02697e-07 9.23912e-08 7.76805e-08 6.60534e-08 5.71405e-08 4.82334e-08 3.84304e-08 2.85614e-08 1.97946e-08 1.28149e-08 7.65396e-09 3.88854e-09 1.11612e-09 1.11612e-09 
3.3518e-09 1.12086e-08 2.46218e-08 4.76547e-08 8.66269e-08 1.4937e-07 2.44011e-07 3.76193e-07 5.44505e-07 7.35759e-07 9.24852e-07 1.08359e-06 1.19624e-06 1.28691e-06 1.43448e-06 1.66436e-06 2.2875e-06 3.81935e-06 6.29833e-06 1.17835e-05 1.84104e-05 2.48064e-05 2.94339e-05 3.23748e-05 3.32812e-05 3.21799e-05 2.94115e-05 2.51812e-05 2.00499e-05 1.44877e-05 9.72816e-06 5.78156e-06 3.00991e-06 8.17749e-07 2.05467e-07 5.27625e-08 6.78078e-08 8.23381e-08 7.87258e-08 6.68447e-08 5.48722e-08 4.58868e-08 3.88722e-08 3.21151e-08 2.51531e-08 1.84736e-08 1.26975e-08 8.12817e-09 4.6666e-09 2.00019e-09 3.26158e-10 
6.10252e-09 1.51912e-08 3.02392e-08 5.5375e-08 9.59225e-08 1.5765e-07 2.45335e-07 3.60173e-07 4.96741e-07 6.41876e-07 7.78024e-07 8.90742e-07 9.81872e-07 1.08457e-06 1.26623e-06 1.57659e-06 2.2875e-06 3.41706e-06 7.15107e-06 1.39531e-05 2.22758e-05 2.90267e-05 3.40625e-05 3.68329e-05 3.70223e-05 3.49223e-05 3.089e-05 2.45804e-05 1.76528e-05 1.09003e-05 6.04389e-06 2.96411e-06 8.28913e-07 2.05467e-07 5.72285e-08 5.19346e-08 6.55383e-08 6.63672e-08 5.84727e-08 4.77297e-08 3.83775e-08 3.15317e-08 2.61833e-08 2.1231e-08 1.63916e-08 1.19187e-08 8.11913e-09 5.08872e-09 2.68831e-09 7.85244e-10 7.85244e-10 
2.78598e-09 8.99232e-09 1.89785e-08 3.52341e-08 6.13649e-08 1.01397e-07 1.59019e-07 2.36185e-07 3.31288e-07 4.38111e-07 5.46991e-07 6.48356e-07 7.39065e-07 8.30704e-07 9.58263e-07 1.19628e-06 1.57659e-06 2.29295e-06 4.00788e-06 8.73664e-06 1.74961e-05 2.62712e-05 3.28953e-05 3.82185e-05 4.06181e-05 3.95187e-05 3.61474e-05 2.96617e-05 2.10512e-05 1.26908e-05 6.08816e-06 2.76948e-06 8.2738e-07 2.08486e-07 5.72285e-08 4.39712e-08 5.33579e-08 5.5956e-08 5.11788e-08 4.25672e-08 3.36551e-08 2.65424e-08 2.14357e-08 1.7485e-08 1.39563e-08 1.06479e-08 7.67263e-09 5.15964e-09 3.09758e-09 1.37126e-09 2.24211e-10 
4.87912e-09 1.16679e-08 2.22845e-08 3.91209e-08 6.4985e-08 1.02595e-07 1.53863e-07 2.18866e-07 2.95097e-07 3.77819e-07 4.61773e-07 5.44327e-07 6.29934e-07 7.3543e-07 9.00734e-07 1.19628e-06 1.66436e-06 2.66315e-06 5.01278e-06 1.07662e-05 2.12822e-05 2.88468e-05 3.61306e-05 4.11813e-05 4.11864e-05 3.91063e-05 3.28973e-05 2.44328e-05 1.38161e-05 6.3128e-06 2.10436e-06 8.31179e-07 1.92375e-07 5.27625e-08 4.39712e-08 4.67591e-08 4.83485e-08 4.50594e-08 3.8299e-08 3.04406e-08 2.34257e-08 1.8151e-08 1.44314e-08 1.15942e-08 9.13568e-09 6.90134e-09 4.92443e-09 3.23434e-09 1.77769e-09 5.31159e-10 5.31159e-10 
2.21156e-09 6.88737e-09 1.39527e-08 2.48468e-08 4.15265e-08 6.59573e-08 9.97378e-08 1.43556e-07 1.96727e-07 2.5728e-07 3.22825e-07 3.92233e-07 4.68152e-07 5.60248e-07 6.90435e-07 9.00734e-07 1.26623e-06 1.91587e-06 3.25334e-06 6.09303e-06 1.21653e-05 2.20645e-05 3.20945e-05 3.80954e-05 3.82312e-05 3.8885e-05 3.33895e-05 2.56555e-05 1.44622e-05 5.2663e-06 2.56947e-06 7.51144e-07 1.66789e-07 5.0176e-08 5.19346e-08 4.67591e-08 4.42709e-08 4.05985e-08 3.47799e-08 2.79387e-08 2.14072e-08 1.61015e-08 1.22833e-08 9.63616e-09 7.64653e-09 5.9631e-09 4.46485e-09 3.14084e-09 1.96846e-09 9.00311e-10 1.49234e-10 
3.72669e-09 8.56302e-09 1.56981e-08 2.64639e-08 4.22867e-08 6.44117e-08 9.36471e-08 1.3011e-07 1.73245e-07 2.22295e-07 2.7728e-07 3.40541e-07 4.1889e-07 5.26727e-07 6.90435e-07 9.58263e-07 1.43448e-06 2.30534e-06 4.03286e-06 7.54737e-06 1.2185e-05 2.13075e-05 3.01067e-05 3.15543e-05 3.74921e-05 3.33251e-05 2.53703e-05 1.28705e-05 6.805e-06 2.62794e-06 8.57923e-07 1.36256e-07 6.59532e-08 6.78078e-08 5.33579e-08 4.42709e-08 3.82299e-08 3.22263e-08 2.59325e-08 1.99328e-08 1.48261e-08 1.09399e-08 8.23673e-09 6.39212e-09 5.02394e-09 3.88549e-09 2.88078e-09 1.97454e-09 1.12673e-09 3.44797e-10 3.44797e-10 
1.67778e-09 5.04662e-09 9.82366e-09 1.68123e-08 2.7049e-08 4.14807e-08 6.08394e-08 8.55297e-08 1.15643e-07 1.51236e-07 1.9294e-07 2.42985e-07 3.06734e-07 3.94912e-07 5.26727e-07 7.3543e-07 1.08457e-06 1.70258e-06 2.84251e-06 4.98013e-06 8.36733e-06 1.44593e-05 1.96958e-05 2.45176e-05 2.8488e-05 2.72603e-05 2.21265e-05 1.50968e-05 7.21158e-06 3.07173e-06 9.04166e-07 1.88398e-07 1.10068e-07 9.16244e-08 6.55383e-08 4.83485e-08 3.82299e-08 3.08761e-08 2.44881e-08 1.87934e-08 1.39518e-08 1.01299e-08 7.35726e-09 5.48135e-09 4.21968e-09 3.29341e-09 2.52858e-09 1.84689e-09 1.20308e-09 5.67107e-10 9.56581e-11 
2.72472e-09 6.02701e-09 1.06294e-08 1.7264e-08 2.66548e-08 3.9404e-08 5.59658e-08 7.66734e-08 1.01918e-07 1.32551e-07 1.70585e-07 2.20333e-07 2.90134e-07 3.94912e-07 5.60248e-07 8.30704e-07 1.28691e-06 2.0913e-06 3.55428e-06 5.9553e-06 1.01501e-05 1.48704e-05 1.98977e-05 2.35156e-05 2.32009e-05 2.00016e-05 1.41169e-05 8.00099e-06 3.27283e-06 1.12975e-06 3.11053e-07 1.66728e-07 1.23318e-07 8.23381e-08 5.5956e-08 4.05985e-08 3.08761e-08 2.37263e-08 1.79836e-08 1.33063e-08 9.60805e-09 6.84001e-09 4.90474e-09 3.62596e-09 2.77687e-09 2.15679e-09 1.64172e-09 1.16589e-09 6.87427e-10 2.1493e-10 2.1493e-10 
1.21906e-09 3.54978e-09 6.6578e-09 1.09884e-08 1.70961e-08 2.54616e-08 3.64936e-08 5.05725e-08 6.81743e-08 9.01418e-08 1.1818e-07 1.55691e-07 2.09132e-07 2.90134e-07 4.1889e-07 6.29934e-07 9.81872e-07 1.57952e-06 2.62375e-06 4.39648e-06 7.29375e-06 1.10803e-05 1.54986e-05 1.85776e-05 1.94165e-05 1.76697e-05 1.34237e-05 7.87256e-06 3.7893e-06 1.41439e-06 5.02372e-07 2.44983e-07 1.58743e-07 1.02697e-07 6.63672e-08 4.50594e-08 3.22263e-08 2.37263e-08 1.7558e-08 1.28564e-08 9.24308e-09 6.52592e-09 4.57169e-09 3.24609e-09 2.38833e-09 1.82466e-09 1.41163e-09 1.0588e-09 7.11722e-10 3.44031e-10 5.88975e-11 
1.91334e-09 4.08777e-09 6.96165e-09 1.09442e-08 1.64222e-08 2.37341e-08 3.32247e-08 4.53391e-08 6.08092e-08 8.10023e-08 1.08531e-07 1.48284e-07 2.09132e-07 3.06734e-07 4.68152e-07 7.39065e-07 1.19624e-06 1.97072e-06 3.26051e-06 5.34248e-06 8.22713e-06 1.18408e-05 1.47478e-05 1.62828e-05 1.55591e-05 1.25202e-05 8.10166e-06 4.1844e-06 1.86432e-06 7.47204e-07 3.48282e-07 2.01658e-07 1.24904e-07 7.87258e-08 5.11788e-08 3.47799e-08 2.44881e-08 1.7558e-08 1.26214e-08 8.99569e-09 6.31967e-09 4.38037e-09 3.02901e-09 2.13601e-09 1.56909e-09 1.19869e-09 9.22017e-10 6.71387e-10 4.06074e-10 1.29003e-10 1.29003e-10 
8.51318e-10 2.40782e-09 4.36908e-09 6.98759e-09 1.05746e-08 1.54046e-08 2.17618e-08 3.00174e-08 4.07615e-08 5.50464e-08 7.48237e-08 1.03708e-07 1.48284e-07 2.20333e-07 3.40541e-07 5.44327e-07 8.90742e-07 1.47521e-06 2.43609e-06 3.95222e-06 6.12732e-06 8.91487e-06 1.15745e-05 1.35021e-05 1.3682e-05 1.16771e-05 8.13817e-06 4.68422e-06 2.31025e-06 1.05722e-06 4.91472e-07 2.59307e-07 1.51011e-07 9.23912e-08 5.84727e-08 3.8299e-08 2.59325e-08 1.79836e-08 1.26214e-08 8.8677e-09 6.18511e-09 4.26341e-09 2.91025e-09 1.99208e-09 1.39965e-09 1.02987e-09 7.87448e-10 5.97792e-10 4.10559e-10 2.02045e-10 3.48371e-11 
1.29625e-09 2.68666e-09 4.44048e-09 6.79665e-09 9.98181e-09 1.42208e-08 1.98047e-08 2.71869e-08 3.71525e-08 5.11261e-08 7.17217e-08 1.03708e-07 1.55691e-07 2.42985e-07 3.92233e-07 6.48356e-07 1.08359e-06 1.80246e-06 2.9341e-06 4.57351e-06 6.70483e-06 8.95032e-06 1.09074e-05 1.1707e-05 1.0618e-05 8.01208e-06 5.03343e-06 2.7689e-06 1.38994e-06 6.81877e-07 3.44856e-07 1.87323e-07 1.09016e-07 6.68447e-08 4.25672e-08 2.79387e-08 1.87934e-08 1.28564e-08 8.8677e-09 6.11659e-09 4.19098e-09 2.84313e-09 1.91626e-09 1.30212e-09 9.14723e-10 6.76085e-10 5.16196e-10 3.80332e-10 2.33776e-10 7.48605e-11 7.48605e-11 
5.7406e-10 1.58354e-09 2.79441e-09 4.35663e-09 6.45765e-09 9.27579e-09 1.30316e-08 1.80621e-08 2.49392e-08 3.46833e-08 4.91502e-08 7.17217e-08 1.08531e-07 1.70585e-07 2.7728e-07 4.61773e-07 7.78024e-07 1.30587e-06 2.14613e-06 3.38459e-06 5.02508e-06 6.87264e-06 8.63163e-06 9.68367e-06 9.31751e-06 7.57966e-06 5.2187e-06 3.14413e-06 1.73376e-06 9.05332e-07 4.65627e-07 2.43064e-07 1.33272e-07 7.76805e-08 4.77297e-08 3.04406e-08 1.99328e-08 1.33063e-08 8.99569e-09 6.11659e-09 4.155e-09 2.80436e-09 1.87668e-09 1.25183e-09 8.47008e-10 5.97119e-10 4.4388e-10 3.35541e-10 2.32647e-10 1.15547e-10 1.9838e-11 
8.5186e-10 1.72193e-09 2.77875e-09 4.16969e-09 6.0406e-09 8.5568e-09 1.19633e-08 1.66689e-08 2.33933e-08 3.34343e-08 4.91502e-08 7.48237e-08 1.1818e-07 1.9294e-07 3.22825e-07 5.46991e-07 9.24852e-07 1.53456e-06 2.45212e-06 3.7032e-06 5.19177e-06 6.70832e-06 7.80758e-06 7.92823e-06 6.91914e-06 5.17672e-06 3.40386e-06 2.03483e-06 1.14159e-06 6.13518e-07 3.2289e-07 1.7095e-07 9.41687e-08 5.48722e-08 3.36551e-08 2.14072e-08 1.39518e-08 9.24308e-09 6.18511e-09 4.155e-09 2.78582e-09 1.85576e-09 1.22731e-09 8.12103e-10 5.49021e-10 3.89735e-10 2.90687e-10 2.13587e-10 1.32023e-10 4.22105e-11 4.22105e-11 
3.75861e-10 1.016e-09 1.75425e-09 2.68445e-09 3.92724e-09 5.60871e-09 7.90467e-09 1.11032e-08 1.57057e-08 2.26086e-08 3.34343e-08 5.11261e-08 8.10023e-08 1.32551e-07 2.22295e-07 3.77819e-07 6.41876e-07 1.07289e-06 1.73374e-06 2.66116e-06 3.81869e-06 5.07141e-06 6.11427e-06 6.52104e-06 6.06552e-06 4.89697e-06 3.48485e-06 2.24851e-06 1.35012e-06 7.694e-07 4.20499e-07 2.24146e-07 1.19669e-07 6.60534e-08 3.83775e-08 2.34257e-08 1.48261e-08 9.60805e-09 6.31967e-09 4.19098e-09 2.78582e-09 1.84633e-09 1.2156e-09 7.95791e-10 5.2366e-10 3.55061e-10 2.5428e-10 1.88568e-10 1.3036e-10 6.47417e-11 1.09218e-11 
5.46385e-10 1.08359e-09 1.719e-09 2.54784e-09 3.67032e-09 5.21274e-09 7.37602e-09 1.05058e-08 1.52154e-08 2.26086e-08 3.46833e-08 5.50464e-08 9.01418e-08 1.51236e-07 2.5728e-07 4.38111e-07 7.35759e-07 1.19889e-06 1.86466e-06 2.72816e-06 3.7128e-06 4.62183e-06 5.15276e-06 5.07237e-06 4.38422e-06 3.35699e-06 2.32543e-06 1.49255e-06 9.03641e-07 5.20954e-07 2.87802e-07 1.5477e-07 8.31094e-08 4.58868e-08 2.65424e-08 1.61015e-08 1.01299e-08 6.52592e-09 4.26341e-09 2.80436e-09 1.84633e-09 1.21075e-09 7.88673e-10 5.11876e-10 3.35953e-10 2.29315e-10 1.65387e-10 1.19608e-10 7.35954e-11 2.32632e-11 2.32632e-11 
2.40436e-10 6.40217e-10 1.08886e-09 1.64753e-09 2.3975e-09 3.43164e-09 4.88934e-09 7.007e-09 1.02007e-08 1.52154e-08 2.33933e-08 3.71525e-08 6.08092e-08 1.01918e-07 1.73245e-07 2.95097e-07 4.96741e-07 8.13891e-07 1.27841e-06 1.89902e-06 2.63722e-06 3.37381e-06 3.90662e-06 4.04051e-06 3.70787e-06 3.03383e-06 2.24724e-06 1.53755e-06 9.89308e-07 6.04145e-07 3.51335e-07 1.95656e-07 1.05952e-07 5.71405e-08 3.15317e-08 1.8151e-08 1.09399e-08 6.84001e-09 4.38037e-09 2.84313e-09 1.85576e-09 1.21075e-09 7.86004e-10 5.06981e-10 3.26802e-10 2.1466e-10 1.47899e-10 1.06507e-10 7.26348e-11 3.57712e-11 5.85231e-12 
3.44315e-10 6.74273e-10 1.05913e-09 1.56234e-09 2.25524e-09 3.23503e-09 4.66245e-09 6.81801e-09 1.02007e-08 1.57057e-08 2.49392e-08 4.07615e-08 6.81743e-08 1.15643e-07 1.96727e-07 3.31288e-07 5.44505e-07 8.61195e-07 1.29398e-06 1.8262e-06 2.3892e-06 2.85462e-06 3.07772e-06 2.97415e-06 2.5807e-06 2.03305e-06 1.47825e-06 1.0088e-06 6.52923e-07 4.01772e-07 2.3525e-07 1.31868e-07 7.18281e-08 3.88722e-08 2.14357e-08 1.22833e-08 7.35726e-09 4.57169e-09 2.91025e-09 1.87668e-09 1.2156e-09 7.86004e-10 5.05283e-10 3.22975e-10 2.07226e-10 1.36746e-10 9.50611e-11 6.70674e-11 4.07488e-11 1.26283e-11 1.26283e-11 
1.51261e-10 3.98953e-10 6.73054e-10 1.01437e-09 1.47915e-09 2.13678e-09 3.09633e-09 4.5459e-09 6.81801e-09 1.05058e-08 1.66689e-08 2.71869e-08 4.53391e-08 7.66734e-08 1.3011e-07 2.18866e-07 3.60173e-07 5.7221e-07 8.67009e-07 1.23916e-06 1.65077e-06 2.02343e-06 2.25784e-06 2.27898e-06 2.08119e-06 1.73265e-06 1.33274e-06 9.61564e-07 6.5806e-07 4.28683e-07 2.65437e-07 1.5629e-07 8.80994e-08 4.82334e-08 2.61833e-08 1.44314e-08 8.23673e-09 4.90474e-09 3.02901e-09 1.91626e-09 1.22731e-09 7.88673e-10 5.05283e-10 3.21671e-10 2.03961e-10 1.30638e-10 8.69114e-11 6.0549e-11 4.04636e-11 1.96472e-11 3.09347e-12 
2.14614e-10 4.17757e-10 6.54384e-10 9.67512e-10 1.40879e-09 2.05267e-09 3.02485e-09 4.5459e-09 7.007e-09 1.11032e-08 1.80621e-08 3.00174e-08 5.05725e-08 8.55297e-08 1.43556e-07 2.36185e-07 3.76193e-07 5.7342e-07 8.27611e-07 1.11867e-06 1.40009e-06 1.60716e-06 1.68228e-06 1.60482e-06 1.40271e-06 1.13522e-06 8.62102e-07 6.21448e-07 4.27384e-07 2.80002e-07 1.74231e-07 1.03068e-07 5.83874e-08 3.21151e-08 1.7485e-08 9.63616e-09 5.48135e-09 3.24609e-09 1.99208e-09 1.25183e-09 7.95791e-10 5.06981e-10 3.21671e-10 2.02807e-10 1.27757e-10 8.20051e-11 5.50866e-11 3.78044e-11 2.25884e-11 6.83635e-12 6.83635e-12 
9.41986e-11 2.47486e-10 4.16991e-10 6.30248e-10 9.26741e-10 1.3584e-09 2.00917e-09 3.02485e-09 4.66245e-09 7.37602e-09 1.19633e-08 1.98047e-08 3.32247e-08 5.59658e-08 9.36471e-08 1.53863e-07 2.45335e-07 3.75487e-07 5.46022e-07 7.46747e-07 9.50716e-07 1.11723e-06 1.20553e-06 1.19339e-06 1.08811e-06 9.21377e-07 7.32833e-07 5.53745e-07 4.00201e-07 2.76592e-07 1.82022e-07 1.13701e-07 6.7533e-08 3.84304e-08 2.1231e-08 1.15942e-08 6.39212e-09 3.62596e-09 2.13601e-09 1.30212e-09 8.12103e-10 5.11876e-10 3.22975e-10 2.02807e-10 1.26677e-10 7.94895e-11 5.13743e-11 3.47132e-11 2.2709e-11 1.08566e-11 1.65455e-12 
1.33153e-10 2.59288e-10 4.07675e-10 6.07768e-10 8.97152e-10 1.33223e-09 2.00917e-09 3.09633e-09 4.88934e-09 7.90467e-09 1.30316e-08 2.17618e-08 3.64936e-08 6.08394e-08 9.97378e-08 1.59019e-07 2.44011e-07 3.56861e-07 4.92684e-07 6.36183e-07 7.62416e-07 8.43986e-07 8.62179e-07 8.15287e-07 7.18412e-07 5.95542e-07 4.69364e-07 3.5454e-07 2.57182e-07 1.78471e-07 1.17836e-07 7.38341e-08 4.40126e-08 2.51531e-08 1.39563e-08 7.64653e-09 4.21968e-09 2.38833e-09 1.39965e-09 8.47008e-10 5.2366e-10 3.26802e-10 2.03961e-10 1.26677e-10 7.84829e-11 4.92766e-11 3.22027e-11 2.15749e-11 1.26929e-11 3.76839e-12 3.76839e-12 
5.84203e-11 1.53713e-10 2.60269e-10 3.9674e-10 5.91011e-10 8.81691e-10 1.33223e-09 2.05267e-09 3.23503e-09 5.21274e-09 8.5568e-09 1.42208e-08 2.37341e-08 3.9404e-08 6.44117e-08 1.02595e-07 1.5765e-07 2.31537e-07 3.22107e-07 4.20843e-07 5.12766e-07 5.80102e-07 6.08761e-07 5.94057e-07 5.42064e-07 4.66202e-07 3.81494e-07 2.99578e-07 2.2672e-07 1.65035e-07 1.14863e-07 7.6017e-08 4.77526e-08 2.85614e-08 1.63916e-08 9.13568e-09 5.02394e-09 2.77687e-09 1.56909e-09 9.14723e-10 5.49021e-10 3.35953e-10 2.07226e-10 1.27757e-10 7.84829e-11 4.83775e-11 3.05995e-11 2.02174e-11 1.30127e-11 6.15231e-12 9.33925e-13 
8.26692e-11 1.61976e-10 2.56995e-10 3.87965e-10 5.82162e-10 8.81691e-10 1.3584e-09 2.13678e-09 3.43164e-09 5.60871e-09 9.27579e-09 1.54046e-08 2.54616e-08 4.14807e-08 6.59573e-08 1.01397e-07 1.4937e-07 2.09072e-07 2.75854e-07 3.40872e-07 3.92894e-07 4.21982e-07 4.23201e-07 3.98173e-07 3.53837e-07 2.99435e-07 2.43334e-07 1.9101e-07 1.44924e-07 1.05776e-07 7.37602e-08 4.88962e-08 3.07848e-08 1.84736e-08 1.06479e-08 5.9631e-09 3.29341e-09 1.82466e-09 1.02987e-09 5.97119e-10 3.55061e-10 2.1466e-10 1.30638e-10 7.94895e-11 4.83775e-11 2.98556e-11 1.91728e-11 1.26573e-11 7.37563e-12 2.18124e-12 2.18124e-12 
3.62589e-11 9.59947e-11 1.64155e-10 2.53341e-10 3.83212e-10 5.82162e-10 8.97152e-10 1.40879e-09 2.25524e-09 3.67032e-09 6.0406e-09 9.98181e-09 1.64222e-08 2.66548e-08 4.22867e-08 6.4985e-08 9.59225e-08 1.34911e-07 1.79467e-07 2.24449e-07 2.62902e-07 2.88119e-07 2.95941e-07 2.86061e-07 2.61729e-07 2.28277e-07 1.91263e-07 1.54969e-07 1.21788e-07 9.26148e-08 6.77135e-08 4.727e-08 3.1374e-08 1.97946e-08 1.19187e-08 6.90134e-09 3.88549e-09 2.15679e-09 1.19869e-09 6.76085e-10 3.89735e-10 2.29315e-10 1.36746e-10 8.20051e-11 4.92766e-11 2.98556e-11 1.8636e-11 1.21855e-11 7.78028e-12 3.66555e-12 5.75578e-13 
5.15583e-11 1.02097e-10 1.64019e-10 2.51174e-10 3.83212e-10 5.91011e-10 9.26741e-10 1.47915e-09 2.3975e-09 3.92724e-09 6.45765e-09 1.05746e-08 1.70961e-08 2.7049e-08 4.15265e-08 6.13649e-08 8.66269e-08 1.16019e-07 1.46592e-07 1.74119e-07 1.94214e-07 2.03727e-07 2.01694e-07 1.89415e-07 1.69775e-07 1.46232e-07 1.21846e-07 9.86645e-08 7.76626e-08 5.91533e-08 4.3284e-08 3.023e-08 2.00831e-08 1.26975e-08 7.67263e-09 4.46485e-09 2.52858e-09 1.41163e-09 7.87448e-10 4.4388e-10 2.5428e-10 1.47899e-10 8.69114e-11 5.13743e-11 3.05995e-11 1.8636e-11 1.18933e-11 7.81705e-12 4.53508e-12 1.35769e-12 1.35769e-12 
2.25996e-11 6.03933e-11 1.04587e-10 1.63581e-10 2.51174e-10 3.87965e-10 6.07768e-10 9.67512e-10 1.56234e-09 2.54784e-09 4.16969e-09 6.79665e-09 1.09442e-08 1.7264e-08 2.64639e-08 3.91209e-08 5.5375e-08 7.4572e-08 9.50438e-08 1.14261e-07 1.29431e-07 1.38317e-07 1.39884e-07 1.34481e-07 1.23561e-07 1.0915e-07 9.32764e-08 7.75178e-08 6.27993e-08 4.94942e-08 3.77234e-08 2.76018e-08 1.92758e-08 1.28149e-08 8.11913e-09 4.92443e-09 2.88078e-09 1.64172e-09 9.22017e-10 5.16196e-10 2.90687e-10 1.65387e-10 9.50611e-11 5.50866e-11 3.22027e-11 1.91728e-11 1.18933e-11 7.77402e-12 4.94826e-12 2.33031e-12 3.81689e-13 
3.23381e-11 6.48285e-11 1.05432e-10 1.63581e-10 2.53341e-10 3.9674e-10 6.30248e-10 1.01437e-09 1.64753e-09 2.68445e-09 4.35663e-09 6.98759e-09 1.09884e-08 1.68123e-08 2.48468e-08 3.52341e-08 4.76547e-08 6.11779e-08 7.43128e-08 8.53206e-08 9.26865e-08 9.55336e-08 9.37999e-08 8.81468e-08 7.96952e-08 6.97052e-08 5.92878e-08 4.92167e-08 3.98902e-08 3.14492e-08 2.39582e-08 1.75128e-08 1.22217e-08 8.12817e-09 5.15964e-09 3.14084e-09 1.84689e-09 1.0588e-09 5.97792e-10 3.35541e-10 1.88568e-10 1.06507e-10 6.0549e-11 3.47132e-11 2.02174e-11 1.21855e-11 7.77402e-12 5.1128e-12 2.95493e-12 8.95649e-13 8.95649e-13 
1.41509e-11 3.81289e-11 6.67099e-11 1.05432e-10 1.64019e-10 2.56995e-10 4.07675e-10 6.54384e-10 1.05913e-09 1.719e-09 2.77875e-09 4.44048e-09 6.96165e-09 1.06294e-08 1.56981e-08 2.22845e-08 3.02392e-08 3.90494e-08 4.78493e-08 5.55795e-08 6.1252e-08 6.4205e-08 6.4241e-08 6.16131e-08 5.69019e-08 5.08447e-08 4.41665e-08 3.74474e-08 3.10536e-08 2.51538e-08 1.98069e-08 1.50594e-08 1.09845e-08 7.65396e-09 5.08872e-09 3.23434e-09 1.97454e-09 1.16589e-09 6.71387e-10 3.80332e-10 2.13587e-10 1.19608e-10 6.70674e-11 3.78044e-11 2.15749e-11 1.26573e-11 7.81705e-12 5.1128e-12 3.25997e-12 1.53638e-12 2.54934e-13 
2.02407e-11 4.07933e-11 6.67099e-11 1.04587e-10 1.64155e-10 2.60269e-10 4.16991e-10 6.73054e-10 1.08886e-09 1.75425e-09 2.79441e-09 4.36908e-09 6.6578e-09 9.82366e-09 1.39527e-08 1.89785e-08 2.46218e-08 3.03872e-08 3.56435e-08 3.97685e-08 4.23004e-08 4.30325e-08 4.20266e-08 3.95598e-08 3.60382e-08 3.19034e-08 2.75519e-08 2.32777e-08 1.92529e-08 1.55514e-08 1.22034e-08 9.24236e-09 6.71654e-09 4.6666e-09 3.09758e-09 1.96846e-09 1.20308e-09 7.11722e-10 4.10559e-10 2.32647e-10 1.3036e-10 7.26348e-11 4.04636e-11 2.2709e-11 1.30127e-11 7.78028e-12 4.94826e-12 3.25997e-12 1.91249e-12 5.87228e-13 5.87228e-13 
8.77492e-12 2.34421e-11 4.07933e-11 6.48285e-11 1.02097e-10 1.61976e-10 2.59288e-10 4.17757e-10 6.74273e-10 1.08359e-09 1.72193e-09 2.68666e-09 4.08777e-09 6.02701e-09 8.56302e-09 1.16679e-08 1.51912e-08 1.88544e-08 2.22907e-08 2.51228e-08 2.70492e-08 2.79035e-08 2.76722e-08 2.64739e-08 2.45181e-08 2.20566e-08 1.93387e-08 1.65748e-08 1.39132e-08 1.14363e-08 9.17829e-09 7.15431e-09 5.3829e-09 3.88854e-09 2.68831e-09 1.77769e-09 1.12673e-09 6.87427e-10 4.06074e-10 2.33776e-10 1.32023e-10 7.35954e-11 4.07488e-11 2.25884e-11 1.26929e-11 7.37563e-12 4.53508e-12 2.95493e-12 1.91249e-12 9.54437e-13 1.61992e-13 
1.20078e-11 2.34421e-11 3.81289e-11 6.03933e-11 9.59947e-11 1.53713e-10 2.47486e-10 3.98953e-10 6.40217e-10 1.016e-09 1.58354e-09 2.40782e-09 3.54978e-09 5.04662e-09 6.88737e-09 8.99232e-09 1.12086e-08 1.33299e-08 1.51378e-08 1.64482e-08 1.71466e-08 1.72012e-08 1.66561e-08 1.56123e-08 1.42042e-08 1.25769e-08 1.08661e-08 9.18243e-09 7.60137e-09 6.16299e-09 4.88104e-09 3.75788e-09 2.79605e-09 2.00019e-09 1.37126e-09 9.00311e-10 5.67107e-10 3.44031e-10 2.02045e-10 1.15547e-10 6.47417e-11 3.57712e-11 1.96472e-11 1.08566e-11 6.15231e-12 3.66555e-12 2.33031e-12 1.53638e-12 9.54437e-13 3.49629e-13 3.49629e-13 
4.94675e-12 1.20078e-11 2.02407e-11 3.23381e-11 5.15583e-11 8.26692e-11 1.33153e-10 2.14614e-10 3.44315e-10 5.46385e-10 8.5186e-10 1.29625e-09 1.91334e-09 2.72472e-09 3.72669e-09 4.87912e-09 6.10252e-09 7.28776e-09 8.31681e-09 9.08711e-09 9.53029e-09 9.62022e-09 9.37092e-09 8.82811e-09 8.05852e-09 7.13933e-09 6.14869e-09 5.15756e-09 4.2229e-09 3.38287e-09 2.65533e-09 2.04121e-09 1.53175e-09 1.11612e-09 7.85244e-10 5.31159e-10 3.44797e-10 2.1493e-10 1.29003e-10 7.48605e-11 4.22105e-11 2.32632e-11 1.26283e-11 6.83635e-12 3.76839e-12 2.18124e-12 1.35769e-12 8.95649e-13 5.87228e-13 3.49629e-13 1.00704e-13 
4.94675e-12 8.77492e-12 1.41509e-11 2.25996e-11 3.62589e-11 5.84203e-11 9.41986e-11 1.51261e-10 2.40436e-10 3.75861e-10 5.7406e-10 8.51318e-10 1.21906e-09 1.67778e-09 2.21156e-09 2.78598e-09 3.3518e-09 3.85396e-09 4.24274e-09 4.48282e-09 4.55765e-09 4.46918e-09 4.23451e-09 3.88152e-09 3.44443e-09 2.95985e-09 2.46338e-09 1.98664e-09 1.55469e-09 1.18401e-09 8.81272e-10 6.43868e-10 4.62651e-10 3.26158e-10 2.24211e-10 1.49234e-10 9.56581e-11 5.88975e-11 3.48371e-11 1.9838e-11 1.09218e-11 5.85231e-12 3.09347e-12 1.65455e-12 9.33925e-13 5.75578e-13 3.81689e-13 2.54934e-13 1.61992e-13 1.00704e-13 1.00704e-13 
