1 101 51
1.11916e-12 1.95144e-12 3.1251e-12 5.05475e-12 8.37599e-12 1.42437e-11 2.4782e-11 4.38561e-11 7.83035e-11 1.39679e-10 2.46236e-10 4.24167e-10 7.06259e-10 1.12581e-09 1.70516e-09 2.44172e-09 3.29835e-09 4.2053e-09 5.07547e-09 5.82621e-09 6.39664e-09 6.75367e-09 6.88845e-09 6.80946e-09 6.53686e-09 6.09904e-09 5.5307e-09 4.87117e-09 4.16234e-09 3.4461e-09 2.76108e-09 2.13936e-09 1.60336e-09 1.16405e-09 8.21079e-10 5.64976e-10 3.80934e-10 2.52704e-10 1.65465e-10 1.07203e-10 6.88851e-11 4.40226e-11 2.80773e-11 1.79383e-11 1.15167e-11 7.4391e-12 4.82579e-12 3.12599e-12 1.97358e-12 1.23084e-12 1.23084e-12 
1.11916e-12 2.7487e-12 4.57997e-12 7.37963e-12 1.20833e-11 2.0234e-11 3.46303e-11 6.03999e-11 1.0685e-10 1.90424e-10 3.38815e-10 5.95428e-10 1.02164e-09 1.6924e-09 2.68044e-09 4.02848e-09 5.71781e-09 7.64958e-09 9.6547e-09 1.15333e-08 1.3106e-08 1.425e-08 1.49081e-08 1.50768e-08 1.47882e-08 1.40969e-08 1.30724e-08 1.17948e-08 1.03509e-08 8.83031e-09 7.31883e-09 5.89212e-09 4.6087e-09 3.50517e-09 2.59518e-09 1.87279e-09 1.3187e-09 9.06925e-10 6.09975e-10 4.01959e-10 2.60252e-10 1.66186e-10 1.05147e-10 6.62459e-11 4.17487e-11 2.63997e-11 1.67725e-11 1.07062e-11 6.8168e-12 4.04283e-12 1.23084e-12 
2.7487e-12 5.38883e-12 8.8281e-12 1.43597e-11 2.37693e-11 4.00945e-11 6.88183e-11 1.19966e-10 2.11737e-10 3.76296e-10 6.67751e-10 1.17054e-09 2.00306e-09 3.3078e-09 5.21913e-09 7.80862e-09 1.10249e-08 1.46615e-08 1.83815e-08 2.18002e-08 2.45852e-08 2.65245e-08 2.75353e-08 2.76356e-08 2.69067e-08 2.54681e-08 2.34622e-08 2.10461e-08 1.83832e-08 1.56342e-08 1.29451e-08 1.04358e-08 8.19145e-09 6.26008e-09 4.65644e-09 3.36996e-09 2.3728e-09 1.6265e-09 1.08728e-09 7.10829e-10 4.56301e-10 2.89019e-10 1.816e-10 1.13776e-10 7.13647e-11 4.49159e-11 2.83822e-11 1.79661e-11 1.08706e-11 4.04283e-12 4.04283e-12 
1.95144e-12 5.38883e-12 9.48831e-12 1.5475e-11 2.53755e-11 4.23054e-11 7.16777e-11 1.23299e-10 2.15137e-10 3.79828e-10 6.74961e-10 1.19703e-09 2.09566e-09 3.57893e-09 5.89411e-09 9.26851e-09 1.38106e-08 1.94032e-08 2.565e-08 3.19296e-08 3.7554e-08 4.19548e-08 4.47982e-08 4.59898e-08 4.56106e-08 4.38479e-08 4.09483e-08 3.71907e-08 3.28695e-08 2.82766e-08 2.36817e-08 1.93117e-08 1.53348e-08 1.18554e-08 8.91923e-09 6.52601e-09 4.64236e-09 3.21198e-09 2.16458e-09 1.42453e-09 9.18964e-10 5.83879e-10 3.67355e-10 2.30112e-10 1.44172e-10 9.06104e-11 5.71629e-11 3.61178e-11 2.2305e-11 1.08706e-11 1.97358e-12 
4.57997e-12 9.48831e-12 1.59293e-11 2.59551e-11 4.27483e-11 7.15272e-11 1.2153e-10 2.09645e-10 3.66966e-10 6.50001e-10 1.15808e-09 2.05652e-09 3.59961e-09 6.13777e-09 1.00823e-08 1.58011e-08 2.34459e-08 3.27678e-08 4.30316e-08 5.31289e-08 6.18757e-08 6.83462e-08 7.20577e-08 7.29508e-08 7.1259e-08 6.73817e-08 6.18035e-08 5.5048e-08 4.76428e-08 4.00842e-08 3.27986e-08 2.61111e-08 2.02297e-08 1.5252e-08 1.11871e-08 7.98153e-09 5.54099e-09 3.74757e-09 2.47497e-09 1.60158e-09 1.02011e-09 6.42941e-10 4.03205e-10 2.52869e-10 1.59155e-10 1.00646e-10 6.37931e-11 3.99343e-11 2.2305e-11 6.8168e-12 6.8168e-12 
3.1251e-12 8.8281e-12 1.59293e-11 2.60997e-11 4.2447e-11 6.99724e-11 1.17206e-10 1.99549e-10 3.45481e-10 6.07752e-10 1.08222e-09 1.93657e-09 3.44771e-09 6.03793e-09 1.0284e-08 1.68543e-08 2.6329e-08 3.89014e-08 5.40638e-08 7.04788e-08 8.62105e-08 9.92784e-08 1.08239e-07 1.12462e-07 1.12041e-07 1.07535e-07 9.97423e-08 8.95705e-08 7.79553e-08 6.57966e-08 5.38895e-08 4.28608e-08 3.31287e-08 2.49011e-08 1.82095e-08 1.29604e-08 8.98373e-09 6.0723e-09 4.01072e-09 2.59682e-09 1.65527e-09 1.04412e-09 6.55413e-10 4.11605e-10 2.59681e-10 1.64886e-10 1.05165e-10 6.66662e-11 3.99343e-11 1.79661e-11 3.12599e-12 
7.37963e-12 1.5475e-11 2.60997e-11 4.21281e-11 6.82888e-11 1.12403e-10 1.88218e-10 3.21015e-10 5.58096e-10 9.87568e-10 1.76947e-09 3.18231e-09 5.68263e-09 9.96143e-09 1.69551e-08 2.77361e-08 4.32033e-08 6.35688e-08 8.78282e-08 1.1358e-07 1.37496e-07 1.56341e-07 1.67961e-07 1.71663e-07 1.67949e-07 1.58021e-07 1.43402e-07 1.25721e-07 1.06577e-07 8.74247e-08 6.94523e-08 5.34943e-08 4.00003e-08 2.90754e-08 2.05705e-08 1.41839e-08 9.54679e-09 6.2859e-09 4.06109e-09 2.58499e-09 1.62934e-09 1.02268e-09 6.42772e-10 4.06417e-10 2.59172e-10 1.66506e-10 1.06908e-10 6.66662e-11 3.61178e-11 1.07062e-11 1.07062e-11 
5.05475e-12 1.43597e-11 2.59551e-11 4.21281e-11 6.72793e-11 1.08599e-10 1.78275e-10 2.98261e-10 5.09584e-10 8.89845e-10 1.58424e-09 2.85625e-09 5.16226e-09 9.24586e-09 1.62261e-08 2.76106e-08 4.51071e-08 7.00904e-08 1.0272e-07 1.41051e-07 1.80813e-07 2.16361e-07 2.42526e-07 2.56257e-07 2.57071e-07 2.46395e-07 2.26655e-07 2.00644e-07 1.71176e-07 1.40865e-07 1.11919e-07 8.596e-08 6.39352e-08 4.61464e-08 3.2393e-08 2.21639e-08 1.48145e-08 9.69724e-09 6.23548e-09 3.95461e-09 2.4861e-09 1.55802e-09 9.78948e-10 6.19825e-10 3.96726e-10 2.56657e-10 1.66811e-10 1.06908e-10 6.37931e-11 2.83822e-11 4.82579e-12 
1.20833e-11 2.53755e-11 4.2447e-11 6.72793e-11 1.06566e-10 1.71236e-10 2.80244e-10 4.68418e-10 8.01775e-10 1.40629e-09 2.51849e-09 4.56708e-09 8.29165e-09 1.4892e-08 2.61673e-08 4.45329e-08 7.26962e-08 1.12735e-07 1.64575e-07 2.24515e-07 2.85019e-07 3.36626e-07 3.7127e-07 3.84943e-07 3.78044e-07 3.53928e-07 3.17259e-07 2.72981e-07 2.25778e-07 1.79691e-07 1.37805e-07 1.02039e-07 7.31434e-08 5.09129e-08 3.45227e-08 2.28736e-08 1.48535e-08 9.48516e-09 5.98104e-09 3.74299e-09 2.33812e-09 1.46658e-09 9.28718e-10 5.9601e-10 3.87893e-10 2.54866e-10 1.66811e-10 1.05165e-10 5.71629e-11 1.67725e-11 1.67725e-11 
8.37599e-12 2.37693e-11 4.27483e-11 6.82888e-11 1.06566e-10 1.67667e-10 2.68206e-10 4.37628e-10 7.30926e-10 1.25357e-09 2.20826e-09 3.97656e-09 7.24916e-09 1.3214e-08 2.37931e-08 4.18647e-08 7.12866e-08 1.16339e-07 1.80119e-07 2.61909e-07 3.54745e-07 4.4543e-07 5.18304e-07 5.61142e-07 5.69316e-07 5.45598e-07 4.97125e-07 4.32515e-07 3.60213e-07 2.87626e-07 2.20545e-07 1.62755e-07 1.15949e-07 8.00445e-08 5.37644e-08 3.52754e-08 2.26918e-08 1.43658e-08 8.98994e-09 5.59015e-09 3.47461e-09 2.17219e-09 1.37379e-09 8.8282e-10 5.77269e-10 3.82846e-10 2.54866e-10 1.66506e-10 1.00646e-10 4.49159e-11 7.4391e-12 
2.0234e-11 4.23054e-11 6.99724e-11 1.08599e-10 1.67667e-10 2.62276e-10 4.17741e-10 6.79746e-10 1.13476e-09 1.95024e-09 3.4499e-09 6.24417e-09 1.14368e-08 2.09222e-08 3.77614e-08 6.6542e-08 1.13414e-07 1.85127e-07 2.8621e-07 4.14409e-07 5.56755e-07 6.90319e-07 7.89572e-07 8.36695e-07 8.27806e-07 7.71108e-07 6.80831e-07 5.72275e-07 4.59187e-07 3.5248e-07 2.59513e-07 1.83894e-07 1.25964e-07 8.38147e-08 5.44335e-08 3.46576e-08 2.1726e-08 1.34731e-08 8.311e-09 5.13142e-09 3.19197e-09 2.01297e-09 1.29338e-09 8.48531e-10 5.67098e-10 3.82846e-10 2.56657e-10 1.64886e-10 9.06104e-11 2.63997e-11 2.63997e-11 
1.42437e-11 4.00945e-11 7.15272e-11 1.12403e-10 1.71236e-10 2.62276e-10 4.08114e-10 6.47375e-10 1.05083e-09 1.75389e-09 3.02095e-09 5.3655e-09 9.75719e-09 1.79476e-08 3.29384e-08 5.95807e-08 1.05164e-07 1.79477e-07 2.93123e-07 4.5253e-07 6.5204e-07 8.67711e-07 1.0601e-06 1.1884e-06 1.22817e-06 1.17996e-06 1.06332e-06 9.05155e-07 7.3131e-07 5.62701e-07 4.13701e-07 2.91791e-07 1.98422e-07 1.30823e-07 8.40975e-08 5.29776e-08 3.28618e-08 2.01744e-08 1.23298e-08 7.55089e-09 4.66607e-09 2.92932e-09 1.87888e-09 1.23485e-09 8.30328e-10 5.67098e-10 3.87893e-10 2.59172e-10 1.59155e-10 7.13647e-11 1.15167e-11 
3.46303e-11 7.16777e-11 1.17206e-10 1.78275e-10 2.68206e-10 4.08114e-10 6.31872e-10 9.98445e-10 1.61721e-09 2.69941e-09 4.66019e-09 8.30914e-09 1.51765e-08 2.80238e-08 5.15784e-08 9.349e-08 1.65304e-07 2.8257e-07 4.61842e-07 7.11776e-07 1.01949e-06 1.34123e-06 1.61001e-06 1.76247e-06 1.76846e-06 1.64144e-06 1.4231e-06 1.16142e-06 8.97295e-07 6.59379e-07 4.63172e-07 3.12795e-07 2.04402e-07 1.30074e-07 8.10691e-08 4.97459e-08 3.02175e-08 1.82819e-08 1.10926e-08 6.79995e-09 4.2429e-09 2.71213e-09 1.78277e-09 1.20415e-09 8.30328e-10 5.77269e-10 3.96726e-10 2.59681e-10 1.44172e-10 4.17487e-11 4.17487e-11 
2.4782e-11 6.88183e-11 1.2153e-10 1.88218e-10 2.80244e-10 4.17741e-10 6.31872e-10 9.73523e-10 1.53265e-09 2.47782e-09 4.1371e-09 7.15896e-09 1.28121e-08 2.3496e-08 4.35352e-08 8.0326e-08 1.45863e-07 2.58363e-07 4.42429e-07 7.23629e-07 1.1125e-06 1.58135e-06 2.05112e-06 2.41031e-06 2.5647e-06 2.48491e-06 2.21487e-06 1.83606e-06 1.42842e-06 1.05057e-06 7.35361e-07 4.93301e-07 3.19533e-07 2.01311e-07 1.24144e-07 7.53618e-08 4.52904e-08 2.71167e-08 1.62904e-08 9.89615e-09 6.12839e-09 3.89757e-09 2.55809e-09 1.73276e-09 1.20415e-09 8.48531e-10 5.9601e-10 4.06417e-10 2.52869e-10 1.13776e-10 1.79383e-11 
6.03999e-11 1.23299e-10 1.99549e-10 2.98261e-10 4.37628e-10 6.47375e-10 9.73523e-10 1.49259e-09 2.34154e-09 3.77921e-09 6.3127e-09 1.09492e-08 1.96645e-08 3.61944e-08 6.72599e-08 1.24341e-07 2.26113e-07 4.01155e-07 6.88136e-07 1.1258e-06 1.72422e-06 2.42614e-06 3.09132e-06 3.53946e-06 3.64003e-06 3.38355e-06 2.87661e-06 2.2657e-06 1.672e-06 1.16729e-06 7.77958e-07 4.99459e-07 3.11506e-07 1.90087e-07 1.1418e-07 6.79077e-08 4.02434e-08 2.39347e-08 1.44008e-08 8.84143e-09 5.58617e-09 3.65456e-09 2.47836e-09 1.73276e-09 1.23485e-09 8.8282e-10 6.19825e-10 4.11605e-10 2.30112e-10 6.62459e-11 6.62459e-11 
4.38561e-11 1.19966e-10 2.09645e-10 3.21015e-10 4.68418e-10 6.79746e-10 9.98445e-10 1.49259e-09 2.27714e-09 3.55997e-09 5.73685e-09 9.58733e-09 1.6666e-08 3.00269e-08 5.54393e-08 1.03248e-07 1.91089e-07 3.47766e-07 6.17728e-07 1.06102e-06 1.73445e-06 2.64035e-06 3.66466e-06 4.5651e-06 5.06311e-06 4.99885e-06 4.42562e-06 3.564e-06 2.65253e-06 1.85084e-06 1.22607e-06 7.8002e-07 4.81449e-07 2.90678e-07 1.72808e-07 1.01765e-07 5.97314e-08 3.51879e-08 2.09707e-08 1.27576e-08 7.99796e-09 5.20704e-09 3.52928e-09 2.47836e-09 1.78277e-09 1.29338e-09 9.28718e-10 6.42772e-10 4.03205e-10 1.816e-10 2.80773e-11 
1.0685e-10 2.15137e-10 3.45481e-10 5.09584e-10 7.30926e-10 1.05083e-09 1.53265e-09 2.27714e-09 3.45654e-09 5.38511e-09 8.66466e-09 1.44859e-08 2.52298e-08 4.55759e-08 8.43381e-08 1.5724e-07 2.91003e-07 5.2945e-07 9.40778e-07 1.61627e-06 2.63468e-06 3.97268e-06 5.41231e-06 6.55203e-06 6.99065e-06 6.57657e-06 5.50447e-06 4.1738e-06 2.92486e-06 1.92882e-06 1.21595e-06 7.42323e-07 4.43245e-07 2.60825e-07 1.5219e-07 8.85694e-08 5.17404e-08 3.05681e-08 1.84293e-08 1.14559e-08 7.41162e-09 5.01223e-09 3.52928e-09 2.55809e-09 1.87888e-09 1.37379e-09 9.78948e-10 6.55413e-10 3.67355e-10 1.05147e-10 1.05147e-10 
7.83035e-11 2.11737e-10 3.66966e-10 5.58096e-10 8.01775e-10 1.13476e-09 1.61721e-09 2.34154e-09 3.45654e-09 5.21934e-09 8.10231e-09 1.30146e-08 2.176e-08 3.79503e-08 6.86725e-08 1.27202e-07 2.37028e-07 4.37851e-07 7.95033e-07 1.41091e-06 2.4194e-06 3.91918e-06 5.82376e-06 7.73897e-06 9.03981e-06 9.2082e-06 8.19325e-06 6.44308e-06 4.5823e-06 3.02168e-06 1.88936e-06 1.14016e-06 6.72731e-07 3.9174e-07 2.26638e-07 1.30964e-07 7.60035e-08 4.45876e-08 2.66673e-08 1.64364e-08 1.05564e-08 7.11125e-09 5.01223e-09 3.65456e-09 2.71213e-09 2.01297e-09 1.46658e-09 1.02268e-09 6.42941e-10 2.89019e-10 4.40226e-11 
1.90424e-10 3.79828e-10 6.07752e-10 8.89845e-10 1.25357e-09 1.75389e-09 2.47782e-09 3.55997e-09 5.21934e-09 7.83744e-09 1.21194e-08 1.94266e-08 3.24634e-08 5.66386e-08 1.02517e-07 1.89699e-07 3.52426e-07 6.4803e-07 1.17108e-06 2.06966e-06 3.52878e-06 5.64948e-06 8.21594e-06 1.05682e-05 1.182e-05 1.14133e-05 9.55174e-06 7.03173e-06 4.68768e-06 2.91867e-06 1.74121e-06 1.01398e-06 5.83859e-07 3.351e-07 1.9261e-07 1.11319e-07 6.50144e-08 3.86531e-08 2.36442e-08 1.50685e-08 1.0097e-08 7.11125e-09 5.20704e-09 3.89757e-09 2.92932e-09 2.17219e-09 1.55802e-09 1.04412e-09 5.83879e-10 1.66186e-10 1.66186e-10 
1.39679e-10 3.76296e-10 6.50001e-10 9.87568e-10 1.40629e-09 1.95024e-09 2.69941e-09 3.77921e-09 5.38511e-09 7.83744e-09 1.16978e-08 1.80089e-08 2.87865e-08 4.80276e-08 8.36901e-08 1.51175e-07 2.7861e-07 5.14135e-07 9.37064e-07 1.67783e-06 2.93817e-06 4.94885e-06 7.76714e-06 1.09579e-05 1.35309e-05 1.43954e-05 1.31237e-05 1.03093e-05 7.10622e-06 4.45671e-06 2.63632e-06 1.51364e-06 8.60585e-07 4.90057e-07 2.8074e-07 1.62111e-07 9.45963e-08 5.60849e-08 3.4119e-08 2.15861e-08 1.43725e-08 1.0097e-08 7.41162e-09 5.58617e-09 4.2429e-09 3.19197e-09 2.33812e-09 1.62934e-09 1.02011e-09 4.56301e-10 6.88851e-11 
3.38815e-10 6.74961e-10 1.08222e-09 1.58424e-09 2.20826e-09 3.02095e-09 4.1371e-09 5.73685e-09 8.10231e-09 1.16978e-08 1.73413e-08 2.65552e-08 4.2278e-08 7.03007e-08 1.2204e-07 2.19227e-07 4.00537e-07 7.29993e-07 1.3101e-06 2.30711e-06 3.96908e-06 6.53663e-06 9.94584e-06 1.3477e-05 1.58722e-05 1.6036e-05 1.38199e-05 1.022e-05 6.6291e-06 3.93385e-06 2.22981e-06 1.24927e-06 7.05369e-07 4.03584e-07 2.33798e-07 1.36969e-07 8.13479e-08 4.93825e-08 3.10646e-08 2.0544e-08 1.43725e-08 1.05564e-08 7.99796e-09 6.12839e-09 4.66607e-09 3.47461e-09 2.4861e-09 1.65527e-09 9.18964e-10 2.60252e-10 2.60252e-10 
2.46236e-10 6.67751e-10 1.15808e-09 1.76947e-09 2.51849e-09 3.4499e-09 4.66019e-09 6.3127e-09 8.66466e-09 1.21194e-08 1.73413e-08 2.55039e-08 3.87917e-08 6.13941e-08 1.01462e-07 1.74771e-07 3.105e-07 5.58371e-07 9.96117e-07 1.74169e-06 2.97965e-06 4.96586e-06 7.87808e-06 1.14707e-05 1.48291e-05 1.66709e-05 1.60851e-05 1.32091e-05 9.26925e-06 5.69348e-06 3.22177e-06 1.77751e-06 9.93223e-07 5.68584e-07 3.32146e-07 1.96598e-07 1.1767e-07 7.16251e-08 4.49292e-08 2.95281e-08 2.0544e-08 1.50685e-08 1.14559e-08 8.84143e-09 6.79995e-09 5.13142e-09 3.74299e-09 2.58499e-09 1.60158e-09 7.10829e-10 1.07203e-10 
5.95428e-10 1.19703e-09 1.93657e-09 2.85625e-09 3.97656e-09 5.3655e-09 7.15896e-09 9.58733e-09 1.30146e-08 1.80089e-08 2.55039e-08 3.71477e-08 5.59964e-08 8.78301e-08 1.43628e-07 2.43949e-07 4.2496e-07 7.43685e-07 1.28003e-06 2.1424e-06 3.48956e-06 5.51963e-06 8.30275e-06 1.15056e-05 1.42726e-05 1.54727e-05 1.44411e-05 1.14301e-05 7.65752e-06 4.4908e-06 2.46431e-06 1.35918e-06 7.78707e-07 4.61509e-07 2.78283e-07 1.69172e-07 1.03911e-07 6.528e-08 4.27086e-08 2.95281e-08 2.15861e-08 1.64364e-08 1.27576e-08 9.89615e-09 7.55089e-09 5.59015e-09 3.95461e-09 2.59682e-09 1.42453e-09 4.01959e-10 4.01959e-10 
4.24167e-10 1.17054e-09 2.05652e-09 3.18231e-09 4.56708e-09 6.24417e-09 8.30914e-09 1.09492e-08 1.44859e-08 1.94266e-08 2.65552e-08 3.71477e-08 5.34477e-08 7.95698e-08 1.23091e-07 1.97785e-07 3.27966e-07 5.5254e-07 9.23807e-07 1.49771e-06 2.33212e-06 3.51544e-06 5.18237e-06 7.42161e-06 9.97816e-06 1.21054e-05 1.28707e-05 1.17474e-05 8.969e-06 5.7647e-06 3.28558e-06 1.799e-06 1.02796e-06 6.2163e-07 3.85859e-07 2.40617e-07 1.50337e-07 9.51384e-08 6.21529e-08 4.27086e-08 3.10646e-08 2.36442e-08 1.84293e-08 1.44008e-08 1.10926e-08 8.311e-09 5.98104e-09 4.06109e-09 2.47497e-09 1.08728e-09 1.65465e-10 
1.02164e-09 2.09566e-09 3.44771e-09 5.16226e-09 7.24916e-09 9.75719e-09 1.28121e-08 1.6666e-08 2.176e-08 2.87865e-08 3.87917e-08 5.34477e-08 7.56617e-08 1.10645e-07 1.67513e-07 2.6152e-07 4.1664e-07 6.63848e-07 1.02877e-06 1.51363e-06 2.11072e-06 2.88372e-06 4.05746e-06 5.82024e-06 7.89676e-06 9.57949e-06 1.00619e-05 8.93357e-06 6.56201e-06 4.08155e-06 2.30114e-06 1.30504e-06 8.04844e-07 5.19993e-07 3.36608e-07 2.15993e-07 1.38681e-07 9.08791e-08 6.21529e-08 4.49292e-08 3.4119e-08 2.66673e-08 2.09707e-08 1.62904e-08 1.23298e-08 8.98994e-09 6.23548e-09 4.01072e-09 2.16458e-09 6.09975e-10 6.09975e-10 
7.06259e-10 2.00306e-09 3.59961e-09 5.68263e-09 8.29165e-09 1.14368e-08 1.51765e-08 1.96645e-08 2.52298e-08 3.24634e-08 4.2278e-08 5.59964e-08 7.56617e-08 1.04742e-07 1.49165e-07 2.18271e-07 3.25084e-07 4.84808e-07 7.04841e-07 9.70818e-07 1.23884e-06 1.50051e-06 1.93458e-06 2.94124e-06 4.56982e-06 6.38553e-06 7.69947e-06 7.87751e-06 6.79488e-06 4.83766e-06 2.90213e-06 1.63255e-06 1.00507e-06 6.76981e-07 4.6012e-07 3.06453e-07 2.01312e-07 1.33124e-07 9.08791e-08 6.528e-08 4.93825e-08 3.86531e-08 3.05681e-08 2.39347e-08 1.82819e-08 1.34731e-08 9.48516e-09 6.2859e-09 3.74757e-09 1.6265e-09 2.52704e-10 
1.6924e-09 3.57893e-09 6.03793e-09 9.24586e-09 1.3214e-08 1.79476e-08 2.3496e-08 3.00269e-08 3.79503e-08 4.80276e-08 6.13941e-08 7.95698e-08 1.04742e-07 1.40435e-07 1.92068e-07 2.6613e-07 3.67045e-07 4.92558e-07 6.27633e-07 7.37017e-07 7.70454e-07 8.21304e-07 1.36181e-06 2.61746e-06 4.24277e-06 5.75583e-06 6.60735e-06 6.51657e-06 5.50576e-06 3.82433e-06 2.21775e-06 1.2762e-06 8.58023e-07 6.11499e-07 4.26522e-07 2.89279e-07 1.94459e-07 1.33124e-07 9.51384e-08 7.16251e-08 5.60849e-08 4.45876e-08 3.51879e-08 2.71167e-08 2.01744e-08 1.43658e-08 9.69724e-09 6.0723e-09 3.21198e-09 9.06925e-10 9.06925e-10 
1.12581e-09 3.3078e-09 6.13777e-09 9.96143e-09 1.4892e-08 2.09222e-08 2.80238e-08 3.61944e-08 4.55759e-08 5.66386e-08 7.03007e-08 8.78301e-08 1.10645e-07 1.40435e-07 1.79563e-07 2.30491e-07 2.92444e-07 3.57984e-07 4.20732e-07 4.58537e-07 4.29417e-07 3.25034e-07 6.80902e-07 1.69251e-06 3.07964e-06 4.50775e-06 5.55966e-06 5.92518e-06 5.63539e-06 4.6622e-06 3.19711e-06 1.8471e-06 1.11962e-06 7.92952e-07 5.78294e-07 4.08318e-07 2.81424e-07 1.94459e-07 1.38681e-07 1.03911e-07 8.13478e-08 6.50144e-08 5.17404e-08 4.02434e-08 3.02175e-08 2.1726e-08 1.48535e-08 9.54679e-09 5.54099e-09 2.3728e-09 3.80934e-10 
2.68044e-09 5.89411e-09 1.0284e-08 1.62261e-08 2.37931e-08 3.29384e-08 4.35352e-08 5.54393e-08 6.86725e-08 8.36901e-08 1.01462e-07 1.23091e-07 1.49165e-07 1.79563e-07 2.13443e-07 2.47577e-07 2.74424e-07 2.95865e-07 3.08379e-07 2.80857e-07 2.07512e-07 4.68869e-07 1.22147e-06 2.33987e-06 3.57617e-06 4.61342e-06 5.19255e-06 5.22075e-06 4.81227e-06 3.9345e-06 2.67034e-06 1.6015e-06 1.03718e-06 7.59417e-07 5.60705e-07 4.00076e-07 2.81424e-07 2.01312e-07 1.50337e-07 1.1767e-07 9.45963e-08 7.60035e-08 5.97314e-08 4.52904e-08 3.28618e-08 2.26918e-08 1.48145e-08 8.98373e-09 4.64236e-09 1.3187e-09 1.3187e-09 
1.70516e-09 5.21913e-09 1.00823e-08 1.69551e-08 2.61673e-08 3.77614e-08 5.15784e-08 6.72599e-08 8.43381e-08 1.02517e-07 1.2204e-07 1.43628e-07 1.67513e-07 1.92068e-07 2.13443e-07 2.2608e-07 2.24111e-07 2.17949e-07 2.18386e-07 2.09403e-07 1.9183e-07 3.72751e-07 8.83996e-07 1.66156e-06 2.5973e-06 3.46986e-06 4.11516e-06 4.39556e-06 4.2993e-06 3.93559e-06 3.13691e-06 2.16756e-06 1.3982e-06 9.69507e-07 7.38893e-07 5.52465e-07 4.00076e-07 2.89279e-07 2.15993e-07 1.69172e-07 1.36969e-07 1.11319e-07 8.85694e-08 6.79077e-08 4.97459e-08 3.46576e-08 2.28736e-08 1.41839e-08 7.98153e-09 3.36996e-09 5.64976e-10 
4.02848e-09 9.26851e-09 1.68543e-08 2.76106e-08 4.18647e-08 5.95807e-08 8.0326e-08 1.03248e-07 1.27202e-07 1.51175e-07 1.74771e-07 1.97785e-07 2.18271e-07 2.30491e-07 2.2608e-07 1.99743e-07 1.68481e-07 1.5707e-07 1.56383e-07 1.60463e-07 2.77183e-07 5.9432e-07 1.07666e-06 1.66026e-06 2.259e-06 2.78164e-06 3.16142e-06 3.32435e-06 3.27185e-06 2.9316e-06 2.37015e-06 1.73659e-06 1.20535e-06 9.166e-07 7.28177e-07 5.52465e-07 4.08318e-07 3.06453e-07 2.40617e-07 1.96598e-07 1.62111e-07 1.30964e-07 1.01765e-07 7.53618e-08 5.29776e-08 3.52754e-08 2.21639e-08 1.29604e-08 6.52601e-09 1.87279e-09 1.87279e-09 
2.44172e-09 7.80862e-09 1.58011e-08 2.77361e-08 4.45329e-08 6.6542e-08 9.349e-08 1.24341e-07 1.5724e-07 1.89699e-07 2.19227e-07 2.43949e-07 2.6152e-07 2.6613e-07 2.47577e-07 1.99743e-07 1.43238e-07 1.1336e-07 1.12555e-07 1.20792e-07 1.86842e-07 3.6699e-07 6.38444e-07 9.66183e-07 1.31776e-06 1.66098e-06 1.95518e-06 2.17282e-06 2.28231e-06 2.23297e-06 2.05844e-06 1.76967e-06 1.36688e-06 1.05482e-06 8.88696e-07 7.28177e-07 5.60705e-07 4.26522e-07 3.36608e-07 2.78283e-07 2.33798e-07 1.9261e-07 1.5219e-07 1.1418e-07 8.10691e-08 5.44335e-08 3.45227e-08 2.05705e-08 1.11871e-08 4.65644e-09 8.21079e-10 
5.71781e-09 1.38106e-08 2.6329e-08 4.51071e-08 7.12866e-08 1.05164e-07 1.45863e-07 1.91089e-07 2.37028e-07 2.7861e-07 3.105e-07 3.27966e-07 3.25084e-07 2.92444e-07 2.24111e-07 1.43238e-07 8.88284e-08 8.04032e-08 8.98569e-08 1.22144e-07 2.1416e-07 3.55959e-07 5.26121e-07 7.22863e-07 9.30605e-07 1.12506e-06 1.28479e-06 1.39765e-06 1.44961e-06 1.47752e-06 1.45365e-06 1.30799e-06 1.09834e-06 9.78202e-07 8.88696e-07 7.38893e-07 5.78294e-07 4.6012e-07 3.85859e-07 3.32146e-07 2.8074e-07 2.26638e-07 1.72808e-07 1.24144e-07 8.40975e-08 5.37644e-08 3.2393e-08 1.82095e-08 8.91923e-09 2.59518e-09 2.59518e-09 
3.29835e-09 1.10249e-08 2.34459e-08 4.32033e-08 7.26962e-08 1.13414e-07 1.65304e-07 2.26113e-07 2.91003e-07 3.52426e-07 4.00537e-07 4.2496e-07 4.1664e-07 3.67045e-07 2.74424e-07 1.68481e-07 8.88284e-08 6.31986e-08 7.51495e-08 9.03886e-08 1.28518e-07 1.9567e-07 2.82648e-07 3.83452e-07 5.04038e-07 6.29371e-07 7.41753e-07 8.30856e-07 8.9462e-07 9.5923e-07 1.02881e-06 1.05196e-06 1.00707e-06 9.65833e-07 9.78202e-07 9.166e-07 7.59417e-07 6.11499e-07 5.19993e-07 4.61509e-07 4.03584e-07 3.351e-07 2.60825e-07 1.90087e-07 1.30074e-07 8.38147e-08 5.09129e-08 2.90754e-08 1.5252e-08 6.26008e-09 1.16405e-09 
7.64958e-09 1.94032e-08 3.89014e-08 7.00904e-08 1.16339e-07 1.79477e-07 2.58363e-07 3.47766e-07 4.37851e-07 5.14135e-07 5.58371e-07 5.5254e-07 4.84808e-07 3.57984e-07 2.17949e-07 1.1336e-07 6.31986e-08 7.06795e-08 8.26965e-08 9.12292e-08 1.17801e-07 1.5869e-07 2.10965e-07 2.74388e-07 3.51315e-07 4.31839e-07 5.06847e-07 5.72842e-07 6.38018e-07 7.0898e-07 7.78631e-07 8.30602e-07 8.68629e-07 9.65833e-07 1.05482e-06 9.69507e-07 7.92952e-07 6.76981e-07 6.2163e-07 5.68584e-07 4.90057e-07 3.9174e-07 2.90678e-07 2.01311e-07 1.30823e-07 8.00445e-08 4.61464e-08 2.49011e-08 1.18554e-08 3.50517e-09 3.50517e-09 
4.2053e-09 1.46615e-08 3.27678e-08 6.35688e-08 1.12735e-07 1.85127e-07 2.8257e-07 4.01155e-07 5.2945e-07 6.4803e-07 7.29993e-07 7.43685e-07 6.63848e-07 4.92558e-07 2.95865e-07 1.5707e-07 8.04032e-08 7.06795e-08 8.23171e-08 8.06719e-08 8.61528e-08 1.03884e-07 1.29407e-07 1.63975e-07 2.08306e-07 2.63362e-07 3.24766e-07 3.88001e-07 4.52123e-07 5.17387e-07 5.86206e-07 6.61509e-07 7.40386e-07 8.68629e-07 1.09834e-06 1.20535e-06 1.03718e-06 8.58023e-07 8.04844e-07 7.78707e-07 7.05369e-07 5.83859e-07 4.43245e-07 3.11506e-07 2.04402e-07 1.25964e-07 7.31434e-08 4.00003e-08 2.02297e-08 8.19145e-09 1.60336e-09 
9.6547e-09 2.565e-08 5.40638e-08 1.0272e-07 1.80119e-07 2.93123e-07 4.42429e-07 6.17728e-07 7.95033e-07 9.37064e-07 9.96117e-07 9.23807e-07 7.04841e-07 4.20732e-07 2.18386e-07 1.12555e-07 7.51495e-08 8.23171e-08 7.91078e-08 7.61864e-08 8.25024e-08 9.54353e-08 1.14435e-07 1.41444e-07 1.77722e-07 2.23968e-07 2.7781e-07 3.3612e-07 3.96459e-07 4.59925e-07 5.31603e-07 6.17231e-07 7.40386e-07 1.00707e-06 1.36688e-06 1.3982e-06 1.11962e-06 1.00507e-06 1.02796e-06 9.93223e-07 8.60585e-07 6.72731e-07 4.81449e-07 3.19533e-07 1.98422e-07 1.15949e-07 6.39352e-08 3.31287e-08 1.53348e-08 4.6087e-09 4.6087e-09 
5.07547e-09 1.83815e-08 4.30316e-08 8.78282e-08 1.64575e-07 2.8621e-07 4.61842e-07 6.88136e-07 9.40778e-07 1.17108e-06 1.3101e-06 1.28003e-06 1.02877e-06 6.27633e-07 3.08379e-07 1.56383e-07 8.98569e-08 8.26965e-08 7.91078e-08 7.38789e-08 7.48581e-08 8.17875e-08 9.33104e-08 1.10448e-07 1.35051e-07 1.68273e-07 2.10085e-07 2.58644e-07 3.11493e-07 3.6851e-07 4.32891e-07 5.09971e-07 6.17231e-07 8.30602e-07 1.30799e-06 1.73659e-06 1.6015e-06 1.2762e-06 1.30504e-06 1.35918e-06 1.24927e-06 1.01398e-06 7.42323e-07 4.99459e-07 3.12795e-07 1.83894e-07 1.02039e-07 5.34943e-08 2.61111e-08 1.04358e-08 2.13936e-09 
1.15333e-08 3.19296e-08 7.04788e-08 1.41051e-07 2.61909e-07 4.5253e-07 7.23629e-07 1.06102e-06 1.41091e-06 1.67783e-06 1.74169e-06 1.49771e-06 9.70818e-07 4.58537e-07 2.09403e-07 1.20792e-07 9.03886e-08 8.06719e-08 7.38789e-08 7.23725e-08 7.60017e-08 8.35044e-08 9.50026e-08 1.11961e-07 1.35745e-07 1.66884e-07 2.0493e-07 2.48636e-07 2.97607e-07 3.53828e-07 4.2123e-07 5.09971e-07 6.61509e-07 1.05196e-06 1.76967e-06 2.16756e-06 1.8471e-06 1.63255e-06 1.799e-06 1.77751e-06 1.51364e-06 1.14016e-06 7.8002e-07 4.93301e-07 2.91791e-07 1.62755e-07 8.596e-08 4.28608e-08 1.93117e-08 5.89212e-09 5.89212e-09 
5.82621e-09 2.18002e-08 5.31289e-08 1.1358e-07 2.24515e-07 4.14409e-07 7.11776e-07 1.1258e-06 1.61627e-06 2.06966e-06 2.30711e-06 2.1424e-06 1.51363e-06 7.37017e-07 2.80857e-07 1.60463e-07 1.22144e-07 9.12292e-08 7.61864e-08 7.23725e-08 7.36734e-08 7.85262e-08 8.63392e-08 9.80743e-08 1.14992e-07 1.37849e-07 1.66765e-07 2.01409e-07 2.41782e-07 2.89247e-07 3.46976e-07 4.2123e-07 5.31603e-07 7.78631e-07 1.45365e-06 2.37015e-06 2.67034e-06 2.21775e-06 2.30114e-06 2.46431e-06 2.22981e-06 1.74121e-06 1.21595e-06 7.77958e-07 4.63172e-07 2.59513e-07 1.37805e-07 6.94523e-08 3.27986e-08 1.29451e-08 2.76108e-09 
1.3106e-08 3.7554e-08 8.62105e-08 1.80813e-07 3.54745e-07 6.5204e-07 1.1125e-06 1.73445e-06 2.4194e-06 2.93817e-06 2.97965e-06 2.33212e-06 1.23884e-06 4.29417e-07 1.9183e-07 1.86842e-07 1.28518e-07 8.61528e-08 7.48581e-08 7.36734e-08 7.62897e-08 8.13828e-08 8.92685e-08 1.01023e-07 1.17495e-07 1.39068e-07 1.65822e-07 1.98054e-07 2.36941e-07 2.85045e-07 3.46976e-07 4.32891e-07 5.86206e-07 1.02881e-06 2.05844e-06 3.13691e-06 3.19711e-06 2.90213e-06 3.28558e-06 3.22177e-06 2.63632e-06 1.88936e-06 1.22607e-06 7.35361e-07 4.13701e-07 2.20545e-07 1.11919e-07 5.38895e-08 2.36817e-08 7.31883e-09 7.31883e-09 
6.39664e-09 2.45852e-08 6.18757e-08 1.37496e-07 2.85019e-07 5.56755e-07 1.01949e-06 1.72422e-06 2.63468e-06 3.52878e-06 3.96908e-06 3.48956e-06 2.11072e-06 7.70454e-07 2.07512e-07 2.77183e-07 2.1416e-07 1.17801e-07 8.25024e-08 7.60017e-08 7.62897e-08 7.90617e-08 8.39548e-08 9.16818e-08 1.0311e-07 1.18794e-07 1.3901e-07 1.64143e-07 1.95214e-07 2.3432e-07 2.85045e-07 3.53828e-07 4.59925e-07 7.0898e-07 1.47752e-06 2.9316e-06 3.9345e-06 3.82433e-06 4.08155e-06 4.4908e-06 3.93385e-06 2.91867e-06 1.92882e-06 1.16729e-06 6.59379e-07 3.5248e-07 1.79691e-07 8.74247e-08 4.00842e-08 1.56342e-08 3.4461e-09 
1.425e-08 4.19548e-08 9.92784e-08 2.16361e-07 4.4543e-07 8.67711e-07 1.58135e-06 2.64035e-06 3.91918e-06 4.94885e-06 4.96586e-06 3.51544e-06 1.50051e-06 3.25034e-07 3.72751e-07 3.6699e-07 1.9567e-07 1.03884e-07 8.17875e-08 7.85262e-08 7.90617e-08 8.14344e-08 8.59278e-08 9.32826e-08 1.04158e-07 1.18967e-07 1.38116e-07 1.62427e-07 1.9356e-07 2.3432e-07 2.89247e-07 3.6851e-07 5.17387e-07 9.5923e-07 2.23297e-06 3.93559e-06 4.6622e-06 4.83766e-06 5.7647e-06 5.69348e-06 4.45671e-06 3.02168e-06 1.85084e-06 1.05057e-06 5.62701e-07 2.87626e-07 1.40865e-07 6.57966e-08 2.82766e-08 8.83031e-09 8.83031e-09 
6.75367e-09 2.65245e-08 6.83462e-08 1.56341e-07 3.36626e-07 6.90319e-07 1.34123e-06 2.42614e-06 3.97268e-06 5.64948e-06 6.53663e-06 5.51963e-06 2.88372e-06 8.21304e-07 4.68869e-07 5.9432e-07 3.55959e-07 1.5869e-07 9.54353e-08 8.35044e-08 8.13828e-08 8.14344e-08 8.3185e-08 8.71726e-08 9.40514e-08 1.0433e-07 1.18439e-07 1.37034e-07 1.61364e-07 1.9356e-07 2.36941e-07 2.97607e-07 3.96459e-07 6.38018e-07 1.44961e-06 3.27185e-06 4.81227e-06 5.50576e-06 6.56201e-06 7.65752e-06 6.6291e-06 4.68768e-06 2.92486e-06 1.672e-06 8.97295e-07 4.59187e-07 2.25778e-07 1.06577e-07 4.76428e-08 1.83832e-08 4.16234e-09 
1.49081e-08 4.47982e-08 1.08239e-07 2.42526e-07 5.18304e-07 1.0601e-06 2.05112e-06 3.66466e-06 5.82376e-06 7.76714e-06 7.87808e-06 5.18237e-06 1.93458e-06 6.80902e-07 8.83996e-07 6.38444e-07 2.82648e-07 1.29407e-07 9.33104e-08 8.63392e-08 8.39548e-08 8.3185e-08 8.42501e-08 8.77289e-08 9.41499e-08 1.03965e-07 1.17719e-07 1.36332e-07 1.61364e-07 1.95214e-07 2.41782e-07 3.11493e-07 4.52123e-07 8.9462e-07 2.28231e-06 4.2993e-06 5.63539e-06 6.79488e-06 8.969e-06 9.26925e-06 7.10622e-06 4.5823e-06 2.65253e-06 1.42842e-06 7.3131e-07 3.60213e-07 1.71176e-07 7.79553e-08 3.28695e-08 1.03509e-08 1.03509e-08 
6.88845e-09 2.75353e-08 7.20577e-08 1.67961e-07 3.7127e-07 7.89572e-07 1.61001e-06 3.09132e-06 5.41231e-06 8.21594e-06 9.94584e-06 8.30275e-06 4.05746e-06 1.36181e-06 1.22147e-06 1.07666e-06 5.26121e-07 2.10965e-07 1.14435e-07 9.50026e-08 8.92685e-08 8.59278e-08 8.42501e-08 8.46944e-08 8.77474e-08 9.38424e-08 1.03445e-07 1.17237e-07 1.36332e-07 1.62427e-07 1.98054e-07 2.48636e-07 3.3612e-07 5.72842e-07 1.39765e-06 3.32435e-06 5.22075e-06 6.51657e-06 8.93357e-06 1.14301e-05 1.022e-05 7.03173e-06 4.1738e-06 2.2657e-06 1.16142e-06 5.72275e-07 2.72981e-07 1.25721e-07 5.5048e-08 2.10461e-08 4.87117e-09 
1.50768e-08 4.59898e-08 1.12462e-07 2.56257e-07 5.61142e-07 1.1884e-06 2.41031e-06 4.5651e-06 7.73897e-06 1.09579e-05 1.14707e-05 7.42161e-06 2.94124e-06 1.69251e-06 1.66156e-06 9.66183e-07 3.83452e-07 1.63975e-07 1.10448e-07 9.80743e-08 9.16818e-08 8.71726e-08 8.46944e-08 8.46638e-08 8.74477e-08 9.34241e-08 1.03094e-07 1.17237e-07 1.37034e-07 1.64143e-07 2.01409e-07 2.58644e-07 3.88001e-07 8.30856e-07 2.17282e-06 4.39556e-06 5.92518e-06 7.87751e-06 1.17474e-05 1.32091e-05 1.03093e-05 6.44308e-06 3.564e-06 1.83606e-06 9.05155e-07 4.32515e-07 2.00644e-07 8.95705e-08 3.71907e-08 1.17948e-08 1.17948e-08 
6.80946e-09 2.76356e-08 7.29508e-08 1.71663e-07 3.84943e-07 8.36695e-07 1.76247e-06 3.53946e-06 6.55203e-06 1.05682e-05 1.3477e-05 1.15056e-05 5.82024e-06 2.61746e-06 2.33987e-06 1.66026e-06 7.22863e-07 2.74388e-07 1.41444e-07 1.11961e-07 1.01023e-07 9.32826e-08 8.77289e-08 8.46638e-08 8.43584e-08 8.70726e-08 9.31442e-08 1.03094e-07 1.17719e-07 1.38116e-07 1.65822e-07 2.0493e-07 2.7781e-07 5.06847e-07 1.28479e-06 3.16142e-06 5.19255e-06 6.60735e-06 1.00619e-05 1.44411e-05 1.38199e-05 9.55174e-06 5.50447e-06 2.87661e-06 1.4231e-06 6.80831e-07 3.17259e-07 1.43402e-07 6.18035e-08 2.34622e-08 5.5307e-09 
1.47882e-08 4.56106e-08 1.12041e-07 2.57071e-07 5.69316e-07 1.22817e-06 2.5647e-06 5.06311e-06 9.03981e-06 1.35309e-05 1.48291e-05 9.97816e-06 4.56982e-06 3.07964e-06 2.5973e-06 1.31776e-06 5.04038e-07 2.08306e-07 1.35051e-07 1.14992e-07 1.0311e-07 9.40514e-08 8.77474e-08 8.43584e-08 8.39973e-08 8.68272e-08 9.31442e-08 1.03445e-07 1.18439e-07 1.3901e-07 1.66765e-07 2.10085e-07 3.24766e-07 7.41753e-07 1.95518e-06 4.11516e-06 5.55966e-06 7.69947e-06 1.28707e-05 1.60851e-05 1.31237e-05 8.19325e-06 4.42562e-06 2.21487e-06 1.06332e-06 4.97125e-07 2.26655e-07 9.97423e-08 4.09483e-08 1.30724e-08 1.30724e-08 
6.53686e-09 2.69067e-08 7.1259e-08 1.67949e-07 3.78044e-07 8.27806e-07 1.76846e-06 3.64003e-06 6.99065e-06 1.182e-05 1.58722e-05 1.42726e-05 7.89676e-06 4.24277e-06 3.57617e-06 2.259e-06 9.30605e-07 3.51315e-07 1.77722e-07 1.35745e-07 1.17495e-07 1.04158e-07 9.41499e-08 8.74477e-08 8.39973e-08 8.37648e-08 8.68272e-08 9.34241e-08 1.03965e-07 1.18967e-07 1.39068e-07 1.66884e-07 2.23968e-07 4.31839e-07 1.12506e-06 2.78164e-06 4.61342e-06 5.75583e-06 9.57949e-06 1.54727e-05 1.6036e-05 1.14133e-05 6.57657e-06 3.38355e-06 1.64144e-06 7.71108e-07 3.53928e-07 1.58021e-07 6.73817e-08 2.54681e-08 6.09904e-09 
1.40969e-08 4.38479e-08 1.07535e-07 2.46395e-07 5.45598e-07 1.17996e-06 2.48491e-06 4.99885e-06 9.2082e-06 1.43954e-05 1.66709e-05 1.21054e-05 6.38553e-06 4.50775e-06 3.46986e-06 1.66098e-06 6.29371e-07 2.63362e-07 1.68273e-07 1.37849e-07 1.18794e-07 1.0433e-07 9.38424e-08 8.70726e-08 8.37648e-08 8.37648e-08 8.70726e-08 9.38424e-08 1.0433e-07 1.18794e-07 1.37849e-07 1.68273e-07 2.63362e-07 6.29371e-07 1.66098e-06 3.46986e-06 4.50775e-06 6.38553e-06 1.21054e-05 1.66709e-05 1.43954e-05 9.2082e-06 4.99885e-06 2.48491e-06 1.17996e-06 5.45598e-07 2.46395e-07 1.07535e-07 4.38479e-08 1.40969e-08 1.40969e-08 
6.09904e-09 2.54681e-08 6.73817e-08 1.58021e-07 3.53928e-07 7.71108e-07 1.64144e-06 3.38355e-06 6.57657e-06 1.14133e-05 1.6036e-05 1.54727e-05 9.57949e-06 5.75583e-06 4.61342e-06 2.78164e-06 1.12506e-06 4.31839e-07 2.23968e-07 1.66884e-07 1.39068e-07 1.18967e-07 1.03965e-07 9.34241e-08 8.68272e-08 8.37648e-08 8.39973e-08 8.74477e-08 9.41499e-08 1.04158e-07 1.17495e-07 1.35745e-07 1.77722e-07 3.51315e-07 9.30605e-07 2.259e-06 3.57617e-06 4.24277e-06 7.89676e-06 1.42726e-05 1.58722e-05 1.182e-05 6.99065e-06 3.64003e-06 1.76846e-06 8.27806e-07 3.78044e-07 1.67949e-07 7.1259e-08 2.69067e-08 6.53686e-09 
1.30724e-08 4.09483e-08 9.97423e-08 2.26655e-07 4.97125e-07 1.06332e-06 2.21487e-06 4.42562e-06 8.19325e-06 1.31237e-05 1.60851e-05 1.28707e-05 7.69947e-06 5.55966e-06 4.11516e-06 1.95518e-06 7.41753e-07 3.24766e-07 2.10085e-07 1.66765e-07 1.3901e-07 1.18439e-07 1.03445e-07 9.31442e-08 8.68272e-08 8.39973e-08 8.43584e-08 8.77474e-08 9.40514e-08 1.0311e-07 1.14992e-07 1.35051e-07 2.08306e-07 5.04038e-07 1.31776e-06 2.5973e-06 3.07964e-06 4.56982e-06 9.97816e-06 1.48291e-05 1.35309e-05 9.03981e-06 5.06311e-06 2.5647e-06 1.22817e-06 5.69316e-07 2.57071e-07 1.12041e-07 4.56106e-08 1.47882e-08 1.47882e-08 
5.5307e-09 2.34622e-08 6.18035e-08 1.43402e-07 3.17259e-07 6.80831e-07 1.4231e-06 2.87661e-06 5.50447e-06 9.55174e-06 1.38199e-05 1.44411e-05 1.00619e-05 6.60735e-06 5.19255e-06 3.16142e-06 1.28479e-06 5.06847e-07 2.7781e-07 2.0493e-07 1.65822e-07 1.38116e-07 1.17719e-07 1.03094e-07 9.31442e-08 8.70726e-08 8.43584e-08 8.46638e-08 8.77289e-08 9.32826e-08 1.01023e-07 1.11961e-07 1.41444e-07 2.74388e-07 7.22863e-07 1.66026e-06 2.33987e-06 2.61746e-06 5.82024e-06 1.15056e-05 1.3477e-05 1.05682e-05 6.55203e-06 3.53946e-06 1.76247e-06 8.36695e-07 3.84943e-07 1.71663e-07 7.29508e-08 2.76356e-08 6.80946e-09 
1.17948e-08 3.71907e-08 8.95705e-08 2.00644e-07 4.32515e-07 9.05155e-07 1.83606e-06 3.564e-06 6.44308e-06 1.03093e-05 1.32091e-05 1.17474e-05 7.87751e-06 5.92518e-06 4.39556e-06 2.17282e-06 8.30856e-07 3.88001e-07 2.58644e-07 2.01409e-07 1.64143e-07 1.37034e-07 1.17237e-07 1.03094e-07 9.34241e-08 8.74477e-08 8.46638e-08 8.46944e-08 8.71726e-08 9.16818e-08 9.80743e-08 1.10448e-07 1.63975e-07 3.83452e-07 9.66183e-07 1.66156e-06 1.69251e-06 2.94124e-06 7.42161e-06 1.14707e-05 1.09579e-05 7.73897e-06 4.5651e-06 2.41031e-06 1.1884e-06 5.61142e-07 2.56257e-07 1.12462e-07 4.59898e-08 1.50768e-08 1.50768e-08 
4.87117e-09 2.10461e-08 5.5048e-08 1.25721e-07 2.72981e-07 5.72275e-07 1.16142e-06 2.2657e-06 4.1738e-06 7.03173e-06 1.022e-05 1.14301e-05 8.93357e-06 6.51657e-06 5.22075e-06 3.32435e-06 1.39765e-06 5.72842e-07 3.3612e-07 2.48636e-07 1.98054e-07 1.62427e-07 1.36332e-07 1.17237e-07 1.03445e-07 9.38424e-08 8.77474e-08 8.46944e-08 8.42501e-08 8.59278e-08 8.92685e-08 9.50026e-08 1.14435e-07 2.10965e-07 5.26121e-07 1.07666e-06 1.22147e-06 1.36181e-06 4.05746e-06 8.30275e-06 9.94584e-06 8.21594e-06 5.41231e-06 3.09132e-06 1.61001e-06 7.89572e-07 3.7127e-07 1.67961e-07 7.20577e-08 2.75353e-08 6.88845e-09 
1.03509e-08 3.28695e-08 7.79553e-08 1.71176e-07 3.60213e-07 7.3131e-07 1.42842e-06 2.65253e-06 4.5823e-06 7.10622e-06 9.26925e-06 8.969e-06 6.79488e-06 5.63539e-06 4.2993e-06 2.28231e-06 8.9462e-07 4.52123e-07 3.11493e-07 2.41782e-07 1.95214e-07 1.61364e-07 1.36332e-07 1.17719e-07 1.03965e-07 9.41499e-08 8.77289e-08 8.42501e-08 8.3185e-08 8.39548e-08 8.63392e-08 9.33104e-08 1.29407e-07 2.82648e-07 6.38444e-07 8.83996e-07 6.80902e-07 1.93458e-06 5.18237e-06 7.87808e-06 7.76714e-06 5.82376e-06 3.66466e-06 2.05112e-06 1.0601e-06 5.18304e-07 2.42526e-07 1.08239e-07 4.47982e-08 1.49081e-08 1.49081e-08 
4.16234e-09 1.83832e-08 4.76428e-08 1.06577e-07 2.25778e-07 4.59187e-07 8.97295e-07 1.672e-06 2.92486e-06 4.68768e-06 6.6291e-06 7.65752e-06 6.56201e-06 5.50576e-06 4.81227e-06 3.27185e-06 1.44961e-06 6.38018e-07 3.96459e-07 2.97607e-07 2.36941e-07 1.9356e-07 1.61364e-07 1.37034e-07 1.18439e-07 1.0433e-07 9.40514e-08 8.71726e-08 8.3185e-08 8.14344e-08 8.13828e-08 8.35044e-08 9.54353e-08 1.5869e-07 3.55959e-07 5.9432e-07 4.68869e-07 8.21304e-07 2.88372e-06 5.51963e-06 6.53663e-06 5.64948e-06 3.97268e-06 2.42614e-06 1.34123e-06 6.90319e-07 3.36626e-07 1.56341e-07 6.83462e-08 2.65245e-08 6.75367e-09 
8.83031e-09 2.82766e-08 6.57966e-08 1.40865e-07 2.87626e-07 5.62701e-07 1.05057e-06 1.85084e-06 3.02168e-06 4.45671e-06 5.69348e-06 5.7647e-06 4.83766e-06 4.6622e-06 3.93559e-06 2.23297e-06 9.5923e-07 5.17387e-07 3.6851e-07 2.89247e-07 2.3432e-07 1.9356e-07 1.62427e-07 1.38116e-07 1.18967e-07 1.04158e-07 9.32826e-08 8.59278e-08 8.14344e-08 7.90617e-08 7.85262e-08 8.17875e-08 1.03884e-07 1.9567e-07 3.6699e-07 3.72751e-07 3.25034e-07 1.50051e-06 3.51544e-06 4.96586e-06 4.94885e-06 3.91918e-06 2.64035e-06 1.58135e-06 8.67711e-07 4.4543e-07 2.16361e-07 9.92784e-08 4.19548e-08 1.425e-08 1.425e-08 
3.4461e-09 1.56342e-08 4.00842e-08 8.74247e-08 1.79691e-07 3.5248e-07 6.59379e-07 1.16729e-06 1.92882e-06 2.91867e-06 3.93385e-06 4.4908e-06 4.08155e-06 3.82433e-06 3.9345e-06 2.9316e-06 1.47752e-06 7.0898e-07 4.59925e-07 3.53828e-07 2.85045e-07 2.3432e-07 1.95214e-07 1.64143e-07 1.3901e-07 1.18794e-07 1.0311e-07 9.16818e-08 8.39548e-08 7.90617e-08 7.62897e-08 7.60017e-08 8.25024e-08 1.17801e-07 2.1416e-07 2.77183e-07 2.07512e-07 7.70454e-07 2.11072e-06 3.48956e-06 3.96908e-06 3.52878e-06 2.63468e-06 1.72422e-06 1.01949e-06 5.56755e-07 2.85019e-07 1.37496e-07 6.18757e-08 2.45852e-08 6.39664e-09 
7.31883e-09 2.36817e-08 5.38895e-08 1.11919e-07 2.20545e-07 4.13701e-07 7.35361e-07 1.22607e-06 1.88936e-06 2.63632e-06 3.22177e-06 3.28558e-06 2.90213e-06 3.19711e-06 3.13691e-06 2.05844e-06 1.02881e-06 5.86206e-07 4.32891e-07 3.46976e-07 2.85045e-07 2.36941e-07 1.98054e-07 1.65822e-07 1.39068e-07 1.17495e-07 1.01023e-07 8.92685e-08 8.13828e-08 7.62897e-08 7.36734e-08 7.48581e-08 8.61528e-08 1.28518e-07 1.86842e-07 1.9183e-07 4.29417e-07 1.23884e-06 2.33212e-06 2.97965e-06 2.93817e-06 2.4194e-06 1.73445e-06 1.1125e-06 6.5204e-07 3.54745e-07 1.80813e-07 8.62105e-08 3.7554e-08 1.3106e-08 1.3106e-08 
2.76108e-09 1.29451e-08 3.27986e-08 6.94523e-08 1.37805e-07 2.59513e-07 4.63172e-07 7.77958e-07 1.21595e-06 1.74121e-06 2.22981e-06 2.46431e-06 2.30114e-06 2.21775e-06 2.67034e-06 2.37015e-06 1.45365e-06 7.78631e-07 5.31603e-07 4.2123e-07 3.46976e-07 2.89247e-07 2.41782e-07 2.01409e-07 1.66765e-07 1.37849e-07 1.14992e-07 9.80743e-08 8.63392e-08 7.85262e-08 7.36734e-08 7.23725e-08 7.61864e-08 9.12292e-08 1.22144e-07 1.60463e-07 2.80857e-07 7.37017e-07 1.51363e-06 2.1424e-06 2.30711e-06 2.06966e-06 1.61627e-06 1.1258e-06 7.11776e-07 4.14409e-07 2.24515e-07 1.1358e-07 5.31289e-08 2.18002e-08 5.82621e-09 
5.89212e-09 1.93117e-08 4.28608e-08 8.596e-08 1.62755e-07 2.91791e-07 4.93301e-07 7.8002e-07 1.14016e-06 1.51364e-06 1.77751e-06 1.799e-06 1.63255e-06 1.8471e-06 2.16756e-06 1.76967e-06 1.05196e-06 6.61509e-07 5.09971e-07 4.2123e-07 3.53828e-07 2.97607e-07 2.48636e-07 2.0493e-07 1.66884e-07 1.35745e-07 1.11961e-07 9.50026e-08 8.35044e-08 7.60017e-08 7.23725e-08 7.38789e-08 8.06719e-08 9.03886e-08 1.20792e-07 2.09403e-07 4.58537e-07 9.70818e-07 1.49771e-06 1.74169e-06 1.67783e-06 1.41091e-06 1.06102e-06 7.23629e-07 4.5253e-07 2.61909e-07 1.41051e-07 7.04788e-08 3.19296e-08 1.15333e-08 1.15333e-08 
2.13936e-09 1.04358e-08 2.61111e-08 5.34943e-08 1.02039e-07 1.83894e-07 3.12795e-07 4.99459e-07 7.42323e-07 1.01398e-06 1.24927e-06 1.35918e-06 1.30504e-06 1.2762e-06 1.6015e-06 1.73659e-06 1.30799e-06 8.30602e-07 6.17231e-07 5.09971e-07 4.32891e-07 3.6851e-07 3.11493e-07 2.58644e-07 2.10085e-07 1.68273e-07 1.35051e-07 1.10448e-07 9.33104e-08 8.17875e-08 7.48581e-08 7.38789e-08 7.91078e-08 8.26965e-08 8.98569e-08 1.56383e-07 3.08379e-07 6.27633e-07 1.02877e-06 1.28003e-06 1.3101e-06 1.17108e-06 9.40778e-07 6.88136e-07 4.61842e-07 2.8621e-07 1.64575e-07 8.78282e-08 4.30316e-08 1.83815e-08 5.07547e-09 
4.6087e-09 1.53348e-08 3.31287e-08 6.39352e-08 1.15949e-07 1.98422e-07 3.19533e-07 4.81449e-07 6.72731e-07 8.60585e-07 9.93223e-07 1.02796e-06 1.00507e-06 1.11962e-06 1.3982e-06 1.36688e-06 1.00707e-06 7.40386e-07 6.17231e-07 5.31603e-07 4.59925e-07 3.96459e-07 3.3612e-07 2.7781e-07 2.23968e-07 1.77722e-07 1.41444e-07 1.14435e-07 9.54353e-08 8.25024e-08 7.61864e-08 7.91078e-08 8.23171e-08 7.51495e-08 1.12555e-07 2.18386e-07 4.20732e-07 7.04841e-07 9.23807e-07 9.96117e-07 9.37064e-07 7.95033e-07 6.17728e-07 4.42429e-07 2.93123e-07 1.80119e-07 1.0272e-07 5.40638e-08 2.565e-08 9.6547e-09 9.6547e-09 
1.60336e-09 8.19145e-09 2.02297e-08 4.00003e-08 7.31434e-08 1.25964e-07 2.04402e-07 3.11506e-07 4.43245e-07 5.83859e-07 7.05369e-07 7.78707e-07 8.04844e-07 8.58023e-07 1.03718e-06 1.20535e-06 1.09834e-06 8.68629e-07 7.40386e-07 6.61509e-07 5.86206e-07 5.17387e-07 4.52123e-07 3.88001e-07 3.24766e-07 2.63362e-07 2.08306e-07 1.63975e-07 1.29407e-07 1.03884e-07 8.61528e-08 8.06719e-08 8.23171e-08 7.06795e-08 8.04032e-08 1.5707e-07 2.95865e-07 4.92558e-07 6.63848e-07 7.43685e-07 7.29993e-07 6.4803e-07 5.2945e-07 4.01155e-07 2.8257e-07 1.85127e-07 1.12735e-07 6.35688e-08 3.27678e-08 1.46615e-08 4.2053e-09 
3.50517e-09 1.18554e-08 2.49011e-08 4.61464e-08 8.00445e-08 1.30823e-07 2.01311e-07 2.90678e-07 3.9174e-07 4.90057e-07 5.68584e-07 6.2163e-07 6.76981e-07 7.92952e-07 9.69507e-07 1.05482e-06 9.65833e-07 8.68629e-07 8.30602e-07 7.78631e-07 7.0898e-07 6.38018e-07 5.72842e-07 5.06847e-07 4.31839e-07 3.51315e-07 2.74388e-07 2.10965e-07 1.5869e-07 1.17801e-07 9.12292e-08 8.26965e-08 7.06795e-08 6.31986e-08 1.1336e-07 2.17949e-07 3.57984e-07 4.84808e-07 5.5254e-07 5.58371e-07 5.14135e-07 4.37851e-07 3.47766e-07 2.58363e-07 1.79477e-07 1.16339e-07 7.00904e-08 3.89014e-08 1.94032e-08 7.64958e-09 7.64958e-09 
1.16405e-09 6.26008e-09 1.5252e-08 2.90754e-08 5.09129e-08 8.38147e-08 1.30074e-07 1.90087e-07 2.60825e-07 3.351e-07 4.03584e-07 4.61509e-07 5.19993e-07 6.11499e-07 7.59417e-07 9.166e-07 9.78202e-07 9.65833e-07 1.00707e-06 1.05196e-06 1.02881e-06 9.5923e-07 8.9462e-07 8.30856e-07 7.41753e-07 6.29371e-07 5.04038e-07 3.83452e-07 2.82648e-07 1.9567e-07 1.28518e-07 9.03886e-08 7.51495e-08 6.31986e-08 8.88284e-08 1.68481e-07 2.74424e-07 3.67045e-07 4.1664e-07 4.2496e-07 4.00537e-07 3.52426e-07 2.91003e-07 2.26113e-07 1.65304e-07 1.13414e-07 7.26962e-08 4.32033e-08 2.34459e-08 1.10249e-08 3.29835e-09 
2.59518e-09 8.91923e-09 1.82095e-08 3.2393e-08 5.37644e-08 8.40975e-08 1.24144e-07 1.72808e-07 2.26638e-07 2.8074e-07 3.32146e-07 3.85859e-07 4.6012e-07 5.78294e-07 7.38893e-07 8.88696e-07 9.78202e-07 1.09834e-06 1.30799e-06 1.45365e-06 1.47752e-06 1.44961e-06 1.39765e-06 1.28479e-06 1.12506e-06 9.30605e-07 7.22863e-07 5.26121e-07 3.55959e-07 2.1416e-07 1.22144e-07 8.98569e-08 8.04032e-08 8.88284e-08 1.43238e-07 2.24111e-07 2.92444e-07 3.25084e-07 3.27966e-07 3.105e-07 2.7861e-07 2.37028e-07 1.91089e-07 1.45863e-07 1.05164e-07 7.12866e-08 4.51071e-08 2.6329e-08 1.38106e-08 5.71781e-09 5.71781e-09 
8.21079e-10 4.65644e-09 1.11871e-08 2.05705e-08 3.45227e-08 5.44335e-08 8.10691e-08 1.1418e-07 1.5219e-07 1.9261e-07 2.33798e-07 2.78283e-07 3.36608e-07 4.26522e-07 5.60705e-07 7.28177e-07 8.88696e-07 1.05482e-06 1.36688e-06 1.76967e-06 2.05844e-06 2.23297e-06 2.28231e-06 2.17282e-06 1.95518e-06 1.66098e-06 1.31776e-06 9.66183e-07 6.38444e-07 3.6699e-07 1.86842e-07 1.20792e-07 1.12555e-07 1.1336e-07 1.43238e-07 1.99743e-07 2.47577e-07 2.6613e-07 2.6152e-07 2.43949e-07 2.19227e-07 1.89699e-07 1.5724e-07 1.24341e-07 9.349e-08 6.6542e-08 4.45329e-08 2.77361e-08 1.58011e-08 7.80862e-09 2.44172e-09 
1.87279e-09 6.52601e-09 1.29604e-08 2.21639e-08 3.52754e-08 5.29776e-08 7.53618e-08 1.01765e-07 1.30964e-07 1.62111e-07 1.96598e-07 2.40617e-07 3.06453e-07 4.08318e-07 5.52465e-07 7.28177e-07 9.166e-07 1.20535e-06 1.73659e-06 2.37015e-06 2.9316e-06 3.27185e-06 3.32435e-06 3.16142e-06 2.78164e-06 2.259e-06 1.66026e-06 1.07666e-06 5.9432e-07 2.77183e-07 1.60463e-07 1.56383e-07 1.5707e-07 1.68481e-07 1.99743e-07 2.2608e-07 2.30491e-07 2.18271e-07 1.97785e-07 1.74771e-07 1.51175e-07 1.27202e-07 1.03248e-07 8.0326e-08 5.95807e-08 4.18647e-08 2.76106e-08 1.68543e-08 9.26851e-09 4.02848e-09 4.02848e-09 
5.64976e-10 3.36996e-09 7.98153e-09 1.41839e-08 2.28736e-08 3.46576e-08 4.97459e-08 6.79077e-08 8.85694e-08 1.11319e-07 1.36969e-07 1.69172e-07 2.15993e-07 2.89279e-07 4.00076e-07 5.52465e-07 7.38893e-07 9.69507e-07 1.3982e-06 2.16756e-06 3.13691e-06 3.93559e-06 4.2993e-06 4.39556e-06 4.11516e-06 3.46986e-06 2.5973e-06 1.66156e-06 8.83996e-07 3.72751e-07 1.9183e-07 2.09403e-07 2.18386e-07 2.17949e-07 2.24111e-07 2.2608e-07 2.13443e-07 1.92068e-07 1.67513e-07 1.43628e-07 1.2204e-07 1.02517e-07 8.43381e-08 6.72599e-08 5.15784e-08 3.77614e-08 2.61673e-08 1.69551e-08 1.00823e-08 5.21913e-09 1.70516e-09 
1.3187e-09 4.64236e-09 8.98373e-09 1.48145e-08 2.26918e-08 3.28618e-08 4.52904e-08 5.97314e-08 7.60035e-08 9.45963e-08 1.1767e-07 1.50337e-07 2.01312e-07 2.81424e-07 4.00076e-07 5.60705e-07 7.59417e-07 1.03718e-06 1.6015e-06 2.67034e-06 3.9345e-06 4.81227e-06 5.22075e-06 5.19255e-06 4.61342e-06 3.57617e-06 2.33987e-06 1.22147e-06 4.68869e-07 2.07512e-07 2.80857e-07 3.08379e-07 2.95865e-07 2.74424e-07 2.47577e-07 2.13443e-07 1.79563e-07 1.49165e-07 1.23091e-07 1.01462e-07 8.36901e-08 6.86725e-08 5.54393e-08 4.35352e-08 3.29384e-08 2.37931e-08 1.62261e-08 1.0284e-08 5.89411e-09 2.68044e-09 2.68044e-09 
3.80934e-10 2.3728e-09 5.54099e-09 9.54679e-09 1.48535e-08 2.1726e-08 3.02175e-08 4.02434e-08 5.17404e-08 6.50144e-08 8.13479e-08 1.03911e-07 1.38681e-07 1.94459e-07 2.81424e-07 4.08318e-07 5.78294e-07 7.92952e-07 1.11962e-06 1.8471e-06 3.19711e-06 4.6622e-06 5.63539e-06 5.92518e-06 5.55966e-06 4.50775e-06 3.07964e-06 1.69251e-06 6.80902e-07 3.25034e-07 4.29417e-07 4.58537e-07 4.20732e-07 3.57984e-07 2.92444e-07 2.30491e-07 1.79563e-07 1.40435e-07 1.10645e-07 8.78301e-08 7.03007e-08 5.66386e-08 4.55759e-08 3.61944e-08 2.80238e-08 2.09222e-08 1.4892e-08 9.96143e-09 6.13777e-09 3.3078e-09 1.12581e-09 
9.06925e-10 3.21198e-09 6.0723e-09 9.69724e-09 1.43658e-08 2.01744e-08 2.71167e-08 3.51879e-08 4.45876e-08 5.60849e-08 7.16251e-08 9.51384e-08 1.33124e-07 1.94459e-07 2.89279e-07 4.26522e-07 6.11499e-07 8.58023e-07 1.2762e-06 2.21775e-06 3.82433e-06 5.50576e-06 6.51657e-06 6.60735e-06 5.75583e-06 4.24277e-06 2.61746e-06 1.36181e-06 8.21304e-07 7.70454e-07 7.37017e-07 6.27633e-07 4.92558e-07 3.67045e-07 2.6613e-07 1.92068e-07 1.40435e-07 1.04742e-07 7.95698e-08 6.13941e-08 4.80276e-08 3.79503e-08 3.00269e-08 2.3496e-08 1.79476e-08 1.3214e-08 9.24586e-09 6.03793e-09 3.57893e-09 1.6924e-09 1.6924e-09 
2.52704e-10 1.6265e-09 3.74757e-09 6.2859e-09 9.48516e-09 1.34731e-08 1.82819e-08 2.39347e-08 3.05681e-08 3.86531e-08 4.93825e-08 6.528e-08 9.08791e-08 1.33124e-07 2.01312e-07 3.06453e-07 4.6012e-07 6.76981e-07 1.00507e-06 1.63255e-06 2.90213e-06 4.83766e-06 6.79488e-06 7.87751e-06 7.69947e-06 6.38553e-06 4.56982e-06 2.94124e-06 1.93458e-06 1.50051e-06 1.23884e-06 9.70818e-07 7.04841e-07 4.84808e-07 3.25084e-07 2.18271e-07 1.49165e-07 1.04742e-07 7.56617e-08 5.59964e-08 4.2278e-08 3.24634e-08 2.52298e-08 1.96645e-08 1.51765e-08 1.14368e-08 8.29165e-09 5.68263e-09 3.59961e-09 2.00306e-09 7.06259e-10 
6.09975e-10 2.16458e-09 4.01072e-09 6.23548e-09 8.98994e-09 1.23298e-08 1.62904e-08 2.09707e-08 2.66673e-08 3.4119e-08 4.49292e-08 6.21529e-08 9.08791e-08 1.38681e-07 2.15993e-07 3.36608e-07 5.19993e-07 8.04844e-07 1.30504e-06 2.30114e-06 4.08155e-06 6.56201e-06 8.93357e-06 1.00619e-05 9.57949e-06 7.89676e-06 5.82024e-06 4.05746e-06 2.88372e-06 2.11072e-06 1.51363e-06 1.02877e-06 6.63848e-07 4.1664e-07 2.6152e-07 1.67513e-07 1.10645e-07 7.56617e-08 5.34477e-08 3.87917e-08 2.87865e-08 2.176e-08 1.6666e-08 1.28121e-08 9.75719e-09 7.24916e-09 5.16226e-09 3.44771e-09 2.09566e-09 1.02164e-09 1.02164e-09 
1.65465e-10 1.08728e-09 2.47497e-09 4.06109e-09 5.98104e-09 8.311e-09 1.10926e-08 1.44008e-08 1.84293e-08 2.36442e-08 3.10646e-08 4.27086e-08 6.21529e-08 9.51384e-08 1.50337e-07 2.40617e-07 3.85859e-07 6.2163e-07 1.02796e-06 1.799e-06 3.28558e-06 5.7647e-06 8.969e-06 1.17474e-05 1.28707e-05 1.21054e-05 9.97816e-06 7.42161e-06 5.18237e-06 3.51544e-06 2.33212e-06 1.49771e-06 9.23807e-07 5.5254e-07 3.27966e-07 1.97785e-07 1.23091e-07 7.95698e-08 5.34477e-08 3.71477e-08 2.65552e-08 1.94266e-08 1.44859e-08 1.09492e-08 8.30914e-09 6.24417e-09 4.56708e-09 3.18231e-09 2.05652e-09 1.17054e-09 4.24167e-10 
4.01959e-10 1.42453e-09 2.59682e-09 3.95461e-09 5.59015e-09 7.55089e-09 9.89615e-09 1.27576e-08 1.64364e-08 2.15861e-08 2.95281e-08 4.27086e-08 6.528e-08 1.03911e-07 1.69172e-07 2.78283e-07 4.61509e-07 7.78707e-07 1.35918e-06 2.46431e-06 4.4908e-06 7.65752e-06 1.14301e-05 1.44411e-05 1.54727e-05 1.42726e-05 1.15056e-05 8.30275e-06 5.51963e-06 3.48956e-06 2.1424e-06 1.28003e-06 7.43685e-07 4.2496e-07 2.43949e-07 1.43628e-07 8.78301e-08 5.59964e-08 3.71477e-08 2.55039e-08 1.80089e-08 1.30146e-08 9.58733e-09 7.15896e-09 5.3655e-09 3.97656e-09 2.85625e-09 1.93657e-09 1.19703e-09 5.95428e-10 5.95428e-10 
1.07203e-10 7.10829e-10 1.60158e-09 2.58499e-09 3.74299e-09 5.13142e-09 6.79995e-09 8.84143e-09 1.14559e-08 1.50685e-08 2.0544e-08 2.95281e-08 4.49292e-08 7.16251e-08 1.1767e-07 1.96598e-07 3.32146e-07 5.68584e-07 9.93223e-07 1.77751e-06 3.22177e-06 5.69348e-06 9.26925e-06 1.32091e-05 1.60851e-05 1.66709e-05 1.48291e-05 1.14707e-05 7.87808e-06 4.96586e-06 2.97965e-06 1.74169e-06 9.96117e-07 5.58371e-07 3.105e-07 1.74771e-07 1.01462e-07 6.13941e-08 3.87917e-08 2.55039e-08 1.73413e-08 1.21194e-08 8.66466e-09 6.3127e-09 4.66019e-09 3.4499e-09 2.51849e-09 1.76947e-09 1.15808e-09 6.67751e-10 2.46236e-10 
2.60252e-10 9.18964e-10 1.65527e-09 2.4861e-09 3.47461e-09 4.66607e-09 6.12839e-09 7.99796e-09 1.05564e-08 1.43725e-08 2.0544e-08 3.10646e-08 4.93825e-08 8.13479e-08 1.36969e-07 2.33798e-07 4.03584e-07 7.05369e-07 1.24927e-06 2.22981e-06 3.93385e-06 6.6291e-06 1.022e-05 1.38199e-05 1.6036e-05 1.58722e-05 1.3477e-05 9.94584e-06 6.53663e-06 3.96908e-06 2.30711e-06 1.3101e-06 7.29993e-07 4.00537e-07 2.19227e-07 1.2204e-07 7.03007e-08 4.2278e-08 2.65552e-08 1.73413e-08 1.16978e-08 8.10231e-09 5.73685e-09 4.1371e-09 3.02095e-09 2.20826e-09 1.58424e-09 1.08222e-09 6.74961e-10 3.38815e-10 3.38815e-10 
6.88851e-11 4.56301e-10 1.02011e-09 1.62934e-09 2.33812e-09 3.19197e-09 4.2429e-09 5.58617e-09 7.41162e-09 1.0097e-08 1.43725e-08 2.15861e-08 3.4119e-08 5.60849e-08 9.45963e-08 1.62111e-07 2.8074e-07 4.90057e-07 8.60585e-07 1.51364e-06 2.63632e-06 4.45671e-06 7.10622e-06 1.03093e-05 1.31237e-05 1.43954e-05 1.35309e-05 1.09579e-05 7.76714e-06 4.94885e-06 2.93817e-06 1.67783e-06 9.37064e-07 5.14135e-07 2.7861e-07 1.51175e-07 8.36901e-08 4.80276e-08 2.87865e-08 1.80089e-08 1.16978e-08 7.83744e-09 5.38511e-09 3.77921e-09 2.69941e-09 1.95024e-09 1.40629e-09 9.87568e-10 6.50001e-10 3.76296e-10 1.39679e-10 
1.66186e-10 5.83879e-10 1.04412e-09 1.55802e-09 2.17219e-09 2.92932e-09 3.89757e-09 5.20704e-09 7.11125e-09 1.0097e-08 1.50685e-08 2.36442e-08 3.86531e-08 6.50144e-08 1.11319e-07 1.9261e-07 3.351e-07 5.83859e-07 1.01398e-06 1.74121e-06 2.91867e-06 4.68768e-06 7.03173e-06 9.55174e-06 1.14133e-05 1.182e-05 1.05682e-05 8.21594e-06 5.64948e-06 3.52878e-06 2.06966e-06 1.17108e-06 6.4803e-07 3.52426e-07 1.89699e-07 1.02517e-07 5.66386e-08 3.24634e-08 1.94266e-08 1.21194e-08 7.83744e-09 5.21934e-09 3.55997e-09 2.47782e-09 1.75389e-09 1.25357e-09 8.89845e-10 6.07752e-10 3.79828e-10 1.90424e-10 1.90424e-10 
4.40226e-11 2.89019e-10 6.42941e-10 1.02268e-09 1.46658e-09 2.01297e-09 2.71213e-09 3.65456e-09 5.01223e-09 7.11125e-09 1.05564e-08 1.64364e-08 2.66673e-08 4.45876e-08 7.60035e-08 1.30964e-07 2.26638e-07 3.9174e-07 6.72731e-07 1.14016e-06 1.88936e-06 3.02168e-06 4.5823e-06 6.44308e-06 8.19325e-06 9.2082e-06 9.03981e-06 7.73897e-06 5.82376e-06 3.91918e-06 2.4194e-06 1.41091e-06 7.95033e-07 4.37851e-07 2.37028e-07 1.27202e-07 6.86725e-08 3.79503e-08 2.176e-08 1.30146e-08 8.10231e-09 5.21934e-09 3.45654e-09 2.34154e-09 1.61721e-09 1.13476e-09 8.01775e-10 5.58096e-10 3.66966e-10 2.11737e-10 7.83035e-11 
1.05147e-10 3.67355e-10 6.55413e-10 9.78948e-10 1.37379e-09 1.87888e-09 2.55809e-09 3.52928e-09 5.01223e-09 7.41162e-09 1.14559e-08 1.84293e-08 3.05681e-08 5.17404e-08 8.85694e-08 1.5219e-07 2.60825e-07 4.43245e-07 7.42323e-07 1.21595e-06 1.92882e-06 2.92486e-06 4.1738e-06 5.50447e-06 6.57657e-06 6.99065e-06 6.55203e-06 5.41231e-06 3.97268e-06 2.63468e-06 1.61627e-06 9.40778e-07 5.2945e-07 2.91003e-07 1.5724e-07 8.43381e-08 4.55759e-08 2.52298e-08 1.44859e-08 8.66466e-09 5.38511e-09 3.45654e-09 2.27714e-09 1.53265e-09 1.05083e-09 7.30926e-10 5.09584e-10 3.45481e-10 2.15137e-10 1.0685e-10 1.0685e-10 
2.80773e-11 1.816e-10 4.03205e-10 6.42772e-10 9.28718e-10 1.29338e-09 1.78277e-09 2.47836e-09 3.52928e-09 5.20704e-09 7.99796e-09 1.27576e-08 2.09707e-08 3.51879e-08 5.97314e-08 1.01765e-07 1.72808e-07 2.90678e-07 4.81449e-07 7.8002e-07 1.22607e-06 1.85084e-06 2.65253e-06 3.564e-06 4.42562e-06 4.99885e-06 5.06311e-06 4.5651e-06 3.66466e-06 2.64035e-06 1.73445e-06 1.06102e-06 6.17728e-07 3.47766e-07 1.91089e-07 1.03248e-07 5.54393e-08 3.00269e-08 1.6666e-08 9.58733e-09 5.73685e-09 3.55997e-09 2.27714e-09 1.49259e-09 9.98445e-10 6.79746e-10 4.68418e-10 3.21015e-10 2.09645e-10 1.19966e-10 4.38561e-11 
6.62459e-11 2.30112e-10 4.11605e-10 6.19825e-10 8.8282e-10 1.23485e-09 1.73276e-09 2.47836e-09 3.65456e-09 5.58617e-09 8.84143e-09 1.44008e-08 2.39347e-08 4.02434e-08 6.79077e-08 1.1418e-07 1.90087e-07 3.11506e-07 4.99459e-07 7.77958e-07 1.16729e-06 1.672e-06 2.2657e-06 2.87661e-06 3.38355e-06 3.64003e-06 3.53946e-06 3.09132e-06 2.42614e-06 1.72422e-06 1.1258e-06 6.88136e-07 4.01155e-07 2.26113e-07 1.24341e-07 6.72599e-08 3.61944e-08 1.96645e-08 1.09492e-08 6.3127e-09 3.77921e-09 2.34154e-09 1.49259e-09 9.73523e-10 6.47375e-10 4.37628e-10 2.98261e-10 1.99549e-10 1.23299e-10 6.03999e-11 6.03999e-11 
1.79383e-11 1.13776e-10 2.52869e-10 4.06417e-10 5.9601e-10 8.48531e-10 1.20415e-09 1.73276e-09 2.55809e-09 3.89757e-09 6.12839e-09 9.89615e-09 1.62904e-08 2.71167e-08 4.52904e-08 7.53618e-08 1.24144e-07 2.01311e-07 3.19533e-07 4.93301e-07 7.35361e-07 1.05057e-06 1.42842e-06 1.83606e-06 2.21487e-06 2.48491e-06 2.5647e-06 2.41031e-06 2.05112e-06 1.58135e-06 1.1125e-06 7.23629e-07 4.42429e-07 2.58363e-07 1.45863e-07 8.0326e-08 4.35352e-08 2.3496e-08 1.28121e-08 7.15896e-09 4.1371e-09 2.47782e-09 1.53265e-09 9.73523e-10 6.31872e-10 4.17741e-10 2.80244e-10 1.88218e-10 1.2153e-10 6.88183e-11 2.4782e-11 
4.17487e-11 1.44172e-10 2.59681e-10 3.96726e-10 5.77269e-10 8.30328e-10 1.20415e-09 1.78277e-09 2.71213e-09 4.2429e-09 6.79995e-09 1.10926e-08 1.82819e-08 3.02175e-08 4.97459e-08 8.10691e-08 1.30074e-07 2.04402e-07 3.12795e-07 4.63172e-07 6.59379e-07 8.97295e-07 1.16142e-06 1.4231e-06 1.64144e-06 1.76846e-06 1.76247e-06 1.61001e-06 1.34123e-06 1.01949e-06 7.11776e-07 4.61842e-07 2.8257e-07 1.65304e-07 9.349e-08 5.15784e-08 2.80238e-08 1.51765e-08 8.30914e-09 4.66019e-09 2.69941e-09 1.61721e-09 9.98445e-10 6.31872e-10 4.08114e-10 2.68206e-10 1.78275e-10 1.17206e-10 7.16777e-11 3.46303e-11 3.46303e-11 
1.15167e-11 7.13647e-11 1.59155e-10 2.59172e-10 3.87893e-10 5.67098e-10 8.30328e-10 1.23485e-09 1.87888e-09 2.92932e-09 4.66607e-09 7.55089e-09 1.23298e-08 2.01744e-08 3.28618e-08 5.29776e-08 8.40975e-08 1.30823e-07 1.98422e-07 2.91791e-07 4.13701e-07 5.62701e-07 7.3131e-07 9.05155e-07 1.06332e-06 1.17996e-06 1.22817e-06 1.1884e-06 1.0601e-06 8.67711e-07 6.5204e-07 4.5253e-07 2.93123e-07 1.79477e-07 1.05164e-07 5.95807e-08 3.29384e-08 1.79476e-08 9.75719e-09 5.3655e-09 3.02095e-09 1.75389e-09 1.05083e-09 6.47375e-10 4.08114e-10 2.62276e-10 1.71236e-10 1.12403e-10 7.15272e-11 4.00945e-11 1.42437e-11 
2.63997e-11 9.06104e-11 1.64886e-10 2.56657e-10 3.82846e-10 5.67098e-10 8.48531e-10 1.29338e-09 2.01297e-09 3.19197e-09 5.13142e-09 8.311e-09 1.34731e-08 2.1726e-08 3.46576e-08 5.44335e-08 8.38147e-08 1.25964e-07 1.83894e-07 2.59513e-07 3.5248e-07 4.59187e-07 5.72275e-07 6.80831e-07 7.71108e-07 8.27806e-07 8.36695e-07 7.89572e-07 6.90319e-07 5.56755e-07 4.14409e-07 2.8621e-07 1.85127e-07 1.13414e-07 6.6542e-08 3.77614e-08 2.09222e-08 1.14368e-08 6.24417e-09 3.4499e-09 1.95024e-09 1.13476e-09 6.79746e-10 4.17741e-10 2.62276e-10 1.67667e-10 1.08599e-10 6.99724e-11 4.23054e-11 2.0234e-11 2.0234e-11 
7.4391e-12 4.49159e-11 1.00646e-10 1.66506e-10 2.54866e-10 3.82846e-10 5.77269e-10 8.8282e-10 1.37379e-09 2.17219e-09 3.47461e-09 5.59015e-09 8.98994e-09 1.43658e-08 2.26918e-08 3.52754e-08 5.37644e-08 8.00445e-08 1.15949e-07 1.62755e-07 2.20545e-07 2.87626e-07 3.60213e-07 4.32515e-07 4.97125e-07 5.45598e-07 5.69316e-07 5.61142e-07 5.18304e-07 4.4543e-07 3.54745e-07 2.61909e-07 1.80119e-07 1.16339e-07 7.12866e-08 4.18647e-08 2.37931e-08 1.3214e-08 7.24916e-09 3.97656e-09 2.20826e-09 1.25357e-09 7.30926e-10 4.37628e-10 2.68206e-10 1.67667e-10 1.06566e-10 6.82888e-11 4.27483e-11 2.37693e-11 8.37599e-12 
1.67725e-11 5.71629e-11 1.05165e-10 1.66811e-10 2.54866e-10 3.87893e-10 5.9601e-10 9.28718e-10 1.46658e-09 2.33812e-09 3.74299e-09 5.98104e-09 9.48516e-09 1.48535e-08 2.28736e-08 3.45227e-08 5.09129e-08 7.31434e-08 1.02039e-07 1.37805e-07 1.79691e-07 2.25778e-07 2.72981e-07 3.17259e-07 3.53928e-07 3.78044e-07 3.84943e-07 3.7127e-07 3.36626e-07 2.85019e-07 2.24515e-07 1.64575e-07 1.12735e-07 7.26962e-08 4.45329e-08 2.61673e-08 1.4892e-08 8.29165e-09 4.56708e-09 2.51849e-09 1.40629e-09 8.01775e-10 4.68418e-10 2.80244e-10 1.71236e-10 1.06566e-10 6.72793e-11 4.2447e-11 2.53755e-11 1.20833e-11 1.20833e-11 
4.82579e-12 2.83822e-11 6.37931e-11 1.06908e-10 1.66811e-10 2.56657e-10 3.96726e-10 6.19825e-10 9.78948e-10 1.55802e-09 2.4861e-09 3.95461e-09 6.23548e-09 9.69724e-09 1.48145e-08 2.21639e-08 3.2393e-08 4.61464e-08 6.39352e-08 8.596e-08 1.11919e-07 1.40865e-07 1.71176e-07 2.00644e-07 2.26655e-07 2.46395e-07 2.57071e-07 2.56257e-07 2.42526e-07 2.16361e-07 1.80813e-07 1.41051e-07 1.0272e-07 7.00904e-08 4.51071e-08 2.76106e-08 1.62261e-08 9.24586e-09 5.16226e-09 2.85625e-09 1.58424e-09 8.89845e-10 5.09584e-10 2.98261e-10 1.78275e-10 1.08599e-10 6.72793e-11 4.21281e-11 2.59551e-11 1.43597e-11 5.05475e-12 
1.07062e-11 3.61178e-11 6.66662e-11 1.06908e-10 1.66506e-10 2.59172e-10 4.06417e-10 6.42772e-10 1.02268e-09 1.62934e-09 2.58499e-09 4.06109e-09 6.2859e-09 9.54679e-09 1.41839e-08 2.05705e-08 2.90754e-08 4.00003e-08 5.34943e-08 6.94523e-08 8.74247e-08 1.06577e-07 1.25721e-07 1.43402e-07 1.58021e-07 1.67949e-07 1.71663e-07 1.67961e-07 1.56341e-07 1.37496e-07 1.1358e-07 8.78282e-08 6.35688e-08 4.32033e-08 2.77361e-08 1.69551e-08 9.96143e-09 5.68263e-09 3.18231e-09 1.76947e-09 9.87568e-10 5.58096e-10 3.21015e-10 1.88218e-10 1.12403e-10 6.82888e-11 4.21281e-11 2.60997e-11 1.5475e-11 7.37963e-12 7.37963e-12 
3.12599e-12 1.79661e-11 3.99343e-11 6.66662e-11 1.05165e-10 1.64886e-10 2.59681e-10 4.11605e-10 6.55413e-10 1.04412e-09 1.65527e-09 2.59682e-09 4.01072e-09 6.0723e-09 8.98373e-09 1.29604e-08 1.82095e-08 2.49011e-08 3.31287e-08 4.28608e-08 5.38895e-08 6.57966e-08 7.79553e-08 8.95705e-08 9.97423e-08 1.07535e-07 1.12041e-07 1.12462e-07 1.08239e-07 9.92784e-08 8.62105e-08 7.04788e-08 5.40638e-08 3.89014e-08 2.6329e-08 1.68543e-08 1.0284e-08 6.03793e-09 3.44771e-09 1.93657e-09 1.08222e-09 6.07752e-10 3.45481e-10 1.99549e-10 1.17206e-10 6.99724e-11 4.2447e-11 2.60997e-11 1.59293e-11 8.8281e-12 3.1251e-12 
6.8168e-12 2.2305e-11 3.99343e-11 6.37931e-11 1.00646e-10 1.59155e-10 2.52869e-10 4.03205e-10 6.42941e-10 1.02011e-09 1.60158e-09 2.47497e-09 3.74757e-09 5.54099e-09 7.98153e-09 1.11871e-08 1.5252e-08 2.02297e-08 2.61111e-08 3.27986e-08 4.00842e-08 4.76428e-08 5.5048e-08 6.18035e-08 6.73817e-08 7.1259e-08 7.29508e-08 7.20577e-08 6.83462e-08 6.18757e-08 5.31289e-08 4.30316e-08 3.27678e-08 2.34459e-08 1.58011e-08 1.00823e-08 6.13777e-09 3.59961e-09 2.05652e-09 1.15808e-09 6.50001e-10 3.66966e-10 2.09645e-10 1.2153e-10 7.15272e-11 4.27483e-11 2.59551e-11 1.59293e-11 9.48831e-12 4.57997e-12 4.57997e-12 
1.97358e-12 1.08706e-11 2.2305e-11 3.61178e-11 5.71629e-11 9.06104e-11 1.44172e-10 2.30112e-10 3.67355e-10 5.83879e-10 9.18964e-10 1.42453e-09 2.16458e-09 3.21198e-09 4.64236e-09 6.52601e-09 8.91923e-09 1.18554e-08 1.53348e-08 1.93117e-08 2.36817e-08 2.82766e-08 3.28695e-08 3.71907e-08 4.09483e-08 4.38479e-08 4.56106e-08 4.59898e-08 4.47982e-08 4.19548e-08 3.7554e-08 3.19296e-08 2.565e-08 1.94032e-08 1.38106e-08 9.26851e-09 5.89411e-09 3.57893e-09 2.09566e-09 1.19703e-09 6.74961e-10 3.79828e-10 2.15137e-10 1.23299e-10 7.16777e-11 4.23054e-11 2.53755e-11 1.5475e-11 9.48831e-12 5.38883e-12 1.95144e-12 
4.04283e-12 1.08706e-11 1.79661e-11 2.83822e-11 4.49159e-11 7.13647e-11 1.13776e-10 1.816e-10 2.89019e-10 4.56301e-10 7.10829e-10 1.08728e-09 1.6265e-09 2.3728e-09 3.36996e-09 4.65644e-09 6.26008e-09 8.19145e-09 1.04358e-08 1.29451e-08 1.56342e-08 1.83832e-08 2.10461e-08 2.34622e-08 2.54681e-08 2.69067e-08 2.76356e-08 2.75353e-08 2.65245e-08 2.45852e-08 2.18002e-08 1.83815e-08 1.46615e-08 1.10249e-08 7.80862e-09 5.21913e-09 3.3078e-09 2.00306e-09 1.17054e-09 6.67751e-10 3.76296e-10 2.11737e-10 1.19966e-10 6.88183e-11 4.00945e-11 2.37693e-11 1.43597e-11 8.8281e-12 5.38883e-12 2.7487e-12 2.7487e-12 
1.23084e-12 4.04283e-12 6.8168e-12 1.07062e-11 1.67725e-11 2.63997e-11 4.17487e-11 6.62459e-11 1.05147e-10 1.66186e-10 2.60252e-10 4.01959e-10 6.09975e-10 9.06925e-10 1.3187e-09 1.87279e-09 2.59518e-09 3.50517e-09 4.6087e-09 5.89212e-09 7.31883e-09 8.83031e-09 1.03509e-08 1.17948e-08 1.30724e-08 1.40969e-08 1.47882e-08 1.50768e-08 1.49081e-08 1.425e-08 1.3106e-08 1.15333e-08 9.6547e-09 7.64958e-09 5.71781e-09 4.02848e-09 2.68044e-09 1.6924e-09 1.02164e-09 5.95428e-10 3.38815e-10 1.90424e-10 1.0685e-10 6.03999e-11 3.46303e-11 2.0234e-11 1.20833e-11 7.37963e-12 4.57997e-12 2.7487e-12 1.11916e-12 
1.23084e-12 1.97358e-12 3.12599e-12 4.82579e-12 7.4391e-12 1.15167e-11 1.79383e-11 2.80773e-11 4.40226e-11 6.88851e-11 1.07203e-10 1.65465e-10 2.52704e-10 3.80934e-10 5.64976e-10 8.21079e-10 1.16405e-09 1.60336e-09 2.13936e-09 2.76108e-09 3.4461e-09 4.16234e-09 4.87117e-09 5.5307e-09 6.09904e-09 6.53686e-09 6.80946e-09 6.88845e-09 6.75367e-09 6.39664e-09 5.82621e-09 5.07547e-09 4.2053e-09 3.29835e-09 2.44172e-09 1.70516e-09 1.12581e-09 7.06259e-10 4.24167e-10 2.46236e-10 1.39679e-10 7.83035e-11 4.38561e-11 2.4782e-11 1.42437e-11 8.37599e-12 5.05475e-12 3.1251e-12 1.95144e-12 1.11916e-12 1.11916e-12 
