1 100 50
8.34779e-13 1.35413e-12 2.03281e-12 3.15563e-12 5.04741e-12 8.25939e-12 1.37635e-11 2.33266e-11 4.02136e-11 7.03649e-11 1.24108e-10 2.18006e-10 3.75865e-10 6.27359e-10 1.00296e-09 1.52537e-09 2.20018e-09 3.01036e-09 3.91799e-09 4.87276e-09 5.82238e-09 6.71974e-09 7.52498e-09 8.20442e-09 8.72911e-09 9.07444e-09 9.22095e-09 9.15593e-09 8.87541e-09 8.38615e-09 7.70742e-09 6.87226e-09 5.92753e-09 4.93145e-09 3.94779e-09 3.03666e-09 2.24438e-09 1.59637e-09 1.09608e-09 7.29589e-10 4.7324e-10 3.0084e-10 1.88547e-10 1.17169e-10 7.25503e-11 4.49292e-11 2.79047e-11 1.74243e-11 1.09411e-11 6.60242e-12 
1.4453e-12 2.2085e-12 3.42685e-12 5.51516e-12 9.07213e-12 1.51051e-11 2.53901e-11 4.31522e-11 7.43218e-11 1.2958e-10 2.27044e-10 3.94649e-10 6.70296e-10 1.09733e-09 1.71411e-09 2.53963e-09 3.5616e-09 4.73465e-09 5.99196e-09 7.26465e-09 8.49751e-09 9.65261e-09 1.07019e-08 1.1617e-08 1.23623e-08 1.28953e-08 1.31707e-08 1.31481e-08 1.27991e-08 1.21159e-08 1.11176e-08 9.85506e-09 8.41089e-09 6.89194e-09 5.41265e-09 4.07342e-09 2.94195e-09 2.04538e-09 1.37488e-09 8.98243e-10 5.73768e-10 3.60585e-10 2.24322e-10 1.38893e-10 8.59399e-11 5.32639e-11 3.30851e-11 2.05652e-11 1.25679e-11 6.60242e-12 
1.35413e-12 2.28019e-12 3.50191e-12 5.59058e-12 9.18235e-12 1.52601e-11 2.54962e-11 4.28856e-11 7.29427e-11 1.25871e-10 2.19885e-10 3.85183e-10 6.66813e-10 1.12339e-09 1.81827e-09 2.80207e-09 4.09089e-09 5.651e-09 7.40196e-09 9.24109e-09 1.10769e-08 1.285e-08 1.45283e-08 1.60845e-08 1.74732e-08 1.86235e-08 1.94444e-08 1.98409e-08 1.97306e-08 1.90617e-08 1.78286e-08 1.60845e-08 1.39471e-08 1.1589e-08 9.21085e-09 7.00087e-09 5.09672e-09 3.56551e-09 2.40776e-09 1.57808e-09 1.01e-09 6.35342e-10 3.95352e-10 2.44768e-10 1.51442e-10 9.38732e-11 5.83043e-11 3.61815e-11 2.21847e-11 1.25679e-11 
2.2085e-12 3.50325e-12 5.50502e-12 8.96677e-12 1.48425e-11 2.4656e-11 4.10739e-11 6.90124e-11 1.17771e-10 2.04717e-10 3.60514e-10 6.34665e-10 1.09852e-09 1.84136e-09 2.955e-09 4.5066e-09 6.50721e-09 8.89315e-09 1.15375e-08 1.4293e-08 1.70433e-08 1.97242e-08 2.22997e-08 2.47157e-08 2.68682e-08 2.86037e-08 2.97432e-08 3.01158e-08 2.95921e-08 2.81156e-08 2.573e-08 2.25954e-08 1.89807e-08 1.5222e-08 1.16519e-08 8.52765e-09 5.98776e-09 4.053e-09 2.65971e-09 1.70288e-09 1.07093e-09 6.6602e-10 4.12125e-10 2.54963e-10 1.58151e-10 9.83865e-11 6.11885e-11 3.76613e-11 2.21847e-11 1.09411e-11 
2.03281e-12 3.50191e-12 5.46222e-12 8.75483e-12 1.43759e-11 2.37138e-11 3.90762e-11 6.46543e-11 1.08505e-10 1.86368e-10 3.27861e-10 5.8443e-10 1.03673e-09 1.79706e-09 3.00066e-09 4.78049e-09 7.22669e-09 1.03434e-08 1.40277e-08 1.80934e-08 2.23382e-08 2.66114e-08 3.08254e-08 3.48994e-08 3.86878e-08 4.19535e-08 4.4394e-08 4.56962e-08 4.55967e-08 4.39403e-08 4.07325e-08 3.61789e-08 3.06858e-08 2.48007e-08 1.90949e-08 1.40304e-08 9.87442e-09 6.69025e-09 4.38989e-09 2.80812e-09 1.76358e-09 1.09517e-09 6.76869e-10 4.1854e-10 2.59786e-10 1.61972e-10 1.01147e-10 6.2682e-11 3.76613e-11 2.05652e-11 
3.42685e-12 5.50502e-12 8.67331e-12 1.40652e-11 2.30359e-11 3.7589e-11 6.11781e-11 1.00351e-10 1.68307e-10 2.91609e-10 5.20276e-10 9.39424e-10 1.67864e-09 2.9126e-09 4.84437e-09 7.66616e-09 1.15022e-08 1.63528e-08 2.20703e-08 2.83974e-08 3.50573e-08 4.18309e-08 4.8545e-08 5.49778e-08 6.07779e-08 6.54658e-08 6.85072e-08 6.94134e-08 6.78436e-08 6.37038e-08 5.7229e-08 4.90101e-08 3.99168e-08 3.09071e-08 2.27922e-08 1.60702e-08 1.08916e-08 7.14041e-09 4.55961e-09 2.85714e-09 1.77014e-09 1.0919e-09 6.74423e-10 4.187e-10 2.61598e-10 1.64114e-10 1.02564e-10 6.2682e-11 3.61815e-11 1.74243e-11 
3.15563e-12 5.59058e-12 8.75483e-12 1.39617e-11 2.26908e-11 3.68116e-11 5.92174e-11 9.50543e-11 1.54529e-10 2.59213e-10 4.5351e-10 8.20479e-10 1.49831e-09 2.69172e-09 4.66864e-09 7.73108e-09 1.2158e-08 1.81309e-08 2.56643e-08 3.45742e-08 4.4517e-08 5.50896e-08 6.59044e-08 7.65539e-08 8.64957e-08 9.49925e-08 1.01176e-07 1.04189e-07 1.0336e-07 9.83754e-08 8.94443e-08 7.73855e-08 6.35442e-08 4.94954e-08 3.66379e-08 2.58782e-08 1.75403e-08 1.14844e-08 7.31649e-09 4.57116e-09 2.82333e-09 1.73683e-09 1.0708e-09 6.6449e-10 4.15802e-10 2.6197e-10 1.65109e-10 1.02564e-10 6.11885e-11 3.30851e-11 
5.51516e-12 8.96677e-12 1.40652e-11 2.25945e-11 3.65407e-11 5.85416e-11 9.27953e-11 1.4697e-10 2.36983e-10 3.97912e-10 7.02989e-10 1.2876e-09 2.37198e-09 4.27431e-09 7.39981e-09 1.21942e-08 1.90682e-08 2.8312e-08 4.00113e-08 5.39786e-08 6.97482e-08 8.66481e-08 1.03882e-07 1.20509e-07 1.35365e-07 1.47065e-07 1.5417e-07 1.55438e-07 1.50123e-07 1.38278e-07 1.20969e-07 1.00219e-07 7.85713e-08 5.84013e-08 4.13303e-08 2.80153e-08 1.83154e-08 1.16369e-08 7.24505e-09 4.45807e-09 2.73306e-09 1.68065e-09 1.0417e-09 6.52355e-10 4.12457e-10 2.61936e-10 1.65109e-10 1.01147e-10 5.83043e-11 2.79047e-11 
5.04741e-12 9.18235e-12 1.43759e-11 2.26908e-11 3.64917e-11 5.85046e-11 9.25206e-11 1.44675e-10 2.26433e-10 3.62641e-10 6.09926e-10 1.08733e-09 2.01179e-09 3.72855e-09 6.72472e-09 1.16051e-08 1.90246e-08 2.96061e-08 4.38657e-08 6.20988e-08 8.41842e-08 1.09415e-07 1.36496e-07 1.6371e-07 1.89048e-07 2.10247e-07 2.24927e-07 2.30899e-07 2.2662e-07 2.11725e-07 1.87479e-07 1.56841e-07 1.23849e-07 9.24811e-08 6.5594e-08 4.44697e-08 2.90277e-08 1.83887e-08 1.1404e-08 6.98695e-09 4.26588e-09 2.61461e-09 1.61745e-09 1.01291e-09 6.42107e-10 4.1039e-10 2.61936e-10 1.64114e-10 9.83865e-11 5.32639e-11 
9.07213e-12 1.48425e-11 2.30359e-11 3.65407e-11 5.85596e-11 9.29403e-11 1.45214e-10 2.24403e-10 3.47751e-10 5.54034e-10 9.33931e-10 1.67831e-09 3.12952e-09 5.82107e-09 1.04879e-08 1.80212e-08 2.93849e-08 4.557e-08 6.75802e-08 9.62176e-08 1.31515e-07 1.72166e-07 2.1545e-07 2.57743e-07 2.95064e-07 3.2337e-07 3.38873e-07 3.38629e-07 3.2137e-07 2.88381e-07 2.43853e-07 1.94094e-07 1.45685e-07 1.03597e-07 7.02602e-08 4.57934e-08 2.89206e-08 1.78599e-08 1.08902e-08 6.618e-09 4.04028e-09 2.49282e-09 1.55991e-09 9.90569e-10 6.3637e-10 4.1039e-10 2.6197e-10 1.61972e-10 9.38732e-11 4.49292e-11 
8.25939e-12 1.52601e-11 2.37138e-11 3.68116e-11 5.85046e-11 9.31775e-11 1.46387e-10 2.2628e-10 3.46214e-10 5.32262e-10 8.44874e-10 1.42805e-09 2.58402e-09 4.84594e-09 9.02697e-09 1.62196e-08 2.77207e-08 4.49659e-08 6.96363e-08 1.03788e-07 1.49293e-07 2.06325e-07 2.72038e-07 3.40619e-07 4.04766e-07 4.57115e-07 4.90946e-07 5.00823e-07 4.83721e-07 4.40515e-07 3.76932e-07 3.02671e-07 2.28501e-07 1.62981e-07 1.10605e-07 7.19901e-08 4.5324e-08 2.78661e-08 1.69044e-08 1.02201e-08 6.21127e-09 3.8198e-09 2.38679e-09 1.51702e-09 9.785e-10 6.3637e-10 4.12457e-10 2.61598e-10 1.58151e-10 8.59399e-11 
1.51051e-11 2.4656e-11 3.7589e-11 5.85416e-11 9.29403e-11 1.46911e-10 2.28589e-10 3.50033e-10 5.31144e-10 8.11493e-10 1.28513e-09 2.17887e-09 3.96584e-09 7.466e-09 1.39014e-08 2.4869e-08 4.22351e-08 6.81972e-08 1.05814e-07 1.59357e-07 2.32681e-07 3.25619e-07 4.3159e-07 5.38481e-07 6.32319e-07 7.0032e-07 7.32243e-07 7.21685e-07 6.68221e-07 5.7936e-07 4.69803e-07 3.57e-07 2.55534e-07 1.73588e-07 1.12854e-07 7.08352e-08 4.3353e-08 2.61573e-08 1.57268e-08 9.51049e-09 5.82651e-09 3.63314e-09 2.30964e-09 1.4943e-09 9.785e-10 6.42107e-10 4.15802e-10 2.59786e-10 1.51442e-10 7.25503e-11 
1.37635e-11 2.54962e-11 3.90762e-11 5.92174e-11 9.25206e-11 1.46387e-10 2.29532e-10 3.53933e-10 5.37488e-10 8.09958e-10 1.23152e-09 1.94805e-09 3.31393e-09 6.06173e-09 1.14364e-08 2.12446e-08 3.77761e-08 6.36966e-08 1.02536e-07 1.60205e-07 2.45429e-07 3.65187e-07 5.17136e-07 6.86338e-07 8.48566e-07 9.78433e-07 1.05526e-06 1.06559e-06 1.00578e-06 8.85157e-07 7.25743e-07 5.55589e-07 3.99336e-07 2.71665e-07 1.76467e-07 1.10444e-07 6.72857e-08 4.03704e-08 2.4131e-08 1.45147e-08 8.85449e-09 5.50704e-09 3.49951e-09 2.26925e-09 1.4943e-09 9.90569e-10 6.52355e-10 4.187e-10 2.54963e-10 1.38893e-10 
2.53901e-11 4.10739e-11 6.11781e-11 9.27953e-11 1.45214e-10 2.28589e-10 3.55453e-10 5.43446e-10 8.19145e-10 1.2271e-09 1.8588e-09 2.93953e-09 5.01837e-09 9.21669e-09 1.7397e-08 3.21782e-08 5.67659e-08 9.49773e-08 1.5289e-07 2.42368e-07 3.80474e-07 5.77915e-07 8.25224e-07 1.09018e-06 1.32644e-06 1.4904e-06 1.55198e-06 1.4993e-06 1.34274e-06 1.11498e-06 8.6089e-07 6.21837e-07 4.23883e-07 2.75233e-07 1.71807e-07 1.04199e-07 6.21624e-08 3.69328e-08 2.20895e-08 1.34134e-08 8.31765e-09 5.281e-09 3.43016e-09 2.26925e-09 1.51702e-09 1.01291e-09 6.6449e-10 4.1854e-10 2.44768e-10 1.17169e-10 
2.33266e-11 4.28856e-11 6.46543e-11 9.50543e-11 1.44675e-10 2.2628e-10 3.53933e-10 5.45704e-10 8.27499e-10 1.23868e-09 1.84583e-09 2.78763e-09 4.41e-09 7.55573e-09 1.3919e-08 2.62363e-08 4.8207e-08 8.41933e-08 1.39793e-07 2.26338e-07 3.67853e-07 5.95415e-07 9.21389e-07 1.31811e-06 1.71997e-06 2.04238e-06 2.21585e-06 2.20538e-06 2.01789e-06 1.70115e-06 1.32681e-06 9.64138e-07 6.5905e-07 4.28017e-07 2.6659e-07 1.60986e-07 9.54955e-08 5.63886e-08 3.35291e-08 2.02608e-08 1.25226e-08 7.94134e-09 5.16446e-09 3.43016e-09 2.30964e-09 1.55991e-09 1.0417e-09 6.74423e-10 4.12125e-10 2.24322e-10 
4.31522e-11 6.90124e-11 1.00351e-10 1.4697e-10 2.24403e-10 3.50033e-10 5.43446e-10 8.30611e-10 1.24934e-09 1.85763e-09 2.75452e-09 4.14906e-09 6.56822e-09 1.12909e-08 2.08356e-08 3.91291e-08 7.12161e-08 1.22848e-07 2.0276e-07 3.336e-07 5.62854e-07 9.41451e-07 1.47438e-06 2.09384e-06 2.67378e-06 3.06813e-06 3.17952e-06 2.99192e-06 2.57074e-06 2.03022e-06 1.4864e-06 1.02e-06 6.63138e-07 4.12385e-07 2.48041e-07 1.46322e-07 8.58709e-08 5.07566e-08 3.0517e-08 1.87963e-08 1.19031e-08 7.74834e-09 5.16446e-09 3.49951e-09 2.38679e-09 1.61745e-09 1.0708e-09 6.76869e-10 3.95352e-10 1.88547e-10 
4.02136e-11 7.29427e-11 1.08505e-10 1.54529e-10 2.26433e-10 3.46214e-10 5.37488e-10 8.27499e-10 1.25327e-09 1.86949e-09 2.76094e-09 4.07374e-09 6.1202e-09 9.69454e-09 1.67093e-08 3.08292e-08 5.75073e-08 1.03289e-07 1.75569e-07 2.89564e-07 4.92297e-07 8.71959e-07 1.4998e-06 2.35065e-06 3.27702e-06 4.05132e-06 4.44051e-06 4.34437e-06 3.82995e-06 3.07465e-06 2.27348e-06 1.56873e-06 1.02225e-06 6.35298e-07 3.80832e-07 2.2349e-07 1.30375e-07 7.66088e-08 4.58269e-08 2.8126e-08 1.77847e-08 1.15868e-08 7.74834e-09 5.281e-09 3.63314e-09 2.49282e-09 1.68065e-09 1.0919e-09 6.6602e-10 3.60585e-10 
7.43218e-11 1.17771e-10 1.68307e-10 2.36983e-10 3.47751e-10 5.31144e-10 8.19145e-10 1.24934e-09 1.87384e-09 2.77085e-09 4.06285e-09 5.96279e-09 8.93124e-09 1.41477e-08 2.44157e-08 4.49124e-08 8.28574e-08 1.46143e-07 2.44433e-07 4.0803e-07 7.33704e-07 1.36833e-06 2.38834e-06 3.69268e-06 4.98914e-06 5.89788e-06 6.09799e-06 5.57863e-06 4.58385e-06 3.43707e-06 2.39099e-06 1.56468e-06 9.7314e-07 5.81946e-07 3.39952e-07 1.9721e-07 1.15226e-07 6.8585e-08 4.19462e-08 2.6485e-08 1.72704e-08 1.15868e-08 7.94134e-09 5.50704e-09 3.8198e-09 2.61461e-09 1.73683e-09 1.09517e-09 6.35342e-10 3.0084e-10 
7.03649e-11 1.25871e-10 1.86368e-10 2.59213e-10 3.62641e-10 5.32262e-10 8.09958e-10 1.23868e-09 1.86949e-09 2.77451e-09 4.06376e-09 5.91144e-09 8.62261e-09 1.2864e-08 2.03512e-08 3.50789e-08 6.40509e-08 1.16137e-07 1.99868e-07 3.29749e-07 5.7246e-07 1.1136e-06 2.15997e-06 3.75057e-06 5.6286e-06 7.26448e-06 8.10438e-06 7.82794e-06 6.66331e-06 5.10374e-06 3.59564e-06 2.37025e-06 1.4785e-06 8.8337e-07 5.14228e-07 2.96869e-07 1.7256e-07 1.02233e-07 6.23194e-08 3.92992e-08 2.5654e-08 1.72704e-08 1.19031e-08 8.31765e-09 5.82651e-09 4.04028e-09 2.73306e-09 1.77014e-09 1.07093e-09 5.73768e-10 
1.2958e-10 2.04717e-10 2.91609e-10 3.97912e-10 5.54034e-10 8.11493e-10 1.2271e-09 1.85763e-09 2.77085e-09 4.06426e-09 5.88937e-09 8.48868e-09 1.22888e-08 1.82296e-08 2.87312e-08 4.92498e-08 8.8636e-08 1.56464e-07 2.60732e-07 4.30847e-07 8.15068e-07 1.72041e-06 3.37377e-06 5.69606e-06 8.15232e-06 9.89912e-06 1.03292e-05 9.283e-06 7.36091e-06 5.29577e-06 3.5351e-06 2.2194e-06 1.32813e-06 7.71814e-07 4.43996e-07 2.56982e-07 1.51633e-07 9.21692e-08 5.80719e-08 3.79638e-08 2.5654e-08 1.77847e-08 1.25226e-08 8.85449e-09 6.21127e-09 4.26588e-09 2.82333e-09 1.76358e-09 1.01e-09 4.7324e-10 
1.24108e-10 2.19885e-10 3.27861e-10 4.5351e-10 6.09926e-10 8.44874e-10 1.23152e-09 1.84583e-09 2.76094e-09 4.06376e-09 5.88178e-09 8.41764e-09 1.19991e-08 1.72025e-08 2.53006e-08 3.9551e-08 6.69139e-08 1.17313e-07 1.98615e-07 3.18899e-07 5.556e-07 1.20179e-06 2.65751e-06 5.07877e-06 8.13586e-06 1.09082e-05 1.23499e-05 1.20379e-05 1.01022e-05 7.53917e-06 5.14571e-06 3.2712e-06 1.96877e-06 1.14559e-06 6.58091e-07 3.79867e-07 2.23476e-07 1.35557e-07 8.53897e-08 5.59376e-08 3.79638e-08 2.6485e-08 1.87963e-08 1.34134e-08 9.51049e-09 6.618e-09 4.45807e-09 2.85714e-09 1.70288e-09 8.98243e-10 
2.27044e-10 3.60514e-10 5.20276e-10 7.02989e-10 9.33931e-10 1.28513e-09 1.8588e-09 2.75452e-09 4.06285e-09 5.88937e-09 8.39277e-09 1.1833e-08 1.66348e-08 2.35371e-08 3.41547e-08 5.25395e-08 8.65295e-08 1.44688e-07 2.29292e-07 3.62557e-07 7.49247e-07 1.82271e-06 3.95272e-06 7.07305e-06 1.04943e-05 1.30764e-05 1.38389e-05 1.27175e-05 1.01217e-05 7.19616e-06 4.68449e-06 2.85626e-06 1.67277e-06 9.63015e-07 5.558e-07 3.26599e-07 1.9796e-07 1.24799e-07 8.19972e-08 5.59376e-08 3.92992e-08 2.8126e-08 2.02608e-08 1.45147e-08 1.02201e-08 6.98695e-09 4.57116e-09 2.80812e-09 1.57808e-09 7.29589e-10 
2.18006e-10 3.85183e-10 5.8443e-10 8.20479e-10 1.08733e-09 1.42805e-09 1.94805e-09 2.78763e-09 4.07374e-09 5.91144e-09 8.41764e-09 1.17746e-08 1.62952e-08 2.24954e-08 3.12435e-08 4.43538e-08 6.6143e-08 1.03173e-07 1.57489e-07 2.25984e-07 4.15571e-07 1.11306e-06 2.69766e-06 5.32742e-06 8.60291e-06 1.17e-05 1.3633e-05 1.37422e-05 1.22007e-05 9.37819e-06 6.39467e-06 4.0054e-06 2.38272e-06 1.38309e-06 8.01548e-07 4.71881e-07 2.86415e-07 1.81006e-07 1.1944e-07 8.19972e-08 5.80719e-08 4.19462e-08 3.0517e-08 2.20895e-08 1.57268e-08 1.08902e-08 7.24505e-09 4.55961e-09 2.65971e-09 1.37488e-09 
3.94649e-10 6.34665e-10 9.39424e-10 1.2876e-09 1.67831e-09 2.17887e-09 2.93953e-09 4.14906e-09 5.96279e-09 8.48868e-09 1.1833e-08 1.6175e-08 2.18525e-08 2.94272e-08 3.97553e-08 5.43568e-08 7.62073e-08 1.0553e-07 1.30901e-07 1.95846e-07 6.1993e-07 1.71261e-06 3.62649e-06 6.16249e-06 8.85942e-06 1.10302e-05 1.21953e-05 1.20782e-05 1.05936e-05 7.99825e-06 5.30803e-06 3.26449e-06 1.93105e-06 1.13188e-06 6.70948e-07 4.09235e-07 2.59924e-07 1.72601e-07 1.1944e-07 8.53897e-08 6.23194e-08 4.58269e-08 3.35291e-08 2.4131e-08 1.69044e-08 1.1404e-08 7.31649e-09 4.38989e-09 2.40776e-09 1.09608e-09 
3.75865e-10 6.66813e-10 1.03673e-09 1.49831e-09 2.01179e-09 2.58402e-09 3.31393e-09 4.41e-09 6.1202e-09 8.62261e-09 1.19991e-08 1.62952e-08 2.16238e-08 2.82737e-08 3.6733e-08 4.75063e-08 6.06965e-08 7.46274e-08 7.53091e-08 7.82307e-08 3.71963e-07 1.1292e-06 2.50834e-06 4.45167e-06 6.44611e-06 8.20345e-06 9.26956e-06 9.67635e-06 9.37916e-06 8.24272e-06 6.32279e-06 4.19492e-06 2.57985e-06 1.54852e-06 9.32117e-07 5.74624e-07 3.683e-07 2.46863e-07 1.72601e-07 1.24799e-07 9.21692e-08 6.8585e-08 5.07566e-08 3.69328e-08 2.61573e-08 1.78599e-08 1.16369e-08 7.14041e-09 4.053e-09 2.04538e-09 
6.70296e-10 1.09852e-09 1.67864e-09 2.37198e-09 3.12952e-09 3.96584e-09 5.01837e-09 6.56822e-09 8.93124e-09 1.22888e-08 1.66348e-08 2.18525e-08 2.78604e-08 3.47514e-08 4.27347e-08 5.14792e-08 5.87001e-08 6.00915e-08 9.44381e-08 3.20544e-07 9.02405e-07 1.98353e-06 3.66091e-06 5.47534e-06 6.89628e-06 7.7606e-06 7.62139e-06 7.30266e-06 6.7397e-06 5.95593e-06 4.75202e-06 3.20687e-06 2.01727e-06 1.25087e-06 7.86915e-07 5.12324e-07 3.48247e-07 2.46863e-07 1.81006e-07 1.35557e-07 1.02233e-07 7.66088e-08 5.63886e-08 4.03704e-08 2.78661e-08 1.83887e-08 1.14844e-08 6.69025e-09 3.56551e-09 1.59637e-09 
6.27359e-10 1.12339e-09 1.79706e-09 2.69172e-09 3.72855e-09 4.84594e-09 6.06173e-09 7.55573e-09 9.69454e-09 1.2864e-08 1.72025e-08 2.24954e-08 2.82737e-08 3.40334e-08 3.94705e-08 4.45587e-08 4.96152e-08 6.34234e-08 1.32129e-07 3.49426e-07 8.18326e-07 1.78696e-06 3.23453e-06 5.12539e-06 6.66368e-06 7.55168e-06 7.5234e-06 6.58588e-06 5.87074e-06 4.88358e-06 4.21339e-06 3.43187e-06 2.4268e-06 1.59222e-06 1.03851e-06 6.9415e-07 4.8204e-07 3.48247e-07 2.59924e-07 1.9796e-07 1.51633e-07 1.15226e-07 8.58709e-08 6.21624e-08 4.3353e-08 2.89206e-08 1.83154e-08 1.08916e-08 5.98776e-09 2.94195e-09 
1.09733e-09 1.84136e-09 2.9126e-09 4.27431e-09 5.82107e-09 7.466e-09 9.21669e-09 1.12909e-08 1.41477e-08 1.82296e-08 2.35371e-08 2.94272e-08 3.47514e-08 3.8264e-08 3.94921e-08 4.20481e-08 6.47714e-08 1.53835e-07 3.51199e-07 7.981e-07 1.5554e-06 2.81396e-06 4.3918e-06 6.0179e-06 7.07038e-06 7.49588e-06 6.95524e-06 5.88485e-06 4.81865e-06 3.65653e-06 3.05429e-06 2.46535e-06 1.8622e-06 1.29643e-06 9.0492e-07 6.49491e-07 4.8204e-07 3.683e-07 2.86415e-07 2.23476e-07 1.7256e-07 1.30375e-07 9.54955e-08 6.72857e-08 4.5324e-08 2.90277e-08 1.75403e-08 9.87442e-09 5.09672e-09 2.24438e-09 
1.00296e-09 1.81827e-09 3.00066e-09 4.66864e-09 6.72472e-09 9.02697e-09 1.14364e-08 1.3919e-08 1.67093e-08 2.03512e-08 2.53006e-08 3.12435e-08 3.6733e-08 3.94705e-08 3.7532e-08 3.5858e-08 6.38941e-08 1.5472e-07 3.47175e-07 7.03732e-07 1.33665e-06 2.25631e-06 3.42174e-06 4.52033e-06 5.35284e-06 5.87623e-06 6.06527e-06 5.70062e-06 4.94173e-06 3.83592e-06 2.85258e-06 2.24636e-06 1.86598e-06 1.48354e-06 1.11413e-06 8.41437e-07 6.49491e-07 5.12324e-07 4.09235e-07 3.26599e-07 2.56982e-07 1.9721e-07 1.46322e-07 1.04199e-07 7.08352e-08 4.57934e-08 2.80153e-08 1.60702e-08 8.52765e-09 4.07342e-09 
1.71411e-09 2.955e-09 4.84437e-09 7.39981e-09 1.04879e-08 1.39014e-08 1.7397e-08 2.08356e-08 2.44157e-08 2.87312e-08 3.41547e-08 3.97553e-08 4.27347e-08 3.94921e-08 3.31528e-08 6.22835e-08 1.51945e-07 3.23808e-07 5.99764e-07 1.0638e-06 1.68783e-06 2.39992e-06 3.06439e-06 3.51654e-06 3.84934e-06 4.06496e-06 4.16445e-06 4.08505e-06 3.64494e-06 2.86838e-06 2.23573e-06 1.75568e-06 1.51075e-06 1.25508e-06 1.02915e-06 8.41437e-07 6.9415e-07 5.74624e-07 4.71881e-07 3.79867e-07 2.96869e-07 2.2349e-07 1.60986e-07 1.10444e-07 7.19901e-08 4.44697e-08 2.58782e-08 1.40304e-08 7.00087e-09 3.03666e-09 
1.52537e-09 2.80207e-09 4.78049e-09 7.73108e-09 1.16051e-08 1.62196e-08 2.12446e-08 2.62363e-08 3.08292e-08 3.50789e-08 3.9551e-08 4.43538e-08 4.75063e-08 4.45587e-08 3.5858e-08 6.0967e-08 1.50795e-07 2.96659e-07 5.09879e-07 8.03063e-07 1.19556e-06 1.57617e-06 1.92698e-06 2.27347e-06 2.48743e-06 2.60979e-06 2.66309e-06 2.64345e-06 2.54386e-06 2.41187e-06 2.11334e-06 1.77673e-06 1.45831e-06 1.29457e-06 1.15128e-06 1.02915e-06 9.0492e-07 7.86915e-07 6.70948e-07 5.558e-07 4.43996e-07 3.39952e-07 2.48041e-07 1.71807e-07 1.12854e-07 7.02602e-08 4.13303e-08 2.27922e-08 1.16519e-08 5.41265e-09 
2.53963e-09 4.5066e-09 7.66616e-09 1.21942e-08 1.80212e-08 2.4869e-08 3.21782e-08 3.91291e-08 4.49124e-08 4.92498e-08 5.25395e-08 5.43568e-08 5.14792e-08 4.20481e-08 6.22835e-08 1.49859e-07 2.77923e-07 4.32254e-07 6.12903e-07 8.21614e-07 1.01267e-06 1.23438e-06 1.42068e-06 1.62253e-06 1.72282e-06 1.7463e-06 1.70563e-06 1.62475e-06 1.60806e-06 1.6047e-06 1.53152e-06 1.43103e-06 1.27689e-06 1.19524e-06 1.15128e-06 1.11413e-06 1.03851e-06 9.32117e-07 8.01548e-07 6.58091e-07 5.14228e-07 3.80832e-07 2.6659e-07 1.76467e-07 1.10605e-07 6.5594e-08 3.66379e-08 1.90949e-08 9.21085e-09 3.94779e-09 
2.20018e-09 4.09089e-09 7.22669e-09 1.2158e-08 1.90246e-08 2.77207e-08 3.77761e-08 4.8207e-08 5.75073e-08 6.40509e-08 6.69139e-08 6.6143e-08 6.06965e-08 4.96152e-08 6.38941e-08 1.50795e-07 2.72639e-07 3.82452e-07 4.77232e-07 5.69896e-07 6.8551e-07 7.96876e-07 9.35582e-07 1.04512e-06 1.14395e-06 1.17693e-06 1.16009e-06 1.10941e-06 1.0785e-06 1.08207e-06 1.088e-06 1.13779e-06 1.22197e-06 1.19167e-06 1.19524e-06 1.25508e-06 1.29643e-06 1.25087e-06 1.13188e-06 9.63015e-07 7.71814e-07 5.81946e-07 4.12385e-07 2.75233e-07 1.73588e-07 1.03597e-07 5.84013e-08 3.09071e-08 1.5222e-08 6.89194e-09 
3.5616e-09 6.50721e-09 1.15022e-08 1.90682e-08 2.93849e-08 4.22351e-08 5.67659e-08 7.12161e-08 8.28574e-08 8.8636e-08 8.65295e-08 7.62073e-08 5.87001e-08 6.47714e-08 1.51945e-07 2.77923e-07 3.68556e-07 4.06046e-07 4.21646e-07 4.75451e-07 5.56078e-07 6.26394e-07 7.11756e-07 7.70908e-07 8.12169e-07 8.17099e-07 7.98319e-07 7.76353e-07 7.65216e-07 7.75058e-07 8.12656e-07 9.27692e-07 1.1229e-06 1.19167e-06 1.29457e-06 1.48354e-06 1.59222e-06 1.54852e-06 1.38309e-06 1.14559e-06 8.8337e-07 6.35298e-07 4.28017e-07 2.71665e-07 1.62981e-07 9.24811e-08 4.94954e-08 2.48007e-08 1.1589e-08 4.93145e-09 
3.01036e-09 5.651e-09 1.03434e-08 1.81309e-08 2.96061e-08 4.49659e-08 6.36966e-08 8.41933e-08 1.03289e-07 1.16137e-07 1.17313e-07 1.03173e-07 7.46274e-08 6.34234e-08 1.5472e-07 2.96659e-07 3.82452e-07 3.8591e-07 3.5731e-07 3.61389e-07 4.00902e-07 4.52069e-07 4.96633e-07 5.45796e-07 5.76989e-07 5.9398e-07 5.92349e-07 5.84127e-07 5.76697e-07 5.80962e-07 6.10732e-07 6.71919e-07 8.29575e-07 1.1229e-06 1.27689e-06 1.51075e-06 1.8622e-06 2.01727e-06 1.93105e-06 1.67277e-06 1.32813e-06 9.7314e-07 6.63138e-07 4.23883e-07 2.55534e-07 1.45685e-07 7.85713e-08 3.99168e-08 1.89807e-08 8.41089e-09 
4.73465e-09 8.89315e-09 1.63528e-08 2.8312e-08 4.557e-08 6.81972e-08 9.49773e-08 1.22848e-07 1.46143e-07 1.56464e-07 1.44688e-07 1.0553e-07 6.00915e-08 1.53835e-07 3.23808e-07 4.32254e-07 4.06046e-07 3.37626e-07 3.06407e-07 3.15325e-07 3.39745e-07 3.70565e-07 3.97744e-07 4.25893e-07 4.43463e-07 4.51547e-07 4.51604e-07 4.51252e-07 4.57291e-07 4.7832e-07 5.24818e-07 6.07128e-07 8.29575e-07 1.22197e-06 1.45831e-06 1.86598e-06 2.4268e-06 2.57985e-06 2.38272e-06 1.96877e-06 1.4785e-06 1.02225e-06 6.5905e-07 3.99336e-07 2.28501e-07 1.23849e-07 6.35442e-08 3.06858e-08 1.39471e-08 5.92753e-09 
3.91799e-09 7.40196e-09 1.40277e-08 2.56643e-08 4.38657e-08 6.96363e-08 1.02536e-07 1.39793e-07 1.75569e-07 1.99868e-07 1.98615e-07 1.57489e-07 7.53091e-08 1.32129e-07 3.47175e-07 5.09879e-07 4.77232e-07 3.5731e-07 2.88017e-07 2.69968e-07 2.7596e-07 2.89438e-07 3.07131e-07 3.23824e-07 3.4067e-07 3.51565e-07 3.57543e-07 3.61597e-07 3.70239e-07 3.88467e-07 4.23944e-07 4.87954e-07 6.07128e-07 9.27692e-07 1.43103e-06 1.75568e-06 2.46535e-06 3.20687e-06 3.26449e-06 2.85626e-06 2.2194e-06 1.56468e-06 1.02e-06 6.21837e-07 3.57e-07 1.94094e-07 1.00219e-07 4.90101e-08 2.25954e-08 9.85506e-09 
5.99196e-09 1.15375e-08 2.20703e-08 4.00113e-08 6.75802e-08 1.05814e-07 1.5289e-07 2.0276e-07 2.44433e-07 2.60732e-07 2.29292e-07 1.30901e-07 9.44381e-08 3.51199e-07 5.99764e-07 6.12903e-07 4.21646e-07 3.06407e-07 2.54601e-07 2.41046e-07 2.42066e-07 2.48413e-07 2.58551e-07 2.69221e-07 2.80002e-07 2.88216e-07 2.95429e-07 3.05213e-07 3.22106e-07 3.50984e-07 4.00872e-07 4.87954e-07 6.71919e-07 1.13779e-06 1.77673e-06 2.24636e-06 3.43187e-06 4.19492e-06 4.0054e-06 3.2712e-06 2.37025e-06 1.56873e-06 9.64138e-07 5.55589e-07 3.02671e-07 1.56841e-07 7.73855e-08 3.61789e-08 1.60845e-08 6.87226e-09 
4.87276e-09 9.24109e-09 1.80934e-08 3.45742e-08 6.20988e-08 1.03788e-07 1.60205e-07 2.26338e-07 2.89564e-07 3.29749e-07 3.18899e-07 2.25984e-07 7.82307e-08 3.49426e-07 7.03732e-07 8.03063e-07 5.69896e-07 3.61389e-07 2.69968e-07 2.29481e-07 2.1592e-07 2.13182e-07 2.15633e-07 2.21624e-07 2.28834e-07 2.36796e-07 2.4496e-07 2.55267e-07 2.70665e-07 2.95143e-07 3.34722e-07 4.00872e-07 5.24818e-07 8.12656e-07 1.53152e-06 2.23573e-06 3.05429e-06 4.75202e-06 5.30803e-06 4.68449e-06 3.5351e-06 2.39099e-06 1.4864e-06 8.6089e-07 4.69803e-07 2.43853e-07 1.20969e-07 5.7229e-08 2.573e-08 1.11176e-08 
7.26465e-09 1.4293e-08 2.83974e-08 5.39786e-08 9.62176e-08 1.59357e-07 2.42368e-07 3.336e-07 4.0803e-07 4.30847e-07 3.62557e-07 1.95846e-07 3.20544e-07 7.981e-07 1.0638e-06 8.21614e-07 4.75451e-07 3.15325e-07 2.41046e-07 2.07424e-07 1.93655e-07 1.89194e-07 1.89729e-07 1.93483e-07 1.99021e-07 2.06371e-07 2.16078e-07 2.2994e-07 2.50799e-07 2.83134e-07 3.34722e-07 4.23944e-07 6.10732e-07 1.088e-06 2.11334e-06 2.85258e-06 4.21339e-06 6.32279e-06 6.39467e-06 5.14571e-06 3.59564e-06 2.27348e-06 1.32681e-06 7.25743e-07 3.76932e-07 1.87479e-07 8.94443e-08 4.07325e-08 1.78286e-08 7.70742e-09 
5.82238e-09 1.10769e-08 2.23382e-08 4.4517e-08 8.41842e-08 1.49293e-07 2.45429e-07 3.67853e-07 4.92297e-07 5.7246e-07 5.556e-07 4.15571e-07 3.71963e-07 8.18326e-07 1.33665e-06 1.19556e-06 6.8551e-07 4.00902e-07 2.7596e-07 2.1592e-07 1.87366e-07 1.74452e-07 1.69597e-07 1.69303e-07 1.72093e-07 1.77315e-07 1.85422e-07 1.97362e-07 2.15046e-07 2.41755e-07 2.83134e-07 3.50984e-07 4.7832e-07 7.75058e-07 1.6047e-06 2.86838e-06 3.65653e-06 5.95593e-06 7.99825e-06 7.19616e-06 5.29577e-06 3.43707e-06 2.03022e-06 1.11498e-06 5.7936e-07 2.88381e-07 1.38278e-07 6.37038e-08 2.81156e-08 1.21159e-08 
8.49751e-09 1.70433e-08 3.50573e-08 6.97482e-08 1.31515e-07 2.32681e-07 3.80474e-07 5.62854e-07 7.33704e-07 8.15068e-07 7.49247e-07 6.1993e-07 9.02405e-07 1.5554e-06 1.68783e-06 1.01267e-06 5.56078e-07 3.39745e-07 2.42066e-07 1.93655e-07 1.6971e-07 1.58285e-07 1.53709e-07 1.53301e-07 1.56064e-07 1.61896e-07 1.71493e-07 1.86132e-07 2.08155e-07 2.41755e-07 2.95143e-07 3.88467e-07 5.80962e-07 1.08207e-06 2.41187e-06 3.83592e-06 4.88358e-06 8.24272e-06 9.37819e-06 7.53917e-06 5.10374e-06 3.07465e-06 1.70115e-06 8.85157e-07 4.40515e-07 2.11725e-07 9.83754e-08 4.39403e-08 1.90617e-08 8.38615e-09 
6.71974e-09 1.285e-08 2.66114e-08 5.50896e-08 1.09415e-07 2.06325e-07 3.65187e-07 5.95415e-07 8.71959e-07 1.1136e-06 1.20179e-06 1.11306e-06 1.1292e-06 1.78696e-06 2.25631e-06 1.57617e-06 7.96876e-07 4.52069e-07 2.89438e-07 2.13182e-07 1.74452e-07 1.54636e-07 1.44872e-07 1.40958e-07 1.40971e-07 1.44362e-07 1.51382e-07 1.62976e-07 1.80865e-07 2.08155e-07 2.50799e-07 3.22106e-07 4.57291e-07 7.65216e-07 1.60806e-06 3.64494e-06 4.81865e-06 6.7397e-06 1.05936e-05 1.01217e-05 7.36091e-06 4.58385e-06 2.57074e-06 1.34274e-06 6.68221e-07 3.2137e-07 1.50123e-07 6.78436e-08 2.95921e-08 1.27991e-08 
9.65261e-09 1.97242e-08 4.18309e-08 8.66481e-08 1.72166e-07 3.25619e-07 5.77915e-07 9.41451e-07 1.36833e-06 1.72041e-06 1.82271e-06 1.71261e-06 1.98353e-06 2.81396e-06 2.39992e-06 1.23438e-06 6.26394e-07 3.70565e-07 2.48413e-07 1.89194e-07 1.58285e-07 1.4201e-07 1.33905e-07 1.30914e-07 1.31746e-07 1.36205e-07 1.44837e-07 1.58935e-07 1.80865e-07 2.15046e-07 2.70665e-07 3.70239e-07 5.76697e-07 1.0785e-06 2.54386e-06 4.94173e-06 5.87074e-06 9.37916e-06 1.22007e-05 1.01022e-05 6.66331e-06 3.82995e-06 2.01789e-06 1.00578e-06 4.83721e-07 2.2662e-07 1.0336e-07 4.55967e-08 1.97306e-08 8.87541e-09 
7.52498e-09 1.45283e-08 3.08254e-08 6.59044e-08 1.36496e-07 2.72038e-07 5.17136e-07 9.21389e-07 1.4998e-06 2.15997e-06 2.65751e-06 2.69766e-06 2.50834e-06 3.23453e-06 3.42174e-06 1.92698e-06 9.35582e-07 4.96633e-07 3.07131e-07 2.15633e-07 1.69597e-07 1.44872e-07 1.3161e-07 1.25127e-07 1.23253e-07 1.25189e-07 1.31048e-07 1.41697e-07 1.58935e-07 1.86132e-07 2.2994e-07 3.05213e-07 4.51252e-07 7.76353e-07 1.62475e-06 4.08505e-06 5.88485e-06 7.30266e-06 1.20782e-05 1.27175e-05 9.283e-06 5.57863e-06 2.99192e-06 1.4993e-06 7.21685e-07 3.38629e-07 1.55438e-07 6.94134e-08 3.01158e-08 1.31481e-08 
1.07019e-08 2.22997e-08 4.8545e-08 1.03882e-07 2.1545e-07 4.3159e-07 8.25224e-07 1.47438e-06 2.38834e-06 3.37377e-06 3.95272e-06 3.62649e-06 3.66091e-06 4.3918e-06 3.06439e-06 1.42068e-06 7.11756e-07 3.97744e-07 2.58551e-07 1.89729e-07 1.53709e-07 1.33905e-07 1.23237e-07 1.18341e-07 1.17725e-07 1.20986e-07 1.28551e-07 1.41697e-07 1.62976e-07 1.97362e-07 2.55267e-07 3.61597e-07 5.84127e-07 1.10941e-06 2.64345e-06 5.70062e-06 6.58588e-06 9.67635e-06 1.37422e-05 1.20379e-05 7.82794e-06 4.34437e-06 2.20538e-06 1.06559e-06 5.00823e-07 2.30899e-07 1.04189e-07 4.56962e-08 1.98409e-08 9.15593e-09 
8.20442e-09 1.60845e-08 3.48994e-08 7.65539e-08 1.6371e-07 3.40619e-07 6.86338e-07 1.31811e-06 2.35065e-06 3.75057e-06 5.07877e-06 5.32742e-06 4.45167e-06 5.12539e-06 4.52033e-06 2.27347e-06 1.04512e-06 5.45796e-07 3.23824e-07 2.21624e-07 1.69303e-07 1.40958e-07 1.25127e-07 1.16733e-07 1.13394e-07 1.14144e-07 1.18935e-07 1.28551e-07 1.44837e-07 1.71493e-07 2.16078e-07 2.95429e-07 4.51604e-07 7.98319e-07 1.70563e-06 4.16445e-06 6.95524e-06 7.62139e-06 1.21953e-05 1.38389e-05 1.03292e-05 6.09799e-06 3.17952e-06 1.55198e-06 7.32243e-07 3.38873e-07 1.5417e-07 6.85072e-08 2.97432e-08 1.31707e-08 
1.1617e-08 2.47157e-08 5.49778e-08 1.20509e-07 2.57743e-07 5.38481e-07 1.09018e-06 2.09384e-06 3.69268e-06 5.69606e-06 7.07305e-06 6.16249e-06 5.47534e-06 6.0179e-06 3.51654e-06 1.62253e-06 7.70908e-07 4.25893e-07 2.69221e-07 1.93483e-07 1.53301e-07 1.30914e-07 1.18341e-07 1.11973e-07 1.10166e-07 1.12385e-07 1.18935e-07 1.31048e-07 1.51382e-07 1.85422e-07 2.4496e-07 3.57543e-07 5.92349e-07 1.16009e-06 2.66309e-06 6.06527e-06 7.5234e-06 9.26956e-06 1.3633e-05 1.23499e-05 8.10438e-06 4.44051e-06 2.21585e-06 1.05526e-06 4.90946e-07 2.24927e-07 1.01176e-07 4.4394e-08 1.94444e-08 9.22095e-09 
8.72911e-09 1.74732e-08 3.86878e-08 8.64957e-08 1.89048e-07 4.04766e-07 8.48566e-07 1.71997e-06 3.27702e-06 5.6286e-06 8.13586e-06 8.60291e-06 6.44611e-06 6.66368e-06 5.35284e-06 2.48743e-06 1.14395e-06 5.76989e-07 3.4067e-07 2.28834e-07 1.72093e-07 1.40971e-07 1.23253e-07 1.13394e-07 1.0886e-07 1.08573e-07 1.12385e-07 1.20986e-07 1.36205e-07 1.61896e-07 2.06371e-07 2.88216e-07 4.51547e-07 8.17099e-07 1.7463e-06 4.06496e-06 7.49588e-06 7.7606e-06 1.10302e-05 1.30764e-05 9.89912e-06 5.89788e-06 3.06813e-06 1.4904e-06 7.0032e-07 3.2337e-07 1.47065e-07 6.54658e-08 2.86037e-08 1.28953e-08 
1.23623e-08 2.68682e-08 6.07779e-08 1.35365e-07 2.95064e-07 6.32319e-07 1.32644e-06 2.67378e-06 4.98914e-06 8.15232e-06 1.04943e-05 8.85942e-06 6.89628e-06 7.07038e-06 3.84934e-06 1.72282e-06 8.12169e-07 4.43463e-07 2.80002e-07 1.99021e-07 1.56064e-07 1.31746e-07 1.17725e-07 1.10166e-07 1.07321e-07 1.08573e-07 1.14144e-07 1.25189e-07 1.44362e-07 1.77315e-07 2.36796e-07 3.51565e-07 5.9398e-07 1.17693e-06 2.60979e-06 5.87623e-06 7.55168e-06 8.20345e-06 1.17e-05 1.09082e-05 7.26448e-06 4.05132e-06 2.04238e-06 9.78433e-07 4.57115e-07 2.10247e-07 9.49925e-08 4.19535e-08 1.86235e-08 9.07444e-09 
9.07444e-09 1.86235e-08 4.19535e-08 9.49925e-08 2.10247e-07 4.57115e-07 9.78433e-07 2.04238e-06 4.05132e-06 7.26448e-06 1.09082e-05 1.17e-05 8.20345e-06 7.55168e-06 5.87623e-06 2.60979e-06 1.17693e-06 5.9398e-07 3.51565e-07 2.36796e-07 1.77315e-07 1.44362e-07 1.25189e-07 1.14144e-07 1.08573e-07 1.07321e-07 1.10166e-07 1.17725e-07 1.31746e-07 1.56064e-07 1.99021e-07 2.80002e-07 4.43463e-07 8.12169e-07 1.72282e-06 3.84934e-06 7.07038e-06 6.89628e-06 8.85942e-06 1.04943e-05 8.15232e-06 4.98914e-06 2.67378e-06 1.32644e-06 6.32319e-07 2.95064e-07 1.35365e-07 6.07779e-08 2.68682e-08 1.23623e-08 
1.28953e-08 2.86037e-08 6.54658e-08 1.47065e-07 3.2337e-07 7.0032e-07 1.4904e-06 3.06813e-06 5.89788e-06 9.89912e-06 1.30764e-05 1.10302e-05 7.7606e-06 7.49588e-06 4.06496e-06 1.7463e-06 8.17099e-07 4.51547e-07 2.88216e-07 2.06371e-07 1.61896e-07 1.36205e-07 1.20986e-07 1.12385e-07 1.08573e-07 1.0886e-07 1.13394e-07 1.23253e-07 1.40971e-07 1.72093e-07 2.28834e-07 3.4067e-07 5.76989e-07 1.14395e-06 2.48743e-06 5.35284e-06 6.66368e-06 6.44611e-06 8.60291e-06 8.13586e-06 5.6286e-06 3.27702e-06 1.71997e-06 8.48566e-07 4.04766e-07 1.89048e-07 8.64957e-08 3.86878e-08 1.74732e-08 8.72911e-09 
9.22095e-09 1.94444e-08 4.4394e-08 1.01176e-07 2.24927e-07 4.90946e-07 1.05526e-06 2.21585e-06 4.44051e-06 8.10438e-06 1.23499e-05 1.3633e-05 9.26956e-06 7.5234e-06 6.06527e-06 2.66309e-06 1.16009e-06 5.92349e-07 3.57543e-07 2.4496e-07 1.85422e-07 1.51382e-07 1.31048e-07 1.18935e-07 1.12385e-07 1.10166e-07 1.11973e-07 1.18341e-07 1.30914e-07 1.53301e-07 1.93483e-07 2.69221e-07 4.25893e-07 7.70908e-07 1.62253e-06 3.51654e-06 6.0179e-06 5.47534e-06 6.16249e-06 7.07305e-06 5.69606e-06 3.69268e-06 2.09384e-06 1.09018e-06 5.38481e-07 2.57743e-07 1.20509e-07 5.49778e-08 2.47157e-08 1.1617e-08 
1.31707e-08 2.97432e-08 6.85072e-08 1.5417e-07 3.38873e-07 7.32243e-07 1.55198e-06 3.17952e-06 6.09799e-06 1.03292e-05 1.38389e-05 1.21953e-05 7.62139e-06 6.95524e-06 4.16445e-06 1.70563e-06 7.98319e-07 4.51604e-07 2.95429e-07 2.16078e-07 1.71493e-07 1.44837e-07 1.28551e-07 1.18935e-07 1.14144e-07 1.13394e-07 1.16733e-07 1.25127e-07 1.40958e-07 1.69303e-07 2.21624e-07 3.23824e-07 5.45796e-07 1.04512e-06 2.27347e-06 4.52033e-06 5.12539e-06 4.45167e-06 5.32742e-06 5.07877e-06 3.75057e-06 2.35065e-06 1.31811e-06 6.86338e-07 3.40619e-07 1.6371e-07 7.65539e-08 3.48994e-08 1.60845e-08 8.20442e-09 
9.15593e-09 1.98409e-08 4.56962e-08 1.04189e-07 2.30899e-07 5.00823e-07 1.06559e-06 2.20538e-06 4.34437e-06 7.82794e-06 1.20379e-05 1.37422e-05 9.67635e-06 6.58588e-06 5.70062e-06 2.64345e-06 1.10941e-06 5.84127e-07 3.61597e-07 2.55267e-07 1.97362e-07 1.62976e-07 1.41697e-07 1.28551e-07 1.20986e-07 1.17725e-07 1.18341e-07 1.23237e-07 1.33905e-07 1.53709e-07 1.89729e-07 2.58551e-07 3.97744e-07 7.11756e-07 1.42068e-06 3.06439e-06 4.3918e-06 3.66091e-06 3.62649e-06 3.95272e-06 3.37377e-06 2.38834e-06 1.47438e-06 8.25224e-07 4.3159e-07 2.1545e-07 1.03882e-07 4.8545e-08 2.22997e-08 1.07019e-08 
1.31481e-08 3.01158e-08 6.94134e-08 1.55438e-07 3.38629e-07 7.21685e-07 1.4993e-06 2.99192e-06 5.57863e-06 9.283e-06 1.27175e-05 1.20782e-05 7.30266e-06 5.88485e-06 4.08505e-06 1.62475e-06 7.76353e-07 4.51252e-07 3.05213e-07 2.2994e-07 1.86132e-07 1.58935e-07 1.41697e-07 1.31048e-07 1.25189e-07 1.23253e-07 1.25127e-07 1.3161e-07 1.44872e-07 1.69597e-07 2.15633e-07 3.07131e-07 4.96633e-07 9.35582e-07 1.92698e-06 3.42174e-06 3.23453e-06 2.50834e-06 2.69766e-06 2.65751e-06 2.15997e-06 1.4998e-06 9.21389e-07 5.17136e-07 2.72038e-07 1.36496e-07 6.59044e-08 3.08254e-08 1.45283e-08 7.52498e-09 
8.87541e-09 1.97306e-08 4.55967e-08 1.0336e-07 2.2662e-07 4.83721e-07 1.00578e-06 2.01789e-06 3.82995e-06 6.66331e-06 1.01022e-05 1.22007e-05 9.37916e-06 5.87074e-06 4.94173e-06 2.54386e-06 1.0785e-06 5.76697e-07 3.70239e-07 2.70665e-07 2.15046e-07 1.80865e-07 1.58935e-07 1.44837e-07 1.36205e-07 1.31746e-07 1.30914e-07 1.33905e-07 1.4201e-07 1.58285e-07 1.89194e-07 2.48413e-07 3.70565e-07 6.26394e-07 1.23438e-06 2.39992e-06 2.81396e-06 1.98353e-06 1.71261e-06 1.82271e-06 1.72041e-06 1.36833e-06 9.41451e-07 5.77915e-07 3.25619e-07 1.72166e-07 8.66481e-08 4.18309e-08 1.97242e-08 9.65261e-09 
1.27991e-08 2.95921e-08 6.78436e-08 1.50123e-07 3.2137e-07 6.68221e-07 1.34274e-06 2.57074e-06 4.58385e-06 7.36091e-06 1.01217e-05 1.05936e-05 6.7397e-06 4.81865e-06 3.64494e-06 1.60806e-06 7.65216e-07 4.57291e-07 3.22106e-07 2.50799e-07 2.08155e-07 1.80865e-07 1.62976e-07 1.51382e-07 1.44362e-07 1.40971e-07 1.40958e-07 1.44872e-07 1.54636e-07 1.74452e-07 2.13182e-07 2.89438e-07 4.52069e-07 7.96876e-07 1.57617e-06 2.25631e-06 1.78696e-06 1.1292e-06 1.11306e-06 1.20179e-06 1.1136e-06 8.71959e-07 5.95415e-07 3.65187e-07 2.06325e-07 1.09415e-07 5.50896e-08 2.66114e-08 1.285e-08 6.71974e-09 
8.38615e-09 1.90617e-08 4.39403e-08 9.83754e-08 2.11725e-07 4.40515e-07 8.85157e-07 1.70115e-06 3.07465e-06 5.10374e-06 7.53917e-06 9.37819e-06 8.24272e-06 4.88358e-06 3.83592e-06 2.41187e-06 1.08207e-06 5.80962e-07 3.88467e-07 2.95143e-07 2.41755e-07 2.08155e-07 1.86132e-07 1.71493e-07 1.61896e-07 1.56064e-07 1.53301e-07 1.53709e-07 1.58285e-07 1.6971e-07 1.93655e-07 2.42066e-07 3.39745e-07 5.56078e-07 1.01267e-06 1.68783e-06 1.5554e-06 9.02405e-07 6.1993e-07 7.49247e-07 8.15068e-07 7.33704e-07 5.62854e-07 3.80474e-07 2.32681e-07 1.31515e-07 6.97482e-08 3.50573e-08 1.70433e-08 8.49751e-09 
1.21159e-08 2.81156e-08 6.37038e-08 1.38278e-07 2.88381e-07 5.7936e-07 1.11498e-06 2.03022e-06 3.43707e-06 5.29577e-06 7.19616e-06 7.99825e-06 5.95593e-06 3.65653e-06 2.86838e-06 1.6047e-06 7.75058e-07 4.7832e-07 3.50984e-07 2.83134e-07 2.41755e-07 2.15046e-07 1.97362e-07 1.85422e-07 1.77315e-07 1.72093e-07 1.69303e-07 1.69597e-07 1.74452e-07 1.87366e-07 2.1592e-07 2.7596e-07 4.00902e-07 6.8551e-07 1.19556e-06 1.33665e-06 8.18326e-07 3.71963e-07 4.15571e-07 5.556e-07 5.7246e-07 4.92297e-07 3.67853e-07 2.45429e-07 1.49293e-07 8.41842e-08 4.4517e-08 2.23382e-08 1.10769e-08 5.82238e-09 
7.70742e-09 1.78286e-08 4.07325e-08 8.94443e-08 1.87479e-07 3.76932e-07 7.25743e-07 1.32681e-06 2.27348e-06 3.59564e-06 5.14571e-06 6.39467e-06 6.32279e-06 4.21339e-06 2.85258e-06 2.11334e-06 1.088e-06 6.10732e-07 4.23944e-07 3.34722e-07 2.83134e-07 2.50799e-07 2.2994e-07 2.16078e-07 2.06371e-07 1.99021e-07 1.93483e-07 1.89729e-07 1.89194e-07 1.93655e-07 2.07424e-07 2.41046e-07 3.15325e-07 4.75451e-07 8.21614e-07 1.0638e-06 7.981e-07 3.20544e-07 1.95846e-07 3.62557e-07 4.30847e-07 4.0803e-07 3.336e-07 2.42368e-07 1.59357e-07 9.62176e-08 5.39786e-08 2.83974e-08 1.4293e-08 7.26465e-09 
1.11176e-08 2.573e-08 5.7229e-08 1.20969e-07 2.43853e-07 4.69803e-07 8.6089e-07 1.4864e-06 2.39099e-06 3.5351e-06 4.68449e-06 5.30803e-06 4.75202e-06 3.05429e-06 2.23573e-06 1.53152e-06 8.12656e-07 5.24818e-07 4.00872e-07 3.34722e-07 2.95143e-07 2.70665e-07 2.55267e-07 2.4496e-07 2.36796e-07 2.28834e-07 2.21624e-07 2.15633e-07 2.13182e-07 2.1592e-07 2.29481e-07 2.69968e-07 3.61389e-07 5.69896e-07 8.03063e-07 7.03732e-07 3.49426e-07 7.82307e-08 2.25984e-07 3.18899e-07 3.29749e-07 2.89564e-07 2.26338e-07 1.60205e-07 1.03788e-07 6.20988e-08 3.45742e-08 1.80934e-08 9.24109e-09 4.87276e-09 
6.87226e-09 1.60845e-08 3.61789e-08 7.73855e-08 1.56841e-07 3.02671e-07 5.55589e-07 9.64138e-07 1.56873e-06 2.37025e-06 3.2712e-06 4.0054e-06 4.19492e-06 3.43187e-06 2.24636e-06 1.77673e-06 1.13779e-06 6.71919e-07 4.87954e-07 4.00872e-07 3.50984e-07 3.22106e-07 3.05213e-07 2.95429e-07 2.88216e-07 2.80002e-07 2.69221e-07 2.58551e-07 2.48413e-07 2.42066e-07 2.41046e-07 2.54601e-07 3.06407e-07 4.21646e-07 6.12903e-07 5.99764e-07 3.51199e-07 9.44381e-08 1.30901e-07 2.29292e-07 2.60732e-07 2.44433e-07 2.0276e-07 1.5289e-07 1.05814e-07 6.75802e-08 4.00113e-08 2.20703e-08 1.15375e-08 5.99196e-09 
9.85506e-09 2.25954e-08 4.90101e-08 1.00219e-07 1.94094e-07 3.57e-07 6.21837e-07 1.02e-06 1.56468e-06 2.2194e-06 2.85626e-06 3.26449e-06 3.20687e-06 2.46535e-06 1.75568e-06 1.43103e-06 9.27692e-07 6.07128e-07 4.87954e-07 4.23944e-07 3.88467e-07 3.70239e-07 3.61597e-07 3.57543e-07 3.51565e-07 3.4067e-07 3.23824e-07 3.07131e-07 2.89438e-07 2.7596e-07 2.69968e-07 2.88017e-07 3.5731e-07 4.77232e-07 5.09879e-07 3.47175e-07 1.32129e-07 7.53091e-08 1.57489e-07 1.98615e-07 1.99868e-07 1.75569e-07 1.39793e-07 1.02536e-07 6.96363e-08 4.38657e-08 2.56643e-08 1.40277e-08 7.40196e-09 3.91799e-09 
5.92753e-09 1.39471e-08 3.06858e-08 6.35442e-08 1.23849e-07 2.28501e-07 3.99336e-07 6.5905e-07 1.02225e-06 1.4785e-06 1.96877e-06 2.38272e-06 2.57985e-06 2.4268e-06 1.86598e-06 1.45831e-06 1.22197e-06 8.29575e-07 6.07128e-07 5.24818e-07 4.7832e-07 4.57291e-07 4.51252e-07 4.51604e-07 4.51547e-07 4.43463e-07 4.25893e-07 3.97744e-07 3.70565e-07 3.39745e-07 3.15325e-07 3.06407e-07 3.37626e-07 4.06046e-07 4.32254e-07 3.23808e-07 1.53835e-07 6.00915e-08 1.0553e-07 1.44688e-07 1.56464e-07 1.46143e-07 1.22848e-07 9.49773e-08 6.81972e-08 4.557e-08 2.8312e-08 1.63528e-08 8.89315e-09 4.73465e-09 
8.41089e-09 1.89807e-08 3.99168e-08 7.85713e-08 1.45685e-07 2.55534e-07 4.23883e-07 6.63138e-07 9.7314e-07 1.32813e-06 1.67277e-06 1.93105e-06 2.01727e-06 1.8622e-06 1.51075e-06 1.27689e-06 1.1229e-06 8.29575e-07 6.71919e-07 6.10732e-07 5.80962e-07 5.76697e-07 5.84127e-07 5.92349e-07 5.9398e-07 5.76989e-07 5.45796e-07 4.96633e-07 4.52069e-07 4.00902e-07 3.61389e-07 3.5731e-07 3.8591e-07 3.82452e-07 2.96659e-07 1.5472e-07 6.34234e-08 7.46274e-08 1.03173e-07 1.17313e-07 1.16137e-07 1.03289e-07 8.41933e-08 6.36966e-08 4.49659e-08 2.96061e-08 1.81309e-08 1.03434e-08 5.651e-09 3.01036e-09 
4.93145e-09 1.1589e-08 2.48007e-08 4.94954e-08 9.24811e-08 1.62981e-07 2.71665e-07 4.28017e-07 6.35298e-07 8.8337e-07 1.14559e-06 1.38309e-06 1.54852e-06 1.59222e-06 1.48354e-06 1.29457e-06 1.19167e-06 1.1229e-06 9.27692e-07 8.12656e-07 7.75058e-07 7.65216e-07 7.76353e-07 7.98319e-07 8.17099e-07 8.12169e-07 7.70908e-07 7.11756e-07 6.26394e-07 5.56078e-07 4.75451e-07 4.21646e-07 4.06046e-07 3.68556e-07 2.77923e-07 1.51945e-07 6.47714e-08 5.87001e-08 7.62073e-08 8.65295e-08 8.8636e-08 8.28574e-08 7.12161e-08 5.67659e-08 4.22351e-08 2.93849e-08 1.90682e-08 1.15022e-08 6.50721e-09 3.5616e-09 
6.89194e-09 1.5222e-08 3.09071e-08 5.84013e-08 1.03597e-07 1.73588e-07 2.75233e-07 4.12385e-07 5.81946e-07 7.71814e-07 9.63015e-07 1.13188e-06 1.25087e-06 1.29643e-06 1.25508e-06 1.19524e-06 1.19167e-06 1.22197e-06 1.13779e-06 1.088e-06 1.08207e-06 1.0785e-06 1.10941e-06 1.16009e-06 1.17693e-06 1.14395e-06 1.04512e-06 9.35582e-07 7.96876e-07 6.8551e-07 5.69896e-07 4.77232e-07 3.82452e-07 2.72639e-07 1.50795e-07 6.38941e-08 4.96152e-08 6.06965e-08 6.6143e-08 6.69139e-08 6.40509e-08 5.75073e-08 4.8207e-08 3.77761e-08 2.77207e-08 1.90246e-08 1.2158e-08 7.22669e-09 4.09089e-09 2.20018e-09 
3.94779e-09 9.21085e-09 1.90949e-08 3.66379e-08 6.5594e-08 1.10605e-07 1.76467e-07 2.6659e-07 3.80832e-07 5.14228e-07 6.58091e-07 8.01548e-07 9.32117e-07 1.03851e-06 1.11413e-06 1.15128e-06 1.19524e-06 1.27689e-06 1.43103e-06 1.53152e-06 1.6047e-06 1.60806e-06 1.62475e-06 1.70563e-06 1.7463e-06 1.72282e-06 1.62253e-06 1.42068e-06 1.23438e-06 1.01267e-06 8.21614e-07 6.12903e-07 4.32254e-07 2.77923e-07 1.49859e-07 6.22835e-08 4.20481e-08 5.14792e-08 5.43568e-08 5.25395e-08 4.92498e-08 4.49124e-08 3.91291e-08 3.21782e-08 2.4869e-08 1.80212e-08 1.21942e-08 7.66616e-09 4.5066e-09 2.53963e-09 
5.41265e-09 1.16519e-08 2.27922e-08 4.13303e-08 7.02602e-08 1.12854e-07 1.71807e-07 2.48041e-07 3.39952e-07 4.43996e-07 5.558e-07 6.70948e-07 7.86915e-07 9.0492e-07 1.02915e-06 1.15128e-06 1.29457e-06 1.45831e-06 1.77673e-06 2.11334e-06 2.41187e-06 2.54386e-06 2.64345e-06 2.66309e-06 2.60979e-06 2.48743e-06 2.27347e-06 1.92698e-06 1.57617e-06 1.19556e-06 8.03063e-07 5.09879e-07 2.96659e-07 1.50795e-07 6.0967e-08 3.5858e-08 4.45587e-08 4.75063e-08 4.43538e-08 3.9551e-08 3.50789e-08 3.08292e-08 2.62363e-08 2.12446e-08 1.62196e-08 1.16051e-08 7.73108e-09 4.78049e-09 2.80207e-09 1.52537e-09 
3.03666e-09 7.00087e-09 1.40304e-08 2.58782e-08 4.44697e-08 7.19901e-08 1.10444e-07 1.60986e-07 2.2349e-07 2.96869e-07 3.79867e-07 4.71881e-07 5.74624e-07 6.9415e-07 8.41437e-07 1.02915e-06 1.25508e-06 1.51075e-06 1.75568e-06 2.23573e-06 2.86838e-06 3.64494e-06 4.08505e-06 4.16445e-06 4.06496e-06 3.84934e-06 3.51654e-06 3.06439e-06 2.39992e-06 1.68783e-06 1.0638e-06 5.99764e-07 3.23808e-07 1.51945e-07 6.22835e-08 3.31528e-08 3.94921e-08 4.27347e-08 3.97553e-08 3.41547e-08 2.87312e-08 2.44157e-08 2.08356e-08 1.7397e-08 1.39014e-08 1.04879e-08 7.39981e-09 4.84437e-09 2.955e-09 1.71411e-09 
4.07342e-09 8.52765e-09 1.60702e-08 2.80153e-08 4.57934e-08 7.08352e-08 1.04199e-07 1.46322e-07 1.9721e-07 2.56982e-07 3.26599e-07 4.09235e-07 5.12324e-07 6.49491e-07 8.41437e-07 1.11413e-06 1.48354e-06 1.86598e-06 2.24636e-06 2.85258e-06 3.83592e-06 4.94173e-06 5.70062e-06 6.06527e-06 5.87623e-06 5.35284e-06 4.52033e-06 3.42174e-06 2.25631e-06 1.33665e-06 7.03732e-07 3.47175e-07 1.5472e-07 6.38941e-08 3.5858e-08 3.7532e-08 3.94705e-08 3.6733e-08 3.12435e-08 2.53006e-08 2.03512e-08 1.67093e-08 1.3919e-08 1.14364e-08 9.02697e-09 6.72472e-09 4.66864e-09 3.00066e-09 1.81827e-09 1.00296e-09 
2.24438e-09 5.09672e-09 9.87442e-09 1.75403e-08 2.90277e-08 4.5324e-08 6.72857e-08 9.54955e-08 1.30375e-07 1.7256e-07 2.23476e-07 2.86415e-07 3.683e-07 4.8204e-07 6.49491e-07 9.0492e-07 1.29643e-06 1.8622e-06 2.46535e-06 3.05429e-06 3.65653e-06 4.81865e-06 5.88485e-06 6.95524e-06 7.49588e-06 7.07038e-06 6.0179e-06 4.3918e-06 2.81396e-06 1.5554e-06 7.981e-07 3.51199e-07 1.53835e-07 6.47714e-08 4.20481e-08 3.94921e-08 3.8264e-08 3.47514e-08 2.94272e-08 2.35371e-08 1.82296e-08 1.41477e-08 1.12909e-08 9.21669e-09 7.466e-09 5.82107e-09 4.27431e-09 2.9126e-09 1.84136e-09 1.09733e-09 
2.94195e-09 5.98776e-09 1.08916e-08 1.83154e-08 2.89206e-08 4.3353e-08 6.21624e-08 8.58709e-08 1.15226e-07 1.51633e-07 1.9796e-07 2.59924e-07 3.48247e-07 4.8204e-07 6.9415e-07 1.03851e-06 1.59222e-06 2.4268e-06 3.43187e-06 4.21339e-06 4.88358e-06 5.87074e-06 6.58588e-06 7.5234e-06 7.55168e-06 6.66368e-06 5.12539e-06 3.23453e-06 1.78696e-06 8.18326e-07 3.49426e-07 1.32129e-07 6.34234e-08 4.96152e-08 4.45587e-08 3.94705e-08 3.40334e-08 2.82737e-08 2.24954e-08 1.72025e-08 1.2864e-08 9.69454e-09 7.55573e-09 6.06173e-09 4.84594e-09 3.72855e-09 2.69172e-09 1.79706e-09 1.12339e-09 6.27359e-10 
1.59637e-09 3.56551e-09 6.69025e-09 1.14844e-08 1.83887e-08 2.78661e-08 4.03704e-08 5.63886e-08 7.66088e-08 1.02233e-07 1.35557e-07 1.81006e-07 2.46863e-07 3.48247e-07 5.12324e-07 7.86915e-07 1.25087e-06 2.01727e-06 3.20687e-06 4.75202e-06 5.95593e-06 6.7397e-06 7.30266e-06 7.62139e-06 7.7606e-06 6.89628e-06 5.47534e-06 3.66091e-06 1.98353e-06 9.02405e-07 3.20544e-07 9.44381e-08 6.00915e-08 5.87001e-08 5.14792e-08 4.27347e-08 3.47514e-08 2.78604e-08 2.18525e-08 1.66348e-08 1.22888e-08 8.93124e-09 6.56822e-09 5.01837e-09 3.96584e-09 3.12952e-09 2.37198e-09 1.67864e-09 1.09852e-09 6.70296e-10 
2.04538e-09 4.053e-09 7.14041e-09 1.16369e-08 1.78599e-08 2.61573e-08 3.69328e-08 5.07566e-08 6.8585e-08 9.21692e-08 1.24799e-07 1.72601e-07 2.46863e-07 3.683e-07 5.74624e-07 9.32117e-07 1.54852e-06 2.57985e-06 4.19492e-06 6.32279e-06 8.24272e-06 9.37916e-06 9.67635e-06 9.26956e-06 8.20345e-06 6.44611e-06 4.45167e-06 2.50834e-06 1.1292e-06 3.71963e-07 7.82307e-08 7.53091e-08 7.46274e-08 6.06965e-08 4.75063e-08 3.6733e-08 2.82737e-08 2.16238e-08 1.62952e-08 1.19991e-08 8.62261e-09 6.1202e-09 4.41e-09 3.31393e-09 2.58402e-09 2.01179e-09 1.49831e-09 1.03673e-09 6.66813e-10 3.75865e-10 
1.09608e-09 2.40776e-09 4.38989e-09 7.31649e-09 1.1404e-08 1.69044e-08 2.4131e-08 3.35291e-08 4.58269e-08 6.23194e-08 8.53897e-08 1.1944e-07 1.72601e-07 2.59924e-07 4.09235e-07 6.70948e-07 1.13188e-06 1.93105e-06 3.26449e-06 5.30803e-06 7.99825e-06 1.05936e-05 1.20782e-05 1.21953e-05 1.10302e-05 8.85942e-06 6.16249e-06 3.62649e-06 1.71261e-06 6.1993e-07 1.95846e-07 1.30901e-07 1.0553e-07 7.62073e-08 5.43568e-08 3.97553e-08 2.94272e-08 2.18525e-08 1.6175e-08 1.1833e-08 8.48868e-09 5.96279e-09 4.14906e-09 2.93953e-09 2.17887e-09 1.67831e-09 1.2876e-09 9.39424e-10 6.34665e-10 3.94649e-10 
1.37488e-09 2.65971e-09 4.55961e-09 7.24505e-09 1.08902e-08 1.57268e-08 2.20895e-08 3.0517e-08 4.19462e-08 5.80719e-08 8.19972e-08 1.1944e-07 1.81006e-07 2.86415e-07 4.71881e-07 8.01548e-07 1.38309e-06 2.38272e-06 4.0054e-06 6.39467e-06 9.37819e-06 1.22007e-05 1.37422e-05 1.3633e-05 1.17e-05 8.60291e-06 5.32742e-06 2.69766e-06 1.11306e-06 4.15571e-07 2.25984e-07 1.57489e-07 1.03173e-07 6.6143e-08 4.43538e-08 3.12435e-08 2.24954e-08 1.62952e-08 1.17746e-08 8.41764e-09 5.91144e-09 4.07374e-09 2.78763e-09 1.94805e-09 1.42805e-09 1.08733e-09 8.20479e-10 5.8443e-10 3.85183e-10 2.18006e-10 
7.29589e-10 1.57808e-09 2.80812e-09 4.57116e-09 6.98695e-09 1.02201e-08 1.45147e-08 2.02608e-08 2.8126e-08 3.92992e-08 5.59376e-08 8.19972e-08 1.24799e-07 1.9796e-07 3.26599e-07 5.558e-07 9.63015e-07 1.67277e-06 2.85626e-06 4.68449e-06 7.19616e-06 1.01217e-05 1.27175e-05 1.38389e-05 1.30764e-05 1.04943e-05 7.07305e-06 3.95272e-06 1.82271e-06 7.49247e-07 3.62557e-07 2.29292e-07 1.44688e-07 8.65295e-08 5.25395e-08 3.41547e-08 2.35371e-08 1.66348e-08 1.1833e-08 8.39277e-09 5.88937e-09 4.06285e-09 2.75452e-09 1.8588e-09 1.28513e-09 9.33931e-10 7.02989e-10 5.20276e-10 3.60514e-10 2.27044e-10 
8.98243e-10 1.70288e-09 2.85714e-09 4.45807e-09 6.618e-09 9.51049e-09 1.34134e-08 1.87963e-08 2.6485e-08 3.79638e-08 5.59376e-08 8.53897e-08 1.35557e-07 2.23476e-07 3.79867e-07 6.58091e-07 1.14559e-06 1.96877e-06 3.2712e-06 5.14571e-06 7.53917e-06 1.01022e-05 1.20379e-05 1.23499e-05 1.09082e-05 8.13586e-06 5.07877e-06 2.65751e-06 1.20179e-06 5.556e-07 3.18899e-07 1.98615e-07 1.17313e-07 6.69139e-08 3.9551e-08 2.53006e-08 1.72025e-08 1.19991e-08 8.41764e-09 5.88178e-09 4.06376e-09 2.76094e-09 1.84583e-09 1.23152e-09 8.44874e-10 6.09926e-10 4.5351e-10 3.27861e-10 2.19885e-10 1.24108e-10 
4.7324e-10 1.01e-09 1.76358e-09 2.82333e-09 4.26588e-09 6.21127e-09 8.85449e-09 1.25226e-08 1.77847e-08 2.5654e-08 3.79638e-08 5.80719e-08 9.21692e-08 1.51633e-07 2.56982e-07 4.43996e-07 7.71814e-07 1.32813e-06 2.2194e-06 3.5351e-06 5.29577e-06 7.36091e-06 9.283e-06 1.03292e-05 9.89912e-06 8.15232e-06 5.69606e-06 3.37377e-06 1.72041e-06 8.15068e-07 4.30847e-07 2.60732e-07 1.56464e-07 8.8636e-08 4.92498e-08 2.87312e-08 1.82296e-08 1.22888e-08 8.48868e-09 5.88937e-09 4.06426e-09 2.77085e-09 1.85763e-09 1.2271e-09 8.11493e-10 5.54034e-10 3.97912e-10 2.91609e-10 2.04717e-10 1.2958e-10 
5.73768e-10 1.07093e-09 1.77014e-09 2.73306e-09 4.04028e-09 5.82651e-09 8.31765e-09 1.19031e-08 1.72704e-08 2.5654e-08 3.92992e-08 6.23194e-08 1.02233e-07 1.7256e-07 2.96869e-07 5.14228e-07 8.8337e-07 1.4785e-06 2.37025e-06 3.59564e-06 5.10374e-06 6.66331e-06 7.82794e-06 8.10438e-06 7.26448e-06 5.6286e-06 3.75057e-06 2.15997e-06 1.1136e-06 5.7246e-07 3.29749e-07 1.99868e-07 1.16137e-07 6.40509e-08 3.50789e-08 2.03512e-08 1.2864e-08 8.62261e-09 5.91144e-09 4.06376e-09 2.77451e-09 1.86949e-09 1.23868e-09 8.09958e-10 5.32262e-10 3.62641e-10 2.59213e-10 1.86368e-10 1.25871e-10 7.03649e-11 
3.0084e-10 6.35342e-10 1.09517e-09 1.73683e-09 2.61461e-09 3.8198e-09 5.50704e-09 7.94134e-09 1.15868e-08 1.72704e-08 2.6485e-08 4.19462e-08 6.8585e-08 1.15226e-07 1.9721e-07 3.39952e-07 5.81946e-07 9.7314e-07 1.56468e-06 2.39099e-06 3.43707e-06 4.58385e-06 5.57863e-06 6.09799e-06 5.89788e-06 4.98914e-06 3.69268e-06 2.38834e-06 1.36833e-06 7.33704e-07 4.0803e-07 2.44433e-07 1.46143e-07 8.28574e-08 4.49124e-08 2.44157e-08 1.41477e-08 8.93124e-09 5.96279e-09 4.06285e-09 2.77085e-09 1.87384e-09 1.24934e-09 8.19145e-10 5.31144e-10 3.47751e-10 2.36983e-10 1.68307e-10 1.17771e-10 7.43218e-11 
3.60585e-10 6.6602e-10 1.0919e-09 1.68065e-09 2.49282e-09 3.63314e-09 5.281e-09 7.74834e-09 1.15868e-08 1.77847e-08 2.8126e-08 4.58269e-08 7.66088e-08 1.30375e-07 2.2349e-07 3.80832e-07 6.35298e-07 1.02225e-06 1.56873e-06 2.27348e-06 3.07465e-06 3.82995e-06 4.34437e-06 4.44051e-06 4.05132e-06 3.27702e-06 2.35065e-06 1.4998e-06 8.71959e-07 4.92297e-07 2.89564e-07 1.75569e-07 1.03289e-07 5.75073e-08 3.08292e-08 1.67093e-08 9.69454e-09 6.1202e-09 4.07374e-09 2.76094e-09 1.86949e-09 1.25327e-09 8.27499e-10 5.37488e-10 3.46214e-10 2.26433e-10 1.54529e-10 1.08505e-10 7.29427e-11 4.02136e-11 
1.88547e-10 3.95352e-10 6.76869e-10 1.0708e-09 1.61745e-09 2.38679e-09 3.49951e-09 5.16446e-09 7.74834e-09 1.19031e-08 1.87963e-08 3.0517e-08 5.07566e-08 8.58709e-08 1.46322e-07 2.48041e-07 4.12385e-07 6.63138e-07 1.02e-06 1.4864e-06 2.03022e-06 2.57074e-06 2.99192e-06 3.17952e-06 3.06813e-06 2.67378e-06 2.09384e-06 1.47438e-06 9.41451e-07 5.62854e-07 3.336e-07 2.0276e-07 1.22848e-07 7.12161e-08 3.91291e-08 2.08356e-08 1.12909e-08 6.56822e-09 4.14906e-09 2.75452e-09 1.85763e-09 1.24934e-09 8.30611e-10 5.43446e-10 3.50033e-10 2.24403e-10 1.4697e-10 1.00351e-10 6.90124e-11 4.31522e-11 
2.24322e-10 4.12125e-10 6.74423e-10 1.0417e-09 1.55991e-09 2.30964e-09 3.43016e-09 5.16446e-09 7.94134e-09 1.25226e-08 2.02608e-08 3.35291e-08 5.63886e-08 9.54955e-08 1.60986e-07 2.6659e-07 4.28017e-07 6.5905e-07 9.64138e-07 1.32681e-06 1.70115e-06 2.01789e-06 2.20538e-06 2.21585e-06 2.04238e-06 1.71997e-06 1.31811e-06 9.21389e-07 5.95415e-07 3.67853e-07 2.26338e-07 1.39793e-07 8.41933e-08 4.8207e-08 2.62363e-08 1.3919e-08 7.55573e-09 4.41e-09 2.78763e-09 1.84583e-09 1.23868e-09 8.27499e-10 5.45704e-10 3.53933e-10 2.2628e-10 1.44675e-10 9.50543e-11 6.46543e-11 4.28856e-11 2.33266e-11 
1.17169e-10 2.44768e-10 4.1854e-10 6.6449e-10 1.01291e-09 1.51702e-09 2.26925e-09 3.43016e-09 5.281e-09 8.31765e-09 1.34134e-08 2.20895e-08 3.69328e-08 6.21624e-08 1.04199e-07 1.71807e-07 2.75233e-07 4.23883e-07 6.21837e-07 8.6089e-07 1.11498e-06 1.34274e-06 1.4993e-06 1.55198e-06 1.4904e-06 1.32644e-06 1.09018e-06 8.25224e-07 5.77915e-07 3.80474e-07 2.42368e-07 1.5289e-07 9.49773e-08 5.67659e-08 3.21782e-08 1.7397e-08 9.21669e-09 5.01837e-09 2.93953e-09 1.8588e-09 1.2271e-09 8.19145e-10 5.43446e-10 3.55453e-10 2.28589e-10 1.45214e-10 9.27953e-11 6.11781e-11 4.10739e-11 2.53901e-11 
1.38893e-10 2.54963e-10 4.187e-10 6.52355e-10 9.90569e-10 1.4943e-09 2.26925e-09 3.49951e-09 5.50704e-09 8.85449e-09 1.45147e-08 2.4131e-08 4.03704e-08 6.72857e-08 1.10444e-07 1.76467e-07 2.71665e-07 3.99336e-07 5.55589e-07 7.25743e-07 8.85157e-07 1.00578e-06 1.06559e-06 1.05526e-06 9.78433e-07 8.48566e-07 6.86338e-07 5.17136e-07 3.65187e-07 2.45429e-07 1.60205e-07 1.02536e-07 6.36966e-08 3.77761e-08 2.12446e-08 1.14364e-08 6.06173e-09 3.31393e-09 1.94805e-09 1.23152e-09 8.09958e-10 5.37488e-10 3.53933e-10 2.29532e-10 1.46387e-10 9.25206e-11 5.92174e-11 3.90762e-11 2.54962e-11 1.37635e-11 
7.25503e-11 1.51442e-10 2.59786e-10 4.15802e-10 6.42107e-10 9.785e-10 1.4943e-09 2.30964e-09 3.63314e-09 5.82651e-09 9.51049e-09 1.57268e-08 2.61573e-08 4.3353e-08 7.08352e-08 1.12854e-07 1.73588e-07 2.55534e-07 3.57e-07 4.69803e-07 5.7936e-07 6.68221e-07 7.21685e-07 7.32243e-07 7.0032e-07 6.32319e-07 5.38481e-07 4.3159e-07 3.25619e-07 2.32681e-07 1.59357e-07 1.05814e-07 6.81972e-08 4.22351e-08 2.4869e-08 1.39014e-08 7.466e-09 3.96584e-09 2.17887e-09 1.28513e-09 8.11493e-10 5.31144e-10 3.50033e-10 2.28589e-10 1.46911e-10 9.29403e-11 5.85416e-11 3.7589e-11 2.4656e-11 1.51051e-11 
8.59399e-11 1.58151e-10 2.61598e-10 4.12457e-10 6.3637e-10 9.785e-10 1.51702e-09 2.38679e-09 3.8198e-09 6.21127e-09 1.02201e-08 1.69044e-08 2.78661e-08 4.5324e-08 7.19901e-08 1.10605e-07 1.62981e-07 2.28501e-07 3.02671e-07 3.76932e-07 4.40515e-07 4.83721e-07 5.00823e-07 4.90946e-07 4.57115e-07 4.04766e-07 3.40619e-07 2.72038e-07 2.06325e-07 1.49293e-07 1.03788e-07 6.96363e-08 4.49659e-08 2.77207e-08 1.62196e-08 9.02697e-09 4.84594e-09 2.58402e-09 1.42805e-09 8.44874e-10 5.32262e-10 3.46214e-10 2.2628e-10 1.46387e-10 9.31775e-11 5.85046e-11 3.68116e-11 2.37138e-11 1.52601e-11 8.25939e-12 
4.49292e-11 9.38732e-11 1.61972e-10 2.6197e-10 4.1039e-10 6.3637e-10 9.90569e-10 1.55991e-09 2.49282e-09 4.04028e-09 6.618e-09 1.08902e-08 1.78599e-08 2.89206e-08 4.57934e-08 7.02602e-08 1.03597e-07 1.45685e-07 1.94094e-07 2.43853e-07 2.88381e-07 3.2137e-07 3.38629e-07 3.38873e-07 3.2337e-07 2.95064e-07 2.57743e-07 2.1545e-07 1.72166e-07 1.31515e-07 9.62176e-08 6.75802e-08 4.557e-08 2.93849e-08 1.80212e-08 1.04879e-08 5.82107e-09 3.12952e-09 1.67831e-09 9.33931e-10 5.54034e-10 3.47751e-10 2.24403e-10 1.45214e-10 9.29403e-11 5.85596e-11 3.65407e-11 2.30359e-11 1.48425e-11 9.07213e-12 
5.32639e-11 9.83865e-11 1.64114e-10 2.61936e-10 4.1039e-10 6.42107e-10 1.01291e-09 1.61745e-09 2.61461e-09 4.26588e-09 6.98695e-09 1.1404e-08 1.83887e-08 2.90277e-08 4.44697e-08 6.5594e-08 9.24811e-08 1.23849e-07 1.56841e-07 1.87479e-07 2.11725e-07 2.2662e-07 2.30899e-07 2.24927e-07 2.10247e-07 1.89048e-07 1.6371e-07 1.36496e-07 1.09415e-07 8.41842e-08 6.20988e-08 4.38657e-08 2.96061e-08 1.90246e-08 1.16051e-08 6.72472e-09 3.72855e-09 2.01179e-09 1.08733e-09 6.09926e-10 3.62641e-10 2.26433e-10 1.44675e-10 9.25206e-11 5.85046e-11 3.64917e-11 2.26908e-11 1.43759e-11 9.18235e-12 5.04741e-12 
2.79047e-11 5.83043e-11 1.01147e-10 1.65109e-10 2.61936e-10 4.12457e-10 6.52355e-10 1.0417e-09 1.68065e-09 2.73306e-09 4.45807e-09 7.24505e-09 1.16369e-08 1.83154e-08 2.80153e-08 4.13303e-08 5.84013e-08 7.85713e-08 1.00219e-07 1.20969e-07 1.38278e-07 1.50123e-07 1.55438e-07 1.5417e-07 1.47065e-07 1.35365e-07 1.20509e-07 1.03882e-07 8.66481e-08 6.97482e-08 5.39786e-08 4.00113e-08 2.8312e-08 1.90682e-08 1.21942e-08 7.39981e-09 4.27431e-09 2.37198e-09 1.2876e-09 7.02989e-10 3.97912e-10 2.36983e-10 1.4697e-10 9.27953e-11 5.85416e-11 3.65407e-11 2.25945e-11 1.40652e-11 8.96677e-12 5.51516e-12 
3.30851e-11 6.11885e-11 1.02564e-10 1.65109e-10 2.6197e-10 4.15802e-10 6.6449e-10 1.0708e-09 1.73683e-09 2.82333e-09 4.57116e-09 7.31649e-09 1.14844e-08 1.75403e-08 2.58782e-08 3.66379e-08 4.94954e-08 6.35442e-08 7.73855e-08 8.94443e-08 9.83754e-08 1.0336e-07 1.04189e-07 1.01176e-07 9.49925e-08 8.64957e-08 7.65539e-08 6.59044e-08 5.50896e-08 4.4517e-08 3.45742e-08 2.56643e-08 1.81309e-08 1.2158e-08 7.73108e-09 4.66864e-09 2.69172e-09 1.49831e-09 8.20479e-10 4.5351e-10 2.59213e-10 1.54529e-10 9.50543e-11 5.92174e-11 3.68116e-11 2.26908e-11 1.39617e-11 8.75483e-12 5.59058e-12 3.15563e-12 
1.74243e-11 3.61815e-11 6.2682e-11 1.02564e-10 1.64114e-10 2.61598e-10 4.187e-10 6.74423e-10 1.0919e-09 1.77014e-09 2.85714e-09 4.55961e-09 7.14041e-09 1.08916e-08 1.60702e-08 2.27922e-08 3.09071e-08 3.99168e-08 4.90101e-08 5.7229e-08 6.37038e-08 6.78436e-08 6.94134e-08 6.85072e-08 6.54658e-08 6.07779e-08 5.49778e-08 4.8545e-08 4.18309e-08 3.50573e-08 2.83974e-08 2.20703e-08 1.63528e-08 1.15022e-08 7.66616e-09 4.84437e-09 2.9126e-09 1.67864e-09 9.39424e-10 5.20276e-10 2.91609e-10 1.68307e-10 1.00351e-10 6.11781e-11 3.7589e-11 2.30359e-11 1.40652e-11 8.67331e-12 5.50502e-12 3.42685e-12 
2.05652e-11 3.76613e-11 6.2682e-11 1.01147e-10 1.61972e-10 2.59786e-10 4.1854e-10 6.76869e-10 1.09517e-09 1.76358e-09 2.80812e-09 4.38989e-09 6.69025e-09 9.87442e-09 1.40304e-08 1.90949e-08 2.48007e-08 3.06858e-08 3.61789e-08 4.07325e-08 4.39403e-08 4.55967e-08 4.56962e-08 4.4394e-08 4.19535e-08 3.86878e-08 3.48994e-08 3.08254e-08 2.66114e-08 2.23382e-08 1.80934e-08 1.40277e-08 1.03434e-08 7.22669e-09 4.78049e-09 3.00066e-09 1.79706e-09 1.03673e-09 5.8443e-10 3.27861e-10 1.86368e-10 1.08505e-10 6.46543e-11 3.90762e-11 2.37138e-11 1.43759e-11 8.75483e-12 5.46222e-12 3.50191e-12 2.03281e-12 
1.09411e-11 2.21847e-11 3.76613e-11 6.11885e-11 9.83865e-11 1.58151e-10 2.54963e-10 4.12125e-10 6.6602e-10 1.07093e-09 1.70288e-09 2.65971e-09 4.053e-09 5.98776e-09 8.52765e-09 1.16519e-08 1.5222e-08 1.89807e-08 2.25954e-08 2.573e-08 2.81156e-08 2.95921e-08 3.01158e-08 2.97432e-08 2.86037e-08 2.68682e-08 2.47157e-08 2.22997e-08 1.97242e-08 1.70433e-08 1.4293e-08 1.15375e-08 8.89315e-09 6.50721e-09 4.5066e-09 2.955e-09 1.84136e-09 1.09852e-09 6.34665e-10 3.60514e-10 2.04717e-10 1.17771e-10 6.90124e-11 4.10739e-11 2.4656e-11 1.48425e-11 8.96677e-12 5.50502e-12 3.50325e-12 2.2085e-12 
1.25679e-11 2.21847e-11 3.61815e-11 5.83043e-11 9.38732e-11 1.51442e-10 2.44768e-10 3.95352e-10 6.35342e-10 1.01e-09 1.57808e-09 2.40776e-09 3.56551e-09 5.09672e-09 7.00087e-09 9.21085e-09 1.1589e-08 1.39471e-08 1.60845e-08 1.78286e-08 1.90617e-08 1.97306e-08 1.98409e-08 1.94444e-08 1.86235e-08 1.74732e-08 1.60845e-08 1.45283e-08 1.285e-08 1.10769e-08 9.24109e-09 7.40196e-09 5.651e-09 4.09089e-09 2.80207e-09 1.81827e-09 1.12339e-09 6.66813e-10 3.85183e-10 2.19885e-10 1.25871e-10 7.29427e-11 4.28856e-11 2.54962e-11 1.52601e-11 9.18235e-12 5.59058e-12 3.50191e-12 2.28019e-12 1.35413e-12 
6.60242e-12 1.25679e-11 2.05652e-11 3.30851e-11 5.32639e-11 8.59399e-11 1.38893e-10 2.24322e-10 3.60585e-10 5.73768e-10 8.98243e-10 1.37488e-09 2.04538e-09 2.94195e-09 4.07342e-09 5.41265e-09 6.89194e-09 8.41089e-09 9.85506e-09 1.11176e-08 1.21159e-08 1.27991e-08 1.31481e-08 1.31707e-08 1.28953e-08 1.23623e-08 1.1617e-08 1.07019e-08 9.65261e-09 8.49751e-09 7.26465e-09 5.99196e-09 4.73465e-09 3.5616e-09 2.53963e-09 1.71411e-09 1.09733e-09 6.70296e-10 3.94649e-10 2.27044e-10 1.2958e-10 7.43218e-11 4.31522e-11 2.53901e-11 1.51051e-11 9.07213e-12 5.51516e-12 3.42685e-12 2.2085e-12 1.4453e-12 
6.60242e-12 1.09411e-11 1.74243e-11 2.79047e-11 4.49292e-11 7.25503e-11 1.17169e-10 1.88547e-10 3.0084e-10 4.7324e-10 7.29589e-10 1.09608e-09 1.59637e-09 2.24438e-09 3.03666e-09 3.94779e-09 4.93145e-09 5.92753e-09 6.87226e-09 7.70742e-09 8.38615e-09 8.87541e-09 9.15593e-09 9.22095e-09 9.07444e-09 8.72911e-09 8.20442e-09 7.52498e-09 6.71974e-09 5.82238e-09 4.87276e-09 3.91799e-09 3.01036e-09 2.20018e-09 1.52537e-09 1.00296e-09 6.27359e-10 3.75865e-10 2.18006e-10 1.24108e-10 7.03649e-11 4.02136e-11 2.33266e-11 1.37635e-11 8.25939e-12 5.04741e-12 3.15563e-12 2.03281e-12 1.35413e-12 8.34779e-13 
