1 100 50
2.97684e-15 4.94411e-15 7.89481e-15 1.28013e-14 1.9658e-14 3.0436e-14 4.80876e-14 7.65494e-14 1.21736e-13 1.94511e-13 3.11725e-13 4.9727e-13 7.85099e-13 1.22321e-12 1.87259e-12 2.80409e-12 4.09108e-12 5.79518e-12 7.94897e-12 1.0535e-11 1.34715e-11 1.66008e-11 1.97032e-11 2.25187e-11 2.4784e-11 2.62761e-11 2.68493e-11 2.64603e-11 2.517e-11 2.31327e-11 2.05608e-11 1.76954e-11 1.47651e-11 1.19605e-11 9.42304e-12 7.23253e-12 5.41995e-12 3.9749e-12 2.85975e-12 2.02353e-12 1.41257e-12 9.75229e-13 6.673e-13 4.54549e-13 3.07808e-13 2.08383e-13 1.40461e-13 9.47967e-14 6.40007e-14 4.15821e-14 
5.91665e-15 9.78418e-15 1.45975e-14 2.32794e-14 3.48813e-14 5.52794e-14 8.65087e-14 1.37447e-13 2.19006e-13 3.50024e-13 5.57329e-13 8.83625e-13 1.38351e-12 2.13505e-12 3.22847e-12 4.76735e-12 6.84596e-12 9.53074e-12 1.28287e-11 1.66621e-11 2.08557e-11 2.51364e-11 2.91631e-11 3.25727e-11 3.50387e-11 3.63275e-11 3.63307e-11 3.50838e-11 3.275e-11 2.95835e-11 2.58886e-11 2.19716e-11 1.81072e-11 1.45085e-11 1.13193e-11 8.61438e-12 6.4072e-12 4.6672e-12 3.33926e-12 2.35134e-12 1.63394e-12 1.12466e-12 7.67157e-13 5.21013e-13 3.52399e-13 2.37627e-13 1.5942e-13 1.0598e-13 6.91639e-14 4.15821e-14 
4.94411e-15 9.73374e-15 1.6321e-14 2.47721e-14 3.80041e-14 5.80294e-14 9.07602e-14 1.42234e-13 2.26315e-13 3.59986e-13 5.74038e-13 9.11203e-13 1.43383e-12 2.22748e-12 3.40309e-12 5.08881e-12 7.4194e-12 1.0503e-11 1.43928e-11 1.90453e-11 2.42885e-11 2.98183e-11 3.52218e-11 4.00274e-11 4.3787e-11 4.61455e-11 4.69025e-11 4.60352e-11 4.36913e-11 4.01458e-11 3.57531e-11 3.0894e-11 2.59246e-11 2.11476e-11 1.67881e-11 1.29886e-11 9.81013e-12 7.24732e-12 5.24863e-12 3.73614e-12 2.62107e-12 1.81671e-12 1.24683e-12 8.5044e-13 5.76266e-13 3.89265e-13 2.61486e-13 1.74919e-13 1.14159e-13 6.91639e-14 
9.78418e-15 1.6223e-14 2.53454e-14 3.81968e-14 5.86435e-14 9.06882e-14 1.40392e-13 2.21588e-13 3.51333e-13 5.58543e-13 8.86059e-13 1.39737e-12 2.18313e-12 3.36316e-12 5.08978e-12 7.52757e-12 1.08385e-11 1.51321e-11 2.04233e-11 2.65793e-11 3.32941e-11 4.01058e-11 4.64436e-11 5.17238e-11 5.54485e-11 5.7293e-11 5.71509e-11 5.51286e-11 5.15047e-11 4.66657e-11 4.10441e-11 3.50697e-11 2.9128e-11 2.35358e-11 1.85186e-11 1.42096e-11 1.06512e-11 7.81745e-12 5.63012e-12 3.99003e-12 2.79033e-12 1.92979e-12 1.32361e-12 9.0206e-13 6.11828e-13 4.1267e-13 2.76756e-13 1.82403e-13 1.14159e-13 6.40007e-14 
7.89481e-15 1.6321e-14 2.51972e-14 3.85706e-14 5.84317e-14 8.78138e-14 1.35474e-13 2.11458e-13 3.32755e-13 5.26334e-13 8.32193e-13 1.31208e-12 2.05516e-12 3.18704e-12 4.87003e-12 7.29827e-12 1.06778e-11 1.51872e-11 2.09166e-11 2.78057e-11 3.55914e-11 4.37958e-11 5.17668e-11 5.8781e-11 6.41704e-11 6.74489e-11 6.83872e-11 6.70289e-11 6.36375e-11 5.86218e-11 5.24551e-11 4.56211e-11 3.85776e-11 3.17286e-11 2.53952e-11 1.98029e-11 1.50681e-11 1.12098e-11 8.17357e-12 5.8572e-12 4.13526e-12 2.88466e-12 1.99335e-12 1.36711e-12 9.32374e-13 6.32415e-13 4.26089e-13 2.83654e-13 1.82403e-13 1.0598e-13 
1.45975e-14 2.53454e-14 3.83666e-14 5.76598e-14 8.621e-14 1.29925e-13 2.00505e-13 3.1203e-13 4.87513e-13 7.6673e-13 1.20571e-12 1.88917e-12 2.93787e-12 4.52006e-12 6.84666e-12 1.01597e-11 1.4703e-11 2.06536e-11 2.80546e-11 3.67266e-11 4.62268e-11 5.58611e-11 6.47789e-11 7.21205e-11 7.71931e-11 7.95965e-11 7.92697e-11 7.64469e-11 7.15521e-11 6.50954e-11 5.76035e-11 4.95845e-11 4.15133e-11 3.38102e-11 2.68032e-11 2.07109e-11 1.56284e-11 1.15434e-11 8.36768e-12 5.96906e-12 4.20229e-12 2.9275e-12 2.02342e-12 1.38922e-12 9.48744e-13 6.43306e-13 4.32511e-13 2.83654e-13 1.74919e-13 9.47967e-14 
1.28013e-14 2.47721e-14 3.85706e-14 5.73861e-14 8.42698e-14 1.25909e-13 1.9022e-13 2.91006e-13 4.50949e-13 7.02012e-13 1.09696e-12 1.71183e-12 2.6622e-12 4.11039e-12 6.27107e-12 9.41172e-12 1.38267e-11 1.97825e-11 2.74371e-11 3.67389e-11 4.73392e-11 5.856e-11 6.94631e-11 7.89997e-11 8.62294e-11 9.05148e-11 9.16344e-11 8.97541e-11 8.53124e-11 7.88633e-11 7.09693e-11 6.21731e-11 5.29945e-11 4.39317e-11 3.54252e-11 2.78146e-11 2.13006e-11 1.59471e-11 1.17019e-11 8.44172e-12 6.00295e-12 4.21935e-12 2.93919e-12 2.03365e-12 1.39821e-12 9.56479e-13 6.48451e-13 4.32511e-13 2.76756e-13 1.5942e-13 
2.32794e-14 3.81968e-14 5.76598e-14 8.39061e-14 1.22725e-13 1.81856e-13 2.74809e-13 4.18488e-13 6.4422e-13 9.96672e-13 1.5446e-12 2.39286e-12 3.69025e-12 5.64958e-12 8.54455e-12 1.27019e-11 1.84635e-11 2.6105e-11 3.57256e-11 4.71258e-11 5.97232e-11 7.25603e-11 8.44359e-11 9.4143e-11 1.00745e-10 1.03769e-10 1.03259e-10 9.9644e-11 9.35359e-11 8.55526e-11 7.62545e-11 6.61754e-11 5.58585e-11 4.58428e-11 3.65989e-11 2.84651e-11 2.16159e-11 1.60697e-11 1.17291e-11 8.43061e-12 5.98453e-12 4.20646e-12 2.93421e-12 2.03417e-12 1.40225e-12 9.59565e-13 6.48451e-13 4.26089e-13 2.61486e-13 1.40461e-13 
1.9658e-14 3.80041e-14 5.84317e-14 8.42698e-14 1.21364e-13 1.77327e-13 2.6191e-13 3.93356e-13 5.96134e-13 9.11216e-13 1.39792e-12 2.14771e-12 3.29748e-12 5.0431e-12 7.65129e-12 1.14633e-11 1.68696e-11 2.42481e-11 3.38523e-11 4.56749e-11 5.93015e-11 7.38545e-11 8.80571e-11 1.00461e-10 1.09782e-10 1.15204e-10 1.16544e-10 1.14176e-10 1.08777e-10 1.01053e-10 9.15965e-11 8.09255e-11 6.9577e-11 5.81488e-11 4.72379e-11 3.73432e-11 2.87871e-11 2.16979e-11 1.60386e-11 1.16614e-11 8.36573e-12 5.9381e-12 4.17887e-12 2.92174e-12 2.0313e-12 1.40348e-12 9.59565e-13 6.43306e-13 4.1267e-13 2.37627e-13 
3.48813e-14 5.86435e-14 8.621e-14 1.22725e-13 1.7581e-13 2.54173e-13 3.74826e-13 5.59045e-13 8.41502e-13 1.27555e-12 1.93893e-12 2.95164e-12 4.49063e-12 6.80333e-12 1.02243e-11 1.51652e-11 2.2076e-11 3.13491e-11 4.31787e-11 5.73822e-11 7.32608e-11 8.95785e-11 1.04728e-10 1.17076e-10 1.25379e-10 1.29099e-10 1.28452e-10 1.24159e-10 1.17059e-10 1.07827e-10 9.69578e-11 8.49252e-11 7.23183e-11 5.98256e-11 4.81118e-11 3.76821e-11 2.88207e-11 2.15917e-11 1.58938e-11 1.15329e-11 8.27168e-12 5.87951e-12 4.14937e-12 2.90991e-12 2.02907e-12 1.40348e-12 9.56479e-13 6.32415e-13 3.89265e-13 2.08383e-13 
3.0436e-14 5.80294e-14 8.78138e-14 1.25909e-13 1.77327e-13 2.52457e-13 3.63764e-13 5.32932e-13 7.89474e-13 1.17915e-12 1.76949e-12 2.66396e-12 4.01517e-12 6.04718e-12 9.07114e-12 1.34922e-11 1.97976e-11 2.84803e-11 3.99211e-11 5.41928e-11 7.0865e-11 8.88764e-11 1.06594e-10 1.22106e-10 1.33701e-10 1.40351e-10 1.41955e-10 1.39201e-10 1.3309e-10 1.24461e-10 1.1383e-10 1.01568e-10 8.81667e-11 7.43299e-11 6.08624e-11 4.84763e-11 3.76566e-11 2.86162e-11 2.13452e-11 1.56781e-11 1.13727e-11 8.16935e-12 5.82309e-12 4.12408e-12 2.90369e-12 2.02907e-12 1.40225e-12 9.48744e-13 6.11828e-13 3.52399e-13 
5.52794e-14 9.06882e-14 1.29925e-13 1.81856e-13 2.54173e-13 3.60088e-13 5.17581e-13 7.53876e-13 1.1084e-12 1.63879e-12 2.43466e-12 3.62713e-12 5.40901e-12 8.05963e-12 1.19595e-11 1.75928e-11 2.55112e-11 3.62349e-11 5.0083e-11 6.69393e-11 8.60408e-11 1.05898e-10 1.24466e-10 1.39607e-10 1.49701e-10 1.54143e-10 1.53413e-10 1.48649e-10 1.40956e-10 1.30984e-10 1.19006e-10 1.05328e-10 9.05537e-11 7.5562e-11 6.12621e-11 4.83772e-11 3.73254e-11 2.82349e-11 2.10109e-11 1.54276e-11 1.12091e-11 8.07627e-12 5.77941e-12 4.11068e-12 2.90369e-12 2.0313e-12 1.39821e-12 9.32374e-13 5.76266e-13 3.07808e-13 
4.80876e-14 9.07602e-14 1.35474e-13 1.9022e-13 2.6191e-13 3.63764e-13 5.12779e-13 7.33316e-13 1.05979e-12 1.544e-12 2.26054e-12 3.32276e-12 4.8948e-12 7.21903e-12 1.06346e-11 1.55972e-11 2.26689e-11 3.24549e-11 4.5468e-11 6.19067e-11 8.13853e-11 1.02724e-10 1.23952e-10 1.42644e-10 1.56576e-10 1.64456e-10 1.66316e-10 1.63287e-10 1.56803e-10 1.47816e-10 1.3661e-10 1.23251e-10 1.0811e-10 9.20081e-11 7.60047e-11 6.10718e-11 4.7886e-11 3.67682e-11 2.77437e-11 2.06387e-11 1.51804e-11 1.10655e-11 8.00625e-12 5.75593e-12 4.11068e-12 2.90991e-12 2.03417e-12 1.38922e-12 9.0206e-13 5.21013e-13 
8.65087e-14 1.40392e-13 2.00505e-13 2.74809e-13 3.74826e-13 5.17581e-13 7.26514e-13 1.03145e-12 1.47988e-12 2.13577e-12 3.09473e-12 4.49798e-12 6.55058e-12 9.54659e-12 1.3894e-11 2.01244e-11 2.88687e-11 4.07655e-11 5.62773e-11 7.54112e-11 9.74217e-11 1.20628e-10 1.42555e-10 1.60489e-10 1.72349e-10 1.77442e-10 1.7662e-10 1.71588e-10 1.63783e-10 1.53713e-10 1.41255e-10 1.2642e-10 1.09805e-10 9.25025e-11 7.57067e-11 6.03812e-11 4.71024e-11 3.60699e-11 2.7209e-11 2.02774e-11 1.49658e-11 1.09584e-11 7.96922e-12 5.75593e-12 4.12408e-12 2.92174e-12 2.03365e-12 1.36711e-12 8.5044e-13 4.54549e-13 
7.65494e-14 1.42234e-13 2.11458e-13 2.91006e-13 3.93356e-13 5.32932e-13 7.33316e-13 1.02267e-12 1.44305e-12 2.05218e-12 2.93273e-12 4.2053e-12 6.04204e-12 8.69313e-12 1.25108e-11 1.79731e-11 2.56858e-11 3.63354e-11 5.05646e-11 6.87282e-11 9.05607e-11 1.14856e-10 1.39363e-10 1.61126e-10 1.77325e-10 1.86318e-10 1.8831e-10 1.85031e-10 1.78491e-10 1.69724e-10 1.58613e-10 1.44764e-10 1.28365e-10 1.1036e-10 9.20812e-11 7.47746e-11 5.93151e-11 4.61397e-11 3.53214e-11 2.66945e-11 1.99666e-11 1.48088e-11 1.09021e-11 7.96922e-12 5.77941e-12 4.14937e-12 2.93421e-12 2.02342e-12 1.32361e-12 7.67157e-13 
1.37447e-13 2.21588e-13 3.1203e-13 4.18488e-13 5.59045e-13 7.53876e-13 1.03145e-12 1.43063e-12 2.00457e-12 2.82515e-12 3.99847e-12 5.66943e-12 8.05017e-12 1.14383e-11 1.62464e-11 2.302e-11 3.24327e-11 4.52099e-11 6.19564e-11 8.28523e-11 1.0726e-10 1.33408e-10 1.58435e-10 1.79006e-10 1.9247e-10 1.98008e-10 1.9695e-10 1.91749e-10 1.84239e-10 1.74676e-10 1.6237e-10 1.46947e-10 1.2899e-10 1.09805e-10 9.0866e-11 7.33622e-11 5.80193e-11 4.51155e-11 3.46065e-11 2.62563e-11 1.97409e-11 1.47262e-11 1.09021e-11 8.00625e-12 5.82309e-12 4.17887e-12 2.93919e-12 1.99335e-12 1.24683e-12 6.673e-13 
1.21736e-13 2.26315e-13 3.32755e-13 4.50949e-13 5.96134e-13 7.89474e-13 1.05979e-12 1.44305e-12 1.98861e-12 2.76466e-12 3.86187e-12 5.40902e-12 7.58412e-12 1.06377e-11 1.49195e-11 2.08997e-11 2.9191e-11 4.05189e-11 5.56256e-11 7.50282e-11 9.86423e-11 1.25342e-10 1.52698e-10 1.77241e-10 1.95471e-10 2.05315e-10 2.07173e-10 2.03534e-10 1.97115e-10 1.89002e-10 1.78535e-10 1.64755e-10 1.47653e-10 1.283e-10 1.08271e-10 8.90439e-11 7.16567e-11 5.66473e-11 4.41426e-11 3.40009e-11 2.59381e-11 1.96224e-11 1.47262e-11 1.09584e-11 8.07627e-12 5.87951e-12 4.20646e-12 2.9275e-12 1.92979e-12 1.12466e-12 
2.19006e-13 3.51333e-13 4.87513e-13 6.4422e-13 8.41502e-13 1.1084e-12 1.47988e-12 2.00457e-12 2.74536e-12 3.78576e-12 5.23879e-12 7.26023e-12 1.00629e-11 1.39391e-11 1.92865e-11 2.66344e-11 3.66507e-11 5.01055e-11 6.77155e-11 8.98458e-11 1.16038e-10 1.44549e-10 1.72211e-10 1.95055e-10 2.09793e-10 2.1544e-10 2.13884e-10 2.08463e-10 2.0145e-10 1.92761e-10 1.81044e-10 1.65543e-10 1.46837e-10 1.26423e-10 1.05978e-10 8.68481e-11 6.98561e-11 5.53474e-11 4.33188e-11 3.35619e-11 2.57715e-11 1.96224e-11 1.48088e-11 1.10655e-11 8.16935e-12 5.9381e-12 4.21935e-12 2.88466e-12 1.81671e-12 9.75229e-13 
1.94511e-13 3.59986e-13 5.26334e-13 7.02012e-13 9.11216e-13 1.17915e-12 1.544e-12 2.05218e-12 2.76466e-12 3.76075e-12 5.14365e-12 7.05036e-12 9.66612e-12 1.32392e-11 1.81042e-11 2.47059e-11 3.36248e-11 4.55795e-11 6.13564e-11 8.16049e-11 1.06445e-10 1.34911e-10 1.64495e-10 1.9128e-10 2.11088e-10 2.21383e-10 2.22757e-10 2.1853e-10 2.12202e-10 2.04867e-10 1.95262e-10 1.81895e-10 1.64615e-10 1.44606e-10 1.23608e-10 1.03213e-10 8.45311e-11 6.81519e-11 5.42496e-11 4.27246e-11 3.33318e-11 2.57715e-11 1.97409e-11 1.49658e-11 1.12091e-11 8.27168e-12 5.98453e-12 4.20229e-12 2.79033e-12 1.63394e-12 
3.50024e-13 5.58543e-13 7.6673e-13 9.96672e-13 1.27555e-12 1.63879e-12 2.13577e-12 2.82515e-12 3.78576e-12 5.11327e-12 6.93384e-12 9.40999e-12 1.27597e-11 1.72669e-11 2.33054e-11 3.1364e-11 4.20667e-11 5.61675e-11 7.44406e-11 9.74065e-11 1.24817e-10 1.55019e-10 1.8463e-10 2.09136e-10 2.24631e-10 2.29957e-10 2.2754e-10 2.21664e-10 2.15032e-10 2.07163e-10 1.96116e-10 1.80865e-10 1.62032e-10 1.41229e-10 1.20195e-10 1.00287e-10 8.23363e-11 6.6713e-11 5.3457e-11 4.24127e-11 3.33318e-11 2.59381e-11 1.99666e-11 1.51804e-11 1.13727e-11 8.36573e-12 6.00295e-12 4.13526e-12 2.62107e-12 1.41257e-12 
3.11725e-13 5.74038e-13 8.32193e-13 1.09696e-12 1.39792e-12 1.76949e-12 2.26054e-12 2.93273e-12 3.86187e-12 5.14365e-12 6.89585e-12 9.26811e-12 1.24526e-11 1.66983e-11 2.23244e-11 2.97393e-11 3.94698e-11 5.2174e-11 6.86188e-11 8.95329e-11 1.15215e-10 1.44874e-10 1.75986e-10 2.043e-10 2.25042e-10 2.35211e-10 2.35574e-10 2.30322e-10 2.23736e-10 2.16868e-10 2.07895e-10 1.94972e-10 1.77937e-10 1.58064e-10 1.371e-10 1.16571e-10 9.75129e-11 8.04835e-11 6.56752e-11 5.30422e-11 4.24127e-11 3.35619e-11 2.62563e-11 2.02774e-11 1.54276e-11 1.15329e-11 8.43061e-12 5.96906e-12 3.99003e-12 2.35134e-12 
5.57329e-13 8.86059e-13 1.20571e-12 1.5446e-12 1.93893e-12 2.43466e-12 3.09473e-12 3.99847e-12 5.23879e-12 6.93384e-12 9.22204e-12 1.22823e-11 1.63363e-11 2.1663e-11 2.86148e-11 3.76296e-11 4.92588e-11 6.4178e-11 8.31541e-11 1.06813e-10 1.35086e-10 1.66437e-10 1.97355e-10 2.22841e-10 2.3837e-10 2.42583e-10 2.3859e-10 2.3165e-10 2.24835e-10 2.17268e-10 2.06577e-10 1.917e-10 1.73358e-10 1.53157e-10 1.32688e-10 1.13123e-10 9.51662e-11 7.91465e-11 6.51322e-11 5.30422e-11 4.27246e-11 3.40009e-11 2.66945e-11 2.06387e-11 1.56781e-11 1.16614e-11 8.44172e-12 5.8572e-12 3.73614e-12 2.02353e-12 
4.9727e-13 9.11203e-13 1.31208e-12 1.71183e-12 2.14771e-12 2.66396e-12 3.32276e-12 4.2053e-12 5.40902e-12 7.05036e-12 9.26811e-12 1.22277e-11 1.61362e-11 2.12464e-11 2.78674e-11 3.63757e-11 4.72284e-11 6.09865e-11 7.83377e-11 1.00019e-10 1.26453e-10 1.57035e-10 1.89286e-10 2.18601e-10 2.39513e-10 2.48511e-10 2.46757e-10 2.39505e-10 2.3181e-10 2.24609e-10 2.15638e-10 2.02935e-10 1.86492e-10 1.67617e-10 1.4787e-10 1.28473e-10 1.10202e-10 9.34723e-11 7.84471e-11 6.51322e-11 5.3457e-11 4.33188e-11 3.46065e-11 2.7209e-11 2.10109e-11 1.58938e-11 1.17291e-11 8.36768e-12 5.63012e-12 3.33926e-12 
8.83625e-13 1.39737e-12 1.88917e-12 2.39286e-12 2.95164e-12 3.62713e-12 4.49798e-12 5.66943e-12 7.26023e-12 9.40999e-12 1.22823e-11 1.60726e-11 2.10184e-11 2.74012e-11 3.55547e-11 4.58696e-11 5.88099e-11 7.49421e-11 9.49496e-11 1.1948e-10 1.48642e-10 1.81078e-10 2.13072e-10 2.38916e-10 2.53308e-10 2.54969e-10 2.4798e-10 2.38747e-10 2.30645e-10 2.22431e-10 2.11548e-10 1.9707e-10 1.79864e-10 1.6137e-10 1.42791e-10 1.24892e-10 1.08091e-10 9.2586e-11 7.84471e-11 6.56752e-11 5.42496e-11 4.41426e-11 3.53214e-11 2.77437e-11 2.13452e-11 1.60386e-11 1.17019e-11 8.17357e-12 5.24863e-12 2.85975e-12 
7.85099e-13 1.43383e-12 2.05516e-12 2.6622e-12 3.29748e-12 4.01517e-12 4.8948e-12 6.04204e-12 7.58412e-12 9.66612e-12 1.24526e-11 1.61362e-11 2.09461e-11 2.71486e-11 3.50496e-11 4.49949e-11 5.73839e-11 7.26826e-11 9.14548e-11 1.14345e-10 1.41862e-10 1.73614e-10 2.07058e-10 2.3696e-10 2.56902e-10 2.63126e-10 2.5753e-10 2.46681e-10 2.36417e-10 2.27601e-10 2.17733e-10 2.04973e-10 1.89499e-10 1.72567e-10 1.5533e-10 1.38466e-10 1.22302e-10 1.06986e-10 9.2586e-11 7.91465e-11 6.6713e-11 5.53474e-11 4.51155e-11 3.60699e-11 2.82349e-11 2.15917e-11 1.60697e-11 1.15434e-11 7.81745e-12 4.6672e-12 
1.38351e-12 2.18313e-12 2.93787e-12 3.69025e-12 4.49063e-12 5.40901e-12 6.55058e-12 8.05017e-12 1.00629e-11 1.27597e-11 1.63363e-11 2.10184e-11 2.70695e-11 3.47777e-11 4.44622e-11 5.64794e-11 7.12358e-11 8.91978e-11 1.10896e-10 1.36945e-10 1.67589e-10 2.01428e-10 2.34199e-10 2.59259e-10 2.70872e-10 2.68157e-10 2.56431e-10 2.4319e-10 2.32159e-10 2.22044e-10 2.10351e-10 1.96397e-10 1.81063e-10 1.65459e-10 1.50167e-10 1.35333e-10 1.20945e-10 1.06986e-10 9.34723e-11 8.04835e-11 6.81519e-11 5.66473e-11 4.61397e-11 3.67682e-11 2.86162e-11 2.16979e-11 1.59471e-11 1.12098e-11 7.24732e-12 3.9749e-12 
1.22321e-12 2.22748e-12 3.18704e-12 4.11039e-12 5.0431e-12 6.04718e-12 7.21903e-12 8.69313e-12 1.06377e-11 1.32392e-11 1.66983e-11 2.12464e-11 2.71486e-11 3.46928e-11 4.41766e-11 5.59263e-11 7.03227e-11 8.77859e-11 1.08748e-10 1.33756e-10 1.63337e-10 1.96958e-10 2.31484e-10 2.60737e-10 2.77898e-10 2.79485e-10 2.68319e-10 2.52122e-10 2.37443e-10 2.2539e-10 2.13675e-10 2.0069e-10 1.86729e-10 1.72771e-10 1.59362e-10 1.46426e-10 1.33692e-10 1.20945e-10 1.08091e-10 9.51662e-11 8.23363e-11 6.98561e-11 5.80193e-11 4.71024e-11 3.73254e-11 2.88207e-11 2.16159e-11 1.56284e-11 1.06512e-11 6.4072e-12 
2.13505e-12 3.36316e-12 4.52006e-12 5.64958e-12 6.80333e-12 8.05963e-12 9.54659e-12 1.14383e-11 1.39391e-11 1.72669e-11 2.1663e-11 2.74012e-11 3.47777e-11 4.40861e-11 5.56244e-11 6.97513e-11 8.68915e-11 1.07457e-10 1.31903e-10 1.60777e-10 1.9406e-10 2.29656e-10 2.62216e-10 2.84558e-10 2.9129e-10 2.82364e-10 2.64037e-10 2.44841e-10 2.29055e-10 2.15733e-10 2.02798e-10 1.89695e-10 1.77128e-10 1.65621e-10 1.54938e-10 1.44468e-10 1.33692e-10 1.22302e-10 1.10202e-10 9.75129e-11 8.45311e-11 7.16567e-11 5.93151e-11 4.7886e-11 3.76566e-11 2.87871e-11 2.13006e-11 1.50681e-11 9.81013e-12 5.41995e-12 
1.87259e-12 3.40309e-12 4.87003e-12 6.27107e-12 7.65129e-12 9.07114e-12 1.06346e-11 1.25108e-11 1.49195e-11 1.81042e-11 2.23244e-11 2.78674e-11 3.50496e-11 4.41766e-11 5.5528e-11 6.94268e-11 8.63095e-11 1.06654e-10 1.30923e-10 1.59576e-10 1.92754e-10 2.2917e-10 2.64511e-10 2.91775e-10 3.04166e-10 2.98834e-10 2.79717e-10 2.55755e-10 2.34548e-10 2.17688e-10 2.0339e-10 1.90347e-10 1.78649e-10 1.68782e-10 1.60424e-10 1.52626e-10 1.44468e-10 1.35333e-10 1.24892e-10 1.13123e-10 1.00287e-10 8.68481e-11 7.33622e-11 6.03812e-11 4.83772e-11 3.76821e-11 2.84651e-11 2.07109e-11 1.42096e-11 8.61438e-12 
3.22847e-12 5.08978e-12 6.84666e-12 8.54455e-12 1.02243e-11 1.19595e-11 1.3894e-11 1.62464e-11 1.92865e-11 2.33054e-11 2.86148e-11 3.55547e-11 4.44622e-11 5.56244e-11 6.932e-11 8.59632e-11 1.06126e-10 1.30431e-10 1.59323e-10 1.92841e-10 2.30183e-10 2.68041e-10 3.0012e-10 3.18955e-10 3.18683e-10 3.00185e-10 2.7185e-10 2.43755e-10 2.2108e-10 2.0349e-10 1.8927e-10 1.77692e-10 1.68927e-10 1.62683e-10 1.57707e-10 1.52626e-10 1.46426e-10 1.38466e-10 1.28473e-10 1.16571e-10 1.03213e-10 8.90439e-11 7.47746e-11 6.10718e-11 4.84763e-11 3.73432e-11 2.78146e-11 1.98029e-11 1.29886e-11 7.23253e-12 
2.80409e-12 5.08881e-12 7.29827e-12 9.41172e-12 1.14633e-11 1.34922e-11 1.55972e-11 1.79731e-11 2.08997e-11 2.47059e-11 2.97393e-11 3.63757e-11 4.49949e-11 5.59263e-11 6.94268e-11 8.58464e-11 1.0581e-10 1.3019e-10 1.59622e-10 1.93997e-10 2.32626e-10 2.7307e-10 3.09878e-10 3.35675e-10 3.42528e-10 3.26878e-10 2.94925e-10 2.59032e-10 2.28125e-10 2.04609e-10 1.87365e-10 1.74792e-10 1.66358e-10 1.61737e-10 1.59487e-10 1.57707e-10 1.54938e-10 1.50167e-10 1.42791e-10 1.32688e-10 1.20195e-10 1.05978e-10 9.0866e-11 7.57067e-11 6.12621e-11 4.81118e-11 3.65989e-11 2.68032e-11 1.85186e-11 1.13193e-11 
4.76735e-12 7.52757e-12 1.01597e-11 1.27019e-11 1.51652e-11 1.75928e-11 2.01244e-11 2.302e-11 2.66344e-11 3.1364e-11 3.76296e-11 4.58696e-11 5.64794e-11 6.97513e-11 8.59632e-11 1.05705e-10 1.30093e-10 1.60147e-10 1.95786e-10 2.36231e-10 2.79558e-10 3.21319e-10 3.54374e-10 3.69634e-10 3.60298e-10 3.27038e-10 2.82743e-10 2.41579e-10 2.09166e-10 1.86071e-10 1.70788e-10 1.61571e-10 1.57794e-10 1.57934e-10 1.59487e-10 1.60424e-10 1.59362e-10 1.5533e-10 1.4787e-10 1.371e-10 1.23608e-10 1.08271e-10 9.20812e-11 7.60047e-11 6.08624e-11 4.72379e-11 3.54252e-11 2.53952e-11 1.67881e-11 9.42304e-12 
4.09108e-12 7.4194e-12 1.06778e-11 1.38267e-11 1.68696e-11 1.97976e-11 2.26689e-11 2.56858e-11 2.9191e-11 3.36248e-11 3.94698e-11 4.72284e-11 5.73839e-11 7.03227e-11 8.63095e-11 1.0581e-10 1.30073e-10 1.60628e-10 1.97689e-10 2.4044e-10 2.87276e-10 3.34462e-10 3.75287e-10 4.00108e-10 3.99078e-10 3.68688e-10 3.17696e-10 2.64196e-10 2.20091e-10 1.87903e-10 1.67039e-10 1.55421e-10 1.51277e-10 1.53175e-10 1.57934e-10 1.62683e-10 1.65621e-10 1.65459e-10 1.6137e-10 1.53157e-10 1.41229e-10 1.26423e-10 1.09805e-10 9.25025e-11 7.5562e-11 5.98256e-11 4.58428e-11 3.38102e-11 2.35358e-11 1.45085e-11 
6.84596e-12 1.08385e-11 1.4703e-11 1.84635e-11 2.2076e-11 2.55112e-11 2.88687e-11 3.24327e-11 3.66507e-11 4.20667e-11 4.92588e-11 5.88099e-11 7.12358e-11 8.68915e-11 1.06126e-10 1.30093e-10 1.60824e-10 1.99137e-10 2.44402e-10 2.95435e-10 3.49257e-10 3.98756e-10 4.34142e-10 4.43883e-10 4.18576e-10 3.64574e-10 2.99472e-10 2.40367e-10 1.95928e-10 1.66083e-10 1.49293e-10 1.43089e-10 1.45553e-10 1.53175e-10 1.61737e-10 1.68782e-10 1.72771e-10 1.72567e-10 1.67617e-10 1.58064e-10 1.44606e-10 1.283e-10 1.1036e-10 9.20081e-11 7.43299e-11 5.81488e-11 4.39317e-11 3.17286e-11 2.11476e-11 1.19605e-11 
5.79518e-12 1.0503e-11 1.51872e-11 1.97825e-11 2.42481e-11 2.84803e-11 3.24549e-11 3.63354e-11 4.05189e-11 4.55795e-11 5.2174e-11 6.09865e-11 7.26826e-11 8.77859e-11 1.06654e-10 1.3019e-10 1.60628e-10 1.99669e-10 2.47138e-10 3.02654e-10 3.64505e-10 4.24619e-10 4.72393e-10 4.94715e-10 4.7916e-10 4.23985e-10 3.4867e-10 2.73936e-10 2.13385e-10 1.71165e-10 1.458e-10 1.34795e-10 1.35982e-10 1.45553e-10 1.57794e-10 1.68927e-10 1.77128e-10 1.81063e-10 1.79864e-10 1.73358e-10 1.62032e-10 1.46837e-10 1.2899e-10 1.09805e-10 9.05537e-11 7.23183e-11 5.58585e-11 4.15133e-11 2.9128e-11 1.81072e-11 
9.53074e-12 1.51321e-11 2.06536e-11 2.6105e-11 3.13491e-11 3.62349e-11 4.07655e-11 4.52099e-11 5.01055e-11 5.61675e-11 6.4178e-11 7.49421e-11 8.91978e-11 1.07457e-10 1.30431e-10 1.60147e-10 1.99137e-10 2.48058e-10 3.07396e-10 3.77938e-10 4.50846e-10 5.13575e-10 5.52841e-10 5.49673e-10 4.9899e-10 4.15155e-10 3.23775e-10 2.44589e-10 1.86029e-10 1.48364e-10 1.29292e-10 1.26226e-10 1.35982e-10 1.51277e-10 1.66358e-10 1.78649e-10 1.86729e-10 1.89499e-10 1.86492e-10 1.77937e-10 1.64615e-10 1.47653e-10 1.28365e-10 1.0811e-10 8.81667e-11 6.9577e-11 5.29945e-11 3.85776e-11 2.59246e-11 1.47651e-11 
7.94897e-12 1.43928e-11 2.09166e-11 2.74371e-11 3.38523e-11 3.99211e-11 4.5468e-11 5.05646e-11 5.56256e-11 6.13564e-11 6.86188e-11 7.83377e-11 9.14548e-11 1.08748e-10 1.30923e-10 1.59622e-10 1.97689e-10 2.47138e-10 3.08925e-10 3.87036e-10 4.73971e-10 5.54501e-10 6.1484e-10 6.31785e-10 5.86751e-10 4.98928e-10 3.9448e-10 2.94816e-10 2.15706e-10 1.61609e-10 1.30102e-10 1.1958e-10 1.26226e-10 1.43089e-10 1.61571e-10 1.77692e-10 1.89695e-10 1.96397e-10 1.9707e-10 1.917e-10 1.80865e-10 1.65543e-10 1.46947e-10 1.2642e-10 1.05328e-10 8.49252e-11 6.61754e-11 4.95845e-11 3.50697e-11 2.19716e-11 
1.28287e-11 2.04233e-11 2.80546e-11 3.57256e-11 4.31787e-11 5.0083e-11 5.62773e-11 6.19564e-11 6.77155e-11 7.44406e-11 8.31541e-11 9.49496e-11 1.10896e-10 1.31903e-10 1.59323e-10 1.95786e-10 2.44402e-10 3.07396e-10 3.90141e-10 4.89982e-10 5.90319e-10 6.7643e-10 7.19191e-10 6.92097e-10 5.99376e-10 4.82842e-10 3.67176e-10 2.66878e-10 1.91584e-10 1.42763e-10 1.19674e-10 1.1958e-10 1.34795e-10 1.55421e-10 1.74792e-10 1.90347e-10 2.0069e-10 2.04973e-10 2.02935e-10 1.94972e-10 1.81895e-10 1.64755e-10 1.44764e-10 1.23251e-10 1.01568e-10 8.09255e-11 6.21731e-11 4.56211e-11 3.0894e-11 1.76954e-11 
1.0535e-11 1.90453e-11 2.78057e-11 3.67389e-11 4.56749e-11 5.41928e-11 6.19067e-11 6.87282e-11 7.50282e-11 8.16049e-11 8.95329e-11 1.00019e-10 1.14345e-10 1.33756e-10 1.59576e-10 1.93997e-10 2.4044e-10 3.02654e-10 3.87036e-10 4.95591e-10 6.14782e-10 7.30762e-10 8.06824e-10 8.10131e-10 7.26713e-10 5.94652e-10 4.59477e-10 3.39662e-10 2.43701e-10 1.74717e-10 1.32345e-10 1.19674e-10 1.29292e-10 1.49293e-10 1.70788e-10 1.8927e-10 2.02798e-10 2.10351e-10 2.11548e-10 2.06577e-10 1.96116e-10 1.81044e-10 1.6237e-10 1.41255e-10 1.19006e-10 9.69578e-11 7.62545e-11 5.76035e-11 4.10441e-11 2.58886e-11 
1.66621e-11 2.65793e-11 3.67266e-11 4.71258e-11 5.73822e-11 6.69393e-11 7.54112e-11 8.28523e-11 8.98458e-11 9.74065e-11 1.06813e-10 1.1948e-10 1.36945e-10 1.60777e-10 1.92841e-10 2.36231e-10 2.95435e-10 3.77938e-10 4.89982e-10 6.22822e-10 7.69164e-10 8.82997e-10 9.29124e-10 8.73651e-10 7.3424e-10 5.76547e-10 4.34558e-10 3.16084e-10 2.2759e-10 1.65939e-10 1.32345e-10 1.30102e-10 1.458e-10 1.67039e-10 1.87365e-10 2.0339e-10 2.13675e-10 2.17733e-10 2.15638e-10 2.07895e-10 1.95262e-10 1.78535e-10 1.58613e-10 1.3661e-10 1.1383e-10 9.15965e-11 7.09693e-11 5.24551e-11 3.57531e-11 2.05608e-11 
1.34715e-11 2.42885e-11 3.55914e-11 4.73392e-11 5.93015e-11 7.0865e-11 8.13853e-11 9.05607e-11 9.86423e-11 1.06445e-10 1.15215e-10 1.26453e-10 1.41862e-10 1.63337e-10 1.92754e-10 2.32626e-10 2.87276e-10 3.64505e-10 4.73971e-10 6.14782e-10 7.81978e-10 9.37061e-10 1.03285e-09 1.01288e-09 8.86265e-10 7.0765e-10 5.45158e-10 4.10584e-10 2.99848e-10 2.18157e-10 1.65939e-10 1.42763e-10 1.48364e-10 1.66083e-10 1.86071e-10 2.0349e-10 2.15733e-10 2.22044e-10 2.22431e-10 2.17268e-10 2.07163e-10 1.92761e-10 1.74676e-10 1.53713e-10 1.30984e-10 1.07827e-10 8.55526e-11 6.50954e-11 4.66657e-11 2.95835e-11 
2.08557e-11 3.32941e-11 4.62268e-11 5.97232e-11 7.32608e-11 8.60408e-11 9.74217e-11 1.0726e-10 1.16038e-10 1.24817e-10 1.35086e-10 1.48642e-10 1.67589e-10 1.9406e-10 2.30183e-10 2.79558e-10 3.49257e-10 4.50846e-10 5.90319e-10 7.69164e-10 9.56733e-10 1.1069e-09 1.13358e-09 1.02484e-09 8.41579e-10 6.52462e-10 5.088e-10 3.91871e-10 2.89843e-10 2.18157e-10 1.74717e-10 1.61609e-10 1.71165e-10 1.87903e-10 2.04609e-10 2.17688e-10 2.2539e-10 2.27601e-10 2.24609e-10 2.16868e-10 2.04867e-10 1.89002e-10 1.69724e-10 1.47816e-10 1.24461e-10 1.01053e-10 7.88633e-11 5.86218e-11 4.01458e-11 2.31327e-11 
1.66008e-11 2.98183e-11 4.37958e-11 5.856e-11 7.38545e-11 8.88764e-11 1.02724e-10 1.14856e-10 1.25342e-10 1.34911e-10 1.44874e-10 1.57035e-10 1.73614e-10 1.96958e-10 2.2917e-10 2.7307e-10 3.34462e-10 4.24619e-10 5.54501e-10 7.30762e-10 9.37061e-10 1.13718e-09 1.21711e-09 1.14349e-09 9.72299e-10 7.61123e-10 5.91153e-10 4.76887e-10 3.79439e-10 2.89843e-10 2.2759e-10 1.91584e-10 1.86029e-10 1.95928e-10 2.09166e-10 2.2108e-10 2.29055e-10 2.32159e-10 2.30645e-10 2.24835e-10 2.15032e-10 2.0145e-10 1.84239e-10 1.63783e-10 1.40956e-10 1.17059e-10 9.35359e-11 7.15521e-11 5.15047e-11 3.275e-11 
2.51364e-11 4.01058e-11 5.58611e-11 7.25603e-11 8.95785e-11 1.05898e-10 1.20628e-10 1.33408e-10 1.44549e-10 1.55019e-10 1.66437e-10 1.81078e-10 2.01428e-10 2.29656e-10 2.68041e-10 3.21319e-10 3.98756e-10 5.13575e-10 6.7643e-10 8.82997e-10 1.1069e-09 1.25575e-09 1.22362e-09 1.07628e-09 8.7335e-10 6.72789e-10 5.3989e-10 4.57937e-10 3.79439e-10 2.99848e-10 2.43701e-10 2.15706e-10 2.13385e-10 2.20091e-10 2.28125e-10 2.34548e-10 2.37443e-10 2.36417e-10 2.3181e-10 2.23736e-10 2.12202e-10 1.97115e-10 1.78491e-10 1.56803e-10 1.3309e-10 1.08777e-10 8.53124e-11 6.36375e-11 4.36913e-11 2.517e-11 
1.97032e-11 3.52218e-11 5.17668e-11 6.94631e-11 8.80571e-11 1.06594e-10 1.23952e-10 1.39363e-10 1.52698e-10 1.64495e-10 1.75986e-10 1.89286e-10 2.07058e-10 2.31484e-10 2.64511e-10 3.09878e-10 3.75287e-10 4.72393e-10 6.1484e-10 8.06824e-10 1.03285e-09 1.21711e-09 1.26175e-09 1.14896e-09 9.56814e-10 7.64576e-10 6.02439e-10 5.10936e-10 4.57937e-10 3.91871e-10 3.16084e-10 2.66878e-10 2.44589e-10 2.40367e-10 2.41579e-10 2.43755e-10 2.44841e-10 2.4319e-10 2.38747e-10 2.3165e-10 2.21664e-10 2.08463e-10 1.91749e-10 1.71588e-10 1.48649e-10 1.24159e-10 9.9644e-11 7.64469e-11 5.51286e-11 3.50838e-11 
2.91631e-11 4.64436e-11 6.47789e-11 8.44359e-11 1.04728e-10 1.24466e-10 1.42555e-10 1.58435e-10 1.72211e-10 1.8463e-10 1.97355e-10 2.13072e-10 2.34199e-10 2.62216e-10 3.0012e-10 3.54374e-10 4.34142e-10 5.52841e-10 7.19191e-10 9.29124e-10 1.13358e-09 1.22362e-09 1.18512e-09 1.0121e-09 8.31567e-10 6.69539e-10 5.61464e-10 5.10936e-10 4.76887e-10 4.10584e-10 3.39662e-10 2.94816e-10 2.73936e-10 2.64196e-10 2.59032e-10 2.55755e-10 2.52122e-10 2.46681e-10 2.39505e-10 2.30322e-10 2.1853e-10 2.03534e-10 1.85031e-10 1.63287e-10 1.39201e-10 1.14176e-10 8.97541e-11 6.70289e-11 4.60352e-11 2.64603e-11 
2.25187e-11 4.00274e-11 5.8781e-11 7.89997e-11 1.00461e-10 1.22106e-10 1.42644e-10 1.61126e-10 1.77241e-10 1.9128e-10 2.043e-10 2.18601e-10 2.3696e-10 2.60737e-10 2.91775e-10 3.35675e-10 4.00108e-10 4.94715e-10 6.31785e-10 8.10131e-10 1.01288e-09 1.14349e-09 1.14896e-09 1.03997e-09 8.79625e-10 7.24092e-10 6.19318e-10 5.61464e-10 5.3989e-10 5.088e-10 4.34558e-10 3.67176e-10 3.23775e-10 2.99472e-10 2.82743e-10 2.7185e-10 2.64037e-10 2.56431e-10 2.4798e-10 2.3859e-10 2.2754e-10 2.13884e-10 1.9695e-10 1.7662e-10 1.53413e-10 1.28452e-10 1.03259e-10 7.92697e-11 5.71509e-11 3.63307e-11 
3.25727e-11 5.17238e-11 7.21205e-11 9.4143e-11 1.17076e-10 1.39607e-10 1.60489e-10 1.79006e-10 1.95055e-10 2.09136e-10 2.22841e-10 2.38916e-10 2.59259e-10 2.84558e-10 3.18955e-10 3.69634e-10 4.43883e-10 5.49673e-10 6.92097e-10 8.73651e-10 1.02484e-09 1.07628e-09 1.0121e-09 9.00272e-10 7.82403e-10 6.68691e-10 6.19318e-10 6.02439e-10 5.91153e-10 5.45158e-10 4.59477e-10 3.9448e-10 3.4867e-10 3.17696e-10 2.94925e-10 2.79717e-10 2.68319e-10 2.5753e-10 2.46757e-10 2.35574e-10 2.22757e-10 2.07173e-10 1.8831e-10 1.66316e-10 1.41955e-10 1.16544e-10 9.16344e-11 6.83872e-11 4.69025e-11 2.68493e-11 
2.4784e-11 4.3787e-11 6.41704e-11 8.62294e-11 1.09782e-10 1.33701e-10 1.56576e-10 1.77325e-10 1.95471e-10 2.11088e-10 2.25042e-10 2.39513e-10 2.56902e-10 2.77898e-10 3.04166e-10 3.42528e-10 3.99078e-10 4.7916e-10 5.86751e-10 7.26713e-10 8.86265e-10 9.72299e-10 9.56814e-10 8.79625e-10 7.90603e-10 7.21433e-10 6.68691e-10 6.69539e-10 6.72789e-10 6.52462e-10 5.76547e-10 4.82842e-10 4.15155e-10 3.64574e-10 3.27038e-10 3.00185e-10 2.82364e-10 2.68157e-10 2.54969e-10 2.42583e-10 2.29957e-10 2.1544e-10 1.98008e-10 1.77442e-10 1.54143e-10 1.29099e-10 1.03769e-10 7.95965e-11 5.7293e-11 3.63275e-11 
3.50387e-11 5.54485e-11 7.71931e-11 1.00745e-10 1.25379e-10 1.49701e-10 1.72349e-10 1.9247e-10 2.09793e-10 2.24631e-10 2.3837e-10 2.53308e-10 2.70872e-10 2.9129e-10 3.18683e-10 3.60298e-10 4.18576e-10 4.9899e-10 5.99376e-10 7.3424e-10 8.41579e-10 8.7335e-10 8.31567e-10 7.82403e-10 7.20016e-10 7.21433e-10 7.24092e-10 7.64576e-10 7.61123e-10 7.0765e-10 5.94652e-10 4.98928e-10 4.23985e-10 3.68688e-10 3.26878e-10 2.98834e-10 2.79485e-10 2.63126e-10 2.48511e-10 2.35211e-10 2.21383e-10 2.05315e-10 1.86318e-10 1.64456e-10 1.40351e-10 1.15204e-10 9.05148e-11 6.74489e-11 4.61455e-11 2.62761e-11 
2.62761e-11 4.61455e-11 6.74489e-11 9.05148e-11 1.15204e-10 1.40351e-10 1.64456e-10 1.86318e-10 2.05315e-10 2.21383e-10 2.35211e-10 2.48511e-10 2.63126e-10 2.79485e-10 2.98834e-10 3.26878e-10 3.68688e-10 4.23985e-10 4.98928e-10 5.94652e-10 7.0765e-10 7.61123e-10 7.64576e-10 7.24092e-10 7.21433e-10 7.20016e-10 7.82403e-10 8.31567e-10 8.7335e-10 8.41579e-10 7.3424e-10 5.99376e-10 4.9899e-10 4.18576e-10 3.60298e-10 3.18683e-10 2.9129e-10 2.70872e-10 2.53308e-10 2.3837e-10 2.24631e-10 2.09793e-10 1.9247e-10 1.72349e-10 1.49701e-10 1.25379e-10 1.00745e-10 7.71931e-11 5.54485e-11 3.50387e-11 
3.63275e-11 5.7293e-11 7.95965e-11 1.03769e-10 1.29099e-10 1.54143e-10 1.77442e-10 1.98008e-10 2.1544e-10 2.29957e-10 2.42583e-10 2.54969e-10 2.68157e-10 2.82364e-10 3.00185e-10 3.27038e-10 3.64574e-10 4.15155e-10 4.82842e-10 5.76547e-10 6.52462e-10 6.72789e-10 6.69539e-10 6.68691e-10 7.21433e-10 7.90603e-10 8.79625e-10 9.56814e-10 9.72299e-10 8.86265e-10 7.26713e-10 5.86751e-10 4.7916e-10 3.99078e-10 3.42528e-10 3.04166e-10 2.77898e-10 2.56902e-10 2.39513e-10 2.25042e-10 2.11088e-10 1.95471e-10 1.77325e-10 1.56576e-10 1.33701e-10 1.09782e-10 8.62294e-11 6.41704e-11 4.3787e-11 2.4784e-11 
2.68493e-11 4.69025e-11 6.83872e-11 9.16344e-11 1.16544e-10 1.41955e-10 1.66316e-10 1.8831e-10 2.07173e-10 2.22757e-10 2.35574e-10 2.46757e-10 2.5753e-10 2.68319e-10 2.79717e-10 2.94925e-10 3.17696e-10 3.4867e-10 3.9448e-10 4.59477e-10 5.45158e-10 5.91153e-10 6.02439e-10 6.19318e-10 6.68691e-10 7.82403e-10 9.00272e-10 1.0121e-09 1.07628e-09 1.02484e-09 8.73651e-10 6.92097e-10 5.49673e-10 4.43883e-10 3.69634e-10 3.18955e-10 2.84558e-10 2.59259e-10 2.38916e-10 2.22841e-10 2.09136e-10 1.95055e-10 1.79006e-10 1.60489e-10 1.39607e-10 1.17076e-10 9.4143e-11 7.21205e-11 5.17238e-11 3.25727e-11 
3.63307e-11 5.71509e-11 7.92697e-11 1.03259e-10 1.28452e-10 1.53413e-10 1.7662e-10 1.9695e-10 2.13884e-10 2.2754e-10 2.3859e-10 2.4798e-10 2.56431e-10 2.64037e-10 2.7185e-10 2.82743e-10 2.99472e-10 3.23775e-10 3.67176e-10 4.34558e-10 5.088e-10 5.3989e-10 5.61464e-10 6.19318e-10 7.24092e-10 8.79625e-10 1.03997e-09 1.14896e-09 1.14349e-09 1.01288e-09 8.10131e-10 6.31785e-10 4.94715e-10 4.00108e-10 3.35675e-10 2.91775e-10 2.60737e-10 2.3696e-10 2.18601e-10 2.043e-10 1.9128e-10 1.77241e-10 1.61126e-10 1.42644e-10 1.22106e-10 1.00461e-10 7.89997e-11 5.8781e-11 4.00274e-11 2.25187e-11 
2.64603e-11 4.60352e-11 6.70289e-11 8.97541e-11 1.14176e-10 1.39201e-10 1.63287e-10 1.85031e-10 2.03534e-10 2.1853e-10 2.30322e-10 2.39505e-10 2.46681e-10 2.52122e-10 2.55755e-10 2.59032e-10 2.64196e-10 2.73936e-10 2.94816e-10 3.39662e-10 4.10584e-10 4.76887e-10 5.10936e-10 5.61464e-10 6.69539e-10 8.31567e-10 1.0121e-09 1.18512e-09 1.22362e-09 1.13358e-09 9.29124e-10 7.19191e-10 5.52841e-10 4.34142e-10 3.54374e-10 3.0012e-10 2.62216e-10 2.34199e-10 2.13072e-10 1.97355e-10 1.8463e-10 1.72211e-10 1.58435e-10 1.42555e-10 1.24466e-10 1.04728e-10 8.44359e-11 6.47789e-11 4.64436e-11 2.91631e-11 
3.50838e-11 5.51286e-11 7.64469e-11 9.9644e-11 1.24159e-10 1.48649e-10 1.71588e-10 1.91749e-10 2.08463e-10 2.21664e-10 2.3165e-10 2.38747e-10 2.4319e-10 2.44841e-10 2.43755e-10 2.41579e-10 2.40367e-10 2.44589e-10 2.66878e-10 3.16084e-10 3.91871e-10 4.57937e-10 5.10936e-10 6.02439e-10 7.64576e-10 9.56814e-10 1.14896e-09 1.26175e-09 1.21711e-09 1.03285e-09 8.06824e-10 6.1484e-10 4.72393e-10 3.75287e-10 3.09878e-10 2.64511e-10 2.31484e-10 2.07058e-10 1.89286e-10 1.75986e-10 1.64495e-10 1.52698e-10 1.39363e-10 1.23952e-10 1.06594e-10 8.80571e-11 6.94631e-11 5.17668e-11 3.52218e-11 1.97032e-11 
2.517e-11 4.36913e-11 6.36375e-11 8.53124e-11 1.08777e-10 1.3309e-10 1.56803e-10 1.78491e-10 1.97115e-10 2.12202e-10 2.23736e-10 2.3181e-10 2.36417e-10 2.37443e-10 2.34548e-10 2.28125e-10 2.20091e-10 2.13385e-10 2.15706e-10 2.43701e-10 2.99848e-10 3.79439e-10 4.57937e-10 5.3989e-10 6.72789e-10 8.7335e-10 1.07628e-09 1.22362e-09 1.25575e-09 1.1069e-09 8.82997e-10 6.7643e-10 5.13575e-10 3.98756e-10 3.21319e-10 2.68041e-10 2.29656e-10 2.01428e-10 1.81078e-10 1.66437e-10 1.55019e-10 1.44549e-10 1.33408e-10 1.20628e-10 1.05898e-10 8.95785e-11 7.25603e-11 5.58611e-11 4.01058e-11 2.51364e-11 
3.275e-11 5.15047e-11 7.15521e-11 9.35359e-11 1.17059e-10 1.40956e-10 1.63783e-10 1.84239e-10 2.0145e-10 2.15032e-10 2.24835e-10 2.30645e-10 2.32159e-10 2.29055e-10 2.2108e-10 2.09166e-10 1.95928e-10 1.86029e-10 1.91584e-10 2.2759e-10 2.89843e-10 3.79439e-10 4.76887e-10 5.91153e-10 7.61123e-10 9.72299e-10 1.14349e-09 1.21711e-09 1.13718e-09 9.37061e-10 7.30762e-10 5.54501e-10 4.24619e-10 3.34462e-10 2.7307e-10 2.2917e-10 1.96958e-10 1.73614e-10 1.57035e-10 1.44874e-10 1.34911e-10 1.25342e-10 1.14856e-10 1.02724e-10 8.88764e-11 7.38545e-11 5.856e-11 4.37958e-11 2.98183e-11 1.66008e-11 
2.31327e-11 4.01458e-11 5.86218e-11 7.88633e-11 1.01053e-10 1.24461e-10 1.47816e-10 1.69724e-10 1.89002e-10 2.04867e-10 2.16868e-10 2.24609e-10 2.27601e-10 2.2539e-10 2.17688e-10 2.04609e-10 1.87903e-10 1.71165e-10 1.61609e-10 1.74717e-10 2.18157e-10 2.89843e-10 3.91871e-10 5.088e-10 6.52462e-10 8.41579e-10 1.02484e-09 1.13358e-09 1.1069e-09 9.56733e-10 7.69164e-10 5.90319e-10 4.50846e-10 3.49257e-10 2.79558e-10 2.30183e-10 1.9406e-10 1.67589e-10 1.48642e-10 1.35086e-10 1.24817e-10 1.16038e-10 1.0726e-10 9.74217e-11 8.60408e-11 7.32608e-11 5.97232e-11 4.62268e-11 3.32941e-11 2.08557e-11 
2.95835e-11 4.66657e-11 6.50954e-11 8.55526e-11 1.07827e-10 1.30984e-10 1.53713e-10 1.74676e-10 1.92761e-10 2.07163e-10 2.17268e-10 2.22431e-10 2.22044e-10 2.15733e-10 2.0349e-10 1.86071e-10 1.66083e-10 1.48364e-10 1.42763e-10 1.65939e-10 2.18157e-10 2.99848e-10 4.10584e-10 5.45158e-10 7.0765e-10 8.86265e-10 1.01288e-09 1.03285e-09 9.37061e-10 7.81978e-10 6.14782e-10 4.73971e-10 3.64505e-10 2.87276e-10 2.32626e-10 1.92754e-10 1.63337e-10 1.41862e-10 1.26453e-10 1.15215e-10 1.06445e-10 9.86423e-11 9.05607e-11 8.13853e-11 7.0865e-11 5.93015e-11 4.73392e-11 3.55914e-11 2.42885e-11 1.34715e-11 
2.05608e-11 3.57531e-11 5.24551e-11 7.09693e-11 9.15965e-11 1.1383e-10 1.3661e-10 1.58613e-10 1.78535e-10 1.95262e-10 2.07895e-10 2.15638e-10 2.17733e-10 2.13675e-10 2.0339e-10 1.87365e-10 1.67039e-10 1.458e-10 1.30102e-10 1.32345e-10 1.65939e-10 2.2759e-10 3.16084e-10 4.34558e-10 5.76547e-10 7.3424e-10 8.73651e-10 9.29124e-10 8.82997e-10 7.69164e-10 6.22822e-10 4.89982e-10 3.77938e-10 2.95435e-10 2.36231e-10 1.92841e-10 1.60777e-10 1.36945e-10 1.1948e-10 1.06813e-10 9.74065e-11 8.98458e-11 8.28523e-11 7.54112e-11 6.69393e-11 5.73822e-11 4.71258e-11 3.67266e-11 2.65793e-11 1.66621e-11 
2.58886e-11 4.10441e-11 5.76035e-11 7.62545e-11 9.69578e-11 1.19006e-10 1.41255e-10 1.6237e-10 1.81044e-10 1.96116e-10 2.06577e-10 2.11548e-10 2.10351e-10 2.02798e-10 1.8927e-10 1.70788e-10 1.49293e-10 1.29292e-10 1.19674e-10 1.32345e-10 1.74717e-10 2.43701e-10 3.39662e-10 4.59477e-10 5.94652e-10 7.26713e-10 8.10131e-10 8.06824e-10 7.30762e-10 6.14782e-10 4.95591e-10 3.87036e-10 3.02654e-10 2.4044e-10 1.93997e-10 1.59576e-10 1.33756e-10 1.14345e-10 1.00019e-10 8.95329e-11 8.16049e-11 7.50282e-11 6.87282e-11 6.19067e-11 5.41928e-11 4.56749e-11 3.67389e-11 2.78057e-11 1.90453e-11 1.0535e-11 
1.76954e-11 3.0894e-11 4.56211e-11 6.21731e-11 8.09255e-11 1.01568e-10 1.23251e-10 1.44764e-10 1.64755e-10 1.81895e-10 1.94972e-10 2.02935e-10 2.04973e-10 2.0069e-10 1.90347e-10 1.74792e-10 1.55421e-10 1.34795e-10 1.1958e-10 1.19674e-10 1.42763e-10 1.91584e-10 2.66878e-10 3.67176e-10 4.82842e-10 5.99376e-10 6.92097e-10 7.19191e-10 6.7643e-10 5.90319e-10 4.89982e-10 3.90141e-10 3.07396e-10 2.44402e-10 1.95786e-10 1.59323e-10 1.31903e-10 1.10896e-10 9.49496e-11 8.31541e-11 7.44406e-11 6.77155e-11 6.19564e-11 5.62773e-11 5.0083e-11 4.31787e-11 3.57256e-11 2.80546e-11 2.04233e-11 1.28287e-11 
2.19716e-11 3.50697e-11 4.95845e-11 6.61754e-11 8.49252e-11 1.05328e-10 1.2642e-10 1.46947e-10 1.65543e-10 1.80865e-10 1.917e-10 1.9707e-10 1.96397e-10 1.89695e-10 1.77692e-10 1.61571e-10 1.43089e-10 1.26226e-10 1.1958e-10 1.30102e-10 1.61609e-10 2.15706e-10 2.94816e-10 3.9448e-10 4.98928e-10 5.86751e-10 6.31785e-10 6.1484e-10 5.54501e-10 4.73971e-10 3.87036e-10 3.08925e-10 2.47138e-10 1.97689e-10 1.59622e-10 1.30923e-10 1.08748e-10 9.14548e-11 7.83377e-11 6.86188e-11 6.13564e-11 5.56256e-11 5.05646e-11 4.5468e-11 3.99211e-11 3.38523e-11 2.74371e-11 2.09166e-11 1.43928e-11 7.94897e-12 
1.47651e-11 2.59246e-11 3.85776e-11 5.29945e-11 6.9577e-11 8.81667e-11 1.0811e-10 1.28365e-10 1.47653e-10 1.64615e-10 1.77937e-10 1.86492e-10 1.89499e-10 1.86729e-10 1.78649e-10 1.66358e-10 1.51277e-10 1.35982e-10 1.26226e-10 1.29292e-10 1.48364e-10 1.86029e-10 2.44589e-10 3.23775e-10 4.15155e-10 4.9899e-10 5.49673e-10 5.52841e-10 5.13575e-10 4.50846e-10 3.77938e-10 3.07396e-10 2.48058e-10 1.99137e-10 1.60147e-10 1.30431e-10 1.07457e-10 8.91978e-11 7.49421e-11 6.4178e-11 5.61675e-11 5.01055e-11 4.52099e-11 4.07655e-11 3.62349e-11 3.13491e-11 2.6105e-11 2.06536e-11 1.51321e-11 9.53074e-12 
1.81072e-11 2.9128e-11 4.15133e-11 5.58585e-11 7.23183e-11 9.05537e-11 1.09805e-10 1.2899e-10 1.46837e-10 1.62032e-10 1.73358e-10 1.79864e-10 1.81063e-10 1.77128e-10 1.68927e-10 1.57794e-10 1.45553e-10 1.35982e-10 1.34795e-10 1.458e-10 1.71165e-10 2.13385e-10 2.73936e-10 3.4867e-10 4.23985e-10 4.7916e-10 4.94715e-10 4.72393e-10 4.24619e-10 3.64505e-10 3.02654e-10 2.47138e-10 1.99669e-10 1.60628e-10 1.3019e-10 1.06654e-10 8.77859e-11 7.26826e-11 6.09865e-11 5.2174e-11 4.55795e-11 4.05189e-11 3.63354e-11 3.24549e-11 2.84803e-11 2.42481e-11 1.97825e-11 1.51872e-11 1.0503e-11 5.79518e-12 
1.19605e-11 2.11476e-11 3.17286e-11 4.39317e-11 5.81488e-11 7.43299e-11 9.20081e-11 1.1036e-10 1.283e-10 1.44606e-10 1.58064e-10 1.67617e-10 1.72567e-10 1.72771e-10 1.68782e-10 1.61737e-10 1.53175e-10 1.45553e-10 1.43089e-10 1.49293e-10 1.66083e-10 1.95928e-10 2.40367e-10 2.99472e-10 3.64574e-10 4.18576e-10 4.43883e-10 4.34142e-10 3.98756e-10 3.49257e-10 2.95435e-10 2.44402e-10 1.99137e-10 1.60824e-10 1.30093e-10 1.06126e-10 8.68915e-11 7.12358e-11 5.88099e-11 4.92588e-11 4.20667e-11 3.66507e-11 3.24327e-11 2.88687e-11 2.55112e-11 2.2076e-11 1.84635e-11 1.4703e-11 1.08385e-11 6.84596e-12 
1.45085e-11 2.35358e-11 3.38102e-11 4.58428e-11 5.98256e-11 7.5562e-11 9.25025e-11 1.09805e-10 1.26423e-10 1.41229e-10 1.53157e-10 1.6137e-10 1.65459e-10 1.65621e-10 1.62683e-10 1.57934e-10 1.53175e-10 1.51277e-10 1.55421e-10 1.67039e-10 1.87903e-10 2.20091e-10 2.64196e-10 3.17696e-10 3.68688e-10 3.99078e-10 4.00108e-10 3.75287e-10 3.34462e-10 2.87276e-10 2.4044e-10 1.97689e-10 1.60628e-10 1.30073e-10 1.0581e-10 8.63095e-11 7.03227e-11 5.73839e-11 4.72284e-11 3.94698e-11 3.36248e-11 2.9191e-11 2.56858e-11 2.26689e-11 1.97976e-11 1.68696e-11 1.38267e-11 1.06778e-11 7.4194e-12 4.09108e-12 
9.42304e-12 1.67881e-11 2.53952e-11 3.54252e-11 4.72379e-11 6.08624e-11 7.60047e-11 9.20812e-11 1.08271e-10 1.23608e-10 1.371e-10 1.4787e-10 1.5533e-10 1.59362e-10 1.60424e-10 1.59487e-10 1.57934e-10 1.57794e-10 1.61571e-10 1.70788e-10 1.86071e-10 2.09166e-10 2.41579e-10 2.82743e-10 3.27038e-10 3.60298e-10 3.69634e-10 3.54374e-10 3.21319e-10 2.79558e-10 2.36231e-10 1.95786e-10 1.60147e-10 1.30093e-10 1.05705e-10 8.59632e-11 6.97513e-11 5.64794e-11 4.58696e-11 3.76296e-11 3.1364e-11 2.66344e-11 2.302e-11 2.01244e-11 1.75928e-11 1.51652e-11 1.27019e-11 1.01597e-11 7.52757e-12 4.76735e-12 
1.13193e-11 1.85186e-11 2.68032e-11 3.65989e-11 4.81118e-11 6.12621e-11 7.57067e-11 9.0866e-11 1.05978e-10 1.20195e-10 1.32688e-10 1.42791e-10 1.50167e-10 1.54938e-10 1.57707e-10 1.59487e-10 1.61737e-10 1.66358e-10 1.74792e-10 1.87365e-10 2.04609e-10 2.28125e-10 2.59032e-10 2.94925e-10 3.26878e-10 3.42528e-10 3.35675e-10 3.09878e-10 2.7307e-10 2.32626e-10 1.93997e-10 1.59622e-10 1.3019e-10 1.0581e-10 8.58464e-11 6.94268e-11 5.59263e-11 4.49949e-11 3.63757e-11 2.97393e-11 2.47059e-11 2.08997e-11 1.79731e-11 1.55972e-11 1.34922e-11 1.14633e-11 9.41172e-12 7.29827e-12 5.08881e-12 2.80409e-12 
7.23253e-12 1.29886e-11 1.98029e-11 2.78146e-11 3.73432e-11 4.84763e-11 6.10718e-11 7.47746e-11 8.90439e-11 1.03213e-10 1.16571e-10 1.28473e-10 1.38466e-10 1.46426e-10 1.52626e-10 1.57707e-10 1.62683e-10 1.68927e-10 1.77692e-10 1.8927e-10 2.0349e-10 2.2108e-10 2.43755e-10 2.7185e-10 3.00185e-10 3.18683e-10 3.18955e-10 3.0012e-10 2.68041e-10 2.30183e-10 1.92841e-10 1.59323e-10 1.30431e-10 1.06126e-10 8.59632e-11 6.932e-11 5.56244e-11 4.44622e-11 3.55547e-11 2.86148e-11 2.33054e-11 1.92865e-11 1.62464e-11 1.3894e-11 1.19595e-11 1.02243e-11 8.54455e-12 6.84666e-12 5.08978e-12 3.22847e-12 
8.61438e-12 1.42096e-11 2.07109e-11 2.84651e-11 3.76821e-11 4.83772e-11 6.03812e-11 7.33622e-11 8.68481e-11 1.00287e-10 1.13123e-10 1.24892e-10 1.35333e-10 1.44468e-10 1.52626e-10 1.60424e-10 1.68782e-10 1.78649e-10 1.90347e-10 2.0339e-10 2.17688e-10 2.34548e-10 2.55755e-10 2.79717e-10 2.98834e-10 3.04166e-10 2.91775e-10 2.64511e-10 2.2917e-10 1.92754e-10 1.59576e-10 1.30923e-10 1.06654e-10 8.63095e-11 6.94268e-11 5.5528e-11 4.41766e-11 3.50496e-11 2.78674e-11 2.23244e-11 1.81042e-11 1.49195e-11 1.25108e-11 1.06346e-11 9.07114e-12 7.65129e-12 6.27107e-12 4.87003e-12 3.40309e-12 1.87259e-12 
5.41995e-12 9.81013e-12 1.50681e-11 2.13006e-11 2.87871e-11 3.76566e-11 4.7886e-11 5.93151e-11 7.16567e-11 8.45311e-11 9.75129e-11 1.10202e-10 1.22302e-10 1.33692e-10 1.44468e-10 1.54938e-10 1.65621e-10 1.77128e-10 1.89695e-10 2.02798e-10 2.15733e-10 2.29055e-10 2.44841e-10 2.64037e-10 2.82364e-10 2.9129e-10 2.84558e-10 2.62216e-10 2.29656e-10 1.9406e-10 1.60777e-10 1.31903e-10 1.07457e-10 8.68915e-11 6.97513e-11 5.56244e-11 4.40861e-11 3.47777e-11 2.74012e-11 2.1663e-11 1.72669e-11 1.39391e-11 1.14383e-11 9.54659e-12 8.05963e-12 6.80333e-12 5.64958e-12 4.52006e-12 3.36316e-12 2.13505e-12 
6.4072e-12 1.06512e-11 1.56284e-11 2.16159e-11 2.88207e-11 3.73254e-11 4.71024e-11 5.80193e-11 6.98561e-11 8.23363e-11 9.51662e-11 1.08091e-10 1.20945e-10 1.33692e-10 1.46426e-10 1.59362e-10 1.72771e-10 1.86729e-10 2.0069e-10 2.13675e-10 2.2539e-10 2.37443e-10 2.52122e-10 2.68319e-10 2.79485e-10 2.77898e-10 2.60737e-10 2.31484e-10 1.96958e-10 1.63337e-10 1.33756e-10 1.08748e-10 8.77859e-11 7.03227e-11 5.59263e-11 4.41766e-11 3.46928e-11 2.71486e-11 2.12464e-11 1.66983e-11 1.32392e-11 1.06377e-11 8.69313e-12 7.21903e-12 6.04718e-12 5.0431e-12 4.11039e-12 3.18704e-12 2.22748e-12 1.22321e-12 
3.9749e-12 7.24732e-12 1.12098e-11 1.59471e-11 2.16979e-11 2.86162e-11 3.67682e-11 4.61397e-11 5.66473e-11 6.81519e-11 8.04835e-11 9.34723e-11 1.06986e-10 1.20945e-10 1.35333e-10 1.50167e-10 1.65459e-10 1.81063e-10 1.96397e-10 2.10351e-10 2.22044e-10 2.32159e-10 2.4319e-10 2.56431e-10 2.68157e-10 2.70872e-10 2.59259e-10 2.34199e-10 2.01428e-10 1.67589e-10 1.36945e-10 1.10896e-10 8.91978e-11 7.12358e-11 5.64794e-11 4.44622e-11 3.47777e-11 2.70695e-11 2.10184e-11 1.63363e-11 1.27597e-11 1.00629e-11 8.05017e-12 6.55058e-12 5.40901e-12 4.49063e-12 3.69025e-12 2.93787e-12 2.18313e-12 1.38351e-12 
4.6672e-12 7.81745e-12 1.15434e-11 1.60697e-11 2.15917e-11 2.82349e-11 3.60699e-11 4.51155e-11 5.53474e-11 6.6713e-11 7.91465e-11 9.2586e-11 1.06986e-10 1.22302e-10 1.38466e-10 1.5533e-10 1.72567e-10 1.89499e-10 2.04973e-10 2.17733e-10 2.27601e-10 2.36417e-10 2.46681e-10 2.5753e-10 2.63126e-10 2.56902e-10 2.3696e-10 2.07058e-10 1.73614e-10 1.41862e-10 1.14345e-10 9.14548e-11 7.26826e-11 5.73839e-11 4.49949e-11 3.50496e-11 2.71486e-11 2.09461e-11 1.61362e-11 1.24526e-11 9.66612e-12 7.58412e-12 6.04204e-12 4.8948e-12 4.01517e-12 3.29748e-12 2.6622e-12 2.05516e-12 1.43383e-12 7.85099e-13 
2.85975e-12 5.24863e-12 8.17357e-12 1.17019e-11 1.60386e-11 2.13452e-11 2.77437e-11 3.53214e-11 4.41426e-11 5.42496e-11 6.56752e-11 7.84471e-11 9.2586e-11 1.08091e-10 1.24892e-10 1.42791e-10 1.6137e-10 1.79864e-10 1.9707e-10 2.11548e-10 2.22431e-10 2.30645e-10 2.38747e-10 2.4798e-10 2.54969e-10 2.53308e-10 2.38916e-10 2.13072e-10 1.81078e-10 1.48642e-10 1.1948e-10 9.49496e-11 7.49421e-11 5.88099e-11 4.58696e-11 3.55547e-11 2.74012e-11 2.10184e-11 1.60726e-11 1.22823e-11 9.40999e-12 7.26023e-12 5.66943e-12 4.49798e-12 3.62713e-12 2.95164e-12 2.39286e-12 1.88917e-12 1.39737e-12 8.83625e-13 
3.33926e-12 5.63012e-12 8.36768e-12 1.17291e-11 1.58938e-11 2.10109e-11 2.7209e-11 3.46065e-11 4.33188e-11 5.3457e-11 6.51322e-11 7.84471e-11 9.34723e-11 1.10202e-10 1.28473e-10 1.4787e-10 1.67617e-10 1.86492e-10 2.02935e-10 2.15638e-10 2.24609e-10 2.3181e-10 2.39505e-10 2.46757e-10 2.48511e-10 2.39513e-10 2.18601e-10 1.89286e-10 1.57035e-10 1.26453e-10 1.00019e-10 7.83377e-11 6.09865e-11 4.72284e-11 3.63757e-11 2.78674e-11 2.12464e-11 1.61362e-11 1.22277e-11 9.26811e-12 7.05036e-12 5.40902e-12 4.2053e-12 3.32276e-12 2.66396e-12 2.14771e-12 1.71183e-12 1.31208e-12 9.11203e-13 4.9727e-13 
2.02353e-12 3.73614e-12 5.8572e-12 8.44172e-12 1.16614e-11 1.56781e-11 2.06387e-11 2.66945e-11 3.40009e-11 4.27246e-11 5.30422e-11 6.51322e-11 7.91465e-11 9.51662e-11 1.13123e-10 1.32688e-10 1.53157e-10 1.73358e-10 1.917e-10 2.06577e-10 2.17268e-10 2.24835e-10 2.3165e-10 2.3859e-10 2.42583e-10 2.3837e-10 2.22841e-10 1.97355e-10 1.66437e-10 1.35086e-10 1.06813e-10 8.31541e-11 6.4178e-11 4.92588e-11 3.76296e-11 2.86148e-11 2.1663e-11 1.63363e-11 1.22823e-11 9.22204e-12 6.93384e-12 5.23879e-12 3.99847e-12 3.09473e-12 2.43466e-12 1.93893e-12 1.5446e-12 1.20571e-12 8.86059e-13 5.57329e-13 
2.35134e-12 3.99003e-12 5.96906e-12 8.43061e-12 1.15329e-11 1.54276e-11 2.02774e-11 2.62563e-11 3.35619e-11 4.24127e-11 5.30422e-11 6.56752e-11 8.04835e-11 9.75129e-11 1.16571e-10 1.371e-10 1.58064e-10 1.77937e-10 1.94972e-10 2.07895e-10 2.16868e-10 2.23736e-10 2.30322e-10 2.35574e-10 2.35211e-10 2.25042e-10 2.043e-10 1.75986e-10 1.44874e-10 1.15215e-10 8.95329e-11 6.86188e-11 5.2174e-11 3.94698e-11 2.97393e-11 2.23244e-11 1.66983e-11 1.24526e-11 9.26811e-12 6.89585e-12 5.14365e-12 3.86187e-12 2.93273e-12 2.26054e-12 1.76949e-12 1.39792e-12 1.09696e-12 8.32193e-13 5.74038e-13 3.11725e-13 
1.41257e-12 2.62107e-12 4.13526e-12 6.00295e-12 8.36573e-12 1.13727e-11 1.51804e-11 1.99666e-11 2.59381e-11 3.33318e-11 4.24127e-11 5.3457e-11 6.6713e-11 8.23363e-11 1.00287e-10 1.20195e-10 1.41229e-10 1.62032e-10 1.80865e-10 1.96116e-10 2.07163e-10 2.15032e-10 2.21664e-10 2.2754e-10 2.29957e-10 2.24631e-10 2.09136e-10 1.8463e-10 1.55019e-10 1.24817e-10 9.74065e-11 7.44406e-11 5.61675e-11 4.20667e-11 3.1364e-11 2.33054e-11 1.72669e-11 1.27597e-11 9.40999e-12 6.93384e-12 5.11327e-12 3.78576e-12 2.82515e-12 2.13577e-12 1.63879e-12 1.27555e-12 9.96672e-13 7.6673e-13 5.58543e-13 3.50024e-13 
1.63394e-12 2.79033e-12 4.20229e-12 5.98453e-12 8.27168e-12 1.12091e-11 1.49658e-11 1.97409e-11 2.57715e-11 3.33318e-11 4.27246e-11 5.42496e-11 6.81519e-11 8.45311e-11 1.03213e-10 1.23608e-10 1.44606e-10 1.64615e-10 1.81895e-10 1.95262e-10 2.04867e-10 2.12202e-10 2.1853e-10 2.22757e-10 2.21383e-10 2.11088e-10 1.9128e-10 1.64495e-10 1.34911e-10 1.06445e-10 8.16049e-11 6.13564e-11 4.55795e-11 3.36248e-11 2.47059e-11 1.81042e-11 1.32392e-11 9.66612e-12 7.05036e-12 5.14365e-12 3.76075e-12 2.76466e-12 2.05218e-12 1.544e-12 1.17915e-12 9.11216e-13 7.02012e-13 5.26334e-13 3.59986e-13 1.94511e-13 
9.75229e-13 1.81671e-12 2.88466e-12 4.21935e-12 5.9381e-12 8.16935e-12 1.10655e-11 1.48088e-11 1.96224e-11 2.57715e-11 3.35619e-11 4.33188e-11 5.53474e-11 6.98561e-11 8.68481e-11 1.05978e-10 1.26423e-10 1.46837e-10 1.65543e-10 1.81044e-10 1.92761e-10 2.0145e-10 2.08463e-10 2.13884e-10 2.1544e-10 2.09793e-10 1.95055e-10 1.72211e-10 1.44549e-10 1.16038e-10 8.98458e-11 6.77155e-11 5.01055e-11 3.66507e-11 2.66344e-11 1.92865e-11 1.39391e-11 1.00629e-11 7.26023e-12 5.23879e-12 3.78576e-12 2.74536e-12 2.00457e-12 1.47988e-12 1.1084e-12 8.41502e-13 6.4422e-13 4.87513e-13 3.51333e-13 2.19006e-13 
1.12466e-12 1.92979e-12 2.9275e-12 4.20646e-12 5.87951e-12 8.07627e-12 1.09584e-11 1.47262e-11 1.96224e-11 2.59381e-11 3.40009e-11 4.41426e-11 5.66473e-11 7.16567e-11 8.90439e-11 1.08271e-10 1.283e-10 1.47653e-10 1.64755e-10 1.78535e-10 1.89002e-10 1.97115e-10 2.03534e-10 2.07173e-10 2.05315e-10 1.95471e-10 1.77241e-10 1.52698e-10 1.25342e-10 9.86423e-11 7.50282e-11 5.56256e-11 4.05189e-11 2.9191e-11 2.08997e-11 1.49195e-11 1.06377e-11 7.58412e-12 5.40902e-12 3.86187e-12 2.76466e-12 1.98861e-12 1.44305e-12 1.05979e-12 7.89474e-13 5.96134e-13 4.50949e-13 3.32755e-13 2.26315e-13 1.21736e-13 
6.673e-13 1.24683e-12 1.99335e-12 2.93919e-12 4.17887e-12 5.82309e-12 8.00625e-12 1.09021e-11 1.47262e-11 1.97409e-11 2.62563e-11 3.46065e-11 4.51155e-11 5.80193e-11 7.33622e-11 9.0866e-11 1.09805e-10 1.2899e-10 1.46947e-10 1.6237e-10 1.74676e-10 1.84239e-10 1.91749e-10 1.9695e-10 1.98008e-10 1.9247e-10 1.79006e-10 1.58435e-10 1.33408e-10 1.0726e-10 8.28523e-11 6.19564e-11 4.52099e-11 3.24327e-11 2.302e-11 1.62464e-11 1.14383e-11 8.05017e-12 5.66943e-12 3.99847e-12 2.82515e-12 2.00457e-12 1.43063e-12 1.03145e-12 7.53876e-13 5.59045e-13 4.18488e-13 3.1203e-13 2.21588e-13 1.37447e-13 
7.67157e-13 1.32361e-12 2.02342e-12 2.93421e-12 4.14937e-12 5.77941e-12 7.96922e-12 1.09021e-11 1.48088e-11 1.99666e-11 2.66945e-11 3.53214e-11 4.61397e-11 5.93151e-11 7.47746e-11 9.20812e-11 1.1036e-10 1.28365e-10 1.44764e-10 1.58613e-10 1.69724e-10 1.78491e-10 1.85031e-10 1.8831e-10 1.86318e-10 1.77325e-10 1.61126e-10 1.39363e-10 1.14856e-10 9.05607e-11 6.87282e-11 5.05646e-11 3.63354e-11 2.56858e-11 1.79731e-11 1.25108e-11 8.69313e-12 6.04204e-12 4.2053e-12 2.93273e-12 2.05218e-12 1.44305e-12 1.02267e-12 7.33316e-13 5.32932e-13 3.93356e-13 2.91006e-13 2.11458e-13 1.42234e-13 7.65494e-14 
4.54549e-13 8.5044e-13 1.36711e-12 2.03365e-12 2.92174e-12 4.12408e-12 5.75593e-12 7.96922e-12 1.09584e-11 1.49658e-11 2.02774e-11 2.7209e-11 3.60699e-11 4.71024e-11 6.03812e-11 7.57067e-11 9.25025e-11 1.09805e-10 1.2642e-10 1.41255e-10 1.53713e-10 1.63783e-10 1.71588e-10 1.7662e-10 1.77442e-10 1.72349e-10 1.60489e-10 1.42555e-10 1.20628e-10 9.74217e-11 7.54112e-11 5.62773e-11 4.07655e-11 2.88687e-11 2.01244e-11 1.3894e-11 9.54659e-12 6.55058e-12 4.49798e-12 3.09473e-12 2.13577e-12 1.47988e-12 1.03145e-12 7.26514e-13 5.17581e-13 3.74826e-13 2.74809e-13 2.00505e-13 1.40392e-13 8.65087e-14 
5.21013e-13 9.0206e-13 1.38922e-12 2.03417e-12 2.90991e-12 4.11068e-12 5.75593e-12 8.00625e-12 1.10655e-11 1.51804e-11 2.06387e-11 2.77437e-11 3.67682e-11 4.7886e-11 6.10718e-11 7.60047e-11 9.20081e-11 1.0811e-10 1.23251e-10 1.3661e-10 1.47816e-10 1.56803e-10 1.63287e-10 1.66316e-10 1.64456e-10 1.56576e-10 1.42644e-10 1.23952e-10 1.02724e-10 8.13853e-11 6.19067e-11 4.5468e-11 3.24549e-11 2.26689e-11 1.55972e-11 1.06346e-11 7.21903e-12 4.8948e-12 3.32276e-12 2.26054e-12 1.544e-12 1.05979e-12 7.33316e-13 5.12779e-13 3.63764e-13 2.6191e-13 1.9022e-13 1.35474e-13 9.07602e-14 4.80876e-14 
3.07808e-13 5.76266e-13 9.32374e-13 1.39821e-12 2.0313e-12 2.90369e-12 4.11068e-12 5.77941e-12 8.07627e-12 1.12091e-11 1.54276e-11 2.10109e-11 2.82349e-11 3.73254e-11 4.83772e-11 6.12621e-11 7.5562e-11 9.05537e-11 1.05328e-10 1.19006e-10 1.30984e-10 1.40956e-10 1.48649e-10 1.53413e-10 1.54143e-10 1.49701e-10 1.39607e-10 1.24466e-10 1.05898e-10 8.60408e-11 6.69393e-11 5.0083e-11 3.62349e-11 2.55112e-11 1.75928e-11 1.19595e-11 8.05963e-12 5.40901e-12 3.62713e-12 2.43466e-12 1.63879e-12 1.1084e-12 7.53876e-13 5.17581e-13 3.60088e-13 2.54173e-13 1.81856e-13 1.29925e-13 9.06882e-14 5.52794e-14 
3.52399e-13 6.11828e-13 9.48744e-13 1.40225e-12 2.02907e-12 2.90369e-12 4.12408e-12 5.82309e-12 8.16935e-12 1.13727e-11 1.56781e-11 2.13452e-11 2.86162e-11 3.76566e-11 4.84763e-11 6.08624e-11 7.43299e-11 8.81667e-11 1.01568e-10 1.1383e-10 1.24461e-10 1.3309e-10 1.39201e-10 1.41955e-10 1.40351e-10 1.33701e-10 1.22106e-10 1.06594e-10 8.88764e-11 7.0865e-11 5.41928e-11 3.99211e-11 2.84803e-11 1.97976e-11 1.34922e-11 9.07114e-12 6.04718e-12 4.01517e-12 2.66396e-12 1.76949e-12 1.17915e-12 7.89474e-13 5.32932e-13 3.63764e-13 2.52457e-13 1.77327e-13 1.25909e-13 8.78138e-14 5.80294e-14 3.0436e-14 
2.08383e-13 3.89265e-13 6.32415e-13 9.56479e-13 1.40348e-12 2.02907e-12 2.90991e-12 4.14937e-12 5.87951e-12 8.27168e-12 1.15329e-11 1.58938e-11 2.15917e-11 2.88207e-11 3.76821e-11 4.81118e-11 5.98256e-11 7.23183e-11 8.49252e-11 9.69578e-11 1.07827e-10 1.17059e-10 1.24159e-10 1.28452e-10 1.29099e-10 1.25379e-10 1.17076e-10 1.04728e-10 8.95785e-11 7.32608e-11 5.73822e-11 4.31787e-11 3.13491e-11 2.2076e-11 1.51652e-11 1.02243e-11 6.80333e-12 4.49063e-12 2.95164e-12 1.93893e-12 1.27555e-12 8.41502e-13 5.59045e-13 3.74826e-13 2.54173e-13 1.7581e-13 1.22725e-13 8.621e-14 5.86435e-14 3.48813e-14 
2.37627e-13 4.1267e-13 6.43306e-13 9.59565e-13 1.40348e-12 2.0313e-12 2.92174e-12 4.17887e-12 5.9381e-12 8.36573e-12 1.16614e-11 1.60386e-11 2.16979e-11 2.87871e-11 3.73432e-11 4.72379e-11 5.81488e-11 6.9577e-11 8.09255e-11 9.15965e-11 1.01053e-10 1.08777e-10 1.14176e-10 1.16544e-10 1.15204e-10 1.09782e-10 1.00461e-10 8.80571e-11 7.38545e-11 5.93015e-11 4.56749e-11 3.38523e-11 2.42481e-11 1.68696e-11 1.14633e-11 7.65129e-12 5.0431e-12 3.29748e-12 2.14771e-12 1.39792e-12 9.11216e-13 5.96134e-13 3.93356e-13 2.6191e-13 1.77327e-13 1.21364e-13 8.42698e-14 5.84317e-14 3.80041e-14 1.9658e-14 
1.40461e-13 2.61486e-13 4.26089e-13 6.48451e-13 9.59565e-13 1.40225e-12 2.03417e-12 2.93421e-12 4.20646e-12 5.98453e-12 8.43061e-12 1.17291e-11 1.60697e-11 2.16159e-11 2.84651e-11 3.65989e-11 4.58428e-11 5.58585e-11 6.61754e-11 7.62545e-11 8.55526e-11 9.35359e-11 9.9644e-11 1.03259e-10 1.03769e-10 1.00745e-10 9.4143e-11 8.44359e-11 7.25603e-11 5.97232e-11 4.71258e-11 3.57256e-11 2.6105e-11 1.84635e-11 1.27019e-11 8.54455e-12 5.64958e-12 3.69025e-12 2.39286e-12 1.5446e-12 9.96672e-13 6.4422e-13 4.18488e-13 2.74809e-13 1.81856e-13 1.22725e-13 8.39061e-14 5.76598e-14 3.81968e-14 2.32794e-14 
1.5942e-13 2.76756e-13 4.32511e-13 6.48451e-13 9.56479e-13 1.39821e-12 2.03365e-12 2.93919e-12 4.21935e-12 6.00295e-12 8.44172e-12 1.17019e-11 1.59471e-11 2.13006e-11 2.78146e-11 3.54252e-11 4.39317e-11 5.29945e-11 6.21731e-11 7.09693e-11 7.88633e-11 8.53124e-11 8.97541e-11 9.16344e-11 9.05148e-11 8.62294e-11 7.89997e-11 6.94631e-11 5.856e-11 4.73392e-11 3.67389e-11 2.74371e-11 1.97825e-11 1.38267e-11 9.41172e-12 6.27107e-12 4.11039e-12 2.6622e-12 1.71183e-12 1.09696e-12 7.02012e-13 4.50949e-13 2.91006e-13 1.9022e-13 1.25909e-13 8.42698e-14 5.73861e-14 3.85706e-14 2.47721e-14 1.28013e-14 
9.47967e-14 1.74919e-13 2.83654e-13 4.32511e-13 6.43306e-13 9.48744e-13 1.38922e-12 2.02342e-12 2.9275e-12 4.20229e-12 5.96906e-12 8.36768e-12 1.15434e-11 1.56284e-11 2.07109e-11 2.68032e-11 3.38102e-11 4.15133e-11 4.95845e-11 5.76035e-11 6.50954e-11 7.15521e-11 7.64469e-11 7.92697e-11 7.95965e-11 7.71931e-11 7.21205e-11 6.47789e-11 5.58611e-11 4.62268e-11 3.67266e-11 2.80546e-11 2.06536e-11 1.4703e-11 1.01597e-11 6.84666e-12 4.52006e-12 2.93787e-12 1.88917e-12 1.20571e-12 7.6673e-13 4.87513e-13 3.1203e-13 2.00505e-13 1.29925e-13 8.621e-14 5.76598e-14 3.83666e-14 2.53454e-14 1.45975e-14 
1.0598e-13 1.82403e-13 2.83654e-13 4.26089e-13 6.32415e-13 9.32374e-13 1.36711e-12 1.99335e-12 2.88466e-12 4.13526e-12 5.8572e-12 8.17357e-12 1.12098e-11 1.50681e-11 1.98029e-11 2.53952e-11 3.17286e-11 3.85776e-11 4.56211e-11 5.24551e-11 5.86218e-11 6.36375e-11 6.70289e-11 6.83872e-11 6.74489e-11 6.41704e-11 5.8781e-11 5.17668e-11 4.37958e-11 3.55914e-11 2.78057e-11 2.09166e-11 1.51872e-11 1.06778e-11 7.29827e-12 4.87003e-12 3.18704e-12 2.05516e-12 1.31208e-12 8.32193e-13 5.26334e-13 3.32755e-13 2.11458e-13 1.35474e-13 8.78138e-14 5.84317e-14 3.85706e-14 2.51972e-14 1.6321e-14 7.89481e-15 
6.40007e-14 1.14159e-13 1.82403e-13 2.76756e-13 4.1267e-13 6.11828e-13 9.0206e-13 1.32361e-12 1.92979e-12 2.79033e-12 3.99003e-12 5.63012e-12 7.81745e-12 1.06512e-11 1.42096e-11 1.85186e-11 2.35358e-11 2.9128e-11 3.50697e-11 4.10441e-11 4.66657e-11 5.15047e-11 5.51286e-11 5.71509e-11 5.7293e-11 5.54485e-11 5.17238e-11 4.64436e-11 4.01058e-11 3.32941e-11 2.65793e-11 2.04233e-11 1.51321e-11 1.08385e-11 7.52757e-12 5.08978e-12 3.36316e-12 2.18313e-12 1.39737e-12 8.86059e-13 5.58543e-13 3.51333e-13 2.21588e-13 1.40392e-13 9.06882e-14 5.86435e-14 3.81968e-14 2.53454e-14 1.6223e-14 9.78418e-15 
6.91639e-14 1.14159e-13 1.74919e-13 2.61486e-13 3.89265e-13 5.76266e-13 8.5044e-13 1.24683e-12 1.81671e-12 2.62107e-12 3.73614e-12 5.24863e-12 7.24732e-12 9.81013e-12 1.29886e-11 1.67881e-11 2.11476e-11 2.59246e-11 3.0894e-11 3.57531e-11 4.01458e-11 4.36913e-11 4.60352e-11 4.69025e-11 4.61455e-11 4.3787e-11 4.00274e-11 3.52218e-11 2.98183e-11 2.42885e-11 1.90453e-11 1.43928e-11 1.0503e-11 7.4194e-12 5.08881e-12 3.40309e-12 2.22748e-12 1.43383e-12 9.11203e-13 5.74038e-13 3.59986e-13 2.26315e-13 1.42234e-13 9.07602e-14 5.80294e-14 3.80041e-14 2.47721e-14 1.6321e-14 9.73374e-15 4.94411e-15 
4.15821e-14 6.91639e-14 1.0598e-13 1.5942e-13 2.37627e-13 3.52399e-13 5.21013e-13 7.67157e-13 1.12466e-12 1.63394e-12 2.35134e-12 3.33926e-12 4.6672e-12 6.4072e-12 8.61438e-12 1.13193e-11 1.45085e-11 1.81072e-11 2.19716e-11 2.58886e-11 2.95835e-11 3.275e-11 3.50838e-11 3.63307e-11 3.63275e-11 3.50387e-11 3.25727e-11 2.91631e-11 2.51364e-11 2.08557e-11 1.66621e-11 1.28287e-11 9.53074e-12 6.84596e-12 4.76735e-12 3.22847e-12 2.13505e-12 1.38351e-12 8.83625e-13 5.57329e-13 3.50024e-13 2.19006e-13 1.37447e-13 8.65087e-14 5.52794e-14 3.48813e-14 2.32794e-14 1.45975e-14 9.78418e-15 5.91665e-15 
4.15821e-14 6.40007e-14 9.47967e-14 1.40461e-13 2.08383e-13 3.07808e-13 4.54549e-13 6.673e-13 9.75229e-13 1.41257e-12 2.02353e-12 2.85975e-12 3.9749e-12 5.41995e-12 7.23253e-12 9.42304e-12 1.19605e-11 1.47651e-11 1.76954e-11 2.05608e-11 2.31327e-11 2.517e-11 2.64603e-11 2.68493e-11 2.62761e-11 2.4784e-11 2.25187e-11 1.97032e-11 1.66008e-11 1.34715e-11 1.0535e-11 7.94897e-12 5.79518e-12 4.09108e-12 2.80409e-12 1.87259e-12 1.22321e-12 7.85099e-13 4.9727e-13 3.11725e-13 1.94511e-13 1.21736e-13 7.65494e-14 4.80876e-14 3.0436e-14 1.9658e-14 1.28013e-14 7.89481e-15 4.94411e-15 2.97684e-15 
