1 101 51
1.60842e-13 2.7912e-13 4.46294e-13 7.20462e-13 1.19272e-12 2.02626e-12 3.51435e-12 6.16413e-12 1.08298e-11 1.8887e-11 3.24149e-11 5.43225e-11 8.82808e-11 1.3831e-10 2.07922e-10 2.98859e-10 4.09794e-10 5.35465e-10 6.66778e-10 7.92051e-10 8.99075e-10 9.77357e-10 1.01983e-09 1.02368e-09 9.90329e-10 9.24736e-10 8.34361e-10 7.28003e-10 6.14644e-10 5.02443e-10 3.97972e-10 3.05757e-10 2.28192e-10 1.65757e-10 1.1747e-10 8.14453e-11 5.54118e-11 3.71101e-11 2.45406e-11 1.60737e-11 1.04576e-11 6.77614e-12 4.38257e-12 2.83324e-12 1.83145e-12 1.18099e-12 7.55598e-13 4.74847e-13 2.86952e-13 1.6502e-13 1.6502e-13 
1.60842e-13 3.73016e-13 6.16168e-13 9.87548e-13 1.61248e-12 2.70585e-12 4.64808e-12 8.1089e-12 1.42458e-11 2.49815e-11 4.33585e-11 7.39002e-11 1.22796e-10 1.97662e-10 3.06569e-10 4.56183e-10 6.49213e-10 8.81863e-10 1.14233e-09 1.41127e-09 1.66449e-09 1.8772e-09 2.02846e-09 2.1046e-09 2.10084e-09 2.02122e-09 1.87712e-09 1.68492e-09 1.46339e-09 1.23112e-09 1.00436e-09 7.95564e-10 6.12735e-10 4.59574e-10 3.36235e-10 2.40373e-10 1.68218e-10 1.15466e-10 7.79069e-11 5.17975e-11 3.40309e-11 2.2161e-11 1.43488e-11 9.26399e-12 5.97802e-12 3.85995e-12 2.49178e-12 1.60139e-12 1.00915e-12 5.86872e-13 1.6502e-13 
3.73016e-13 6.98906e-13 1.1257e-12 1.81078e-12 2.99189e-12 5.07516e-12 8.77964e-12 1.5365e-11 2.6974e-11 4.71297e-11 8.13337e-11 1.37638e-10 2.26911e-10 3.6234e-10 5.57703e-10 8.2413e-10 1.1657e-09 1.57502e-09 2.03056e-09 2.49751e-09 2.93259e-09 3.29179e-09 3.53852e-09 3.64991e-09 3.61975e-09 3.45803e-09 3.18778e-09 2.84025e-09 2.44963e-09 2.04819e-09 1.6627e-09 1.31236e-09 1.0085e-09 7.55499e-10 5.52381e-10 3.94661e-10 2.7593e-10 1.89109e-10 1.27323e-10 8.44385e-11 5.5329e-11 3.59449e-11 2.32327e-11 1.49896e-11 9.6781e-12 6.26249e-12 4.05661e-12 2.60492e-12 1.57628e-12 5.86872e-13 5.86872e-13 
2.7912e-13 6.98906e-13 1.17825e-12 1.87449e-12 3.03413e-12 5.06141e-12 8.65675e-12 1.50555e-11 2.63992e-11 4.63079e-11 8.0652e-11 1.38481e-10 2.32866e-10 3.81233e-10 6.04495e-10 9.2422e-10 1.35735e-09 1.90892e-09 2.56461e-09 3.28639e-09 4.01431e-09 4.67553e-09 5.19827e-09 5.52613e-09 5.62843e-09 5.50401e-09 5.17865e-09 4.6978e-09 4.11705e-09 3.49255e-09 2.87335e-09 2.29663e-09 1.78625e-09 1.35375e-09 1.00091e-09 7.22768e-10 5.10376e-10 3.52965e-10 2.39537e-10 1.59914e-10 1.05336e-10 6.86948e-11 4.4514e-11 2.87638e-11 1.85931e-11 1.20508e-11 7.83715e-12 5.08712e-12 3.19003e-12 1.57628e-12 2.86952e-13 
6.16168e-13 1.17825e-12 1.88557e-12 2.98408e-12 4.86131e-12 8.17108e-12 1.40611e-11 2.45439e-11 4.3097e-11 7.55376e-11 1.31198e-10 2.24273e-10 3.75025e-10 6.10165e-10 9.61422e-10 1.46102e-09 2.13312e-09 2.98191e-09 3.9794e-09 5.05904e-09 6.12041e-09 7.04642e-09 7.72798e-09 8.08762e-09 8.09414e-09 7.76519e-09 7.15875e-09 6.3578e-09 5.45304e-09 4.52777e-09 3.6478e-09 2.85736e-09 2.17989e-09 1.62205e-09 1.17866e-09 8.3744e-10 5.82613e-10 3.9761e-10 2.66802e-10 1.76526e-10 1.15545e-10 7.5093e-11 4.86344e-11 3.1497e-11 2.04532e-11 1.33391e-11 8.71777e-12 5.60078e-12 3.19003e-12 1.00915e-12 1.00915e-12 
4.46294e-13 1.1257e-12 1.88557e-12 2.9355e-12 4.64228e-12 7.6046e-12 1.28547e-11 2.22129e-11 3.88709e-11 6.83068e-11 1.19612e-10 2.072e-10 3.52741e-10 5.86804e-10 9.49276e-10 1.48699e-09 2.24644e-09 3.2599e-09 4.52595e-09 5.99058e-09 7.53928e-09 9.00905e-09 1.02205e-08 1.10195e-08 1.13128e-08 1.10858e-08 1.03979e-08 9.36225e-09 8.11676e-09 6.79603e-09 5.51119e-09 4.33994e-09 3.3261e-09 2.48537e-09 1.81343e-09 1.29377e-09 9.03842e-10 6.19389e-10 4.17275e-10 2.77106e-10 1.81983e-10 1.18613e-10 7.70144e-11 4.99906e-11 3.25372e-11 2.12772e-11 1.39741e-11 9.12108e-12 5.60078e-12 2.60492e-12 4.74847e-13 
9.87548e-13 1.87449e-12 2.9355e-12 4.50862e-12 7.14036e-12 1.17458e-11 1.99284e-11 3.45198e-11 6.04835e-11 1.06295e-10 1.8588e-10 3.2109e-10 5.44394e-10 9.01078e-10 1.44959e-09 2.25751e-09 3.38963e-09 4.88522e-09 6.72711e-09 8.81406e-09 1.09544e-08 1.28935e-08 1.43709e-08 1.51866e-08 1.52496e-08 1.45919e-08 1.33489e-08 1.17159e-08 9.90079e-09 8.08459e-09 6.3996e-09 4.92466e-09 3.69258e-09 2.70283e-09 1.93433e-09 1.35562e-09 9.31962e-10 6.29852e-10 4.19564e-10 2.76339e-10 1.806e-10 1.17559e-10 7.64969e-11 4.99166e-11 3.27367e-11 2.15882e-11 1.4239e-11 9.12108e-12 5.08712e-12 1.60139e-12 1.60139e-12 
7.20462e-13 1.81078e-12 2.98408e-12 4.50862e-12 6.88424e-12 1.09213e-11 1.80122e-11 3.06121e-11 5.30746e-11 9.30075e-11 1.63319e-10 2.85035e-10 4.90779e-10 8.28467e-10 1.36415e-09 2.18193e-09 3.37694e-09 5.03542e-09 7.19793e-09 9.81204e-09 1.26957e-08 1.55396e-08 1.79641e-08 1.96153e-08 2.02617e-08 1.98514e-08 1.85103e-08 1.64905e-08 1.40949e-08 1.1607e-08 9.24531e-09 7.14792e-09 5.3795e-09 3.95005e-09 2.83514e-09 1.99252e-09 1.37364e-09 9.30916e-10 6.21782e-10 4.10586e-10 2.69003e-10 1.75532e-10 1.14507e-10 7.49229e-11 4.92891e-11 3.26323e-11 2.1685e-11 1.4239e-11 8.71777e-12 4.05661e-12 7.55598e-13 
1.61248e-12 3.03413e-12 4.64228e-12 6.88424e-12 1.04865e-11 1.66554e-11 2.74918e-11 4.67208e-11 8.09588e-11 1.41723e-10 2.48414e-10 4.32339e-10 7.41525e-10 1.24562e-09 2.03933e-09 3.24111e-09 4.98047e-09 7.36469e-09 1.04208e-08 1.40273e-08 1.78723e-08 2.14797e-08 2.43157e-08 2.59383e-08 2.61258e-08 2.4927e-08 2.26209e-08 1.96151e-08 1.63307e-08 1.31154e-08 1.02032e-08 7.71605e-09 5.68805e-09 4.09649e-09 2.88789e-09 1.99668e-09 1.35686e-09 9.0864e-10 6.01489e-10 3.9501e-10 2.58364e-10 1.68963e-10 1.10865e-10 7.31737e-11 4.86397e-11 3.25199e-11 2.1685e-11 1.39741e-11 7.83715e-12 2.49178e-12 2.49178e-12 
1.19272e-12 2.99189e-12 4.86131e-12 7.14036e-12 1.04865e-11 1.59568e-11 2.53439e-11 4.17946e-11 7.09126e-11 1.22638e-10 2.14186e-10 3.74338e-10 6.49044e-10 1.10791e-09 1.85043e-09 3.00955e-09 4.74722e-09 7.23143e-09 1.05816e-08 1.47808e-08 1.95856e-08 2.44911e-08 2.88066e-08 3.18362e-08 3.3092e-08 3.24386e-08 3.0107e-08 2.65853e-08 2.24535e-08 1.82349e-08 1.43093e-08 1.08951e-08 8.0759e-09 5.84306e-09 4.13564e-09 2.86952e-09 1.95623e-09 1.31379e-09 8.71961e-10 5.74029e-10 3.76349e-10 2.46744e-10 1.62367e-10 1.07534e-10 7.17774e-11 4.82562e-11 3.25199e-11 2.15882e-11 1.33391e-11 6.26249e-12 1.18099e-12 
2.70585e-12 5.06141e-12 7.6046e-12 1.09213e-11 1.59568e-11 2.42554e-11 3.84678e-11 6.32746e-11 1.0702e-10 1.84454e-10 3.2097e-10 5.58627e-10 9.63774e-10 1.63544e-09 2.71261e-09 4.37657e-09 6.83953e-09 1.03038e-08 1.48756e-08 2.04414e-08 2.65626e-08 3.24765e-08 3.72542e-08 4.00786e-08 4.05096e-08 3.86069e-08 3.48609e-08 2.99909e-08 2.47239e-08 1.96373e-08 1.50987e-08 1.12814e-08 8.21648e-09 5.84814e-09 4.07722e-09 2.79107e-09 1.88117e-09 1.25242e-09 8.26766e-10 5.43453e-10 3.57245e-10 2.35783e-10 1.56714e-10 1.0506e-10 7.1019e-11 4.82562e-11 3.26323e-11 2.12772e-11 1.20508e-11 3.85995e-12 3.85995e-12 
2.02626e-12 5.07516e-12 8.17108e-12 1.17458e-11 1.66554e-11 2.42554e-11 3.67998e-11 5.819e-11 9.53229e-11 1.60471e-10 2.75217e-10 4.76436e-10 8.24518e-10 1.41337e-09 2.38056e-09 3.91458e-09 6.25263e-09 9.65575e-09 1.43393e-08 2.0345e-08 2.73841e-08 3.4743e-08 4.13618e-08 4.61135e-08 4.81753e-08 4.72993e-08 4.38462e-08 3.8592e-08 3.24431e-08 2.61985e-08 2.04247e-08 1.54382e-08 1.13528e-08 8.14574e-09 5.71756e-09 3.93626e-09 2.6657e-09 1.78184e-09 1.18026e-09 7.78164e-10 5.13047e-10 3.39701e-10 2.26638e-10 1.52634e-10 1.03755e-10 7.1019e-11 4.86397e-11 3.27367e-11 2.04532e-11 9.6781e-12 1.83145e-12 
4.64808e-12 8.65675e-12 1.28547e-11 1.80122e-11 2.53439e-11 3.67998e-11 5.56639e-11 8.76299e-11 1.42737e-10 2.38775e-10 4.06803e-10 6.99349e-10 1.20128e-09 2.04215e-09 3.40724e-09 5.54178e-09 8.73819e-09 1.3287e-08 1.93669e-08 2.68726e-08 3.52468e-08 4.34468e-08 5.01539e-08 5.41843e-08 5.49012e-08 5.23966e-08 4.73668e-08 4.08016e-08 3.36762e-08 2.67629e-08 2.05649e-08 1.53344e-08 1.11309e-08 7.88843e-09 5.47417e-09 3.73157e-09 2.50775e-09 1.66848e-09 1.10423e-09 7.30571e-10 4.85485e-10 3.2524e-10 2.20116e-10 1.50504e-10 1.03755e-10 7.17774e-11 4.92891e-11 3.25372e-11 1.85931e-11 5.97802e-12 5.97802e-12 
3.51435e-12 8.77964e-12 1.40611e-11 1.99284e-11 2.74918e-11 3.84678e-11 5.56639e-11 8.38379e-11 1.31202e-10 2.12155e-10 3.5202e-10 5.94576e-10 1.01291e-09 1.72304e-09 2.89796e-09 4.77685e-09 7.66061e-09 1.18784e-08 1.77012e-08 2.51857e-08 3.39754e-08 4.31747e-08 5.14444e-08 5.73728e-08 5.99656e-08 5.89758e-08 5.48909e-08 4.86419e-08 4.12574e-08 3.36327e-08 2.64397e-08 2.0107e-08 1.48386e-08 1.06606e-08 7.48101e-09 5.14608e-09 3.48385e-09 2.33174e-09 1.55081e-09 1.03052e-09 6.87746e-10 4.62902e-10 3.14981e-10 2.16728e-10 1.50504e-10 1.0506e-10 7.31737e-11 4.99166e-11 3.1497e-11 1.49896e-11 2.83324e-12 
8.1089e-12 1.50555e-11 2.22129e-11 3.06121e-11 4.17946e-11 5.819e-11 8.38379e-11 1.25559e-10 1.95025e-10 3.12495e-10 5.13208e-10 8.57289e-10 1.44342e-09 2.42475e-09 4.02235e-09 6.52752e-09 1.02789e-08 1.5595e-08 2.26418e-08 3.12422e-08 4.07047e-08 4.98177e-08 5.71264e-08 6.14192e-08 6.21543e-08 5.95636e-08 5.44103e-08 4.76273e-08 4.00754e-08 3.24687e-08 2.53684e-08 1.9159e-08 1.40304e-08 1e-08 6.9656e-09 4.76322e-09 3.21376e-09 2.15145e-09 1.43766e-09 9.64524e-10 6.52776e-10 4.46923e-10 3.09665e-10 2.16728e-10 1.52634e-10 1.07534e-10 7.49229e-11 4.99906e-11 2.87638e-11 9.26399e-12 9.26399e-12 
6.16413e-12 1.5365e-11 2.45439e-11 3.45198e-11 4.67208e-11 6.32746e-11 8.76299e-11 1.25559e-10 1.86709e-10 2.8734e-10 4.55269e-10 7.3814e-10 1.21582e-09 2.01653e-09 3.33326e-09 5.4324e-09 8.64043e-09 1.329e-08 1.96074e-08 2.75422e-08 3.65918e-08 4.57403e-08 5.36426e-08 5.90477e-08 6.1251e-08 6.0282e-08 5.67226e-08 5.13327e-08 4.47888e-08 3.76615e-08 3.04816e-08 2.37495e-08 1.78535e-08 1.29992e-08 9.21071e-09 6.38471e-09 4.3546e-09 2.94063e-09 1.97936e-09 1.33676e-09 9.10752e-10 6.28066e-10 4.38653e-10 3.09665e-10 2.20116e-10 1.56714e-10 1.10865e-10 7.64969e-11 4.86344e-11 2.32327e-11 4.38257e-12 
1.42458e-11 2.63992e-11 3.88709e-11 5.30746e-11 7.09126e-11 9.53229e-11 1.31202e-10 1.86709e-10 2.75223e-10 4.18817e-10 6.54489e-10 1.04429e-09 1.68981e-09 2.74942e-09 4.45191e-09 7.09322e-09 1.09966e-08 1.64164e-08 2.33854e-08 3.15469e-08 4.00764e-08 4.78071e-08 5.35818e-08 5.66745e-08 5.70186e-08 5.50778e-08 5.14663e-08 4.66417e-08 4.08962e-08 3.45372e-08 2.79976e-08 2.17839e-08 1.63187e-08 1.18303e-08 8.3507e-09 5.77781e-09 3.94667e-09 2.6818e-09 1.82644e-09 1.25467e-09 8.72775e-10 6.1528e-10 4.38653e-10 3.14981e-10 2.26638e-10 1.62367e-10 1.14507e-10 7.70144e-11 4.4514e-11 1.43488e-11 1.43488e-11 
1.08298e-11 2.6974e-11 4.3097e-11 6.04835e-11 8.09588e-11 1.0702e-10 1.42737e-10 1.95025e-10 2.75223e-10 4.01397e-10 6.02499e-10 9.25707e-10 1.44791e-09 2.29112e-09 3.63831e-09 5.73915e-09 8.88673e-09 1.33419e-08 1.91969e-08 2.62146e-08 3.37371e-08 4.07762e-08 4.63145e-08 4.96895e-08 5.08272e-08 5.01528e-08 4.82123e-08 4.53123e-08 4.14773e-08 3.66912e-08 3.11455e-08 2.52787e-08 1.96351e-08 1.46629e-08 1.0598e-08 7.47112e-09 5.17977e-09 3.56284e-09 2.45252e-09 1.70213e-09 1.19668e-09 8.53124e-10 6.1528e-10 4.46923e-10 3.2524e-10 2.35783e-10 1.68963e-10 1.17559e-10 7.5093e-11 3.59449e-11 6.77614e-12 
2.49815e-11 4.63079e-11 6.83068e-11 9.30075e-11 1.22638e-10 1.60471e-10 2.12155e-10 2.8734e-10 4.01397e-10 5.77861e-10 8.52967e-10 1.28353e-09 1.95858e-09 3.01373e-09 4.64215e-09 7.08741e-09 1.05943e-08 1.52986e-08 2.10762e-08 2.74319e-08 3.35475e-08 3.85345e-08 4.17947e-08 4.32723e-08 4.33999e-08 4.27259e-08 4.14966e-08 3.95637e-08 3.66413e-08 3.26263e-08 2.77476e-08 2.24923e-08 1.74206e-08 1.29716e-08 9.36376e-09 6.61542e-09 4.62085e-09 3.22373e-09 2.26619e-09 1.61428e-09 1.16666e-09 8.53124e-10 6.28066e-10 4.62902e-10 3.39701e-10 2.46744e-10 1.75532e-10 1.18613e-10 6.86948e-11 2.2161e-11 2.2161e-11 
1.8887e-11 4.71297e-11 7.55376e-11 1.06295e-10 1.41723e-10 1.84454e-10 2.38775e-10 3.12495e-10 4.18817e-10 5.77861e-10 8.18793e-10 1.18411e-09 1.73688e-09 2.57091e-09 3.82153e-09 5.66937e-09 8.31834e-09 1.19232e-08 1.64633e-08 2.16189e-08 2.67598e-08 3.11261e-08 3.415e-08 3.57425e-08 3.63207e-08 3.64661e-08 3.64434e-08 3.60312e-08 3.47829e-08 3.23831e-08 2.88322e-08 2.44464e-08 1.97328e-08 1.52228e-08 1.13106e-08 8.17745e-09 5.82051e-09 4.12791e-09 2.94794e-09 2.13432e-09 1.56875e-09 1.16666e-09 8.72775e-10 6.52776e-10 4.85485e-10 3.57245e-10 2.58364e-10 1.806e-10 1.15545e-10 5.5329e-11 1.04576e-11 
4.33585e-11 8.0652e-11 1.19612e-10 1.63319e-10 2.14186e-10 2.75217e-10 3.5202e-10 4.55269e-10 6.02499e-10 8.18793e-10 1.13782e-09 1.60484e-09 2.28194e-09 3.25502e-09 4.64018e-09 6.58116e-09 9.2173e-09 1.2601e-08 1.65826e-08 2.07492e-08 2.45103e-08 2.73376e-08 2.9049e-08 2.99435e-08 3.05832e-08 3.12988e-08 3.18995e-08 3.18819e-08 3.08203e-08 2.85691e-08 2.52655e-08 2.12683e-08 1.70567e-08 1.31008e-08 9.73088e-09 7.08056e-09 5.11954e-09 3.72607e-09 2.75222e-09 2.06585e-09 1.56875e-09 1.19668e-09 9.10752e-10 6.87746e-10 5.13047e-10 3.76349e-10 2.69003e-10 1.81983e-10 1.05336e-10 3.40309e-11 3.40309e-11 
3.24149e-11 8.13337e-11 1.31198e-10 1.8588e-10 2.48414e-10 3.2097e-10 4.06803e-10 5.13208e-10 6.54489e-10 8.52967e-10 1.13782e-09 1.54394e-09 2.11265e-09 2.89415e-09 3.95137e-09 5.3645e-09 7.22783e-09 9.61678e-09 1.25099e-08 1.57085e-08 1.88408e-08 2.14897e-08 2.34028e-08 2.46693e-08 2.56821e-08 2.67874e-08 2.79177e-08 2.86363e-08 2.84915e-08 2.72673e-08 2.49917e-08 2.18645e-08 1.82272e-08 1.45049e-08 1.10989e-08 8.27393e-09 6.11097e-09 4.54523e-09 3.4395e-09 2.65031e-09 2.06585e-09 1.61428e-09 1.25467e-09 9.64524e-10 7.30571e-10 5.43453e-10 3.9501e-10 2.76339e-10 1.76526e-10 8.44385e-11 1.60737e-11 
7.39002e-11 1.38481e-10 2.072e-10 2.85035e-10 3.74338e-10 4.76436e-10 5.94576e-10 7.3814e-10 9.25707e-10 1.18411e-09 1.54394e-09 2.03534e-09 2.68638e-09 3.52413e-09 4.57892e-09 5.89238e-09 7.51842e-09 9.49346e-09 1.17779e-08 1.42213e-08 1.65963e-08 1.86874e-08 2.04043e-08 2.18475e-08 2.32092e-08 2.45224e-08 2.55353e-08 2.58779e-08 2.53188e-08 2.38388e-08 2.15429e-08 1.86146e-08 1.53458e-08 1.21098e-08 9.25262e-09 6.97853e-09 5.30932e-09 4.13224e-09 3.28957e-09 2.65031e-09 2.13432e-09 1.70213e-09 1.33676e-09 1.03052e-09 7.78164e-10 5.74029e-10 4.10586e-10 2.77106e-10 1.59914e-10 5.17975e-11 5.17975e-11 
5.43225e-11 1.37638e-10 2.24273e-10 3.2109e-10 4.32339e-10 5.58627e-10 6.99349e-10 8.57289e-10 1.04429e-09 1.28353e-09 1.60484e-09 2.03534e-09 2.59238e-09 3.2824e-09 4.1052e-09 5.06424e-09 6.17902e-09 7.48491e-09 9.01294e-09 1.07677e-08 1.27229e-08 1.48093e-08 1.68967e-08 1.88315e-08 2.0517e-08 2.1914e-08 2.29351e-08 2.3397e-08 2.31354e-08 2.21301e-08 2.04635e-08 1.82265e-08 1.55409e-08 1.26497e-08 9.89691e-09 7.59539e-09 5.89143e-09 4.72471e-09 3.9144e-09 3.28957e-09 2.75222e-09 2.26619e-09 1.82644e-09 1.43766e-09 1.10423e-09 8.26766e-10 6.01489e-10 4.19564e-10 2.66802e-10 1.27323e-10 2.45406e-11 
1.22796e-10 2.32866e-10 3.52741e-10 4.90779e-10 6.49044e-10 8.24518e-10 1.01291e-09 1.21582e-09 1.44791e-09 1.73688e-09 2.11265e-09 2.59238e-09 3.17386e-09 3.84098e-09 4.57736e-09 5.38156e-09 6.27325e-09 7.29102e-09 8.49543e-09 9.98175e-09 1.18453e-08 1.40562e-08 1.63789e-08 1.84738e-08 2.00805e-08 2.10879e-08 2.14624e-08 2.11879e-08 2.03102e-08 1.89511e-08 1.72084e-08 1.51011e-08 1.26781e-08 1.01571e-08 7.88805e-09 6.17405e-09 5.08031e-09 4.41207e-09 3.9144e-09 3.4395e-09 2.94794e-09 2.45252e-09 1.97936e-09 1.55081e-09 1.18026e-09 8.71961e-10 6.21782e-10 4.17275e-10 2.39537e-10 7.79069e-11 7.79069e-11 
8.82808e-11 2.26911e-10 3.75025e-10 5.44394e-10 7.41525e-10 9.63774e-10 1.20128e-09 1.44342e-09 1.68981e-09 1.95858e-09 2.28194e-09 2.68638e-09 3.17386e-09 3.72271e-09 4.30691e-09 4.91736e-09 5.56951e-09 6.3011e-09 7.17648e-09 8.31183e-09 9.87674e-09 1.1971e-08 1.44442e-08 1.68951e-08 1.88708e-08 2.00724e-08 2.04225e-08 1.99989e-08 1.89626e-08 1.75369e-08 1.59251e-08 1.4182e-08 1.22268e-08 1.00485e-08 7.87719e-09 6.11856e-09 5.07506e-09 4.63614e-09 4.41207e-09 4.13224e-09 3.72607e-09 3.22373e-09 2.6818e-09 2.15145e-09 1.66848e-09 1.25242e-09 9.0864e-10 6.29852e-10 3.9761e-10 1.89109e-10 3.71101e-11 
1.97662e-10 3.81233e-10 5.86804e-10 8.28467e-10 1.10791e-09 1.41337e-09 1.72304e-09 2.01653e-09 2.29112e-09 2.57091e-09 2.89415e-09 3.2824e-09 3.72271e-09 4.18493e-09 4.65396e-09 5.14568e-09 5.70625e-09 6.40815e-09 7.35866e-09 8.71559e-09 1.06288e-08 1.30725e-08 1.57375e-08 1.81285e-08 1.97708e-08 2.03872e-08 1.99651e-08 1.87009e-08 1.69252e-08 1.50096e-08 1.31992e-08 1.14729e-08 9.64071e-09 7.65676e-09 5.82281e-09 4.67965e-09 4.44797e-09 4.63614e-09 4.72471e-09 4.54523e-09 4.12791e-09 3.56284e-09 2.94063e-09 2.33174e-09 1.78184e-09 1.31379e-09 9.30916e-10 6.19389e-10 3.52965e-10 1.15466e-10 1.15466e-10 
1.3831e-10 3.6234e-10 6.10165e-10 9.01078e-10 1.24562e-09 1.63544e-09 2.04215e-09 2.42475e-09 2.74942e-09 3.01373e-09 3.25502e-09 3.52413e-09 3.84098e-09 4.18493e-09 4.53176e-09 4.88819e-09 5.30358e-09 5.86747e-09 6.69827e-09 7.93855e-09 9.73195e-09 1.21206e-08 1.49186e-08 1.76998e-08 1.99289e-08 2.11374e-08 2.10866e-08 1.98401e-08 1.77242e-08 1.52324e-08 1.28591e-08 1.08651e-08 9.13156e-09 7.35754e-09 5.50058e-09 4.05646e-09 3.79831e-09 4.44797e-09 5.08031e-09 5.30932e-09 5.11954e-09 4.62085e-09 3.94667e-09 3.21376e-09 2.50775e-09 1.88117e-09 1.35686e-09 9.31962e-10 5.82613e-10 2.7593e-10 5.54118e-11 
3.06569e-10 6.04495e-10 9.49276e-10 1.36415e-09 1.85043e-09 2.38056e-09 2.89796e-09 3.33326e-09 3.63831e-09 3.82153e-09 3.95137e-09 4.1052e-09 4.30691e-09 4.53176e-09 4.76196e-09 5.0288e-09 5.42702e-09 6.09973e-09 7.20676e-09 8.89608e-09 1.12458e-08 1.4162e-08 1.73159e-08 2.01903e-08 2.22138e-08 2.2922e-08 2.21288e-08 2.00067e-08 1.70401e-08 1.3877e-08 1.1099e-08 8.94889e-09 7.18177e-09 5.38741e-09 3.60728e-09 2.85027e-09 3.79831e-09 5.07506e-09 5.89143e-09 6.11097e-09 5.82051e-09 5.17977e-09 4.3546e-09 3.48385e-09 2.6657e-09 1.95623e-09 1.37364e-09 9.03842e-10 5.10376e-10 1.68218e-10 1.68218e-10 
2.07922e-10 5.57703e-10 9.61422e-10 1.44959e-09 2.03933e-09 2.71261e-09 3.40724e-09 4.02235e-09 4.45191e-09 4.64215e-09 4.64018e-09 4.57892e-09 4.57736e-09 4.65396e-09 4.76196e-09 4.88467e-09 5.09146e-09 5.53767e-09 6.42043e-09 7.92192e-09 1.01635e-08 1.31329e-08 1.66027e-08 2.01149e-08 2.30569e-08 2.48031e-08 2.48963e-08 2.32449e-08 2.01937e-08 1.6419e-08 1.26977e-08 9.6477e-09 7.43618e-09 5.64319e-09 3.77833e-09 2.21285e-09 2.85027e-09 4.67965e-09 6.17405e-09 6.97853e-09 7.08056e-09 6.61542e-09 5.77781e-09 4.76322e-09 3.73157e-09 2.79107e-09 1.99668e-09 1.35562e-09 8.3744e-10 3.94661e-10 8.14453e-11 
4.56183e-10 9.2422e-10 1.48699e-09 2.18193e-09 3.00955e-09 3.91458e-09 4.77685e-09 5.4324e-09 5.73915e-09 5.66937e-09 5.3645e-09 5.06424e-09 4.91736e-09 4.88819e-09 4.88467e-09 4.90686e-09 5.08652e-09 5.64971e-09 6.83407e-09 8.81627e-09 1.16674e-08 1.52786e-08 1.92949e-08 2.31243e-08 2.60363e-08 2.73407e-08 2.6629e-08 2.39894e-08 2.00105e-08 1.556e-08 1.14929e-08 8.40607e-09 6.30453e-09 4.55254e-09 2.74131e-09 2.21285e-09 4.05646e-09 6.11856e-09 7.59539e-09 8.27393e-09 8.17745e-09 7.47112e-09 6.38471e-09 5.14608e-09 3.93626e-09 2.86952e-09 1.99252e-09 1.29377e-09 7.22768e-10 2.40373e-10 2.40373e-10 
2.98859e-10 8.2413e-10 1.46102e-09 2.25751e-09 3.24111e-09 4.37657e-09 5.54178e-09 6.52752e-09 7.09322e-09 7.08741e-09 6.58116e-09 5.89238e-09 5.38156e-09 5.14568e-09 5.0288e-09 4.90686e-09 4.83383e-09 5.02711e-09 5.77983e-09 7.33872e-09 9.8464e-09 1.33152e-08 1.75404e-08 2.20307e-08 2.60359e-08 2.86922e-08 2.9286e-08 2.75613e-08 2.38874e-08 1.91168e-08 1.42443e-08 1.01431e-08 7.33197e-09 5.54446e-09 3.97429e-09 2.74131e-09 3.60728e-09 5.82281e-09 7.88805e-09 9.25262e-09 9.73088e-09 9.36376e-09 8.3507e-09 6.9656e-09 5.47417e-09 4.07722e-09 2.88789e-09 1.93433e-09 1.17866e-09 5.52381e-10 1.1747e-10 
6.49213e-10 1.35735e-09 2.24644e-09 3.37694e-09 4.74722e-09 6.25263e-09 7.66061e-09 8.64043e-09 8.88673e-09 8.31834e-09 7.22783e-09 6.17902e-09 5.56951e-09 5.30357e-09 5.09146e-09 4.83383e-09 4.67755e-09 4.93695e-09 5.94382e-09 7.91041e-09 1.0935e-08 1.49726e-08 1.97051e-08 2.44726e-08 2.8352e-08 3.03945e-08 2.99887e-08 2.71638e-08 2.26093e-08 1.73545e-08 1.24225e-08 8.6756e-09 6.47993e-09 5.16116e-09 3.97429e-09 3.77833e-09 5.50058e-09 7.87719e-09 9.89691e-09 1.10989e-08 1.13106e-08 1.0598e-08 9.21071e-09 7.48101e-09 5.71756e-09 4.13564e-09 2.83514e-09 1.81343e-09 1.00091e-09 3.36235e-10 3.36235e-10 
4.09794e-10 1.1657e-09 2.13312e-09 3.38963e-09 4.98047e-09 6.83953e-09 8.73819e-09 1.02789e-08 1.09966e-08 1.05943e-08 9.2173e-09 7.51842e-09 6.27325e-09 5.70625e-09 5.42702e-09 5.08652e-09 4.67755e-09 4.46412e-09 4.84514e-09 6.13534e-09 8.48676e-09 1.19626e-08 1.64362e-08 2.14263e-08 2.6087e-08 2.9386e-08 3.04423e-08 2.89096e-08 2.51624e-08 2.01085e-08 1.47998e-08 1.0235e-08 7.29562e-09 5.98988e-09 5.16116e-09 4.55254e-09 5.38741e-09 7.65676e-09 1.01571e-08 1.21098e-08 1.31008e-08 1.29716e-08 1.18303e-08 1e-08 7.88843e-09 5.84814e-09 4.09649e-09 2.70283e-09 1.62205e-09 7.55499e-10 1.65757e-10 
8.81863e-10 1.90892e-09 3.2599e-09 5.03542e-09 7.23143e-09 9.65575e-09 1.18784e-08 1.329e-08 1.33419e-08 1.19232e-08 9.61678e-09 7.48491e-09 6.3011e-09 5.86747e-09 5.53767e-09 5.02711e-09 4.46412e-09 4.22983e-09 4.76387e-09 6.30967e-09 8.97025e-09 1.27566e-08 1.73893e-08 2.21944e-08 2.62185e-08 2.84961e-08 2.84001e-08 2.5928e-08 2.17013e-08 1.66517e-08 1.17409e-08 8.03674e-09 6.4018e-09 5.98988e-09 5.54446e-09 5.64319e-09 7.35754e-09 1.00485e-08 1.26497e-08 1.45049e-08 1.52228e-08 1.46629e-08 1.29992e-08 1.06606e-08 8.14574e-09 5.84306e-09 3.95005e-09 2.48537e-09 1.35375e-09 4.59574e-10 4.59574e-10 
5.35465e-10 1.57502e-09 2.98191e-09 4.88522e-09 7.36469e-09 1.03038e-08 1.3287e-08 1.5595e-08 1.64164e-08 1.52986e-08 1.2601e-08 9.49346e-09 7.29102e-09 6.40815e-09 6.09973e-09 5.64971e-09 4.93695e-09 4.22983e-09 4.00059e-09 4.66937e-09 6.39412e-09 9.23428e-09 1.30697e-08 1.74186e-08 2.14974e-08 2.44305e-08 2.55064e-08 2.44358e-08 2.14802e-08 1.73137e-08 1.27272e-08 8.66729e-09 6.50886e-09 6.4018e-09 6.47993e-09 6.30453e-09 7.18177e-09 9.64071e-09 1.26781e-08 1.53458e-08 1.70567e-08 1.74206e-08 1.63187e-08 1.40304e-08 1.11309e-08 8.21648e-09 5.68805e-09 3.69258e-09 2.17989e-09 1.0085e-09 2.28192e-10 
1.14233e-09 2.56461e-09 4.52595e-09 7.19793e-09 1.05816e-08 1.43393e-08 1.77012e-08 1.96074e-08 1.91969e-08 1.64633e-08 1.25099e-08 9.01294e-09 7.17648e-09 6.69827e-09 6.42043e-09 5.77983e-09 4.84514e-09 4.00059e-09 3.77023e-09 4.51185e-09 6.30933e-09 9.12239e-09 1.26289e-08 1.62204e-08 1.91853e-08 2.08888e-08 2.09378e-08 1.93159e-08 1.63901e-08 1.27148e-08 8.95485e-09 6.46222e-09 6.50886e-09 7.29562e-09 7.33197e-09 7.43618e-09 9.13156e-09 1.22268e-08 1.55409e-08 1.82272e-08 1.97328e-08 1.96351e-08 1.78535e-08 1.48386e-08 1.13528e-08 8.0759e-09 5.3795e-09 3.3261e-09 1.78625e-09 6.12735e-10 6.12735e-10 
6.66778e-10 2.03056e-09 3.9794e-09 6.72711e-09 1.04208e-08 1.48756e-08 1.93669e-08 2.26418e-08 2.33854e-08 2.10762e-08 1.65826e-08 1.17779e-08 8.49543e-09 7.35866e-09 7.20676e-09 6.83407e-09 5.94382e-09 4.76387e-09 3.77023e-09 3.50542e-09 4.24581e-09 5.98174e-09 8.49749e-09 1.13211e-08 1.38868e-08 1.56875e-08 1.63614e-08 1.57697e-08 1.40483e-08 1.15298e-08 8.61263e-09 6.2814e-09 6.46222e-09 8.03674e-09 8.6756e-09 8.40607e-09 8.94889e-09 1.14729e-08 1.51011e-08 1.86146e-08 2.12683e-08 2.24923e-08 2.17839e-08 1.9159e-08 1.53344e-08 1.12814e-08 7.71605e-09 4.92466e-09 2.85736e-09 1.31236e-09 3.05757e-10 
1.41127e-09 3.28639e-09 5.99058e-09 9.81204e-09 1.47808e-08 2.0345e-08 2.51857e-08 2.75422e-08 2.62146e-08 2.16189e-08 1.57085e-08 1.07677e-08 8.31183e-09 7.93855e-09 7.92192e-09 7.33872e-09 6.13534e-09 4.66937e-09 3.50542e-09 3.17652e-09 3.85084e-09 5.37312e-09 7.36624e-09 9.35529e-09 1.093e-08 1.17971e-08 1.18023e-08 1.09674e-08 9.47888e-09 7.57766e-09 5.85757e-09 6.2814e-09 8.66729e-09 1.0235e-08 1.01431e-08 9.6477e-09 1.08651e-08 1.4182e-08 1.82265e-08 2.18645e-08 2.44464e-08 2.52787e-08 2.37495e-08 2.0107e-08 1.54382e-08 1.08951e-08 7.14792e-09 4.33994e-09 2.29663e-09 7.95564e-10 7.95564e-10 
7.92051e-10 2.49751e-09 5.05904e-09 8.81406e-09 1.40273e-08 2.04414e-08 2.68726e-08 3.12422e-08 3.15469e-08 2.74319e-08 2.07492e-08 1.42213e-08 9.98175e-09 8.71559e-09 8.89608e-09 8.81627e-09 7.91041e-09 6.30967e-09 4.51185e-09 3.17652e-09 2.78289e-09 3.34115e-09 4.5367e-09 5.93695e-09 7.16883e-09 7.98369e-09 8.24469e-09 7.93282e-09 7.15991e-09 6.10877e-09 5.14046e-09 5.85757e-09 8.95485e-09 1.17409e-08 1.24225e-08 1.14929e-08 1.1099e-08 1.31992e-08 1.72084e-08 2.15429e-08 2.52655e-08 2.77476e-08 2.79976e-08 2.53684e-08 2.05649e-08 1.50987e-08 1.02032e-08 6.3996e-09 3.6478e-09 1.6627e-09 3.97972e-10 
1.66449e-09 4.01431e-09 7.53928e-09 1.26957e-08 1.95856e-08 2.73841e-08 3.39754e-08 3.65918e-08 3.37371e-08 2.67598e-08 1.88408e-08 1.27229e-08 9.87674e-09 9.73195e-09 1.01635e-08 9.8464e-09 8.48676e-09 6.39412e-09 4.24581e-09 2.78289e-09 2.35455e-09 2.77265e-09 3.61863e-09 4.50198e-09 5.17145e-09 5.49826e-09 5.44951e-09 5.09596e-09 4.59962e-09 4.23359e-09 5.14046e-09 8.61263e-09 1.27272e-08 1.47998e-08 1.42443e-08 1.26977e-08 1.28591e-08 1.59251e-08 2.04635e-08 2.49917e-08 2.88322e-08 3.11455e-08 3.04816e-08 2.64397e-08 2.04247e-08 1.43093e-08 9.24531e-09 5.51119e-09 2.87335e-09 1.00436e-09 1.00436e-09 
8.99075e-10 2.93259e-09 6.12041e-09 1.09544e-08 1.78723e-08 2.65626e-08 3.52468e-08 4.07047e-08 4.00764e-08 3.35475e-08 2.45103e-08 1.65963e-08 1.18453e-08 1.06288e-08 1.12458e-08 1.16674e-08 1.0935e-08 8.97025e-09 6.30933e-09 3.85084e-09 2.35455e-09 1.93804e-09 2.22452e-09 2.77245e-09 3.27644e-09 3.58619e-09 3.65621e-09 3.52845e-09 3.33795e-09 3.31828e-09 4.23359e-09 7.57766e-09 1.27148e-08 1.66517e-08 1.73545e-08 1.556e-08 1.3877e-08 1.50096e-08 1.89511e-08 2.38388e-08 2.85691e-08 3.26263e-08 3.45372e-08 3.24687e-08 2.67629e-08 1.96373e-08 1.31154e-08 8.08459e-09 4.52777e-09 2.04819e-09 5.02443e-10 
1.8772e-09 4.67553e-09 9.00905e-09 1.55396e-08 2.44911e-08 3.4743e-08 4.31747e-08 4.57403e-08 4.07762e-08 3.11261e-08 2.14897e-08 1.48093e-08 1.1971e-08 1.21206e-08 1.31329e-08 1.33152e-08 1.19626e-08 9.23428e-09 5.98174e-09 3.34115e-09 1.93804e-09 1.57444e-09 1.7556e-09 2.08275e-09 2.34121e-09 2.45784e-09 2.44961e-09 2.41523e-09 2.53956e-09 3.31828e-09 6.10877e-09 1.15298e-08 1.73137e-08 2.01085e-08 1.91168e-08 1.6419e-08 1.52324e-08 1.75369e-08 2.21301e-08 2.72673e-08 3.23831e-08 3.66912e-08 3.76615e-08 3.36327e-08 2.61985e-08 1.82349e-08 1.1607e-08 6.79603e-09 3.49255e-09 1.23112e-09 1.23112e-09 
9.77357e-10 3.29179e-09 7.04642e-09 1.28935e-08 2.14797e-08 3.24765e-08 4.34468e-08 4.98177e-08 4.78071e-08 3.85345e-08 2.73376e-08 1.86874e-08 1.40562e-08 1.30725e-08 1.4162e-08 1.52786e-08 1.49726e-08 1.27566e-08 9.12239e-09 5.37312e-09 2.77265e-09 1.57444e-09 1.28009e-09 1.38115e-09 1.55931e-09 1.68143e-09 1.73373e-09 1.77896e-09 1.9456e-09 2.53956e-09 4.59962e-09 9.47888e-09 1.63901e-08 2.17013e-08 2.26093e-08 2.00105e-08 1.70401e-08 1.69252e-08 2.03102e-08 2.53188e-08 3.08203e-08 3.66413e-08 4.08962e-08 4.00754e-08 3.36762e-08 2.47239e-08 1.63307e-08 9.90079e-09 5.45304e-09 2.44963e-09 6.14644e-10 
2.02846e-09 5.19827e-09 1.02205e-08 1.79641e-08 2.88066e-08 4.13618e-08 5.14444e-08 5.36426e-08 4.63145e-08 3.415e-08 2.34028e-08 1.68967e-08 1.44442e-08 1.49186e-08 1.66027e-08 1.75404e-08 1.64362e-08 1.30697e-08 8.49749e-09 4.5367e-09 2.22452e-09 1.28009e-09 1.04487e-09 1.08447e-09 1.17352e-09 1.24592e-09 1.3292e-09 1.5039e-09 1.9456e-09 3.33795e-09 7.15991e-09 1.40483e-08 2.14802e-08 2.51624e-08 2.38874e-08 2.01937e-08 1.77242e-08 1.89626e-08 2.31354e-08 2.84915e-08 3.47829e-08 4.14773e-08 4.47888e-08 4.12574e-08 3.24431e-08 2.24535e-08 1.40949e-08 8.11676e-09 4.11705e-09 1.46339e-09 1.46339e-09 
1.01983e-09 3.53852e-09 7.72798e-09 1.43709e-08 2.43157e-08 3.72542e-08 5.01539e-08 5.71264e-08 5.35818e-08 4.17947e-08 2.9049e-08 2.04043e-08 1.63789e-08 1.57375e-08 1.73159e-08 1.92949e-08 1.97051e-08 1.73893e-08 1.26289e-08 7.36624e-09 3.61863e-09 1.7556e-09 1.04487e-09 8.4554e-10 8.41031e-10 8.9366e-10 9.85231e-10 1.15753e-09 1.5039e-09 2.41523e-09 5.09596e-09 1.09674e-08 1.93159e-08 2.5928e-08 2.71638e-08 2.39894e-08 2.00067e-08 1.87009e-08 2.11879e-08 2.58779e-08 3.18819e-08 3.95637e-08 4.66417e-08 4.76273e-08 4.08016e-08 2.99909e-08 1.96151e-08 1.17159e-08 6.3578e-09 2.84025e-09 7.28003e-10 
2.1046e-09 5.52613e-09 1.10195e-08 1.96153e-08 3.18362e-08 4.61135e-08 5.73728e-08 5.90477e-08 4.96895e-08 3.57425e-08 2.46693e-08 1.88315e-08 1.68951e-08 1.76998e-08 2.01149e-08 2.20307e-08 2.14263e-08 1.74186e-08 1.13211e-08 5.93695e-09 2.77245e-09 1.38115e-09 8.4554e-10 6.61021e-10 6.35247e-10 7.02803e-10 8.64252e-10 1.15753e-09 1.77896e-09 3.52845e-09 7.93282e-09 1.57697e-08 2.44358e-08 2.89096e-08 2.75613e-08 2.32449e-08 1.98401e-08 1.99989e-08 2.3397e-08 2.86363e-08 3.60312e-08 4.53123e-08 5.13327e-08 4.86419e-08 3.8592e-08 2.65853e-08 1.64905e-08 9.36225e-09 4.6978e-09 1.68492e-09 1.68492e-09 
1.02368e-09 3.64991e-09 8.08762e-09 1.51866e-08 2.59383e-08 4.00786e-08 5.41843e-08 6.14192e-08 5.66745e-08 4.32723e-08 2.99435e-08 2.18475e-08 1.84738e-08 1.81285e-08 2.01903e-08 2.31243e-08 2.44726e-08 2.21944e-08 1.62204e-08 9.35529e-09 4.50198e-09 2.08275e-09 1.08447e-09 6.61021e-10 4.80369e-10 4.67684e-10 6.02248e-10 8.64252e-10 1.3292e-09 2.44961e-09 5.44951e-09 1.18023e-08 2.09378e-08 2.84001e-08 2.99887e-08 2.6629e-08 2.21288e-08 1.99651e-08 2.14624e-08 2.55353e-08 3.18995e-08 4.14966e-08 5.14663e-08 5.44103e-08 4.73668e-08 3.48609e-08 2.26209e-08 1.33489e-08 7.15875e-09 3.18778e-09 8.34361e-10 
2.10084e-09 5.62843e-09 1.13128e-08 2.02617e-08 3.3092e-08 4.81753e-08 5.99656e-08 6.1251e-08 5.08272e-08 3.63207e-08 2.56821e-08 2.0517e-08 1.88708e-08 1.99289e-08 2.30569e-08 2.60359e-08 2.6087e-08 2.14974e-08 1.38868e-08 7.16883e-09 3.27644e-09 1.55931e-09 8.41031e-10 4.80369e-10 3.03561e-10 3.62208e-10 6.02248e-10 9.85231e-10 1.73373e-09 3.65621e-09 8.24469e-09 1.63614e-08 2.55064e-08 3.04423e-08 2.9286e-08 2.48963e-08 2.10866e-08 2.04225e-08 2.29351e-08 2.79177e-08 3.64434e-08 4.82123e-08 5.67226e-08 5.48909e-08 4.38462e-08 3.0107e-08 1.85103e-08 1.03979e-08 5.17865e-09 1.87712e-09 1.87712e-09 
9.90329e-10 3.61975e-09 8.09414e-09 1.52496e-08 2.61258e-08 4.05096e-08 5.49012e-08 6.21543e-08 5.70186e-08 4.33999e-08 3.05832e-08 2.32092e-08 2.00805e-08 1.97708e-08 2.22138e-08 2.60363e-08 2.8352e-08 2.62185e-08 1.91853e-08 1.093e-08 5.17145e-09 2.34121e-09 1.17352e-09 6.35247e-10 3.03561e-10 1.50138e-10 3.62208e-10 7.02803e-10 1.24592e-09 2.45784e-09 5.49826e-09 1.17971e-08 2.08888e-08 2.84961e-08 3.03945e-08 2.73407e-08 2.2922e-08 2.03872e-08 2.10879e-08 2.45224e-08 3.12988e-08 4.27259e-08 5.50778e-08 5.95636e-08 5.23966e-08 3.86069e-08 2.4927e-08 1.45919e-08 7.76519e-09 3.45803e-09 9.24736e-10 
2.02122e-09 5.50401e-09 1.10858e-08 1.98514e-08 3.24386e-08 4.72993e-08 5.89758e-08 6.0282e-08 5.01528e-08 3.64661e-08 2.67874e-08 2.1914e-08 2.00724e-08 2.11374e-08 2.48031e-08 2.86922e-08 2.9386e-08 2.44305e-08 1.56875e-08 7.98369e-09 3.58619e-09 1.68143e-09 8.9366e-10 4.67684e-10 1.50138e-10 1.50138e-10 4.67684e-10 8.9366e-10 1.68143e-09 3.58619e-09 7.98369e-09 1.56875e-08 2.44305e-08 2.9386e-08 2.86922e-08 2.48031e-08 2.11374e-08 2.00724e-08 2.1914e-08 2.67874e-08 3.64661e-08 5.01528e-08 6.0282e-08 5.89758e-08 4.72993e-08 3.24386e-08 1.98514e-08 1.10858e-08 5.50401e-09 2.02122e-09 2.02122e-09 
9.24736e-10 3.45803e-09 7.76519e-09 1.45919e-08 2.4927e-08 3.86069e-08 5.23966e-08 5.95636e-08 5.50778e-08 4.27259e-08 3.12988e-08 2.45224e-08 2.10879e-08 2.03872e-08 2.2922e-08 2.73407e-08 3.03945e-08 2.84961e-08 2.08888e-08 1.17971e-08 5.49826e-09 2.45784e-09 1.24592e-09 7.02803e-10 3.62208e-10 1.50138e-10 3.03561e-10 6.35247e-10 1.17352e-09 2.34121e-09 5.17145e-09 1.093e-08 1.91853e-08 2.62185e-08 2.8352e-08 2.60363e-08 2.22138e-08 1.97708e-08 2.00805e-08 2.32092e-08 3.05832e-08 4.33999e-08 5.70186e-08 6.21543e-08 5.49012e-08 4.05096e-08 2.61258e-08 1.52496e-08 8.09414e-09 3.61975e-09 9.90329e-10 
1.87712e-09 5.17865e-09 1.03979e-08 1.85103e-08 3.0107e-08 4.38462e-08 5.48909e-08 5.67226e-08 4.82123e-08 3.64434e-08 2.79177e-08 2.29351e-08 2.04225e-08 2.10866e-08 2.48963e-08 2.9286e-08 3.04423e-08 2.55064e-08 1.63614e-08 8.24469e-09 3.65621e-09 1.73373e-09 9.85231e-10 6.02248e-10 3.62208e-10 3.03561e-10 4.80369e-10 8.41031e-10 1.55931e-09 3.27644e-09 7.16883e-09 1.38868e-08 2.14974e-08 2.6087e-08 2.60359e-08 2.30569e-08 1.99289e-08 1.88708e-08 2.0517e-08 2.56821e-08 3.63207e-08 5.08272e-08 6.1251e-08 5.99656e-08 4.81753e-08 3.3092e-08 2.02617e-08 1.13128e-08 5.62843e-09 2.10084e-09 2.10084e-09 
8.34361e-10 3.18778e-09 7.15875e-09 1.33489e-08 2.26209e-08 3.48609e-08 4.73668e-08 5.44103e-08 5.14663e-08 4.14966e-08 3.18995e-08 2.55353e-08 2.14624e-08 1.99651e-08 2.21288e-08 2.6629e-08 2.99887e-08 2.84001e-08 2.09378e-08 1.18023e-08 5.44951e-09 2.44961e-09 1.3292e-09 8.64252e-10 6.02248e-10 4.67684e-10 4.80369e-10 6.61021e-10 1.08447e-09 2.08275e-09 4.50198e-09 9.35529e-09 1.62204e-08 2.21944e-08 2.44726e-08 2.31243e-08 2.01903e-08 1.81285e-08 1.84738e-08 2.18475e-08 2.99435e-08 4.32723e-08 5.66745e-08 6.14192e-08 5.41843e-08 4.00786e-08 2.59383e-08 1.51866e-08 8.08762e-09 3.64991e-09 1.02368e-09 
1.68492e-09 4.6978e-09 9.36225e-09 1.64905e-08 2.65853e-08 3.8592e-08 4.86419e-08 5.13327e-08 4.53123e-08 3.60312e-08 2.86363e-08 2.3397e-08 1.99989e-08 1.98401e-08 2.32449e-08 2.75613e-08 2.89096e-08 2.44358e-08 1.57697e-08 7.93282e-09 3.52845e-09 1.77896e-09 1.15753e-09 8.64252e-10 7.02803e-10 6.35247e-10 6.61021e-10 8.4554e-10 1.38115e-09 2.77245e-09 5.93695e-09 1.13211e-08 1.74186e-08 2.14263e-08 2.20307e-08 2.01149e-08 1.76998e-08 1.68951e-08 1.88315e-08 2.46693e-08 3.57425e-08 4.96895e-08 5.90477e-08 5.73728e-08 4.61135e-08 3.18362e-08 1.96153e-08 1.10195e-08 5.52613e-09 2.1046e-09 2.1046e-09 
7.28003e-10 2.84025e-09 6.3578e-09 1.17159e-08 1.96151e-08 2.99909e-08 4.08016e-08 4.76273e-08 4.66417e-08 3.95637e-08 3.18819e-08 2.58779e-08 2.11879e-08 1.87009e-08 2.00067e-08 2.39894e-08 2.71638e-08 2.5928e-08 1.93159e-08 1.09674e-08 5.09596e-09 2.41523e-09 1.5039e-09 1.15753e-09 9.85231e-10 8.9366e-10 8.41031e-10 8.4554e-10 1.04487e-09 1.7556e-09 3.61863e-09 7.36624e-09 1.26289e-08 1.73893e-08 1.97051e-08 1.92949e-08 1.73159e-08 1.57375e-08 1.63789e-08 2.04043e-08 2.9049e-08 4.17947e-08 5.35818e-08 5.71264e-08 5.01539e-08 3.72542e-08 2.43157e-08 1.43709e-08 7.72798e-09 3.53852e-09 1.01983e-09 
1.46339e-09 4.11705e-09 8.11676e-09 1.40949e-08 2.24535e-08 3.24431e-08 4.12574e-08 4.47888e-08 4.14773e-08 3.47829e-08 2.84915e-08 2.31354e-08 1.89626e-08 1.77242e-08 2.01937e-08 2.38874e-08 2.51624e-08 2.14802e-08 1.40483e-08 7.15991e-09 3.33795e-09 1.9456e-09 1.5039e-09 1.3292e-09 1.24592e-09 1.17352e-09 1.08447e-09 1.04487e-09 1.28009e-09 2.22452e-09 4.5367e-09 8.49749e-09 1.30697e-08 1.64362e-08 1.75404e-08 1.66027e-08 1.49186e-08 1.44442e-08 1.68967e-08 2.34028e-08 3.415e-08 4.63145e-08 5.36426e-08 5.14444e-08 4.13618e-08 2.88066e-08 1.79641e-08 1.02205e-08 5.19827e-09 2.02846e-09 2.02846e-09 
6.14644e-10 2.44963e-09 5.45304e-09 9.90079e-09 1.63307e-08 2.47239e-08 3.36762e-08 4.00754e-08 4.08962e-08 3.66413e-08 3.08203e-08 2.53188e-08 2.03102e-08 1.69252e-08 1.70401e-08 2.00105e-08 2.26093e-08 2.17013e-08 1.63901e-08 9.47888e-09 4.59962e-09 2.53956e-09 1.9456e-09 1.77896e-09 1.73373e-09 1.68143e-09 1.55931e-09 1.38115e-09 1.28009e-09 1.57444e-09 2.77265e-09 5.37312e-09 9.12239e-09 1.27566e-08 1.49726e-08 1.52786e-08 1.4162e-08 1.30725e-08 1.40562e-08 1.86874e-08 2.73376e-08 3.85345e-08 4.78071e-08 4.98177e-08 4.34468e-08 3.24765e-08 2.14797e-08 1.28935e-08 7.04642e-09 3.29179e-09 9.77357e-10 
1.23112e-09 3.49255e-09 6.79603e-09 1.1607e-08 1.82349e-08 2.61985e-08 3.36327e-08 3.76615e-08 3.66912e-08 3.23831e-08 2.72673e-08 2.21301e-08 1.75369e-08 1.52324e-08 1.6419e-08 1.91168e-08 2.01085e-08 1.73137e-08 1.15298e-08 6.10877e-09 3.31828e-09 2.53956e-09 2.41523e-09 2.44961e-09 2.45784e-09 2.34121e-09 2.08275e-09 1.7556e-09 1.57444e-09 1.93804e-09 3.34115e-09 5.98174e-09 9.23428e-09 1.19626e-08 1.33152e-08 1.31329e-08 1.21206e-08 1.1971e-08 1.48093e-08 2.14897e-08 3.11261e-08 4.07762e-08 4.57403e-08 4.31747e-08 3.4743e-08 2.44911e-08 1.55396e-08 9.00905e-09 4.67553e-09 1.8772e-09 1.8772e-09 
5.02443e-10 2.04819e-09 4.52777e-09 8.08459e-09 1.31154e-08 1.96373e-08 2.67629e-08 3.24687e-08 3.45372e-08 3.26263e-08 2.85691e-08 2.38388e-08 1.89511e-08 1.50096e-08 1.3877e-08 1.556e-08 1.73545e-08 1.66517e-08 1.27148e-08 7.57766e-09 4.23359e-09 3.31828e-09 3.33795e-09 3.52845e-09 3.65621e-09 3.58619e-09 3.27644e-09 2.77245e-09 2.22452e-09 1.93804e-09 2.35455e-09 3.85084e-09 6.30933e-09 8.97025e-09 1.0935e-08 1.16674e-08 1.12458e-08 1.06288e-08 1.18453e-08 1.65963e-08 2.45103e-08 3.35475e-08 4.00764e-08 4.07047e-08 3.52468e-08 2.65626e-08 1.78723e-08 1.09544e-08 6.12041e-09 2.93259e-09 8.99075e-10 
1.00436e-09 2.87335e-09 5.51119e-09 9.24531e-09 1.43093e-08 2.04247e-08 2.64397e-08 3.04816e-08 3.11455e-08 2.88322e-08 2.49917e-08 2.04635e-08 1.59251e-08 1.28591e-08 1.26977e-08 1.42443e-08 1.47998e-08 1.27272e-08 8.61263e-09 5.14046e-09 4.23359e-09 4.59962e-09 5.09596e-09 5.44951e-09 5.49826e-09 5.17145e-09 4.50198e-09 3.61863e-09 2.77265e-09 2.35455e-09 2.78289e-09 4.24581e-09 6.39412e-09 8.48676e-09 9.8464e-09 1.01635e-08 9.73195e-09 9.87674e-09 1.27229e-08 1.88408e-08 2.67598e-08 3.37371e-08 3.65918e-08 3.39754e-08 2.73841e-08 1.95856e-08 1.26957e-08 7.53928e-09 4.01431e-09 1.66449e-09 1.66449e-09 
3.97972e-10 1.6627e-09 3.6478e-09 6.3996e-09 1.02032e-08 1.50987e-08 2.05649e-08 2.53684e-08 2.79976e-08 2.77476e-08 2.52655e-08 2.15429e-08 1.72084e-08 1.31992e-08 1.1099e-08 1.14929e-08 1.24225e-08 1.17409e-08 8.95485e-09 5.85757e-09 5.14046e-09 6.10877e-09 7.15991e-09 7.93282e-09 8.24469e-09 7.98369e-09 7.16883e-09 5.93695e-09 4.5367e-09 3.34115e-09 2.78289e-09 3.17652e-09 4.51185e-09 6.30967e-09 7.91041e-09 8.81627e-09 8.89608e-09 8.71559e-09 9.98175e-09 1.42213e-08 2.07492e-08 2.74319e-08 3.15469e-08 3.12422e-08 2.68726e-08 2.04414e-08 1.40273e-08 8.81406e-09 5.05904e-09 2.49751e-09 7.92051e-10 
7.95564e-10 2.29663e-09 4.33994e-09 7.14792e-09 1.08951e-08 1.54382e-08 2.0107e-08 2.37495e-08 2.52787e-08 2.44464e-08 2.18645e-08 1.82265e-08 1.4182e-08 1.08651e-08 9.6477e-09 1.01431e-08 1.0235e-08 8.66729e-09 6.2814e-09 5.85757e-09 7.57766e-09 9.47888e-09 1.09674e-08 1.18023e-08 1.17971e-08 1.093e-08 9.35529e-09 7.36624e-09 5.37312e-09 3.85084e-09 3.17652e-09 3.50542e-09 4.66937e-09 6.13534e-09 7.33872e-09 7.92192e-09 7.93855e-09 8.31183e-09 1.07677e-08 1.57085e-08 2.16189e-08 2.62146e-08 2.75422e-08 2.51857e-08 2.0345e-08 1.47808e-08 9.81204e-09 5.99058e-09 3.28639e-09 1.41127e-09 1.41127e-09 
3.05757e-10 1.31236e-09 2.85736e-09 4.92466e-09 7.71605e-09 1.12814e-08 1.53344e-08 1.9159e-08 2.17839e-08 2.24923e-08 2.12683e-08 1.86146e-08 1.51011e-08 1.14729e-08 8.94889e-09 8.40607e-09 8.6756e-09 8.03674e-09 6.46222e-09 6.2814e-09 8.61263e-09 1.15298e-08 1.40483e-08 1.57697e-08 1.63614e-08 1.56875e-08 1.38868e-08 1.13211e-08 8.49749e-09 5.98174e-09 4.24581e-09 3.50542e-09 3.77023e-09 4.76387e-09 5.94382e-09 6.83407e-09 7.20676e-09 7.35866e-09 8.49543e-09 1.17779e-08 1.65826e-08 2.10762e-08 2.33854e-08 2.26418e-08 1.93669e-08 1.48756e-08 1.04208e-08 6.72711e-09 3.9794e-09 2.03056e-09 6.66778e-10 
6.12735e-10 1.78625e-09 3.3261e-09 5.3795e-09 8.0759e-09 1.13528e-08 1.48386e-08 1.78535e-08 1.96351e-08 1.97328e-08 1.82272e-08 1.55409e-08 1.22268e-08 9.13156e-09 7.43618e-09 7.33197e-09 7.29562e-09 6.50886e-09 6.46222e-09 8.95485e-09 1.27148e-08 1.63901e-08 1.93159e-08 2.09378e-08 2.08888e-08 1.91853e-08 1.62204e-08 1.26289e-08 9.12239e-09 6.30933e-09 4.51185e-09 3.77023e-09 4.00059e-09 4.84514e-09 5.77983e-09 6.42043e-09 6.69827e-09 7.17648e-09 9.01294e-09 1.25099e-08 1.64633e-08 1.91969e-08 1.96074e-08 1.77012e-08 1.43393e-08 1.05816e-08 7.19793e-09 4.52595e-09 2.56461e-09 1.14233e-09 1.14233e-09 
2.28192e-10 1.0085e-09 2.17989e-09 3.69258e-09 5.68805e-09 8.21648e-09 1.11309e-08 1.40304e-08 1.63187e-08 1.74206e-08 1.70567e-08 1.53458e-08 1.26781e-08 9.64071e-09 7.18177e-09 6.30453e-09 6.47993e-09 6.4018e-09 6.50886e-09 8.66729e-09 1.27272e-08 1.73137e-08 2.14802e-08 2.44358e-08 2.55064e-08 2.44305e-08 2.14974e-08 1.74186e-08 1.30697e-08 9.23428e-09 6.39412e-09 4.66937e-09 4.00059e-09 4.22983e-09 4.93695e-09 5.64971e-09 6.09973e-09 6.40815e-09 7.29102e-09 9.49346e-09 1.2601e-08 1.52986e-08 1.64164e-08 1.5595e-08 1.3287e-08 1.03038e-08 7.36469e-09 4.88522e-09 2.98191e-09 1.57502e-09 5.35465e-10 
4.59574e-10 1.35375e-09 2.48537e-09 3.95005e-09 5.84306e-09 8.14574e-09 1.06606e-08 1.29992e-08 1.46629e-08 1.52228e-08 1.45049e-08 1.26497e-08 1.00485e-08 7.35754e-09 5.64319e-09 5.54446e-09 5.98988e-09 6.4018e-09 8.03674e-09 1.17409e-08 1.66517e-08 2.17013e-08 2.5928e-08 2.84001e-08 2.84961e-08 2.62185e-08 2.21944e-08 1.73893e-08 1.27566e-08 8.97025e-09 6.30967e-09 4.76387e-09 4.22983e-09 4.46412e-09 5.02711e-09 5.53767e-09 5.86747e-09 6.3011e-09 7.48491e-09 9.61678e-09 1.19232e-08 1.33419e-08 1.329e-08 1.18784e-08 9.65575e-09 7.23143e-09 5.03542e-09 3.2599e-09 1.90892e-09 8.81863e-10 8.81863e-10 
1.65757e-10 7.55499e-10 1.62205e-09 2.70283e-09 4.09649e-09 5.84814e-09 7.88843e-09 1e-08 1.18303e-08 1.29716e-08 1.31008e-08 1.21098e-08 1.01571e-08 7.65676e-09 5.38741e-09 4.55254e-09 5.16116e-09 5.98988e-09 7.29562e-09 1.0235e-08 1.47998e-08 2.01085e-08 2.51624e-08 2.89096e-08 3.04423e-08 2.9386e-08 2.6087e-08 2.14263e-08 1.64362e-08 1.19626e-08 8.48676e-09 6.13534e-09 4.84514e-09 4.46412e-09 4.67755e-09 5.08652e-09 5.42702e-09 5.70625e-09 6.27325e-09 7.51842e-09 9.2173e-09 1.05943e-08 1.09966e-08 1.02789e-08 8.73819e-09 6.83953e-09 4.98047e-09 3.38963e-09 2.13312e-09 1.1657e-09 4.09794e-10 
3.36235e-10 1.00091e-09 1.81343e-09 2.83514e-09 4.13564e-09 5.71756e-09 7.48101e-09 9.21071e-09 1.0598e-08 1.13106e-08 1.10989e-08 9.89691e-09 7.87719e-09 5.50058e-09 3.77833e-09 3.97429e-09 5.16116e-09 6.47993e-09 8.6756e-09 1.24225e-08 1.73545e-08 2.26093e-08 2.71638e-08 2.99887e-08 3.03945e-08 2.8352e-08 2.44726e-08 1.97051e-08 1.49726e-08 1.0935e-08 7.91041e-09 5.94382e-09 4.93695e-09 4.67755e-09 4.83383e-09 5.09146e-09 5.30357e-09 5.56951e-09 6.17902e-09 7.22783e-09 8.31834e-09 8.88673e-09 8.64043e-09 7.66061e-09 6.25263e-09 4.74722e-09 3.37694e-09 2.24644e-09 1.35735e-09 6.49213e-10 6.49213e-10 
1.1747e-10 5.52381e-10 1.17866e-09 1.93433e-09 2.88789e-09 4.07722e-09 5.47417e-09 6.9656e-09 8.3507e-09 9.36376e-09 9.73088e-09 9.25262e-09 7.88805e-09 5.82281e-09 3.60728e-09 2.74131e-09 3.97429e-09 5.54446e-09 7.33197e-09 1.01431e-08 1.42443e-08 1.91168e-08 2.38874e-08 2.75613e-08 2.9286e-08 2.86922e-08 2.60359e-08 2.20307e-08 1.75404e-08 1.33152e-08 9.8464e-09 7.33872e-09 5.77983e-09 5.02711e-09 4.83383e-09 4.90686e-09 5.0288e-09 5.14568e-09 5.38156e-09 5.89238e-09 6.58116e-09 7.08741e-09 7.09322e-09 6.52752e-09 5.54178e-09 4.37657e-09 3.24111e-09 2.25751e-09 1.46102e-09 8.2413e-10 2.98859e-10 
2.40373e-10 7.22768e-10 1.29377e-09 1.99252e-09 2.86952e-09 3.93626e-09 5.14608e-09 6.38471e-09 7.47112e-09 8.17745e-09 8.27393e-09 7.59539e-09 6.11856e-09 4.05646e-09 2.21285e-09 2.74131e-09 4.55254e-09 6.30453e-09 8.40607e-09 1.14929e-08 1.556e-08 2.00105e-08 2.39894e-08 2.6629e-08 2.73407e-08 2.60363e-08 2.31243e-08 1.92949e-08 1.52786e-08 1.16674e-08 8.81627e-09 6.83407e-09 5.64971e-09 5.08652e-09 4.90686e-09 4.88467e-09 4.88819e-09 4.91736e-09 5.06424e-09 5.3645e-09 5.66937e-09 5.73915e-09 5.4324e-09 4.77685e-09 3.91458e-09 3.00955e-09 2.18193e-09 1.48699e-09 9.2422e-10 4.56183e-10 4.56183e-10 
8.14453e-11 3.94661e-10 8.3744e-10 1.35562e-09 1.99668e-09 2.79107e-09 3.73157e-09 4.76322e-09 5.77781e-09 6.61542e-09 7.08056e-09 6.97853e-09 6.17405e-09 4.67965e-09 2.85027e-09 2.21285e-09 3.77833e-09 5.64319e-09 7.43618e-09 9.6477e-09 1.26977e-08 1.6419e-08 2.01937e-08 2.32449e-08 2.48963e-08 2.48031e-08 2.30569e-08 2.01149e-08 1.66027e-08 1.31329e-08 1.01635e-08 7.92192e-09 6.42043e-09 5.53767e-09 5.09146e-09 4.88467e-09 4.76196e-09 4.65396e-09 4.57736e-09 4.57892e-09 4.64018e-09 4.64215e-09 4.45191e-09 4.02235e-09 3.40724e-09 2.71261e-09 2.03933e-09 1.44959e-09 9.61422e-10 5.57703e-10 2.07922e-10 
1.68218e-10 5.10376e-10 9.03842e-10 1.37364e-09 1.95623e-09 2.6657e-09 3.48385e-09 4.3546e-09 5.17977e-09 5.82051e-09 6.11097e-09 5.89143e-09 5.07506e-09 3.79831e-09 2.85027e-09 3.60728e-09 5.38741e-09 7.18177e-09 8.94889e-09 1.1099e-08 1.3877e-08 1.70401e-08 2.00067e-08 2.21288e-08 2.2922e-08 2.22138e-08 2.01903e-08 1.73159e-08 1.4162e-08 1.12458e-08 8.89608e-09 7.20676e-09 6.09973e-09 5.42702e-09 5.0288e-09 4.76196e-09 4.53176e-09 4.30691e-09 4.1052e-09 3.95137e-09 3.82153e-09 3.63831e-09 3.33326e-09 2.89796e-09 2.38056e-09 1.85043e-09 1.36415e-09 9.49276e-10 6.04495e-10 3.06569e-10 3.06569e-10 
5.54118e-11 2.7593e-10 5.82613e-10 9.31962e-10 1.35686e-09 1.88117e-09 2.50775e-09 3.21376e-09 3.94667e-09 4.62085e-09 5.11954e-09 5.30932e-09 5.08031e-09 4.44797e-09 3.79831e-09 4.05646e-09 5.50058e-09 7.35754e-09 9.13156e-09 1.08651e-08 1.28591e-08 1.52324e-08 1.77242e-08 1.98401e-08 2.10866e-08 2.11374e-08 1.99289e-08 1.76998e-08 1.49186e-08 1.21206e-08 9.73195e-09 7.93855e-09 6.69827e-09 5.86747e-09 5.30358e-09 4.88819e-09 4.53176e-09 4.18493e-09 3.84098e-09 3.52413e-09 3.25502e-09 3.01373e-09 2.74942e-09 2.42475e-09 2.04215e-09 1.63544e-09 1.24562e-09 9.01078e-10 6.10165e-10 3.6234e-10 1.3831e-10 
1.15466e-10 3.52965e-10 6.19389e-10 9.30916e-10 1.31379e-09 1.78184e-09 2.33174e-09 2.94063e-09 3.56284e-09 4.12791e-09 4.54523e-09 4.72471e-09 4.63614e-09 4.44797e-09 4.67965e-09 5.82281e-09 7.65676e-09 9.64071e-09 1.14729e-08 1.31992e-08 1.50096e-08 1.69252e-08 1.87009e-08 1.99651e-08 2.03872e-08 1.97708e-08 1.81285e-08 1.57375e-08 1.30725e-08 1.06288e-08 8.71559e-09 7.35866e-09 6.40815e-09 5.70625e-09 5.14568e-09 4.65396e-09 4.18493e-09 3.72271e-09 3.2824e-09 2.89415e-09 2.57091e-09 2.29112e-09 2.01653e-09 1.72304e-09 1.41337e-09 1.10791e-09 8.28467e-10 5.86804e-10 3.81233e-10 1.97662e-10 1.97662e-10 
3.71101e-11 1.89109e-10 3.9761e-10 6.29852e-10 9.0864e-10 1.25242e-09 1.66848e-09 2.15145e-09 2.6818e-09 3.22373e-09 3.72607e-09 4.13224e-09 4.41207e-09 4.63614e-09 5.07506e-09 6.11856e-09 7.87719e-09 1.00485e-08 1.22268e-08 1.4182e-08 1.59251e-08 1.75369e-08 1.89626e-08 1.99989e-08 2.04225e-08 2.00724e-08 1.88708e-08 1.68951e-08 1.44442e-08 1.1971e-08 9.87674e-09 8.31183e-09 7.17648e-09 6.3011e-09 5.56951e-09 4.91736e-09 4.30691e-09 3.72271e-09 3.17386e-09 2.68638e-09 2.28194e-09 1.95858e-09 1.68981e-09 1.44342e-09 1.20128e-09 9.63774e-10 7.41525e-10 5.44394e-10 3.75025e-10 2.26911e-10 8.82808e-11 
7.79069e-11 2.39537e-10 4.17275e-10 6.21782e-10 8.71961e-10 1.18026e-09 1.55081e-09 1.97936e-09 2.45252e-09 2.94794e-09 3.4395e-09 3.9144e-09 4.41207e-09 5.08031e-09 6.17405e-09 7.88805e-09 1.01571e-08 1.26781e-08 1.51011e-08 1.72084e-08 1.89511e-08 2.03102e-08 2.11879e-08 2.14624e-08 2.10879e-08 2.00805e-08 1.84738e-08 1.63789e-08 1.40562e-08 1.18453e-08 9.98175e-09 8.49543e-09 7.29102e-09 6.27325e-09 5.38156e-09 4.57736e-09 3.84098e-09 3.17386e-09 2.59238e-09 2.11265e-09 1.73688e-09 1.44791e-09 1.21582e-09 1.01291e-09 8.24518e-10 6.49044e-10 4.90779e-10 3.52741e-10 2.32866e-10 1.22796e-10 1.22796e-10 
2.45406e-11 1.27323e-10 2.66802e-10 4.19564e-10 6.01489e-10 8.26766e-10 1.10423e-09 1.43766e-09 1.82644e-09 2.26619e-09 2.75222e-09 3.28957e-09 3.9144e-09 4.72471e-09 5.89143e-09 7.59539e-09 9.89691e-09 1.26497e-08 1.55409e-08 1.82265e-08 2.04635e-08 2.21301e-08 2.31354e-08 2.3397e-08 2.29351e-08 2.1914e-08 2.0517e-08 1.88315e-08 1.68967e-08 1.48093e-08 1.27229e-08 1.07677e-08 9.01294e-09 7.48491e-09 6.17902e-09 5.06424e-09 4.1052e-09 3.2824e-09 2.59238e-09 2.03534e-09 1.60484e-09 1.28353e-09 1.04429e-09 8.57289e-10 6.99349e-10 5.58627e-10 4.32339e-10 3.2109e-10 2.24273e-10 1.37638e-10 5.43225e-11 
5.17975e-11 1.59914e-10 2.77106e-10 4.10586e-10 5.74029e-10 7.78164e-10 1.03052e-09 1.33676e-09 1.70213e-09 2.13432e-09 2.65031e-09 3.28957e-09 4.13224e-09 5.30932e-09 6.97853e-09 9.25262e-09 1.21098e-08 1.53458e-08 1.86146e-08 2.15429e-08 2.38388e-08 2.53188e-08 2.58779e-08 2.55353e-08 2.45224e-08 2.32092e-08 2.18475e-08 2.04043e-08 1.86874e-08 1.65963e-08 1.42213e-08 1.17779e-08 9.49346e-09 7.51842e-09 5.89238e-09 4.57892e-09 3.52413e-09 2.68638e-09 2.03534e-09 1.54394e-09 1.18411e-09 9.25707e-10 7.3814e-10 5.94576e-10 4.76436e-10 3.74338e-10 2.85035e-10 2.072e-10 1.38481e-10 7.39002e-11 7.39002e-11 
1.60737e-11 8.44385e-11 1.76526e-10 2.76339e-10 3.9501e-10 5.43453e-10 7.30571e-10 9.64524e-10 1.25467e-09 1.61428e-09 2.06585e-09 2.65031e-09 3.4395e-09 4.54523e-09 6.11097e-09 8.27393e-09 1.10989e-08 1.45049e-08 1.82272e-08 2.18645e-08 2.49917e-08 2.72673e-08 2.84915e-08 2.86363e-08 2.79177e-08 2.67874e-08 2.56821e-08 2.46693e-08 2.34028e-08 2.14897e-08 1.88408e-08 1.57085e-08 1.25099e-08 9.61678e-09 7.22783e-09 5.3645e-09 3.95137e-09 2.89415e-09 2.11265e-09 1.54394e-09 1.13782e-09 8.52967e-10 6.54489e-10 5.13208e-10 4.06803e-10 3.2097e-10 2.48414e-10 1.8588e-10 1.31198e-10 8.13337e-11 3.24149e-11 
3.40309e-11 1.05336e-10 1.81983e-10 2.69003e-10 3.76349e-10 5.13047e-10 6.87746e-10 9.10752e-10 1.19668e-09 1.56875e-09 2.06585e-09 2.75222e-09 3.72607e-09 5.11954e-09 7.08056e-09 9.73088e-09 1.31008e-08 1.70567e-08 2.12683e-08 2.52655e-08 2.85691e-08 3.08203e-08 3.18819e-08 3.18995e-08 3.12988e-08 3.05832e-08 2.99435e-08 2.9049e-08 2.73376e-08 2.45103e-08 2.07492e-08 1.65826e-08 1.2601e-08 9.2173e-09 6.58116e-09 4.64018e-09 3.25502e-09 2.28194e-09 1.60484e-09 1.13782e-09 8.18793e-10 6.02499e-10 4.55269e-10 3.5202e-10 2.75217e-10 2.14186e-10 1.63319e-10 1.19612e-10 8.0652e-11 4.33585e-11 4.33585e-11 
1.04576e-11 5.5329e-11 1.15545e-10 1.806e-10 2.58364e-10 3.57245e-10 4.85485e-10 6.52776e-10 8.72775e-10 1.16666e-09 1.56875e-09 2.13432e-09 2.94794e-09 4.12791e-09 5.82051e-09 8.17745e-09 1.13106e-08 1.52228e-08 1.97328e-08 2.44464e-08 2.88322e-08 3.23831e-08 3.47829e-08 3.60312e-08 3.64434e-08 3.64661e-08 3.63207e-08 3.57425e-08 3.415e-08 3.11261e-08 2.67598e-08 2.16189e-08 1.64633e-08 1.19232e-08 8.31834e-09 5.66937e-09 3.82153e-09 2.57091e-09 1.73688e-09 1.18411e-09 8.18793e-10 5.77861e-10 4.18817e-10 3.12495e-10 2.38775e-10 1.84454e-10 1.41723e-10 1.06295e-10 7.55376e-11 4.71297e-11 1.8887e-11 
2.2161e-11 6.86948e-11 1.18613e-10 1.75532e-10 2.46744e-10 3.39701e-10 4.62902e-10 6.28066e-10 8.53124e-10 1.16666e-09 1.61428e-09 2.26619e-09 3.22373e-09 4.62085e-09 6.61542e-09 9.36376e-09 1.29716e-08 1.74206e-08 2.24923e-08 2.77476e-08 3.26263e-08 3.66413e-08 3.95637e-08 4.14966e-08 4.27259e-08 4.33999e-08 4.32723e-08 4.17947e-08 3.85345e-08 3.35475e-08 2.74319e-08 2.10762e-08 1.52986e-08 1.05943e-08 7.08741e-09 4.64215e-09 3.01373e-09 1.95858e-09 1.28353e-09 8.52967e-10 5.77861e-10 4.01397e-10 2.8734e-10 2.12155e-10 1.60471e-10 1.22638e-10 9.30075e-11 6.83068e-11 4.63079e-11 2.49815e-11 2.49815e-11 
6.77614e-12 3.59449e-11 7.5093e-11 1.17559e-10 1.68963e-10 2.35783e-10 3.2524e-10 4.46923e-10 6.1528e-10 8.53124e-10 1.19668e-09 1.70213e-09 2.45252e-09 3.56284e-09 5.17977e-09 7.47112e-09 1.0598e-08 1.46629e-08 1.96351e-08 2.52787e-08 3.11455e-08 3.66912e-08 4.14773e-08 4.53123e-08 4.82123e-08 5.01528e-08 5.08272e-08 4.96895e-08 4.63145e-08 4.07762e-08 3.37371e-08 2.62146e-08 1.91969e-08 1.33419e-08 8.88673e-09 5.73915e-09 3.63831e-09 2.29112e-09 1.44791e-09 9.25707e-10 6.02499e-10 4.01397e-10 2.75223e-10 1.95025e-10 1.42737e-10 1.0702e-10 8.09588e-11 6.04835e-11 4.3097e-11 2.6974e-11 1.08298e-11 
1.43488e-11 4.4514e-11 7.70144e-11 1.14507e-10 1.62367e-10 2.26638e-10 3.14981e-10 4.38653e-10 6.1528e-10 8.72775e-10 1.25467e-09 1.82644e-09 2.6818e-09 3.94667e-09 5.77781e-09 8.3507e-09 1.18303e-08 1.63187e-08 2.17839e-08 2.79976e-08 3.45372e-08 4.08962e-08 4.66417e-08 5.14663e-08 5.50778e-08 5.70186e-08 5.66745e-08 5.35818e-08 4.78071e-08 4.00764e-08 3.15469e-08 2.33854e-08 1.64164e-08 1.09966e-08 7.09322e-09 4.45191e-09 2.74942e-09 1.68981e-09 1.04429e-09 6.54489e-10 4.18817e-10 2.75223e-10 1.86709e-10 1.31202e-10 9.53229e-11 7.09126e-11 5.30746e-11 3.88709e-11 2.63992e-11 1.42458e-11 1.42458e-11 
4.38257e-12 2.32327e-11 4.86344e-11 7.64969e-11 1.10865e-10 1.56714e-10 2.20116e-10 3.09665e-10 4.38653e-10 6.28066e-10 9.10752e-10 1.33676e-09 1.97936e-09 2.94063e-09 4.3546e-09 6.38471e-09 9.21071e-09 1.29992e-08 1.78535e-08 2.37495e-08 3.04816e-08 3.76615e-08 4.47888e-08 5.13327e-08 5.67226e-08 6.0282e-08 6.1251e-08 5.90477e-08 5.36426e-08 4.57403e-08 3.65918e-08 2.75422e-08 1.96074e-08 1.329e-08 8.64043e-09 5.4324e-09 3.33326e-09 2.01653e-09 1.21582e-09 7.3814e-10 4.55269e-10 2.8734e-10 1.86709e-10 1.25559e-10 8.76299e-11 6.32746e-11 4.67208e-11 3.45198e-11 2.45439e-11 1.5365e-11 6.16413e-12 
9.26399e-12 2.87638e-11 4.99906e-11 7.49229e-11 1.07534e-10 1.52634e-10 2.16728e-10 3.09665e-10 4.46923e-10 6.52776e-10 9.64524e-10 1.43766e-09 2.15145e-09 3.21376e-09 4.76322e-09 6.9656e-09 1e-08 1.40304e-08 1.9159e-08 2.53684e-08 3.24687e-08 4.00754e-08 4.76273e-08 5.44103e-08 5.95636e-08 6.21543e-08 6.14192e-08 5.71264e-08 4.98177e-08 4.07047e-08 3.12422e-08 2.26418e-08 1.5595e-08 1.02789e-08 6.52752e-09 4.02235e-09 2.42475e-09 1.44342e-09 8.57289e-10 5.13208e-10 3.12495e-10 1.95025e-10 1.25559e-10 8.38379e-11 5.819e-11 4.17946e-11 3.06121e-11 2.22129e-11 1.50555e-11 8.1089e-12 8.1089e-12 
2.83324e-12 1.49896e-11 3.1497e-11 4.99166e-11 7.31737e-11 1.0506e-10 1.50504e-10 2.16728e-10 3.14981e-10 4.62902e-10 6.87746e-10 1.03052e-09 1.55081e-09 2.33174e-09 3.48385e-09 5.14608e-09 7.48101e-09 1.06606e-08 1.48386e-08 2.0107e-08 2.64397e-08 3.36327e-08 4.12574e-08 4.86419e-08 5.48909e-08 5.89758e-08 5.99656e-08 5.73728e-08 5.14444e-08 4.31747e-08 3.39754e-08 2.51857e-08 1.77012e-08 1.18784e-08 7.66061e-09 4.77685e-09 2.89796e-09 1.72304e-09 1.01291e-09 5.94576e-10 3.5202e-10 2.12155e-10 1.31202e-10 8.38379e-11 5.56639e-11 3.84678e-11 2.74918e-11 1.99284e-11 1.40611e-11 8.77964e-12 3.51435e-12 
5.97802e-12 1.85931e-11 3.25372e-11 4.92891e-11 7.17774e-11 1.03755e-10 1.50504e-10 2.20116e-10 3.2524e-10 4.85485e-10 7.30571e-10 1.10423e-09 1.66848e-09 2.50775e-09 3.73157e-09 5.47417e-09 7.88843e-09 1.11309e-08 1.53344e-08 2.05649e-08 2.67629e-08 3.36762e-08 4.08016e-08 4.73668e-08 5.23966e-08 5.49012e-08 5.41843e-08 5.01539e-08 4.34468e-08 3.52468e-08 2.68726e-08 1.93669e-08 1.3287e-08 8.73819e-09 5.54178e-09 3.40724e-09 2.04215e-09 1.20128e-09 6.99349e-10 4.06803e-10 2.38775e-10 1.42737e-10 8.76299e-11 5.56639e-11 3.67998e-11 2.53439e-11 1.80122e-11 1.28547e-11 8.65675e-12 4.64808e-12 4.64808e-12 
1.83145e-12 9.6781e-12 2.04532e-11 3.27367e-11 4.86397e-11 7.1019e-11 1.03755e-10 1.52634e-10 2.26638e-10 3.39701e-10 5.13047e-10 7.78164e-10 1.18026e-09 1.78184e-09 2.6657e-09 3.93626e-09 5.71756e-09 8.14574e-09 1.13528e-08 1.54382e-08 2.04247e-08 2.61985e-08 3.24431e-08 3.8592e-08 4.38462e-08 4.72993e-08 4.81753e-08 4.61135e-08 4.13618e-08 3.4743e-08 2.73841e-08 2.0345e-08 1.43393e-08 9.65575e-09 6.25263e-09 3.91458e-09 2.38056e-09 1.41337e-09 8.24518e-10 4.76436e-10 2.75217e-10 1.60471e-10 9.53229e-11 5.819e-11 3.67998e-11 2.42554e-11 1.66554e-11 1.17458e-11 8.17108e-12 5.07516e-12 2.02626e-12 
3.85995e-12 1.20508e-11 2.12772e-11 3.26323e-11 4.82562e-11 7.1019e-11 1.0506e-10 1.56714e-10 2.35783e-10 3.57245e-10 5.43453e-10 8.26766e-10 1.25242e-09 1.88117e-09 2.79107e-09 4.07722e-09 5.84814e-09 8.21648e-09 1.12814e-08 1.50987e-08 1.96373e-08 2.47239e-08 2.99909e-08 3.48609e-08 3.86069e-08 4.05096e-08 4.00786e-08 3.72542e-08 3.24765e-08 2.65626e-08 2.04414e-08 1.48756e-08 1.03038e-08 6.83953e-09 4.37657e-09 2.71261e-09 1.63544e-09 9.63774e-10 5.58627e-10 3.2097e-10 1.84454e-10 1.0702e-10 6.32746e-11 3.84678e-11 2.42554e-11 1.59568e-11 1.09213e-11 7.6046e-12 5.06141e-12 2.70585e-12 2.70585e-12 
1.18099e-12 6.26249e-12 1.33391e-11 2.15882e-11 3.25199e-11 4.82562e-11 7.17774e-11 1.07534e-10 1.62367e-10 2.46744e-10 3.76349e-10 5.74029e-10 8.71961e-10 1.31379e-09 1.95623e-09 2.86952e-09 4.13564e-09 5.84306e-09 8.0759e-09 1.08951e-08 1.43093e-08 1.82349e-08 2.24535e-08 2.65853e-08 3.0107e-08 3.24386e-08 3.3092e-08 3.18362e-08 2.88066e-08 2.44911e-08 1.95856e-08 1.47808e-08 1.05816e-08 7.23143e-09 4.74722e-09 3.00955e-09 1.85043e-09 1.10791e-09 6.49044e-10 3.74338e-10 2.14186e-10 1.22638e-10 7.09126e-11 4.17946e-11 2.53439e-11 1.59568e-11 1.04865e-11 7.14036e-12 4.86131e-12 2.99189e-12 1.19272e-12 
2.49178e-12 7.83715e-12 1.39741e-11 2.1685e-11 3.25199e-11 4.86397e-11 7.31737e-11 1.10865e-10 1.68963e-10 2.58364e-10 3.9501e-10 6.01489e-10 9.0864e-10 1.35686e-09 1.99668e-09 2.88789e-09 4.09649e-09 5.68805e-09 7.71605e-09 1.02032e-08 1.31154e-08 1.63307e-08 1.96151e-08 2.26209e-08 2.4927e-08 2.61258e-08 2.59383e-08 2.43157e-08 2.14797e-08 1.78723e-08 1.40273e-08 1.04208e-08 7.36469e-09 4.98047e-09 3.24111e-09 2.03933e-09 1.24562e-09 7.41525e-10 4.32339e-10 2.48414e-10 1.41723e-10 8.09588e-11 4.67208e-11 2.74918e-11 1.66554e-11 1.04865e-11 6.88424e-12 4.64228e-12 3.03413e-12 1.61248e-12 1.61248e-12 
7.55598e-13 4.05661e-12 8.71777e-12 1.4239e-11 2.1685e-11 3.26323e-11 4.92891e-11 7.49229e-11 1.14507e-10 1.75532e-10 2.69003e-10 4.10586e-10 6.21782e-10 9.30916e-10 1.37364e-09 1.99252e-09 2.83514e-09 3.95005e-09 5.3795e-09 7.14792e-09 9.24531e-09 1.1607e-08 1.40949e-08 1.64905e-08 1.85103e-08 1.98514e-08 2.02617e-08 1.96153e-08 1.79641e-08 1.55396e-08 1.26957e-08 9.81204e-09 7.19793e-09 5.03542e-09 3.37694e-09 2.18193e-09 1.36415e-09 8.28467e-10 4.90779e-10 2.85035e-10 1.63319e-10 9.30075e-11 5.30746e-11 3.06121e-11 1.80122e-11 1.09213e-11 6.88424e-12 4.50862e-12 2.98408e-12 1.81078e-12 7.20462e-13 
1.60139e-12 5.08712e-12 9.12108e-12 1.4239e-11 2.15882e-11 3.27367e-11 4.99166e-11 7.64969e-11 1.17559e-10 1.806e-10 2.76339e-10 4.19564e-10 6.29852e-10 9.31962e-10 1.35562e-09 1.93433e-09 2.70283e-09 3.69258e-09 4.92466e-09 6.3996e-09 8.08459e-09 9.90079e-09 1.17159e-08 1.33489e-08 1.45919e-08 1.52496e-08 1.51866e-08 1.43709e-08 1.28935e-08 1.09544e-08 8.81406e-09 6.72711e-09 4.88522e-09 3.38963e-09 2.25751e-09 1.44959e-09 9.01078e-10 5.44394e-10 3.2109e-10 1.8588e-10 1.06295e-10 6.04835e-11 3.45198e-11 1.99284e-11 1.17458e-11 7.14036e-12 4.50862e-12 2.9355e-12 1.87449e-12 9.87548e-13 9.87548e-13 
4.74847e-13 2.60492e-12 5.60078e-12 9.12108e-12 1.39741e-11 2.12772e-11 3.25372e-11 4.99906e-11 7.70144e-11 1.18613e-10 1.81983e-10 2.77106e-10 4.17275e-10 6.19389e-10 9.03842e-10 1.29377e-09 1.81343e-09 2.48537e-09 3.3261e-09 4.33994e-09 5.51119e-09 6.79603e-09 8.11676e-09 9.36225e-09 1.03979e-08 1.10858e-08 1.13128e-08 1.10195e-08 1.02205e-08 9.00905e-09 7.53928e-09 5.99058e-09 4.52595e-09 3.2599e-09 2.24644e-09 1.48699e-09 9.49276e-10 5.86804e-10 3.52741e-10 2.072e-10 1.19612e-10 6.83068e-11 3.88709e-11 2.22129e-11 1.28547e-11 7.6046e-12 4.64228e-12 2.9355e-12 1.88557e-12 1.1257e-12 4.46294e-13 
1.00915e-12 3.19003e-12 5.60078e-12 8.71777e-12 1.33391e-11 2.04532e-11 3.1497e-11 4.86344e-11 7.5093e-11 1.15545e-10 1.76526e-10 2.66802e-10 3.9761e-10 5.82613e-10 8.3744e-10 1.17866e-09 1.62205e-09 2.17989e-09 2.85736e-09 3.6478e-09 4.52777e-09 5.45304e-09 6.3578e-09 7.15875e-09 7.76519e-09 8.09414e-09 8.08762e-09 7.72798e-09 7.04642e-09 6.12041e-09 5.05904e-09 3.9794e-09 2.98191e-09 2.13312e-09 1.46102e-09 9.61422e-10 6.10165e-10 3.75025e-10 2.24273e-10 1.31198e-10 7.55376e-11 4.3097e-11 2.45439e-11 1.40611e-11 8.17108e-12 4.86131e-12 2.98408e-12 1.88557e-12 1.17825e-12 6.16168e-13 6.16168e-13 
2.86952e-13 1.57628e-12 3.19003e-12 5.08712e-12 7.83715e-12 1.20508e-11 1.85931e-11 2.87638e-11 4.4514e-11 6.86948e-11 1.05336e-10 1.59914e-10 2.39537e-10 3.52965e-10 5.10376e-10 7.22768e-10 1.00091e-09 1.35375e-09 1.78625e-09 2.29663e-09 2.87335e-09 3.49255e-09 4.11705e-09 4.6978e-09 5.17865e-09 5.50401e-09 5.62843e-09 5.52613e-09 5.19827e-09 4.67553e-09 4.01431e-09 3.28639e-09 2.56461e-09 1.90892e-09 1.35735e-09 9.2422e-10 6.04495e-10 3.81233e-10 2.32866e-10 1.38481e-10 8.0652e-11 4.63079e-11 2.63992e-11 1.50555e-11 8.65675e-12 5.06141e-12 3.03413e-12 1.87449e-12 1.17825e-12 6.98906e-13 2.7912e-13 
5.86872e-13 1.57628e-12 2.60492e-12 4.05661e-12 6.26249e-12 9.6781e-12 1.49896e-11 2.32327e-11 3.59449e-11 5.5329e-11 8.44385e-11 1.27323e-10 1.89109e-10 2.7593e-10 3.94661e-10 5.52381e-10 7.55499e-10 1.0085e-09 1.31236e-09 1.6627e-09 2.04819e-09 2.44963e-09 2.84025e-09 3.18778e-09 3.45803e-09 3.61975e-09 3.64991e-09 3.53852e-09 3.29179e-09 2.93259e-09 2.49751e-09 2.03056e-09 1.57502e-09 1.1657e-09 8.2413e-10 5.57703e-10 3.6234e-10 2.26911e-10 1.37638e-10 8.13337e-11 4.71297e-11 2.6974e-11 1.5365e-11 8.77964e-12 5.07516e-12 2.99189e-12 1.81078e-12 1.1257e-12 6.98906e-13 3.73016e-13 3.73016e-13 
1.6502e-13 5.86872e-13 1.00915e-12 1.60139e-12 2.49178e-12 3.85995e-12 5.97802e-12 9.26399e-12 1.43488e-11 2.2161e-11 3.40309e-11 5.17975e-11 7.79069e-11 1.15466e-10 1.68218e-10 2.40373e-10 3.36235e-10 4.59574e-10 6.12735e-10 7.95564e-10 1.00436e-09 1.23112e-09 1.46339e-09 1.68492e-09 1.87712e-09 2.02122e-09 2.10084e-09 2.1046e-09 2.02846e-09 1.8772e-09 1.66449e-09 1.41127e-09 1.14233e-09 8.81863e-10 6.49213e-10 4.56183e-10 3.06569e-10 1.97662e-10 1.22796e-10 7.39002e-11 4.33585e-11 2.49815e-11 1.42458e-11 8.1089e-12 4.64808e-12 2.70585e-12 1.61248e-12 9.87548e-13 6.16168e-13 3.73016e-13 1.60842e-13 
1.6502e-13 2.86952e-13 4.74847e-13 7.55598e-13 1.18099e-12 1.83145e-12 2.83324e-12 4.38257e-12 6.77614e-12 1.04576e-11 1.60737e-11 2.45406e-11 3.71101e-11 5.54118e-11 8.14453e-11 1.1747e-10 1.65757e-10 2.28192e-10 3.05757e-10 3.97972e-10 5.02443e-10 6.14644e-10 7.28003e-10 8.34361e-10 9.24736e-10 9.90329e-10 1.02368e-09 1.01983e-09 9.77357e-10 8.99075e-10 7.92051e-10 6.66778e-10 5.35465e-10 4.09794e-10 2.98859e-10 2.07922e-10 1.3831e-10 8.82808e-11 5.43225e-11 3.24149e-11 1.8887e-11 1.08298e-11 6.16413e-12 3.51435e-12 2.02626e-12 1.19272e-12 7.20462e-13 4.46294e-13 2.7912e-13 1.60842e-13 1.60842e-13 
