1 100 50
8.89245e-15 1.57696e-14 2.45764e-14 3.72732e-14 5.87827e-14 9.30583e-14 1.48962e-13 2.41258e-13 3.94589e-13 6.4555e-13 1.05366e-12 1.70748e-12 2.7337e-12 4.3021e-12 6.62325e-12 9.93591e-12 1.44692e-11 2.03887e-11 2.77353e-11 3.63547e-11 4.58634e-11 5.56463e-11 6.49149e-11 7.28141e-11 7.85532e-11 8.15455e-11 8.15067e-11 7.85006e-11 7.29141e-11 6.53732e-11 5.66379e-11 4.74691e-11 3.85394e-11 3.03554e-11 2.32359e-11 1.73213e-11 1.26037e-11 8.97436e-12 6.27137e-12 4.31438e-12 2.93138e-12 1.97327e-12 1.31956e-12 8.80331e-13 5.86212e-13 3.90674e-13 2.60424e-13 1.74322e-13 1.1586e-13 7.12139e-14 
8.89245e-15 1.76279e-14 2.81894e-14 4.35384e-14 6.66408e-14 1.05377e-13 1.67732e-13 2.70523e-13 4.40465e-13 7.19142e-13 1.17487e-12 1.90774e-12 3.07018e-12 4.86953e-12 7.57788e-12 1.15203e-11 1.70339e-11 2.44108e-11 3.37975e-11 4.51067e-11 5.79329e-11 7.15278e-11 8.48568e-11 9.67278e-11 1.05978e-10 1.11673e-10 1.1327e-10 1.107e-10 1.04354e-10 9.49914e-11 8.359e-11 7.11885e-11 5.87438e-11 4.70274e-11 3.65772e-11 2.76858e-11 2.04332e-11 1.47379e-11 1.04151e-11 7.23192e-12 4.94866e-12 3.34856e-12 2.24674e-12 1.49964e-12 9.97859e-13 6.63748e-13 4.40974e-13 2.92465e-13 1.93029e-13 1.21901e-13 
1.76279e-14 2.98197e-14 4.66027e-14 7.19283e-14 1.10791e-13 1.75049e-13 2.7973e-13 4.52663e-13 7.36606e-13 1.20101e-12 1.95383e-12 3.15699e-12 5.04426e-12 7.93522e-12 1.22311e-11 1.83911e-11 2.68604e-11 3.79657e-11 5.17732e-11 6.79567e-11 8.57228e-11 1.03826e-10 1.2071e-10 1.34752e-10 1.44538e-10 1.49118e-10 1.48159e-10 1.41958e-10 1.31348e-10 1.17506e-10 1.0176e-10 8.53946e-11 6.95128e-11 5.49528e-11 4.22477e-11 3.16396e-11 2.31294e-11 1.65435e-11 1.16084e-11 8.01452e-12 5.46096e-12 3.68368e-12 2.46809e-12 1.64638e-12 1.0955e-12 7.27902e-13 4.82361e-13 3.1757e-13 2.02024e-13 1.1586e-13 
1.57696e-14 2.98197e-14 4.79401e-14 7.33679e-14 1.12028e-13 1.74744e-13 2.75629e-13 4.41572e-13 7.14477e-13 1.16106e-12 1.8866e-12 3.0543e-12 4.90708e-12 7.78705e-12 1.2154e-11 1.85676e-11 2.76352e-11 3.98999e-11 5.56658e-11 7.48113e-11 9.66227e-11 1.19751e-10 1.42316e-10 1.62187e-10 1.77356e-10 1.86318e-10 1.88324e-10 1.8346e-10 1.72549e-10 1.56925e-10 1.38175e-10 1.17913e-10 9.75991e-11 7.84248e-11 6.12428e-11 4.65439e-11 3.44885e-11 2.49732e-11 1.77162e-11 1.23485e-11 8.48251e-12 5.76038e-12 3.88012e-12 2.59816e-12 1.73504e-12 1.15588e-12 7.68006e-13 5.06637e-13 3.25825e-13 1.93029e-13 
2.81894e-14 4.79401e-14 7.34511e-14 1.11762e-13 1.70811e-13 2.65468e-13 4.20603e-13 6.73291e-13 1.08725e-12 1.76011e-12 2.84772e-12 4.58623e-12 7.32367e-12 1.15452e-11 1.7885e-11 2.70923e-11 3.99341e-11 5.70161e-11 7.85359e-11 1.04027e-10 1.32197e-10 1.60945e-10 1.87641e-10 2.09576e-10 2.24501e-10 2.31053e-10 2.28948e-10 2.189e-10 2.02351e-10 1.8113e-10 1.57164e-10 1.32275e-10 1.08045e-10 8.57117e-11 6.61114e-11 4.96627e-11 3.64111e-11 2.61208e-11 1.83876e-11 1.27406e-11 8.71649e-12 5.90785e-12 3.97682e-12 2.66632e-12 1.78294e-12 1.18907e-12 7.88183e-13 5.14293e-13 3.1757e-13 1.74322e-13 
2.45764e-14 4.66027e-14 7.34511e-14 1.10574e-13 1.66873e-13 2.55161e-13 3.97231e-13 6.27922e-13 1.00394e-12 1.613e-12 2.60016e-12 4.18392e-12 6.6981e-12 1.06309e-11 1.66482e-11 2.56006e-11 3.84571e-11 5.614e-11 7.9255e-11 1.07749e-10 1.40602e-10 1.75696e-10 2.09993e-10 2.40034e-10 2.62639e-10 2.75573e-10 2.77945e-10 2.70216e-10 2.53878e-10 2.30989e-10 2.0378e-10 1.74413e-10 1.44859e-10 1.16785e-10 9.14631e-11 6.96826e-11 5.17494e-11 3.75559e-11 2.6712e-11 1.86779e-11 1.28811e-11 8.79051e-12 5.95389e-12 4.01222e-12 2.69588e-12 1.80642e-12 1.20559e-12 7.95368e-13 5.06637e-13 2.92465e-13 
4.35384e-14 7.33679e-14 1.10574e-13 1.64337e-13 2.46432e-13 3.77329e-13 5.85927e-13 9.24431e-13 1.47035e-12 2.35163e-12 3.7671e-12 6.02364e-12 9.58463e-12 1.51139e-11 2.35101e-11 3.58857e-11 5.34464e-11 7.72419e-11 1.07763e-10 1.44498e-10 1.85591e-10 2.27835e-10 2.67085e-10 2.99096e-10 3.20464e-10 3.29366e-10 3.25769e-10 3.11116e-10 2.87692e-10 2.58039e-10 2.24635e-10 1.89789e-10 1.55594e-10 1.23816e-10 9.57394e-11 7.20667e-11 5.29414e-11 3.80672e-11 2.6878e-11 1.86961e-11 1.28545e-11 8.76426e-12 5.94222e-12 4.01523e-12 2.70611e-12 1.81704e-12 1.21062e-12 7.88183e-13 4.82361e-13 2.60424e-13 
3.72732e-14 7.19283e-14 1.11762e-13 1.64337e-13 2.42402e-13 3.62563e-13 5.52215e-13 8.56367e-13 1.34394e-12 2.1263e-12 3.37868e-12 5.37434e-12 8.53668e-12 1.34922e-11 2.11336e-11 3.26428e-11 4.94369e-11 7.29656e-11 1.04323e-10 1.43704e-10 1.89847e-10 2.39728e-10 2.88775e-10 3.31676e-10 3.63602e-10 3.8138e-10 3.84112e-10 3.72994e-10 3.50523e-10 3.19608e-10 2.83032e-10 2.43363e-10 2.03038e-10 1.64315e-10 1.29071e-10 9.85678e-11 7.33591e-11 5.33675e-11 3.80745e-11 2.67312e-11 1.85318e-11 1.27288e-11 8.68767e-12 5.90549e-12 4.00433e-12 2.70778e-12 1.82009e-12 1.20559e-12 7.68006e-13 4.40974e-13 
6.66408e-14 1.12028e-13 1.66873e-13 2.42402e-13 3.55097e-13 5.29222e-13 8.045e-13 1.24223e-12 1.93717e-12 3.04212e-12 4.79597e-12 7.57024e-12 1.19345e-11 1.87268e-11 2.91258e-11 4.46518e-11 6.70577e-11 9.8e-11 1.38483e-10 1.88127e-10 2.44545e-10 3.03176e-10 3.57882e-10 4.02291e-10 4.31452e-10 4.43069e-10 4.37727e-10 4.18055e-10 3.87424e-10 3.48989e-10 3.05499e-10 2.59568e-10 2.13847e-10 1.70833e-10 1.32498e-10 1.00006e-10 7.36746e-11 5.3159e-11 3.7701e-11 2.63741e-11 1.82614e-11 1.25556e-11 8.59344e-12 5.86513e-12 3.99324e-12 2.70721e-12 1.81704e-12 1.18907e-12 7.27902e-13 3.90674e-13 
5.87827e-14 1.10791e-13 1.70811e-13 2.46432e-13 3.55097e-13 5.17242e-13 7.70151e-13 1.16605e-12 1.78787e-12 2.76789e-12 4.30982e-12 6.73445e-12 1.05403e-11 1.64819e-11 2.56653e-11 3.96123e-11 6.02344e-11 8.96251e-11 1.29563e-10 1.80727e-10 2.41791e-10 3.08796e-10 3.7529e-10 4.33529e-10 4.76474e-10 4.99797e-10 5.02866e-10 4.8818e-10 4.59677e-10 4.2108e-10 3.75318e-10 3.24965e-10 2.72819e-10 2.21909e-10 1.75014e-10 1.34116e-10 1.00165e-10 7.31656e-11 5.24642e-11 3.70675e-11 2.58964e-11 1.79497e-11 1.23775e-11 8.50866e-12 5.835e-12 3.9884e-12 2.70778e-12 1.80642e-12 1.15588e-12 6.63748e-13 
1.05377e-13 1.74744e-13 2.55161e-13 3.62563e-13 5.17242e-13 7.52552e-13 1.11551e-12 1.67868e-12 2.55629e-12 3.9218e-12 6.04889e-12 9.36222e-12 1.45173e-11 2.25053e-11 3.47556e-11 5.3195e-11 8.01611e-11 1.18053e-10 1.68601e-10 2.31822e-10 3.04964e-10 3.82015e-10 4.54405e-10 5.13022e-10 5.50916e-10 5.65386e-10 5.58222e-10 5.33911e-10 4.97079e-10 4.51034e-10 3.9813e-10 3.40922e-10 2.82693e-10 2.27001e-10 1.76837e-10 1.34046e-10 9.9232e-11 7.20173e-11 5.14387e-11 3.62928e-11 2.53829e-11 1.76491e-11 1.22272e-11 8.45001e-12 5.82444e-12 3.99324e-12 2.70611e-12 1.78294e-12 1.0955e-12 5.86212e-13 
9.30583e-14 1.75049e-13 2.65468e-13 3.77329e-13 5.29222e-13 7.52552e-13 1.09035e-12 1.60808e-12 2.40384e-12 3.62734e-12 5.51152e-12 8.41271e-12 1.28893e-11 1.97921e-11 3.03998e-11 4.65249e-11 7.05514e-11 1.05249e-10 1.53217e-10 2.15868e-10 2.92101e-10 3.77181e-10 4.62627e-10 5.37755e-10 5.92722e-10 6.21813e-10 6.25097e-10 6.07235e-10 5.74129e-10 5.29982e-10 4.76956e-10 4.16904e-10 3.52838e-10 2.88859e-10 2.29055e-10 1.7644e-10 1.32522e-10 9.74479e-11 7.04367e-11 5.024e-11 3.54883e-11 2.49033e-11 1.74027e-11 1.21276e-11 8.42962e-12 5.835e-12 4.00433e-12 2.69588e-12 1.73504e-12 9.97859e-13 
1.67732e-13 2.75629e-13 3.97231e-13 5.52215e-13 7.70151e-13 1.09035e-12 1.57263e-12 2.3052e-12 3.41922e-12 5.10994e-12 7.68155e-12 1.15994e-11 1.75823e-11 2.67222e-11 4.06366e-11 6.15775e-11 9.24158e-11 1.36305e-10 1.95853e-10 2.71768e-10 3.6127e-10 4.57078e-10 5.47986e-10 6.21578e-10 6.68405e-10 6.85466e-10 6.76607e-10 6.49095e-10 6.08852e-10 5.58349e-10 4.98403e-10 4.31006e-10 3.6024e-10 2.91176e-10 2.28216e-10 1.74119e-10 1.29868e-10 9.50972e-11 6.86419e-11 4.9022e-11 3.47511e-11 2.45165e-11 1.72415e-11 1.20935e-11 8.45001e-12 5.86513e-12 4.01523e-12 2.66632e-12 1.64638e-12 8.80331e-13 
1.48962e-13 2.7973e-13 4.20603e-13 5.85927e-13 8.045e-13 1.11551e-12 1.57263e-12 2.25772e-12 3.28583e-12 4.82843e-12 7.14377e-12 1.06211e-11 1.58587e-11 2.37734e-11 3.57421e-11 5.37688e-11 8.05848e-11 1.19536e-10 1.74042e-10 2.46431e-10 3.36203e-10 4.38277e-10 5.42332e-10 6.34472e-10 7.01444e-10 7.35856e-10 7.39049e-10 7.19006e-10 6.84187e-10 6.38529e-10 5.81978e-10 5.14686e-10 4.39788e-10 3.6287e-10 2.89778e-10 2.24854e-10 1.703e-10 1.26468e-10 9.24775e-11 6.68433e-11 4.79194e-11 3.41643e-11 2.42676e-11 1.71867e-11 1.21276e-11 8.50866e-12 5.90549e-12 4.01222e-12 2.59816e-12 1.49964e-12 
2.70523e-13 4.41572e-13 6.27922e-13 8.56367e-13 1.16605e-12 1.60808e-12 2.25772e-12 3.22133e-12 4.6507e-12 6.76887e-12 9.90783e-12 1.45674e-11 2.15065e-11 3.18746e-11 4.73726e-11 7.04286e-11 1.04257e-10 1.52618e-10 2.18999e-10 3.05057e-10 4.08494e-10 5.21283e-10 6.29728e-10 7.17733e-10 7.72786e-10 7.91688e-10 7.8138e-10 7.53015e-10 7.13639e-10 6.63423e-10 6.00207e-10 5.24946e-10 4.42808e-10 3.60818e-10 2.85112e-10 2.19526e-10 1.65503e-10 1.22728e-10 8.98768e-11 6.52283e-11 4.70462e-11 3.37862e-11 2.41808e-11 1.72415e-11 1.22272e-11 8.59344e-12 5.94222e-12 3.97682e-12 2.46809e-12 1.31956e-12 
2.41258e-13 4.52663e-13 6.73291e-13 9.24431e-13 1.24223e-12 1.67868e-12 2.3052e-12 3.22133e-12 4.56542e-12 6.53465e-12 9.41695e-12 1.36352e-11 1.9825e-11 2.89386e-11 4.23865e-11 6.22244e-11 9.13085e-11 1.33304e-10 1.92263e-10 2.71477e-10 3.71436e-10 4.87373e-10 6.07686e-10 7.15292e-10 7.93096e-10 8.31674e-10 8.34215e-10 8.13306e-10 7.8053e-10 7.38451e-10 6.83069e-10 6.11963e-10 5.28475e-10 4.40053e-10 3.5459e-10 2.77889e-10 2.12918e-10 1.60278e-10 1.19045e-10 8.75583e-11 6.39557e-11 4.64867e-11 3.36562e-11 2.42676e-11 1.74027e-11 1.23775e-11 8.68767e-12 5.95389e-12 3.88012e-12 2.24674e-12 
4.40465e-13 7.14477e-13 1.00394e-12 1.34394e-12 1.78787e-12 2.40384e-12 3.28583e-12 4.56542e-12 6.42178e-12 9.11003e-12 1.29967e-11 1.86198e-11 2.67776e-11 3.86385e-11 5.59021e-11 8.09756e-11 1.17124e-10 1.68386e-10 2.3894e-10 3.31523e-10 4.44871e-10 5.70962e-10 6.94144e-10 7.94545e-10 8.56207e-10 8.75678e-10 8.64007e-10 8.37386e-10 8.03564e-10 7.58625e-10 6.96224e-10 6.16182e-10 5.25066e-10 4.32057e-10 3.45069e-10 2.68999e-10 2.05766e-10 1.55159e-10 1.15775e-10 8.5738e-11 6.31441e-11 4.6295e-11 3.37862e-11 2.45165e-11 1.76491e-11 1.25556e-11 8.76426e-12 5.90785e-12 3.68368e-12 1.97327e-12 
3.94589e-13 7.36606e-13 1.08725e-12 1.47035e-12 1.93717e-12 2.55629e-12 3.41922e-12 4.6507e-12 6.42178e-12 8.96334e-12 1.25996e-11 1.77965e-11 2.52327e-11 3.58923e-11 5.11829e-11 7.30902e-11 1.04352e-10 1.48587e-10 2.10105e-10 2.9298e-10 3.98943e-10 5.24203e-10 6.56694e-10 7.76654e-10 8.62923e-10 9.03742e-10 9.04575e-10 8.83915e-10 8.56824e-10 8.22961e-10 7.72887e-10 7.01375e-10 6.12322e-10 5.15208e-10 4.19869e-10 3.33391e-10 2.59409e-10 1.98784e-10 1.50629e-10 1.13214e-10 8.45783e-11 6.2865e-11 4.64867e-11 3.41643e-11 2.49033e-11 1.79497e-11 1.27288e-11 8.79051e-12 5.76038e-12 3.34856e-12 
7.19142e-13 1.16106e-12 1.613e-12 2.1263e-12 2.76789e-12 3.62734e-12 4.82843e-12 6.53465e-12 8.96334e-12 1.241e-11 1.72854e-11 2.41779e-11 3.39294e-11 4.77297e-11 6.72287e-11 9.46758e-11 1.33098e-10 1.86394e-10 2.59001e-10 3.54575e-10 4.73203e-10 6.07669e-10 7.41255e-10 8.50712e-10 9.16202e-10 9.342e-10 9.20887e-10 8.98279e-10 8.73758e-10 8.3771e-10 7.79209e-10 6.97454e-10 6.00698e-10 5.00083e-10 4.049e-10 3.20803e-10 2.50069e-10 1.92621e-10 1.47092e-10 1.11588e-10 8.41807e-11 6.31441e-11 4.70462e-11 3.47511e-11 2.53829e-11 1.82614e-11 1.28545e-11 8.71649e-12 5.46096e-12 2.93138e-12 
6.4555e-13 1.20101e-12 1.76011e-12 2.35163e-12 3.04212e-12 3.9218e-12 5.10994e-12 6.76887e-12 9.11003e-12 1.241e-11 1.7041e-11 2.35213e-11 3.25841e-11 4.52526e-11 6.29307e-11 8.74933e-11 1.21421e-10 1.67973e-10 2.31229e-10 3.15545e-10 4.23686e-10 5.53275e-10 6.92759e-10 8.20466e-10 9.1134e-10 9.5131e-10 9.49038e-10 9.29683e-10 9.10914e-10 8.87921e-10 8.45297e-10 7.75768e-10 6.84397e-10 5.82543e-10 4.81391e-10 3.88736e-10 3.08543e-10 2.41831e-10 1.87815e-10 1.44845e-10 1.1103e-10 8.45783e-11 6.39557e-11 4.79194e-11 3.54883e-11 2.58964e-11 1.85318e-11 1.28811e-11 8.48251e-12 4.94866e-12 
1.17487e-12 1.8866e-12 2.60016e-12 3.37868e-12 4.30982e-12 5.51152e-12 7.14377e-12 9.41695e-12 1.25996e-11 1.7041e-11 2.32078e-11 3.17448e-11 4.35476e-11 5.98336e-11 8.2211e-11 1.12755e-10 1.54135e-10 2.09759e-10 2.83747e-10 3.80043e-10 4.99889e-10 6.37477e-10 7.75863e-10 8.88928e-10 9.53945e-10 9.68059e-10 9.53313e-10 9.36531e-10 9.22932e-10 8.96526e-10 8.42915e-10 7.61837e-10 6.63339e-10 5.59824e-10 4.61101e-10 3.72962e-10 2.9773e-10 2.3541e-10 1.84765e-10 1.44076e-10 1.11588e-10 8.5738e-11 6.52283e-11 4.9022e-11 3.62928e-11 2.63741e-11 1.86961e-11 1.27406e-11 8.01452e-12 4.31438e-12 
1.05366e-12 1.95383e-12 2.84772e-12 3.7671e-12 4.79597e-12 6.04889e-12 7.68155e-12 9.90783e-12 1.29967e-11 1.72854e-11 2.32078e-11 3.13428e-11 4.24809e-11 5.76902e-11 7.83845e-11 1.06363e-10 1.43867e-10 1.93676e-10 2.59239e-10 3.44481e-10 4.52524e-10 5.82259e-10 7.22945e-10 8.5166e-10 9.4103e-10 9.76551e-10 9.70632e-10 9.53862e-10 9.44523e-10 9.31749e-10 8.95639e-10 8.28837e-10 7.3824e-10 6.36467e-10 5.34939e-10 4.41216e-10 3.59024e-10 2.89296e-10 2.31337e-10 1.83721e-10 1.44845e-10 1.13214e-10 8.75583e-11 6.68433e-11 5.024e-11 3.70675e-11 2.67312e-11 1.86779e-11 1.23485e-11 7.23192e-12 
1.90774e-12 3.0543e-12 4.18392e-12 5.37434e-12 6.73445e-12 8.41271e-12 1.06211e-11 1.36352e-11 1.77965e-11 2.35213e-11 3.13428e-11 4.19681e-11 5.6347e-11 7.57313e-11 1.01724e-10 1.36292e-10 1.81771e-10 2.40935e-10 3.17091e-10 4.13753e-10 5.32667e-10 6.68757e-10 8.05005e-10 9.14375e-10 9.73395e-10 9.81781e-10 9.66047e-10 9.55977e-10 9.52027e-10 9.32386e-10 8.82195e-10 8.03295e-10 7.07287e-10 6.06634e-10 5.10385e-10 4.23588e-10 3.48139e-10 2.83945e-10 2.29942e-10 1.84765e-10 1.47092e-10 1.15775e-10 8.98768e-11 6.86419e-11 5.14387e-11 3.7701e-11 2.6878e-11 1.83876e-11 1.16084e-11 6.27137e-12 
1.70748e-12 3.15699e-12 4.58623e-12 6.02364e-12 7.57024e-12 9.36222e-12 1.15994e-11 1.45674e-11 1.86198e-11 2.41779e-11 3.17448e-11 4.19681e-11 5.57018e-11 7.40707e-11 9.85161e-11 1.30814e-10 1.73035e-10 2.27477e-10 2.96729e-10 3.83846e-10 4.91679e-10 6.19207e-10 7.55809e-10 8.78659e-10 9.59952e-10 9.86696e-10 9.75269e-10 9.61234e-10 9.59828e-10 9.53474e-10 9.20183e-10 8.55476e-10 7.6856e-10 6.72307e-10 5.76922e-10 4.88505e-10 4.09784e-10 3.41226e-10 2.82113e-10 2.31337e-10 1.87815e-10 1.50629e-10 1.19045e-10 9.24775e-11 7.04367e-11 5.24642e-11 3.80745e-11 2.6712e-11 1.77162e-11 1.04151e-11 
3.07018e-12 4.90708e-12 6.6981e-12 8.53668e-12 1.05403e-11 1.28893e-11 1.58587e-11 1.9825e-11 2.52327e-11 3.25841e-11 4.24809e-11 5.57018e-11 7.32758e-11 9.65211e-11 1.2706e-10 1.66783e-10 2.17725e-10 2.81955e-10 3.61785e-10 4.59952e-10 5.77623e-10 7.09834e-10 8.39863e-10 9.39913e-10 9.86904e-10 9.83444e-10 9.641e-10 9.58764e-10 9.6024e-10 9.42625e-10 8.93103e-10 8.17485e-10 7.28421e-10 6.37055e-10 5.50272e-10 4.7131e-10 4.01001e-10 3.38856e-10 2.83945e-10 2.3541e-10 1.92621e-10 1.55159e-10 1.22728e-10 9.50972e-11 7.20173e-11 5.3159e-11 3.80672e-11 2.61208e-11 1.65435e-11 8.97436e-12 
2.7337e-12 5.04426e-12 7.32367e-12 9.58463e-12 1.19345e-11 1.45173e-11 1.75823e-11 2.15065e-11 2.67776e-11 3.39294e-11 4.35476e-11 5.6347e-11 7.32758e-11 9.55733e-11 1.24758e-10 1.62568e-10 2.1087e-10 2.71487e-10 3.46167e-10 4.36885e-10 5.45248e-10 6.70383e-10 8.02592e-10 9.17418e-10 9.85001e-10 9.93123e-10 9.68773e-10 9.53106e-10 9.55308e-10 9.49941e-10 9.1587e-10 8.52582e-10 7.72398e-10 6.87396e-10 6.05198e-10 5.29235e-10 4.60342e-10 3.97989e-10 3.41226e-10 2.89296e-10 2.41831e-10 1.98784e-10 1.60278e-10 1.26468e-10 9.74479e-11 7.31656e-11 5.33675e-11 3.75559e-11 2.49732e-11 1.47379e-11 
4.86953e-12 7.78705e-12 1.06309e-11 1.34922e-11 1.64819e-11 1.97921e-11 2.37734e-11 2.89386e-11 3.58923e-11 4.52526e-11 5.76902e-11 7.40707e-11 9.55733e-11 1.23678e-10 1.60037e-10 2.06353e-10 2.64307e-10 3.35485e-10 4.21217e-10 5.22226e-10 6.39345e-10 7.69368e-10 8.94589e-10 9.82329e-10 1.00607e-09 9.79529e-10 9.48532e-10 9.42283e-10 9.43744e-10 9.23775e-10 8.73764e-10 8.03045e-10 7.2557e-10 6.5002e-10 5.79938e-10 5.15781e-10 4.56575e-10 4.01001e-10 3.48139e-10 2.9773e-10 2.50069e-10 2.05766e-10 1.65503e-10 1.29868e-10 9.9232e-11 7.36746e-11 5.29414e-11 3.64111e-11 2.31294e-11 1.26037e-11 
4.3021e-12 7.93522e-12 1.15452e-11 1.51139e-11 1.87268e-11 2.25053e-11 2.67222e-11 3.18746e-11 3.86385e-11 4.77297e-11 5.98336e-11 7.57313e-11 9.65211e-11 1.23678e-10 1.58874e-10 2.03707e-10 2.59673e-10 3.28348e-10 4.11046e-10 5.07552e-10 6.17938e-10 7.42773e-10 8.724e-10 9.77506e-10 1.02079e-09 9.9782e-10 9.50537e-10 9.26817e-10 9.26448e-10 9.17813e-10 8.81213e-10 8.2075e-10 7.50683e-10 6.82562e-10 6.20284e-10 5.63749e-10 5.11154e-10 4.60342e-10 4.09784e-10 3.59024e-10 3.08543e-10 2.59409e-10 2.12918e-10 1.703e-10 1.32522e-10 1.00165e-10 7.33591e-11 5.17494e-11 3.44885e-11 2.04332e-11 
7.57788e-12 1.2154e-11 1.66482e-11 2.11336e-11 2.56653e-11 3.03998e-11 3.57421e-11 4.23865e-11 5.11829e-11 6.29307e-11 7.83845e-11 9.85161e-11 1.24758e-10 1.58874e-10 2.02516e-10 2.56997e-10 3.23747e-10 4.04374e-10 4.98723e-10 6.05569e-10 7.25425e-10 8.54345e-10 9.70238e-10 1.03234e-09 1.01972e-09 9.60496e-10 9.14227e-10 9.02446e-10 8.99252e-10 8.75937e-10 8.26435e-10 7.63688e-10 7.02224e-10 6.48305e-10 6.01218e-10 5.58177e-10 5.15781e-10 4.7131e-10 4.23588e-10 3.72962e-10 3.20803e-10 2.68999e-10 2.19526e-10 1.74119e-10 1.34046e-10 1.00006e-10 7.20667e-11 4.96627e-11 3.16396e-11 1.73213e-11 
6.62325e-12 1.22311e-11 1.7885e-11 2.35101e-11 2.91258e-11 3.47556e-11 4.06366e-11 4.73726e-11 5.59021e-11 6.72287e-11 8.2211e-11 1.01724e-10 1.2706e-10 1.60037e-10 2.02516e-10 2.55792e-10 3.20988e-10 3.99839e-10 4.92932e-10 5.99169e-10 7.17334e-10 8.44629e-10 9.65485e-10 1.04129e-09 1.03954e-09 9.7536e-10 9.05761e-10 8.75372e-10 8.70756e-10 8.58622e-10 8.21854e-10 7.6653e-10 7.10454e-10 6.6371e-10 6.26414e-10 5.94662e-10 5.63749e-10 5.29235e-10 4.88505e-10 4.41216e-10 3.88736e-10 3.33391e-10 2.77889e-10 2.24854e-10 1.7644e-10 1.34116e-10 9.85678e-11 6.96826e-11 4.65439e-11 2.76858e-11 
1.15203e-11 1.85676e-11 2.56006e-11 3.26428e-11 3.96123e-11 4.65249e-11 5.37688e-11 6.22244e-11 7.30902e-11 8.74933e-11 1.06363e-10 1.30814e-10 1.62568e-10 2.03707e-10 2.55792e-10 3.19652e-10 3.96713e-10 4.88422e-10 5.95304e-10 7.15575e-10 8.43523e-10 9.67952e-10 1.0558e-09 1.06368e-09 9.94816e-10 9.0313e-10 8.46483e-10 8.34359e-10 8.30759e-10 8.07994e-10 7.62222e-10 7.1012e-10 6.68366e-10 6.39339e-10 6.18915e-10 6.01218e-10 5.79938e-10 5.50272e-10 5.10385e-10 4.61101e-10 4.049e-10 3.45069e-10 2.85112e-10 2.28216e-10 1.76837e-10 1.32498e-10 9.57394e-11 6.61114e-11 4.22477e-11 2.32359e-11 
9.93591e-12 1.83911e-11 2.70923e-11 3.58857e-11 4.46518e-11 5.3195e-11 6.15775e-11 7.04286e-11 8.09756e-11 9.46758e-11 1.12755e-10 1.36292e-10 1.66783e-10 2.06353e-10 2.56997e-10 3.19652e-10 3.94931e-10 4.84563e-10 5.9185e-10 7.16892e-10 8.4966e-10 9.77837e-10 1.07827e-09 1.10099e-09 1.03127e-09 9.12951e-10 8.22386e-10 7.92678e-10 7.94349e-10 7.86208e-10 7.53092e-10 7.05391e-10 6.65753e-10 6.42204e-10 6.31065e-10 6.26414e-10 6.20284e-10 6.05198e-10 5.76922e-10 5.34939e-10 4.81391e-10 4.19869e-10 3.5459e-10 2.89778e-10 2.29055e-10 1.75014e-10 1.29071e-10 9.14631e-11 6.12428e-11 3.65772e-11 
1.70339e-11 2.76352e-11 3.84571e-11 4.94369e-11 6.02344e-11 7.05514e-11 8.05848e-11 9.13085e-11 1.04352e-10 1.21421e-10 1.43867e-10 1.73035e-10 2.1087e-10 2.59673e-10 3.20988e-10 3.94931e-10 4.82002e-10 5.88272e-10 7.18569e-10 8.60763e-10 9.98151e-10 1.10819e-09 1.14908e-09 1.09457e-09 9.52364e-10 8.14303e-10 7.55447e-10 7.55263e-10 7.59628e-10 7.41889e-10 7.00197e-10 6.60515e-10 6.3886e-10 6.33479e-10 6.39339e-10 6.48305e-10 6.5002e-10 6.37055e-10 6.06634e-10 5.59824e-10 5.00083e-10 4.32057e-10 3.60818e-10 2.91176e-10 2.27001e-10 1.70833e-10 1.23816e-10 8.57117e-11 5.49528e-11 3.03554e-11 
1.44692e-11 2.68604e-11 3.99341e-11 5.34464e-11 6.70577e-11 8.01611e-11 9.24158e-11 1.04257e-10 1.17124e-10 1.33098e-10 1.54135e-10 1.81771e-10 2.17725e-10 2.64307e-10 3.23747e-10 3.96713e-10 4.82002e-10 5.85742e-10 7.19561e-10 8.72878e-10 1.02457e-09 1.15156e-09 1.21203e-09 1.17374e-09 1.03148e-09 8.43131e-10 7.33076e-10 7.25394e-10 7.38071e-10 7.32457e-10 6.99563e-10 6.57193e-10 6.33822e-10 6.30148e-10 6.42204e-10 6.6371e-10 6.82562e-10 6.87396e-10 6.72307e-10 6.36467e-10 5.82543e-10 5.15208e-10 4.40053e-10 3.6287e-10 2.88859e-10 2.21909e-10 1.64315e-10 1.16785e-10 7.84248e-11 4.70274e-11 
2.44108e-11 3.98999e-11 5.614e-11 7.29656e-11 8.96251e-11 1.05249e-10 1.19536e-10 1.33304e-10 1.48587e-10 1.67973e-10 1.93676e-10 2.27477e-10 2.71487e-10 3.28348e-10 3.99839e-10 4.84563e-10 5.85742e-10 7.20331e-10 8.8368e-10 1.05134e-09 1.19648e-09 1.29034e-09 1.27077e-09 1.12882e-09 9.32912e-10 7.51754e-10 7.11653e-10 7.38572e-10 7.38592e-10 7.06958e-10 6.62436e-10 6.30997e-10 6.25449e-10 6.3886e-10 6.68366e-10 7.02224e-10 7.2557e-10 7.28421e-10 7.07287e-10 6.63339e-10 6.00698e-10 5.25066e-10 4.42808e-10 3.6024e-10 2.82693e-10 2.13847e-10 1.55594e-10 1.08045e-10 6.95128e-11 3.85394e-11 
2.03887e-11 3.79657e-11 5.70161e-11 7.72419e-11 9.8e-11 1.18053e-10 1.36305e-10 1.52618e-10 1.68386e-10 1.86394e-10 2.09759e-10 2.40935e-10 2.81955e-10 3.35485e-10 4.04374e-10 4.88422e-10 5.88272e-10 7.20331e-10 8.92363e-10 1.07312e-09 1.24194e-09 1.36641e-09 1.3831e-09 1.26677e-09 1.03791e-09 8.19655e-10 7.30698e-10 7.68786e-10 7.80077e-10 7.37727e-10 6.80434e-10 6.36975e-10 6.22753e-10 6.33822e-10 6.65753e-10 7.10454e-10 7.50683e-10 7.72398e-10 7.6856e-10 7.3824e-10 6.84397e-10 6.12322e-10 5.28475e-10 4.39788e-10 3.52838e-10 2.72819e-10 2.03038e-10 1.44859e-10 9.75991e-11 5.87438e-11 
3.37975e-11 5.56658e-11 7.9255e-11 1.04323e-10 1.29563e-10 1.53217e-10 1.74042e-10 1.92263e-10 2.10105e-10 2.31229e-10 2.59239e-10 2.96729e-10 3.46167e-10 4.11046e-10 4.92932e-10 5.9185e-10 7.19561e-10 8.92363e-10 1.09135e-09 1.27093e-09 1.45336e-09 1.51901e-09 1.4112e-09 1.17526e-09 8.89447e-10 7.64879e-10 8.17944e-10 8.57224e-10 8.11084e-10 7.28131e-10 6.56797e-10 6.28028e-10 6.30997e-10 6.60515e-10 7.1012e-10 7.63688e-10 8.03045e-10 8.17485e-10 8.03295e-10 7.61837e-10 6.97454e-10 6.16182e-10 5.24946e-10 4.31006e-10 3.40922e-10 2.59568e-10 1.89789e-10 1.32275e-10 8.53946e-11 4.74691e-11 
2.77353e-11 5.17732e-11 7.85359e-11 1.07763e-10 1.38483e-10 1.68601e-10 1.95853e-10 2.18999e-10 2.3894e-10 2.59001e-10 2.83747e-10 3.17091e-10 3.61785e-10 4.21217e-10 4.98723e-10 5.95304e-10 7.18569e-10 8.8368e-10 1.09135e-09 1.28889e-09 1.51336e-09 1.64941e-09 1.59321e-09 1.31201e-09 1.01173e-09 8.06952e-10 8.60312e-10 9.5037e-10 9.16605e-10 8.22184e-10 7.11214e-10 6.46122e-10 6.36975e-10 6.57193e-10 7.05391e-10 7.6653e-10 8.2075e-10 8.52582e-10 8.55476e-10 8.28837e-10 7.75768e-10 7.01375e-10 6.11963e-10 5.14686e-10 4.16904e-10 3.24965e-10 2.43363e-10 1.74413e-10 1.17913e-10 7.11885e-11 
4.51067e-11 7.48113e-11 1.07749e-10 1.43704e-10 1.80727e-10 2.15868e-10 2.46431e-10 2.71477e-10 2.9298e-10 3.15545e-10 3.44481e-10 3.83846e-10 4.36885e-10 5.07552e-10 5.99169e-10 7.16892e-10 8.72878e-10 1.07312e-09 1.28889e-09 1.53726e-09 1.75552e-09 1.74862e-09 1.48304e-09 1.12141e-09 9.05782e-10 8.93265e-10 1.03422e-09 1.06171e-09 9.57223e-10 8.14434e-10 7.00807e-10 6.56797e-10 6.62436e-10 7.00197e-10 7.62222e-10 8.26435e-10 8.73764e-10 8.93103e-10 8.82195e-10 8.42915e-10 7.79209e-10 6.96224e-10 6.00207e-10 4.98403e-10 3.9813e-10 3.05499e-10 2.24635e-10 1.57164e-10 1.0176e-10 5.66379e-11 
3.63547e-11 6.79567e-11 1.04027e-10 1.44498e-10 1.88127e-10 2.31822e-10 2.71768e-10 3.05057e-10 3.31523e-10 3.54575e-10 3.80043e-10 4.13753e-10 4.59952e-10 5.22226e-10 6.05569e-10 7.15575e-10 8.60763e-10 1.05134e-09 1.27093e-09 1.53726e-09 1.81882e-09 1.83851e-09 1.63846e-09 1.19797e-09 8.09587e-10 8.54202e-10 1.07001e-09 1.23098e-09 1.18892e-09 9.66964e-10 8.08221e-10 7.11214e-10 6.80434e-10 6.99563e-10 7.53092e-10 8.21854e-10 8.81213e-10 9.1587e-10 9.20183e-10 8.95639e-10 8.45297e-10 7.72887e-10 6.83069e-10 5.81978e-10 4.76956e-10 3.75318e-10 2.83032e-10 2.0378e-10 1.38175e-10 8.359e-11 
5.79329e-11 9.66227e-11 1.40602e-10 1.89847e-10 2.41791e-10 2.92101e-10 3.36203e-10 3.71436e-10 3.98943e-10 4.23686e-10 4.52524e-10 4.91679e-10 5.45248e-10 6.17938e-10 7.17334e-10 8.4966e-10 1.02457e-09 1.24194e-09 1.51336e-09 1.81882e-09 1.91994e-09 1.70685e-09 1.13103e-09 5.75961e-10 7.20951e-10 1.10571e-09 1.37512e-09 1.45201e-09 1.29699e-09 9.75397e-10 8.14434e-10 7.28131e-10 7.06958e-10 7.41889e-10 8.07994e-10 8.75937e-10 9.23775e-10 9.42625e-10 9.32386e-10 8.96526e-10 8.3771e-10 7.58625e-10 6.63423e-10 5.58349e-10 4.51034e-10 3.48989e-10 2.58039e-10 1.8113e-10 1.17506e-10 6.53732e-11 
4.58634e-11 8.57228e-11 1.32197e-10 1.85591e-10 2.44545e-10 3.04964e-10 3.6127e-10 4.08494e-10 4.44871e-10 4.73203e-10 4.99889e-10 5.32667e-10 5.77623e-10 6.39345e-10 7.25425e-10 8.43523e-10 9.98151e-10 1.19648e-09 1.45336e-09 1.75552e-09 1.91994e-09 1.74699e-09 1.16174e-09 3.04802e-10 5.56895e-10 1.12107e-09 1.50652e-09 1.72189e-09 1.68214e-09 1.36532e-09 9.66964e-10 8.22184e-10 7.37727e-10 7.32457e-10 7.86208e-10 8.58622e-10 9.17813e-10 9.49941e-10 9.53474e-10 9.31749e-10 8.87921e-10 8.22961e-10 7.38451e-10 6.38529e-10 5.29982e-10 4.2108e-10 3.19608e-10 2.30989e-10 1.56925e-10 9.49914e-11 
7.15278e-11 1.19751e-10 1.75696e-10 2.39728e-10 3.08796e-10 3.77181e-10 4.38277e-10 4.87373e-10 5.24203e-10 5.53275e-10 5.82259e-10 6.19207e-10 6.70383e-10 7.42773e-10 8.44629e-10 9.77837e-10 1.15156e-09 1.36641e-09 1.64941e-09 1.83851e-09 1.74699e-09 1.13013e-09 2.30451e-10 8.7891e-10 1.55959e-09 1.95798e-09 1.99118e-09 1.92831e-09 1.73284e-09 1.29699e-09 9.57223e-10 8.11084e-10 7.38592e-10 7.59628e-10 8.30759e-10 8.99252e-10 9.43744e-10 9.6024e-10 9.52027e-10 9.22932e-10 8.73758e-10 8.03564e-10 7.13639e-10 6.08852e-10 4.97079e-10 3.87424e-10 2.87692e-10 2.02351e-10 1.31348e-10 7.29141e-11 
5.56463e-11 1.03826e-10 1.60945e-10 2.27835e-10 3.03176e-10 3.82015e-10 4.57078e-10 5.21283e-10 5.70962e-10 6.07669e-10 6.37477e-10 6.68757e-10 7.09834e-10 7.69368e-10 8.54345e-10 9.67952e-10 1.10819e-09 1.29034e-09 1.51901e-09 1.74862e-09 1.70685e-09 1.13013e-09 1.96355e-10 1.11141e-09 1.85293e-09 2.36024e-09 2.61269e-09 2.2031e-09 2.06948e-09 1.68214e-09 1.18892e-09 9.16605e-10 7.80077e-10 7.38071e-10 7.94349e-10 8.70756e-10 9.26448e-10 9.55308e-10 9.59828e-10 9.44523e-10 9.10914e-10 8.56824e-10 7.8053e-10 6.84187e-10 5.74129e-10 4.59677e-10 3.50523e-10 2.53878e-10 1.72549e-10 1.04354e-10 
8.48568e-11 1.42316e-10 2.09993e-10 2.88775e-10 3.7529e-10 4.62627e-10 5.42332e-10 6.07686e-10 6.56694e-10 6.92759e-10 7.22945e-10 7.55809e-10 8.02592e-10 8.724e-10 9.65485e-10 1.07827e-09 1.21203e-09 1.3831e-09 1.59321e-09 1.63846e-09 1.16174e-09 1.96355e-10 1.22711e-09 1.9563e-09 2.58657e-09 2.99958e-09 2.88753e-09 2.28962e-09 1.92831e-09 1.45201e-09 1.06171e-09 8.57224e-10 7.38572e-10 7.55263e-10 8.34359e-10 9.02446e-10 9.42283e-10 9.58764e-10 9.55977e-10 9.36531e-10 8.98279e-10 8.37386e-10 7.53015e-10 6.49095e-10 5.33911e-10 4.18055e-10 3.11116e-10 2.189e-10 1.41958e-10 7.85006e-11 
6.49149e-11 1.2071e-10 1.87641e-10 2.67085e-10 3.57882e-10 4.54405e-10 5.47986e-10 6.29728e-10 6.94144e-10 7.41255e-10 7.75863e-10 8.05005e-10 8.39863e-10 8.94589e-10 9.70238e-10 1.0558e-09 1.14908e-09 1.27077e-09 1.4112e-09 1.48304e-09 1.13103e-09 2.30451e-10 1.22711e-09 2.0668e-09 4.60032e-09 5.36889e-09 3.37708e-09 2.99034e-09 2.2031e-09 1.72189e-09 1.23098e-09 9.5037e-10 7.68786e-10 7.25394e-10 7.92678e-10 8.75372e-10 9.26817e-10 9.53106e-10 9.61234e-10 9.53862e-10 9.29683e-10 8.83915e-10 8.13306e-10 7.19006e-10 6.07235e-10 4.8818e-10 3.72994e-10 2.70216e-10 1.8346e-10 1.107e-10 
9.67278e-11 1.62187e-10 2.40034e-10 3.31676e-10 4.33529e-10 5.37755e-10 6.34472e-10 7.15292e-10 7.76654e-10 8.20466e-10 8.5166e-10 8.78659e-10 9.17418e-10 9.77506e-10 1.04129e-09 1.10099e-09 1.17374e-09 1.26677e-09 1.31201e-09 1.19797e-09 3.04802e-10 1.11141e-09 2.0668e-09 4.92493e-09 6.09367e-09 6.25269e-09 3.50217e-09 2.88753e-09 1.99118e-09 1.37512e-09 1.03422e-09 8.17944e-10 7.11653e-10 7.55447e-10 8.46483e-10 9.14227e-10 9.48532e-10 9.641e-10 9.66047e-10 9.53313e-10 9.20887e-10 8.64007e-10 7.8138e-10 6.76607e-10 5.58222e-10 4.37727e-10 3.25769e-10 2.28948e-10 1.48159e-10 8.15067e-11 
7.28141e-11 1.34752e-10 2.09576e-10 2.99096e-10 4.02291e-10 5.13022e-10 6.21578e-10 7.17733e-10 7.94545e-10 8.50712e-10 8.88928e-10 9.14375e-10 9.39913e-10 9.82329e-10 1.03234e-09 1.06368e-09 1.09457e-09 1.12882e-09 1.17526e-09 1.12141e-09 5.75961e-10 8.7891e-10 1.9563e-09 4.92493e-09 6.45606e-09 7.02654e-09 6.53368e-09 3.37708e-09 2.61269e-09 1.50652e-09 1.07001e-09 8.60312e-10 7.30698e-10 7.33076e-10 8.22386e-10 9.05761e-10 9.50537e-10 9.68773e-10 9.75269e-10 9.70632e-10 9.49038e-10 9.04575e-10 8.34215e-10 7.39049e-10 6.25097e-10 5.02866e-10 3.84112e-10 2.77945e-10 1.88324e-10 1.1327e-10 
1.05978e-10 1.77356e-10 2.62639e-10 3.63602e-10 4.76474e-10 5.92722e-10 7.01444e-10 7.93096e-10 8.62923e-10 9.1134e-10 9.4103e-10 9.59952e-10 9.85001e-10 1.02079e-09 1.03954e-09 1.03127e-09 1.03148e-09 1.03791e-09 1.01173e-09 8.09587e-10 5.56895e-10 1.85293e-09 4.60032e-09 6.45606e-09 7.38998e-09 7.31958e-09 6.25269e-09 2.99958e-09 1.95798e-09 1.10571e-09 8.93265e-10 7.64879e-10 7.51754e-10 8.14303e-10 9.0313e-10 9.60496e-10 9.79529e-10 9.83444e-10 9.81781e-10 9.68059e-10 9.342e-10 8.75678e-10 7.91688e-10 6.85466e-10 5.65386e-10 4.43069e-10 3.29366e-10 2.31053e-10 1.49118e-10 8.15455e-11 
7.85532e-11 1.44538e-10 2.24501e-10 3.20464e-10 4.31452e-10 5.50916e-10 6.68405e-10 7.72786e-10 8.56207e-10 9.16202e-10 9.53945e-10 9.73395e-10 9.86904e-10 1.00607e-09 1.01972e-09 9.94816e-10 9.52364e-10 9.32912e-10 8.89447e-10 9.05782e-10 7.20951e-10 1.55959e-09 2.58657e-09 6.09367e-09 7.38998e-09 7.70084e-09 7.02654e-09 5.36889e-09 2.36024e-09 1.12107e-09 8.54202e-10 8.06952e-10 8.19655e-10 8.43131e-10 9.12951e-10 9.7536e-10 9.9782e-10 9.93123e-10 9.86696e-10 9.76551e-10 9.51309e-10 9.03742e-10 8.31674e-10 7.35856e-10 6.21813e-10 4.99797e-10 3.8138e-10 2.75573e-10 1.86318e-10 1.11673e-10 
1.11673e-10 1.86318e-10 2.75573e-10 3.8138e-10 4.99797e-10 6.21813e-10 7.35856e-10 8.31674e-10 9.03742e-10 9.51309e-10 9.76551e-10 9.86696e-10 9.93123e-10 9.9782e-10 9.7536e-10 9.12951e-10 8.43131e-10 8.19655e-10 8.06952e-10 8.54202e-10 1.12107e-09 2.36024e-09 5.36889e-09 7.02654e-09 7.70084e-09 7.38998e-09 6.09367e-09 2.58657e-09 1.55959e-09 7.20951e-10 9.05782e-10 8.89447e-10 9.32912e-10 9.52364e-10 9.94816e-10 1.01972e-09 1.00607e-09 9.86904e-10 9.73395e-10 9.53945e-10 9.16202e-10 8.56207e-10 7.72786e-10 6.68405e-10 5.50916e-10 4.31452e-10 3.20464e-10 2.24501e-10 1.44538e-10 7.85532e-11 
8.15455e-11 1.49118e-10 2.31053e-10 3.29366e-10 4.43069e-10 5.65386e-10 6.85466e-10 7.91688e-10 8.75678e-10 9.342e-10 9.68059e-10 9.81781e-10 9.83444e-10 9.79529e-10 9.60496e-10 9.0313e-10 8.14303e-10 7.51754e-10 7.64879e-10 8.93265e-10 1.10571e-09 1.95798e-09 2.99958e-09 6.25269e-09 7.31958e-09 7.38998e-09 6.45606e-09 4.60032e-09 1.85293e-09 5.56895e-10 8.09587e-10 1.01173e-09 1.03791e-09 1.03148e-09 1.03127e-09 1.03954e-09 1.02079e-09 9.85001e-10 9.59952e-10 9.4103e-10 9.1134e-10 8.62923e-10 7.93096e-10 7.01444e-10 5.92722e-10 4.76474e-10 3.63602e-10 2.62639e-10 1.77356e-10 1.05978e-10 
1.1327e-10 1.88324e-10 2.77945e-10 3.84112e-10 5.02866e-10 6.25097e-10 7.39049e-10 8.34215e-10 9.04575e-10 9.49038e-10 9.70632e-10 9.75269e-10 9.68773e-10 9.50537e-10 9.05761e-10 8.22386e-10 7.33076e-10 7.30698e-10 8.60312e-10 1.07001e-09 1.50652e-09 2.61269e-09 3.37708e-09 6.53368e-09 7.02654e-09 6.45606e-09 4.92493e-09 1.9563e-09 8.7891e-10 5.75961e-10 1.12141e-09 1.17526e-09 1.12882e-09 1.09457e-09 1.06368e-09 1.03234e-09 9.82329e-10 9.39913e-10 9.14375e-10 8.88928e-10 8.50712e-10 7.94545e-10 7.17733e-10 6.21578e-10 5.13022e-10 4.02291e-10 2.99096e-10 2.09576e-10 1.34752e-10 7.28141e-11 
8.15067e-11 1.48159e-10 2.28948e-10 3.25769e-10 4.37727e-10 5.58222e-10 6.76607e-10 7.8138e-10 8.64007e-10 9.20887e-10 9.53313e-10 9.66047e-10 9.641e-10 9.48532e-10 9.14227e-10 8.46483e-10 7.55447e-10 7.11653e-10 8.17944e-10 1.03422e-09 1.37512e-09 1.99118e-09 2.88753e-09 3.50217e-09 6.25269e-09 6.09367e-09 4.92493e-09 2.0668e-09 1.11141e-09 3.04802e-10 1.19797e-09 1.31201e-09 1.26677e-09 1.17374e-09 1.10099e-09 1.04129e-09 9.77506e-10 9.17418e-10 8.78659e-10 8.5166e-10 8.20466e-10 7.76654e-10 7.15292e-10 6.34472e-10 5.37755e-10 4.33529e-10 3.31676e-10 2.40034e-10 1.62187e-10 9.67278e-11 
1.107e-10 1.8346e-10 2.70216e-10 3.72994e-10 4.8818e-10 6.07235e-10 7.19006e-10 8.13306e-10 8.83915e-10 9.29683e-10 9.53862e-10 9.61234e-10 9.53106e-10 9.26817e-10 8.75372e-10 7.92678e-10 7.25394e-10 7.68786e-10 9.5037e-10 1.23098e-09 1.72189e-09 2.2031e-09 2.99034e-09 3.37708e-09 5.36889e-09 4.60032e-09 2.0668e-09 1.22711e-09 2.30451e-10 1.13103e-09 1.48304e-09 1.4112e-09 1.27077e-09 1.14908e-09 1.0558e-09 9.70238e-10 8.94589e-10 8.39863e-10 8.05005e-10 7.75863e-10 7.41255e-10 6.94144e-10 6.29728e-10 5.47986e-10 4.54405e-10 3.57882e-10 2.67085e-10 1.87641e-10 1.2071e-10 6.49149e-11 
7.85006e-11 1.41958e-10 2.189e-10 3.11116e-10 4.18055e-10 5.33911e-10 6.49095e-10 7.53015e-10 8.37386e-10 8.98279e-10 9.36531e-10 9.55977e-10 9.58764e-10 9.42283e-10 9.02446e-10 8.34359e-10 7.55263e-10 7.38572e-10 8.57224e-10 1.06171e-09 1.45201e-09 1.92831e-09 2.28962e-09 2.88753e-09 2.99958e-09 2.58657e-09 1.9563e-09 1.22711e-09 1.96355e-10 1.16174e-09 1.63846e-09 1.59321e-09 1.3831e-09 1.21203e-09 1.07827e-09 9.65485e-10 8.724e-10 8.02592e-10 7.55809e-10 7.22945e-10 6.92759e-10 6.56694e-10 6.07686e-10 5.42332e-10 4.62627e-10 3.7529e-10 2.88775e-10 2.09993e-10 1.42316e-10 8.48568e-11 
1.04354e-10 1.72549e-10 2.53878e-10 3.50523e-10 4.59677e-10 5.74129e-10 6.84187e-10 7.8053e-10 8.56824e-10 9.10914e-10 9.44523e-10 9.59828e-10 9.55308e-10 9.26448e-10 8.70756e-10 7.94349e-10 7.38071e-10 7.80077e-10 9.16605e-10 1.18892e-09 1.68214e-09 2.06948e-09 2.2031e-09 2.61269e-09 2.36024e-09 1.85293e-09 1.11141e-09 1.96355e-10 1.13013e-09 1.70685e-09 1.74862e-09 1.51901e-09 1.29034e-09 1.10819e-09 9.67952e-10 8.54345e-10 7.69368e-10 7.09834e-10 6.68757e-10 6.37477e-10 6.07669e-10 5.70962e-10 5.21283e-10 4.57078e-10 3.82015e-10 3.03176e-10 2.27835e-10 1.60945e-10 1.03826e-10 5.56463e-11 
7.29141e-11 1.31348e-10 2.02351e-10 2.87692e-10 3.87424e-10 4.97079e-10 6.08852e-10 7.13639e-10 8.03564e-10 8.73758e-10 9.22932e-10 9.52027e-10 9.6024e-10 9.43744e-10 8.99252e-10 8.30759e-10 7.59628e-10 7.38592e-10 8.11084e-10 9.57223e-10 1.29699e-09 1.73284e-09 1.92831e-09 1.99118e-09 1.95798e-09 1.55959e-09 8.7891e-10 2.30451e-10 1.13013e-09 1.74699e-09 1.83851e-09 1.64941e-09 1.36641e-09 1.15156e-09 9.77837e-10 8.44629e-10 7.42773e-10 6.70383e-10 6.19207e-10 5.82259e-10 5.53275e-10 5.24203e-10 4.87373e-10 4.38277e-10 3.77181e-10 3.08796e-10 2.39728e-10 1.75696e-10 1.19751e-10 7.15278e-11 
9.49914e-11 1.56925e-10 2.30989e-10 3.19608e-10 4.2108e-10 5.29982e-10 6.38529e-10 7.38451e-10 8.22961e-10 8.87921e-10 9.31749e-10 9.53474e-10 9.49941e-10 9.17813e-10 8.58622e-10 7.86208e-10 7.32457e-10 7.37727e-10 8.22184e-10 9.66964e-10 1.36532e-09 1.68214e-09 1.72189e-09 1.50652e-09 1.12107e-09 5.56895e-10 3.04802e-10 1.16174e-09 1.74699e-09 1.91994e-09 1.75552e-09 1.45336e-09 1.19648e-09 9.98151e-10 8.43523e-10 7.25425e-10 6.39345e-10 5.77623e-10 5.32667e-10 4.99889e-10 4.73203e-10 4.44871e-10 4.08494e-10 3.6127e-10 3.04964e-10 2.44545e-10 1.85591e-10 1.32197e-10 8.57228e-11 4.58634e-11 
6.53732e-11 1.17506e-10 1.8113e-10 2.58039e-10 3.48989e-10 4.51034e-10 5.58349e-10 6.63423e-10 7.58625e-10 8.3771e-10 8.96526e-10 9.32386e-10 9.42625e-10 9.23775e-10 8.75937e-10 8.07994e-10 7.41889e-10 7.06958e-10 7.28131e-10 8.14434e-10 9.75397e-10 1.29699e-09 1.45201e-09 1.37512e-09 1.10571e-09 7.20951e-10 5.75961e-10 1.13103e-09 1.70685e-09 1.91994e-09 1.81882e-09 1.51336e-09 1.24194e-09 1.02457e-09 8.4966e-10 7.17334e-10 6.17938e-10 5.45248e-10 4.91679e-10 4.52524e-10 4.23686e-10 3.98943e-10 3.71436e-10 3.36203e-10 2.92101e-10 2.41791e-10 1.89847e-10 1.40602e-10 9.66227e-11 5.79329e-11 
8.359e-11 1.38175e-10 2.0378e-10 2.83032e-10 3.75318e-10 4.76956e-10 5.81978e-10 6.83069e-10 7.72887e-10 8.45297e-10 8.95639e-10 9.20183e-10 9.1587e-10 8.81213e-10 8.21854e-10 7.53092e-10 6.99563e-10 6.80434e-10 7.11214e-10 8.08221e-10 9.66964e-10 1.18892e-09 1.23098e-09 1.07001e-09 8.54202e-10 8.09587e-10 1.19797e-09 1.63846e-09 1.83851e-09 1.81882e-09 1.53726e-09 1.27093e-09 1.05134e-09 8.60763e-10 7.15575e-10 6.05569e-10 5.22226e-10 4.59952e-10 4.13753e-10 3.80043e-10 3.54575e-10 3.31523e-10 3.05057e-10 2.71768e-10 2.31822e-10 1.88127e-10 1.44498e-10 1.04027e-10 6.79567e-11 3.63547e-11 
5.66379e-11 1.0176e-10 1.57164e-10 2.24635e-10 3.05499e-10 3.9813e-10 4.98403e-10 6.00207e-10 6.96224e-10 7.79209e-10 8.42915e-10 8.82195e-10 8.93103e-10 8.73764e-10 8.26435e-10 7.62222e-10 7.00197e-10 6.62436e-10 6.56797e-10 7.00807e-10 8.14434e-10 9.57223e-10 1.06171e-09 1.03422e-09 8.93265e-10 9.05782e-10 1.12141e-09 1.48304e-09 1.74862e-09 1.75552e-09 1.53726e-09 1.28889e-09 1.07312e-09 8.72878e-10 7.16892e-10 5.99169e-10 5.07552e-10 4.36885e-10 3.83846e-10 3.44481e-10 3.15545e-10 2.9298e-10 2.71477e-10 2.46431e-10 2.15868e-10 1.80727e-10 1.43704e-10 1.07749e-10 7.48113e-11 4.51067e-11 
7.11885e-11 1.17913e-10 1.74413e-10 2.43363e-10 3.24965e-10 4.16904e-10 5.14686e-10 6.11963e-10 7.01375e-10 7.75768e-10 8.28837e-10 8.55476e-10 8.52582e-10 8.2075e-10 7.6653e-10 7.05391e-10 6.57193e-10 6.36975e-10 6.46122e-10 7.11214e-10 8.22184e-10 9.16605e-10 9.5037e-10 8.60312e-10 8.06952e-10 1.01173e-09 1.31201e-09 1.59321e-09 1.64941e-09 1.51336e-09 1.28889e-09 1.09135e-09 8.8368e-10 7.18569e-10 5.95304e-10 4.98723e-10 4.21217e-10 3.61785e-10 3.17091e-10 2.83747e-10 2.59001e-10 2.3894e-10 2.18999e-10 1.95853e-10 1.68601e-10 1.38483e-10 1.07763e-10 7.85359e-11 5.17732e-11 2.77353e-11 
4.74691e-11 8.53946e-11 1.32275e-10 1.89789e-10 2.59568e-10 3.40922e-10 4.31006e-10 5.24946e-10 6.16182e-10 6.97454e-10 7.61837e-10 8.03295e-10 8.17485e-10 8.03045e-10 7.63688e-10 7.1012e-10 6.60515e-10 6.30997e-10 6.28028e-10 6.56797e-10 7.28131e-10 8.11084e-10 8.57224e-10 8.17944e-10 7.64879e-10 8.89447e-10 1.17526e-09 1.4112e-09 1.51901e-09 1.45336e-09 1.27093e-09 1.09135e-09 8.92363e-10 7.19561e-10 5.9185e-10 4.92932e-10 4.11046e-10 3.46167e-10 2.96729e-10 2.59239e-10 2.31229e-10 2.10105e-10 1.92263e-10 1.74042e-10 1.53217e-10 1.29563e-10 1.04323e-10 7.9255e-11 5.56658e-11 3.37975e-11 
5.87438e-11 9.75991e-11 1.44859e-10 2.03038e-10 2.72819e-10 3.52838e-10 4.39788e-10 5.28475e-10 6.12322e-10 6.84397e-10 7.3824e-10 7.6856e-10 7.72398e-10 7.50683e-10 7.10454e-10 6.65753e-10 6.33822e-10 6.22753e-10 6.36975e-10 6.80434e-10 7.37727e-10 7.80077e-10 7.68786e-10 7.30698e-10 8.19655e-10 1.03791e-09 1.26677e-09 1.3831e-09 1.36641e-09 1.24194e-09 1.07312e-09 8.92363e-10 7.20331e-10 5.88272e-10 4.88422e-10 4.04374e-10 3.35485e-10 2.81955e-10 2.40935e-10 2.09759e-10 1.86394e-10 1.68386e-10 1.52618e-10 1.36305e-10 1.18053e-10 9.8e-11 7.72419e-11 5.70161e-11 3.79657e-11 2.03887e-11 
3.85394e-11 6.95128e-11 1.08045e-10 1.55594e-10 2.13847e-10 2.82693e-10 3.6024e-10 4.42808e-10 5.25066e-10 6.00698e-10 6.63339e-10 7.07287e-10 7.28421e-10 7.2557e-10 7.02224e-10 6.68366e-10 6.3886e-10 6.25449e-10 6.30997e-10 6.62436e-10 7.06958e-10 7.38592e-10 7.38572e-10 7.11653e-10 7.51754e-10 9.32912e-10 1.12882e-09 1.27077e-09 1.29034e-09 1.19648e-09 1.05134e-09 8.8368e-10 7.20331e-10 5.85742e-10 4.84563e-10 3.99839e-10 3.28348e-10 2.71487e-10 2.27477e-10 1.93676e-10 1.67973e-10 1.48587e-10 1.33304e-10 1.19536e-10 1.05249e-10 8.96251e-11 7.29656e-11 5.614e-11 3.98999e-11 2.44108e-11 
4.70274e-11 7.84248e-11 1.16785e-10 1.64315e-10 2.21909e-10 2.88859e-10 3.6287e-10 4.40053e-10 5.15208e-10 5.82543e-10 6.36467e-10 6.72307e-10 6.87396e-10 6.82562e-10 6.6371e-10 6.42204e-10 6.30148e-10 6.33822e-10 6.57193e-10 6.99563e-10 7.32457e-10 7.38071e-10 7.25394e-10 7.33076e-10 8.43131e-10 1.03148e-09 1.17374e-09 1.21203e-09 1.15156e-09 1.02457e-09 8.72878e-10 7.19561e-10 5.85742e-10 4.82002e-10 3.96713e-10 3.23747e-10 2.64307e-10 2.17725e-10 1.81771e-10 1.54135e-10 1.33098e-10 1.17124e-10 1.04257e-10 9.24158e-11 8.01611e-11 6.70577e-11 5.34464e-11 3.99341e-11 2.68604e-11 1.44692e-11 
3.03554e-11 5.49528e-11 8.57117e-11 1.23816e-10 1.70833e-10 2.27001e-10 2.91176e-10 3.60818e-10 4.32057e-10 5.00083e-10 5.59824e-10 6.06634e-10 6.37055e-10 6.5002e-10 6.48305e-10 6.39339e-10 6.33479e-10 6.3886e-10 6.60515e-10 7.00197e-10 7.41889e-10 7.59628e-10 7.55263e-10 7.55447e-10 8.14303e-10 9.52364e-10 1.09457e-09 1.14908e-09 1.10819e-09 9.98151e-10 8.60763e-10 7.18569e-10 5.88272e-10 4.82002e-10 3.94931e-10 3.20988e-10 2.59673e-10 2.1087e-10 1.73035e-10 1.43867e-10 1.21421e-10 1.04352e-10 9.13085e-11 8.05848e-11 7.05514e-11 6.02344e-11 4.94369e-11 3.84571e-11 2.76352e-11 1.70339e-11 
3.65772e-11 6.12428e-11 9.14631e-11 1.29071e-10 1.75014e-10 2.29055e-10 2.89778e-10 3.5459e-10 4.19869e-10 4.81391e-10 5.34939e-10 5.76922e-10 6.05198e-10 6.20284e-10 6.26414e-10 6.31065e-10 6.42204e-10 6.65753e-10 7.05391e-10 7.53092e-10 7.86208e-10 7.94349e-10 7.92678e-10 8.22386e-10 9.12951e-10 1.03127e-09 1.10099e-09 1.07827e-09 9.77837e-10 8.4966e-10 7.16892e-10 5.9185e-10 4.84563e-10 3.94931e-10 3.19652e-10 2.56997e-10 2.06353e-10 1.66783e-10 1.36292e-10 1.12755e-10 9.46758e-11 8.09756e-11 7.04286e-11 6.15775e-11 5.3195e-11 4.46518e-11 3.58857e-11 2.70923e-11 1.83911e-11 9.93591e-12 
2.32359e-11 4.22477e-11 6.61114e-11 9.57394e-11 1.32498e-10 1.76837e-10 2.28216e-10 2.85112e-10 3.45069e-10 4.049e-10 4.61101e-10 5.10385e-10 5.50272e-10 5.79938e-10 6.01218e-10 6.18915e-10 6.39339e-10 6.68366e-10 7.1012e-10 7.62222e-10 8.07994e-10 8.30759e-10 8.34359e-10 8.46483e-10 9.0313e-10 9.94816e-10 1.06368e-09 1.0558e-09 9.67952e-10 8.43523e-10 7.15575e-10 5.95304e-10 4.88422e-10 3.96713e-10 3.19652e-10 2.55792e-10 2.03707e-10 1.62568e-10 1.30814e-10 1.06363e-10 8.74933e-11 7.30902e-11 6.22244e-11 5.37688e-11 4.65249e-11 3.96123e-11 3.26428e-11 2.56006e-11 1.85676e-11 1.15203e-11 
2.76858e-11 4.65439e-11 6.96826e-11 9.85678e-11 1.34116e-10 1.7644e-10 2.24854e-10 2.77889e-10 3.33391e-10 3.88736e-10 4.41216e-10 4.88505e-10 5.29235e-10 5.63749e-10 5.94662e-10 6.26414e-10 6.6371e-10 7.10454e-10 7.6653e-10 8.21854e-10 8.58622e-10 8.70756e-10 8.75372e-10 9.05761e-10 9.7536e-10 1.03954e-09 1.04129e-09 9.65485e-10 8.44629e-10 7.17334e-10 5.99169e-10 4.92932e-10 3.99839e-10 3.20988e-10 2.55792e-10 2.02516e-10 1.60037e-10 1.2706e-10 1.01724e-10 8.2211e-11 6.72287e-11 5.59021e-11 4.73726e-11 4.06366e-11 3.47556e-11 2.91258e-11 2.35101e-11 1.7885e-11 1.22311e-11 6.62325e-12 
1.73213e-11 3.16396e-11 4.96627e-11 7.20667e-11 1.00006e-10 1.34046e-10 1.74119e-10 2.19526e-10 2.68999e-10 3.20803e-10 3.72962e-10 4.23588e-10 4.7131e-10 5.15781e-10 5.58177e-10 6.01218e-10 6.48305e-10 7.02224e-10 7.63688e-10 8.26435e-10 8.75937e-10 8.99252e-10 9.02446e-10 9.14227e-10 9.60496e-10 1.01972e-09 1.03234e-09 9.70238e-10 8.54345e-10 7.25425e-10 6.05569e-10 4.98723e-10 4.04374e-10 3.23747e-10 2.56997e-10 2.02516e-10 1.58874e-10 1.24758e-10 9.85161e-11 7.83845e-11 6.29307e-11 5.11829e-11 4.23865e-11 3.57421e-11 3.03998e-11 2.56653e-11 2.11336e-11 1.66482e-11 1.2154e-11 7.57788e-12 
2.04332e-11 3.44885e-11 5.17494e-11 7.33591e-11 1.00165e-10 1.32522e-10 1.703e-10 2.12918e-10 2.59409e-10 3.08543e-10 3.59024e-10 4.09784e-10 4.60342e-10 5.11154e-10 5.63749e-10 6.20284e-10 6.82562e-10 7.50683e-10 8.2075e-10 8.81213e-10 9.17813e-10 9.26448e-10 9.26817e-10 9.50537e-10 9.9782e-10 1.02079e-09 9.77506e-10 8.724e-10 7.42773e-10 6.17938e-10 5.07552e-10 4.11046e-10 3.28348e-10 2.59673e-10 2.03707e-10 1.58874e-10 1.23678e-10 9.65211e-11 7.57313e-11 5.98336e-11 4.77297e-11 3.86385e-11 3.18746e-11 2.67222e-11 2.25053e-11 1.87268e-11 1.51139e-11 1.15452e-11 7.93522e-12 4.3021e-12 
1.26037e-11 2.31294e-11 3.64111e-11 5.29414e-11 7.36746e-11 9.9232e-11 1.29868e-10 1.65503e-10 2.05766e-10 2.50069e-10 2.9773e-10 3.48139e-10 4.01001e-10 4.56575e-10 5.15781e-10 5.79938e-10 6.5002e-10 7.2557e-10 8.03045e-10 8.73764e-10 9.23775e-10 9.43744e-10 9.42283e-10 9.48532e-10 9.79529e-10 1.00607e-09 9.82329e-10 8.94589e-10 7.69368e-10 6.39345e-10 5.22226e-10 4.21217e-10 3.35485e-10 2.64307e-10 2.06353e-10 1.60037e-10 1.23678e-10 9.55733e-11 7.40707e-11 5.76902e-11 4.52526e-11 3.58923e-11 2.89386e-11 2.37734e-11 1.97921e-11 1.64819e-11 1.34922e-11 1.06309e-11 7.78705e-12 4.86953e-12 
1.47379e-11 2.49732e-11 3.75559e-11 5.33675e-11 7.31656e-11 9.74479e-11 1.26468e-10 1.60278e-10 1.98784e-10 2.41831e-10 2.89296e-10 3.41226e-10 3.97989e-10 4.60342e-10 5.29235e-10 6.05198e-10 6.87396e-10 7.72398e-10 8.52582e-10 9.1587e-10 9.49941e-10 9.55308e-10 9.53106e-10 9.68773e-10 9.93123e-10 9.85001e-10 9.17418e-10 8.02592e-10 6.70383e-10 5.45248e-10 4.36885e-10 3.46167e-10 2.71487e-10 2.1087e-10 1.62568e-10 1.24758e-10 9.55733e-11 7.32758e-11 5.6347e-11 4.35476e-11 3.39294e-11 2.67776e-11 2.15065e-11 1.75823e-11 1.45173e-11 1.19345e-11 9.58463e-12 7.32367e-12 5.04426e-12 2.7337e-12 
8.97436e-12 1.65435e-11 2.61208e-11 3.80672e-11 5.3159e-11 7.20173e-11 9.50972e-11 1.22728e-10 1.55159e-10 1.92621e-10 2.3541e-10 2.83945e-10 3.38856e-10 4.01001e-10 4.7131e-10 5.50272e-10 6.37055e-10 7.28421e-10 8.17485e-10 8.93103e-10 9.42625e-10 9.6024e-10 9.58764e-10 9.641e-10 9.83444e-10 9.86904e-10 9.39913e-10 8.39863e-10 7.09834e-10 5.77623e-10 4.59952e-10 3.61785e-10 2.81955e-10 2.17725e-10 1.66783e-10 1.2706e-10 9.65211e-11 7.32758e-11 5.57018e-11 4.24809e-11 3.25841e-11 2.52327e-11 1.9825e-11 1.58587e-11 1.28893e-11 1.05403e-11 8.53668e-12 6.6981e-12 4.90708e-12 3.07018e-12 
1.04151e-11 1.77162e-11 2.6712e-11 3.80745e-11 5.24642e-11 7.04367e-11 9.24775e-11 1.19045e-10 1.50629e-10 1.87815e-10 2.31337e-10 2.82113e-10 3.41226e-10 4.09784e-10 4.88505e-10 5.76922e-10 6.72307e-10 7.6856e-10 8.55476e-10 9.20183e-10 9.53474e-10 9.59828e-10 9.61234e-10 9.75269e-10 9.86696e-10 9.59952e-10 8.78659e-10 7.55809e-10 6.19207e-10 4.91679e-10 3.83846e-10 2.96729e-10 2.27477e-10 1.73035e-10 1.30814e-10 9.85161e-11 7.40707e-11 5.57018e-11 4.19681e-11 3.17448e-11 2.41779e-11 1.86198e-11 1.45674e-11 1.15994e-11 9.36222e-12 7.57024e-12 6.02364e-12 4.58623e-12 3.15699e-12 1.70748e-12 
6.27137e-12 1.16084e-11 1.83876e-11 2.6878e-11 3.7701e-11 5.14387e-11 6.86419e-11 8.98768e-11 1.15775e-10 1.47092e-10 1.84765e-10 2.29942e-10 2.83945e-10 3.48139e-10 4.23588e-10 5.10385e-10 6.06634e-10 7.07287e-10 8.03295e-10 8.82195e-10 9.32386e-10 9.52027e-10 9.55977e-10 9.66047e-10 9.81781e-10 9.73395e-10 9.14375e-10 8.05005e-10 6.68757e-10 5.32667e-10 4.13753e-10 3.17091e-10 2.40935e-10 1.81771e-10 1.36292e-10 1.01724e-10 7.57313e-11 5.6347e-11 4.19681e-11 3.13428e-11 2.35213e-11 1.77965e-11 1.36352e-11 1.06211e-11 8.41271e-12 6.73445e-12 5.37434e-12 4.18392e-12 3.0543e-12 1.90774e-12 
7.23192e-12 1.23485e-11 1.86779e-11 2.67312e-11 3.70675e-11 5.024e-11 6.68433e-11 8.75583e-11 1.13214e-10 1.44845e-10 1.83721e-10 2.31337e-10 2.89296e-10 3.59024e-10 4.41216e-10 5.34939e-10 6.36467e-10 7.3824e-10 8.28837e-10 8.95639e-10 9.31749e-10 9.44523e-10 9.53862e-10 9.70632e-10 9.76551e-10 9.4103e-10 8.5166e-10 7.22945e-10 5.82259e-10 4.52524e-10 3.44481e-10 2.59239e-10 1.93676e-10 1.43867e-10 1.06363e-10 7.83845e-11 5.76902e-11 4.24809e-11 3.13428e-11 2.32078e-11 1.72854e-11 1.29967e-11 9.90783e-12 7.68155e-12 6.04889e-12 4.79597e-12 3.7671e-12 2.84772e-12 1.95383e-12 1.05366e-12 
4.31438e-12 8.01452e-12 1.27406e-11 1.86961e-11 2.63741e-11 3.62928e-11 4.9022e-11 6.52283e-11 8.5738e-11 1.11588e-10 1.44076e-10 1.84765e-10 2.3541e-10 2.9773e-10 3.72962e-10 4.61101e-10 5.59824e-10 6.63339e-10 7.61837e-10 8.42915e-10 8.96526e-10 9.22932e-10 9.36531e-10 9.53313e-10 9.68059e-10 9.53945e-10 8.88928e-10 7.75863e-10 6.37477e-10 4.99889e-10 3.80043e-10 2.83747e-10 2.09759e-10 1.54135e-10 1.12755e-10 8.2211e-11 5.98336e-11 4.35476e-11 3.17448e-11 2.32078e-11 1.7041e-11 1.25996e-11 9.41695e-12 7.14377e-12 5.51152e-12 4.30982e-12 3.37868e-12 2.60016e-12 1.8866e-12 1.17487e-12 
4.94866e-12 8.48251e-12 1.28811e-11 1.85318e-11 2.58964e-11 3.54883e-11 4.79194e-11 6.39557e-11 8.45783e-11 1.1103e-10 1.44845e-10 1.87815e-10 2.41831e-10 3.08543e-10 3.88736e-10 4.81391e-10 5.82543e-10 6.84397e-10 7.75768e-10 8.45297e-10 8.87921e-10 9.10914e-10 9.29683e-10 9.49038e-10 9.5131e-10 9.1134e-10 8.20466e-10 6.92759e-10 5.53275e-10 4.23686e-10 3.15545e-10 2.31229e-10 1.67973e-10 1.21421e-10 8.74933e-11 6.29307e-11 4.52526e-11 3.25841e-11 2.35213e-11 1.7041e-11 1.241e-11 9.11003e-12 6.76887e-12 5.10994e-12 3.9218e-12 3.04212e-12 2.35163e-12 1.76011e-12 1.20101e-12 6.4555e-13 
2.93138e-12 5.46096e-12 8.71649e-12 1.28545e-11 1.82614e-11 2.53829e-11 3.47511e-11 4.70462e-11 6.31441e-11 8.41807e-11 1.11588e-10 1.47092e-10 1.92621e-10 2.50069e-10 3.20803e-10 4.049e-10 5.00083e-10 6.00698e-10 6.97454e-10 7.79209e-10 8.3771e-10 8.73758e-10 8.98279e-10 9.20887e-10 9.342e-10 9.16202e-10 8.50712e-10 7.41255e-10 6.07669e-10 4.73203e-10 3.54575e-10 2.59001e-10 1.86394e-10 1.33098e-10 9.46758e-11 6.72287e-11 4.77297e-11 3.39294e-11 2.41779e-11 1.72854e-11 1.241e-11 8.96334e-12 6.53465e-12 4.82843e-12 3.62734e-12 2.76789e-12 2.1263e-12 1.613e-12 1.16106e-12 7.19142e-13 
3.34856e-12 5.76038e-12 8.79051e-12 1.27288e-11 1.79497e-11 2.49033e-11 3.41643e-11 4.64867e-11 6.2865e-11 8.45783e-11 1.13214e-10 1.50629e-10 1.98784e-10 2.59409e-10 3.33391e-10 4.19869e-10 5.15208e-10 6.12322e-10 7.01375e-10 7.72887e-10 8.22961e-10 8.56824e-10 8.83915e-10 9.04575e-10 9.03742e-10 8.62923e-10 7.76654e-10 6.56694e-10 5.24203e-10 3.98943e-10 2.9298e-10 2.10105e-10 1.48587e-10 1.04352e-10 7.30902e-11 5.11829e-11 3.58923e-11 2.52327e-11 1.77965e-11 1.25996e-11 8.96334e-12 6.42178e-12 4.6507e-12 3.41922e-12 2.55629e-12 1.93717e-12 1.47035e-12 1.08725e-12 7.36606e-13 3.94589e-13 
1.97327e-12 3.68368e-12 5.90785e-12 8.76426e-12 1.25556e-11 1.76491e-11 2.45165e-11 3.37862e-11 4.6295e-11 6.31441e-11 8.5738e-11 1.15775e-10 1.55159e-10 2.05766e-10 2.68999e-10 3.45069e-10 4.32057e-10 5.25066e-10 6.16182e-10 6.96224e-10 7.58625e-10 8.03564e-10 8.37386e-10 8.64007e-10 8.75678e-10 8.56207e-10 7.94545e-10 6.94144e-10 5.70962e-10 4.44871e-10 3.31523e-10 2.3894e-10 1.68386e-10 1.17124e-10 8.09756e-11 5.59021e-11 3.86385e-11 2.67776e-11 1.86198e-11 1.29967e-11 9.11003e-12 6.42178e-12 4.56542e-12 3.28583e-12 2.40384e-12 1.78787e-12 1.34394e-12 1.00394e-12 7.14477e-13 4.40465e-13 
2.24674e-12 3.88012e-12 5.95389e-12 8.68767e-12 1.23775e-11 1.74027e-11 2.42676e-11 3.36562e-11 4.64867e-11 6.39557e-11 8.75583e-11 1.19045e-10 1.60278e-10 2.12918e-10 2.77889e-10 3.5459e-10 4.40053e-10 5.28475e-10 6.11963e-10 6.83069e-10 7.38451e-10 7.8053e-10 8.13306e-10 8.34215e-10 8.31674e-10 7.93096e-10 7.15292e-10 6.07686e-10 4.87373e-10 3.71436e-10 2.71477e-10 1.92263e-10 1.33304e-10 9.13085e-11 6.22244e-11 4.23865e-11 2.89386e-11 1.9825e-11 1.36352e-11 9.41695e-12 6.53465e-12 4.56542e-12 3.22133e-12 2.3052e-12 1.67868e-12 1.24223e-12 9.24431e-13 6.73291e-13 4.52663e-13 2.41258e-13 
1.31956e-12 2.46809e-12 3.97682e-12 5.94222e-12 8.59344e-12 1.22272e-11 1.72415e-11 2.41808e-11 3.37862e-11 4.70462e-11 6.52283e-11 8.98768e-11 1.22728e-10 1.65503e-10 2.19526e-10 2.85112e-10 3.60818e-10 4.42808e-10 5.24946e-10 6.00207e-10 6.63423e-10 7.13639e-10 7.53015e-10 7.8138e-10 7.91688e-10 7.72786e-10 7.17733e-10 6.29728e-10 5.21283e-10 4.08494e-10 3.05057e-10 2.18999e-10 1.52618e-10 1.04257e-10 7.04286e-11 4.73726e-11 3.18746e-11 2.15065e-11 1.45674e-11 9.90783e-12 6.76887e-12 4.6507e-12 3.22133e-12 2.25772e-12 1.60808e-12 1.16605e-12 8.56367e-13 6.27922e-13 4.41572e-13 2.70523e-13 
1.49964e-12 2.59816e-12 4.01222e-12 5.90549e-12 8.50866e-12 1.21276e-11 1.71867e-11 2.42676e-11 3.41643e-11 4.79194e-11 6.68433e-11 9.24775e-11 1.26468e-10 1.703e-10 2.24854e-10 2.89778e-10 3.6287e-10 4.39788e-10 5.14686e-10 5.81978e-10 6.38529e-10 6.84187e-10 7.19006e-10 7.39049e-10 7.35856e-10 7.01444e-10 6.34472e-10 5.42332e-10 4.38277e-10 3.36203e-10 2.46431e-10 1.74042e-10 1.19536e-10 8.05848e-11 5.37688e-11 3.57421e-11 2.37734e-11 1.58587e-11 1.06211e-11 7.14377e-12 4.82843e-12 3.28583e-12 2.25772e-12 1.57263e-12 1.11551e-12 8.045e-13 5.85927e-13 4.20603e-13 2.7973e-13 1.48962e-13 
8.80331e-13 1.64638e-12 2.66632e-12 4.01523e-12 5.86513e-12 8.45001e-12 1.20935e-11 1.72415e-11 2.45165e-11 3.47511e-11 4.9022e-11 6.86419e-11 9.50972e-11 1.29868e-10 1.74119e-10 2.28216e-10 2.91176e-10 3.6024e-10 4.31006e-10 4.98403e-10 5.58349e-10 6.08852e-10 6.49095e-10 6.76607e-10 6.85466e-10 6.68405e-10 6.21578e-10 5.47986e-10 4.57078e-10 3.6127e-10 2.71768e-10 1.95853e-10 1.36305e-10 9.24158e-11 6.15775e-11 4.06366e-11 2.67222e-11 1.75823e-11 1.15994e-11 7.68155e-12 5.10994e-12 3.41922e-12 2.3052e-12 1.57263e-12 1.09035e-12 7.70151e-13 5.52215e-13 3.97231e-13 2.75629e-13 1.67732e-13 
9.97859e-13 1.73504e-12 2.69588e-12 4.00433e-12 5.835e-12 8.42962e-12 1.21276e-11 1.74027e-11 2.49033e-11 3.54883e-11 5.024e-11 7.04367e-11 9.74479e-11 1.32522e-10 1.7644e-10 2.29055e-10 2.88859e-10 3.52838e-10 4.16904e-10 4.76956e-10 5.29982e-10 5.74129e-10 6.07235e-10 6.25097e-10 6.21813e-10 5.92722e-10 5.37755e-10 4.62627e-10 3.77181e-10 2.92101e-10 2.15868e-10 1.53217e-10 1.05249e-10 7.05514e-11 4.65249e-11 3.03998e-11 1.97921e-11 1.28893e-11 8.41271e-12 5.51152e-12 3.62734e-12 2.40384e-12 1.60808e-12 1.09035e-12 7.52552e-13 5.29222e-13 3.77329e-13 2.65468e-13 1.75049e-13 9.30583e-14 
5.86212e-13 1.0955e-12 1.78294e-12 2.70611e-12 3.99324e-12 5.82444e-12 8.45001e-12 1.22272e-11 1.76491e-11 2.53829e-11 3.62928e-11 5.14387e-11 7.20173e-11 9.9232e-11 1.34046e-10 1.76837e-10 2.27001e-10 2.82693e-10 3.40922e-10 3.9813e-10 4.51034e-10 4.97079e-10 5.33911e-10 5.58222e-10 5.65386e-10 5.50916e-10 5.13022e-10 4.54405e-10 3.82015e-10 3.04964e-10 2.31822e-10 1.68601e-10 1.18053e-10 8.01611e-11 5.3195e-11 3.47556e-11 2.25053e-11 1.45173e-11 9.36222e-12 6.04889e-12 3.9218e-12 2.55629e-12 1.67868e-12 1.11551e-12 7.52552e-13 5.17242e-13 3.62563e-13 2.55161e-13 1.74744e-13 1.05377e-13 
6.63748e-13 1.15588e-12 1.80642e-12 2.70778e-12 3.9884e-12 5.835e-12 8.50866e-12 1.23775e-11 1.79497e-11 2.58964e-11 3.70675e-11 5.24642e-11 7.31656e-11 1.00165e-10 1.34116e-10 1.75014e-10 2.21909e-10 2.72819e-10 3.24965e-10 3.75318e-10 4.2108e-10 4.59677e-10 4.8818e-10 5.02866e-10 4.99797e-10 4.76474e-10 4.33529e-10 3.7529e-10 3.08796e-10 2.41791e-10 1.80727e-10 1.29563e-10 8.96251e-11 6.02344e-11 3.96123e-11 2.56653e-11 1.64819e-11 1.05403e-11 6.73445e-12 4.30982e-12 2.76789e-12 1.78787e-12 1.16605e-12 7.70151e-13 5.17242e-13 3.55097e-13 2.46432e-13 1.70811e-13 1.10791e-13 5.87827e-14 
3.90674e-13 7.27902e-13 1.18907e-12 1.81704e-12 2.70721e-12 3.99324e-12 5.86513e-12 8.59344e-12 1.25556e-11 1.82614e-11 2.63741e-11 3.7701e-11 5.3159e-11 7.36746e-11 1.00006e-10 1.32498e-10 1.70833e-10 2.13847e-10 2.59568e-10 3.05499e-10 3.48989e-10 3.87424e-10 4.18055e-10 4.37727e-10 4.43069e-10 4.31452e-10 4.02291e-10 3.57882e-10 3.03176e-10 2.44545e-10 1.88127e-10 1.38483e-10 9.8e-11 6.70577e-11 4.46518e-11 2.91258e-11 1.87268e-11 1.19345e-11 7.57024e-12 4.79597e-12 3.04212e-12 1.93717e-12 1.24223e-12 8.045e-13 5.29222e-13 3.55097e-13 2.42402e-13 1.66873e-13 1.12028e-13 6.66408e-14 
4.40974e-13 7.68006e-13 1.20559e-12 1.82009e-12 2.70778e-12 4.00433e-12 5.90549e-12 8.68767e-12 1.27288e-11 1.85318e-11 2.67312e-11 3.80745e-11 5.33675e-11 7.33591e-11 9.85678e-11 1.29071e-10 1.64315e-10 2.03038e-10 2.43363e-10 2.83032e-10 3.19608e-10 3.50523e-10 3.72994e-10 3.84112e-10 3.8138e-10 3.63602e-10 3.31676e-10 2.88775e-10 2.39728e-10 1.89847e-10 1.43704e-10 1.04323e-10 7.29656e-11 4.94369e-11 3.26428e-11 2.11336e-11 1.34922e-11 8.53668e-12 5.37434e-12 3.37868e-12 2.1263e-12 1.34394e-12 8.56367e-13 5.52215e-13 3.62563e-13 2.42402e-13 1.64337e-13 1.11762e-13 7.19283e-14 3.72732e-14 
2.60424e-13 4.82361e-13 7.88183e-13 1.21062e-12 1.81704e-12 2.70611e-12 4.01523e-12 5.94222e-12 8.76426e-12 1.28545e-11 1.86961e-11 2.6878e-11 3.80672e-11 5.29414e-11 7.20667e-11 9.57394e-11 1.23816e-10 1.55594e-10 1.89789e-10 2.24635e-10 2.58039e-10 2.87692e-10 3.11116e-10 3.25769e-10 3.29366e-10 3.20464e-10 2.99096e-10 2.67085e-10 2.27835e-10 1.85591e-10 1.44498e-10 1.07763e-10 7.72419e-11 5.34464e-11 3.58857e-11 2.35101e-11 1.51139e-11 9.58463e-12 6.02364e-12 3.7671e-12 2.35163e-12 1.47035e-12 9.24431e-13 5.85927e-13 3.77329e-13 2.46432e-13 1.64337e-13 1.10574e-13 7.33679e-14 4.35384e-14 
2.92465e-13 5.06637e-13 7.95368e-13 1.20559e-12 1.80642e-12 2.69588e-12 4.01222e-12 5.95389e-12 8.79051e-12 1.28811e-11 1.86779e-11 2.6712e-11 3.75559e-11 5.17494e-11 6.96826e-11 9.14631e-11 1.16785e-10 1.44859e-10 1.74413e-10 2.0378e-10 2.30989e-10 2.53878e-10 2.70216e-10 2.77945e-10 2.75573e-10 2.62639e-10 2.40034e-10 2.09993e-10 1.75696e-10 1.40602e-10 1.07749e-10 7.9255e-11 5.614e-11 3.84571e-11 2.56006e-11 1.66482e-11 1.06309e-11 6.6981e-12 4.18392e-12 2.60016e-12 1.613e-12 1.00394e-12 6.27922e-13 3.97231e-13 2.55161e-13 1.66873e-13 1.10574e-13 7.34511e-14 4.66027e-14 2.45764e-14 
1.74322e-13 3.1757e-13 5.14293e-13 7.88183e-13 1.18907e-12 1.78294e-12 2.66632e-12 3.97682e-12 5.90785e-12 8.71649e-12 1.27406e-11 1.83876e-11 2.61208e-11 3.64111e-11 4.96627e-11 6.61114e-11 8.57117e-11 1.08045e-10 1.32275e-10 1.57164e-10 1.8113e-10 2.02351e-10 2.189e-10 2.28948e-10 2.31053e-10 2.24501e-10 2.09576e-10 1.87641e-10 1.60945e-10 1.32197e-10 1.04027e-10 7.85359e-11 5.70161e-11 3.99341e-11 2.70923e-11 1.7885e-11 1.15452e-11 7.32367e-12 4.58623e-12 2.84772e-12 1.76011e-12 1.08725e-12 6.73291e-13 4.20603e-13 2.65468e-13 1.70811e-13 1.11762e-13 7.34511e-14 4.79401e-14 2.81894e-14 
1.93029e-13 3.25825e-13 5.06637e-13 7.68006e-13 1.15588e-12 1.73504e-12 2.59816e-12 3.88012e-12 5.76038e-12 8.48251e-12 1.23485e-11 1.77162e-11 2.49732e-11 3.44885e-11 4.65439e-11 6.12428e-11 7.84248e-11 9.75991e-11 1.17913e-10 1.38175e-10 1.56925e-10 1.72549e-10 1.8346e-10 1.88324e-10 1.86318e-10 1.77356e-10 1.62187e-10 1.42316e-10 1.19751e-10 9.66227e-11 7.48113e-11 5.56658e-11 3.98999e-11 2.76352e-11 1.85676e-11 1.2154e-11 7.78705e-12 4.90708e-12 3.0543e-12 1.8866e-12 1.16106e-12 7.14477e-13 4.41572e-13 2.75629e-13 1.74744e-13 1.12028e-13 7.33679e-14 4.79401e-14 2.98197e-14 1.57696e-14 
1.1586e-13 2.02024e-13 3.1757e-13 4.82361e-13 7.27902e-13 1.0955e-12 1.64638e-12 2.46809e-12 3.68368e-12 5.46096e-12 8.01452e-12 1.16084e-11 1.65435e-11 2.31294e-11 3.16396e-11 4.22477e-11 5.49528e-11 6.95128e-11 8.53946e-11 1.0176e-10 1.17506e-10 1.31348e-10 1.41958e-10 1.48159e-10 1.49118e-10 1.44538e-10 1.34752e-10 1.2071e-10 1.03826e-10 8.57228e-11 6.79567e-11 5.17732e-11 3.79657e-11 2.68604e-11 1.83911e-11 1.22311e-11 7.93522e-12 5.04426e-12 3.15699e-12 1.95383e-12 1.20101e-12 7.36606e-13 4.52663e-13 2.7973e-13 1.75049e-13 1.10791e-13 7.19283e-14 4.66027e-14 2.98197e-14 1.76279e-14 
1.21901e-13 1.93029e-13 2.92465e-13 4.40974e-13 6.63748e-13 9.97859e-13 1.49964e-12 2.24674e-12 3.34856e-12 4.94866e-12 7.23192e-12 1.04151e-11 1.47379e-11 2.04332e-11 2.76858e-11 3.65772e-11 4.70274e-11 5.87438e-11 7.11885e-11 8.359e-11 9.49914e-11 1.04354e-10 1.107e-10 1.1327e-10 1.11673e-10 1.05978e-10 9.67278e-11 8.48568e-11 7.15278e-11 5.79329e-11 4.51067e-11 3.37975e-11 2.44108e-11 1.70339e-11 1.15203e-11 7.57788e-12 4.86953e-12 3.07018e-12 1.90774e-12 1.17487e-12 7.19142e-13 4.40465e-13 2.70523e-13 1.67732e-13 1.05377e-13 6.66408e-14 4.35384e-14 2.81894e-14 1.76279e-14 8.89245e-15 
7.12139e-14 1.1586e-13 1.74322e-13 2.60424e-13 3.90674e-13 5.86212e-13 8.80331e-13 1.31956e-12 1.97327e-12 2.93138e-12 4.31438e-12 6.27137e-12 8.97436e-12 1.26037e-11 1.73213e-11 2.32359e-11 3.03554e-11 3.85394e-11 4.74691e-11 5.66379e-11 6.53732e-11 7.29141e-11 7.85006e-11 8.15067e-11 8.15455e-11 7.85532e-11 7.28141e-11 6.49149e-11 5.56463e-11 4.58634e-11 3.63547e-11 2.77353e-11 2.03887e-11 1.44692e-11 9.93591e-12 6.62325e-12 4.3021e-12 2.7337e-12 1.70748e-12 1.05366e-12 6.4555e-13 3.94589e-13 2.41258e-13 1.48962e-13 9.30583e-14 5.87827e-14 3.72732e-14 2.45764e-14 1.57696e-14 8.89245e-15 
