1 101 51
0 9.12635e-16 1.71383e-15 2.48135e-15 3.24006e-15 5.65582e-15 8.22997e-15 1.36394e-14 2.13569e-14 3.5254e-14 5.7602e-14 9.43822e-14 1.52354e-13 2.42617e-13 3.80256e-13 5.83031e-13 8.79293e-13 1.29778e-12 1.87582e-12 2.65227e-12 3.65953e-12 4.91894e-12 6.4218e-12 8.12749e-12 9.94718e-12 1.1755e-11 1.33943e-11 1.47033e-11 1.55423e-11 1.58168e-11 1.54983e-11 1.46283e-11 1.33065e-11 1.1678e-11 9.89798e-12 8.11581e-12 6.44833e-12 4.97542e-12 3.73733e-12 2.7404e-12 1.96611e-12 1.38627e-12 9.6226e-13 6.61243e-13 4.49258e-13 3.04301e-13 2.05368e-13 1.37468e-13 9.06121e-14 5.68138e-14 2.69986e-14 
1.85022e-15 2.6048e-15 4.95546e-15 7.15616e-15 1.16877e-14 1.79683e-14 2.79998e-14 4.48353e-14 7.35743e-14 1.20633e-13 1.97244e-13 3.18565e-13 5.07998e-13 7.97545e-13 1.22569e-12 1.84304e-12 2.70384e-12 3.86674e-12 5.38499e-12 7.30082e-12 9.63103e-12 1.23569e-11 1.5407e-11 1.86477e-11 2.18841e-11 2.48669e-11 2.73261e-11 2.90099e-11 2.97272e-11 2.93901e-11 2.8027e-11 2.57843e-11 2.28958e-11 1.96393e-11 1.6294e-11 1.30964e-11 1.02172e-11 7.75576e-12 5.74193e-12 4.15885e-12 2.9552e-12 2.06735e-12 1.42776e-12 9.76152e-13 6.6375e-13 4.48486e-13 3.00993e-13 2.00726e-13 1.29105e-13 7.14506e-14 7.14506e-14 
9.12635e-16 4.41083e-15 8.38196e-15 1.28085e-14 1.86449e-14 2.92722e-14 4.52701e-14 7.15127e-14 1.15893e-13 1.8882e-13 3.06742e-13 4.95063e-13 7.90879e-13 1.24417e-12 1.92392e-12 2.90714e-12 4.28681e-12 6.15074e-12 8.57571e-12 1.16086e-11 1.52513e-11 1.94468e-11 2.40725e-11 2.89285e-11 3.37446e-11 3.81941e-11 4.1915e-11 4.45607e-11 4.58505e-11 4.56201e-11 4.38629e-11 4.07404e-11 3.6555e-11 3.16997e-11 2.65924e-11 2.16089e-11 1.70402e-11 1.30681e-11 9.77167e-12 7.14361e-12 5.12142e-12 3.61048e-12 2.51183e-12 1.72978e-12 1.18205e-12 8.03058e-13 5.4227e-13 3.63416e-13 2.37876e-13 1.42848e-13 5.68138e-14 
2.6048e-15 9.25826e-15 1.59755e-14 2.37762e-14 3.60939e-14 5.50632e-14 8.71396e-14 1.38785e-13 2.23731e-13 3.62162e-13 5.8368e-13 9.33792e-13 1.47754e-12 2.30105e-12 3.51256e-12 5.23743e-12 7.604e-12 1.07273e-11 1.46822e-11 1.94777e-11 2.50437e-11 3.12113e-11 3.77231e-11 4.42343e-11 5.03376e-11 5.5588e-11 5.95452e-11 6.18267e-11 6.217e-11 6.04896e-11 5.69075e-11 5.17456e-11 4.54831e-11 3.86672e-11 3.18312e-11 2.54147e-11 1.97233e-11 1.49133e-11 1.10173e-11 7.97621e-12 5.67507e-12 3.98139e-12 2.76237e-12 1.90016e-12 1.29915e-12 8.83701e-13 5.96619e-13 3.96654e-13 2.50177e-13 1.29105e-13 1.29105e-13 
1.71383e-15 8.38196e-15 1.67553e-14 2.65512e-14 3.96544e-14 6.04116e-14 9.29267e-14 1.46513e-13 2.33172e-13 3.75147e-13 6.02816e-13 9.64527e-13 1.53097e-12 2.40119e-12 3.70042e-12 5.58597e-12 8.22585e-12 1.17825e-11 1.63776e-11 2.20625e-11 2.8779e-11 3.63504e-11 4.44752e-11 5.27422e-11 6.06657e-11 6.77127e-11 7.33474e-11 7.70806e-11 7.85309e-11 7.74941e-11 7.39966e-11 6.83223e-11 6.09808e-11 5.26287e-11 4.39578e-11 3.5586e-11 2.79776e-11 2.14151e-11 1.60025e-11 1.17088e-11 8.41377e-12 5.95685e-12 4.16752e-12 2.88933e-12 1.9894e-12 1.36214e-12 9.27151e-13 6.2416e-13 4.0691e-13 2.37876e-13 9.06121e-14 
4.95546e-15 1.59755e-14 2.72042e-14 4.11848e-14 6.21647e-14 9.41101e-14 1.46017e-13 2.29468e-13 3.64364e-13 5.82491e-13 9.28915e-13 1.47563e-12 2.32286e-12 3.60882e-12 5.5093e-12 8.22635e-12 1.19724e-11 1.69318e-11 2.32151e-11 3.08196e-11 3.95904e-11 4.92153e-11 5.92358e-11 6.90883e-11 7.81479e-11 8.57803e-11 9.13841e-11 9.44523e-11 9.46349e-11 9.1819e-11 8.61825e-11 7.82031e-11 6.85978e-11 5.81997e-11 4.78214e-11 3.81276e-11 2.95684e-11 2.23667e-11 1.6551e-11 1.20201e-11 8.59361e-12 6.06672e-12 4.24178e-12 2.94364e-12 2.03127e-12 1.39423e-12 9.4888e-13 6.32673e-13 3.96654e-13 2.00726e-13 2.00726e-13 
2.48135e-15 1.28085e-14 2.65512e-14 4.1673e-14 6.23502e-14 9.30982e-14 1.41882e-13 2.19768e-13 3.45011e-13 5.45633e-13 8.64e-13 1.36756e-12 2.1537e-12 3.36096e-12 5.17405e-12 7.8206e-12 1.15542e-11 1.66245e-11 2.32206e-11 3.14207e-11 4.11338e-11 5.20762e-11 6.37715e-11 7.55916e-11 8.68175e-11 9.67069e-11 1.04543e-10 1.0969e-10 1.11646e-10 1.10125e-10 1.05143e-10 9.70712e-11 8.66163e-11 7.47159e-11 6.23689e-11 5.04713e-11 3.9688e-11 3.04122e-11 2.27778e-11 1.67285e-11 1.20857e-11 8.61518e-12 6.07768e-12 4.25417e-12 2.96036e-12 2.04925e-12 1.40884e-12 9.5586e-13 6.2416e-13 3.63416e-13 1.37468e-13 
7.15616e-15 2.37762e-14 4.11848e-14 6.26216e-14 9.24858e-14 1.37827e-13 2.09913e-13 3.24031e-13 5.05855e-13 7.93109e-13 1.24602e-12 1.95358e-12 3.04773e-12 4.71176e-12 7.18426e-12 1.07498e-11 1.57143e-11 2.2351e-11 3.08382e-11 4.11869e-11 5.31857e-11 6.63831e-11 8.01172e-11 9.3581e-11 1.05914e-10 1.16277e-10 1.23901e-10 1.28136e-10 1.28514e-10 1.24847e-10 1.17327e-10 1.06564e-10 9.35288e-11 7.938e-11 6.52513e-11 5.20686e-11 4.04474e-11 3.06827e-11 2.28029e-11 1.66577e-11 1.19986e-11 8.54706e-12 6.03804e-12 4.2377e-12 2.95941e-12 2.05532e-12 1.41349e-12 9.4888e-13 5.96619e-13 3.00993e-13 3.00993e-13 
3.24006e-15 1.86449e-14 3.96544e-14 6.23502e-14 9.18163e-14 1.34911e-13 2.01243e-13 3.06097e-13 4.70372e-13 7.28603e-13 1.13202e-12 1.75979e-12 2.73101e-12 4.21751e-12 6.45559e-12 9.7453e-12 1.44315e-11 2.0865e-11 2.93322e-11 3.99699e-11 5.26873e-11 6.71096e-11 8.25871e-11 9.82537e-11 1.1313e-10 1.26236e-10 1.36662e-10 1.43616e-10 1.46454e-10 1.44769e-10 1.38516e-10 1.28119e-10 1.14485e-10 9.88632e-11 8.26122e-11 6.69461e-11 5.27591e-11 4.0563e-11 3.05268e-11 2.25632e-11 1.64334e-11 1.18284e-11 8.43796e-12 5.97858e-12 4.21398e-12 2.95547e-12 2.05682e-12 1.40884e-12 9.27151e-13 5.4227e-13 2.05368e-13 
1.16877e-14 3.60939e-14 6.21647e-14 9.24858e-14 1.33931e-13 1.95944e-13 2.92749e-13 4.43035e-13 6.75949e-13 1.037e-12 1.59315e-12 2.44807e-12 3.75636e-12 5.73917e-12 8.69105e-12 1.29793e-11 1.90114e-11 2.71735e-11 3.77415e-11 5.07786e-11 6.60458e-11 8.29684e-11 1.00668e-10 1.1807e-10 1.34042e-10 1.47516e-10 1.57546e-10 1.63331e-10 1.64258e-10 1.60014e-10 1.50757e-10 1.37219e-10 1.20642e-10 1.02555e-10 8.44603e-11 6.75744e-11 5.26926e-11 4.01845e-11 3.00738e-11 2.21611e-11 1.61297e-11 1.16275e-11 8.32237e-12 5.92279e-12 4.19485e-12 2.953e-12 2.05532e-12 1.39423e-12 8.83701e-13 4.48486e-13 4.48486e-13 
5.65582e-15 2.92722e-14 6.04116e-14 9.30982e-14 1.34911e-13 1.94616e-13 2.84421e-13 4.23234e-13 6.37057e-13 9.63973e-13 1.46175e-12 2.21873e-12 3.36707e-12 5.10295e-12 7.70292e-12 1.15315e-11 1.70244e-11 2.46479e-11 3.48069e-11 4.77387e-11 6.33885e-11 8.13283e-11 1.00741e-10 1.20503e-10 1.39345e-10 1.56014e-10 1.69391e-10 1.7852e-10 1.82602e-10 1.81074e-10 1.73777e-10 1.6116e-10 1.44333e-10 1.24896e-10 1.04606e-10 8.50263e-11 6.72907e-11 5.20343e-11 3.94558e-11 2.94373e-11 2.16798e-11 1.58053e-11 1.14339e-11 8.22372e-12 5.88442e-12 4.18764e-12 2.95547e-12 2.04925e-12 1.36214e-12 8.03058e-13 3.04301e-13 
1.79683e-14 5.50632e-14 9.41101e-14 1.37827e-13 1.95944e-13 2.82115e-13 4.1209e-13 6.1079e-13 9.12164e-13 1.36507e-12 2.04487e-12 3.06253e-12 4.58597e-12 6.8596e-12 1.02223e-11 1.51121e-11 2.20359e-11 3.15062e-11 4.39269e-11 5.94585e-11 7.78826e-11 9.85325e-11 1.20322e-10 1.41883e-10 1.61776e-10 1.78672e-10 1.91438e-10 1.99113e-10 2.00914e-10 1.96369e-10 1.85564e-10 1.69343e-10 1.49245e-10 1.27202e-10 1.05108e-10 8.44792e-11 6.62821e-11 5.0955e-11 3.85167e-11 2.87216e-11 2.11907e-11 1.55073e-11 1.12766e-11 8.15761e-12 5.8708e-12 4.19485e-12 2.95941e-12 2.03127e-12 1.29915e-12 6.6375e-13 6.6375e-13 
8.22997e-15 4.52701e-14 9.29267e-14 1.41882e-13 2.01243e-13 2.84421e-13 4.08245e-13 5.96004e-13 8.78008e-13 1.2987e-12 1.92234e-12 2.84221e-12 4.19782e-12 6.19833e-12 9.14033e-12 1.3433e-11 1.95891e-11 2.81828e-11 3.9758e-11 5.46871e-11 7.30092e-11 9.42941e-11 1.17597e-10 1.4154e-10 1.6453e-10 1.85001e-10 2.01596e-10 2.13184e-10 2.18803e-10 2.17702e-10 2.09584e-10 1.9491e-10 1.75009e-10 1.51864e-10 1.27641e-10 1.04248e-10 8.30405e-11 6.47597e-11 4.96252e-11 3.74944e-11 2.80146e-11 2.07522e-11 1.52698e-11 1.11747e-11 8.13507e-12 5.88442e-12 4.21398e-12 2.96036e-12 1.9894e-12 1.18205e-12 4.49258e-13 
2.79998e-14 8.71396e-14 1.46017e-13 2.09913e-13 2.92749e-13 4.1209e-13 5.90784e-13 8.58433e-13 1.25597e-12 1.83969e-12 2.69031e-12 3.9255e-12 5.71679e-12 8.31813e-12 1.20853e-11 1.74978e-11 2.51431e-11 3.56525e-11 4.95817e-11 6.72333e-11 8.84781e-11 1.12624e-10 1.38411e-10 1.64174e-10 1.88125e-10 2.08632e-10 2.24341e-10 2.34125e-10 2.37017e-10 2.32361e-10 2.20175e-10 2.01434e-10 1.78012e-10 1.52252e-10 1.26421e-10 1.0229e-10 8.09674e-11 6.29354e-11 4.82075e-11 3.65009e-11 2.73889e-11 2.04075e-11 1.51189e-11 1.11399e-11 8.15761e-12 5.92279e-12 4.2377e-12 2.94364e-12 1.90016e-12 9.76152e-13 9.76152e-13 
1.36394e-14 7.15127e-14 1.46513e-13 2.19768e-13 3.06097e-13 4.23234e-13 5.96004e-13 8.52803e-13 1.23289e-12 1.78855e-12 2.5919e-12 3.74324e-12 5.3896e-12 7.73836e-12 1.10905e-11 1.58644e-11 2.26095e-11 3.19821e-11 4.46558e-11 6.11677e-11 8.17114e-11 1.05936e-10 1.32842e-10 1.60832e-10 1.87969e-10 2.12327e-10 2.32256e-10 2.46426e-10 2.53698e-10 2.53127e-10 2.44281e-10 2.27677e-10 2.04919e-10 1.78388e-10 1.50639e-10 1.23855e-10 9.95498e-11 7.85279e-11 6.10148e-11 4.6844e-11 3.56297e-11 2.69022e-11 2.01886e-11 1.5066e-11 1.11747e-11 8.22372e-12 5.97858e-12 4.25417e-12 2.88933e-12 1.72978e-12 6.61243e-13 
4.48353e-14 1.38785e-13 2.29468e-13 3.24031e-13 4.43035e-13 6.1079e-13 8.58433e-13 1.22527e-12 1.7603e-12 2.53134e-12 3.6276e-12 5.17645e-12 7.3533e-12 1.04086e-11 1.46926e-11 2.06837e-11 2.89971e-11 4.03473e-11 5.54284e-11 7.47264e-11 9.8276e-11 1.25454e-10 1.54906e-10 1.84692e-10 2.12642e-10 2.36759e-10 2.55425e-10 2.67318e-10 2.71273e-10 2.66467e-10 2.52904e-10 2.31781e-10 2.05358e-10 1.76373e-10 1.47386e-10 1.20326e-10 9.63608e-11 7.59809e-11 5.91812e-11 4.56556e-11 3.49547e-11 2.65934e-11 2.01137e-11 1.51189e-11 1.12766e-11 8.32237e-12 6.03804e-12 4.24178e-12 2.76237e-12 1.42776e-12 1.42776e-12 
2.13569e-14 1.15893e-13 2.33172e-13 3.45011e-13 4.70372e-13 6.37057e-13 8.78008e-13 1.23289e-12 1.75198e-12 2.49807e-12 3.55741e-12 5.04198e-12 7.10729e-12 9.96569e-12 1.39096e-11 1.93381e-11 2.67873e-11 3.69289e-11 5.05178e-11 6.82425e-11 9.0495e-11 1.17098e-10 1.47096e-10 1.78748e-10 2.09782e-10 2.37866e-10 2.6101e-10 2.77638e-10 2.86395e-10 2.86141e-10 2.7638e-10 2.57805e-10 2.32403e-10 2.02972e-10 1.72377e-10 1.42951e-10 1.16246e-10 9.30502e-11 7.35609e-11 5.75894e-11 4.47386e-11 3.45287e-11 2.64883e-11 2.01886e-11 1.52698e-11 1.14339e-11 8.43796e-12 6.07768e-12 4.16752e-12 2.51183e-12 9.6226e-13 
7.35743e-14 2.23731e-13 3.64364e-13 5.05855e-13 6.75949e-13 9.12164e-13 1.25597e-12 1.7603e-12 2.48839e-12 3.51967e-12 4.96104e-12 6.95388e-12 9.68607e-12 1.34082e-11 1.84572e-11 2.5281e-11 3.44631e-11 4.67189e-11 6.28188e-11 8.34115e-11 1.08744e-10 1.38359e-10 1.70913e-10 2.04253e-10 2.35834e-10 2.63264e-10 2.84611e-10 2.98294e-10 3.0292e-10 2.97544e-10 2.82303e-10 2.58788e-10 2.29727e-10 1.98206e-10 1.66932e-10 1.37836e-10 1.1202e-10 8.99118e-11 7.14656e-11 5.6364e-11 4.416e-11 3.43838e-11 2.65934e-11 2.04075e-11 1.55073e-11 1.16275e-11 8.54706e-12 6.06672e-12 3.98139e-12 2.06735e-12 2.06735e-12 
3.5254e-14 1.8882e-13 3.75147e-13 5.45633e-13 7.28603e-13 9.63973e-13 1.2987e-12 1.78855e-12 2.49807e-12 3.50804e-12 4.91733e-12 6.86028e-12 9.50874e-12 1.30899e-11 1.78967e-11 2.43095e-11 3.28182e-11 4.4047e-11 5.87314e-11 7.76279e-11 1.01297e-10 1.29772e-10 1.62241e-10 1.9691e-10 2.31241e-10 2.62523e-10 2.884e-10 3.0698e-10 3.16634e-10 3.16034e-10 3.04752e-10 2.83882e-10 2.55957e-10 2.24207e-10 1.91669e-10 1.60641e-10 1.32538e-10 1.08019e-10 8.71992e-11 6.9855e-11 5.55923e-11 4.39632e-11 3.45287e-11 2.69022e-11 2.07522e-11 1.58053e-11 1.18284e-11 8.61518e-12 5.95685e-12 3.61048e-12 1.38627e-12 
1.20633e-13 3.62162e-13 5.82491e-13 7.93109e-13 1.037e-12 1.36507e-12 1.83969e-12 2.53134e-12 3.51967e-12 4.90391e-12 6.80957e-12 9.39959e-12 1.28847e-11 1.75348e-11 2.36875e-11 3.17665e-11 4.23005e-11 5.5931e-11 7.33912e-11 9.53814e-11 1.22305e-10 1.53896e-10 1.88892e-10 2.25029e-10 2.59468e-10 2.89452e-10 3.12704e-10 3.27337e-10 3.317e-10 3.24824e-10 3.07214e-10 2.81091e-10 2.49747e-10 2.16523e-10 1.84072e-10 1.54112e-10 1.27521e-10 1.04563e-10 8.51142e-11 6.88423e-11 5.53301e-11 4.416e-11 3.49547e-11 2.73889e-11 2.11907e-11 1.61297e-11 1.19986e-11 8.59361e-12 5.67507e-12 2.9552e-12 2.9552e-12 
5.7602e-14 3.06742e-13 6.02816e-13 8.64e-13 1.13202e-12 1.46175e-12 1.92234e-12 2.5919e-12 3.55741e-12 4.91733e-12 6.79287e-12 9.33841e-12 1.27532e-11 1.7292e-11 2.32717e-11 3.10798e-11 4.11827e-11 5.41327e-11 7.05724e-11 9.1194e-11 1.16581e-10 1.46887e-10 1.81427e-10 2.18417e-10 2.55143e-10 2.88581e-10 3.16038e-10 3.35353e-10 3.44619e-10 3.42385e-10 3.28499e-10 3.04723e-10 2.74313e-10 2.40898e-10 2.07506e-10 1.76154e-10 1.47918e-10 1.23185e-10 1.01908e-10 8.38044e-11 6.84961e-11 5.55923e-11 4.47386e-11 3.56297e-11 2.80146e-11 2.16798e-11 1.64334e-11 1.20857e-11 8.41377e-12 5.12142e-12 1.96611e-12 
1.97244e-13 5.8368e-13 9.28915e-13 1.24602e-12 1.59315e-12 2.04487e-12 2.69031e-12 3.6276e-12 4.96104e-12 6.80957e-12 9.3189e-12 1.26778e-11 1.71294e-11 2.29774e-11 3.05969e-11 4.04267e-11 5.29707e-11 6.87927e-11 8.85088e-11 1.1272e-10 1.41801e-10 1.75527e-10 2.12667e-10 2.50845e-10 2.8696e-10 3.17956e-10 3.41377e-10 3.5517e-10 3.57533e-10 3.47641e-10 3.26629e-10 2.97562e-10 2.64326e-10 2.30367e-10 1.98042e-10 1.68617e-10 1.42558e-10 1.19852e-10 1.0024e-10 8.33586e-11 6.88423e-11 5.6364e-11 4.56556e-11 3.65009e-11 2.87216e-11 2.21611e-11 1.66577e-11 1.20201e-11 7.97621e-12 4.15885e-12 4.15885e-12 
9.43822e-14 4.95063e-13 9.64527e-13 1.36756e-12 1.75979e-12 2.21873e-12 2.84221e-12 3.74324e-12 5.04198e-12 6.86028e-12 9.33841e-12 1.26538e-11 1.70322e-11 2.277e-11 3.02315e-11 3.98558e-11 5.2138e-11 6.76139e-11 8.68443e-11 1.10381e-10 1.38653e-10 1.71698e-10 2.08741e-10 2.47832e-10 2.85953e-10 3.19767e-10 3.46527e-10 3.64131e-10 3.70673e-10 3.64767e-10 3.46772e-10 3.19349e-10 2.86527e-10 2.52219e-10 2.19212e-10 1.88993e-10 1.62081e-10 1.38435e-10 1.17758e-10 9.96705e-11 8.38044e-11 6.9855e-11 5.75894e-11 4.6844e-11 3.74944e-11 2.94373e-11 2.25632e-11 1.67285e-11 1.17088e-11 7.14361e-12 2.7404e-12 
3.18565e-13 9.33792e-13 1.47563e-12 1.95358e-12 2.44807e-12 3.06253e-12 3.9255e-12 5.17645e-12 6.95388e-12 9.39959e-12 1.26778e-11 1.69999e-11 2.26421e-11 2.99596e-11 3.93926e-11 5.14521e-11 6.66951e-11 8.56883e-11 1.08969e-10 1.36962e-10 1.69811e-10 2.07015e-10 2.46968e-10 2.86791e-10 3.2291e-10 3.52253e-10 3.72732e-10 3.82635e-10 3.80318e-10 3.65352e-10 3.39728e-10 3.07436e-10 2.72831e-10 2.39242e-10 2.0848e-10 1.81124e-10 1.57048e-10 1.35843e-10 1.17044e-10 1.0024e-10 8.51142e-11 7.14656e-11 5.91812e-11 4.82075e-11 3.85167e-11 3.00738e-11 2.28029e-11 1.6551e-11 1.10173e-11 5.74193e-12 5.74193e-12 
1.52354e-13 7.90879e-13 1.53097e-12 2.1537e-12 2.73101e-12 3.36707e-12 4.19782e-12 5.3896e-12 7.10729e-12 9.50874e-12 1.27532e-11 1.70322e-11 2.25979e-11 2.97856e-11 3.90271e-11 5.08503e-11 6.58532e-11 8.46671e-11 1.07891e-10 1.36001e-10 1.69211e-10 2.0717e-10 2.48458e-10 2.90234e-10 3.28627e-10 3.60111e-10 3.82553e-10 3.94712e-10 3.95154e-10 3.82872e-10 3.5901e-10 3.27221e-10 2.92214e-10 2.57931e-10 2.26657e-10 1.99111e-10 1.75054e-10 1.53883e-10 1.34959e-10 1.17758e-10 1.01908e-10 8.71992e-11 7.35609e-11 6.10148e-11 4.96252e-11 3.94558e-11 3.05268e-11 2.27778e-11 1.60025e-11 9.77167e-12 3.73733e-12 
5.07998e-13 1.47754e-12 2.32286e-12 3.04773e-12 3.75636e-12 4.58597e-12 5.71679e-12 7.3533e-12 9.68607e-12 1.28847e-11 1.71294e-11 2.26421e-11 2.97261e-11 3.87877e-11 5.03518e-11 6.50552e-11 8.36126e-11 1.06748e-10 1.35088e-10 1.69009e-10 2.0833e-10 2.51753e-10 2.96329e-10 3.37675e-10 3.71513e-10 3.95387e-10 4.08626e-10 4.10618e-10 4.00257e-10 3.77816e-10 3.46332e-10 3.10646e-10 2.75344e-10 2.43328e-10 2.15609e-10 1.91867e-10 1.71233e-10 1.52803e-10 1.35843e-10 1.19852e-10 1.04563e-10 8.99118e-11 7.59809e-11 6.29354e-11 5.0955e-11 4.01845e-11 3.06827e-11 2.23667e-11 1.49133e-11 7.75576e-12 7.75576e-12 
2.42617e-13 1.24417e-12 2.40119e-12 3.36096e-12 4.21751e-12 5.10295e-12 6.19833e-12 7.73836e-12 9.96569e-12 1.30899e-11 1.7292e-11 2.277e-11 2.97856e-11 3.87039e-11 5.00164e-11 6.43682e-11 8.25409e-11 1.05408e-10 1.33818e-10 1.68434e-10 2.09409e-10 2.55695e-10 3.0427e-10 3.50049e-10 3.87479e-10 4.13115e-10 4.26587e-10 4.2862e-10 4.18931e-10 3.97196e-10 3.65553e-10 3.28716e-10 2.91837e-10 2.58576e-10 2.30406e-10 2.07037e-10 1.87303e-10 1.69931e-10 1.53883e-10 1.38435e-10 1.23185e-10 1.08019e-10 9.30502e-11 7.85279e-11 6.47597e-11 5.20343e-11 4.0563e-11 3.04122e-11 2.14151e-11 1.30681e-11 4.97542e-12 
7.97545e-13 2.30105e-12 3.60882e-12 4.71176e-12 5.73917e-12 6.8596e-12 8.31813e-12 1.04086e-11 1.34082e-11 1.75348e-11 2.29774e-11 2.99596e-11 3.87877e-11 4.98976e-11 6.38954e-11 8.1588e-11 1.03967e-10 1.32121e-10 1.67095e-10 2.09544e-10 2.58955e-10 3.12554e-10 3.64693e-10 4.08155e-10 4.37417e-10 4.51291e-10 4.5194e-10 4.41073e-10 4.18755e-10 3.86124e-10 3.4737e-10 3.08103e-10 2.72787e-10 2.43562e-10 2.2032e-10 2.01625e-10 1.85746e-10 1.71233e-10 1.57048e-10 1.42558e-10 1.27521e-10 1.1202e-10 9.63608e-11 8.09674e-11 6.62821e-11 5.26926e-11 4.04474e-11 2.95684e-11 1.97233e-11 1.02172e-11 1.02172e-11 
3.80256e-13 1.92392e-12 3.70042e-12 5.17405e-12 6.45559e-12 7.70292e-12 9.14033e-12 1.10905e-11 1.39096e-11 1.78967e-11 2.32717e-11 3.02315e-11 3.90271e-11 5.00164e-11 6.37269e-11 8.09247e-11 1.02659e-10 1.30218e-10 1.65035e-10 2.08381e-10 2.6055e-10 3.19522e-10 3.79665e-10 4.32256e-10 4.68838e-10 4.85439e-10 4.84294e-10 4.70073e-10 4.45013e-10 4.09927e-10 3.68062e-10 3.25211e-10 2.86692e-10 2.55435e-10 2.31723e-10 2.13923e-10 1.99776e-10 1.87303e-10 1.75054e-10 1.62081e-10 1.47918e-10 1.32538e-10 1.16246e-10 9.95498e-11 8.30405e-11 6.72907e-11 5.27591e-11 3.9688e-11 2.79776e-11 1.70402e-11 6.44833e-12 
1.22569e-12 3.51256e-12 5.5093e-12 7.18426e-12 8.69105e-12 1.02223e-11 1.20853e-11 1.46926e-11 1.84572e-11 2.36875e-11 3.05969e-11 3.93926e-11 5.03518e-11 6.38954e-11 8.06875e-11 1.01745e-10 1.28476e-10 1.62642e-10 2.06116e-10 2.60154e-10 3.23973e-10 3.92826e-10 4.57301e-10 5.05902e-10 5.30205e-10 5.29581e-10 5.10559e-10 4.79841e-10 4.39868e-10 3.92992e-10 3.44787e-10 3.01419e-10 2.66718e-10 2.41524e-10 2.2415e-10 2.11733e-10 2.01625e-10 1.91867e-10 1.81124e-10 1.68617e-10 1.54112e-10 1.37836e-10 1.20326e-10 1.0229e-10 8.44792e-11 6.75744e-11 5.20686e-11 3.81276e-11 2.54147e-11 1.30964e-11 1.30964e-11 
5.83031e-13 2.90714e-12 5.58597e-12 7.8206e-12 9.7453e-12 1.15315e-11 1.3433e-11 1.58644e-11 1.93381e-11 2.43095e-11 3.10798e-11 3.98558e-11 5.08503e-11 6.43682e-11 8.09247e-11 1.01417e-10 1.27261e-10 1.60442e-10 2.03338e-10 2.5812e-10 3.25529e-10 4.02567e-10 4.80491e-10 5.4559e-10 5.84086e-10 5.89825e-10 5.67526e-10 5.28375e-10 4.80095e-10 4.25444e-10 3.69323e-10 3.18716e-10 2.7854e-10 2.50322e-10 2.32496e-10 2.21544e-10 2.13923e-10 2.07037e-10 1.99111e-10 1.88993e-10 1.76154e-10 1.60641e-10 1.42951e-10 1.23855e-10 1.04248e-10 8.50263e-11 6.69461e-11 5.04713e-11 3.5586e-11 2.16089e-11 8.11581e-12 
1.84304e-12 5.23743e-12 8.22635e-12 1.07498e-11 1.29793e-11 1.51121e-11 1.74978e-11 2.06837e-11 2.5281e-11 3.17665e-11 4.04267e-11 5.14521e-11 6.50552e-11 8.1588e-11 1.01745e-10 1.26826e-10 1.58912e-10 2.00749e-10 2.55247e-10 3.24635e-10 4.08281e-10 4.9955e-10 5.84309e-10 6.4385e-10 6.63954e-10 6.44011e-10 5.96351e-10 5.3579e-10 4.69679e-10 4.02447e-10 3.41319e-10 2.92751e-10 2.592e-10 2.39451e-10 2.29361e-10 2.2415e-10 2.2032e-10 2.15609e-10 2.0848e-10 1.98042e-10 1.84072e-10 1.66932e-10 1.47386e-10 1.26421e-10 1.05108e-10 8.44603e-11 6.52513e-11 4.78214e-11 3.18312e-11 1.6294e-11 1.6294e-11 
8.79293e-13 4.28681e-12 8.22585e-12 1.15542e-11 1.44315e-11 1.70244e-11 1.95891e-11 2.26095e-11 2.67873e-11 3.28182e-11 4.11827e-11 5.2138e-11 6.58532e-11 8.25409e-11 1.02659e-10 1.27261e-10 1.58365e-10 1.98941e-10 2.52429e-10 3.22282e-10 4.10379e-10 5.13427e-10 6.18917e-10 7.05205e-10 7.49329e-10 7.40166e-10 6.87898e-10 6.13018e-10 5.30684e-10 4.48529e-10 3.73193e-10 3.12353e-10 2.70124e-10 2.46039e-10 2.35626e-10 2.32496e-10 2.31723e-10 2.30406e-10 2.26657e-10 2.19212e-10 2.07506e-10 1.91669e-10 1.72377e-10 1.50639e-10 1.27641e-10 1.04606e-10 8.26122e-11 6.23689e-11 4.39578e-11 2.65924e-11 9.89798e-12 
2.70384e-12 7.604e-12 1.19724e-11 1.57143e-11 1.90114e-11 2.20359e-11 2.51431e-11 2.89971e-11 3.44631e-11 4.23005e-11 5.29707e-11 6.66951e-11 8.36126e-11 1.03967e-10 1.28476e-10 1.58912e-10 1.98293e-10 2.50405e-10 3.19579e-10 4.09966e-10 5.22243e-10 6.47503e-10 7.63991e-10 8.41371e-10 8.5525e-10 8.05422e-10 7.17005e-10 6.14617e-10 5.12508e-10 4.18989e-10 3.41703e-10 2.8645e-10 2.54342e-10 2.41336e-10 2.39451e-10 2.41524e-10 2.43562e-10 2.43328e-10 2.39242e-10 2.30367e-10 2.16523e-10 1.98206e-10 1.76373e-10 1.52252e-10 1.27202e-10 1.02555e-10 7.938e-11 5.81997e-11 3.86672e-11 1.96393e-11 1.96393e-11 
1.29778e-12 6.15074e-12 1.17825e-11 1.66245e-11 2.0865e-11 2.46479e-11 2.81828e-11 3.19821e-11 3.69289e-11 4.4047e-11 5.41327e-11 6.76139e-11 8.46671e-11 1.05408e-10 1.30218e-10 1.60442e-10 1.98941e-10 2.49671e-10 3.17493e-10 4.08362e-10 5.26981e-10 6.69361e-10 8.16691e-10 9.35039e-10 9.85088e-10 9.50817e-10 8.52894e-10 7.2797e-10 6.00813e-10 4.84096e-10 3.85951e-10 3.13028e-10 2.68084e-10 2.4862e-10 2.46039e-10 2.50322e-10 2.55435e-10 2.58576e-10 2.57931e-10 2.52219e-10 2.40898e-10 2.24207e-10 2.02972e-10 1.78388e-10 1.51864e-10 1.24896e-10 9.88632e-11 7.47159e-11 5.26287e-11 3.16997e-11 1.1678e-11 
3.86674e-12 1.07273e-11 1.69318e-11 2.2351e-11 2.71735e-11 3.15062e-11 3.56525e-11 4.03473e-11 4.67189e-11 5.5931e-11 6.87927e-11 8.56883e-11 1.06748e-10 1.32121e-10 1.62642e-10 2.00749e-10 2.50405e-10 3.16717e-10 4.06823e-10 5.29003e-10 6.84851e-10 8.61031e-10 1.02445e-09 1.12449e-09 1.12106e-09 1.02452e-09 8.78098e-10 7.21322e-10 5.75507e-10 4.51366e-10 3.55562e-10 2.92598e-10 2.61374e-10 2.54342e-10 2.592e-10 2.66718e-10 2.72787e-10 2.75344e-10 2.72831e-10 2.64326e-10 2.49747e-10 2.29727e-10 2.05358e-10 1.78012e-10 1.49245e-10 1.20642e-10 9.35288e-11 6.85978e-11 4.54831e-11 2.28958e-11 2.28958e-11 
1.87582e-12 8.57571e-12 1.63776e-11 2.32206e-11 2.93322e-11 3.48069e-11 3.9758e-11 4.46558e-11 5.05178e-11 5.87314e-11 7.05724e-11 8.68443e-11 1.07891e-10 1.33818e-10 1.65035e-10 2.03338e-10 2.52429e-10 3.17493e-10 4.06227e-10 5.29683e-10 6.94894e-10 8.95947e-10 1.10528e-09 1.26505e-09 1.31333e-09 1.23244e-09 1.07004e-09 8.82092e-10 7.01832e-10 5.45281e-10 4.21234e-10 3.3398e-10 2.85143e-10 2.68084e-10 2.70124e-10 2.7854e-10 2.86692e-10 2.91837e-10 2.92214e-10 2.86527e-10 2.74313e-10 2.55957e-10 2.32403e-10 2.04919e-10 1.75009e-10 1.44333e-10 1.14485e-10 8.66163e-11 6.09808e-11 3.6555e-11 1.33065e-11 
5.38499e-12 1.46822e-11 2.32151e-11 3.08382e-11 3.77415e-11 4.39269e-11 4.95817e-11 5.54284e-11 6.28188e-11 7.33912e-11 8.85088e-11 1.08969e-10 1.35088e-10 1.67095e-10 2.06116e-10 2.55247e-10 3.19579e-10 4.06823e-10 5.29873e-10 7.00553e-10 9.20963e-10 1.17384e-09 1.40018e-09 1.51895e-09 1.48017e-09 1.31072e-09 1.0894e-09 8.70262e-10 6.75316e-10 5.17028e-10 3.99935e-10 3.26131e-10 2.92598e-10 2.8645e-10 2.92751e-10 3.01419e-10 3.08103e-10 3.10646e-10 3.07436e-10 2.97562e-10 2.81091e-10 2.58788e-10 2.31781e-10 2.01434e-10 1.69343e-10 1.37219e-10 1.06564e-10 7.82031e-11 5.17456e-11 2.57843e-11 2.57843e-11 
2.65227e-12 1.16086e-11 2.20625e-11 3.14207e-11 3.99699e-11 4.77387e-11 5.46871e-11 6.11677e-11 6.82425e-11 7.76279e-11 9.1194e-11 1.10381e-10 1.36001e-10 1.68434e-10 2.08381e-10 2.5812e-10 3.22282e-10 4.08362e-10 5.29683e-10 7.02462e-10 9.36024e-10 1.22632e-09 1.52188e-09 1.72824e-09 1.75946e-09 1.60807e-09 1.35422e-09 1.08842e-09 8.47412e-10 6.47849e-10 4.96689e-10 3.92139e-10 3.3398e-10 3.13028e-10 3.12353e-10 3.18716e-10 3.25211e-10 3.28716e-10 3.27221e-10 3.19349e-10 3.04723e-10 2.83882e-10 2.57805e-10 2.27677e-10 1.9491e-10 1.6116e-10 1.28119e-10 9.70712e-11 6.83223e-11 4.07404e-11 1.46283e-11 
7.30082e-12 1.94777e-11 3.08196e-11 4.11869e-11 5.07786e-11 5.94585e-11 6.72333e-11 7.47264e-11 8.34115e-11 9.53814e-11 1.1272e-10 1.36962e-10 1.69009e-10 2.09544e-10 2.60154e-10 3.24635e-10 4.09966e-10 5.29003e-10 7.00553e-10 9.41205e-10 1.25942e-09 1.61991e-09 1.9272e-09 2.05391e-09 1.95238e-09 1.68269e-09 1.36514e-09 1.07081e-09 8.19588e-10 6.26157e-10 4.88965e-10 3.99935e-10 3.55562e-10 3.41703e-10 3.41319e-10 3.44787e-10 3.4737e-10 3.46332e-10 3.39728e-10 3.26629e-10 3.07214e-10 2.82303e-10 2.52904e-10 2.20175e-10 1.85564e-10 1.50757e-10 1.17327e-10 8.61825e-11 5.69075e-11 2.8027e-11 2.8027e-11 
3.65953e-12 1.52513e-11 2.8779e-11 4.11338e-11 5.26873e-11 6.33885e-11 7.30092e-11 8.17114e-11 9.0495e-11 1.01297e-10 1.16581e-10 1.38653e-10 1.69211e-10 2.09409e-10 2.6055e-10 3.25529e-10 4.10379e-10 5.26981e-10 6.94894e-10 9.36024e-10 1.27104e-09 1.68366e-09 2.09529e-09 2.34453e-09 2.32337e-09 2.06964e-09 1.70504e-09 1.3491e-09 1.04328e-09 7.95617e-10 6.17274e-10 4.96689e-10 4.21234e-10 3.85951e-10 3.73193e-10 3.69323e-10 3.68062e-10 3.65553e-10 3.5901e-10 3.46772e-10 3.28499e-10 3.04752e-10 2.7638e-10 2.44281e-10 2.09584e-10 1.73777e-10 1.38516e-10 1.05143e-10 7.39966e-11 4.38629e-11 1.54983e-11 
9.63103e-12 2.50437e-11 3.95904e-11 5.31857e-11 6.60458e-11 7.78826e-11 8.84781e-11 9.8276e-11 1.08744e-10 1.22305e-10 1.41801e-10 1.69811e-10 2.0833e-10 2.58955e-10 3.23973e-10 4.08281e-10 5.22243e-10 6.84851e-10 9.20963e-10 1.25942e-09 1.70586e-09 2.20798e-09 2.59809e-09 2.69926e-09 2.5011e-09 2.11515e-09 1.68937e-09 1.31779e-09 1.01732e-09 7.85439e-10 6.26157e-10 5.17028e-10 4.51366e-10 4.18989e-10 4.02447e-10 3.92992e-10 3.86124e-10 3.77816e-10 3.65352e-10 3.47641e-10 3.24824e-10 2.97544e-10 2.66467e-10 2.32361e-10 1.96369e-10 1.60014e-10 1.24847e-10 9.1819e-11 6.04896e-11 2.93901e-11 2.93901e-11 
4.91894e-12 1.94468e-11 3.63504e-11 5.20762e-11 6.71096e-11 8.13283e-11 9.42941e-11 1.05936e-10 1.17098e-10 1.29772e-10 1.46887e-10 1.71698e-10 2.0717e-10 2.55695e-10 3.19522e-10 4.02567e-10 5.13427e-10 6.69361e-10 8.95947e-10 1.22632e-09 1.68366e-09 2.24643e-09 2.77151e-09 3.03443e-09 2.94452e-09 2.58723e-09 2.10734e-09 1.65341e-09 1.28732e-09 1.00616e-09 7.95617e-10 6.47849e-10 5.45281e-10 4.84096e-10 4.48529e-10 4.25444e-10 4.09927e-10 3.97196e-10 3.82872e-10 3.64767e-10 3.42385e-10 3.16034e-10 2.86141e-10 2.53127e-10 2.17702e-10 1.81074e-10 1.44769e-10 1.10125e-10 7.74941e-11 4.56201e-11 1.58168e-11 
1.23569e-11 3.12113e-11 4.92153e-11 6.63831e-11 8.29684e-11 9.85325e-11 1.12624e-10 1.25454e-10 1.38359e-10 1.53896e-10 1.75527e-10 2.07015e-10 2.51753e-10 3.12554e-10 3.92826e-10 4.9955e-10 6.47503e-10 8.61031e-10 1.17384e-09 1.61991e-09 2.20798e-09 2.82959e-09 3.26762e-09 3.34435e-09 3.0685e-09 2.58588e-09 2.06853e-09 1.61731e-09 1.27464e-09 1.01732e-09 8.19588e-10 6.75316e-10 5.75507e-10 5.12508e-10 4.69679e-10 4.39868e-10 4.18755e-10 4.00257e-10 3.80318e-10 3.57533e-10 3.317e-10 3.0292e-10 2.71273e-10 2.37017e-10 2.00914e-10 1.64258e-10 1.28514e-10 9.46349e-11 6.217e-11 2.97272e-11 2.97272e-11 
6.4218e-12 2.40725e-11 4.44752e-11 6.37715e-11 8.25871e-11 1.00741e-10 1.17597e-10 1.32842e-10 1.47096e-10 1.62241e-10 1.81427e-10 2.08741e-10 2.48458e-10 3.0427e-10 3.79665e-10 4.80491e-10 6.18917e-10 8.16691e-10 1.10528e-09 1.52188e-09 2.09529e-09 2.77151e-09 3.34649e-09 3.62749e-09 3.50272e-09 3.06881e-09 2.53149e-09 2.02607e-09 1.60216e-09 1.28732e-09 1.04328e-09 8.47412e-10 7.01832e-10 6.00813e-10 5.30684e-10 4.80095e-10 4.45013e-10 4.18931e-10 3.95154e-10 3.70673e-10 3.44619e-10 3.16634e-10 2.86395e-10 2.53698e-10 2.18803e-10 1.82602e-10 1.46454e-10 1.11646e-10 7.85309e-11 4.58505e-11 1.55423e-11 
1.5407e-11 3.77231e-11 5.92358e-11 8.01172e-11 1.00668e-10 1.20322e-10 1.38411e-10 1.54906e-10 1.70913e-10 1.88892e-10 2.12667e-10 2.46968e-10 2.96329e-10 3.64693e-10 4.57301e-10 5.84309e-10 7.63991e-10 1.02445e-09 1.40018e-09 1.9272e-09 2.59809e-09 3.26762e-09 3.72487e-09 3.81205e-09 3.51136e-09 3.00477e-09 2.46975e-09 2.00797e-09 1.61731e-09 1.31779e-09 1.07081e-09 8.70262e-10 7.21322e-10 6.14617e-10 5.3579e-10 4.79841e-10 4.41073e-10 4.10618e-10 3.82635e-10 3.5517e-10 3.27337e-10 2.98294e-10 2.67318e-10 2.34125e-10 1.99113e-10 1.63331e-10 1.28136e-10 9.44523e-11 6.18267e-11 2.90099e-11 2.90099e-11 
8.12749e-12 2.89285e-11 5.27422e-11 7.55916e-11 9.82537e-11 1.20503e-10 1.4154e-10 1.60832e-10 1.78748e-10 1.9691e-10 2.18417e-10 2.47832e-10 2.90234e-10 3.50049e-10 4.32256e-10 5.4559e-10 7.05205e-10 9.35039e-10 1.26505e-09 1.72824e-09 2.34453e-09 3.03443e-09 3.62749e-09 3.91842e-09 3.83135e-09 3.44829e-09 2.9277e-09 2.44445e-09 2.02607e-09 1.65341e-09 1.3491e-09 1.08842e-09 8.82092e-10 7.2797e-10 6.13018e-10 5.28375e-10 4.70073e-10 4.2862e-10 3.94712e-10 3.64131e-10 3.35353e-10 3.0698e-10 2.77638e-10 2.46426e-10 2.13184e-10 1.7852e-10 1.43616e-10 1.0969e-10 7.70806e-11 4.45607e-11 1.47033e-11 
1.86477e-11 4.42343e-11 6.90883e-11 9.3581e-11 1.1807e-10 1.41883e-10 1.64174e-10 1.84692e-10 2.04253e-10 2.25029e-10 2.50845e-10 2.86791e-10 3.37675e-10 4.08155e-10 5.05902e-10 6.4385e-10 8.41371e-10 1.12449e-09 1.51895e-09 2.05391e-09 2.69926e-09 3.34435e-09 3.81205e-09 3.94774e-09 3.77575e-09 3.36749e-09 2.89397e-09 2.46975e-09 2.06853e-09 1.68937e-09 1.36514e-09 1.0894e-09 8.78098e-10 7.17005e-10 5.96351e-10 5.10559e-10 4.5194e-10 4.08626e-10 3.72732e-10 3.41377e-10 3.12704e-10 2.84611e-10 2.55425e-10 2.24341e-10 1.91438e-10 1.57546e-10 1.23901e-10 9.13841e-11 5.95452e-11 2.73261e-11 2.73261e-11 
9.94718e-12 3.37446e-11 6.06657e-11 8.68175e-11 1.1313e-10 1.39345e-10 1.6453e-10 1.87969e-10 2.09782e-10 2.31241e-10 2.55143e-10 2.85953e-10 3.28627e-10 3.87479e-10 4.68838e-10 5.84086e-10 7.49329e-10 9.85088e-10 1.31333e-09 1.75946e-09 2.32337e-09 2.94452e-09 3.50272e-09 3.83135e-09 3.91187e-09 3.70417e-09 3.32843e-09 2.9277e-09 2.53149e-09 2.10734e-09 1.70504e-09 1.35422e-09 1.07004e-09 8.52894e-10 6.87898e-10 5.67526e-10 4.84294e-10 4.26587e-10 3.82553e-10 3.46527e-10 3.16038e-10 2.884e-10 2.6101e-10 2.32256e-10 2.01596e-10 1.69391e-10 1.36662e-10 1.04543e-10 7.33474e-11 4.1915e-11 1.33943e-11 
2.18841e-11 5.03376e-11 7.81479e-11 1.05914e-10 1.34042e-10 1.61776e-10 1.88125e-10 2.12642e-10 2.35834e-10 2.59468e-10 2.8696e-10 3.2291e-10 3.71513e-10 4.37417e-10 5.30205e-10 6.63954e-10 8.5525e-10 1.12106e-09 1.48017e-09 1.95238e-09 2.5011e-09 3.0685e-09 3.51136e-09 3.77575e-09 3.86301e-09 3.66548e-09 3.36749e-09 3.00477e-09 2.58588e-09 2.11515e-09 1.68269e-09 1.31072e-09 1.02452e-09 8.05422e-10 6.44011e-10 5.29581e-10 4.51291e-10 3.95387e-10 3.52253e-10 3.17956e-10 2.89452e-10 2.63264e-10 2.36759e-10 2.08632e-10 1.78672e-10 1.47516e-10 1.16277e-10 8.57803e-11 5.5588e-11 2.48669e-11 2.48669e-11 
1.1755e-11 3.81941e-11 6.77127e-11 9.67069e-11 1.26236e-10 1.56014e-10 1.85001e-10 2.12327e-10 2.37866e-10 2.62523e-10 2.88581e-10 3.19767e-10 3.60111e-10 4.13115e-10 4.85439e-10 5.89825e-10 7.40166e-10 9.50817e-10 1.23244e-09 1.60807e-09 2.06964e-09 2.58723e-09 3.06881e-09 3.44829e-09 3.70417e-09 3.83084e-09 3.70417e-09 3.44829e-09 3.06881e-09 2.58723e-09 2.06964e-09 1.60807e-09 1.23244e-09 9.50817e-10 7.40166e-10 5.89825e-10 4.85439e-10 4.13115e-10 3.60111e-10 3.19767e-10 2.88581e-10 2.62523e-10 2.37866e-10 2.12327e-10 1.85001e-10 1.56014e-10 1.26236e-10 9.67069e-11 6.77127e-11 3.81941e-11 1.1755e-11 
2.48669e-11 5.5588e-11 8.57803e-11 1.16277e-10 1.47516e-10 1.78672e-10 2.08632e-10 2.36759e-10 2.63264e-10 2.89452e-10 3.17956e-10 3.52253e-10 3.95387e-10 4.51291e-10 5.29581e-10 6.44011e-10 8.05422e-10 1.02452e-09 1.31072e-09 1.68269e-09 2.11515e-09 2.58588e-09 3.00477e-09 3.36749e-09 3.66548e-09 3.86301e-09 3.77575e-09 3.51136e-09 3.0685e-09 2.5011e-09 1.95238e-09 1.48017e-09 1.12106e-09 8.5525e-10 6.63954e-10 5.30205e-10 4.37417e-10 3.71513e-10 3.2291e-10 2.8696e-10 2.59468e-10 2.35834e-10 2.12642e-10 1.88125e-10 1.61776e-10 1.34042e-10 1.05914e-10 7.81479e-11 5.03376e-11 2.18841e-11 2.18841e-11 
1.33943e-11 4.1915e-11 7.33474e-11 1.04543e-10 1.36662e-10 1.69391e-10 2.01596e-10 2.32256e-10 2.6101e-10 2.884e-10 3.16038e-10 3.46527e-10 3.82553e-10 4.26587e-10 4.84294e-10 5.67526e-10 6.87898e-10 8.52894e-10 1.07004e-09 1.35422e-09 1.70504e-09 2.10734e-09 2.53149e-09 2.9277e-09 3.32843e-09 3.70417e-09 3.91187e-09 3.83135e-09 3.50272e-09 2.94452e-09 2.32337e-09 1.75946e-09 1.31333e-09 9.85088e-10 7.49329e-10 5.84086e-10 4.68838e-10 3.87479e-10 3.28627e-10 2.85953e-10 2.55143e-10 2.31241e-10 2.09782e-10 1.87969e-10 1.6453e-10 1.39345e-10 1.1313e-10 8.68175e-11 6.06657e-11 3.37446e-11 9.94718e-12 
2.73261e-11 5.95452e-11 9.13841e-11 1.23901e-10 1.57546e-10 1.91438e-10 2.24341e-10 2.55425e-10 2.84611e-10 3.12704e-10 3.41377e-10 3.72732e-10 4.08626e-10 4.5194e-10 5.10559e-10 5.96351e-10 7.17005e-10 8.78098e-10 1.0894e-09 1.36514e-09 1.68937e-09 2.06853e-09 2.46975e-09 2.89397e-09 3.36749e-09 3.77575e-09 3.94774e-09 3.81205e-09 3.34435e-09 2.69926e-09 2.05391e-09 1.51895e-09 1.12449e-09 8.41371e-10 6.4385e-10 5.05902e-10 4.08155e-10 3.37675e-10 2.86791e-10 2.50845e-10 2.25029e-10 2.04253e-10 1.84692e-10 1.64174e-10 1.41883e-10 1.1807e-10 9.3581e-11 6.90883e-11 4.42343e-11 1.86477e-11 1.86477e-11 
1.47033e-11 4.45607e-11 7.70806e-11 1.0969e-10 1.43616e-10 1.7852e-10 2.13184e-10 2.46426e-10 2.77638e-10 3.0698e-10 3.35353e-10 3.64131e-10 3.94712e-10 4.2862e-10 4.70073e-10 5.28375e-10 6.13018e-10 7.2797e-10 8.82092e-10 1.08842e-09 1.3491e-09 1.65341e-09 2.02607e-09 2.44445e-09 2.9277e-09 3.44829e-09 3.83135e-09 3.91842e-09 3.62749e-09 3.03443e-09 2.34453e-09 1.72824e-09 1.26505e-09 9.35039e-10 7.05205e-10 5.4559e-10 4.32256e-10 3.50049e-10 2.90234e-10 2.47832e-10 2.18417e-10 1.9691e-10 1.78748e-10 1.60832e-10 1.4154e-10 1.20503e-10 9.82537e-11 7.55916e-11 5.27422e-11 2.89285e-11 8.12749e-12 
2.90099e-11 6.18267e-11 9.44523e-11 1.28136e-10 1.63331e-10 1.99113e-10 2.34125e-10 2.67318e-10 2.98294e-10 3.27337e-10 3.5517e-10 3.82635e-10 4.10618e-10 4.41073e-10 4.79841e-10 5.3579e-10 6.14617e-10 7.21322e-10 8.70262e-10 1.07081e-09 1.31779e-09 1.61731e-09 2.00797e-09 2.46975e-09 3.00477e-09 3.51136e-09 3.81205e-09 3.72487e-09 3.26762e-09 2.59809e-09 1.9272e-09 1.40018e-09 1.02445e-09 7.63991e-10 5.84309e-10 4.57301e-10 3.64693e-10 2.96329e-10 2.46968e-10 2.12667e-10 1.88892e-10 1.70913e-10 1.54906e-10 1.38411e-10 1.20322e-10 1.00668e-10 8.01172e-11 5.92358e-11 3.77231e-11 1.5407e-11 1.5407e-11 
1.55423e-11 4.58505e-11 7.85309e-11 1.11646e-10 1.46454e-10 1.82602e-10 2.18803e-10 2.53698e-10 2.86395e-10 3.16634e-10 3.44619e-10 3.70673e-10 3.95154e-10 4.18931e-10 4.45013e-10 4.80095e-10 5.30684e-10 6.00813e-10 7.01832e-10 8.47412e-10 1.04328e-09 1.28732e-09 1.60216e-09 2.02607e-09 2.53149e-09 3.06881e-09 3.50272e-09 3.62749e-09 3.34649e-09 2.77151e-09 2.09529e-09 1.52188e-09 1.10528e-09 8.16691e-10 6.18917e-10 4.80491e-10 3.79665e-10 3.0427e-10 2.48458e-10 2.08741e-10 1.81427e-10 1.62241e-10 1.47096e-10 1.32842e-10 1.17597e-10 1.00741e-10 8.25871e-11 6.37715e-11 4.44752e-11 2.40725e-11 6.4218e-12 
2.97272e-11 6.217e-11 9.46349e-11 1.28514e-10 1.64258e-10 2.00914e-10 2.37017e-10 2.71273e-10 3.0292e-10 3.317e-10 3.57533e-10 3.80318e-10 4.00257e-10 4.18755e-10 4.39868e-10 4.69679e-10 5.12508e-10 5.75507e-10 6.75316e-10 8.19588e-10 1.01732e-09 1.27464e-09 1.61731e-09 2.06853e-09 2.58588e-09 3.0685e-09 3.34435e-09 3.26762e-09 2.82959e-09 2.20798e-09 1.61991e-09 1.17384e-09 8.61031e-10 6.47503e-10 4.9955e-10 3.92826e-10 3.12554e-10 2.51753e-10 2.07015e-10 1.75527e-10 1.53896e-10 1.38359e-10 1.25454e-10 1.12624e-10 9.85325e-11 8.29684e-11 6.63831e-11 4.92153e-11 3.12113e-11 1.23569e-11 1.23569e-11 
1.58168e-11 4.56201e-11 7.74941e-11 1.10125e-10 1.44769e-10 1.81074e-10 2.17702e-10 2.53127e-10 2.86141e-10 3.16034e-10 3.42385e-10 3.64767e-10 3.82872e-10 3.97196e-10 4.09927e-10 4.25444e-10 4.48529e-10 4.84096e-10 5.45281e-10 6.47849e-10 7.95617e-10 1.00616e-09 1.28732e-09 1.65341e-09 2.10734e-09 2.58723e-09 2.94452e-09 3.03443e-09 2.77151e-09 2.24643e-09 1.68366e-09 1.22632e-09 8.95947e-10 6.69361e-10 5.13427e-10 4.02567e-10 3.19522e-10 2.55695e-10 2.0717e-10 1.71698e-10 1.46887e-10 1.29772e-10 1.17098e-10 1.05936e-10 9.42941e-11 8.13283e-11 6.71096e-11 5.20762e-11 3.63504e-11 1.94468e-11 4.91894e-12 
2.93901e-11 6.04896e-11 9.1819e-11 1.24847e-10 1.60014e-10 1.96369e-10 2.32361e-10 2.66467e-10 2.97544e-10 3.24824e-10 3.47641e-10 3.65352e-10 3.77816e-10 3.86124e-10 3.92992e-10 4.02447e-10 4.18989e-10 4.51366e-10 5.17028e-10 6.26157e-10 7.85439e-10 1.01732e-09 1.31779e-09 1.68937e-09 2.11515e-09 2.5011e-09 2.69926e-09 2.59809e-09 2.20798e-09 1.70586e-09 1.25942e-09 9.20963e-10 6.84851e-10 5.22243e-10 4.08281e-10 3.23973e-10 2.58955e-10 2.0833e-10 1.69811e-10 1.41801e-10 1.22305e-10 1.08744e-10 9.8276e-11 8.84781e-11 7.78826e-11 6.60458e-11 5.31857e-11 3.95904e-11 2.50437e-11 9.63103e-12 9.63103e-12 
1.54983e-11 4.38629e-11 7.39966e-11 1.05143e-10 1.38516e-10 1.73777e-10 2.09584e-10 2.44281e-10 2.7638e-10 3.04752e-10 3.28499e-10 3.46772e-10 3.5901e-10 3.65553e-10 3.68062e-10 3.69323e-10 3.73193e-10 3.85951e-10 4.21234e-10 4.96689e-10 6.17274e-10 7.95617e-10 1.04328e-09 1.3491e-09 1.70504e-09 2.06964e-09 2.32337e-09 2.34453e-09 2.09529e-09 1.68366e-09 1.27104e-09 9.36024e-10 6.94894e-10 5.26981e-10 4.10379e-10 3.25529e-10 2.6055e-10 2.09409e-10 1.69211e-10 1.38653e-10 1.16581e-10 1.01297e-10 9.0495e-11 8.17114e-11 7.30092e-11 6.33885e-11 5.26873e-11 4.11338e-11 2.8779e-11 1.52513e-11 3.65953e-12 
2.8027e-11 5.69075e-11 8.61825e-11 1.17327e-10 1.50757e-10 1.85564e-10 2.20175e-10 2.52904e-10 2.82303e-10 3.07214e-10 3.26629e-10 3.39728e-10 3.46332e-10 3.4737e-10 3.44787e-10 3.41319e-10 3.41703e-10 3.55562e-10 3.99935e-10 4.88965e-10 6.26157e-10 8.19588e-10 1.07081e-09 1.36514e-09 1.68269e-09 1.95238e-09 2.05391e-09 1.9272e-09 1.61991e-09 1.25942e-09 9.41205e-10 7.00553e-10 5.29003e-10 4.09966e-10 3.24635e-10 2.60154e-10 2.09544e-10 1.69009e-10 1.36962e-10 1.1272e-10 9.53814e-11 8.34115e-11 7.47264e-11 6.72333e-11 5.94585e-11 5.07786e-11 4.11869e-11 3.08196e-11 1.94777e-11 7.30082e-12 7.30082e-12 
1.46283e-11 4.07404e-11 6.83223e-11 9.70712e-11 1.28119e-10 1.6116e-10 1.9491e-10 2.27677e-10 2.57805e-10 2.83882e-10 3.04723e-10 3.19349e-10 3.27221e-10 3.28716e-10 3.25211e-10 3.18716e-10 3.12353e-10 3.13028e-10 3.3398e-10 3.92139e-10 4.96689e-10 6.47849e-10 8.47412e-10 1.08842e-09 1.35422e-09 1.60807e-09 1.75946e-09 1.72824e-09 1.52188e-09 1.22632e-09 9.36024e-10 7.02462e-10 5.29683e-10 4.08362e-10 3.22282e-10 2.5812e-10 2.08381e-10 1.68434e-10 1.36001e-10 1.10381e-10 9.1194e-11 7.76279e-11 6.82425e-11 6.11677e-11 5.46871e-11 4.77387e-11 3.99699e-11 3.14207e-11 2.20625e-11 1.16086e-11 2.65227e-12 
2.57843e-11 5.17456e-11 7.82031e-11 1.06564e-10 1.37219e-10 1.69343e-10 2.01434e-10 2.31781e-10 2.58788e-10 2.81091e-10 2.97562e-10 3.07436e-10 3.10646e-10 3.08103e-10 3.01419e-10 2.92751e-10 2.8645e-10 2.92598e-10 3.26131e-10 3.99935e-10 5.17028e-10 6.75316e-10 8.70262e-10 1.0894e-09 1.31072e-09 1.48017e-09 1.51895e-09 1.40018e-09 1.17384e-09 9.20963e-10 7.00553e-10 5.29873e-10 4.06823e-10 3.19579e-10 2.55247e-10 2.06116e-10 1.67095e-10 1.35088e-10 1.08969e-10 8.85088e-11 7.33912e-11 6.28188e-11 5.54284e-11 4.95817e-11 4.39269e-11 3.77415e-11 3.08382e-11 2.32151e-11 1.46822e-11 5.38499e-12 5.38499e-12 
1.33065e-11 3.6555e-11 6.09808e-11 8.66163e-11 1.14485e-10 1.44333e-10 1.75009e-10 2.04919e-10 2.32403e-10 2.55957e-10 2.74313e-10 2.86527e-10 2.92214e-10 2.91837e-10 2.86692e-10 2.7854e-10 2.70124e-10 2.68084e-10 2.85143e-10 3.3398e-10 4.21234e-10 5.45281e-10 7.01832e-10 8.82092e-10 1.07004e-09 1.23244e-09 1.31333e-09 1.26505e-09 1.10528e-09 8.95947e-10 6.94894e-10 5.29683e-10 4.06227e-10 3.17493e-10 2.52429e-10 2.03338e-10 1.65035e-10 1.33818e-10 1.07891e-10 8.68443e-11 7.05724e-11 5.87314e-11 5.05178e-11 4.46558e-11 3.9758e-11 3.48069e-11 2.93322e-11 2.32206e-11 1.63776e-11 8.57571e-12 1.87582e-12 
2.28958e-11 4.54831e-11 6.85978e-11 9.35288e-11 1.20642e-10 1.49245e-10 1.78012e-10 2.05358e-10 2.29727e-10 2.49747e-10 2.64326e-10 2.72831e-10 2.75344e-10 2.72787e-10 2.66718e-10 2.592e-10 2.54342e-10 2.61374e-10 2.92598e-10 3.55562e-10 4.51366e-10 5.75507e-10 7.21322e-10 8.78098e-10 1.02452e-09 1.12106e-09 1.12449e-09 1.02445e-09 8.61031e-10 6.84851e-10 5.29003e-10 4.06823e-10 3.16717e-10 2.50405e-10 2.00749e-10 1.62642e-10 1.32121e-10 1.06748e-10 8.56883e-11 6.87927e-11 5.5931e-11 4.67189e-11 4.03473e-11 3.56525e-11 3.15062e-11 2.71735e-11 2.2351e-11 1.69318e-11 1.07273e-11 3.86674e-12 3.86674e-12 
1.1678e-11 3.16997e-11 5.26287e-11 7.47159e-11 9.88632e-11 1.24896e-10 1.51864e-10 1.78388e-10 2.02972e-10 2.24207e-10 2.40898e-10 2.52219e-10 2.57931e-10 2.58576e-10 2.55435e-10 2.50322e-10 2.46039e-10 2.4862e-10 2.68084e-10 3.13028e-10 3.85951e-10 4.84096e-10 6.00813e-10 7.2797e-10 8.52894e-10 9.50817e-10 9.85088e-10 9.35039e-10 8.16691e-10 6.69361e-10 5.26981e-10 4.08362e-10 3.17493e-10 2.49671e-10 1.98941e-10 1.60442e-10 1.30218e-10 1.05408e-10 8.46671e-11 6.76139e-11 5.41327e-11 4.4047e-11 3.69289e-11 3.19821e-11 2.81828e-11 2.46479e-11 2.0865e-11 1.66245e-11 1.17825e-11 6.15074e-12 1.29778e-12 
1.96393e-11 3.86672e-11 5.81997e-11 7.938e-11 1.02555e-10 1.27202e-10 1.52252e-10 1.76373e-10 1.98206e-10 2.16523e-10 2.30367e-10 2.39242e-10 2.43328e-10 2.43562e-10 2.41524e-10 2.39451e-10 2.41336e-10 2.54342e-10 2.8645e-10 3.41703e-10 4.18989e-10 5.12508e-10 6.14617e-10 7.17005e-10 8.05422e-10 8.5525e-10 8.41371e-10 7.63991e-10 6.47503e-10 5.22243e-10 4.09966e-10 3.19579e-10 2.50405e-10 1.98293e-10 1.58912e-10 1.28476e-10 1.03967e-10 8.36126e-11 6.66951e-11 5.29707e-11 4.23005e-11 3.44631e-11 2.89971e-11 2.51431e-11 2.20359e-11 1.90114e-11 1.57143e-11 1.19724e-11 7.604e-12 2.70384e-12 2.70384e-12 
9.89798e-12 2.65924e-11 4.39578e-11 6.23689e-11 8.26122e-11 1.04606e-10 1.27641e-10 1.50639e-10 1.72377e-10 1.91669e-10 2.07506e-10 2.19212e-10 2.26657e-10 2.30406e-10 2.31723e-10 2.32496e-10 2.35626e-10 2.46039e-10 2.70124e-10 3.12353e-10 3.73193e-10 4.48529e-10 5.30684e-10 6.13018e-10 6.87898e-10 7.40166e-10 7.49329e-10 7.05205e-10 6.18917e-10 5.13427e-10 4.10379e-10 3.22282e-10 2.52429e-10 1.98941e-10 1.58365e-10 1.27261e-10 1.02659e-10 8.25409e-11 6.58532e-11 5.2138e-11 4.11827e-11 3.28182e-11 2.67873e-11 2.26095e-11 1.95891e-11 1.70244e-11 1.44315e-11 1.15542e-11 8.22585e-12 4.28681e-12 8.79293e-13 
1.6294e-11 3.18312e-11 4.78214e-11 6.52513e-11 8.44603e-11 1.05108e-10 1.26421e-10 1.47386e-10 1.66932e-10 1.84072e-10 1.98042e-10 2.0848e-10 2.15609e-10 2.2032e-10 2.2415e-10 2.29361e-10 2.39451e-10 2.592e-10 2.92751e-10 3.41319e-10 4.02447e-10 4.69679e-10 5.3579e-10 5.96351e-10 6.44011e-10 6.63954e-10 6.4385e-10 5.84309e-10 4.9955e-10 4.08281e-10 3.24635e-10 2.55247e-10 2.00749e-10 1.58912e-10 1.26826e-10 1.01745e-10 8.1588e-11 6.50552e-11 5.14521e-11 4.04267e-11 3.17665e-11 2.5281e-11 2.06837e-11 1.74978e-11 1.51121e-11 1.29793e-11 1.07498e-11 8.22635e-12 5.23743e-12 1.84304e-12 1.84304e-12 
8.11581e-12 2.16089e-11 3.5586e-11 5.04713e-11 6.69461e-11 8.50263e-11 1.04248e-10 1.23855e-10 1.42951e-10 1.60641e-10 1.76154e-10 1.88993e-10 1.99111e-10 2.07037e-10 2.13923e-10 2.21544e-10 2.32496e-10 2.50322e-10 2.7854e-10 3.18716e-10 3.69323e-10 4.25444e-10 4.80095e-10 5.28375e-10 5.67526e-10 5.89825e-10 5.84086e-10 5.4559e-10 4.80491e-10 4.02567e-10 3.25529e-10 2.5812e-10 2.03338e-10 1.60442e-10 1.27261e-10 1.01417e-10 8.09247e-11 6.43682e-11 5.08503e-11 3.98558e-11 3.10798e-11 2.43095e-11 1.93381e-11 1.58644e-11 1.3433e-11 1.15315e-11 9.7453e-12 7.8206e-12 5.58597e-12 2.90714e-12 5.83031e-13 
1.30964e-11 2.54147e-11 3.81276e-11 5.20686e-11 6.75744e-11 8.44792e-11 1.0229e-10 1.20326e-10 1.37836e-10 1.54112e-10 1.68617e-10 1.81124e-10 1.91867e-10 2.01625e-10 2.11733e-10 2.2415e-10 2.41524e-10 2.66718e-10 3.01419e-10 3.44787e-10 3.92992e-10 4.39868e-10 4.79841e-10 5.10559e-10 5.29581e-10 5.30205e-10 5.05902e-10 4.57301e-10 3.92826e-10 3.23973e-10 2.60154e-10 2.06116e-10 1.62642e-10 1.28476e-10 1.01745e-10 8.06875e-11 6.38954e-11 5.03518e-11 3.93926e-11 3.05969e-11 2.36875e-11 1.84572e-11 1.46926e-11 1.20853e-11 1.02223e-11 8.69105e-12 7.18426e-12 5.5093e-12 3.51256e-12 1.22569e-12 1.22569e-12 
6.44833e-12 1.70402e-11 2.79776e-11 3.9688e-11 5.27591e-11 6.72907e-11 8.30405e-11 9.95498e-11 1.16246e-10 1.32538e-10 1.47918e-10 1.62081e-10 1.75054e-10 1.87303e-10 1.99776e-10 2.13923e-10 2.31723e-10 2.55435e-10 2.86692e-10 3.25211e-10 3.68062e-10 4.09927e-10 4.45013e-10 4.70073e-10 4.84294e-10 4.85439e-10 4.68838e-10 4.32256e-10 3.79665e-10 3.19522e-10 2.6055e-10 2.08381e-10 1.65035e-10 1.30218e-10 1.02659e-10 8.09247e-11 6.37269e-11 5.00164e-11 3.90271e-11 3.02315e-11 2.32717e-11 1.78967e-11 1.39096e-11 1.10905e-11 9.14033e-12 7.70292e-12 6.45559e-12 5.17405e-12 3.70042e-12 1.92392e-12 3.80256e-13 
1.02172e-11 1.97233e-11 2.95684e-11 4.04474e-11 5.26926e-11 6.62821e-11 8.09674e-11 9.63608e-11 1.1202e-10 1.27521e-10 1.42558e-10 1.57048e-10 1.71233e-10 1.85746e-10 2.01625e-10 2.2032e-10 2.43562e-10 2.72787e-10 3.08103e-10 3.4737e-10 3.86124e-10 4.18755e-10 4.41073e-10 4.5194e-10 4.51291e-10 4.37417e-10 4.08155e-10 3.64693e-10 3.12554e-10 2.58955e-10 2.09544e-10 1.67095e-10 1.32121e-10 1.03967e-10 8.1588e-11 6.38954e-11 4.98976e-11 3.87877e-11 2.99596e-11 2.29774e-11 1.75348e-11 1.34082e-11 1.04086e-11 8.31813e-12 6.8596e-12 5.73917e-12 4.71176e-12 3.60882e-12 2.30105e-12 7.97545e-13 7.97545e-13 
4.97542e-12 1.30681e-11 2.14151e-11 3.04122e-11 4.0563e-11 5.20343e-11 6.47597e-11 7.85279e-11 9.30502e-11 1.08019e-10 1.23185e-10 1.38435e-10 1.53883e-10 1.69931e-10 1.87303e-10 2.07037e-10 2.30406e-10 2.58576e-10 2.91837e-10 3.28716e-10 3.65553e-10 3.97196e-10 4.18931e-10 4.2862e-10 4.26587e-10 4.13115e-10 3.87479e-10 3.50049e-10 3.0427e-10 2.55695e-10 2.09409e-10 1.68434e-10 1.33818e-10 1.05408e-10 8.25409e-11 6.43682e-11 5.00164e-11 3.87039e-11 2.97856e-11 2.277e-11 1.7292e-11 1.30899e-11 9.96569e-12 7.73836e-12 6.19833e-12 5.10295e-12 4.21751e-12 3.36096e-12 2.40119e-12 1.24417e-12 2.42617e-13 
7.75576e-12 1.49133e-11 2.23667e-11 3.06827e-11 4.01845e-11 5.0955e-11 6.29354e-11 7.59809e-11 8.99118e-11 1.04563e-10 1.19852e-10 1.35843e-10 1.52803e-10 1.71233e-10 1.91867e-10 2.15609e-10 2.43328e-10 2.75344e-10 3.10646e-10 3.46332e-10 3.77816e-10 4.00257e-10 4.10618e-10 4.08626e-10 3.95387e-10 3.71513e-10 3.37675e-10 2.96329e-10 2.51753e-10 2.0833e-10 1.69009e-10 1.35088e-10 1.06748e-10 8.36126e-11 6.50552e-11 5.03518e-11 3.87877e-11 2.97261e-11 2.26421e-11 1.71294e-11 1.28847e-11 9.68607e-12 7.3533e-12 5.71679e-12 4.58597e-12 3.75636e-12 3.04773e-12 2.32286e-12 1.47754e-12 5.07998e-13 5.07998e-13 
3.73733e-12 9.77167e-12 1.60025e-11 2.27778e-11 3.05268e-11 3.94558e-11 4.96252e-11 6.10148e-11 7.35609e-11 8.71992e-11 1.01908e-10 1.17758e-10 1.34959e-10 1.53883e-10 1.75054e-10 1.99111e-10 2.26657e-10 2.57931e-10 2.92214e-10 3.27221e-10 3.5901e-10 3.82872e-10 3.95154e-10 3.94712e-10 3.82553e-10 3.60111e-10 3.28627e-10 2.90234e-10 2.48458e-10 2.0717e-10 1.69211e-10 1.36001e-10 1.07891e-10 8.46671e-11 6.58532e-11 5.08503e-11 3.90271e-11 2.97856e-11 2.25979e-11 1.70322e-11 1.27532e-11 9.50874e-12 7.10729e-12 5.3896e-12 4.19782e-12 3.36707e-12 2.73101e-12 2.1537e-12 1.53097e-12 7.90879e-13 1.52354e-13 
5.74193e-12 1.10173e-11 1.6551e-11 2.28029e-11 3.00738e-11 3.85167e-11 4.82075e-11 5.91812e-11 7.14656e-11 8.51142e-11 1.0024e-10 1.17044e-10 1.35843e-10 1.57048e-10 1.81124e-10 2.0848e-10 2.39242e-10 2.72831e-10 3.07436e-10 3.39728e-10 3.65352e-10 3.80318e-10 3.82635e-10 3.72732e-10 3.52253e-10 3.2291e-10 2.86791e-10 2.46968e-10 2.07015e-10 1.69811e-10 1.36962e-10 1.08969e-10 8.56883e-11 6.66951e-11 5.14521e-11 3.93926e-11 2.99596e-11 2.26421e-11 1.69999e-11 1.26778e-11 9.39959e-12 6.95388e-12 5.17645e-12 3.9255e-12 3.06253e-12 2.44807e-12 1.95358e-12 1.47563e-12 9.33792e-13 3.18565e-13 3.18565e-13 
2.7404e-12 7.14361e-12 1.17088e-11 1.67285e-11 2.25632e-11 2.94373e-11 3.74944e-11 4.6844e-11 5.75894e-11 6.9855e-11 8.38044e-11 9.96705e-11 1.17758e-10 1.38435e-10 1.62081e-10 1.88993e-10 2.19212e-10 2.52219e-10 2.86527e-10 3.19349e-10 3.46772e-10 3.64767e-10 3.70673e-10 3.64131e-10 3.46527e-10 3.19767e-10 2.85953e-10 2.47832e-10 2.08741e-10 1.71698e-10 1.38653e-10 1.10381e-10 8.68443e-11 6.76139e-11 5.2138e-11 3.98558e-11 3.02315e-11 2.277e-11 1.70322e-11 1.26538e-11 9.33841e-12 6.86028e-12 5.04198e-12 3.74324e-12 2.84221e-12 2.21873e-12 1.75979e-12 1.36756e-12 9.64527e-13 4.95063e-13 9.43822e-14 
4.15885e-12 7.97621e-12 1.20201e-11 1.66577e-11 2.21611e-11 2.87216e-11 3.65009e-11 4.56556e-11 5.6364e-11 6.88423e-11 8.33586e-11 1.0024e-10 1.19852e-10 1.42558e-10 1.68617e-10 1.98042e-10 2.30367e-10 2.64326e-10 2.97562e-10 3.26629e-10 3.47641e-10 3.57533e-10 3.5517e-10 3.41377e-10 3.17956e-10 2.8696e-10 2.50845e-10 2.12667e-10 1.75527e-10 1.41801e-10 1.1272e-10 8.85088e-11 6.87927e-11 5.29707e-11 4.04267e-11 3.05969e-11 2.29774e-11 1.71294e-11 1.26778e-11 9.3189e-12 6.80957e-12 4.96104e-12 3.6276e-12 2.69031e-12 2.04487e-12 1.59315e-12 1.24602e-12 9.28915e-13 5.8368e-13 1.97244e-13 1.97244e-13 
1.96611e-12 5.12142e-12 8.41377e-12 1.20857e-11 1.64334e-11 2.16798e-11 2.80146e-11 3.56297e-11 4.47386e-11 5.55923e-11 6.84961e-11 8.38044e-11 1.01908e-10 1.23185e-10 1.47918e-10 1.76154e-10 2.07506e-10 2.40898e-10 2.74313e-10 3.04723e-10 3.28499e-10 3.42385e-10 3.44619e-10 3.35353e-10 3.16038e-10 2.88581e-10 2.55143e-10 2.18417e-10 1.81427e-10 1.46887e-10 1.16581e-10 9.1194e-11 7.05724e-11 5.41327e-11 4.11827e-11 3.10798e-11 2.32717e-11 1.7292e-11 1.27532e-11 9.33841e-12 6.79287e-12 4.91733e-12 3.55741e-12 2.5919e-12 1.92234e-12 1.46175e-12 1.13202e-12 8.64e-13 6.02816e-13 3.06742e-13 5.7602e-14 
2.9552e-12 5.67507e-12 8.59361e-12 1.19986e-11 1.61297e-11 2.11907e-11 2.73889e-11 3.49547e-11 4.416e-11 5.53301e-11 6.88423e-11 8.51142e-11 1.04563e-10 1.27521e-10 1.54112e-10 1.84072e-10 2.16523e-10 2.49747e-10 2.81091e-10 3.07214e-10 3.24824e-10 3.317e-10 3.27337e-10 3.12704e-10 2.89452e-10 2.59468e-10 2.25029e-10 1.88892e-10 1.53896e-10 1.22305e-10 9.53814e-11 7.33912e-11 5.5931e-11 4.23005e-11 3.17665e-11 2.36875e-11 1.75348e-11 1.28847e-11 9.39959e-12 6.80957e-12 4.90391e-12 3.51967e-12 2.53134e-12 1.83969e-12 1.36507e-12 1.037e-12 7.93109e-13 5.82491e-13 3.62162e-13 1.20633e-13 1.20633e-13 
1.38627e-12 3.61048e-12 5.95685e-12 8.61518e-12 1.18284e-11 1.58053e-11 2.07522e-11 2.69022e-11 3.45287e-11 4.39632e-11 5.55923e-11 6.9855e-11 8.71992e-11 1.08019e-10 1.32538e-10 1.60641e-10 1.91669e-10 2.24207e-10 2.55957e-10 2.83882e-10 3.04752e-10 3.16034e-10 3.16634e-10 3.0698e-10 2.884e-10 2.62523e-10 2.31241e-10 1.9691e-10 1.62241e-10 1.29772e-10 1.01297e-10 7.76279e-11 5.87314e-11 4.4047e-11 3.28182e-11 2.43095e-11 1.78967e-11 1.30899e-11 9.50874e-12 6.86028e-12 4.91733e-12 3.50804e-12 2.49807e-12 1.78855e-12 1.2987e-12 9.63973e-13 7.28603e-13 5.45633e-13 3.75147e-13 1.8882e-13 3.5254e-14 
2.06735e-12 3.98139e-12 6.06672e-12 8.54706e-12 1.16275e-11 1.55073e-11 2.04075e-11 2.65934e-11 3.43838e-11 4.416e-11 5.6364e-11 7.14656e-11 8.99118e-11 1.1202e-10 1.37836e-10 1.66932e-10 1.98206e-10 2.29727e-10 2.58788e-10 2.82303e-10 2.97544e-10 3.0292e-10 2.98294e-10 2.84611e-10 2.63264e-10 2.35834e-10 2.04253e-10 1.70913e-10 1.38359e-10 1.08744e-10 8.34115e-11 6.28188e-11 4.67189e-11 3.44631e-11 2.5281e-11 1.84572e-11 1.34082e-11 9.68607e-12 6.95388e-12 4.96104e-12 3.51967e-12 2.48839e-12 1.7603e-12 1.25597e-12 9.12164e-13 6.75949e-13 5.05855e-13 3.64364e-13 2.23731e-13 7.35743e-14 7.35743e-14 
9.6226e-13 2.51183e-12 4.16752e-12 6.07768e-12 8.43796e-12 1.14339e-11 1.52698e-11 2.01886e-11 2.64883e-11 3.45287e-11 4.47386e-11 5.75894e-11 7.35609e-11 9.30502e-11 1.16246e-10 1.42951e-10 1.72377e-10 2.02972e-10 2.32403e-10 2.57805e-10 2.7638e-10 2.86141e-10 2.86395e-10 2.77638e-10 2.6101e-10 2.37866e-10 2.09782e-10 1.78748e-10 1.47096e-10 1.17098e-10 9.0495e-11 6.82425e-11 5.05178e-11 3.69289e-11 2.67873e-11 1.93381e-11 1.39096e-11 9.96569e-12 7.10729e-12 5.04198e-12 3.55741e-12 2.49807e-12 1.75198e-12 1.23289e-12 8.78008e-13 6.37057e-13 4.70372e-13 3.45011e-13 2.33172e-13 1.15893e-13 2.13569e-14 
1.42776e-12 2.76237e-12 4.24178e-12 6.03804e-12 8.32237e-12 1.12766e-11 1.51189e-11 2.01137e-11 2.65934e-11 3.49547e-11 4.56556e-11 5.91812e-11 7.59809e-11 9.63608e-11 1.20326e-10 1.47386e-10 1.76373e-10 2.05358e-10 2.31781e-10 2.52904e-10 2.66467e-10 2.71273e-10 2.67318e-10 2.55425e-10 2.36759e-10 2.12642e-10 1.84692e-10 1.54906e-10 1.25454e-10 9.8276e-11 7.47264e-11 5.54284e-11 4.03473e-11 2.89971e-11 2.06837e-11 1.46926e-11 1.04086e-11 7.3533e-12 5.17645e-12 3.6276e-12 2.53134e-12 1.7603e-12 1.22527e-12 8.58433e-13 6.1079e-13 4.43035e-13 3.24031e-13 2.29468e-13 1.38785e-13 4.48353e-14 4.48353e-14 
6.61243e-13 1.72978e-12 2.88933e-12 4.25417e-12 5.97858e-12 8.22372e-12 1.11747e-11 1.5066e-11 2.01886e-11 2.69022e-11 3.56297e-11 4.6844e-11 6.10148e-11 7.85279e-11 9.95498e-11 1.23855e-10 1.50639e-10 1.78388e-10 2.04919e-10 2.27677e-10 2.44281e-10 2.53127e-10 2.53698e-10 2.46426e-10 2.32256e-10 2.12327e-10 1.87969e-10 1.60832e-10 1.32842e-10 1.05936e-10 8.17114e-11 6.11677e-11 4.46558e-11 3.19821e-11 2.26095e-11 1.58644e-11 1.10905e-11 7.73836e-12 5.3896e-12 3.74324e-12 2.5919e-12 1.78855e-12 1.23289e-12 8.52803e-13 5.96004e-13 4.23234e-13 3.06097e-13 2.19768e-13 1.46513e-13 7.15127e-14 1.36394e-14 
9.76152e-13 1.90016e-12 2.94364e-12 4.2377e-12 5.92279e-12 8.15761e-12 1.11399e-11 1.51189e-11 2.04075e-11 2.73889e-11 3.65009e-11 4.82075e-11 6.29354e-11 8.09674e-11 1.0229e-10 1.26421e-10 1.52252e-10 1.78012e-10 2.01434e-10 2.20175e-10 2.32361e-10 2.37017e-10 2.34125e-10 2.24341e-10 2.08632e-10 1.88125e-10 1.64174e-10 1.38411e-10 1.12624e-10 8.84781e-11 6.72333e-11 4.95817e-11 3.56525e-11 2.51431e-11 1.74978e-11 1.20853e-11 8.31813e-12 5.71679e-12 3.9255e-12 2.69031e-12 1.83969e-12 1.25597e-12 8.58433e-13 5.90784e-13 4.1209e-13 2.92749e-13 2.09913e-13 1.46017e-13 8.71396e-14 2.79998e-14 2.79998e-14 
4.49258e-13 1.18205e-12 1.9894e-12 2.96036e-12 4.21398e-12 5.88442e-12 8.13507e-12 1.11747e-11 1.52698e-11 2.07522e-11 2.80146e-11 3.74944e-11 4.96252e-11 6.47597e-11 8.30405e-11 1.04248e-10 1.27641e-10 1.51864e-10 1.75009e-10 1.9491e-10 2.09584e-10 2.17702e-10 2.18803e-10 2.13184e-10 2.01596e-10 1.85001e-10 1.6453e-10 1.4154e-10 1.17597e-10 9.42941e-11 7.30092e-11 5.46871e-11 3.9758e-11 2.81828e-11 1.95891e-11 1.3433e-11 9.14033e-12 6.19833e-12 4.19782e-12 2.84221e-12 1.92234e-12 1.2987e-12 8.78008e-13 5.96004e-13 4.08245e-13 2.84421e-13 2.01243e-13 1.41882e-13 9.29267e-14 4.52701e-14 8.22997e-15 
6.6375e-13 1.29915e-12 2.03127e-12 2.95941e-12 4.19485e-12 5.8708e-12 8.15761e-12 1.12766e-11 1.55073e-11 2.11907e-11 2.87216e-11 3.85167e-11 5.0955e-11 6.62821e-11 8.44792e-11 1.05108e-10 1.27202e-10 1.49245e-10 1.69343e-10 1.85564e-10 1.96369e-10 2.00914e-10 1.99113e-10 1.91438e-10 1.78672e-10 1.61776e-10 1.41883e-10 1.20322e-10 9.85325e-11 7.78826e-11 5.94585e-11 4.39269e-11 3.15062e-11 2.20359e-11 1.51121e-11 1.02223e-11 6.8596e-12 4.58597e-12 3.06253e-12 2.04487e-12 1.36507e-12 9.12164e-13 6.1079e-13 4.1209e-13 2.82115e-13 1.95944e-13 1.37827e-13 9.41101e-14 5.50632e-14 1.79683e-14 1.79683e-14 
3.04301e-13 8.03058e-13 1.36214e-12 2.04925e-12 2.95547e-12 4.18764e-12 5.88442e-12 8.22372e-12 1.14339e-11 1.58053e-11 2.16798e-11 2.94373e-11 3.94558e-11 5.20343e-11 6.72907e-11 8.50263e-11 1.04606e-10 1.24896e-10 1.44333e-10 1.6116e-10 1.73777e-10 1.81074e-10 1.82602e-10 1.7852e-10 1.69391e-10 1.56014e-10 1.39345e-10 1.20503e-10 1.00741e-10 8.13283e-11 6.33885e-11 4.77387e-11 3.48069e-11 2.46479e-11 1.70244e-11 1.15315e-11 7.70292e-12 5.10295e-12 3.36707e-12 2.21873e-12 1.46175e-12 9.63973e-13 6.37057e-13 4.23234e-13 2.84421e-13 1.94616e-13 1.34911e-13 9.30982e-14 6.04116e-14 2.92722e-14 5.65582e-15 
4.48486e-13 8.83701e-13 1.39423e-12 2.05532e-12 2.953e-12 4.19485e-12 5.92279e-12 8.32237e-12 1.16275e-11 1.61297e-11 2.21611e-11 3.00738e-11 4.01845e-11 5.26926e-11 6.75744e-11 8.44603e-11 1.02555e-10 1.20642e-10 1.37219e-10 1.50757e-10 1.60014e-10 1.64258e-10 1.63331e-10 1.57546e-10 1.47516e-10 1.34042e-10 1.1807e-10 1.00668e-10 8.29684e-11 6.60458e-11 5.07786e-11 3.77415e-11 2.71735e-11 1.90114e-11 1.29793e-11 8.69105e-12 5.73917e-12 3.75636e-12 2.44807e-12 1.59315e-12 1.037e-12 6.75949e-13 4.43035e-13 2.92749e-13 1.95944e-13 1.33931e-13 9.24858e-14 6.21647e-14 3.60939e-14 1.16877e-14 1.16877e-14 
2.05368e-13 5.4227e-13 9.27151e-13 1.40884e-12 2.05682e-12 2.95547e-12 4.21398e-12 5.97858e-12 8.43796e-12 1.18284e-11 1.64334e-11 2.25632e-11 3.05268e-11 4.0563e-11 5.27591e-11 6.69461e-11 8.26122e-11 9.88632e-11 1.14485e-10 1.28119e-10 1.38516e-10 1.44769e-10 1.46454e-10 1.43616e-10 1.36662e-10 1.26236e-10 1.1313e-10 9.82537e-11 8.25871e-11 6.71096e-11 5.26873e-11 3.99699e-11 2.93322e-11 2.0865e-11 1.44315e-11 9.7453e-12 6.45559e-12 4.21751e-12 2.73101e-12 1.75979e-12 1.13202e-12 7.28603e-13 4.70372e-13 3.06097e-13 2.01243e-13 1.34911e-13 9.18163e-14 6.23502e-14 3.96544e-14 1.86449e-14 3.24006e-15 
3.00993e-13 5.96619e-13 9.4888e-13 1.41349e-12 2.05532e-12 2.95941e-12 4.2377e-12 6.03804e-12 8.54706e-12 1.19986e-11 1.66577e-11 2.28029e-11 3.06827e-11 4.04474e-11 5.20686e-11 6.52513e-11 7.938e-11 9.35288e-11 1.06564e-10 1.17327e-10 1.24847e-10 1.28514e-10 1.28136e-10 1.23901e-10 1.16277e-10 1.05914e-10 9.3581e-11 8.01172e-11 6.63831e-11 5.31857e-11 4.11869e-11 3.08382e-11 2.2351e-11 1.57143e-11 1.07498e-11 7.18426e-12 4.71176e-12 3.04773e-12 1.95358e-12 1.24602e-12 7.93109e-13 5.05855e-13 3.24031e-13 2.09913e-13 1.37827e-13 9.24858e-14 6.26216e-14 4.11848e-14 2.37762e-14 7.15616e-15 7.15616e-15 
1.37468e-13 3.63416e-13 6.2416e-13 9.5586e-13 1.40884e-12 2.04925e-12 2.96036e-12 4.25417e-12 6.07768e-12 8.61518e-12 1.20857e-11 1.67285e-11 2.27778e-11 3.04122e-11 3.9688e-11 5.04713e-11 6.23689e-11 7.47159e-11 8.66163e-11 9.70712e-11 1.05143e-10 1.10125e-10 1.11646e-10 1.0969e-10 1.04543e-10 9.67069e-11 8.68175e-11 7.55916e-11 6.37715e-11 5.20762e-11 4.11338e-11 3.14207e-11 2.32206e-11 1.66245e-11 1.15542e-11 7.8206e-12 5.17405e-12 3.36096e-12 2.1537e-12 1.36756e-12 8.64e-13 5.45633e-13 3.45011e-13 2.19768e-13 1.41882e-13 9.30982e-14 6.23502e-14 4.1673e-14 2.65512e-14 1.28085e-14 2.48135e-15 
2.00726e-13 3.96654e-13 6.32673e-13 9.4888e-13 1.39423e-12 2.03127e-12 2.94364e-12 4.24178e-12 6.06672e-12 8.59361e-12 1.20201e-11 1.6551e-11 2.23667e-11 2.95684e-11 3.81276e-11 4.78214e-11 5.81997e-11 6.85978e-11 7.82031e-11 8.61825e-11 9.1819e-11 9.46349e-11 9.44523e-11 9.13841e-11 8.57803e-11 7.81479e-11 6.90883e-11 5.92358e-11 4.92153e-11 3.95904e-11 3.08196e-11 2.32151e-11 1.69318e-11 1.19724e-11 8.22635e-12 5.5093e-12 3.60882e-12 2.32286e-12 1.47563e-12 9.28915e-13 5.82491e-13 3.64364e-13 2.29468e-13 1.46017e-13 9.41101e-14 6.21647e-14 4.11848e-14 2.72042e-14 1.59755e-14 4.95546e-15 4.95546e-15 
9.06121e-14 2.37876e-13 4.0691e-13 6.2416e-13 9.27151e-13 1.36214e-12 1.9894e-12 2.88933e-12 4.16752e-12 5.95685e-12 8.41377e-12 1.17088e-11 1.60025e-11 2.14151e-11 2.79776e-11 3.5586e-11 4.39578e-11 5.26287e-11 6.09808e-11 6.83223e-11 7.39966e-11 7.74941e-11 7.85309e-11 7.70806e-11 7.33474e-11 6.77127e-11 6.06657e-11 5.27422e-11 4.44752e-11 3.63504e-11 2.8779e-11 2.20625e-11 1.63776e-11 1.17825e-11 8.22585e-12 5.58597e-12 3.70042e-12 2.40119e-12 1.53097e-12 9.64527e-13 6.02816e-13 3.75147e-13 2.33172e-13 1.46513e-13 9.29267e-14 6.04116e-14 3.96544e-14 2.65512e-14 1.67553e-14 8.38196e-15 1.71383e-15 
1.29105e-13 2.50177e-13 3.96654e-13 5.96619e-13 8.83701e-13 1.29915e-12 1.90016e-12 2.76237e-12 3.98139e-12 5.67507e-12 7.97621e-12 1.10173e-11 1.49133e-11 1.97233e-11 2.54147e-11 3.18312e-11 3.86672e-11 4.54831e-11 5.17456e-11 5.69075e-11 6.04896e-11 6.217e-11 6.18267e-11 5.95452e-11 5.5588e-11 5.03376e-11 4.42343e-11 3.77231e-11 3.12113e-11 2.50437e-11 1.94777e-11 1.46822e-11 1.07273e-11 7.604e-12 5.23743e-12 3.51256e-12 2.30105e-12 1.47754e-12 9.33792e-13 5.8368e-13 3.62162e-13 2.23731e-13 1.38785e-13 8.71396e-14 5.50632e-14 3.60939e-14 2.37762e-14 1.59755e-14 9.25826e-15 2.6048e-15 2.6048e-15 
5.68138e-14 1.42848e-13 2.37876e-13 3.63416e-13 5.4227e-13 8.03058e-13 1.18205e-12 1.72978e-12 2.51183e-12 3.61048e-12 5.12142e-12 7.14361e-12 9.77167e-12 1.30681e-11 1.70402e-11 2.16089e-11 2.65924e-11 3.16997e-11 3.6555e-11 4.07404e-11 4.38629e-11 4.56201e-11 4.58505e-11 4.45607e-11 4.1915e-11 3.81941e-11 3.37446e-11 2.89285e-11 2.40725e-11 1.94468e-11 1.52513e-11 1.16086e-11 8.57571e-12 6.15074e-12 4.28681e-12 2.90714e-12 1.92392e-12 1.24417e-12 7.90879e-13 4.95063e-13 3.06742e-13 1.8882e-13 1.15893e-13 7.15127e-14 4.52701e-14 2.92722e-14 1.86449e-14 1.28085e-14 8.38196e-15 4.41083e-15 9.12635e-16 
7.14506e-14 1.29105e-13 2.00726e-13 3.00993e-13 4.48486e-13 6.6375e-13 9.76152e-13 1.42776e-12 2.06735e-12 2.9552e-12 4.15885e-12 5.74193e-12 7.75576e-12 1.02172e-11 1.30964e-11 1.6294e-11 1.96393e-11 2.28958e-11 2.57843e-11 2.8027e-11 2.93901e-11 2.97272e-11 2.90099e-11 2.73261e-11 2.48669e-11 2.18841e-11 1.86477e-11 1.5407e-11 1.23569e-11 9.63103e-12 7.30082e-12 5.38499e-12 3.86674e-12 2.70384e-12 1.84304e-12 1.22569e-12 7.97545e-13 5.07998e-13 3.18565e-13 1.97244e-13 1.20633e-13 7.35743e-14 4.48353e-14 2.79998e-14 1.79683e-14 1.16877e-14 7.15616e-15 4.95546e-15 2.6048e-15 1.85022e-15 1.85022e-15 
2.69986e-14 5.68138e-14 9.06121e-14 1.37468e-13 2.05368e-13 3.04301e-13 4.49258e-13 6.61243e-13 9.6226e-13 1.38627e-12 1.96611e-12 2.7404e-12 3.73733e-12 4.97542e-12 6.44833e-12 8.11581e-12 9.89798e-12 1.1678e-11 1.33065e-11 1.46283e-11 1.54983e-11 1.58168e-11 1.55423e-11 1.47033e-11 1.33943e-11 1.1755e-11 9.94718e-12 8.12749e-12 6.4218e-12 4.91894e-12 3.65953e-12 2.65227e-12 1.87582e-12 1.29778e-12 8.79293e-13 5.83031e-13 3.80256e-13 2.42617e-13 1.52354e-13 9.43822e-14 5.7602e-14 3.5254e-14 2.13569e-14 1.36394e-14 8.22997e-15 5.65582e-15 3.24006e-15 2.48135e-15 1.71383e-15 9.12635e-16 0 
