1 100 50
1.17284e-13 2.22528e-13 3.592e-13 5.62811e-13 8.89123e-13 1.43782e-12 2.3913e-12 4.07093e-12 7.03996e-12 1.22639e-11 2.13317e-11 3.67511e-11 6.22197e-11 1.02776e-10 1.64611e-10 2.5434e-10 3.77708e-10 5.37924e-10 7.34133e-10 9.60572e-10 1.20671e-09 1.45824e-09 1.69863e-09 1.91069e-09 2.07819e-09 2.1874e-09 2.22858e-09 2.19725e-09 2.09515e-09 1.93043e-09 1.71704e-09 1.47304e-09 1.21812e-09 9.70819e-10 7.46011e-10 5.5335e-10 3.9693e-10 2.76078e-10 1.86817e-10 1.23488e-10 8.01112e-11 5.12719e-11 3.25534e-11 2.06207e-11 1.31022e-11 8.38987e-12 5.42694e-12 3.54221e-12 2.32181e-12 1.49678e-12 
2.40271e-13 4.11145e-13 6.46706e-13 1.01269e-12 1.61739e-12 2.65725e-12 4.48171e-12 7.70519e-12 1.33925e-11 2.33337e-11 4.04327e-11 6.91542e-11 1.15908e-10 1.89117e-10 2.98636e-10 4.54229e-10 6.63188e-10 9.27603e-10 1.24228e-09 1.5941e-09 1.96319e-09 2.32527e-09 2.65439e-09 2.92552e-09 3.11684e-09 3.21187e-09 3.20147e-09 3.08538e-09 2.87298e-09 2.58269e-09 2.2398e-09 1.87303e-09 1.51025e-09 1.17469e-09 8.82299e-10 6.40969e-10 4.51403e-10 3.09056e-10 2.06428e-10 1.35063e-10 8.69778e-11 5.5421e-11 3.51421e-11 2.23037e-11 1.42429e-11 9.18358e-12 5.97273e-12 3.89394e-12 2.50424e-12 1.49678e-12 
2.22528e-13 4.30817e-13 6.94653e-13 1.07914e-12 1.69578e-12 2.73953e-12 4.55737e-12 7.76303e-12 1.34284e-11 2.33915e-11 4.07153e-11 7.03009e-11 1.19572e-10 1.99008e-10 3.22066e-10 5.03959e-10 7.58886e-10 1.09594e-09 1.51482e-09 2.00294e-09 2.53542e-09 3.07794e-09 3.59119e-09 4.03555e-09 4.37492e-09 4.58016e-09 4.63214e-09 4.52462e-09 4.2661e-09 3.87981e-09 3.40122e-09 2.87302e-09 2.33855e-09 1.83538e-09 1.39057e-09 1.01886e-09 7.2357e-10 4.99448e-10 3.36156e-10 2.21438e-10 1.43384e-10 9.17133e-11 5.82675e-11 3.69847e-11 2.35877e-11 1.51815e-11 9.8661e-12 6.43523e-12 4.14672e-12 2.50424e-12 
4.11145e-13 7.0955e-13 1.10472e-12 1.70905e-12 2.70478e-12 4.41835e-12 7.42505e-12 1.27352e-11 2.21065e-11 3.85356e-11 6.69782e-11 1.15308e-10 1.95353e-10 3.23622e-10 5.20976e-10 8.10366e-10 1.21205e-09 1.73686e-09 2.37946e-09 3.11463e-09 3.89847e-09 4.67422e-09 5.38024e-09 5.95744e-09 6.35523e-09 6.53661e-09 6.48279e-09 6.19706e-09 5.70619e-09 5.05801e-09 4.31459e-09 3.54233e-09 2.80124e-09 2.13664e-09 1.57507e-09 1.125e-09 7.80814e-10 5.28312e-10 3.49729e-10 2.27415e-10 1.4593e-10 9.28905e-11 5.89887e-11 3.75901e-11 2.416e-11 1.56967e-11 1.02671e-11 6.66901e-12 4.14672e-12 2.32181e-12 
3.592e-13 6.94653e-13 1.11154e-12 1.70093e-12 2.63386e-12 4.20652e-12 6.93792e-12 1.17419e-11 2.02219e-11 3.51567e-11 6.12704e-11 1.06356e-10 1.82753e-10 3.08931e-10 5.10503e-10 8.19465e-10 1.2702e-09 1.89142e-09 2.69512e-09 3.66617e-09 4.75756e-09 5.89414e-09 6.9838e-09 7.93115e-09 8.64958e-09 9.07054e-09 9.15137e-09 8.88207e-09 8.28926e-09 7.43474e-09 6.40681e-09 5.30555e-09 4.22567e-09 3.24199e-09 2.40135e-09 1.72205e-09 1.19943e-09 8.14194e-10 5.40607e-10 3.52481e-10 2.26662e-10 1.44462e-10 9.17597e-11 5.84251e-11 3.74947e-11 2.43407e-11 1.59605e-11 1.04592e-11 6.66901e-12 3.89394e-12 
6.46706e-13 1.10472e-12 1.69549e-12 2.57551e-12 4.0102e-12 6.45966e-12 1.07321e-11 1.82432e-11 3.14752e-11 5.47319e-11 9.53235e-11 1.65319e-10 2.83834e-10 4.79455e-10 7.91688e-10 1.26943e-09 1.96407e-09 2.91595e-09 4.13632e-09 5.59129e-09 7.19599e-09 8.82367e-09 1.03263e-08 1.15582e-08 1.23955e-08 1.27514e-08 1.25876e-08 1.19222e-08 1.08308e-08 9.43592e-09 7.88581e-09 6.32767e-09 4.88318e-09 3.6331e-09 2.614e-09 1.8252e-09 1.2414e-09 8.2561e-10 5.39039e-10 3.46974e-10 2.21242e-10 1.40489e-10 8.93531e-11 5.72434e-11 3.71039e-11 2.43544e-11 1.60742e-11 1.04592e-11 6.43523e-12 3.54221e-12 
5.62811e-13 1.07914e-12 1.70093e-12 2.55403e-12 3.87693e-12 6.07939e-12 9.8655e-12 1.64643e-11 2.80379e-11 4.83759e-11 8.40561e-11 1.4628e-10 2.53585e-10 4.35409e-10 7.3583e-10 1.21565e-09 1.94948e-09 3.01391e-09 4.46478e-09 6.30765e-09 8.47303e-09 1.08104e-08 1.31078e-08 1.513e-08 1.66587e-08 1.75257e-08 1.76354e-08 1.69802e-08 1.56449e-08 1.37945e-08 1.16447e-08 9.42065e-09 7.31698e-09 5.47006e-09 3.94898e-09 2.76347e-09 1.88216e-09 1.25279e-09 8.18306e-10 5.26792e-10 3.35796e-10 2.13051e-10 1.35306e-10 8.65086e-11 5.59573e-11 3.67079e-11 2.43353e-11 1.60742e-11 1.02671e-11 5.97273e-12 
1.01269e-12 1.70905e-12 2.57551e-12 3.83092e-12 5.83925e-12 9.22061e-12 1.50351e-11 2.51387e-11 4.27933e-11 7.3733e-11 1.27934e-10 2.22445e-10 3.8561e-10 6.62606e-10 1.12125e-09 1.85496e-09 2.97738e-09 4.60197e-09 6.8039e-09 9.5716e-09 1.27689e-08 1.6132e-08 1.931e-08 2.19353e-08 2.36934e-08 2.43761e-08 2.3913e-08 2.23832e-08 2.00008e-08 1.70736e-08 1.39405e-08 1.09075e-08 8.20011e-09 5.94353e-09 4.16996e-09 2.84417e-09 1.89423e-09 1.23729e-09 7.9617e-10 5.07078e-10 3.21306e-10 2.03692e-10 1.29941e-10 8.38478e-11 5.49164e-11 3.64734e-11 2.43353e-11 1.59605e-11 9.8661e-12 5.42694e-12 
8.89123e-13 1.69578e-12 2.63386e-12 3.87693e-12 5.75769e-12 8.82847e-12 1.40128e-11 2.28994e-11 3.8263e-11 6.49963e-11 1.11713e-10 1.93456e-10 3.36054e-10 5.82675e-10 1.00247e-09 1.69951e-09 2.81701e-09 4.52728e-09 6.99668e-09 1.03213e-08 1.44477e-08 1.91167e-08 2.38712e-08 2.81397e-08 3.13652e-08 3.31245e-08 3.32075e-08 3.16479e-08 2.87081e-08 2.4817e-08 2.04763e-08 1.61589e-08 1.22301e-08 8.90899e-09 6.27182e-09 4.28638e-09 2.85728e-09 1.86642e-09 1.2003e-09 7.63636e-10 4.83127e-10 3.05674e-10 1.94537e-10 1.2521e-10 8.1827e-11 5.43426e-11 3.64734e-11 2.43544e-11 1.56967e-11 9.18358e-12 
1.61739e-12 2.70478e-12 4.0102e-12 5.83925e-12 8.69723e-12 1.34058e-11 2.13404e-11 3.4858e-11 5.80897e-11 9.83263e-11 1.68437e-10 2.90982e-10 5.04919e-10 8.75733e-10 1.50889e-09 2.56363e-09 4.25845e-09 6.85274e-09 1.05859e-08 1.5569e-08 2.16564e-08 2.8366e-08 3.49183e-08 4.04076e-08 4.40333e-08 4.52936e-08 4.40827e-08 4.0684e-08 3.56775e-08 2.97922e-08 2.37463e-08 1.81194e-08 1.32829e-08 9.39426e-09 6.43972e-09 4.2997e-09 2.8101e-09 1.80659e-09 1.14823e-09 7.25338e-10 4.58014e-10 2.90812e-10 1.86704e-10 1.21724e-10 8.07425e-11 5.43426e-11 3.67079e-11 2.43407e-11 1.51815e-11 8.38987e-12 
1.43782e-12 2.73953e-12 4.20652e-12 6.07939e-12 8.82847e-12 1.32053e-11 2.04304e-11 3.25304e-11 5.29953e-11 8.79403e-11 1.48166e-10 2.52787e-10 4.35449e-10 7.54591e-10 1.30909e-09 2.25908e-09 3.84692e-09 6.40375e-09 1.03152e-08 1.59157e-08 2.33063e-08 3.21503e-08 4.15724e-08 5.02778e-08 5.68918e-08 6.03622e-08 6.02373e-08 5.67279e-08 5.05769e-08 4.28208e-08 3.4531e-08 2.6607e-08 1.96607e-08 1.39906e-08 9.63258e-09 6.44929e-09 4.22086e-09 2.71435e-09 1.72421e-09 1.08785e-09 6.85719e-10 4.34472e-10 2.78291e-10 1.81028e-10 1.19884e-10 8.07425e-11 5.49164e-11 3.71039e-11 2.416e-11 1.42429e-11 
2.65725e-12 4.41835e-12 6.45966e-12 9.22061e-12 1.34058e-11 2.01321e-11 3.11877e-11 4.95578e-11 8.03805e-11 1.32654e-10 2.22283e-10 3.7746e-10 6.48025e-10 1.12108e-09 1.94502e-09 3.36151e-09 5.7368e-09 9.56739e-09 1.5416e-08 2.37274e-08 3.45259e-08 4.71003e-08 5.99093e-08 7.08854e-08 7.80817e-08 8.0318e-08 7.74866e-08 7.04384e-08 6.05997e-08 4.95369e-08 3.86167e-08 2.88174e-08 2.06708e-08 1.43184e-08 9.62717e-09 6.31707e-09 4.06745e-09 2.58415e-09 1.6293e-09 1.02569e-09 6.48771e-10 4.14761e-10 2.69289e-10 1.78055e-10 1.19884e-10 8.1827e-11 5.59573e-11 3.74947e-11 2.35877e-11 1.31022e-11 
2.3913e-12 4.55737e-12 6.93792e-12 9.8655e-12 1.40128e-11 2.04304e-11 3.0751e-11 4.75902e-11 7.5323e-11 1.21471e-10 1.9919e-10 3.31717e-10 5.60301e-10 9.58165e-10 1.65412e-09 2.86925e-09 4.96545e-09 8.49064e-09 1.4178e-08 2.28258e-08 3.49781e-08 5.04327e-08 6.77873e-08 8.44378e-08 9.72722e-08 1.03818e-07 1.03137e-07 9.59496e-08 8.41101e-08 6.98546e-08 5.52123e-08 4.16998e-08 3.02161e-08 2.10999e-08 1.42723e-08 9.40372e-09 6.07001e-09 3.86095e-09 2.43466e-09 1.53174e-09 9.67778e-10 6.17876e-10 4.00626e-10 2.64593e-10 1.78055e-10 1.21724e-10 8.38478e-11 5.72434e-11 3.75901e-11 2.23037e-11 
4.48171e-12 7.42505e-12 1.07321e-11 1.50351e-11 2.13404e-11 3.11877e-11 4.69521e-11 7.24427e-11 1.14033e-10 1.82657e-10 2.97392e-10 4.91884e-10 8.25912e-10 1.40603e-09 2.42101e-09 4.19735e-09 7.27165e-09 1.24528e-08 2.08001e-08 3.33991e-08 5.08158e-08 7.23288e-08 9.53457e-08 1.1571e-07 1.2912e-07 1.32953e-07 1.27197e-07 1.13996e-07 9.64371e-08 7.74663e-08 5.93604e-08 4.35596e-08 3.07367e-08 2.09607e-08 1.38932e-08 9.00432e-09 5.74147e-09 3.62483e-09 2.28114e-09 1.44079e-09 9.19317e-10 5.95714e-10 3.93255e-10 2.64593e-10 1.81028e-10 1.2521e-10 8.65086e-11 5.84251e-11 3.69847e-11 2.06207e-11 
4.07093e-12 7.76303e-12 1.17419e-11 1.64643e-11 2.28994e-11 3.25304e-11 4.75902e-11 7.15103e-11 1.09808e-10 1.71698e-10 2.72939e-10 4.40937e-10 7.2391e-10 1.20756e-09 2.04527e-09 3.51094e-09 6.08189e-09 1.05441e-08 1.80707e-08 3.0146e-08 4.81557e-08 7.24791e-08 1.0137e-07 1.30361e-07 1.53297e-07 1.64899e-07 1.63243e-07 1.50197e-07 1.29793e-07 1.0622e-07 8.27979e-08 6.17025e-08 4.41155e-08 3.04065e-08 2.03194e-08 1.32476e-08 8.48136e-09 5.36815e-09 3.38292e-09 2.13808e-09 1.36464e-09 8.84521e-10 5.84151e-10 3.93255e-10 2.69289e-10 1.86704e-10 1.29941e-10 8.93531e-11 5.89887e-11 3.51421e-11 
7.70519e-12 1.27352e-11 1.82432e-11 2.51387e-11 3.4858e-11 4.95578e-11 7.24427e-11 1.08441e-10 1.65482e-10 2.56764e-10 4.04771e-10 6.48448e-10 1.05615e-09 1.74935e-09 2.94639e-09 5.04048e-09 8.7216e-09 1.51239e-08 2.59093e-08 4.30724e-08 6.82175e-08 1.01115e-07 1.38237e-07 1.72458e-07 1.95469e-07 2.01812e-07 1.91649e-07 1.69693e-07 1.41786e-07 1.12703e-07 8.55413e-08 6.21563e-08 4.34248e-08 2.93328e-08 1.92814e-08 1.2418e-08 7.89236e-09 4.98736e-09 3.15792e-09 2.01834e-09 1.30994e-09 8.66355e-10 5.84151e-10 4.00626e-10 2.78291e-10 1.94537e-10 1.35306e-10 9.17597e-11 5.82675e-11 3.25534e-11 
7.03996e-12 1.34284e-11 2.02219e-11 2.80379e-11 3.8263e-11 5.29953e-11 7.5323e-11 1.09808e-10 1.63472e-10 2.47592e-10 3.80857e-10 5.94982e-10 9.44725e-10 1.52597e-09 2.50903e-09 4.20154e-09 7.16202e-09 1.23756e-08 2.14495e-08 3.66694e-08 6.05682e-08 9.47226e-08 1.37582e-07 1.82854e-07 2.20068e-07 2.39153e-07 2.36146e-07 2.15073e-07 1.83781e-07 1.49209e-07 1.15625e-07 8.56379e-08 6.0834e-08 4.16585e-08 2.76811e-08 1.79752e-08 1.1494e-08 7.29546e-09 4.63448e-09 2.96993e-09 1.93236e-09 1.28137e-09 8.66355e-10 5.95714e-10 4.14761e-10 2.90812e-10 2.03692e-10 1.40489e-10 9.28905e-11 5.5421e-11 
1.33925e-11 2.21065e-11 3.14752e-11 4.27933e-11 5.80897e-11 8.03805e-11 1.14033e-10 1.65482e-10 2.44624e-10 3.67284e-10 5.59585e-10 8.65748e-10 1.36205e-09 2.18191e-09 3.56236e-09 5.93324e-09 1.00805e-08 1.7392e-08 3.00965e-08 5.12288e-08 8.37687e-08 1.28771e-07 1.82278e-07 2.34112e-07 2.70102e-07 2.79994e-07 2.64047e-07 2.3126e-07 1.91894e-07 1.51984e-07 1.14983e-07 8.32933e-08 5.80003e-08 3.90724e-08 2.56495e-08 1.65394e-08 1.05653e-08 6.74517e-09 4.34054e-09 2.83513e-09 1.88747e-09 1.28137e-09 8.84521e-10 6.17876e-10 4.34472e-10 3.05674e-10 2.13051e-10 1.44462e-10 9.17133e-11 5.12719e-11 
1.22639e-11 2.33915e-11 3.51567e-11 4.83759e-11 6.49963e-11 8.79403e-11 1.21471e-10 1.71698e-10 2.47592e-10 3.62889e-10 5.39449e-10 8.13289e-10 1.24547e-09 1.94168e-09 3.0873e-09 5.01173e-09 8.31324e-09 1.4089e-08 2.42667e-08 4.18617e-08 7.07377e-08 1.13989e-07 1.71223e-07 2.34511e-07 2.88776e-07 3.17202e-07 3.12943e-07 2.82688e-07 2.4004e-07 1.94243e-07 1.50155e-07 1.11127e-07 7.88935e-08 5.40394e-08 3.5965e-08 2.34481e-08 1.51101e-08 9.71465e-09 6.2887e-09 4.13026e-09 2.76482e-09 1.88747e-09 1.30994e-09 9.19317e-10 6.48771e-10 4.58014e-10 3.21306e-10 2.21242e-10 1.4593e-10 8.69778e-11 
2.33337e-11 3.85356e-11 5.47319e-11 7.3733e-11 9.83263e-11 1.32654e-10 1.82657e-10 2.56764e-10 3.67284e-10 5.32919e-10 7.83342e-10 1.16758e-09 1.76955e-09 2.73623e-09 4.32756e-09 7.00479e-09 1.16017e-08 1.96398e-08 3.37526e-08 5.78962e-08 9.66662e-08 1.52324e-07 2.21481e-07 2.90441e-07 3.399e-07 3.54548e-07 3.34238e-07 2.92343e-07 2.41761e-07 1.9078e-07 1.44281e-07 1.04567e-07 7.29983e-08 4.93896e-08 3.26486e-08 2.12801e-08 1.38108e-08 9.01269e-09 5.96321e-09 4.02076e-09 2.76482e-09 1.93236e-09 1.36464e-09 9.67778e-10 6.85719e-10 4.83127e-10 3.35796e-10 2.26662e-10 1.43384e-10 8.01112e-11 
2.13317e-11 4.07153e-11 6.12704e-11 8.40561e-11 1.11713e-10 1.48166e-10 1.9919e-10 2.72939e-10 3.80857e-10 5.39449e-10 7.7361e-10 1.1229e-09 1.65354e-09 2.48145e-09 3.81464e-09 6.0259e-09 9.77202e-09 1.62194e-08 2.74574e-08 4.69915e-08 7.96837e-08 1.30129e-07 1.97921e-07 2.74986e-07 3.41867e-07 3.79602e-07 3.77947e-07 3.4477e-07 2.92955e-07 2.35989e-07 1.82388e-07 1.34917e-07 9.60938e-08 6.62285e-08 4.45032e-08 2.94204e-08 1.9326e-08 1.27451e-08 8.51413e-09 5.79405e-09 4.02076e-09 2.83513e-09 2.01834e-09 1.44079e-09 1.02569e-09 7.25338e-10 5.07078e-10 3.46974e-10 2.27415e-10 1.35063e-10 
4.04327e-11 6.69782e-11 9.53235e-11 1.27934e-10 1.68437e-10 2.22283e-10 2.97392e-10 4.04771e-10 5.59585e-10 7.83342e-10 1.10834e-09 1.58655e-09 2.30774e-09 3.43536e-09 5.27355e-09 8.37484e-09 1.36912e-08 2.28476e-08 3.8634e-08 6.53788e-08 1.08105e-07 1.70069e-07 2.45935e-07 3.23623e-07 3.81805e-07 4.04687e-07 3.89284e-07 3.43377e-07 2.83839e-07 2.24374e-07 1.69448e-07 1.23195e-07 8.65537e-08 5.92197e-08 3.98046e-08 2.65376e-08 1.77344e-08 1.19919e-08 8.25569e-09 5.79405e-09 4.13026e-09 2.96993e-09 2.13808e-09 1.53174e-09 1.08785e-09 7.63636e-10 5.26792e-10 3.52481e-10 2.21438e-10 1.23488e-10 
3.67511e-11 7.03009e-11 1.06356e-10 1.4628e-10 1.93456e-10 2.52787e-10 3.31717e-10 4.40937e-10 5.94982e-10 8.13289e-10 1.1229e-09 1.56465e-09 2.20662e-09 3.17309e-09 4.70345e-09 7.2608e-09 1.16888e-08 1.9368e-08 3.24754e-08 5.43766e-08 8.95089e-08 1.41918e-07 2.12107e-07 2.89374e-07 3.61661e-07 4.06723e-07 4.16759e-07 3.8549e-07 3.30872e-07 2.68519e-07 2.06773e-07 1.53755e-07 1.10208e-07 7.68044e-08 5.25636e-08 3.56501e-08 2.42082e-08 1.66159e-08 1.16026e-08 8.25569e-09 5.96321e-09 4.34054e-09 3.15792e-09 2.28114e-09 1.6293e-09 1.14823e-09 7.9617e-10 5.39039e-10 3.49729e-10 2.06428e-10 
6.91542e-11 1.15308e-10 1.65319e-10 2.22445e-10 2.90982e-10 3.7746e-10 4.91884e-10 6.48448e-10 8.65748e-10 1.16758e-09 1.58655e-09 2.17343e-09 3.01908e-09 4.30321e-09 6.39263e-09 1.00152e-08 1.6467e-08 2.76539e-08 4.60905e-08 7.50023e-08 1.18205e-07 1.7715e-07 2.50578e-07 3.22946e-07 3.82268e-07 4.15945e-07 4.12983e-07 3.74194e-07 3.13578e-07 2.45562e-07 1.86495e-07 1.36572e-07 9.70456e-08 6.76556e-08 4.67379e-08 3.23227e-08 2.25823e-08 1.60399e-08 1.16026e-08 8.51413e-09 6.2887e-09 4.63448e-09 3.38292e-09 2.43466e-09 1.72421e-09 1.2003e-09 8.18306e-10 5.40607e-10 3.36156e-10 1.86817e-10 
6.22197e-11 1.19572e-10 1.82753e-10 2.53585e-10 3.36054e-10 4.35449e-10 5.60301e-10 7.2391e-10 9.44725e-10 1.24547e-09 1.65354e-09 2.20662e-09 2.96832e-09 4.06608e-09 5.77476e-09 8.67472e-09 1.39123e-08 2.33987e-08 3.93614e-08 6.39096e-08 9.94019e-08 1.47941e-07 2.08424e-07 2.80408e-07 3.41275e-07 3.91083e-07 4.18981e-07 4.14792e-07 3.61273e-07 2.86923e-07 2.21075e-07 1.6432e-07 1.19124e-07 8.48273e-08 5.97281e-08 4.21176e-08 3.00194e-08 2.17489e-08 1.60399e-08 1.19919e-08 9.01269e-09 6.74517e-09 4.98736e-09 3.62483e-09 2.58415e-09 1.80659e-09 1.23729e-09 8.2561e-10 5.28312e-10 3.09056e-10 
1.15908e-10 1.95353e-10 2.83834e-10 3.8561e-10 5.04919e-10 6.48025e-10 8.25912e-10 1.05615e-09 1.36205e-09 1.76955e-09 2.30774e-09 3.01908e-09 3.9876e-09 5.40568e-09 7.71215e-09 1.18211e-08 1.94569e-08 3.31439e-08 5.47491e-08 8.51413e-08 1.2361e-07 1.74274e-07 2.30984e-07 3.03825e-07 3.63411e-07 4.17277e-07 4.47115e-07 4.14272e-07 3.3894e-07 2.61312e-07 1.93448e-07 1.41464e-07 1.03144e-07 7.43484e-08 5.35083e-08 3.89521e-08 2.88455e-08 2.17489e-08 1.66159e-08 1.27451e-08 9.71465e-09 7.29546e-09 5.36815e-09 3.86095e-09 2.71435e-09 1.86642e-09 1.25279e-09 8.14194e-10 4.99448e-10 2.76078e-10 
1.02776e-10 1.99008e-10 3.08931e-10 4.35409e-10 5.82675e-10 7.54591e-10 9.58165e-10 1.20756e-09 1.52597e-09 1.94168e-09 2.48145e-09 3.17309e-09 4.06608e-09 5.28298e-09 7.1332e-09 1.0318e-08 1.61877e-08 2.70919e-08 4.59395e-08 7.31723e-08 1.06099e-07 1.41162e-07 1.95291e-07 2.51928e-07 3.24099e-07 4.05102e-07 4.66738e-07 4.75337e-07 4.1707e-07 3.21601e-07 2.30289e-07 1.64172e-07 1.21261e-07 8.96747e-08 6.62287e-08 4.93016e-08 3.73504e-08 2.88455e-08 2.25823e-08 1.77344e-08 1.38108e-08 1.05653e-08 7.89236e-09 5.74147e-09 4.06745e-09 2.8101e-09 1.89423e-09 1.2414e-09 7.80814e-10 4.51403e-10 
1.89117e-10 3.23622e-10 4.79455e-10 6.62606e-10 8.75733e-10 1.12108e-09 1.40603e-09 1.74935e-09 2.18191e-09 2.73623e-09 3.43536e-09 4.30321e-09 5.40568e-09 6.93987e-09 9.40905e-09 1.3861e-08 2.20424e-08 3.67924e-08 6.10112e-08 9.05609e-08 1.21203e-07 1.49578e-07 2.26745e-07 2.83273e-07 3.957e-07 5.07715e-07 5.76771e-07 5.61796e-07 4.21301e-07 2.96506e-07 1.95339e-07 1.40563e-07 1.05024e-07 7.94533e-08 6.08253e-08 4.71925e-08 3.73504e-08 3.00194e-08 2.42082e-08 1.9326e-08 1.51101e-08 1.1494e-08 8.48136e-09 6.07001e-09 4.22086e-09 2.85728e-09 1.88216e-09 1.19943e-09 7.2357e-10 3.9693e-10 
1.64611e-10 3.22066e-10 5.10503e-10 7.3583e-10 1.00247e-09 1.30909e-09 1.65412e-09 2.04527e-09 2.50903e-09 3.0873e-09 3.81464e-09 4.70345e-09 5.77476e-09 7.1332e-09 9.10406e-09 1.24463e-08 1.8534e-08 2.92196e-08 4.77932e-08 7.60501e-08 1.02532e-07 1.29657e-07 1.55434e-07 2.72115e-07 4.36508e-07 6.12535e-07 7.42793e-07 7.13996e-07 5.95003e-07 4.4574e-07 2.63822e-07 1.73696e-07 1.23162e-07 9.32242e-08 7.27999e-08 5.81475e-08 4.71925e-08 3.89521e-08 3.23227e-08 2.65376e-08 2.12801e-08 1.65394e-08 1.2418e-08 9.00432e-09 6.31707e-09 4.2997e-09 2.84417e-09 1.8252e-09 1.125e-09 6.40969e-10 
2.98636e-10 5.20976e-10 7.91688e-10 1.12125e-09 1.50889e-09 1.94502e-09 2.42101e-09 2.94639e-09 3.56236e-09 4.32756e-09 5.27355e-09 6.39263e-09 7.71215e-09 9.40905e-09 1.19694e-08 1.63876e-08 2.42904e-08 3.74082e-08 5.91503e-08 8.83487e-08 9.95949e-08 1.50005e-07 2.49917e-07 6.61473e-07 9.95051e-07 1.29344e-06 9.88063e-07 9.54405e-07 7.33294e-07 4.54601e-07 2.6137e-07 1.57581e-07 1.10772e-07 8.57492e-08 6.95559e-08 5.81475e-08 4.93016e-08 4.21176e-08 3.56501e-08 2.94204e-08 2.34481e-08 1.79752e-08 1.32476e-08 9.40372e-09 6.44929e-09 4.28638e-09 2.76347e-09 1.72205e-09 1.01886e-09 5.5335e-10 
2.5434e-10 5.03959e-10 8.19465e-10 1.21565e-09 1.69951e-09 2.25908e-09 2.86925e-09 3.51094e-09 4.20154e-09 5.01173e-09 6.0259e-09 7.2608e-09 8.67472e-09 1.0318e-08 1.24463e-08 1.56655e-08 2.12482e-08 3.15177e-08 4.60383e-08 7.03893e-08 9.73941e-08 1.01924e-07 2.64577e-07 5.50537e-07 9.59451e-07 1.32051e-06 1.57569e-06 1.59091e-06 1.57075e-06 8.07361e-07 4.4582e-07 2.39865e-07 1.43965e-07 1.02729e-07 8.21898e-08 6.95559e-08 6.08253e-08 5.35083e-08 4.67379e-08 3.98046e-08 3.26486e-08 2.56495e-08 1.92814e-08 1.38932e-08 9.62717e-09 6.43972e-09 4.16996e-09 2.614e-09 1.57507e-09 8.82299e-10 
4.54229e-10 8.10366e-10 1.26943e-09 1.85496e-09 2.56363e-09 3.36151e-09 4.19735e-09 5.04048e-09 5.93324e-09 7.00479e-09 8.37484e-09 1.00152e-08 1.18211e-08 1.3861e-08 1.63876e-08 2.02352e-08 2.72049e-08 3.88855e-08 4.90876e-08 5.9921e-08 1.21246e-07 2.4213e-07 5.72661e-07 9.54595e-07 1.39713e-06 1.75099e-06 1.92323e-06 1.84039e-06 1.65727e-06 8.51463e-07 4.75502e-07 2.31644e-07 1.34137e-07 9.92043e-08 8.21898e-08 7.27999e-08 6.62287e-08 5.97281e-08 5.25636e-08 4.45032e-08 3.5965e-08 2.76811e-08 2.03194e-08 1.42723e-08 9.63258e-09 6.27182e-09 3.94898e-09 2.40135e-09 1.39057e-09 7.46011e-10 
3.77708e-10 7.58886e-10 1.2702e-09 1.94948e-09 2.81701e-09 3.84692e-09 4.96545e-09 6.08189e-09 7.16202e-09 8.31324e-09 9.77202e-09 1.16888e-08 1.39123e-08 1.61877e-08 1.8534e-08 2.12482e-08 2.5489e-08 3.25839e-08 3.83829e-08 3.34004e-08 1.12699e-07 2.82517e-07 5.53886e-07 9.77138e-07 1.38997e-06 1.81975e-06 2.11864e-06 2.18168e-06 2.08096e-06 1.69328e-06 1.23916e-06 4.3814e-07 2.1721e-07 1.31883e-07 9.92043e-08 8.57492e-08 7.94533e-08 7.43484e-08 6.76556e-08 5.92197e-08 4.93896e-08 3.90724e-08 2.93328e-08 2.09607e-08 1.43184e-08 9.39426e-09 5.94353e-09 3.6331e-09 2.13664e-09 1.17469e-09 
6.63188e-10 1.21205e-09 1.96407e-09 2.97738e-09 4.25845e-09 5.7368e-09 7.27165e-09 8.7216e-09 1.00805e-08 1.16017e-08 1.36912e-08 1.6467e-08 1.94569e-08 2.20424e-08 2.42904e-08 2.72049e-08 3.02432e-08 3.36822e-08 3.8719e-08 1.19306e-07 3.06031e-07 5.76352e-07 9.33618e-07 1.38587e-06 1.8048e-06 2.18963e-06 2.37097e-06 2.36918e-06 2.17033e-06 1.72878e-06 1.21514e-06 4.03727e-07 2.07626e-07 1.31883e-07 1.02729e-07 9.32242e-08 8.96747e-08 8.48273e-08 7.68044e-08 6.62285e-08 5.40394e-08 4.16585e-08 3.04065e-08 2.10999e-08 1.39906e-08 8.90899e-09 5.47006e-09 3.24199e-09 1.83538e-09 9.70819e-10 
5.37924e-10 1.09594e-09 1.89142e-09 3.01391e-09 4.52728e-09 6.40375e-09 8.49064e-09 1.05441e-08 1.23756e-08 1.4089e-08 1.62194e-08 1.9368e-08 2.33987e-08 2.70919e-08 2.92196e-08 3.15177e-08 3.25839e-08 3.28249e-08 3.2441e-08 1.40388e-07 3.2591e-07 5.85467e-07 9.19213e-07 1.30459e-06 1.73465e-06 2.11737e-06 2.39943e-06 2.52073e-06 2.46539e-06 2.17173e-06 1.74119e-06 1.12892e-06 3.76944e-07 2.07626e-07 1.34137e-07 1.10772e-07 1.05024e-07 1.03144e-07 9.70456e-08 8.65537e-08 7.29983e-08 5.80003e-08 4.34248e-08 3.07367e-08 2.06708e-08 1.32829e-08 8.20011e-09 4.88318e-09 2.80124e-09 1.51025e-09 
9.27603e-10 1.73686e-09 2.91595e-09 4.60197e-09 6.85274e-09 9.56739e-09 1.24528e-08 1.51239e-08 1.7392e-08 1.96398e-08 2.28476e-08 2.76539e-08 3.31439e-08 3.67924e-08 3.74082e-08 3.88855e-08 3.36822e-08 3.17179e-08 1.47849e-07 3.37977e-07 5.77588e-07 8.86124e-07 1.23899e-06 1.61281e-06 1.99399e-06 2.302e-06 2.51088e-06 2.57599e-06 2.46005e-06 2.16721e-06 1.68517e-06 1.08765e-06 3.76944e-07 2.1721e-07 1.43965e-07 1.23162e-07 1.21261e-07 1.19124e-07 1.10208e-07 9.60938e-08 7.88935e-08 6.0834e-08 4.41155e-08 3.02161e-08 1.96607e-08 1.22301e-08 7.31698e-09 4.22567e-09 2.33855e-09 1.21812e-09 
7.34133e-10 1.51482e-09 2.69512e-09 4.46478e-09 6.99668e-09 1.03152e-08 1.4178e-08 1.80707e-08 2.14495e-08 2.42667e-08 2.74574e-08 3.24754e-08 3.93614e-08 4.59395e-08 4.77932e-08 4.60383e-08 3.83829e-08 3.2441e-08 1.44884e-07 3.34406e-07 5.68584e-07 8.44026e-07 1.16485e-06 1.498e-06 1.83281e-06 2.14636e-06 2.39015e-06 2.53944e-06 2.55615e-06 2.41326e-06 2.10951e-06 1.64865e-06 1.08765e-06 4.03727e-07 2.31644e-07 1.57581e-07 1.40563e-07 1.41464e-07 1.36572e-07 1.23195e-07 1.04567e-07 8.32933e-08 6.21563e-08 4.35596e-08 2.88174e-08 1.81194e-08 1.09075e-08 6.32767e-09 3.54233e-09 1.87303e-09 
1.24228e-09 2.37946e-09 4.13632e-09 6.8039e-09 1.05859e-08 1.5416e-08 2.08001e-08 2.59093e-08 3.00965e-08 3.37526e-08 3.8634e-08 4.60905e-08 5.47491e-08 6.10112e-08 5.91503e-08 4.90876e-08 3.8719e-08 1.47849e-07 3.34147e-07 5.56232e-07 8.08811e-07 1.09183e-06 1.39247e-06 1.68937e-06 1.97366e-06 2.22501e-06 2.4162e-06 2.51833e-06 2.50337e-06 2.35961e-06 2.07361e-06 1.64865e-06 1.12892e-06 4.3814e-07 2.39865e-07 1.73696e-07 1.64172e-07 1.6432e-07 1.53755e-07 1.34917e-07 1.11127e-07 8.56379e-08 6.17025e-08 4.16998e-08 2.6607e-08 1.61589e-08 9.42065e-09 5.30555e-09 2.87302e-09 1.47304e-09 
9.60572e-10 2.00294e-09 3.66617e-09 6.30765e-09 1.03213e-08 1.59157e-08 2.28258e-08 3.0146e-08 3.66694e-08 4.18617e-08 4.69915e-08 5.43766e-08 6.39096e-08 7.31723e-08 7.60501e-08 7.03893e-08 3.34004e-08 1.40388e-07 3.34406e-07 5.54862e-07 7.8589e-07 1.03826e-06 1.30012e-06 1.56477e-06 1.82017e-06 2.05506e-06 2.25559e-06 2.40266e-06 2.47233e-06 2.44538e-06 2.32442e-06 2.07361e-06 1.68517e-06 1.21514e-06 4.75502e-07 2.6137e-07 1.95339e-07 1.93448e-07 1.86495e-07 1.69448e-07 1.44281e-07 1.14983e-07 8.55413e-08 5.93604e-08 3.86167e-08 2.37463e-08 1.39405e-08 7.88581e-09 4.31459e-09 2.2398e-09 
1.5941e-09 3.11463e-09 5.59129e-09 9.5716e-09 1.5569e-08 2.37274e-08 3.33991e-08 4.30724e-08 5.12288e-08 5.78962e-08 6.53788e-08 7.50023e-08 8.51413e-08 9.05609e-08 8.83487e-08 5.9921e-08 1.19306e-07 3.37977e-07 5.56232e-07 7.78093e-07 1.00618e-06 1.23369e-06 1.46393e-06 1.6908e-06 1.90418e-06 2.09633e-06 2.25661e-06 2.3716e-06 2.42557e-06 2.41646e-06 2.32442e-06 2.10951e-06 1.74119e-06 1.23916e-06 4.4582e-07 2.63822e-07 2.30289e-07 2.21075e-07 2.06773e-07 1.82388e-07 1.50155e-07 1.15625e-07 8.27979e-08 5.52123e-08 3.4531e-08 2.04763e-08 1.16447e-08 6.40681e-09 3.40122e-09 1.71704e-09 
1.20671e-09 2.53542e-09 4.75756e-09 8.47303e-09 1.44477e-08 2.33063e-08 3.49781e-08 4.81557e-08 6.05682e-08 7.07377e-08 7.96837e-08 8.95089e-08 9.94019e-08 1.06099e-07 1.02532e-07 9.73941e-08 1.12699e-07 3.2591e-07 5.68584e-07 7.8589e-07 9.95566e-07 1.1956e-06 1.3925e-06 1.58898e-06 1.77911e-06 1.95508e-06 2.11127e-06 2.24129e-06 2.33944e-06 2.39977e-06 2.41646e-06 2.35961e-06 2.16721e-06 1.72878e-06 8.51463e-07 4.54601e-07 2.96506e-07 2.61312e-07 2.45562e-07 2.24374e-07 1.9078e-07 1.51984e-07 1.12703e-07 7.74663e-08 4.95369e-08 2.97922e-08 1.70736e-08 9.43592e-09 5.05801e-09 2.58269e-09 
1.96319e-09 3.89847e-09 7.19599e-09 1.27689e-08 2.16564e-08 3.45259e-08 5.08158e-08 6.82175e-08 8.37687e-08 9.66662e-08 1.08105e-07 1.18205e-07 1.2361e-07 1.21203e-07 9.95949e-08 1.21246e-07 3.06031e-07 5.77588e-07 8.08811e-07 1.00618e-06 1.18298e-06 1.35095e-06 1.51766e-06 1.68236e-06 1.83877e-06 1.98264e-06 2.11119e-06 2.2232e-06 2.32093e-06 2.39977e-06 2.44538e-06 2.41326e-06 2.17173e-06 1.69328e-06 8.07361e-07 4.4574e-07 3.21601e-07 2.86923e-07 2.68519e-07 2.35989e-07 1.94243e-07 1.49209e-07 1.0622e-07 6.98546e-08 4.28208e-08 2.4817e-08 1.37945e-08 7.43474e-09 3.87981e-09 1.93043e-09 
1.45824e-09 3.07794e-09 5.89414e-09 1.08104e-08 1.91167e-08 3.21503e-08 5.04327e-08 7.24791e-08 9.47226e-08 1.13989e-07 1.30129e-07 1.41918e-07 1.47941e-07 1.41162e-07 1.29657e-07 1.01924e-07 2.82517e-07 5.85467e-07 8.44026e-07 1.03826e-06 1.1956e-06 1.33716e-06 1.47575e-06 1.61456e-06 1.7495e-06 1.87682e-06 1.99523e-06 2.10547e-06 2.2122e-06 2.32093e-06 2.42557e-06 2.50337e-06 2.46005e-06 2.17033e-06 1.65727e-06 7.33294e-07 4.21301e-07 3.3894e-07 3.13578e-07 2.83839e-07 2.41761e-07 1.91894e-07 1.41786e-07 9.64371e-08 6.05997e-08 3.56775e-08 2.00008e-08 1.08308e-08 5.70619e-09 2.87298e-09 
2.32527e-09 4.67422e-09 8.82367e-09 1.6132e-08 2.8366e-08 4.71003e-08 7.23288e-08 1.01115e-07 1.28771e-07 1.52324e-07 1.70069e-07 1.7715e-07 1.74274e-07 1.49578e-07 1.50005e-07 2.4213e-07 5.76352e-07 8.86124e-07 1.09183e-06 1.23369e-06 1.35095e-06 1.4619e-06 1.57453e-06 1.68697e-06 1.79592e-06 1.89968e-06 1.99977e-06 2.10105e-06 2.2122e-06 2.33944e-06 2.47233e-06 2.55615e-06 2.46539e-06 2.08096e-06 1.57075e-06 5.95003e-07 4.1707e-07 3.61273e-07 3.30872e-07 2.92955e-07 2.4004e-07 1.83781e-07 1.29793e-07 8.41101e-08 5.05769e-08 2.87081e-08 1.56449e-08 8.28926e-09 4.2661e-09 2.09515e-09 
1.69863e-09 3.59119e-09 6.9838e-09 1.31078e-08 2.38712e-08 4.15724e-08 6.77873e-08 1.0137e-07 1.37582e-07 1.71223e-07 1.97921e-07 2.12107e-07 2.08424e-07 1.95291e-07 1.55434e-07 2.64577e-07 5.53886e-07 9.19213e-07 1.16485e-06 1.30012e-06 1.3925e-06 1.47575e-06 1.56137e-06 1.64987e-06 1.73912e-06 1.82645e-06 1.91212e-06 2.00092e-06 2.10105e-06 2.2232e-06 2.3716e-06 2.51833e-06 2.57599e-06 2.36918e-06 1.84039e-06 9.54405e-07 5.61796e-07 4.14272e-07 3.74194e-07 3.43377e-07 2.92343e-07 2.3126e-07 1.69693e-07 1.13996e-07 7.04384e-08 4.0684e-08 2.23832e-08 1.19222e-08 6.19706e-09 3.08538e-09 
2.65439e-09 5.38024e-09 1.03263e-08 1.931e-08 3.49183e-08 5.99093e-08 9.53457e-08 1.38237e-07 1.82278e-07 2.21481e-07 2.45935e-07 2.50578e-07 2.30984e-07 2.26745e-07 2.49917e-07 5.72661e-07 9.33618e-07 1.23899e-06 1.39247e-06 1.46393e-06 1.51766e-06 1.57453e-06 1.63766e-06 1.70535e-06 1.77494e-06 1.8447e-06 1.91757e-06 2.00092e-06 2.10547e-06 2.24129e-06 2.40266e-06 2.53944e-06 2.52073e-06 2.18168e-06 1.59091e-06 7.13996e-07 4.75337e-07 4.14792e-07 3.8549e-07 3.4477e-07 2.82688e-07 2.15073e-07 1.50197e-07 9.59496e-08 5.67279e-08 3.16479e-08 1.69802e-08 8.88207e-09 4.52462e-09 2.19725e-09 
1.91069e-09 4.03555e-09 7.93115e-09 1.513e-08 2.81397e-08 5.02778e-08 8.44378e-08 1.30361e-07 1.82854e-07 2.34511e-07 2.74986e-07 2.89374e-07 2.80408e-07 2.51928e-07 2.72115e-07 5.50537e-07 9.77138e-07 1.30459e-06 1.498e-06 1.56477e-06 1.58898e-06 1.61456e-06 1.64987e-06 1.69423e-06 1.74426e-06 1.79715e-06 1.85326e-06 1.91757e-06 1.99977e-06 2.11119e-06 2.25661e-06 2.4162e-06 2.51088e-06 2.37097e-06 1.92323e-06 9.88063e-07 5.76771e-07 4.47115e-07 4.12983e-07 3.89284e-07 3.34238e-07 2.64047e-07 1.91649e-07 1.27197e-07 7.74866e-08 4.40827e-08 2.3913e-08 1.25876e-08 6.48279e-09 3.20147e-09 
2.92552e-09 5.95744e-09 1.15582e-08 2.19353e-08 4.04076e-08 7.08854e-08 1.1571e-07 1.72458e-07 2.34112e-07 2.90441e-07 3.23623e-07 3.22946e-07 3.03825e-07 2.83273e-07 6.61473e-07 9.54595e-07 1.38587e-06 1.61281e-06 1.68937e-06 1.6908e-06 1.68236e-06 1.68697e-06 1.70535e-06 1.73413e-06 1.7688e-06 1.8078e-06 1.85326e-06 1.91212e-06 1.99523e-06 2.11127e-06 2.25559e-06 2.39015e-06 2.39943e-06 2.11864e-06 1.57569e-06 7.42793e-07 4.66738e-07 4.18981e-07 4.16759e-07 3.77947e-07 3.12943e-07 2.36146e-07 1.63243e-07 1.03137e-07 6.02373e-08 3.32075e-08 1.76354e-08 9.15137e-09 4.63214e-09 2.22858e-09 
2.07819e-09 4.37492e-09 8.64958e-09 1.66587e-08 3.13652e-08 5.68918e-08 9.72722e-08 1.53297e-07 2.20068e-07 2.88776e-07 3.41867e-07 3.61661e-07 3.41275e-07 3.24099e-07 4.36508e-07 9.59451e-07 1.38997e-06 1.73465e-06 1.83281e-06 1.82017e-06 1.77911e-06 1.7495e-06 1.73912e-06 1.74426e-06 1.75941e-06 1.78068e-06 1.8078e-06 1.8447e-06 1.89968e-06 1.98264e-06 2.09633e-06 2.22501e-06 2.302e-06 2.18963e-06 1.75099e-06 1.29344e-06 5.07715e-07 4.17277e-07 4.15945e-07 4.04687e-07 3.54548e-07 2.79994e-07 2.01812e-07 1.32953e-07 8.0318e-08 4.52936e-08 2.43761e-08 1.27514e-08 6.53661e-09 3.21187e-09 
3.11684e-09 6.35523e-09 1.23955e-08 2.36934e-08 4.40333e-08 7.80817e-08 1.2912e-07 1.95469e-07 2.70102e-07 3.399e-07 3.81805e-07 3.82268e-07 3.63411e-07 3.957e-07 9.95051e-07 1.39713e-06 1.8048e-06 1.99399e-06 1.97366e-06 1.90418e-06 1.83877e-06 1.79592e-06 1.77494e-06 1.7688e-06 1.77167e-06 1.78068e-06 1.79715e-06 1.82645e-06 1.87682e-06 1.95508e-06 2.05506e-06 2.14636e-06 2.11737e-06 1.81975e-06 1.32051e-06 6.12535e-07 4.05102e-07 3.91083e-07 4.06723e-07 3.79602e-07 3.17202e-07 2.39153e-07 1.64899e-07 1.03818e-07 6.03622e-08 3.31245e-08 1.75257e-08 9.07054e-09 4.58016e-09 2.1874e-09 
2.1874e-09 4.58016e-09 9.07054e-09 1.75257e-08 3.31245e-08 6.03622e-08 1.03818e-07 1.64899e-07 2.39153e-07 3.17202e-07 3.79602e-07 4.06723e-07 3.91083e-07 4.05102e-07 6.12535e-07 1.32051e-06 1.81975e-06 2.11737e-06 2.14636e-06 2.05506e-06 1.95508e-06 1.87682e-06 1.82645e-06 1.79715e-06 1.78068e-06 1.77167e-06 1.7688e-06 1.77494e-06 1.79592e-06 1.83877e-06 1.90418e-06 1.97366e-06 1.99399e-06 1.8048e-06 1.39713e-06 9.95051e-07 3.957e-07 3.63411e-07 3.82268e-07 3.81805e-07 3.399e-07 2.70102e-07 1.95469e-07 1.2912e-07 7.80817e-08 4.40333e-08 2.36934e-08 1.23955e-08 6.35523e-09 3.11684e-09 
3.21187e-09 6.53661e-09 1.27514e-08 2.43761e-08 4.52936e-08 8.0318e-08 1.32953e-07 2.01812e-07 2.79994e-07 3.54548e-07 4.04687e-07 4.15945e-07 4.17277e-07 5.07715e-07 1.29344e-06 1.75099e-06 2.18963e-06 2.302e-06 2.22501e-06 2.09633e-06 1.98264e-06 1.89968e-06 1.8447e-06 1.8078e-06 1.78068e-06 1.75941e-06 1.74426e-06 1.73912e-06 1.7495e-06 1.77911e-06 1.82017e-06 1.83281e-06 1.73465e-06 1.38997e-06 9.59451e-07 4.36508e-07 3.24099e-07 3.41275e-07 3.61661e-07 3.41867e-07 2.88776e-07 2.20068e-07 1.53297e-07 9.72722e-08 5.68918e-08 3.13652e-08 1.66587e-08 8.64958e-09 4.37492e-09 2.07819e-09 
2.22858e-09 4.63214e-09 9.15137e-09 1.76354e-08 3.32075e-08 6.02373e-08 1.03137e-07 1.63243e-07 2.36146e-07 3.12943e-07 3.77947e-07 4.16759e-07 4.18981e-07 4.66738e-07 7.42793e-07 1.57569e-06 2.11864e-06 2.39943e-06 2.39015e-06 2.25559e-06 2.11127e-06 1.99523e-06 1.91212e-06 1.85326e-06 1.8078e-06 1.7688e-06 1.73413e-06 1.70535e-06 1.68697e-06 1.68236e-06 1.6908e-06 1.68937e-06 1.61281e-06 1.38587e-06 9.54595e-07 6.61473e-07 2.83273e-07 3.03825e-07 3.22946e-07 3.23623e-07 2.90441e-07 2.34112e-07 1.72458e-07 1.1571e-07 7.08854e-08 4.04076e-08 2.19353e-08 1.15582e-08 5.95744e-09 2.92552e-09 
3.20147e-09 6.48279e-09 1.25876e-08 2.3913e-08 4.40827e-08 7.74866e-08 1.27197e-07 1.91649e-07 2.64047e-07 3.34238e-07 3.89284e-07 4.12983e-07 4.47115e-07 5.76771e-07 9.88063e-07 1.92323e-06 2.37097e-06 2.51088e-06 2.4162e-06 2.25661e-06 2.11119e-06 1.99977e-06 1.91757e-06 1.85326e-06 1.79715e-06 1.74426e-06 1.69423e-06 1.64987e-06 1.61456e-06 1.58898e-06 1.56477e-06 1.498e-06 1.30459e-06 9.77138e-07 5.50537e-07 2.72115e-07 2.51928e-07 2.80408e-07 2.89374e-07 2.74986e-07 2.34511e-07 1.82854e-07 1.30361e-07 8.44378e-08 5.02778e-08 2.81397e-08 1.513e-08 7.93115e-09 4.03555e-09 1.91069e-09 
2.19725e-09 4.52462e-09 8.88207e-09 1.69802e-08 3.16479e-08 5.67279e-08 9.59496e-08 1.50197e-07 2.15073e-07 2.82688e-07 3.4477e-07 3.8549e-07 4.14792e-07 4.75337e-07 7.13996e-07 1.59091e-06 2.18168e-06 2.52073e-06 2.53944e-06 2.40266e-06 2.24129e-06 2.10547e-06 2.00092e-06 1.91757e-06 1.8447e-06 1.77494e-06 1.70535e-06 1.63766e-06 1.57453e-06 1.51766e-06 1.46393e-06 1.39247e-06 1.23899e-06 9.33618e-07 5.72661e-07 2.49917e-07 2.26745e-07 2.30984e-07 2.50578e-07 2.45935e-07 2.21481e-07 1.82278e-07 1.38237e-07 9.53457e-08 5.99093e-08 3.49183e-08 1.931e-08 1.03263e-08 5.38024e-09 2.65439e-09 
3.08538e-09 6.19706e-09 1.19222e-08 2.23832e-08 4.0684e-08 7.04384e-08 1.13996e-07 1.69693e-07 2.3126e-07 2.92343e-07 3.43377e-07 3.74194e-07 4.14272e-07 5.61796e-07 9.54405e-07 1.84039e-06 2.36918e-06 2.57599e-06 2.51833e-06 2.3716e-06 2.2232e-06 2.10105e-06 2.00092e-06 1.91212e-06 1.82645e-06 1.73912e-06 1.64987e-06 1.56137e-06 1.47575e-06 1.3925e-06 1.30012e-06 1.16485e-06 9.19213e-07 5.53886e-07 2.64577e-07 1.55434e-07 1.95291e-07 2.08424e-07 2.12107e-07 1.97921e-07 1.71223e-07 1.37582e-07 1.0137e-07 6.77873e-08 4.15724e-08 2.38712e-08 1.31078e-08 6.9838e-09 3.59119e-09 1.69863e-09 
2.09515e-09 4.2661e-09 8.28926e-09 1.56449e-08 2.87081e-08 5.05769e-08 8.41101e-08 1.29793e-07 1.83781e-07 2.4004e-07 2.92955e-07 3.30872e-07 3.61273e-07 4.1707e-07 5.95003e-07 1.57075e-06 2.08096e-06 2.46539e-06 2.55615e-06 2.47233e-06 2.33944e-06 2.2122e-06 2.10105e-06 1.99977e-06 1.89968e-06 1.79592e-06 1.68697e-06 1.57453e-06 1.4619e-06 1.35095e-06 1.23369e-06 1.09183e-06 8.86124e-07 5.76352e-07 2.4213e-07 1.50005e-07 1.49578e-07 1.74274e-07 1.7715e-07 1.70069e-07 1.52324e-07 1.28771e-07 1.01115e-07 7.23288e-08 4.71003e-08 2.8366e-08 1.6132e-08 8.82367e-09 4.67422e-09 2.32527e-09 
2.87298e-09 5.70619e-09 1.08308e-08 2.00008e-08 3.56775e-08 6.05997e-08 9.64371e-08 1.41786e-07 1.91894e-07 2.41761e-07 2.83839e-07 3.13578e-07 3.3894e-07 4.21301e-07 7.33294e-07 1.65727e-06 2.17033e-06 2.46005e-06 2.50337e-06 2.42557e-06 2.32093e-06 2.2122e-06 2.10547e-06 1.99523e-06 1.87682e-06 1.7495e-06 1.61456e-06 1.47575e-06 1.33716e-06 1.1956e-06 1.03826e-06 8.44026e-07 5.85467e-07 2.82517e-07 1.01924e-07 1.29657e-07 1.41162e-07 1.47941e-07 1.41918e-07 1.30129e-07 1.13989e-07 9.47226e-08 7.24791e-08 5.04327e-08 3.21503e-08 1.91167e-08 1.08104e-08 5.89414e-09 3.07794e-09 1.45824e-09 
1.93043e-09 3.87981e-09 7.43474e-09 1.37945e-08 2.4817e-08 4.28208e-08 6.98546e-08 1.0622e-07 1.49209e-07 1.94243e-07 2.35989e-07 2.68519e-07 2.86923e-07 3.21601e-07 4.4574e-07 8.07361e-07 1.69328e-06 2.17173e-06 2.41326e-06 2.44538e-06 2.39977e-06 2.32093e-06 2.2232e-06 2.11119e-06 1.98264e-06 1.83877e-06 1.68236e-06 1.51766e-06 1.35095e-06 1.18298e-06 1.00618e-06 8.08811e-07 5.77588e-07 3.06031e-07 1.21246e-07 9.95949e-08 1.21203e-07 1.2361e-07 1.18205e-07 1.08105e-07 9.66662e-08 8.37687e-08 6.82175e-08 5.08158e-08 3.45259e-08 2.16564e-08 1.27689e-08 7.19599e-09 3.89847e-09 1.96319e-09 
2.58269e-09 5.05801e-09 9.43592e-09 1.70736e-08 2.97922e-08 4.95369e-08 7.74663e-08 1.12703e-07 1.51984e-07 1.9078e-07 2.24374e-07 2.45562e-07 2.61312e-07 2.96506e-07 4.54601e-07 8.51463e-07 1.72878e-06 2.16721e-06 2.35961e-06 2.41646e-06 2.39977e-06 2.33944e-06 2.24129e-06 2.11127e-06 1.95508e-06 1.77911e-06 1.58898e-06 1.3925e-06 1.1956e-06 9.95566e-07 7.8589e-07 5.68584e-07 3.2591e-07 1.12699e-07 9.73941e-08 1.02532e-07 1.06099e-07 9.94019e-08 8.95089e-08 7.96837e-08 7.07377e-08 6.05682e-08 4.81557e-08 3.49781e-08 2.33063e-08 1.44477e-08 8.47303e-09 4.75756e-09 2.53542e-09 1.20671e-09 
1.71704e-09 3.40122e-09 6.40681e-09 1.16447e-08 2.04763e-08 3.4531e-08 5.52123e-08 8.27979e-08 1.15625e-07 1.50155e-07 1.82388e-07 2.06773e-07 2.21075e-07 2.30289e-07 2.63822e-07 4.4582e-07 1.23916e-06 1.74119e-06 2.10951e-06 2.32442e-06 2.41646e-06 2.42557e-06 2.3716e-06 2.25661e-06 2.09633e-06 1.90418e-06 1.6908e-06 1.46393e-06 1.23369e-06 1.00618e-06 7.78093e-07 5.56232e-07 3.37977e-07 1.19306e-07 5.9921e-08 8.83487e-08 9.05609e-08 8.51413e-08 7.50023e-08 6.53788e-08 5.78962e-08 5.12288e-08 4.30724e-08 3.33991e-08 2.37274e-08 1.5569e-08 9.5716e-09 5.59129e-09 3.11463e-09 1.5941e-09 
2.2398e-09 4.31459e-09 7.88581e-09 1.39405e-08 2.37463e-08 3.86167e-08 5.93604e-08 8.55413e-08 1.14983e-07 1.44281e-07 1.69448e-07 1.86495e-07 1.93448e-07 1.95339e-07 2.6137e-07 4.75502e-07 1.21514e-06 1.68517e-06 2.07361e-06 2.32442e-06 2.44538e-06 2.47233e-06 2.40266e-06 2.25559e-06 2.05506e-06 1.82017e-06 1.56477e-06 1.30012e-06 1.03826e-06 7.8589e-07 5.54862e-07 3.34406e-07 1.40388e-07 3.34004e-08 7.03893e-08 7.60501e-08 7.31723e-08 6.39096e-08 5.43766e-08 4.69915e-08 4.18617e-08 3.66694e-08 3.0146e-08 2.28258e-08 1.59157e-08 1.03213e-08 6.30765e-09 3.66617e-09 2.00294e-09 9.60572e-10 
1.47304e-09 2.87302e-09 5.30555e-09 9.42065e-09 1.61589e-08 2.6607e-08 4.16998e-08 6.17025e-08 8.56379e-08 1.11127e-07 1.34917e-07 1.53755e-07 1.6432e-07 1.64172e-07 1.73696e-07 2.39865e-07 4.3814e-07 1.12892e-06 1.64865e-06 2.07361e-06 2.35961e-06 2.50337e-06 2.51833e-06 2.4162e-06 2.22501e-06 1.97366e-06 1.68937e-06 1.39247e-06 1.09183e-06 8.08811e-07 5.56232e-07 3.34147e-07 1.47849e-07 3.8719e-08 4.90876e-08 5.91503e-08 6.10112e-08 5.47491e-08 4.60905e-08 3.8634e-08 3.37526e-08 3.00965e-08 2.59093e-08 2.08001e-08 1.5416e-08 1.05859e-08 6.8039e-09 4.13632e-09 2.37946e-09 1.24228e-09 
1.87303e-09 3.54233e-09 6.32767e-09 1.09075e-08 1.81194e-08 2.88174e-08 4.35596e-08 6.21563e-08 8.32933e-08 1.04567e-07 1.23195e-07 1.36572e-07 1.41464e-07 1.40563e-07 1.57581e-07 2.31644e-07 4.03727e-07 1.08765e-06 1.64865e-06 2.10951e-06 2.41326e-06 2.55615e-06 2.53944e-06 2.39015e-06 2.14636e-06 1.83281e-06 1.498e-06 1.16485e-06 8.44026e-07 5.68584e-07 3.34406e-07 1.44884e-07 3.2441e-08 3.83829e-08 4.60383e-08 4.77932e-08 4.59395e-08 3.93614e-08 3.24754e-08 2.74574e-08 2.42667e-08 2.14495e-08 1.80707e-08 1.4178e-08 1.03152e-08 6.99668e-09 4.46478e-09 2.69512e-09 1.51482e-09 7.34133e-10 
1.21812e-09 2.33855e-09 4.22567e-09 7.31698e-09 1.22301e-08 1.96607e-08 3.02161e-08 4.41155e-08 6.0834e-08 7.88935e-08 9.60938e-08 1.10208e-07 1.19124e-07 1.21261e-07 1.23162e-07 1.43965e-07 2.1721e-07 3.76944e-07 1.08765e-06 1.68517e-06 2.16721e-06 2.46005e-06 2.57599e-06 2.51088e-06 2.302e-06 1.99399e-06 1.61281e-06 1.23899e-06 8.86124e-07 5.77588e-07 3.37977e-07 1.47849e-07 3.17179e-08 3.36822e-08 3.88855e-08 3.74082e-08 3.67924e-08 3.31439e-08 2.76539e-08 2.28476e-08 1.96398e-08 1.7392e-08 1.51239e-08 1.24528e-08 9.56739e-09 6.85274e-09 4.60197e-09 2.91595e-09 1.73686e-09 9.27603e-10 
1.51025e-09 2.80124e-09 4.88318e-09 8.20011e-09 1.32829e-08 2.06708e-08 3.07367e-08 4.34248e-08 5.80003e-08 7.29983e-08 8.65537e-08 9.70456e-08 1.03144e-07 1.05024e-07 1.10772e-07 1.34137e-07 2.07626e-07 3.76944e-07 1.12892e-06 1.74119e-06 2.17173e-06 2.46539e-06 2.52073e-06 2.39943e-06 2.11737e-06 1.73465e-06 1.30459e-06 9.19213e-07 5.85467e-07 3.2591e-07 1.40388e-07 3.2441e-08 3.28249e-08 3.25839e-08 3.15177e-08 2.92196e-08 2.70919e-08 2.33987e-08 1.9368e-08 1.62194e-08 1.4089e-08 1.23756e-08 1.05441e-08 8.49064e-09 6.40375e-09 4.52728e-09 3.01391e-09 1.89142e-09 1.09594e-09 5.37924e-10 
9.70819e-10 1.83538e-09 3.24199e-09 5.47006e-09 8.90899e-09 1.39906e-08 2.10999e-08 3.04065e-08 4.16585e-08 5.40394e-08 6.62285e-08 7.68044e-08 8.48273e-08 8.96747e-08 9.32242e-08 1.02729e-07 1.31883e-07 2.07626e-07 4.03727e-07 1.21514e-06 1.72878e-06 2.17033e-06 2.36918e-06 2.37097e-06 2.18963e-06 1.8048e-06 1.38587e-06 9.33618e-07 5.76352e-07 3.06031e-07 1.19306e-07 3.8719e-08 3.36822e-08 3.02432e-08 2.72049e-08 2.42904e-08 2.20424e-08 1.94569e-08 1.6467e-08 1.36912e-08 1.16017e-08 1.00805e-08 8.7216e-09 7.27165e-09 5.7368e-09 4.25845e-09 2.97738e-09 1.96407e-09 1.21205e-09 6.63188e-10 
1.17469e-09 2.13664e-09 3.6331e-09 5.94353e-09 9.39426e-09 1.43184e-08 2.09607e-08 2.93328e-08 3.90724e-08 4.93896e-08 5.92197e-08 6.76556e-08 7.43484e-08 7.94533e-08 8.57492e-08 9.92043e-08 1.31883e-07 2.1721e-07 4.3814e-07 1.23916e-06 1.69328e-06 2.08096e-06 2.18168e-06 2.11864e-06 1.81975e-06 1.38997e-06 9.77138e-07 5.53886e-07 2.82517e-07 1.12699e-07 3.34004e-08 3.83829e-08 3.25839e-08 2.5489e-08 2.12482e-08 1.8534e-08 1.61877e-08 1.39123e-08 1.16888e-08 9.77202e-09 8.31324e-09 7.16202e-09 6.08189e-09 4.96545e-09 3.84692e-09 2.81701e-09 1.94948e-09 1.2702e-09 7.58886e-10 3.77708e-10 
7.46011e-10 1.39057e-09 2.40135e-09 3.94898e-09 6.27182e-09 9.63258e-09 1.42723e-08 2.03194e-08 2.76811e-08 3.5965e-08 4.45032e-08 5.25636e-08 5.97281e-08 6.62287e-08 7.27999e-08 8.21898e-08 9.92043e-08 1.34137e-07 2.31644e-07 4.75502e-07 8.51463e-07 1.65727e-06 1.84039e-06 1.92323e-06 1.75099e-06 1.39713e-06 9.54595e-07 5.72661e-07 2.4213e-07 1.21246e-07 5.9921e-08 4.90876e-08 3.88855e-08 2.72049e-08 2.02352e-08 1.63876e-08 1.3861e-08 1.18211e-08 1.00152e-08 8.37484e-09 7.00479e-09 5.93324e-09 5.04048e-09 4.19735e-09 3.36151e-09 2.56363e-09 1.85496e-09 1.26943e-09 8.10366e-10 4.54229e-10 
8.82299e-10 1.57507e-09 2.614e-09 4.16996e-09 6.43972e-09 9.62717e-09 1.38932e-08 1.92814e-08 2.56495e-08 3.26486e-08 3.98046e-08 4.67379e-08 5.35083e-08 6.08253e-08 6.95559e-08 8.21898e-08 1.02729e-07 1.43965e-07 2.39865e-07 4.4582e-07 8.07361e-07 1.57075e-06 1.59091e-06 1.57569e-06 1.32051e-06 9.59451e-07 5.50537e-07 2.64577e-07 1.01924e-07 9.73941e-08 7.03893e-08 4.60383e-08 3.15177e-08 2.12482e-08 1.56655e-08 1.24463e-08 1.0318e-08 8.67472e-09 7.2608e-09 6.0259e-09 5.01173e-09 4.20154e-09 3.51094e-09 2.86925e-09 2.25908e-09 1.69951e-09 1.21565e-09 8.19465e-10 5.03959e-10 2.5434e-10 
5.5335e-10 1.01886e-09 1.72205e-09 2.76347e-09 4.28638e-09 6.44929e-09 9.40372e-09 1.32476e-08 1.79752e-08 2.34481e-08 2.94204e-08 3.56501e-08 4.21176e-08 4.93016e-08 5.81475e-08 6.95559e-08 8.57492e-08 1.10772e-07 1.57581e-07 2.6137e-07 4.54601e-07 7.33294e-07 9.54405e-07 9.88063e-07 1.29344e-06 9.95051e-07 6.61473e-07 2.49917e-07 1.50005e-07 9.95949e-08 8.83487e-08 5.91503e-08 3.74082e-08 2.42904e-08 1.63876e-08 1.19694e-08 9.40905e-09 7.71215e-09 6.39263e-09 5.27355e-09 4.32756e-09 3.56236e-09 2.94639e-09 2.42101e-09 1.94502e-09 1.50889e-09 1.12125e-09 7.91688e-10 5.20976e-10 2.98636e-10 
6.40969e-10 1.125e-09 1.8252e-09 2.84417e-09 4.2997e-09 6.31707e-09 9.00432e-09 1.2418e-08 1.65394e-08 2.12801e-08 2.65376e-08 3.23227e-08 3.89521e-08 4.71925e-08 5.81475e-08 7.27999e-08 9.32242e-08 1.23162e-07 1.73696e-07 2.63822e-07 4.4574e-07 5.95003e-07 7.13996e-07 7.42793e-07 6.12535e-07 4.36508e-07 2.72115e-07 1.55434e-07 1.29657e-07 1.02532e-07 7.60501e-08 4.77932e-08 2.92196e-08 1.8534e-08 1.24463e-08 9.10406e-09 7.1332e-09 5.77476e-09 4.70345e-09 3.81464e-09 3.0873e-09 2.50903e-09 2.04527e-09 1.65412e-09 1.30909e-09 1.00247e-09 7.3583e-10 5.10503e-10 3.22066e-10 1.64611e-10 
3.9693e-10 7.2357e-10 1.19943e-09 1.88216e-09 2.85728e-09 4.22086e-09 6.07001e-09 8.48136e-09 1.1494e-08 1.51101e-08 1.9326e-08 2.42082e-08 3.00194e-08 3.73504e-08 4.71925e-08 6.08253e-08 7.94533e-08 1.05024e-07 1.40563e-07 1.95339e-07 2.96506e-07 4.21301e-07 5.61796e-07 5.76771e-07 5.07715e-07 3.957e-07 2.83273e-07 2.26745e-07 1.49578e-07 1.21203e-07 9.05609e-08 6.10112e-08 3.67924e-08 2.20424e-08 1.3861e-08 9.40905e-09 6.93987e-09 5.40568e-09 4.30321e-09 3.43536e-09 2.73623e-09 2.18191e-09 1.74935e-09 1.40603e-09 1.12108e-09 8.75733e-10 6.62606e-10 4.79455e-10 3.23622e-10 1.89117e-10 
4.51403e-10 7.80814e-10 1.2414e-09 1.89423e-09 2.8101e-09 4.06745e-09 5.74147e-09 7.89236e-09 1.05653e-08 1.38108e-08 1.77344e-08 2.25823e-08 2.88455e-08 3.73504e-08 4.93016e-08 6.62287e-08 8.96747e-08 1.21261e-07 1.64172e-07 2.30289e-07 3.21601e-07 4.1707e-07 4.75337e-07 4.66738e-07 4.05102e-07 3.24099e-07 2.51928e-07 1.95291e-07 1.41162e-07 1.06099e-07 7.31723e-08 4.59395e-08 2.70919e-08 1.61877e-08 1.0318e-08 7.1332e-09 5.28298e-09 4.06608e-09 3.17309e-09 2.48145e-09 1.94168e-09 1.52597e-09 1.20756e-09 9.58165e-10 7.54591e-10 5.82675e-10 4.35409e-10 3.08931e-10 1.99008e-10 1.02776e-10 
2.76078e-10 4.99448e-10 8.14194e-10 1.25279e-09 1.86642e-09 2.71435e-09 3.86095e-09 5.36815e-09 7.29546e-09 9.71465e-09 1.27451e-08 1.66159e-08 2.17489e-08 2.88455e-08 3.89521e-08 5.35083e-08 7.43484e-08 1.03144e-07 1.41464e-07 1.93448e-07 2.61312e-07 3.3894e-07 4.14272e-07 4.47115e-07 4.17277e-07 3.63411e-07 3.03825e-07 2.30984e-07 1.74274e-07 1.2361e-07 8.51413e-08 5.47491e-08 3.31439e-08 1.94569e-08 1.18211e-08 7.71215e-09 5.40568e-09 3.9876e-09 3.01908e-09 2.30774e-09 1.76955e-09 1.36205e-09 1.05615e-09 8.25912e-10 6.48025e-10 5.04919e-10 3.8561e-10 2.83834e-10 1.95353e-10 1.15908e-10 
3.09056e-10 5.28312e-10 8.2561e-10 1.23729e-09 1.80659e-09 2.58415e-09 3.62483e-09 4.98736e-09 6.74517e-09 9.01269e-09 1.19919e-08 1.60399e-08 2.17489e-08 3.00194e-08 4.21176e-08 5.97281e-08 8.48273e-08 1.19124e-07 1.6432e-07 2.21075e-07 2.86923e-07 3.61273e-07 4.14792e-07 4.18981e-07 3.91083e-07 3.41275e-07 2.80408e-07 2.08424e-07 1.47941e-07 9.94019e-08 6.39096e-08 3.93614e-08 2.33987e-08 1.39123e-08 8.67472e-09 5.77476e-09 4.06608e-09 2.96832e-09 2.20662e-09 1.65354e-09 1.24547e-09 9.44725e-10 7.2391e-10 5.60301e-10 4.35449e-10 3.36054e-10 2.53585e-10 1.82753e-10 1.19572e-10 6.22197e-11 
1.86817e-10 3.36156e-10 5.40607e-10 8.18306e-10 1.2003e-09 1.72421e-09 2.43466e-09 3.38292e-09 4.63448e-09 6.2887e-09 8.51413e-09 1.16026e-08 1.60399e-08 2.25823e-08 3.23227e-08 4.67379e-08 6.76556e-08 9.70456e-08 1.36572e-07 1.86495e-07 2.45562e-07 3.13578e-07 3.74194e-07 4.12983e-07 4.15945e-07 3.82268e-07 3.22946e-07 2.50578e-07 1.7715e-07 1.18205e-07 7.50023e-08 4.60905e-08 2.76539e-08 1.6467e-08 1.00152e-08 6.39263e-09 4.30321e-09 3.01908e-09 2.17343e-09 1.58655e-09 1.16758e-09 8.65748e-10 6.48448e-10 4.91884e-10 3.7746e-10 2.90982e-10 2.22445e-10 1.65319e-10 1.15308e-10 6.91542e-11 
2.06428e-10 3.49729e-10 5.39039e-10 7.9617e-10 1.14823e-09 1.6293e-09 2.28114e-09 3.15792e-09 4.34054e-09 5.96321e-09 8.25569e-09 1.16026e-08 1.66159e-08 2.42082e-08 3.56501e-08 5.25636e-08 7.68044e-08 1.10208e-07 1.53755e-07 2.06773e-07 2.68519e-07 3.30872e-07 3.8549e-07 4.16759e-07 4.06723e-07 3.61661e-07 2.89374e-07 2.12107e-07 1.41918e-07 8.95089e-08 5.43766e-08 3.24754e-08 1.9368e-08 1.16888e-08 7.2608e-09 4.70345e-09 3.17309e-09 2.20662e-09 1.56465e-09 1.1229e-09 8.13289e-10 5.94982e-10 4.40937e-10 3.31717e-10 2.52787e-10 1.93456e-10 1.4628e-10 1.06356e-10 7.03009e-11 3.67511e-11 
1.23488e-10 2.21438e-10 3.52481e-10 5.26792e-10 7.63636e-10 1.08785e-09 1.53174e-09 2.13808e-09 2.96993e-09 4.13026e-09 5.79405e-09 8.25569e-09 1.19919e-08 1.77344e-08 2.65376e-08 3.98046e-08 5.92197e-08 8.65537e-08 1.23195e-07 1.69448e-07 2.24374e-07 2.83839e-07 3.43377e-07 3.89284e-07 4.04687e-07 3.81805e-07 3.23623e-07 2.45935e-07 1.70069e-07 1.08105e-07 6.53788e-08 3.8634e-08 2.28476e-08 1.36912e-08 8.37484e-09 5.27355e-09 3.43536e-09 2.30774e-09 1.58655e-09 1.10834e-09 7.83342e-10 5.59585e-10 4.04771e-10 2.97392e-10 2.22283e-10 1.68437e-10 1.27934e-10 9.53235e-11 6.69782e-11 4.04327e-11 
1.35063e-10 2.27415e-10 3.46974e-10 5.07078e-10 7.25338e-10 1.02569e-09 1.44079e-09 2.01834e-09 2.83513e-09 4.02076e-09 5.79405e-09 8.51413e-09 1.27451e-08 1.9326e-08 2.94204e-08 4.45032e-08 6.62285e-08 9.60938e-08 1.34917e-07 1.82388e-07 2.35989e-07 2.92955e-07 3.4477e-07 3.77947e-07 3.79602e-07 3.41867e-07 2.74986e-07 1.97921e-07 1.30129e-07 7.96837e-08 4.69915e-08 2.74574e-08 1.62194e-08 9.77202e-09 6.0259e-09 3.81464e-09 2.48145e-09 1.65354e-09 1.1229e-09 7.7361e-10 5.39449e-10 3.80857e-10 2.72939e-10 1.9919e-10 1.48166e-10 1.11713e-10 8.40561e-11 6.12704e-11 4.07153e-11 2.13317e-11 
8.01112e-11 1.43384e-10 2.26662e-10 3.35796e-10 4.83127e-10 6.85719e-10 9.67778e-10 1.36464e-09 1.93236e-09 2.76482e-09 4.02076e-09 5.96321e-09 9.01269e-09 1.38108e-08 2.12801e-08 3.26486e-08 4.93896e-08 7.29983e-08 1.04567e-07 1.44281e-07 1.9078e-07 2.41761e-07 2.92343e-07 3.34238e-07 3.54548e-07 3.399e-07 2.90441e-07 2.21481e-07 1.52324e-07 9.66662e-08 5.78962e-08 3.37526e-08 1.96398e-08 1.16017e-08 7.00479e-09 4.32756e-09 2.73623e-09 1.76955e-09 1.16758e-09 7.83342e-10 5.32919e-10 3.67284e-10 2.56764e-10 1.82657e-10 1.32654e-10 9.83263e-11 7.3733e-11 5.47319e-11 3.85356e-11 2.33337e-11 
8.69778e-11 1.4593e-10 2.21242e-10 3.21306e-10 4.58014e-10 6.48771e-10 9.19317e-10 1.30994e-09 1.88747e-09 2.76482e-09 4.13026e-09 6.2887e-09 9.71465e-09 1.51101e-08 2.34481e-08 3.5965e-08 5.40394e-08 7.88935e-08 1.11127e-07 1.50155e-07 1.94243e-07 2.4004e-07 2.82688e-07 3.12943e-07 3.17202e-07 2.88776e-07 2.34511e-07 1.71223e-07 1.13989e-07 7.07377e-08 4.18617e-08 2.42667e-08 1.4089e-08 8.31324e-09 5.01173e-09 3.0873e-09 1.94168e-09 1.24547e-09 8.13289e-10 5.39449e-10 3.62889e-10 2.47592e-10 1.71698e-10 1.21471e-10 8.79403e-11 6.49963e-11 4.83759e-11 3.51567e-11 2.33915e-11 1.22639e-11 
5.12719e-11 9.17133e-11 1.44462e-10 2.13051e-10 3.05674e-10 4.34472e-10 6.17876e-10 8.84521e-10 1.28137e-09 1.88747e-09 2.83513e-09 4.34054e-09 6.74517e-09 1.05653e-08 1.65394e-08 2.56495e-08 3.90724e-08 5.80003e-08 8.32933e-08 1.14983e-07 1.51984e-07 1.91894e-07 2.3126e-07 2.64047e-07 2.79994e-07 2.70102e-07 2.34112e-07 1.82278e-07 1.28771e-07 8.37687e-08 5.12288e-08 3.00965e-08 1.7392e-08 1.00805e-08 5.93324e-09 3.56236e-09 2.18191e-09 1.36205e-09 8.65748e-10 5.59585e-10 3.67284e-10 2.44624e-10 1.65482e-10 1.14033e-10 8.03805e-11 5.80897e-11 4.27933e-11 3.14752e-11 2.21065e-11 1.33925e-11 
5.5421e-11 9.28905e-11 1.40489e-10 2.03692e-10 2.90812e-10 4.14761e-10 5.95714e-10 8.66355e-10 1.28137e-09 1.93236e-09 2.96993e-09 4.63448e-09 7.29546e-09 1.1494e-08 1.79752e-08 2.76811e-08 4.16585e-08 6.0834e-08 8.56379e-08 1.15625e-07 1.49209e-07 1.83781e-07 2.15073e-07 2.36146e-07 2.39153e-07 2.20068e-07 1.82854e-07 1.37582e-07 9.47226e-08 6.05682e-08 3.66694e-08 2.14495e-08 1.23756e-08 7.16202e-09 4.20154e-09 2.50903e-09 1.52597e-09 9.44725e-10 5.94982e-10 3.80857e-10 2.47592e-10 1.63472e-10 1.09808e-10 7.5323e-11 5.29953e-11 3.8263e-11 2.80379e-11 2.02219e-11 1.34284e-11 7.03996e-12 
3.25534e-11 5.82675e-11 9.17597e-11 1.35306e-10 1.94537e-10 2.78291e-10 4.00626e-10 5.84151e-10 8.66355e-10 1.30994e-09 2.01834e-09 3.15792e-09 4.98736e-09 7.89236e-09 1.2418e-08 1.92814e-08 2.93328e-08 4.34248e-08 6.21563e-08 8.55413e-08 1.12703e-07 1.41786e-07 1.69693e-07 1.91649e-07 2.01812e-07 1.95469e-07 1.72458e-07 1.38237e-07 1.01115e-07 6.82175e-08 4.30724e-08 2.59093e-08 1.51239e-08 8.7216e-09 5.04048e-09 2.94639e-09 1.74935e-09 1.05615e-09 6.48448e-10 4.04771e-10 2.56764e-10 1.65482e-10 1.08441e-10 7.24427e-11 4.95578e-11 3.4858e-11 2.51387e-11 1.82432e-11 1.27352e-11 7.70519e-12 
3.51421e-11 5.89887e-11 8.93531e-11 1.29941e-10 1.86704e-10 2.69289e-10 3.93255e-10 5.84151e-10 8.84521e-10 1.36464e-09 2.13808e-09 3.38292e-09 5.36815e-09 8.48136e-09 1.32476e-08 2.03194e-08 3.04065e-08 4.41155e-08 6.17025e-08 8.27979e-08 1.0622e-07 1.29793e-07 1.50197e-07 1.63243e-07 1.64899e-07 1.53297e-07 1.30361e-07 1.0137e-07 7.24791e-08 4.81557e-08 3.0146e-08 1.80707e-08 1.05441e-08 6.08189e-09 3.51094e-09 2.04527e-09 1.20756e-09 7.2391e-10 4.40937e-10 2.72939e-10 1.71698e-10 1.09808e-10 7.15103e-11 4.75902e-11 3.25304e-11 2.28994e-11 1.64643e-11 1.17419e-11 7.76303e-12 4.07093e-12 
2.06207e-11 3.69847e-11 5.84251e-11 8.65086e-11 1.2521e-10 1.81028e-10 2.64593e-10 3.93255e-10 5.95714e-10 9.19317e-10 1.44079e-09 2.28114e-09 3.62483e-09 5.74147e-09 9.00432e-09 1.38932e-08 2.09607e-08 3.07367e-08 4.35596e-08 5.93604e-08 7.74663e-08 9.64371e-08 1.13996e-07 1.27197e-07 1.32953e-07 1.2912e-07 1.1571e-07 9.53457e-08 7.23288e-08 5.08158e-08 3.33991e-08 2.08001e-08 1.24528e-08 7.27165e-09 4.19735e-09 2.42101e-09 1.40603e-09 8.25912e-10 4.91884e-10 2.97392e-10 1.82657e-10 1.14033e-10 7.24427e-11 4.69521e-11 3.11877e-11 2.13404e-11 1.50351e-11 1.07321e-11 7.42505e-12 4.48171e-12 
2.23037e-11 3.75901e-11 5.72434e-11 8.38478e-11 1.21724e-10 1.78055e-10 2.64593e-10 4.00626e-10 6.17876e-10 9.67778e-10 1.53174e-09 2.43466e-09 3.86095e-09 6.07001e-09 9.40372e-09 1.42723e-08 2.10999e-08 3.02161e-08 4.16998e-08 5.52123e-08 6.98546e-08 8.41101e-08 9.59496e-08 1.03137e-07 1.03818e-07 9.72722e-08 8.44378e-08 6.77873e-08 5.04327e-08 3.49781e-08 2.28258e-08 1.4178e-08 8.49064e-09 4.96545e-09 2.86925e-09 1.65412e-09 9.58165e-10 5.60301e-10 3.31717e-10 1.9919e-10 1.21471e-10 7.5323e-11 4.75902e-11 3.0751e-11 2.04304e-11 1.40128e-11 9.8655e-12 6.93792e-12 4.55737e-12 2.3913e-12 
1.31022e-11 2.35877e-11 3.74947e-11 5.59573e-11 8.1827e-11 1.19884e-10 1.78055e-10 2.69289e-10 4.14761e-10 6.48771e-10 1.02569e-09 1.6293e-09 2.58415e-09 4.06745e-09 6.31707e-09 9.62717e-09 1.43184e-08 2.06708e-08 2.88174e-08 3.86167e-08 4.95369e-08 6.05997e-08 7.04384e-08 7.74866e-08 8.0318e-08 7.80817e-08 7.08854e-08 5.99093e-08 4.71003e-08 3.45259e-08 2.37274e-08 1.5416e-08 9.56739e-09 5.7368e-09 3.36151e-09 1.94502e-09 1.12108e-09 6.48025e-10 3.7746e-10 2.22283e-10 1.32654e-10 8.03805e-11 4.95578e-11 3.11877e-11 2.01321e-11 1.34058e-11 9.22061e-12 6.45966e-12 4.41835e-12 2.65725e-12 
1.42429e-11 2.416e-11 3.71039e-11 5.49164e-11 8.07425e-11 1.19884e-10 1.81028e-10 2.78291e-10 4.34472e-10 6.85719e-10 1.08785e-09 1.72421e-09 2.71435e-09 4.22086e-09 6.44929e-09 9.63258e-09 1.39906e-08 1.96607e-08 2.6607e-08 3.4531e-08 4.28208e-08 5.05769e-08 5.67279e-08 6.02373e-08 6.03622e-08 5.68918e-08 5.02778e-08 4.15724e-08 3.21503e-08 2.33063e-08 1.59157e-08 1.03152e-08 6.40375e-09 3.84692e-09 2.25908e-09 1.30909e-09 7.54591e-10 4.35449e-10 2.52787e-10 1.48166e-10 8.79403e-11 5.29953e-11 3.25304e-11 2.04304e-11 1.32053e-11 8.82847e-12 6.07939e-12 4.20652e-12 2.73953e-12 1.43782e-12 
8.38987e-12 1.51815e-11 2.43407e-11 3.67079e-11 5.43426e-11 8.07425e-11 1.21724e-10 1.86704e-10 2.90812e-10 4.58014e-10 7.25338e-10 1.14823e-09 1.80659e-09 2.8101e-09 4.2997e-09 6.43972e-09 9.39426e-09 1.32829e-08 1.81194e-08 2.37463e-08 2.97922e-08 3.56775e-08 4.0684e-08 4.40827e-08 4.52936e-08 4.40333e-08 4.04076e-08 3.49183e-08 2.8366e-08 2.16564e-08 1.5569e-08 1.05859e-08 6.85274e-09 4.25845e-09 2.56363e-09 1.50889e-09 8.75733e-10 5.04919e-10 2.90982e-10 1.68437e-10 9.83263e-11 5.80897e-11 3.4858e-11 2.13404e-11 1.34058e-11 8.69723e-12 5.83925e-12 4.0102e-12 2.70478e-12 1.61739e-12 
9.18358e-12 1.56967e-11 2.43544e-11 3.64734e-11 5.43426e-11 8.1827e-11 1.2521e-10 1.94537e-10 3.05674e-10 4.83127e-10 7.63636e-10 1.2003e-09 1.86642e-09 2.85728e-09 4.28638e-09 6.27182e-09 8.90899e-09 1.22301e-08 1.61589e-08 2.04763e-08 2.4817e-08 2.87081e-08 3.16479e-08 3.32075e-08 3.31245e-08 3.13652e-08 2.81397e-08 2.38712e-08 1.91167e-08 1.44477e-08 1.03213e-08 6.99668e-09 4.52728e-09 2.81701e-09 1.69951e-09 1.00247e-09 5.82675e-10 3.36054e-10 1.93456e-10 1.11713e-10 6.49963e-11 3.8263e-11 2.28994e-11 1.40128e-11 8.82847e-12 5.75769e-12 3.87693e-12 2.63386e-12 1.69578e-12 8.89123e-13 
5.42694e-12 9.8661e-12 1.59605e-11 2.43353e-11 3.64734e-11 5.49164e-11 8.38478e-11 1.29941e-10 2.03692e-10 3.21306e-10 5.07078e-10 7.9617e-10 1.23729e-09 1.89423e-09 2.84417e-09 4.16996e-09 5.94353e-09 8.20011e-09 1.09075e-08 1.39405e-08 1.70736e-08 2.00008e-08 2.23832e-08 2.3913e-08 2.43761e-08 2.36934e-08 2.19353e-08 1.931e-08 1.6132e-08 1.27689e-08 9.5716e-09 6.8039e-09 4.60197e-09 2.97738e-09 1.85496e-09 1.12125e-09 6.62606e-10 3.8561e-10 2.22445e-10 1.27934e-10 7.3733e-11 4.27933e-11 2.51387e-11 1.50351e-11 9.22061e-12 5.83925e-12 3.83092e-12 2.57551e-12 1.70905e-12 1.01269e-12 
5.97273e-12 1.02671e-11 1.60742e-11 2.43353e-11 3.67079e-11 5.59573e-11 8.65086e-11 1.35306e-10 2.13051e-10 3.35796e-10 5.26792e-10 8.18306e-10 1.25279e-09 1.88216e-09 2.76347e-09 3.94898e-09 5.47006e-09 7.31698e-09 9.42065e-09 1.16447e-08 1.37945e-08 1.56449e-08 1.69802e-08 1.76354e-08 1.75257e-08 1.66587e-08 1.513e-08 1.31078e-08 1.08104e-08 8.47303e-09 6.30765e-09 4.46478e-09 3.01391e-09 1.94948e-09 1.21565e-09 7.3583e-10 4.35409e-10 2.53585e-10 1.4628e-10 8.40561e-11 4.83759e-11 2.80379e-11 1.64643e-11 9.8655e-12 6.07939e-12 3.87693e-12 2.55403e-12 1.70093e-12 1.07914e-12 5.62811e-13 
3.54221e-12 6.43523e-12 1.04592e-11 1.60742e-11 2.43544e-11 3.71039e-11 5.72434e-11 8.93531e-11 1.40489e-10 2.21242e-10 3.46974e-10 5.39039e-10 8.2561e-10 1.2414e-09 1.8252e-09 2.614e-09 3.6331e-09 4.88318e-09 6.32767e-09 7.88581e-09 9.43592e-09 1.08308e-08 1.19222e-08 1.25876e-08 1.27514e-08 1.23955e-08 1.15582e-08 1.03263e-08 8.82367e-09 7.19599e-09 5.59129e-09 4.13632e-09 2.91595e-09 1.96407e-09 1.26943e-09 7.91688e-10 4.79455e-10 2.83834e-10 1.65319e-10 9.53235e-11 5.47319e-11 3.14752e-11 1.82432e-11 1.07321e-11 6.45966e-12 4.0102e-12 2.57551e-12 1.69549e-12 1.10472e-12 6.46706e-13 
3.89394e-12 6.66901e-12 1.04592e-11 1.59605e-11 2.43407e-11 3.74947e-11 5.84251e-11 9.17597e-11 1.44462e-10 2.26662e-10 3.52481e-10 5.40607e-10 8.14194e-10 1.19943e-09 1.72205e-09 2.40135e-09 3.24199e-09 4.22567e-09 5.30555e-09 6.40681e-09 7.43474e-09 8.28926e-09 8.88207e-09 9.15137e-09 9.07054e-09 8.64958e-09 7.93115e-09 6.9838e-09 5.89414e-09 4.75756e-09 3.66617e-09 2.69512e-09 1.89142e-09 1.2702e-09 8.19465e-10 5.10503e-10 3.08931e-10 1.82753e-10 1.06356e-10 6.12704e-11 3.51567e-11 2.02219e-11 1.17419e-11 6.93792e-12 4.20652e-12 2.63386e-12 1.70093e-12 1.11154e-12 6.94653e-13 3.592e-13 
2.32181e-12 4.14672e-12 6.66901e-12 1.02671e-11 1.56967e-11 2.416e-11 3.75901e-11 5.89887e-11 9.28905e-11 1.4593e-10 2.27415e-10 3.49729e-10 5.28312e-10 7.80814e-10 1.125e-09 1.57507e-09 2.13664e-09 2.80124e-09 3.54233e-09 4.31459e-09 5.05801e-09 5.70619e-09 6.19706e-09 6.48279e-09 6.53661e-09 6.35523e-09 5.95744e-09 5.38024e-09 4.67422e-09 3.89847e-09 3.11463e-09 2.37946e-09 1.73686e-09 1.21205e-09 8.10366e-10 5.20976e-10 3.23622e-10 1.95353e-10 1.15308e-10 6.69782e-11 3.85356e-11 2.21065e-11 1.27352e-11 7.42505e-12 4.41835e-12 2.70478e-12 1.70905e-12 1.10472e-12 7.0955e-13 4.11145e-13 
2.50424e-12 4.14672e-12 6.43523e-12 9.8661e-12 1.51815e-11 2.35877e-11 3.69847e-11 5.82675e-11 9.17133e-11 1.43384e-10 2.21438e-10 3.36156e-10 4.99448e-10 7.2357e-10 1.01886e-09 1.39057e-09 1.83538e-09 2.33855e-09 2.87302e-09 3.40122e-09 3.87981e-09 4.2661e-09 4.52462e-09 4.63214e-09 4.58016e-09 4.37492e-09 4.03555e-09 3.59119e-09 3.07794e-09 2.53542e-09 2.00294e-09 1.51482e-09 1.09594e-09 7.58886e-10 5.03959e-10 3.22066e-10 1.99008e-10 1.19572e-10 7.03009e-11 4.07153e-11 2.33915e-11 1.34284e-11 7.76303e-12 4.55737e-12 2.73953e-12 1.69578e-12 1.07914e-12 6.94653e-13 4.30817e-13 2.22528e-13 
1.49678e-12 2.50424e-12 3.89394e-12 5.97273e-12 9.18358e-12 1.42429e-11 2.23037e-11 3.51421e-11 5.5421e-11 8.69778e-11 1.35063e-10 2.06428e-10 3.09056e-10 4.51403e-10 6.40969e-10 8.82299e-10 1.17469e-09 1.51025e-09 1.87303e-09 2.2398e-09 2.58269e-09 2.87298e-09 3.08538e-09 3.20147e-09 3.21187e-09 3.11684e-09 2.92552e-09 2.65439e-09 2.32527e-09 1.96319e-09 1.5941e-09 1.24228e-09 9.27603e-10 6.63188e-10 4.54229e-10 2.98636e-10 1.89117e-10 1.15908e-10 6.91542e-11 4.04327e-11 2.33337e-11 1.33925e-11 7.70519e-12 4.48171e-12 2.65725e-12 1.61739e-12 1.01269e-12 6.46706e-13 4.11145e-13 2.40271e-13 
1.49678e-12 2.32181e-12 3.54221e-12 5.42694e-12 8.38987e-12 1.31022e-11 2.06207e-11 3.25534e-11 5.12719e-11 8.01112e-11 1.23488e-10 1.86817e-10 2.76078e-10 3.9693e-10 5.5335e-10 7.46011e-10 9.70819e-10 1.21812e-09 1.47304e-09 1.71704e-09 1.93043e-09 2.09515e-09 2.19725e-09 2.22858e-09 2.1874e-09 2.07819e-09 1.91069e-09 1.69863e-09 1.45824e-09 1.20671e-09 9.60572e-10 7.34133e-10 5.37924e-10 3.77708e-10 2.5434e-10 1.64611e-10 1.02776e-10 6.22197e-11 3.67511e-11 2.13317e-11 1.22639e-11 7.03996e-12 4.07093e-12 2.3913e-12 1.43782e-12 8.89123e-13 5.62811e-13 3.592e-13 2.22528e-13 1.17284e-13 
