1 100 50
1.98733e-15 2.97183e-15 4.94465e-15 6.90832e-15 1.08333e-14 1.67155e-14 2.65216e-14 4.12371e-14 6.48024e-14 1.0118e-13 1.60274e-13 2.51089e-13 3.90604e-13 6.00847e-13 9.07866e-13 1.34161e-12 1.9348e-12 2.71276e-12 3.68836e-12 4.85198e-12 6.16576e-12 7.56402e-12 8.95082e-12 1.02145e-11 1.12421e-11 1.19352e-11 1.22295e-11 1.21018e-11 1.15735e-11 1.07075e-11 9.59163e-12 8.32908e-12 7.01948e-12 5.75046e-12 4.58544e-12 3.56587e-12 2.70975e-12 2.01684e-12 1.47281e-12 1.059e-12 7.50629e-13 5.26215e-13 3.65604e-13 2.51717e-13 1.73265e-13 1.18082e-13 8.06078e-14 5.43198e-14 3.64578e-14 2.42528e-14 
2.96441e-15 5.8866e-15 8.78589e-15 1.26469e-14 1.94219e-14 3.01024e-14 4.66727e-14 7.30866e-14 1.14313e-13 1.80267e-13 2.82912e-13 4.4117e-13 6.8189e-13 1.03678e-12 1.54611e-12 2.25443e-12 3.20025e-12 4.4078e-12 5.88014e-12 7.57993e-12 9.43172e-12 1.13197e-11 1.30995e-11 1.46172e-11 1.5736e-11 1.63521e-11 1.64157e-11 1.59344e-11 1.49711e-11 1.36292e-11 1.20339e-11 1.03163e-11 8.59722e-12 6.97306e-12 5.51283e-12 4.25472e-12 3.21253e-12 2.37647e-12 1.72702e-12 1.23581e-12 8.72953e-13 6.098e-13 4.22474e-13 2.90876e-13 1.98591e-13 1.35658e-13 9.20405e-14 6.13607e-14 4.00027e-14 2.42528e-14 
2.97183e-15 5.85784e-15 8.67428e-15 1.33931e-14 2.09732e-14 3.14599e-14 4.87595e-14 7.58886e-14 1.18819e-13 1.86527e-13 2.9297e-13 4.57101e-13 7.0869e-13 1.08425e-12 1.63256e-12 2.40724e-12 3.46396e-12 4.84299e-12 6.56488e-12 8.60547e-12 1.08909e-11 1.32914e-11 1.56369e-11 1.7732e-11 1.93913e-11 2.04664e-11 2.08688e-11 2.05817e-11 1.96557e-11 1.81994e-11 1.63535e-11 1.42757e-11 1.21165e-11 1.00083e-11 8.05407e-12 6.32232e-12 4.84894e-12 3.6401e-12 2.68005e-12 1.94042e-12 1.38359e-12 9.75307e-13 6.80127e-13 4.70576e-13 3.23493e-13 2.20994e-13 1.49605e-13 1.00338e-13 6.59521e-14 4.00027e-14 
5.8866e-15 9.58308e-15 1.41506e-14 2.15279e-14 3.26928e-14 4.87014e-14 7.53832e-14 1.17786e-13 1.82999e-13 2.85945e-13 4.46622e-13 6.9392e-13 1.06643e-12 1.61891e-12 2.41176e-12 3.51486e-12 4.98947e-12 6.87741e-12 9.17622e-12 1.18253e-11 1.46966e-11 1.76012e-11 2.0307e-11 2.25787e-11 2.42152e-11 2.50801e-11 2.51224e-11 2.43754e-11 2.29415e-11 2.09697e-11 1.86324e-11 1.61045e-11 1.35486e-11 1.11012e-11 8.86744e-12 6.91414e-12 5.27048e-12 3.93505e-12 2.88421e-12 2.07989e-12 1.48015e-12 1.04094e-12 7.24491e-13 5.01414e-13 3.44369e-13 2.34764e-13 1.58289e-13 1.05063e-13 6.59521e-14 3.64578e-14 
4.94465e-15 8.67428e-15 1.40727e-14 2.12428e-14 3.21132e-14 4.86393e-14 7.38203e-14 1.12656e-13 1.74082e-13 2.71108e-13 4.21834e-13 6.55231e-13 1.00916e-12 1.53975e-12 2.31485e-12 3.41276e-12 4.91553e-12 6.88732e-12 9.35726e-12 1.22914e-11 1.55769e-11 1.90166e-11 2.23539e-11 2.53018e-11 2.75969e-11 2.90447e-11 2.95482e-11 2.91126e-11 2.78323e-11 2.58566e-11 2.33692e-11 2.05596e-11 1.7612e-11 1.46938e-11 1.1945e-11 9.47111e-12 7.33331e-12 5.55546e-12 4.12569e-12 3.01112e-12 2.16487e-12 1.53667e-12 1.07958e-12 7.52227e-13 5.19246e-13 3.56308e-13 2.43023e-13 1.62266e-13 1.05063e-13 6.13607e-14 
8.78589e-15 1.41506e-14 2.20578e-14 3.17256e-14 4.69262e-14 7.05807e-14 1.07625e-13 1.64157e-13 2.53037e-13 3.91342e-13 6.05153e-13 9.32495e-13 1.42704e-12 2.15754e-12 3.21148e-12 4.68432e-12 6.66701e-12 9.21957e-12 1.23458e-11 1.59638e-11 1.98918e-11 2.38549e-11 2.75237e-11 3.05686e-11 3.27202e-11 3.3819e-11 3.38297e-11 3.28312e-11 3.09752e-11 2.84523e-11 2.54617e-11 2.21999e-11 1.8857e-11 1.56039e-11 1.25852e-11 9.9028e-12 7.61457e-12 5.73358e-12 4.23766e-12 3.08067e-12 2.20981e-12 1.56674e-12 1.10015e-12 7.66468e-13 5.30527e-13 3.63333e-13 2.46311e-13 1.62266e-13 1.00338e-13 5.43198e-14 
6.90832e-15 1.33931e-14 2.12428e-14 3.15887e-14 4.64106e-14 6.85883e-14 1.02055e-13 1.54584e-13 2.3523e-13 3.60837e-13 5.54494e-13 8.51306e-13 1.30038e-12 1.97219e-12 2.95586e-12 4.35521e-12 6.282e-12 8.83139e-12 1.20487e-11 1.58973e-11 2.02291e-11 2.4777e-11 2.91813e-11 3.30469e-11 3.60193e-11 3.78544e-11 3.84566e-11 3.78773e-11 3.6267e-11 3.38285e-11 3.07694e-11 2.72943e-11 2.35991e-11 1.98791e-11 1.63139e-11 1.30512e-11 1.01925e-11 7.78555e-12 5.82985e-12 4.29031e-12 3.11102e-12 2.22782e-12 1.57907e-12 1.11036e-12 7.74578e-13 5.35539e-13 3.6694e-13 2.46311e-13 1.58289e-13 9.20405e-14 
1.26469e-14 2.15279e-14 3.17256e-14 4.62317e-14 6.70129e-14 9.87965e-14 1.46542e-13 2.19981e-13 3.32939e-13 5.07218e-13 7.72938e-13 1.17622e-12 1.78311e-12 2.67916e-12 3.97562e-12 5.79613e-12 8.26357e-12 1.14692e-11 1.54312e-11 2.00516e-11 2.50982e-11 3.02047e-11 3.49261e-11 3.88176e-11 4.15311e-11 4.28818e-11 4.28704e-11 4.16411e-11 3.94108e-11 3.64062e-11 3.28338e-11 2.88898e-11 2.47745e-11 2.06946e-11 1.68403e-11 1.33647e-11 1.03627e-11 7.86812e-12 5.86494e-12 4.30282e-12 3.11489e-12 2.2302e-12 1.5822e-12 1.11382e-12 7.77778e-13 5.3766e-13 3.6694e-13 2.43023e-13 1.49605e-13 8.06078e-14 
1.08333e-14 2.09732e-14 3.21132e-14 4.64106e-14 6.67777e-14 9.61229e-14 1.40158e-13 2.07519e-13 3.09939e-13 4.66038e-13 7.03535e-13 1.06337e-12 1.60474e-12 2.40894e-12 3.5843e-12 5.26318e-12 7.58833e-12 1.06891e-11 1.4639e-11 1.9409e-11 2.48247e-11 3.0547e-11 3.61059e-11 4.09776e-11 4.46961e-11 4.69577e-11 4.76786e-11 4.69763e-11 4.50837e-11 4.22583e-11 3.87184e-11 3.46531e-11 3.02513e-11 2.57272e-11 2.13058e-11 1.71941e-11 1.35415e-11 1.04322e-11 7.88164e-12 5.85453e-12 4.28743e-12 3.10236e-12 2.22349e-12 1.57968e-12 1.11455e-12 7.79464e-13 5.3766e-13 3.63333e-13 2.34764e-13 1.35658e-13 
1.94219e-14 3.26928e-14 4.69262e-14 6.70129e-14 9.49415e-14 1.37208e-13 1.98793e-13 2.92876e-13 4.34088e-13 6.46752e-13 9.67281e-13 1.44663e-12 2.1619e-12 3.21269e-12 4.73124e-12 6.87176e-12 9.79026e-12 1.36135e-11 1.83849e-11 2.40067e-11 3.02029e-11 3.65167e-11 4.23711e-11 4.71853e-11 5.05135e-11 5.21445e-11 5.21317e-11 5.07127e-11 4.81882e-11 4.48101e-11 4.07659e-11 3.62188e-11 3.13648e-11 2.64466e-11 2.17149e-11 1.73844e-11 1.35984e-11 1.04199e-11 7.8436e-12 5.81484e-12 4.25665e-12 3.08349e-12 2.21394e-12 1.57645e-12 1.11405e-12 7.79464e-13 5.35539e-13 3.56308e-13 2.20994e-13 1.18082e-13 
1.67155e-14 3.14599e-14 4.86393e-14 6.85883e-14 9.61229e-14 1.35936e-13 1.93765e-13 2.79952e-13 4.08723e-13 6.01095e-13 8.88016e-13 1.31556e-12 1.94853e-12 2.88026e-12 4.23546e-12 6.16852e-12 8.85322e-12 1.24563e-11 1.70869e-11 2.27391e-11 2.92243e-11 3.61433e-11 4.29097e-11 4.88543e-11 5.33748e-11 5.60958e-11 5.69529e-11 5.61568e-11 5.40512e-11 5.09529e-11 4.70686e-11 4.25361e-11 3.75083e-11 3.2212e-11 2.69263e-11 2.19271e-11 1.74289e-11 1.35559e-11 1.03465e-11 7.77124e-12 5.75875e-12 4.22018e-12 3.0634e-12 2.20547e-12 1.57494e-12 1.11405e-12 7.77778e-13 5.30527e-13 3.44369e-13 1.98591e-13 
3.01024e-14 4.87014e-14 7.05807e-14 9.87965e-14 1.37208e-13 1.91521e-13 2.72801e-13 3.91537e-13 5.68192e-13 8.27524e-13 1.21061e-12 1.77323e-12 2.59868e-12 3.79868e-12 5.5224e-12 7.94737e-12 1.12644e-11 1.56381e-11 2.11493e-11 2.77158e-11 3.50355e-11 4.25667e-11 4.95958e-11 5.53823e-11 5.93578e-11 6.12795e-11 6.12743e-11 5.97097e-11 5.69892e-11 5.33846e-11 4.90234e-11 4.40016e-11 3.84934e-11 3.27743e-11 2.71665e-11 2.19574e-11 1.73487e-11 1.34371e-11 1.0232e-11 7.68123e-12 5.69821e-12 4.18467e-12 3.04676e-12 2.2004e-12 1.57494e-12 1.11455e-12 7.74578e-13 5.19246e-13 3.23493e-13 1.73265e-13 
2.65216e-14 4.87595e-14 7.38203e-14 1.02055e-13 1.40158e-13 1.93765e-13 2.70433e-13 3.82237e-13 5.44959e-13 7.83501e-13 1.13066e-12 1.63586e-12 2.36996e-12 3.43308e-12 4.96022e-12 7.12249e-12 1.01214e-11 1.4158e-11 1.93847e-11 2.58277e-11 3.33099e-11 4.1388e-11 4.93663e-11 5.64123e-11 6.17623e-11 6.49482e-11 6.59282e-11 6.50435e-11 6.27877e-11 5.95444e-11 5.54835e-11 5.06467e-11 4.51254e-11 3.91465e-11 3.30485e-11 2.71816e-11 2.18328e-11 1.71735e-11 1.32691e-11 1.00991e-11 7.58934e-12 5.644e-12 4.15824e-12 3.03764e-12 2.2004e-12 1.57645e-12 1.11382e-12 7.66468e-13 5.01414e-13 2.90876e-13 
4.66727e-14 7.53832e-14 1.07625e-13 1.46542e-13 1.98793e-13 2.72801e-13 3.78876e-13 5.31786e-13 7.53391e-13 1.07294e-12 1.53289e-12 2.19357e-12 3.14096e-12 4.49486e-12 6.41287e-12 9.09116e-12 1.27484e-11 1.75881e-11 2.37329e-11 3.11374e-11 3.94958e-11 4.82017e-11 5.64012e-11 6.31727e-11 6.77942e-11 6.998e-11 6.995e-11 6.8249e-11 6.54161e-11 6.17321e-11 5.72294e-11 5.18984e-11 4.58719e-11 3.9457e-11 3.3046e-11 2.70022e-11 2.15872e-11 1.69366e-11 1.30788e-11 9.96531e-12 7.50843e-12 5.60288e-12 4.14381e-12 3.03764e-12 2.20547e-12 1.57968e-12 1.11036e-12 7.52227e-13 4.70576e-13 2.51717e-13 
4.12371e-14 7.58886e-14 1.12656e-13 1.54584e-13 2.07519e-13 2.79952e-13 3.82237e-13 5.2744e-13 7.36397e-13 1.03434e-12 1.45902e-12 2.06154e-12 2.9174e-12 4.12682e-12 5.83125e-12 8.21128e-12 1.14855e-11 1.58845e-11 2.16032e-11 2.87171e-11 3.70783e-11 4.62246e-11 5.53676e-11 6.3501e-11 6.96694e-11 7.32823e-11 7.43266e-11 7.33101e-11 7.09209e-11 6.76318e-11 6.35474e-11 5.85803e-11 5.27304e-11 4.62187e-11 3.94341e-11 3.28021e-11 2.66716e-11 2.12648e-11 1.6673e-11 1.28905e-11 9.84892e-12 7.44833e-12 5.58119e-12 4.14381e-12 3.04676e-12 2.21394e-12 1.5822e-12 1.10015e-12 7.24491e-13 4.22474e-13 
7.30866e-14 1.17786e-13 1.64157e-13 2.19981e-13 2.92876e-13 3.91537e-13 5.31786e-13 7.31086e-13 1.01277e-12 1.41042e-12 1.96924e-12 2.75311e-12 3.84818e-12 5.37684e-12 7.49802e-12 1.04148e-11 1.43665e-11 1.9588e-11 2.6252e-11 3.43612e-11 4.36342e-11 5.34222e-11 6.27386e-11 7.04617e-11 7.56846e-11 7.80595e-11 7.79199e-11 7.60334e-11 7.31138e-11 6.94507e-11 6.49528e-11 5.94792e-11 5.31085e-11 4.61703e-11 3.91148e-11 3.23691e-11 2.62438e-11 2.09095e-11 1.64157e-11 1.27284e-11 9.76353e-12 7.41681e-12 5.58119e-12 4.15824e-12 3.0634e-12 2.22349e-12 1.57907e-12 1.07958e-12 6.80127e-13 3.65604e-13 
6.48024e-14 1.18819e-13 1.74082e-13 2.3523e-13 3.09939e-13 4.08723e-13 5.44959e-13 7.36397e-13 1.00567e-12 1.38272e-12 1.90926e-12 2.6385e-12 3.64688e-12 5.03541e-12 6.94432e-12 9.55395e-12 1.30885e-11 1.78002e-11 2.39207e-11 3.15811e-11 4.0681e-11 5.07691e-11 6.09782e-11 7.01319e-11 7.70575e-11 8.10156e-11 8.20144e-11 8.07598e-11 7.81843e-11 7.48711e-11 7.08509e-11 6.58867e-11 5.9878e-11 5.30291e-11 4.57653e-11 3.85624e-11 3.18137e-11 2.57746e-11 2.05646e-11 1.61946e-11 1.26096e-11 9.71907e-12 7.41681e-12 5.60288e-12 4.18467e-12 3.08349e-12 2.2302e-12 1.56674e-12 1.04094e-12 6.098e-13 
1.14313e-13 1.82999e-13 2.53037e-13 3.32939e-13 4.34088e-13 5.68192e-13 7.53391e-13 1.01277e-12 1.37391e-12 1.87481e-12 2.56411e-12 3.5071e-12 4.79161e-12 6.53432e-12 8.89267e-12 1.2068e-11 1.63022e-11 2.18567e-11 2.89456e-11 3.76315e-11 4.76771e-11 5.8416e-11 6.87434e-11 7.73313e-11 8.30614e-11 8.55022e-11 8.51052e-11 8.29058e-11 7.98331e-11 7.61946e-11 7.17684e-11 6.62812e-11 5.97556e-11 5.25263e-11 4.50745e-11 3.78565e-11 3.12076e-11 2.53209e-11 2.02684e-11 1.60335e-11 1.25477e-11 9.71907e-12 7.44833e-12 5.644e-12 4.22018e-12 3.10236e-12 2.22782e-12 1.53667e-12 9.75307e-13 5.26215e-13 
1.0118e-13 1.86527e-13 2.71108e-13 3.60837e-13 4.66038e-13 6.01095e-13 7.83501e-13 1.03434e-12 1.38272e-12 1.86436e-12 2.52236e-12 3.41711e-12 4.62389e-12 6.24349e-12 8.40833e-12 1.12934e-11 1.51172e-11 2.01369e-11 2.66132e-11 3.47275e-11 4.44411e-11 5.53318e-11 6.6476e-11 7.65358e-11 8.41062e-11 8.82699e-11 8.90439e-11 8.73597e-11 8.44404e-11 8.10086e-11 7.70284e-11 7.21213e-11 6.60983e-11 5.91408e-11 5.16785e-11 4.41947e-11 3.70875e-11 3.06224e-11 2.49334e-11 2.00535e-11 1.59484e-11 1.25477e-11 9.76353e-12 7.50843e-12 5.69821e-12 4.25665e-12 3.11489e-12 2.20981e-12 1.48015e-12 8.72953e-13 
1.80267e-13 2.85945e-13 3.91342e-13 5.07218e-13 6.46752e-13 8.27524e-13 1.07294e-12 1.41042e-12 1.87481e-12 2.50953e-12 3.36753e-12 4.51714e-12 6.04593e-12 8.06845e-12 1.07322e-11 1.42267e-11 1.87875e-11 2.46799e-11 3.21555e-11 4.13356e-11 5.20396e-11 6.36025e-11 7.48182e-11 8.41452e-11 9.02261e-11 9.25165e-11 9.16089e-11 8.88493e-11 8.54226e-11 8.16779e-11 7.72801e-11 7.1847e-11 6.53521e-11 5.8115e-11 5.05984e-11 4.32358e-11 3.63456e-11 3.01226e-11 2.46511e-11 1.99402e-11 1.59484e-11 1.26096e-11 9.84892e-12 7.58934e-12 5.75875e-12 4.28743e-12 3.11102e-12 2.16487e-12 1.38359e-12 7.50629e-13 
1.60274e-13 2.9297e-13 4.21834e-13 5.54494e-13 7.03535e-13 8.88016e-13 1.13066e-12 1.45902e-12 1.90926e-12 2.52236e-12 3.35156e-12 4.45748e-12 5.92121e-12 7.83986e-12 1.03426e-11 1.35898e-11 1.77856e-11 2.31767e-11 3.00331e-11 3.85787e-11 4.88417e-11 6.04432e-11 7.24252e-11 8.32779e-11 9.13311e-11 9.54521e-11 9.56788e-11 9.3221e-11 8.96456e-11 8.58487e-11 8.17502e-11 7.6865e-11 7.09395e-11 6.41233e-11 5.68077e-11 4.94201e-11 4.23097e-11 3.57112e-11 2.97595e-11 2.45032e-11 1.99402e-11 1.60335e-11 1.27284e-11 9.96531e-12 7.68123e-12 5.81484e-12 4.30282e-12 3.08067e-12 2.07989e-12 1.23581e-12 
2.82912e-13 4.46622e-13 6.05153e-13 7.72938e-13 9.67281e-13 1.21061e-12 1.53289e-12 1.96924e-12 2.56411e-12 3.36753e-12 4.43849e-12 5.85267e-12 7.69756e-12 1.00858e-11 1.31553e-11 1.70798e-11 2.20754e-11 2.83967e-11 3.63104e-11 4.59905e-11 5.73212e-11 6.96609e-11 8.16932e-11 9.16178e-11 9.77856e-11 9.95498e-11 9.76915e-11 9.3938e-11 8.97832e-11 8.56475e-11 8.11222e-11 7.57518e-11 6.94735e-11 6.2555e-11 5.53773e-11 4.82809e-11 4.15175e-11 3.52509e-11 2.95677e-11 2.45032e-11 2.00535e-11 1.61946e-11 1.28905e-11 1.00991e-11 7.77124e-12 5.85453e-12 4.29031e-12 3.01112e-12 1.94042e-12 1.059e-12 
2.51089e-13 4.57101e-13 6.55231e-13 8.51306e-13 1.06337e-12 1.31556e-12 1.63586e-12 2.06154e-12 2.6385e-12 3.41711e-12 4.45748e-12 5.83077e-12 7.61949e-12 9.926e-12 1.28714e-11 1.66053e-11 2.13122e-11 2.72162e-11 3.45799e-11 4.36498e-11 5.4515e-11 6.68501e-11 7.96521e-11 9.11921e-11 9.94762e-11 1.03155e-10 1.02331e-10 9.85594e-11 9.38181e-11 8.92252e-11 8.47126e-11 7.97373e-11 7.40017e-11 6.76047e-11 6.08344e-11 5.39912e-11 4.73054e-11 4.09423e-11 3.50092e-11 2.95677e-11 2.46511e-11 2.02684e-11 1.64157e-11 1.30788e-11 1.0232e-11 7.8436e-12 5.86494e-12 4.23766e-12 2.88421e-12 1.72702e-12 
4.4117e-13 6.9392e-13 9.32495e-13 1.17622e-12 1.44663e-12 1.77323e-12 2.19357e-12 2.75311e-12 3.5071e-12 4.51714e-12 5.85267e-12 7.5956e-12 9.84013e-12 1.26972e-11 1.62997e-11 2.0807e-11 2.64119e-11 3.33499e-11 4.18819e-11 5.22167e-11 6.4295e-11 7.74651e-11 9.02477e-11 1.00534e-10 1.06394e-10 1.0711e-10 1.03704e-10 9.83349e-11 9.28679e-11 8.78808e-11 8.29665e-11 7.76381e-11 7.17783e-11 6.55469e-11 5.91639e-11 5.28045e-11 4.65975e-11 4.06409e-11 3.50092e-11 2.97595e-11 2.49334e-11 2.05646e-11 1.6673e-11 1.32691e-11 1.03465e-11 7.88164e-12 5.82985e-12 4.12569e-12 2.68005e-12 1.47281e-12 
3.90604e-13 7.0869e-13 1.00916e-12 1.30038e-12 1.60474e-12 1.94853e-12 2.36996e-12 2.9174e-12 3.64688e-12 4.62389e-12 5.92121e-12 7.61949e-12 9.81254e-12 1.2604e-11 1.61139e-11 2.04858e-11 2.58897e-11 3.25301e-11 4.06488e-11 5.05007e-11 6.22105e-11 7.54445e-11 8.90663e-11 1.0108e-10 1.09206e-10 1.11929e-10 1.09447e-10 1.03679e-10 9.70576e-11 9.10299e-11 8.56615e-11 8.04276e-11 7.49882e-11 6.93243e-11 6.3543e-11 5.77307e-11 5.19418e-11 4.62257e-11 4.06409e-11 3.52509e-11 3.01226e-11 2.53209e-11 2.09095e-11 1.69366e-11 1.34371e-11 1.04199e-11 7.86812e-12 5.73358e-12 3.93505e-12 2.37647e-12 
6.8189e-13 1.06643e-12 1.42704e-12 1.78311e-12 2.1619e-12 2.59868e-12 3.14096e-12 3.84818e-12 4.79161e-12 6.04593e-12 7.69756e-12 9.84013e-12 1.25752e-11 1.60153e-11 2.02913e-11 2.55606e-11 3.20077e-11 3.98489e-11 4.93368e-11 6.06906e-11 7.38262e-11 8.79614e-11 1.01368e-10 1.11666e-10 1.1672e-10 1.15779e-10 1.10098e-10 1.02298e-10 9.47105e-11 8.82205e-11 8.25636e-11 7.72536e-11 7.20569e-11 6.69242e-11 6.18213e-11 5.6689e-11 5.14892e-11 4.62257e-11 4.09423e-11 3.57112e-11 3.06224e-11 2.57746e-11 2.12648e-11 1.71735e-11 1.35559e-11 1.04322e-11 7.78555e-12 5.55546e-12 3.6401e-12 2.01684e-12 
6.00847e-13 1.08425e-12 1.53975e-12 1.97219e-12 2.40894e-12 2.88026e-12 3.43308e-12 4.12682e-12 5.03541e-12 6.24349e-12 7.83986e-12 9.926e-12 1.2604e-11 1.5984e-11 2.01865e-11 2.53614e-11 3.16858e-11 3.93621e-11 4.86258e-11 5.97232e-11 7.27301e-11 8.71785e-11 1.0169e-10 1.13997e-10 1.21562e-10 1.22721e-10 1.17779e-10 1.09062e-10 9.9568e-11 9.12261e-11 8.4416e-11 7.87291e-11 7.37337e-11 6.91741e-11 6.48542e-11 6.05682e-11 5.61427e-11 5.14892e-11 4.65975e-11 4.15175e-11 3.63456e-11 3.12076e-11 2.62438e-11 2.15872e-11 1.73487e-11 1.35984e-11 1.03627e-11 7.61457e-12 5.27048e-12 3.21253e-12 
1.03678e-12 1.61891e-12 2.15754e-12 2.67916e-12 3.21269e-12 3.79868e-12 4.49486e-12 5.37684e-12 6.53432e-12 8.06845e-12 1.00858e-11 1.26972e-11 1.60153e-11 2.0154e-11 2.52537e-11 3.14942e-11 3.90806e-11 4.82444e-11 5.92267e-11 7.21754e-11 8.68621e-11 1.02276e-10 1.16432e-10 1.26641e-10 1.30411e-10 1.26925e-10 1.17812e-10 1.06317e-10 9.54347e-11 8.6568e-11 7.97404e-11 7.44625e-11 7.02446e-11 6.6672e-11 6.33437e-11 5.99104e-11 5.61427e-11 5.19418e-11 4.73054e-11 4.23097e-11 3.70875e-11 3.18137e-11 2.66716e-11 2.18328e-11 1.74289e-11 1.35415e-11 1.01925e-11 7.33331e-12 4.84894e-12 2.70975e-12 
9.07866e-13 1.63256e-12 2.31485e-12 2.95586e-12 3.5843e-12 4.23546e-12 4.96022e-12 5.83125e-12 6.94432e-12 8.40833e-12 1.03426e-11 1.28714e-11 1.61139e-11 2.01865e-11 2.52195e-11 3.13911e-11 3.89269e-11 4.80784e-11 5.90852e-11 7.21088e-11 8.70699e-11 1.03283e-10 1.19141e-10 1.32066e-10 1.38971e-10 1.37774e-10 1.28992e-10 1.15716e-10 1.01775e-10 8.9847e-11 8.08436e-11 7.45107e-11 7.01909e-11 6.71847e-11 6.48328e-11 6.25485e-11 5.99104e-11 5.6689e-11 5.28045e-11 4.82809e-11 4.32358e-11 3.78565e-11 3.23691e-11 2.70022e-11 2.19574e-11 1.73844e-11 1.33647e-11 9.9028e-12 6.91414e-12 4.25472e-12 
1.54611e-12 2.41176e-12 3.21148e-12 3.97562e-12 4.73124e-12 5.5224e-12 6.41287e-12 7.49802e-12 8.89267e-12 1.07322e-11 1.31553e-11 1.62997e-11 2.02913e-11 2.52537e-11 3.13589e-11 3.88522e-11 4.80341e-11 5.91722e-11 7.24248e-11 8.77827e-11 1.04802e-10 1.22263e-10 1.37892e-10 1.48343e-10 1.50397e-10 1.42991e-10 1.28478e-10 1.11279e-10 9.53533e-11 8.2899e-11 7.43787e-11 6.92043e-11 6.63874e-11 6.49108e-11 6.38612e-11 6.25485e-11 6.05682e-11 5.77307e-11 5.39912e-11 4.94201e-11 4.41947e-11 3.85624e-11 3.28021e-11 2.71816e-11 2.19271e-11 1.71941e-11 1.30512e-11 9.47111e-12 6.32232e-12 3.56587e-12 
1.34161e-12 2.40724e-12 3.41276e-12 4.35521e-12 5.26318e-12 6.16852e-12 7.12249e-12 8.21128e-12 9.55395e-12 1.12934e-11 1.35898e-11 1.66053e-11 2.04858e-11 2.53614e-11 3.13911e-11 3.88309e-11 4.80396e-11 5.93593e-11 7.29703e-11 8.88959e-11 1.0685e-10 1.25916e-10 1.44211e-10 1.58456e-10 1.64583e-10 1.59884e-10 1.45207e-10 1.24935e-10 1.04343e-10 8.71363e-11 7.49245e-11 6.77107e-11 6.4392e-11 6.35123e-11 6.36968e-11 6.38612e-11 6.33437e-11 6.18213e-11 5.91639e-11 5.53773e-11 5.05984e-11 4.50745e-11 3.91148e-11 3.3046e-11 2.71665e-11 2.17149e-11 1.68403e-11 1.25852e-11 8.86744e-12 5.51283e-12 
2.25443e-12 3.51486e-12 4.68432e-12 5.79613e-12 6.87176e-12 7.94737e-12 9.09116e-12 1.04148e-11 1.2068e-11 1.42267e-11 1.70798e-11 2.0807e-11 2.55606e-11 3.14942e-11 3.88522e-11 4.8047e-11 5.95288e-11 7.35561e-11 9.02035e-11 1.09309e-10 1.30168e-10 1.51169e-10 1.69335e-10 1.80202e-10 1.79423e-10 1.66097e-10 1.43639e-10 1.18081e-10 9.50138e-11 7.74816e-11 6.65262e-11 6.1532e-11 6.0673e-11 6.19539e-11 6.36968e-11 6.48328e-11 6.48542e-11 6.3543e-11 6.08344e-11 5.68077e-11 5.16785e-11 4.57653e-11 3.94341e-11 3.30485e-11 2.69263e-11 2.13058e-11 1.63139e-11 1.1945e-11 8.05407e-12 4.58544e-12 
1.9348e-12 3.46396e-12 4.91553e-12 6.282e-12 7.58833e-12 8.85322e-12 1.01214e-11 1.14855e-11 1.30885e-11 1.51172e-11 1.77856e-11 2.13122e-11 2.58897e-11 3.16858e-11 3.89269e-11 4.80396e-11 5.95945e-11 7.39944e-11 9.14257e-11 1.1189e-10 1.34876e-10 1.58867e-10 1.81132e-10 1.97206e-10 2.01569e-10 1.91095e-10 1.67867e-10 1.37816e-10 1.08083e-10 8.37287e-11 6.70626e-11 5.85471e-11 5.66365e-11 5.86189e-11 6.19539e-11 6.49108e-11 6.6672e-11 6.69242e-11 6.55469e-11 6.2555e-11 5.8115e-11 5.25263e-11 4.61703e-11 3.9457e-11 3.27743e-11 2.64466e-11 2.06946e-11 1.56039e-11 1.11012e-11 6.97306e-12 
3.20025e-12 4.98947e-12 6.66701e-12 8.26357e-12 9.79026e-12 1.12644e-11 1.27484e-11 1.43665e-11 1.63022e-11 1.87875e-11 2.20754e-11 2.64119e-11 3.20077e-11 3.90806e-11 4.80341e-11 5.95288e-11 7.41547e-11 9.22796e-11 1.14173e-10 1.39615e-10 1.67081e-10 1.93895e-10 2.15727e-10 2.26182e-10 2.20305e-10 1.97976e-10 1.64489e-10 1.27987e-10 9.55675e-11 7.12821e-11 5.68937e-11 5.20497e-11 5.38717e-11 5.86189e-11 6.35123e-11 6.71847e-11 6.91741e-11 6.93243e-11 6.76047e-11 6.41233e-11 5.91408e-11 5.30291e-11 4.62187e-11 3.91465e-11 3.2212e-11 2.57272e-11 1.98791e-11 1.46938e-11 1.00083e-11 5.75046e-12 
2.71276e-12 4.84299e-12 6.88732e-12 8.83139e-12 1.06891e-11 1.24563e-11 1.4158e-11 1.58845e-11 1.78002e-11 2.01369e-11 2.31767e-11 2.72162e-11 3.25301e-11 3.93621e-11 4.80784e-11 5.93593e-11 7.39944e-11 9.25836e-11 1.15737e-10 1.43743e-10 1.75165e-10 2.07229e-10 2.3566e-10 2.53395e-10 2.53456e-10 2.34104e-10 1.98945e-10 1.56234e-10 1.15059e-10 8.15699e-11 5.88799e-11 4.83635e-11 4.82886e-11 5.38717e-11 6.0673e-11 6.63874e-11 7.02446e-11 7.20569e-11 7.17783e-11 6.94735e-11 6.53521e-11 5.97556e-11 5.31085e-11 4.58719e-11 3.84934e-11 3.13648e-11 2.47745e-11 1.8857e-11 1.35486e-11 8.59722e-12 
4.4078e-12 6.87741e-12 9.21957e-12 1.14692e-11 1.36135e-11 1.56381e-11 1.75881e-11 1.9588e-11 2.18567e-11 2.46799e-11 2.83967e-11 3.33499e-11 3.98489e-11 4.82444e-11 5.91722e-11 7.35561e-11 9.22796e-11 1.16293e-10 1.46581e-10 1.82141e-10 2.20153e-10 2.56406e-10 2.82937e-10 2.90971e-10 2.76195e-10 2.41411e-10 1.94042e-10 1.4421e-10 1.00407e-10 6.75853e-11 4.82421e-11 4.32848e-11 4.82886e-11 5.66365e-11 6.4392e-11 7.01909e-11 7.37337e-11 7.49882e-11 7.40017e-11 7.09395e-11 6.60983e-11 5.9878e-11 5.27304e-11 4.51254e-11 3.75083e-11 3.02513e-11 2.35991e-11 1.7612e-11 1.21165e-11 7.01948e-12 
3.68836e-12 6.56488e-12 9.35726e-12 1.20487e-11 1.4639e-11 1.70869e-11 1.93847e-11 2.16032e-11 2.39207e-11 2.66132e-11 3.00331e-11 3.45799e-11 4.06488e-11 4.86258e-11 5.90852e-11 7.29703e-11 9.14257e-11 1.15737e-10 1.47601e-10 1.86926e-10 2.312e-10 2.76509e-10 3.14007e-10 3.32771e-10 3.25503e-10 2.92662e-10 2.42002e-10 1.84405e-10 1.30034e-10 8.58955e-11 5.56786e-11 4.17533e-11 4.32848e-11 5.20497e-11 6.1532e-11 6.92043e-11 7.44625e-11 7.72536e-11 7.76381e-11 7.57518e-11 7.1847e-11 6.62812e-11 5.94792e-11 5.18984e-11 4.40016e-11 3.62188e-11 2.88898e-11 2.21999e-11 1.61045e-11 1.03163e-11 
5.88014e-12 9.17622e-12 1.23458e-11 1.54312e-11 1.83849e-11 2.11493e-11 2.37329e-11 2.6252e-11 2.89456e-11 3.21555e-11 3.63104e-11 4.18819e-11 4.93368e-11 5.92267e-11 7.24248e-11 9.02035e-11 1.14173e-10 1.46581e-10 1.88646e-10 2.38733e-10 2.93724e-10 3.44377e-10 3.7778e-10 3.82024e-10 3.54354e-10 3.01603e-10 2.36853e-10 1.7187e-10 1.15838e-10 7.38991e-11 4.84853e-11 4.17533e-11 4.83635e-11 5.85471e-11 6.77107e-11 7.45107e-11 7.87291e-11 8.04276e-11 7.97373e-11 7.6865e-11 7.21213e-11 6.58867e-11 5.85803e-11 5.06467e-11 4.25361e-11 3.46531e-11 2.72943e-11 2.05596e-11 1.42757e-11 8.32908e-12 
4.85198e-12 8.60547e-12 1.22914e-11 1.58973e-11 1.9409e-11 2.27391e-11 2.58277e-11 2.87171e-11 3.15811e-11 3.47275e-11 3.85787e-11 4.36498e-11 5.05007e-11 5.97232e-11 7.21088e-11 8.88959e-11 1.1189e-10 1.43743e-10 1.86926e-10 2.41442e-10 3.05535e-10 3.70544e-10 4.22665e-10 4.43657e-10 4.25809e-10 3.73772e-10 3.02769e-10 2.2778e-10 1.58883e-10 1.04195e-10 6.69134e-11 4.84853e-11 4.82421e-11 5.68937e-11 6.65262e-11 7.43787e-11 7.97404e-11 8.25636e-11 8.29665e-11 8.11222e-11 7.72801e-11 7.17684e-11 6.49528e-11 5.72294e-11 4.90234e-11 4.07659e-11 3.28338e-11 2.54617e-11 1.86324e-11 1.20339e-11 
7.57993e-12 1.18253e-11 1.59638e-11 2.00516e-11 2.40067e-11 2.77158e-11 3.11374e-11 3.43612e-11 3.76315e-11 4.13356e-11 4.59905e-11 5.22167e-11 6.06906e-11 7.21754e-11 8.77827e-11 1.09309e-10 1.39615e-10 1.82141e-10 2.38733e-10 3.09835e-10 3.88545e-10 4.62028e-10 5.06125e-10 5.04363e-10 4.58015e-10 3.82174e-10 2.97942e-10 2.17367e-10 1.4817e-10 9.75379e-11 6.69134e-11 5.56786e-11 5.88799e-11 6.70626e-11 7.49245e-11 8.08436e-11 8.4416e-11 8.56615e-11 8.47126e-11 8.17502e-11 7.70284e-11 7.08509e-11 6.35474e-11 5.54835e-11 4.70686e-11 3.87184e-11 3.07694e-11 2.33692e-11 1.63535e-11 9.59163e-12 
6.16576e-12 1.08909e-11 1.55769e-11 2.02291e-11 2.48247e-11 2.92243e-11 3.33099e-11 3.70783e-11 4.0681e-11 4.44411e-11 4.88417e-11 5.4515e-11 6.22105e-11 7.27301e-11 8.70699e-11 1.0685e-10 1.34876e-10 1.75165e-10 2.312e-10 3.05535e-10 3.95066e-10 4.89394e-10 5.6173e-10 5.85664e-10 5.52977e-10 4.76216e-10 3.81884e-10 2.90221e-10 2.08399e-10 1.42156e-10 9.75379e-11 7.38991e-11 6.75853e-11 7.12821e-11 7.74816e-11 8.2899e-11 8.6568e-11 8.82205e-11 8.78808e-11 8.56475e-11 8.16779e-11 7.61946e-11 6.94507e-11 6.17321e-11 5.33846e-11 4.48101e-11 3.64062e-11 2.84523e-11 2.09697e-11 1.36292e-11 
9.43172e-12 1.46966e-11 1.98918e-11 2.50982e-11 3.02029e-11 3.50355e-11 3.94958e-11 4.36342e-11 4.76771e-11 5.20396e-11 5.73212e-11 6.4295e-11 7.38262e-11 8.68621e-11 1.04802e-10 1.30168e-10 1.67081e-10 2.20153e-10 2.93724e-10 3.88545e-10 4.99125e-10 6.00713e-10 6.59282e-10 6.52932e-10 5.84192e-10 4.81401e-10 3.76355e-10 2.82847e-10 2.03366e-10 1.42156e-10 1.04195e-10 8.58955e-11 8.15699e-11 8.37287e-11 8.71363e-11 8.9847e-11 9.12261e-11 9.10299e-11 8.92252e-11 8.58487e-11 8.10086e-11 7.48711e-11 6.76318e-11 5.95444e-11 5.09529e-11 4.22583e-11 3.38285e-11 2.58566e-11 1.81994e-11 1.07075e-11 
7.56402e-12 1.32914e-11 1.90166e-11 2.4777e-11 3.0547e-11 3.61433e-11 4.1388e-11 4.62246e-11 5.07691e-11 5.53318e-11 6.04432e-11 6.68501e-11 7.54445e-11 8.71785e-11 1.03283e-10 1.25916e-10 1.58867e-10 2.07229e-10 2.76509e-10 3.70544e-10 4.89394e-10 6.14203e-10 7.11618e-10 7.44368e-10 6.96517e-10 5.93747e-10 4.7667e-10 3.69565e-10 2.78567e-10 2.03366e-10 1.4817e-10 1.15838e-10 1.00407e-10 9.55675e-11 9.50138e-11 9.53533e-11 9.54347e-11 9.47105e-11 9.28679e-11 8.97832e-11 8.54226e-11 7.98331e-11 7.31138e-11 6.54161e-11 5.69892e-11 4.81882e-11 3.94108e-11 3.09752e-11 2.29415e-11 1.49711e-11 
1.13197e-11 1.76012e-11 2.38549e-11 3.02047e-11 3.65167e-11 4.25667e-11 4.82017e-11 5.34222e-11 5.8416e-11 6.36025e-11 6.96609e-11 7.74651e-11 8.79614e-11 1.02276e-10 1.22263e-10 1.51169e-10 1.93895e-10 2.56406e-10 3.44377e-10 4.62028e-10 6.00713e-10 7.29629e-10 8.10408e-10 7.98961e-10 7.08163e-10 5.85455e-10 4.68441e-10 3.65173e-10 2.78567e-10 2.08399e-10 1.58883e-10 1.30034e-10 1.15059e-10 1.08083e-10 1.04343e-10 1.01775e-10 9.9568e-11 9.70576e-11 9.38181e-11 8.96456e-11 8.44404e-11 7.81843e-11 7.09209e-11 6.27877e-11 5.40512e-11 4.50837e-11 3.6267e-11 2.78323e-11 1.96557e-11 1.15735e-11 
8.95082e-12 1.56369e-11 2.23539e-11 2.91813e-11 3.61059e-11 4.29097e-11 4.93663e-11 5.53676e-11 6.09782e-11 6.6476e-11 7.24252e-11 7.96521e-11 8.90663e-11 1.0169e-10 1.19141e-10 1.44211e-10 1.81132e-10 2.3566e-10 3.14007e-10 4.22665e-10 5.6173e-10 7.11618e-10 8.33443e-10 8.73159e-10 8.12634e-10 6.94126e-10 5.71211e-10 4.62744e-10 3.65173e-10 2.82847e-10 2.17367e-10 1.7187e-10 1.4421e-10 1.27987e-10 1.18081e-10 1.11279e-10 1.06317e-10 1.02298e-10 9.83349e-11 9.3938e-11 8.88493e-11 8.29058e-11 7.60334e-11 6.8249e-11 5.97097e-11 5.07127e-11 4.16411e-11 3.28312e-11 2.43754e-11 1.59344e-11 
1.30995e-11 2.0307e-11 2.75237e-11 3.49261e-11 4.23711e-11 4.95958e-11 5.64012e-11 6.27386e-11 6.87434e-11 7.48182e-11 8.16932e-11 9.02477e-11 1.01368e-10 1.16432e-10 1.37892e-10 1.69335e-10 2.15727e-10 2.82937e-10 3.7778e-10 5.06125e-10 6.59282e-10 8.10408e-10 8.98909e-10 8.893e-10 7.94624e-10 6.73017e-10 5.61109e-10 4.62744e-10 3.69565e-10 2.90221e-10 2.2778e-10 1.84405e-10 1.56234e-10 1.37816e-10 1.24935e-10 1.15716e-10 1.09062e-10 1.03679e-10 9.85594e-11 9.3221e-11 8.73597e-11 8.07598e-11 7.33101e-11 6.50435e-11 5.61568e-11 4.69763e-11 3.78773e-11 2.91126e-11 2.05817e-11 1.21018e-11 
1.02145e-11 1.7732e-11 2.53018e-11 3.30469e-11 4.09776e-11 4.88543e-11 5.64123e-11 6.3501e-11 7.01319e-11 7.65358e-11 8.32779e-11 9.11921e-11 1.0108e-10 1.13997e-10 1.32066e-10 1.58456e-10 1.97206e-10 2.53395e-10 3.32771e-10 4.43657e-10 5.85664e-10 7.44368e-10 8.73159e-10 9.17245e-10 8.70009e-10 7.69313e-10 6.58049e-10 5.61109e-10 4.68441e-10 3.76355e-10 2.97942e-10 2.36853e-10 1.94042e-10 1.64489e-10 1.43639e-10 1.28478e-10 1.17812e-10 1.10098e-10 1.03704e-10 9.76915e-11 9.16089e-11 8.51052e-11 7.79199e-11 6.995e-11 6.12743e-11 5.21317e-11 4.28704e-11 3.38297e-11 2.51224e-11 1.64157e-11 
1.46172e-11 2.25787e-11 3.05686e-11 3.88176e-11 4.71853e-11 5.53823e-11 6.31727e-11 7.04617e-11 7.73313e-11 8.41452e-11 9.16178e-11 1.00534e-10 1.11666e-10 1.26641e-10 1.48343e-10 1.80202e-10 2.26182e-10 2.90971e-10 3.82024e-10 5.04363e-10 6.52932e-10 7.98961e-10 8.893e-10 9.00648e-10 8.43455e-10 7.51806e-10 6.58049e-10 5.71211e-10 4.7667e-10 3.81884e-10 3.02769e-10 2.42002e-10 1.98945e-10 1.67867e-10 1.45207e-10 1.28992e-10 1.17779e-10 1.09447e-10 1.02331e-10 9.56788e-11 8.90439e-11 8.20144e-11 7.43266e-11 6.59282e-11 5.69529e-11 4.76786e-11 3.84566e-11 2.95482e-11 2.08688e-11 1.22295e-11 
1.12421e-11 1.93913e-11 2.75969e-11 3.60193e-11 4.46961e-11 5.33748e-11 6.17623e-11 6.96694e-11 7.70575e-11 8.41062e-11 9.13311e-11 9.94762e-11 1.09206e-10 1.21562e-10 1.38971e-10 1.64583e-10 2.01569e-10 2.53456e-10 3.25503e-10 4.25809e-10 5.52977e-10 6.96517e-10 8.12634e-10 8.70009e-10 8.78404e-10 8.26994e-10 7.51806e-10 6.73017e-10 5.85455e-10 4.81401e-10 3.82174e-10 3.01603e-10 2.41411e-10 1.97976e-10 1.66097e-10 1.42991e-10 1.26925e-10 1.15779e-10 1.0711e-10 9.95498e-11 9.25165e-11 8.55022e-11 7.80595e-11 6.998e-11 6.12795e-11 5.21445e-11 4.28818e-11 3.3819e-11 2.50801e-11 1.63521e-11 
1.5736e-11 2.42152e-11 3.27202e-11 4.15311e-11 5.05135e-11 5.93578e-11 6.77942e-11 7.56846e-11 8.30614e-11 9.02261e-11 9.77856e-11 1.06394e-10 1.1672e-10 1.30411e-10 1.50397e-10 1.79423e-10 2.20305e-10 2.76195e-10 3.54354e-10 4.58015e-10 5.84192e-10 7.08163e-10 7.94624e-10 8.43455e-10 8.66795e-10 8.26994e-10 7.69313e-10 6.94126e-10 5.93747e-10 4.76216e-10 3.73772e-10 2.92662e-10 2.34104e-10 1.91095e-10 1.59884e-10 1.37774e-10 1.22721e-10 1.11929e-10 1.03155e-10 9.54521e-11 8.82699e-11 8.10156e-11 7.32823e-11 6.49482e-11 5.60958e-11 4.69577e-11 3.78544e-11 2.90447e-11 2.04664e-11 1.19352e-11 
1.19352e-11 2.04664e-11 2.90447e-11 3.78544e-11 4.69577e-11 5.60958e-11 6.49482e-11 7.32823e-11 8.10156e-11 8.82699e-11 9.54521e-11 1.03155e-10 1.11929e-10 1.22721e-10 1.37774e-10 1.59884e-10 1.91095e-10 2.34104e-10 2.92662e-10 3.73772e-10 4.76216e-10 5.93747e-10 6.94126e-10 7.69313e-10 8.26994e-10 8.66795e-10 8.43455e-10 7.94624e-10 7.08163e-10 5.84192e-10 4.58015e-10 3.54354e-10 2.76195e-10 2.20305e-10 1.79423e-10 1.50397e-10 1.30411e-10 1.1672e-10 1.06394e-10 9.77856e-11 9.02261e-11 8.30614e-11 7.56846e-11 6.77942e-11 5.93578e-11 5.05135e-11 4.15311e-11 3.27202e-11 2.42152e-11 1.5736e-11 
1.63521e-11 2.50801e-11 3.3819e-11 4.28818e-11 5.21445e-11 6.12795e-11 6.998e-11 7.80595e-11 8.55022e-11 9.25165e-11 9.95498e-11 1.0711e-10 1.15779e-10 1.26925e-10 1.42991e-10 1.66097e-10 1.97976e-10 2.41411e-10 3.01603e-10 3.82174e-10 4.81401e-10 5.85455e-10 6.73017e-10 7.51806e-10 8.26994e-10 8.78404e-10 8.70009e-10 8.12634e-10 6.96517e-10 5.52977e-10 4.25809e-10 3.25503e-10 2.53456e-10 2.01569e-10 1.64583e-10 1.38971e-10 1.21562e-10 1.09206e-10 9.94762e-11 9.13311e-11 8.41062e-11 7.70575e-11 6.96694e-11 6.17623e-11 5.33748e-11 4.46961e-11 3.60193e-11 2.75969e-11 1.93913e-11 1.12421e-11 
1.22295e-11 2.08688e-11 2.95482e-11 3.84566e-11 4.76786e-11 5.69529e-11 6.59282e-11 7.43266e-11 8.20144e-11 8.90439e-11 9.56788e-11 1.02331e-10 1.09447e-10 1.17779e-10 1.28992e-10 1.45207e-10 1.67867e-10 1.98945e-10 2.42002e-10 3.02769e-10 3.81884e-10 4.7667e-10 5.71211e-10 6.58049e-10 7.51806e-10 8.43455e-10 9.00648e-10 8.893e-10 7.98961e-10 6.52932e-10 5.04363e-10 3.82024e-10 2.90971e-10 2.26182e-10 1.80202e-10 1.48343e-10 1.26641e-10 1.11666e-10 1.00534e-10 9.16178e-11 8.41452e-11 7.73313e-11 7.04617e-11 6.31727e-11 5.53823e-11 4.71853e-11 3.88176e-11 3.05686e-11 2.25787e-11 1.46172e-11 
1.64157e-11 2.51224e-11 3.38297e-11 4.28704e-11 5.21317e-11 6.12743e-11 6.995e-11 7.79199e-11 8.51052e-11 9.16089e-11 9.76915e-11 1.03704e-10 1.10098e-10 1.17812e-10 1.28478e-10 1.43639e-10 1.64489e-10 1.94042e-10 2.36853e-10 2.97942e-10 3.76355e-10 4.68441e-10 5.61109e-10 6.58049e-10 7.69313e-10 8.70009e-10 9.17245e-10 8.73159e-10 7.44368e-10 5.85664e-10 4.43657e-10 3.32771e-10 2.53395e-10 1.97206e-10 1.58456e-10 1.32066e-10 1.13997e-10 1.0108e-10 9.11921e-11 8.32779e-11 7.65358e-11 7.01319e-11 6.3501e-11 5.64123e-11 4.88543e-11 4.09776e-11 3.30469e-11 2.53018e-11 1.7732e-11 1.02145e-11 
1.21018e-11 2.05817e-11 2.91126e-11 3.78773e-11 4.69763e-11 5.61568e-11 6.50435e-11 7.33101e-11 8.07598e-11 8.73597e-11 9.3221e-11 9.85594e-11 1.03679e-10 1.09062e-10 1.15716e-10 1.24935e-10 1.37816e-10 1.56234e-10 1.84405e-10 2.2778e-10 2.90221e-10 3.69565e-10 4.62744e-10 5.61109e-10 6.73017e-10 7.94624e-10 8.893e-10 8.98909e-10 8.10408e-10 6.59282e-10 5.06125e-10 3.7778e-10 2.82937e-10 2.15727e-10 1.69335e-10 1.37892e-10 1.16432e-10 1.01368e-10 9.02477e-11 8.16932e-11 7.48182e-11 6.87434e-11 6.27386e-11 5.64012e-11 4.95958e-11 4.23711e-11 3.49261e-11 2.75237e-11 2.0307e-11 1.30995e-11 
1.59344e-11 2.43754e-11 3.28312e-11 4.16411e-11 5.07127e-11 5.97097e-11 6.8249e-11 7.60334e-11 8.29058e-11 8.88493e-11 9.3938e-11 9.83349e-11 1.02298e-10 1.06317e-10 1.11279e-10 1.18081e-10 1.27987e-10 1.4421e-10 1.7187e-10 2.17367e-10 2.82847e-10 3.65173e-10 4.62744e-10 5.71211e-10 6.94126e-10 8.12634e-10 8.73159e-10 8.33443e-10 7.11618e-10 5.6173e-10 4.22665e-10 3.14007e-10 2.3566e-10 1.81132e-10 1.44211e-10 1.19141e-10 1.0169e-10 8.90663e-11 7.96521e-11 7.24252e-11 6.6476e-11 6.09782e-11 5.53676e-11 4.93663e-11 4.29097e-11 3.61059e-11 2.91813e-11 2.23539e-11 1.56369e-11 8.95082e-12 
1.15735e-11 1.96557e-11 2.78323e-11 3.6267e-11 4.50837e-11 5.40512e-11 6.27877e-11 7.09209e-11 7.81843e-11 8.44404e-11 8.96456e-11 9.38181e-11 9.70576e-11 9.9568e-11 1.01775e-10 1.04343e-10 1.08083e-10 1.15059e-10 1.30034e-10 1.58883e-10 2.08399e-10 2.78567e-10 3.65173e-10 4.68441e-10 5.85455e-10 7.08163e-10 7.98961e-10 8.10408e-10 7.29629e-10 6.00713e-10 4.62028e-10 3.44377e-10 2.56406e-10 1.93895e-10 1.51169e-10 1.22263e-10 1.02276e-10 8.79614e-11 7.74651e-11 6.96609e-11 6.36025e-11 5.8416e-11 5.34222e-11 4.82017e-11 4.25667e-11 3.65167e-11 3.02047e-11 2.38549e-11 1.76012e-11 1.13197e-11 
1.49711e-11 2.29415e-11 3.09752e-11 3.94108e-11 4.81882e-11 5.69892e-11 6.54161e-11 7.31138e-11 7.98331e-11 8.54226e-11 8.97832e-11 9.28679e-11 9.47105e-11 9.54347e-11 9.53533e-11 9.50138e-11 9.55675e-11 1.00407e-10 1.15838e-10 1.4817e-10 2.03366e-10 2.78567e-10 3.69565e-10 4.7667e-10 5.93747e-10 6.96517e-10 7.44368e-10 7.11618e-10 6.14203e-10 4.89394e-10 3.70544e-10 2.76509e-10 2.07229e-10 1.58867e-10 1.25916e-10 1.03283e-10 8.71785e-11 7.54445e-11 6.68501e-11 6.04432e-11 5.53318e-11 5.07691e-11 4.62246e-11 4.1388e-11 3.61433e-11 3.0547e-11 2.4777e-11 1.90166e-11 1.32914e-11 7.56402e-12 
1.07075e-11 1.81994e-11 2.58566e-11 3.38285e-11 4.22583e-11 5.09529e-11 5.95444e-11 6.76318e-11 7.48711e-11 8.10086e-11 8.58487e-11 8.92252e-11 9.10299e-11 9.12261e-11 8.9847e-11 8.71363e-11 8.37287e-11 8.15699e-11 8.58955e-11 1.04195e-10 1.42156e-10 2.03366e-10 2.82847e-10 3.76355e-10 4.81401e-10 5.84192e-10 6.52932e-10 6.59282e-10 6.00713e-10 4.99125e-10 3.88545e-10 2.93724e-10 2.20153e-10 1.67081e-10 1.30168e-10 1.04802e-10 8.68621e-11 7.38262e-11 6.4295e-11 5.73212e-11 5.20396e-11 4.76771e-11 4.36342e-11 3.94958e-11 3.50355e-11 3.02029e-11 2.50982e-11 1.98918e-11 1.46966e-11 9.43172e-12 
1.36292e-11 2.09697e-11 2.84523e-11 3.64062e-11 4.48101e-11 5.33846e-11 6.17321e-11 6.94507e-11 7.61946e-11 8.16779e-11 8.56475e-11 8.78808e-11 8.82205e-11 8.6568e-11 8.2899e-11 7.74816e-11 7.12821e-11 6.75853e-11 7.38991e-11 9.75379e-11 1.42156e-10 2.08399e-10 2.90221e-10 3.81884e-10 4.76216e-10 5.52977e-10 5.85664e-10 5.6173e-10 4.89394e-10 3.95066e-10 3.05535e-10 2.312e-10 1.75165e-10 1.34876e-10 1.0685e-10 8.70699e-11 7.27301e-11 6.22105e-11 5.4515e-11 4.88417e-11 4.44411e-11 4.0681e-11 3.70783e-11 3.33099e-11 2.92243e-11 2.48247e-11 2.02291e-11 1.55769e-11 1.08909e-11 6.16576e-12 
9.59163e-12 1.63535e-11 2.33692e-11 3.07694e-11 3.87184e-11 4.70686e-11 5.54835e-11 6.35474e-11 7.08509e-11 7.70284e-11 8.17502e-11 8.47126e-11 8.56615e-11 8.4416e-11 8.08436e-11 7.49245e-11 6.70626e-11 5.88799e-11 5.56786e-11 6.69134e-11 9.75379e-11 1.4817e-10 2.17367e-10 2.97942e-10 3.82174e-10 4.58015e-10 5.04363e-10 5.06125e-10 4.62028e-10 3.88545e-10 3.09835e-10 2.38733e-10 1.82141e-10 1.39615e-10 1.09309e-10 8.77827e-11 7.21754e-11 6.06906e-11 5.22167e-11 4.59905e-11 4.13356e-11 3.76315e-11 3.43612e-11 3.11374e-11 2.77158e-11 2.40067e-11 2.00516e-11 1.59638e-11 1.18253e-11 7.57993e-12 
1.20339e-11 1.86324e-11 2.54617e-11 3.28338e-11 4.07659e-11 4.90234e-11 5.72294e-11 6.49528e-11 7.17684e-11 7.72801e-11 8.11222e-11 8.29665e-11 8.25636e-11 7.97404e-11 7.43787e-11 6.65262e-11 5.68937e-11 4.82421e-11 4.84853e-11 6.69134e-11 1.04195e-10 1.58883e-10 2.2778e-10 3.02769e-10 3.73772e-10 4.25809e-10 4.43657e-10 4.22665e-10 3.70544e-10 3.05535e-10 2.41442e-10 1.86926e-10 1.43743e-10 1.1189e-10 8.88959e-11 7.21088e-11 5.97232e-11 5.05007e-11 4.36498e-11 3.85787e-11 3.47275e-11 3.15811e-11 2.87171e-11 2.58277e-11 2.27391e-11 1.9409e-11 1.58973e-11 1.22914e-11 8.60547e-12 4.85198e-12 
8.32908e-12 1.42757e-11 2.05596e-11 2.72943e-11 3.46531e-11 4.25361e-11 5.06467e-11 5.85803e-11 6.58867e-11 7.21213e-11 7.6865e-11 7.97373e-11 8.04276e-11 7.87291e-11 7.45107e-11 6.77107e-11 5.85471e-11 4.83635e-11 4.17533e-11 4.84853e-11 7.38991e-11 1.15838e-10 1.7187e-10 2.36853e-10 3.01603e-10 3.54354e-10 3.82024e-10 3.7778e-10 3.44377e-10 2.93724e-10 2.38733e-10 1.88646e-10 1.46581e-10 1.14173e-10 9.02035e-11 7.24248e-11 5.92267e-11 4.93368e-11 4.18819e-11 3.63104e-11 3.21555e-11 2.89456e-11 2.6252e-11 2.37329e-11 2.11493e-11 1.83849e-11 1.54312e-11 1.23458e-11 9.17622e-12 5.88014e-12 
1.03163e-11 1.61045e-11 2.21999e-11 2.88898e-11 3.62188e-11 4.40016e-11 5.18984e-11 5.94792e-11 6.62812e-11 7.1847e-11 7.57518e-11 7.76381e-11 7.72536e-11 7.44625e-11 6.92043e-11 6.1532e-11 5.20497e-11 4.32848e-11 4.17533e-11 5.56786e-11 8.58955e-11 1.30034e-10 1.84405e-10 2.42002e-10 2.92662e-10 3.25503e-10 3.32771e-10 3.14007e-10 2.76509e-10 2.312e-10 1.86926e-10 1.47601e-10 1.15737e-10 9.14257e-11 7.29703e-11 5.90852e-11 4.86258e-11 4.06488e-11 3.45799e-11 3.00331e-11 2.66132e-11 2.39207e-11 2.16032e-11 1.93847e-11 1.70869e-11 1.4639e-11 1.20487e-11 9.35726e-12 6.56488e-12 3.68836e-12 
7.01948e-12 1.21165e-11 1.7612e-11 2.35991e-11 3.02513e-11 3.75083e-11 4.51254e-11 5.27304e-11 5.9878e-11 6.60983e-11 7.09395e-11 7.40017e-11 7.49882e-11 7.37337e-11 7.01909e-11 6.4392e-11 5.66365e-11 4.82886e-11 4.32848e-11 4.82421e-11 6.75853e-11 1.00407e-10 1.4421e-10 1.94042e-10 2.41411e-10 2.76195e-10 2.90971e-10 2.82937e-10 2.56406e-10 2.20153e-10 1.82141e-10 1.46581e-10 1.16293e-10 9.22796e-11 7.35561e-11 5.91722e-11 4.82444e-11 3.98489e-11 3.33499e-11 2.83967e-11 2.46799e-11 2.18567e-11 1.9588e-11 1.75881e-11 1.56381e-11 1.36135e-11 1.14692e-11 9.21957e-12 6.87741e-12 4.4078e-12 
8.59722e-12 1.35486e-11 1.8857e-11 2.47745e-11 3.13648e-11 3.84934e-11 4.58719e-11 5.31085e-11 5.97556e-11 6.53521e-11 6.94735e-11 7.17783e-11 7.20569e-11 7.02446e-11 6.63874e-11 6.0673e-11 5.38717e-11 4.82886e-11 4.83635e-11 5.88799e-11 8.15699e-11 1.15059e-10 1.56234e-10 1.98945e-10 2.34104e-10 2.53456e-10 2.53395e-10 2.3566e-10 2.07229e-10 1.75165e-10 1.43743e-10 1.15737e-10 9.25836e-11 7.39944e-11 5.93593e-11 4.80784e-11 3.93621e-11 3.25301e-11 2.72162e-11 2.31767e-11 2.01369e-11 1.78002e-11 1.58845e-11 1.4158e-11 1.24563e-11 1.06891e-11 8.83139e-12 6.88732e-12 4.84299e-12 2.71276e-12 
5.75046e-12 1.00083e-11 1.46938e-11 1.98791e-11 2.57272e-11 3.2212e-11 3.91465e-11 4.62187e-11 5.30291e-11 5.91408e-11 6.41233e-11 6.76047e-11 6.93243e-11 6.91741e-11 6.71847e-11 6.35123e-11 5.86189e-11 5.38717e-11 5.20497e-11 5.68937e-11 7.12821e-11 9.55675e-11 1.27987e-10 1.64489e-10 1.97976e-10 2.20305e-10 2.26182e-10 2.15727e-10 1.93895e-10 1.67081e-10 1.39615e-10 1.14173e-10 9.22796e-11 7.41547e-11 5.95288e-11 4.80341e-11 3.90806e-11 3.20077e-11 2.64119e-11 2.20754e-11 1.87875e-11 1.63022e-11 1.43665e-11 1.27484e-11 1.12644e-11 9.79026e-12 8.26357e-12 6.66701e-12 4.98947e-12 3.20025e-12 
6.97306e-12 1.11012e-11 1.56039e-11 2.06946e-11 2.64466e-11 3.27743e-11 3.9457e-11 4.61703e-11 5.25263e-11 5.8115e-11 6.2555e-11 6.55469e-11 6.69242e-11 6.6672e-11 6.49108e-11 6.19539e-11 5.86189e-11 5.66365e-11 5.85471e-11 6.70626e-11 8.37287e-11 1.08083e-10 1.37816e-10 1.67867e-10 1.91095e-10 2.01569e-10 1.97206e-10 1.81132e-10 1.58867e-10 1.34876e-10 1.1189e-10 9.14257e-11 7.39944e-11 5.95945e-11 4.80396e-11 3.89269e-11 3.16858e-11 2.58897e-11 2.13122e-11 1.77856e-11 1.51172e-11 1.30885e-11 1.14855e-11 1.01214e-11 8.85322e-12 7.58833e-12 6.282e-12 4.91553e-12 3.46396e-12 1.9348e-12 
4.58544e-12 8.05407e-12 1.1945e-11 1.63139e-11 2.13058e-11 2.69263e-11 3.30485e-11 3.94341e-11 4.57653e-11 5.16785e-11 5.68077e-11 6.08344e-11 6.3543e-11 6.48542e-11 6.48328e-11 6.36968e-11 6.19539e-11 6.0673e-11 6.1532e-11 6.65262e-11 7.74816e-11 9.50138e-11 1.18081e-10 1.43639e-10 1.66097e-10 1.79423e-10 1.80202e-10 1.69335e-10 1.51169e-10 1.30168e-10 1.09309e-10 9.02035e-11 7.35561e-11 5.95288e-11 4.8047e-11 3.88522e-11 3.14942e-11 2.55606e-11 2.0807e-11 1.70798e-11 1.42267e-11 1.2068e-11 1.04148e-11 9.09116e-12 7.94737e-12 6.87176e-12 5.79613e-12 4.68432e-12 3.51486e-12 2.25443e-12 
5.51283e-12 8.86744e-12 1.25852e-11 1.68403e-11 2.17149e-11 2.71665e-11 3.3046e-11 3.91148e-11 4.50745e-11 5.05984e-11 5.53773e-11 5.91639e-11 6.18213e-11 6.33437e-11 6.38612e-11 6.36968e-11 6.35123e-11 6.4392e-11 6.77107e-11 7.49245e-11 8.71363e-11 1.04343e-10 1.24935e-10 1.45207e-10 1.59884e-10 1.64583e-10 1.58456e-10 1.44211e-10 1.25916e-10 1.0685e-10 8.88959e-11 7.29703e-11 5.93593e-11 4.80396e-11 3.88309e-11 3.13911e-11 2.53614e-11 2.04858e-11 1.66053e-11 1.35898e-11 1.12934e-11 9.55395e-12 8.21128e-12 7.12249e-12 6.16852e-12 5.26318e-12 4.35521e-12 3.41276e-12 2.40724e-12 1.34161e-12 
3.56587e-12 6.32232e-12 9.47111e-12 1.30512e-11 1.71941e-11 2.19271e-11 2.71816e-11 3.28021e-11 3.85624e-11 4.41947e-11 4.94201e-11 5.39912e-11 5.77307e-11 6.05682e-11 6.25485e-11 6.38612e-11 6.49108e-11 6.63874e-11 6.92043e-11 7.43787e-11 8.2899e-11 9.53533e-11 1.11279e-10 1.28478e-10 1.42991e-10 1.50397e-10 1.48343e-10 1.37892e-10 1.22263e-10 1.04802e-10 8.77827e-11 7.24248e-11 5.91722e-11 4.80341e-11 3.88522e-11 3.13589e-11 2.52537e-11 2.02913e-11 1.62997e-11 1.31553e-11 1.07322e-11 8.89267e-12 7.49802e-12 6.41287e-12 5.5224e-12 4.73124e-12 3.97562e-12 3.21148e-12 2.41176e-12 1.54611e-12 
4.25472e-12 6.91414e-12 9.9028e-12 1.33647e-11 1.73844e-11 2.19574e-11 2.70022e-11 3.23691e-11 3.78565e-11 4.32358e-11 4.82809e-11 5.28045e-11 5.6689e-11 5.99104e-11 6.25485e-11 6.48328e-11 6.71847e-11 7.01909e-11 7.45107e-11 8.08436e-11 8.9847e-11 1.01775e-10 1.15716e-10 1.28992e-10 1.37774e-10 1.38971e-10 1.32066e-10 1.19141e-10 1.03283e-10 8.70699e-11 7.21088e-11 5.90852e-11 4.80784e-11 3.89269e-11 3.13911e-11 2.52195e-11 2.01865e-11 1.61139e-11 1.28714e-11 1.03426e-11 8.40833e-12 6.94432e-12 5.83125e-12 4.96022e-12 4.23546e-12 3.5843e-12 2.95586e-12 2.31485e-12 1.63256e-12 9.07866e-13 
2.70975e-12 4.84894e-12 7.33331e-12 1.01925e-11 1.35415e-11 1.74289e-11 2.18328e-11 2.66716e-11 3.18137e-11 3.70875e-11 4.23097e-11 4.73054e-11 5.19418e-11 5.61427e-11 5.99104e-11 6.33437e-11 6.6672e-11 7.02446e-11 7.44625e-11 7.97404e-11 8.6568e-11 9.54347e-11 1.06317e-10 1.17812e-10 1.26925e-10 1.30411e-10 1.26641e-10 1.16432e-10 1.02276e-10 8.68621e-11 7.21754e-11 5.92267e-11 4.82444e-11 3.90806e-11 3.14942e-11 2.52537e-11 2.0154e-11 1.60153e-11 1.26972e-11 1.00858e-11 8.06845e-12 6.53432e-12 5.37684e-12 4.49486e-12 3.79868e-12 3.21269e-12 2.67916e-12 2.15754e-12 1.61891e-12 1.03678e-12 
3.21253e-12 5.27048e-12 7.61457e-12 1.03627e-11 1.35984e-11 1.73487e-11 2.15872e-11 2.62438e-11 3.12076e-11 3.63456e-11 4.15175e-11 4.65975e-11 5.14892e-11 5.61427e-11 6.05682e-11 6.48542e-11 6.91741e-11 7.37337e-11 7.87291e-11 8.4416e-11 9.12261e-11 9.9568e-11 1.09062e-10 1.17779e-10 1.22721e-10 1.21562e-10 1.13997e-10 1.0169e-10 8.71785e-11 7.27301e-11 5.97232e-11 4.86258e-11 3.93621e-11 3.16858e-11 2.53614e-11 2.01865e-11 1.5984e-11 1.2604e-11 9.926e-12 7.83986e-12 6.24349e-12 5.03541e-12 4.12682e-12 3.43308e-12 2.88026e-12 2.40894e-12 1.97219e-12 1.53975e-12 1.08425e-12 6.00847e-13 
2.01684e-12 3.6401e-12 5.55546e-12 7.78555e-12 1.04322e-11 1.35559e-11 1.71735e-11 2.12648e-11 2.57746e-11 3.06224e-11 3.57112e-11 4.09423e-11 4.62257e-11 5.14892e-11 5.6689e-11 6.18213e-11 6.69242e-11 7.20569e-11 7.72536e-11 8.25636e-11 8.82205e-11 9.47105e-11 1.02298e-10 1.10098e-10 1.15779e-10 1.1672e-10 1.11666e-10 1.01368e-10 8.79614e-11 7.38262e-11 6.06906e-11 4.93368e-11 3.98489e-11 3.20077e-11 2.55606e-11 2.02913e-11 1.60153e-11 1.25752e-11 9.84013e-12 7.69756e-12 6.04593e-12 4.79161e-12 3.84818e-12 3.14096e-12 2.59868e-12 2.1619e-12 1.78311e-12 1.42704e-12 1.06643e-12 6.8189e-13 
2.37647e-12 3.93505e-12 5.73358e-12 7.86812e-12 1.04199e-11 1.34371e-11 1.69366e-11 2.09095e-11 2.53209e-11 3.01226e-11 3.52509e-11 4.06409e-11 4.62257e-11 5.19418e-11 5.77307e-11 6.3543e-11 6.93243e-11 7.49882e-11 8.04276e-11 8.56615e-11 9.10299e-11 9.70576e-11 1.03679e-10 1.09447e-10 1.11929e-10 1.09206e-10 1.0108e-10 8.90663e-11 7.54445e-11 6.22105e-11 5.05007e-11 4.06488e-11 3.25301e-11 2.58897e-11 2.04858e-11 1.61139e-11 1.2604e-11 9.81254e-12 7.61949e-12 5.92121e-12 4.62389e-12 3.64688e-12 2.9174e-12 2.36996e-12 1.94853e-12 1.60474e-12 1.30038e-12 1.00916e-12 7.0869e-13 3.90604e-13 
1.47281e-12 2.68005e-12 4.12569e-12 5.82985e-12 7.88164e-12 1.03465e-11 1.32691e-11 1.6673e-11 2.05646e-11 2.49334e-11 2.97595e-11 3.50092e-11 4.06409e-11 4.65975e-11 5.28045e-11 5.91639e-11 6.55469e-11 7.17783e-11 7.76381e-11 8.29665e-11 8.78808e-11 9.28679e-11 9.83349e-11 1.03704e-10 1.0711e-10 1.06394e-10 1.00534e-10 9.02477e-11 7.74651e-11 6.4295e-11 5.22167e-11 4.18819e-11 3.33499e-11 2.64119e-11 2.0807e-11 1.62997e-11 1.26972e-11 9.84013e-12 7.5956e-12 5.85267e-12 4.51714e-12 3.5071e-12 2.75311e-12 2.19357e-12 1.77323e-12 1.44663e-12 1.17622e-12 9.32495e-13 6.9392e-13 4.4117e-13 
1.72702e-12 2.88421e-12 4.23766e-12 5.86494e-12 7.8436e-12 1.0232e-11 1.30788e-11 1.64157e-11 2.02684e-11 2.46511e-11 2.95677e-11 3.50092e-11 4.09423e-11 4.73054e-11 5.39912e-11 6.08344e-11 6.76047e-11 7.40017e-11 7.97373e-11 8.47126e-11 8.92252e-11 9.38181e-11 9.85594e-11 1.02331e-10 1.03155e-10 9.94762e-11 9.11921e-11 7.96521e-11 6.68501e-11 5.4515e-11 4.36498e-11 3.45799e-11 2.72162e-11 2.13122e-11 1.66053e-11 1.28714e-11 9.926e-12 7.61949e-12 5.83077e-12 4.45748e-12 3.41711e-12 2.6385e-12 2.06154e-12 1.63586e-12 1.31556e-12 1.06337e-12 8.51306e-13 6.55231e-13 4.57101e-13 2.51089e-13 
1.059e-12 1.94042e-12 3.01112e-12 4.29031e-12 5.85453e-12 7.77124e-12 1.00991e-11 1.28905e-11 1.61946e-11 2.00535e-11 2.45032e-11 2.95677e-11 3.52509e-11 4.15175e-11 4.82809e-11 5.53773e-11 6.2555e-11 6.94735e-11 7.57518e-11 8.11222e-11 8.56475e-11 8.97832e-11 9.3938e-11 9.76915e-11 9.95498e-11 9.77856e-11 9.16178e-11 8.16932e-11 6.96609e-11 5.73212e-11 4.59905e-11 3.63104e-11 2.83967e-11 2.20754e-11 1.70798e-11 1.31553e-11 1.00858e-11 7.69756e-12 5.85267e-12 4.43849e-12 3.36753e-12 2.56411e-12 1.96924e-12 1.53289e-12 1.21061e-12 9.67281e-13 7.72938e-13 6.05153e-13 4.46622e-13 2.82912e-13 
1.23581e-12 2.07989e-12 3.08067e-12 4.30282e-12 5.81484e-12 7.68123e-12 9.96531e-12 1.27284e-11 1.60335e-11 1.99402e-11 2.45032e-11 2.97595e-11 3.57112e-11 4.23097e-11 4.94201e-11 5.68077e-11 6.41233e-11 7.09395e-11 7.6865e-11 8.17502e-11 8.58487e-11 8.96456e-11 9.3221e-11 9.56788e-11 9.54521e-11 9.13311e-11 8.32779e-11 7.24252e-11 6.04432e-11 4.88417e-11 3.85787e-11 3.00331e-11 2.31767e-11 1.77856e-11 1.35898e-11 1.03426e-11 7.83986e-12 5.92121e-12 4.45748e-12 3.35156e-12 2.52236e-12 1.90926e-12 1.45902e-12 1.13066e-12 8.88016e-13 7.03535e-13 5.54494e-13 4.21834e-13 2.9297e-13 1.60274e-13 
7.50629e-13 1.38359e-12 2.16487e-12 3.11102e-12 4.28743e-12 5.75875e-12 7.58934e-12 9.84892e-12 1.26096e-11 1.59484e-11 1.99402e-11 2.46511e-11 3.01226e-11 3.63456e-11 4.32358e-11 5.05984e-11 5.8115e-11 6.53521e-11 7.1847e-11 7.72801e-11 8.16779e-11 8.54226e-11 8.88493e-11 9.16089e-11 9.25165e-11 9.02261e-11 8.41452e-11 7.48182e-11 6.36025e-11 5.20396e-11 4.13356e-11 3.21555e-11 2.46799e-11 1.87875e-11 1.42267e-11 1.07322e-11 8.06845e-12 6.04593e-12 4.51714e-12 3.36753e-12 2.50953e-12 1.87481e-12 1.41042e-12 1.07294e-12 8.27524e-13 6.46752e-13 5.07218e-13 3.91342e-13 2.85945e-13 1.80267e-13 
8.72953e-13 1.48015e-12 2.20981e-12 3.11489e-12 4.25665e-12 5.69821e-12 7.50843e-12 9.76353e-12 1.25477e-11 1.59484e-11 2.00535e-11 2.49334e-11 3.06224e-11 3.70875e-11 4.41947e-11 5.16785e-11 5.91408e-11 6.60983e-11 7.21213e-11 7.70284e-11 8.10086e-11 8.44404e-11 8.73597e-11 8.90439e-11 8.82699e-11 8.41062e-11 7.65358e-11 6.6476e-11 5.53318e-11 4.44411e-11 3.47275e-11 2.66132e-11 2.01369e-11 1.51172e-11 1.12934e-11 8.40833e-12 6.24349e-12 4.62389e-12 3.41711e-12 2.52236e-12 1.86436e-12 1.38272e-12 1.03434e-12 7.83501e-13 6.01095e-13 4.66038e-13 3.60837e-13 2.71108e-13 1.86527e-13 1.0118e-13 
5.26215e-13 9.75307e-13 1.53667e-12 2.22782e-12 3.10236e-12 4.22018e-12 5.644e-12 7.44833e-12 9.71907e-12 1.25477e-11 1.60335e-11 2.02684e-11 2.53209e-11 3.12076e-11 3.78565e-11 4.50745e-11 5.25263e-11 5.97556e-11 6.62812e-11 7.17684e-11 7.61946e-11 7.98331e-11 8.29058e-11 8.51052e-11 8.55022e-11 8.30614e-11 7.73313e-11 6.87434e-11 5.8416e-11 4.76771e-11 3.76315e-11 2.89456e-11 2.18567e-11 1.63022e-11 1.2068e-11 8.89267e-12 6.53432e-12 4.79161e-12 3.5071e-12 2.56411e-12 1.87481e-12 1.37391e-12 1.01277e-12 7.53391e-13 5.68192e-13 4.34088e-13 3.32939e-13 2.53037e-13 1.82999e-13 1.14313e-13 
6.098e-13 1.04094e-12 1.56674e-12 2.2302e-12 3.08349e-12 4.18467e-12 5.60288e-12 7.41681e-12 9.71907e-12 1.26096e-11 1.61946e-11 2.05646e-11 2.57746e-11 3.18137e-11 3.85624e-11 4.57653e-11 5.30291e-11 5.9878e-11 6.58867e-11 7.08509e-11 7.48711e-11 7.81843e-11 8.07598e-11 8.20144e-11 8.10156e-11 7.70575e-11 7.01319e-11 6.09782e-11 5.07691e-11 4.0681e-11 3.15811e-11 2.39207e-11 1.78002e-11 1.30885e-11 9.55395e-12 6.94432e-12 5.03541e-12 3.64688e-12 2.6385e-12 1.90926e-12 1.38272e-12 1.00567e-12 7.36397e-13 5.44959e-13 4.08723e-13 3.09939e-13 2.3523e-13 1.74082e-13 1.18819e-13 6.48024e-14 
3.65604e-13 6.80127e-13 1.07958e-12 1.57907e-12 2.22349e-12 3.0634e-12 4.15824e-12 5.58119e-12 7.41681e-12 9.76353e-12 1.27284e-11 1.64157e-11 2.09095e-11 2.62438e-11 3.23691e-11 3.91148e-11 4.61703e-11 5.31085e-11 5.94792e-11 6.49528e-11 6.94507e-11 7.31138e-11 7.60334e-11 7.79199e-11 7.80595e-11 7.56846e-11 7.04617e-11 6.27386e-11 5.34222e-11 4.36342e-11 3.43612e-11 2.6252e-11 1.9588e-11 1.43665e-11 1.04148e-11 7.49802e-12 5.37684e-12 3.84818e-12 2.75311e-12 1.96924e-12 1.41042e-12 1.01277e-12 7.31086e-13 5.31786e-13 3.91537e-13 2.92876e-13 2.19981e-13 1.64157e-13 1.17786e-13 7.30866e-14 
4.22474e-13 7.24491e-13 1.10015e-12 1.5822e-12 2.21394e-12 3.04676e-12 4.14381e-12 5.58119e-12 7.44833e-12 9.84892e-12 1.28905e-11 1.6673e-11 2.12648e-11 2.66716e-11 3.28021e-11 3.94341e-11 4.62187e-11 5.27304e-11 5.85803e-11 6.35474e-11 6.76318e-11 7.09209e-11 7.33101e-11 7.43266e-11 7.32823e-11 6.96694e-11 6.3501e-11 5.53676e-11 4.62246e-11 3.70783e-11 2.87171e-11 2.16032e-11 1.58845e-11 1.14855e-11 8.21128e-12 5.83125e-12 4.12682e-12 2.9174e-12 2.06154e-12 1.45902e-12 1.03434e-12 7.36397e-13 5.2744e-13 3.82237e-13 2.79952e-13 2.07519e-13 1.54584e-13 1.12656e-13 7.58886e-14 4.12371e-14 
2.51717e-13 4.70576e-13 7.52227e-13 1.11036e-12 1.57968e-12 2.20547e-12 3.03764e-12 4.14381e-12 5.60288e-12 7.50843e-12 9.96531e-12 1.30788e-11 1.69366e-11 2.15872e-11 2.70022e-11 3.3046e-11 3.9457e-11 4.58719e-11 5.18984e-11 5.72294e-11 6.17321e-11 6.54161e-11 6.8249e-11 6.995e-11 6.998e-11 6.77942e-11 6.31727e-11 5.64012e-11 4.82017e-11 3.94958e-11 3.11374e-11 2.37329e-11 1.75881e-11 1.27484e-11 9.09116e-12 6.41287e-12 4.49486e-12 3.14096e-12 2.19357e-12 1.53289e-12 1.07294e-12 7.53391e-13 5.31786e-13 3.78876e-13 2.72801e-13 1.98793e-13 1.46542e-13 1.07625e-13 7.53832e-14 4.66727e-14 
2.90876e-13 5.01414e-13 7.66468e-13 1.11382e-12 1.57645e-12 2.2004e-12 3.03764e-12 4.15824e-12 5.644e-12 7.58934e-12 1.00991e-11 1.32691e-11 1.71735e-11 2.18328e-11 2.71816e-11 3.30485e-11 3.91465e-11 4.51254e-11 5.06467e-11 5.54835e-11 5.95444e-11 6.27877e-11 6.50435e-11 6.59282e-11 6.49482e-11 6.17623e-11 5.64123e-11 4.93663e-11 4.1388e-11 3.33099e-11 2.58277e-11 1.93847e-11 1.4158e-11 1.01214e-11 7.12249e-12 4.96022e-12 3.43308e-12 2.36996e-12 1.63586e-12 1.13066e-12 7.83501e-13 5.44959e-13 3.82237e-13 2.70433e-13 1.93765e-13 1.40158e-13 1.02055e-13 7.38203e-14 4.87595e-14 2.65216e-14 
1.73265e-13 3.23493e-13 5.19246e-13 7.74578e-13 1.11455e-12 1.57494e-12 2.2004e-12 3.04676e-12 4.18467e-12 5.69821e-12 7.68123e-12 1.0232e-11 1.34371e-11 1.73487e-11 2.19574e-11 2.71665e-11 3.27743e-11 3.84934e-11 4.40016e-11 4.90234e-11 5.33846e-11 5.69892e-11 5.97097e-11 6.12743e-11 6.12795e-11 5.93578e-11 5.53823e-11 4.95958e-11 4.25667e-11 3.50355e-11 2.77158e-11 2.11493e-11 1.56381e-11 1.12644e-11 7.94737e-12 5.5224e-12 3.79868e-12 2.59868e-12 1.77323e-12 1.21061e-12 8.27524e-13 5.68192e-13 3.91537e-13 2.72801e-13 1.91521e-13 1.37208e-13 9.87965e-14 7.05807e-14 4.87014e-14 3.01024e-14 
1.98591e-13 3.44369e-13 5.30527e-13 7.77778e-13 1.11405e-12 1.57494e-12 2.20547e-12 3.0634e-12 4.22018e-12 5.75875e-12 7.77124e-12 1.03465e-11 1.35559e-11 1.74289e-11 2.19271e-11 2.69263e-11 3.2212e-11 3.75083e-11 4.25361e-11 4.70686e-11 5.09529e-11 5.40512e-11 5.61568e-11 5.69529e-11 5.60958e-11 5.33748e-11 4.88543e-11 4.29097e-11 3.61433e-11 2.92243e-11 2.27391e-11 1.70869e-11 1.24563e-11 8.85322e-12 6.16852e-12 4.23546e-12 2.88026e-12 1.94853e-12 1.31556e-12 8.88016e-13 6.01095e-13 4.08723e-13 2.79952e-13 1.93765e-13 1.35936e-13 9.61229e-14 6.85883e-14 4.86393e-14 3.14599e-14 1.67155e-14 
1.18082e-13 2.20994e-13 3.56308e-13 5.35539e-13 7.79464e-13 1.11405e-12 1.57645e-12 2.21394e-12 3.08349e-12 4.25665e-12 5.81484e-12 7.8436e-12 1.04199e-11 1.35984e-11 1.73844e-11 2.17149e-11 2.64466e-11 3.13648e-11 3.62188e-11 4.07659e-11 4.48101e-11 4.81882e-11 5.07127e-11 5.21317e-11 5.21445e-11 5.05135e-11 4.71853e-11 4.23711e-11 3.65167e-11 3.02029e-11 2.40067e-11 1.83849e-11 1.36135e-11 9.79026e-12 6.87176e-12 4.73124e-12 3.21269e-12 2.1619e-12 1.44663e-12 9.67281e-13 6.46752e-13 4.34088e-13 2.92876e-13 1.98793e-13 1.37208e-13 9.49415e-14 6.70129e-14 4.69262e-14 3.26928e-14 1.94219e-14 
1.35658e-13 2.34764e-13 3.63333e-13 5.3766e-13 7.79464e-13 1.11455e-12 1.57968e-12 2.22349e-12 3.10236e-12 4.28743e-12 5.85453e-12 7.88164e-12 1.04322e-11 1.35415e-11 1.71941e-11 2.13058e-11 2.57272e-11 3.02513e-11 3.46531e-11 3.87184e-11 4.22583e-11 4.50837e-11 4.69763e-11 4.76786e-11 4.69577e-11 4.46961e-11 4.09776e-11 3.61059e-11 3.0547e-11 2.48247e-11 1.9409e-11 1.4639e-11 1.06891e-11 7.58833e-12 5.26318e-12 3.5843e-12 2.40894e-12 1.60474e-12 1.06337e-12 7.03535e-13 4.66038e-13 3.09939e-13 2.07519e-13 1.40158e-13 9.61229e-14 6.67777e-14 4.64106e-14 3.21132e-14 2.09732e-14 1.08333e-14 
8.06078e-14 1.49605e-13 2.43023e-13 3.6694e-13 5.3766e-13 7.77778e-13 1.11382e-12 1.5822e-12 2.2302e-12 3.11489e-12 4.30282e-12 5.86494e-12 7.86812e-12 1.03627e-11 1.33647e-11 1.68403e-11 2.06946e-11 2.47745e-11 2.88898e-11 3.28338e-11 3.64062e-11 3.94108e-11 4.16411e-11 4.28704e-11 4.28818e-11 4.15311e-11 3.88176e-11 3.49261e-11 3.02047e-11 2.50982e-11 2.00516e-11 1.54312e-11 1.14692e-11 8.26357e-12 5.79613e-12 3.97562e-12 2.67916e-12 1.78311e-12 1.17622e-12 7.72938e-13 5.07218e-13 3.32939e-13 2.19981e-13 1.46542e-13 9.87965e-14 6.70129e-14 4.62317e-14 3.17256e-14 2.15279e-14 1.26469e-14 
9.20405e-14 1.58289e-13 2.46311e-13 3.6694e-13 5.35539e-13 7.74578e-13 1.11036e-12 1.57907e-12 2.22782e-12 3.11102e-12 4.29031e-12 5.82985e-12 7.78555e-12 1.01925e-11 1.30512e-11 1.63139e-11 1.98791e-11 2.35991e-11 2.72943e-11 3.07694e-11 3.38285e-11 3.6267e-11 3.78773e-11 3.84566e-11 3.78544e-11 3.60193e-11 3.30469e-11 2.91813e-11 2.4777e-11 2.02291e-11 1.58973e-11 1.20487e-11 8.83139e-12 6.282e-12 4.35521e-12 2.95586e-12 1.97219e-12 1.30038e-12 8.51306e-13 5.54494e-13 3.60837e-13 2.3523e-13 1.54584e-13 1.02055e-13 6.85883e-14 4.64106e-14 3.15887e-14 2.12428e-14 1.33931e-14 6.90832e-15 
5.43198e-14 1.00338e-13 1.62266e-13 2.46311e-13 3.63333e-13 5.30527e-13 7.66468e-13 1.10015e-12 1.56674e-12 2.20981e-12 3.08067e-12 4.23766e-12 5.73358e-12 7.61457e-12 9.9028e-12 1.25852e-11 1.56039e-11 1.8857e-11 2.21999e-11 2.54617e-11 2.84523e-11 3.09752e-11 3.28312e-11 3.38297e-11 3.3819e-11 3.27202e-11 3.05686e-11 2.75237e-11 2.38549e-11 1.98918e-11 1.59638e-11 1.23458e-11 9.21957e-12 6.66701e-12 4.68432e-12 3.21148e-12 2.15754e-12 1.42704e-12 9.32495e-13 6.05153e-13 3.91342e-13 2.53037e-13 1.64157e-13 1.07625e-13 7.05807e-14 4.69262e-14 3.17256e-14 2.20578e-14 1.41506e-14 8.78589e-15 
6.13607e-14 1.05063e-13 1.62266e-13 2.43023e-13 3.56308e-13 5.19246e-13 7.52227e-13 1.07958e-12 1.53667e-12 2.16487e-12 3.01112e-12 4.12569e-12 5.55546e-12 7.33331e-12 9.47111e-12 1.1945e-11 1.46938e-11 1.7612e-11 2.05596e-11 2.33692e-11 2.58566e-11 2.78323e-11 2.91126e-11 2.95482e-11 2.90447e-11 2.75969e-11 2.53018e-11 2.23539e-11 1.90166e-11 1.55769e-11 1.22914e-11 9.35726e-12 6.88732e-12 4.91553e-12 3.41276e-12 2.31485e-12 1.53975e-12 1.00916e-12 6.55231e-13 4.21834e-13 2.71108e-13 1.74082e-13 1.12656e-13 7.38203e-14 4.86393e-14 3.21132e-14 2.12428e-14 1.40727e-14 8.67428e-15 4.94465e-15 
3.64578e-14 6.59521e-14 1.05063e-13 1.58289e-13 2.34764e-13 3.44369e-13 5.01414e-13 7.24491e-13 1.04094e-12 1.48015e-12 2.07989e-12 2.88421e-12 3.93505e-12 5.27048e-12 6.91414e-12 8.86744e-12 1.11012e-11 1.35486e-11 1.61045e-11 1.86324e-11 2.09697e-11 2.29415e-11 2.43754e-11 2.51224e-11 2.50801e-11 2.42152e-11 2.25787e-11 2.0307e-11 1.76012e-11 1.46966e-11 1.18253e-11 9.17622e-12 6.87741e-12 4.98947e-12 3.51486e-12 2.41176e-12 1.61891e-12 1.06643e-12 6.9392e-13 4.46622e-13 2.85945e-13 1.82999e-13 1.17786e-13 7.53832e-14 4.87014e-14 3.26928e-14 2.15279e-14 1.41506e-14 9.58308e-15 5.8866e-15 
4.00027e-14 6.59521e-14 1.00338e-13 1.49605e-13 2.20994e-13 3.23493e-13 4.70576e-13 6.80127e-13 9.75307e-13 1.38359e-12 1.94042e-12 2.68005e-12 3.6401e-12 4.84894e-12 6.32232e-12 8.05407e-12 1.00083e-11 1.21165e-11 1.42757e-11 1.63535e-11 1.81994e-11 1.96557e-11 2.05817e-11 2.08688e-11 2.04664e-11 1.93913e-11 1.7732e-11 1.56369e-11 1.32914e-11 1.08909e-11 8.60547e-12 6.56488e-12 4.84299e-12 3.46396e-12 2.40724e-12 1.63256e-12 1.08425e-12 7.0869e-13 4.57101e-13 2.9297e-13 1.86527e-13 1.18819e-13 7.58886e-14 4.87595e-14 3.14599e-14 2.09732e-14 1.33931e-14 8.67428e-15 5.85784e-15 2.97183e-15 
2.42528e-14 4.00027e-14 6.13607e-14 9.20405e-14 1.35658e-13 1.98591e-13 2.90876e-13 4.22474e-13 6.098e-13 8.72953e-13 1.23581e-12 1.72702e-12 2.37647e-12 3.21253e-12 4.25472e-12 5.51283e-12 6.97306e-12 8.59722e-12 1.03163e-11 1.20339e-11 1.36292e-11 1.49711e-11 1.59344e-11 1.64157e-11 1.63521e-11 1.5736e-11 1.46172e-11 1.30995e-11 1.13197e-11 9.43172e-12 7.57993e-12 5.88014e-12 4.4078e-12 3.20025e-12 2.25443e-12 1.54611e-12 1.03678e-12 6.8189e-13 4.4117e-13 2.82912e-13 1.80267e-13 1.14313e-13 7.30866e-14 4.66727e-14 3.01024e-14 1.94219e-14 1.26469e-14 8.78589e-15 5.8866e-15 2.96441e-15 
2.42528e-14 3.64578e-14 5.43198e-14 8.06078e-14 1.18082e-13 1.73265e-13 2.51717e-13 3.65604e-13 5.26215e-13 7.50629e-13 1.059e-12 1.47281e-12 2.01684e-12 2.70975e-12 3.56587e-12 4.58544e-12 5.75046e-12 7.01948e-12 8.32908e-12 9.59163e-12 1.07075e-11 1.15735e-11 1.21018e-11 1.22295e-11 1.19352e-11 1.12421e-11 1.02145e-11 8.95082e-12 7.56402e-12 6.16576e-12 4.85198e-12 3.68836e-12 2.71276e-12 1.9348e-12 1.34161e-12 9.07866e-13 6.00847e-13 3.90604e-13 2.51089e-13 1.60274e-13 1.0118e-13 6.48024e-14 4.12371e-14 2.65216e-14 1.67155e-14 1.08333e-14 6.90832e-15 4.94465e-15 2.97183e-15 1.98733e-15 
