1 100 50
4.14832e-14 7.86282e-14 1.26296e-13 1.99012e-13 3.14486e-13 5.06304e-13 8.33617e-13 1.3968e-12 2.37285e-12 4.05328e-12 6.91885e-12 1.17151e-11 1.95556e-11 3.19849e-11 5.09815e-11 7.8811e-11 1.17702e-10 1.69338e-10 2.34254e-10 3.11312e-10 3.97415e-10 4.87572e-10 5.75341e-10 6.53563e-10 7.1527e-10 7.54635e-10 7.67812e-10 7.53529e-10 7.1332e-10 6.51313e-10 5.736e-10 4.873e-10 3.99489e-10 3.16255e-10 2.42034e-10 1.79356e-10 1.28969e-10 9.02259e-11 6.16079e-11 4.12084e-11 2.71144e-11 1.76281e-11 1.1379e-11 7.32666e-12 4.72577e-12 3.06303e-12 1.99729e-12 1.31056e-12 8.63627e-13 5.59266e-13 
8.42411e-14 1.4436e-13 2.28767e-13 3.58185e-13 5.70349e-13 9.29985e-13 1.54639e-12 2.61239e-12 4.45157e-12 7.60172e-12 1.29247e-11 2.17388e-11 3.59616e-11 5.81778e-11 9.15714e-11 1.39591e-10 2.05318e-10 2.90582e-10 3.95019e-10 5.1538e-10 6.45358e-10 7.7603e-10 8.96868e-10 9.97116e-10 1.06729e-09 1.10056e-09 1.0938e-09 1.04806e-09 9.68404e-10 8.63092e-10 7.42209e-10 6.16135e-10 4.94106e-10 3.83184e-10 2.87769e-10 2.09661e-10 1.48529e-10 1.02588e-10 6.93069e-11 4.59665e-11 3.00545e-11 1.94615e-11 1.25409e-11 8.07841e-12 5.2209e-12 3.3913e-12 2.21402e-12 1.44738e-12 9.33595e-13 5.59266e-13 
7.86282e-14 1.51239e-13 2.4505e-13 3.80588e-13 5.98451e-13 9.60923e-13 1.58026e-12 2.64803e-12 4.49348e-12 7.66739e-12 1.30718e-11 2.21383e-11 3.70307e-11 6.08399e-11 9.76557e-11 1.52368e-10 2.30044e-10 3.34808e-10 4.6839e-10 6.28706e-10 8.08997e-10 9.97917e-10 1.18068e-09 1.34101e-09 1.4635e-09 1.53594e-09 1.55126e-09 1.50855e-09 1.41324e-09 1.27601e-09 1.11097e-09 9.33336e-10 7.57219e-10 5.93911e-10 4.50964e-10 3.32084e-10 2.37667e-10 1.65733e-10 1.1294e-10 7.54674e-11 4.96391e-11 3.22785e-11 2.08485e-11 1.3439e-11 8.68016e-12 5.63051e-12 3.66822e-12 2.39316e-12 1.54323e-12 9.33595e-13 
1.4436e-13 2.49969e-13 3.89558e-13 6.03391e-13 9.51548e-13 1.54067e-12 2.5507e-12 4.29481e-12 7.30132e-12 1.24521e-11 2.11827e-11 3.57438e-11 5.95169e-11 9.72762e-11 1.55239e-10 2.40666e-10 3.60745e-10 5.20743e-10 7.21682e-10 9.58276e-10 1.21797e-09 1.48166e-09 1.72606e-09 1.92727e-09 2.06455e-09 2.12379e-09 2.09973e-09 1.99671e-09 1.82764e-09 1.61146e-09 1.36981e-09 1.12364e-09 8.90469e-10 6.82757e-10 5.07393e-10 3.66263e-10 2.5746e-10 1.76744e-10 1.18881e-10 7.86303e-11 5.13518e-11 3.32647e-11 2.14743e-11 1.38753e-11 9.00031e-12 5.86519e-12 3.8295e-12 2.48261e-12 1.54323e-12 8.63627e-13 
1.26296e-13 2.4505e-13 3.9143e-13 5.99732e-13 9.2801e-13 1.4726e-12 2.3987e-12 3.99072e-12 6.735e-12 1.14524e-11 1.95027e-11 3.30895e-11 5.56593e-11 9.23589e-11 1.50396e-10 2.39047e-10 3.68889e-10 5.49916e-10 7.88494e-10 1.08375e-09 1.42466e-09 1.78918e-09 2.14634e-09 2.46081e-09 2.69903e-09 2.83506e-09 2.8552e-09 2.76003e-09 2.56367e-09 2.29058e-09 1.97072e-09 1.6345e-09 1.30848e-09 1.01255e-09 7.58798e-10 5.51912e-10 3.90637e-10 2.69845e-10 1.82515e-10 1.21304e-10 7.95353e-11 5.167e-11 3.34155e-11 2.16101e-11 1.40251e-11 9.14826e-12 5.98736e-12 3.90556e-12 2.48261e-12 1.44738e-12 
2.28767e-13 3.89558e-13 5.98367e-13 9.08866e-13 1.408e-12 2.24599e-12 3.67458e-12 6.12779e-12 1.03436e-11 1.75621e-11 2.98375e-11 5.04909e-11 8.47084e-11 1.40209e-10 2.27743e-10 3.6098e-10 5.55128e-10 8.2376e-10 1.17389e-09 1.60043e-09 2.08226e-09 2.5821e-09 3.05125e-09 3.43814e-09 3.69826e-09 3.80277e-09 3.74348e-09 3.53329e-09 3.20222e-09 2.7906e-09 2.34152e-09 1.89427e-09 1.47975e-09 1.11827e-09 8.19402e-10 5.83728e-10 4.0552e-10 2.75643e-10 1.83983e-10 1.21061e-10 7.88627e-11 5.10938e-11 3.3077e-11 2.14821e-11 1.40282e-11 9.20491e-12 6.0397e-12 3.90556e-12 2.39316e-12 1.31056e-12 
1.99012e-13 3.80588e-13 5.99732e-13 9.01194e-13 1.36448e-12 2.12214e-12 3.39791e-12 5.57242e-12 9.29345e-12 1.56601e-11 2.65191e-11 4.49259e-11 7.58235e-11 1.26931e-10 2.09716e-10 3.40071e-10 5.3793e-10 8.24837e-10 1.21863e-09 1.72555e-09 2.33199e-09 2.99955e-09 3.66714e-09 4.26083e-09 4.70896e-09 4.9575e-09 4.98085e-09 4.78538e-09 4.40522e-09 3.89281e-09 3.3077e-09 2.70655e-09 2.13604e-09 1.62891e-09 1.20299e-09 8.62765e-10 6.02792e-10 4.11714e-10 2.75922e-10 1.82162e-10 1.18974e-10 7.72241e-11 5.00488e-11 3.25275e-11 2.12614e-11 1.39833e-11 9.22266e-12 6.0397e-12 3.8295e-12 2.21402e-12 
3.58185e-13 6.03391e-13 9.08866e-13 1.34901e-12 2.04304e-12 3.18867e-12 5.11775e-12 8.39342e-12 1.39706e-11 2.3464e-11 3.95883e-11 6.68441e-11 1.12517e-10 1.88e-10 3.102e-10 5.02392e-10 7.93309e-10 1.21284e-09 1.78325e-09 2.50668e-09 3.3533e-09 4.25625e-09 5.11885e-09 5.83393e-09 6.30877e-09 6.48661e-09 6.35723e-09 5.95436e-09 5.34312e-09 4.60337e-09 3.81458e-09 3.04514e-09 2.34595e-09 1.74794e-09 1.26304e-09 8.87989e-10 6.09639e-10 4.10294e-10 2.71798e-10 1.7799e-10 1.15754e-10 7.51141e-11 4.88567e-11 3.1963e-11 2.10612e-11 1.39492e-11 9.22266e-12 5.98736e-12 3.66822e-12 1.99729e-12 
3.14486e-13 5.98451e-13 9.2801e-13 1.36448e-12 2.01632e-12 3.05969e-12 4.78667e-12 7.68517e-12 1.25765e-11 2.08514e-11 3.48585e-11 5.85487e-11 9.84839e-11 1.65318e-10 2.75733e-10 4.5444e-10 7.35171e-10 1.15868e-09 1.76523e-09 2.5802e-09 3.59487e-09 4.75037e-09 5.93507e-09 7.00269e-09 7.80718e-09 8.24088e-09 8.25977e-09 7.88727e-09 7.19896e-09 6.2982e-09 5.29313e-09 4.28055e-09 3.33648e-09 2.51161e-09 1.8308e-09 1.29654e-09 8.9541e-10 6.05501e-10 4.02634e-10 2.64449e-10 1.7236e-10 1.12017e-10 7.29333e-11 4.77583e-11 3.15194e-11 2.09468e-11 1.39492e-11 9.20491e-12 5.86519e-12 3.3913e-12 
5.70349e-13 9.51548e-13 1.408e-12 2.04304e-12 3.01641e-12 4.58726e-12 7.18161e-12 1.15083e-11 1.87527e-11 3.09176e-11 5.13854e-11 8.58504e-11 1.43793e-10 2.4066e-10 4.00668e-10 6.5957e-10 1.06558e-09 1.67526e-09 2.54057e-09 3.68565e-09 5.07846e-09 6.61129e-09 8.10654e-09 9.35511e-09 1.01746e-08 1.04606e-08 1.02074e-08 9.49372e-09 8.448e-09 7.21247e-09 5.91906e-09 4.67634e-09 3.56284e-09 2.62415e-09 1.87455e-09 1.30378e-09 8.86676e-10 5.92265e-10 3.90367e-10 2.5511e-10 1.66122e-10 1.08311e-10 7.1005e-11 4.69308e-11 3.12776e-11 2.09468e-11 1.39833e-11 9.14826e-12 5.63051e-12 3.06303e-12 
5.06304e-13 9.60923e-13 1.4726e-12 2.12214e-12 3.05969e-12 4.52037e-12 6.88273e-12 1.07627e-11 1.71745e-11 2.78142e-11 4.55384e-11 7.51637e-11 1.24812e-10 2.08057e-10 3.47083e-10 5.76696e-10 9.47985e-10 1.52864e-09 2.3949e-09 3.60958e-09 5.18587e-09 7.04757e-09 9.01033e-09 1.08071e-08 1.21604e-08 1.28694e-08 1.28671e-08 1.22189e-08 1.10769e-08 9.62252e-09 8.0286e-09 6.4423e-09 4.97807e-09 3.71204e-09 2.67947e-09 1.87968e-09 1.28722e-09 8.64573e-10 5.72329e-10 3.7529e-10 2.45011e-10 1.6006e-10 1.05096e-10 6.9579e-11 4.64883e-11 3.12776e-11 2.10612e-11 1.40282e-11 9.00031e-12 5.2209e-12 
9.29985e-13 1.54067e-12 2.24599e-12 3.18867e-12 4.58726e-12 6.78442e-12 1.03246e-11 1.60869e-11 2.55151e-11 4.10078e-11 6.65902e-11 1.09048e-10 1.79846e-10 2.98211e-10 4.95686e-10 8.21715e-10 1.34818e-09 2.16799e-09 3.37993e-09 5.05248e-09 7.16956e-09 9.57933e-09 1.19864e-08 1.40151e-08 1.53312e-08 1.57565e-08 1.53103e-08 1.41606e-08 1.25342e-08 1.06507e-08 8.69848e-09 6.83268e-09 5.16996e-09 3.77882e-09 2.67863e-09 1.85e-09 1.25109e-09 8.32727e-10 5.484e-10 3.59249e-10 2.35323e-10 1.5486e-10 1.0274e-10 6.88224e-11 4.64883e-11 3.15194e-11 2.12614e-11 1.40251e-11 8.68016e-12 4.72577e-12 
8.33617e-13 1.58026e-12 2.3987e-12 3.39791e-12 4.78667e-12 6.88273e-12 1.01805e-11 1.54546e-11 2.39503e-11 3.76945e-11 6.00412e-11 9.66018e-11 1.56825e-10 2.56705e-10 4.23192e-10 7.00623e-10 1.15828e-09 1.89547e-09 3.03613e-09 4.70164e-09 6.95345e-09 9.71598e-09 1.27189e-08 1.55196e-08 1.76301e-08 1.87002e-08 1.86426e-08 1.76174e-08 1.59048e-08 1.37819e-08 1.14782e-08 9.18701e-09 7.07115e-09 5.24581e-09 3.76536e-09 2.62756e-09 1.79197e-09 1.2009e-09 7.95223e-10 5.23259e-10 3.44004e-10 2.27077e-10 1.51073e-10 1.01497e-10 6.88224e-11 4.69308e-11 3.1963e-11 2.14821e-11 1.38753e-11 8.07841e-12 
1.54639e-12 2.5507e-12 3.67458e-12 5.11775e-12 7.18161e-12 1.03246e-11 1.5248e-11 2.30471e-11 3.546e-11 5.53032e-11 8.72161e-11 1.38925e-10 2.2343e-10 3.628e-10 5.94375e-10 9.79713e-10 1.61442e-09 2.63268e-09 4.19412e-09 6.43734e-09 9.3925e-09 1.28796e-08 1.6457e-08 1.95074e-08 2.14586e-08 2.20286e-08 2.13097e-08 1.96345e-08 1.73614e-08 1.4766e-08 1.20685e-08 9.47294e-09 7.15073e-09 5.20939e-09 3.68061e-09 2.53599e-09 1.71387e-09 1.14277e-09 7.56239e-10 4.99545e-10 3.31102e-10 2.21097e-10 1.49081e-10 1.01497e-10 6.9579e-11 4.77583e-11 3.25275e-11 2.16101e-11 1.3439e-11 7.32666e-12 
1.3968e-12 2.64803e-12 3.99072e-12 5.57242e-12 7.68517e-12 1.07627e-11 1.54546e-11 2.27527e-11 3.41777e-11 5.21312e-11 8.04842e-11 1.25577e-10 1.97933e-10 3.15248e-10 5.0763e-10 8.26238e-10 1.35541e-09 2.22476e-09 3.61105e-09 5.71105e-09 8.6658e-09 1.24334e-08 1.66669e-08 2.06984e-08 2.37368e-08 2.52127e-08 2.50424e-08 2.35714e-08 2.12701e-08 1.84862e-08 1.54549e-08 1.24004e-08 9.54858e-09 7.07719e-09 5.07377e-09 3.53888e-09 2.41615e-09 1.62482e-09 1.08294e-09 7.19714e-10 4.7957e-10 3.21781e-10 2.1796e-10 1.49081e-10 1.0274e-10 7.1005e-11 4.88567e-11 3.3077e-11 2.14743e-11 1.25409e-11 
2.61239e-12 4.29481e-12 6.12779e-12 8.39342e-12 1.15083e-11 1.60869e-11 2.30471e-11 3.37599e-11 5.03194e-11 7.60022e-11 1.16067e-10 1.79096e-10 2.793e-10 4.40551e-10 7.03536e-10 1.13754e-09 1.85645e-09 3.03254e-09 4.89157e-09 7.66216e-09 1.14572e-08 1.60984e-08 2.09951e-08 2.52164e-08 2.7868e-08 2.85477e-08 2.75066e-08 2.53326e-08 2.24985e-08 1.92615e-08 1.58307e-08 1.24646e-08 9.42125e-09 6.86856e-09 4.85941e-09 3.35803e-09 2.28149e-09 1.534e-09 1.02723e-09 6.89082e-10 4.65183e-10 3.169e-10 2.1796e-10 1.51073e-10 1.05096e-10 7.29333e-11 5.00488e-11 3.34155e-11 2.08485e-11 1.1379e-11 
2.37285e-12 4.49348e-12 6.735e-12 9.29345e-12 1.25765e-11 1.71745e-11 2.39503e-11 3.41777e-11 4.97305e-11 7.3448e-11 1.09753e-10 1.65726e-10 2.52916e-10 3.90424e-10 6.10293e-10 9.67064e-10 1.55346e-09 2.5207e-09 4.0922e-09 6.54486e-09 1.01197e-08 1.48457e-08 2.0318e-08 2.56319e-08 2.96264e-08 3.14792e-08 3.11601e-08 2.93104e-08 2.65912e-08 2.33275e-08 1.96769e-08 1.58795e-08 1.22677e-08 9.11395e-09 6.553e-09 4.59176e-09 3.15751e-09 2.14539e-09 1.44996e-09 9.80708e-10 6.67076e-10 4.57663e-10 3.169e-10 2.21097e-10 1.5486e-10 1.08311e-10 7.51141e-11 5.10938e-11 3.32647e-11 1.94615e-11 
4.45157e-12 7.30132e-12 1.03436e-11 1.39706e-11 1.87527e-11 2.55151e-11 3.546e-11 5.03194e-11 7.26202e-11 1.0616e-10 1.56851e-10 2.34184e-10 3.5371e-10 5.41168e-10 8.39521e-10 1.32134e-09 2.10891e-09 3.39855e-09 5.4702e-09 8.6425e-09 1.31247e-08 1.87767e-08 2.48684e-08 3.01712e-08 3.34435e-08 3.41871e-08 3.29045e-08 3.04778e-08 2.7402e-08 2.37661e-08 1.97102e-08 1.56023e-08 1.18359e-08 8.66364e-09 6.1659e-09 4.29857e-09 2.9566e-09 2.02022e-09 1.38007e-09 9.47374e-10 6.5559e-10 4.57663e-10 3.21781e-10 2.27077e-10 1.6006e-10 1.12017e-10 7.72241e-11 5.167e-11 3.22785e-11 1.76281e-11 
4.05328e-12 7.66739e-12 1.14524e-11 1.56601e-11 2.08514e-11 2.78142e-11 3.76945e-11 5.21312e-11 7.3448e-11 1.04995e-10 1.5179e-10 2.21701e-10 3.27499e-10 4.90317e-10 7.45147e-10 1.1497e-09 1.79951e-09 2.85226e-09 4.55402e-09 7.23669e-09 1.12305e-08 1.66399e-08 2.30545e-08 2.93585e-08 3.4097e-08 3.62038e-08 3.57888e-08 3.38334e-08 3.11515e-08 2.78208e-08 2.37811e-08 1.9349e-08 1.50239e-08 1.12148e-08 8.11815e-09 5.74612e-09 4.00718e-09 2.77296e-09 1.91658e-09 1.33014e-09 9.30004e-10 6.5559e-10 4.65183e-10 3.31102e-10 2.35323e-10 1.66122e-10 1.15754e-10 7.88627e-11 5.13518e-11 3.00545e-11 
7.60172e-12 1.24521e-11 1.75621e-11 2.3464e-11 3.09176e-11 4.10078e-11 5.53032e-11 7.60022e-11 1.0616e-10 1.50148e-10 2.14556e-10 3.0989e-10 4.53565e-10 6.74801e-10 1.02178e-09 1.57186e-09 2.44821e-09 3.84613e-09 6.05681e-09 9.4427e-09 1.42943e-08 2.05143e-08 2.73399e-08 3.32817e-08 3.68747e-08 3.76226e-08 3.63641e-08 3.42349e-08 3.14814e-08 2.78081e-08 2.33382e-08 1.86076e-08 1.4196e-08 1.04671e-08 7.53099e-09 5.33188e-09 3.74243e-09 2.62161e-09 1.84278e-09 1.30416e-09 9.30004e-10 6.67076e-10 4.7957e-10 3.44004e-10 2.45011e-10 1.7236e-10 1.18974e-10 7.95353e-11 4.96391e-11 2.71144e-11 
6.91885e-12 1.30718e-11 1.95027e-11 2.65191e-11 3.48585e-11 4.55384e-11 6.00412e-11 8.04842e-11 1.09753e-10 1.5179e-10 2.12231e-10 2.99742e-10 4.28556e-10 6.22943e-10 9.24094e-10 1.39884e-09 2.14937e-09 3.32757e-09 5.1596e-09 7.96382e-09 1.20978e-08 1.77386e-08 2.44845e-08 3.11749e-08 3.60649e-08 3.81332e-08 3.7805e-08 3.63926e-08 3.44019e-08 3.14318e-08 2.72972e-08 2.24258e-08 1.75386e-08 1.31991e-08 9.66571e-09 6.95485e-09 4.95756e-09 3.52519e-09 2.51416e-09 1.80445e-09 1.30416e-09 9.47374e-10 6.89082e-10 4.99545e-10 3.59249e-10 2.5511e-10 1.7799e-10 1.21061e-10 7.86303e-11 4.59665e-11 
1.29247e-11 2.11827e-11 2.98375e-11 3.95883e-11 5.13854e-11 6.65902e-11 8.72161e-11 1.16067e-10 1.56851e-10 2.14556e-10 2.96429e-10 4.14012e-10 5.87049e-10 8.50129e-10 1.26196e-09 1.91444e-09 2.93722e-09 4.50367e-09 6.85312e-09 1.03051e-08 1.51558e-08 2.13852e-08 2.81692e-08 3.39884e-08 3.72562e-08 3.79807e-08 3.74112e-08 3.63275e-08 3.43146e-08 3.08869e-08 2.62238e-08 2.10887e-08 1.6244e-08 1.21316e-08 8.88242e-09 6.43661e-09 4.65169e-09 3.37147e-09 2.45848e-09 1.80445e-09 1.33014e-09 9.80708e-10 7.19714e-10 5.23259e-10 3.7529e-10 2.64449e-10 1.82162e-10 1.21304e-10 7.54674e-11 4.12084e-11 
1.17151e-11 2.21383e-11 3.30895e-11 4.49259e-11 5.85487e-11 7.51637e-11 9.66018e-11 1.25577e-10 1.65726e-10 2.21701e-10 2.99742e-10 4.0924e-10 5.65946e-10 7.97947e-10 1.15505e-09 1.72023e-09 2.61572e-09 3.99491e-09 6.03577e-09 8.96702e-09 1.30671e-08 1.85053e-08 2.49403e-08 3.10302e-08 3.5218e-08 3.68792e-08 3.71441e-08 3.70517e-08 3.62027e-08 3.37899e-08 2.96915e-08 2.46146e-08 1.94572e-08 1.48572e-08 1.10908e-08 8.18028e-09 6.01462e-09 4.43591e-09 3.29197e-09 2.45848e-09 1.84278e-09 1.38007e-09 1.02723e-09 7.56239e-10 5.484e-10 3.90367e-10 2.71798e-10 1.83983e-10 1.18881e-10 6.93069e-11 
2.17388e-11 3.57438e-11 5.04909e-11 6.68441e-11 8.58504e-11 1.09048e-10 1.38925e-10 1.79096e-10 2.34184e-10 3.0989e-10 4.14012e-10 5.58985e-10 7.66922e-10 1.07825e-09 1.56384e-09 2.33713e-09 3.5524e-09 5.37601e-09 7.96556e-09 1.15002e-08 1.61779e-08 2.19173e-08 2.79022e-08 3.24116e-08 3.47792e-08 3.56229e-08 3.64343e-08 3.69035e-08 3.57611e-08 3.25428e-08 2.78481e-08 2.2638e-08 1.77099e-08 1.35076e-08 1.01602e-08 7.61007e-09 5.71767e-09 4.32451e-09 3.29197e-09 2.51416e-09 1.91658e-09 1.44996e-09 1.08294e-09 7.95223e-10 5.72329e-10 4.02634e-10 2.75922e-10 1.82515e-10 1.1294e-10 6.16079e-11 
1.95556e-11 3.70307e-11 5.56593e-11 7.58235e-11 9.84839e-11 1.24812e-10 1.56825e-10 1.97933e-10 2.52916e-10 3.27499e-10 4.28556e-10 5.65946e-10 7.56632e-10 1.03214e-09 1.44994e-09 2.10718e-09 3.15185e-09 4.76953e-09 7.12136e-09 1.02981e-08 1.43977e-08 1.94364e-08 2.48966e-08 2.95865e-08 3.22614e-08 3.32626e-08 3.45686e-08 3.62232e-08 3.66692e-08 3.45808e-08 3.05518e-08 2.55675e-08 2.05217e-08 1.60133e-08 1.23035e-08 9.40571e-09 7.20949e-09 5.5646e-09 4.32451e-09 3.37147e-09 2.62161e-09 2.02022e-09 1.534e-09 1.14277e-09 8.32727e-10 5.92265e-10 4.10294e-10 2.75643e-10 1.76744e-10 1.02588e-10 
3.59616e-11 5.95169e-11 8.47084e-11 1.12517e-10 1.43793e-10 1.79846e-10 2.2343e-10 2.793e-10 3.5371e-10 4.53565e-10 5.87049e-10 7.66922e-10 1.01677e-09 1.38112e-09 1.93861e-09 2.81612e-09 4.20088e-09 6.30761e-09 9.24985e-09 1.29939e-08 1.74647e-08 2.23134e-08 2.68165e-08 2.99205e-08 3.0648e-08 3.16506e-08 3.42743e-08 3.64133e-08 3.5801e-08 3.2601e-08 2.80501e-08 2.31121e-08 1.84638e-08 1.45009e-08 1.13281e-08 8.876e-09 7.00317e-09 5.5646e-09 4.43591e-09 3.52519e-09 2.77296e-09 2.14539e-09 1.62482e-09 1.2009e-09 8.64573e-10 6.05501e-10 4.11714e-10 2.69845e-10 1.65733e-10 9.02259e-11 
3.19849e-11 6.08399e-11 9.23589e-11 1.26931e-10 1.65318e-10 2.08057e-10 2.56705e-10 3.15248e-10 3.90424e-10 4.90317e-10 6.22943e-10 7.97947e-10 1.03214e-09 1.35808e-09 1.83644e-09 2.57061e-09 3.7225e-09 5.52544e-09 8.20389e-09 1.17555e-08 1.58737e-08 2.01596e-08 2.44332e-08 2.76271e-08 2.81663e-08 2.83304e-08 3.10905e-08 3.53541e-08 3.61458e-08 3.41487e-08 3.00109e-08 2.53131e-08 2.07043e-08 1.66231e-08 1.32747e-08 1.06429e-08 8.60315e-09 7.00317e-09 5.71767e-09 4.65169e-09 3.74243e-09 2.9566e-09 2.28149e-09 1.71387e-09 1.25109e-09 8.86676e-10 6.09639e-10 4.0552e-10 2.5746e-10 1.48529e-10 
5.81778e-11 9.72762e-11 1.40209e-10 1.88e-10 2.4066e-10 2.98211e-10 3.628e-10 4.40551e-10 5.41168e-10 6.74801e-10 8.50129e-10 1.07825e-09 1.38112e-09 1.80205e-09 2.42166e-09 3.3769e-09 4.87279e-09 7.18014e-09 1.04972e-08 1.45055e-08 1.8503e-08 2.23741e-08 2.54749e-08 2.61789e-08 2.53764e-08 2.77814e-08 3.32782e-08 3.63664e-08 3.54859e-08 3.17893e-08 2.71377e-08 2.26078e-08 1.85383e-08 1.5124e-08 1.24114e-08 1.02895e-08 8.60315e-09 7.20949e-09 6.01462e-09 4.95756e-09 4.00718e-09 3.15751e-09 2.41615e-09 1.79197e-09 1.28722e-09 8.9541e-10 6.02792e-10 3.90637e-10 2.37667e-10 1.28969e-10 
5.09815e-11 9.76557e-11 1.50396e-10 2.09716e-10 2.75733e-10 3.47083e-10 4.23192e-10 5.0763e-10 6.10293e-10 7.45147e-10 9.24094e-10 1.15505e-09 1.44994e-09 1.83644e-09 2.37116e-09 3.16698e-09 4.41295e-09 6.34484e-09 9.25315e-09 1.31298e-08 1.7096e-08 2.06957e-08 2.32543e-08 2.37423e-08 2.32963e-08 2.49625e-08 3.24103e-08 3.67889e-08 3.82589e-08 3.43032e-08 2.91631e-08 2.43057e-08 2.01812e-08 1.67656e-08 1.40629e-08 1.19647e-08 1.02895e-08 8.876e-09 7.61007e-09 6.43661e-09 5.33188e-09 4.29857e-09 3.35803e-09 2.53599e-09 1.85e-09 1.30378e-09 8.87989e-10 5.83728e-10 3.66263e-10 2.09661e-10 
9.15714e-11 1.55239e-10 2.27743e-10 3.102e-10 4.00668e-10 4.95686e-10 5.94375e-10 7.03536e-10 8.39521e-10 1.02178e-09 1.26196e-09 1.56384e-09 1.93861e-09 2.42166e-09 3.09481e-09 4.1326e-09 5.78305e-09 8.27665e-09 1.1728e-08 1.56044e-08 1.90468e-08 2.11685e-08 2.30604e-08 2.26391e-08 2.54966e-08 3.65895e-08 4.19762e-08 4.33201e-08 4.00111e-08 3.27382e-08 2.66386e-08 2.18111e-08 1.81895e-08 1.5502e-08 1.35104e-08 1.19647e-08 1.06429e-08 9.40571e-09 8.18028e-09 6.95485e-09 5.74612e-09 4.59176e-09 3.53888e-09 2.62756e-09 1.87968e-09 1.29654e-09 8.62765e-10 5.51912e-10 3.32084e-10 1.79356e-10 
7.8811e-11 1.52368e-10 2.39047e-10 3.40071e-10 4.5444e-10 5.76696e-10 7.00623e-10 8.26238e-10 9.67064e-10 1.1497e-09 1.39884e-09 1.72023e-09 2.10718e-09 2.57061e-09 3.16698e-09 4.03354e-09 5.4342e-09 7.67004e-09 1.06265e-08 1.38463e-08 1.75975e-08 2.04777e-08 1.9741e-08 2.17394e-08 2.80696e-08 3.98648e-08 5.01522e-08 5.46452e-08 5.27725e-08 4.07934e-08 3.14646e-08 2.45319e-08 1.97539e-08 1.67593e-08 1.48384e-08 1.35104e-08 1.24114e-08 1.13281e-08 1.01602e-08 8.88242e-09 7.53099e-09 6.1659e-09 4.85941e-09 3.68061e-09 2.67863e-09 1.87455e-09 1.26304e-09 8.19402e-10 5.07393e-10 2.87769e-10 
1.39591e-10 2.40666e-10 3.6098e-10 5.02392e-10 6.5957e-10 8.21715e-10 9.79713e-10 1.13754e-09 1.32134e-09 1.57186e-09 1.91444e-09 2.33713e-09 2.81612e-09 3.3769e-09 4.1326e-09 5.30311e-09 7.25725e-09 1.00887e-08 1.28653e-08 1.55855e-08 1.7991e-08 1.71641e-08 2.29572e-08 3.10339e-08 5.81476e-08 6.92984e-08 7.6269e-08 7.46816e-08 6.06472e-08 4.30832e-08 3.07639e-08 2.27378e-08 1.8248e-08 1.60007e-08 1.48384e-08 1.40629e-08 1.32747e-08 1.23035e-08 1.10908e-08 9.66571e-09 8.11815e-09 6.553e-09 5.07377e-09 3.76536e-09 2.67947e-09 1.8308e-09 1.20299e-09 7.58798e-10 4.50964e-10 2.42034e-10 
1.17702e-10 2.30044e-10 3.68889e-10 5.3793e-10 7.35171e-10 9.47985e-10 1.15828e-09 1.35541e-09 1.55346e-09 1.79951e-09 2.14937e-09 2.61572e-09 3.15185e-09 3.7225e-09 4.41295e-09 5.4342e-09 7.08487e-09 9.72966e-09 1.28117e-08 1.46499e-08 1.52468e-08 1.78933e-08 2.20852e-08 3.34843e-08 8.91859e-08 1.26658e-07 9.27622e-08 1.0267e-07 9.38464e-08 6.31219e-08 4.57229e-08 3.00226e-08 2.12684e-08 1.7435e-08 1.60007e-08 1.5502e-08 1.5124e-08 1.45009e-08 1.35076e-08 1.21316e-08 1.04671e-08 8.66364e-09 6.86856e-09 5.20939e-09 3.77882e-09 2.62415e-09 1.74794e-09 1.11827e-09 6.82757e-10 3.83184e-10 
2.05318e-10 3.60745e-10 5.55128e-10 7.93309e-10 1.06558e-09 1.34818e-09 1.61442e-09 1.85645e-09 2.10891e-09 2.44821e-09 2.93722e-09 3.5524e-09 4.20088e-09 4.87279e-09 5.78305e-09 7.25725e-09 9.5893e-09 1.24707e-08 1.50429e-08 1.12354e-08 1.45657e-08 1.68755e-08 5.96259e-08 1.03623e-07 1.52319e-07 1.86548e-07 1.92386e-07 1.99253e-07 1.0204e-07 7.38441e-08 4.72044e-08 2.85813e-08 2.04642e-08 1.7435e-08 1.67593e-08 1.67656e-08 1.66231e-08 1.60133e-08 1.48572e-08 1.31991e-08 1.12148e-08 9.11395e-09 7.07719e-09 5.24581e-09 3.71204e-09 2.51161e-09 1.62891e-09 1.01255e-09 5.93911e-10 3.16255e-10 
1.69338e-10 3.34808e-10 5.49916e-10 8.24837e-10 1.15868e-09 1.52864e-09 1.89547e-09 2.22476e-09 2.5207e-09 2.85226e-09 3.32757e-09 3.99491e-09 4.76953e-09 5.52544e-09 6.34484e-09 7.67004e-09 9.72966e-09 1.23698e-08 1.56941e-08 1.43917e-08 8.71798e-09 2.98752e-08 6.50174e-08 1.17193e-07 1.73216e-07 2.2208e-07 2.47685e-07 2.62746e-07 2.41248e-07 1.12097e-07 8.01364e-08 4.59763e-08 2.78194e-08 2.04642e-08 1.8248e-08 1.81895e-08 1.85383e-08 1.84638e-08 1.77099e-08 1.6244e-08 1.4196e-08 1.18359e-08 9.42125e-09 7.15073e-09 5.16996e-09 3.56284e-09 2.34595e-09 1.47975e-09 8.90469e-10 4.94106e-10 
2.90582e-10 5.20743e-10 8.2376e-10 1.21284e-09 1.67526e-09 2.16799e-09 2.63268e-09 3.03254e-09 3.39855e-09 3.84613e-09 4.50367e-09 5.37601e-09 6.30761e-09 7.18014e-09 8.27665e-09 1.00887e-08 1.24707e-08 1.53752e-08 1.49353e-08 6.3016e-09 3.28605e-08 7.49461e-08 1.28071e-07 1.88291e-07 2.44634e-07 2.86109e-07 3.1624e-07 3.2319e-07 2.5634e-07 1.9789e-07 8.14965e-08 4.52267e-08 2.78194e-08 2.12684e-08 1.97539e-08 2.01812e-08 2.07043e-08 2.05217e-08 1.94572e-08 1.75386e-08 1.50239e-08 1.22677e-08 9.54858e-09 7.07115e-09 4.97807e-09 3.33648e-09 2.13604e-09 1.30848e-09 7.57219e-10 3.99489e-10 
2.34254e-10 4.6839e-10 7.88494e-10 1.21863e-09 1.76523e-09 2.3949e-09 3.03613e-09 3.61105e-09 4.0922e-09 4.55402e-09 5.1596e-09 6.03577e-09 7.12136e-09 8.20389e-09 9.25315e-09 1.06265e-08 1.28117e-08 1.56941e-08 1.41799e-08 6.28435e-09 3.36241e-08 8.06377e-08 1.34239e-07 1.945e-07 2.57541e-07 3.11724e-07 3.49698e-07 3.76129e-07 3.50156e-07 2.95965e-07 2.21712e-07 8.16889e-08 4.52267e-08 2.85813e-08 2.27378e-08 2.18111e-08 2.26078e-08 2.31121e-08 2.2638e-08 2.10887e-08 1.86076e-08 1.56023e-08 1.24646e-08 9.47294e-09 6.83268e-09 4.67634e-09 3.04514e-09 1.89427e-09 1.12364e-09 6.16135e-10 
3.95019e-10 7.21682e-10 1.17389e-09 1.78325e-09 2.54057e-09 3.37993e-09 4.19412e-09 4.89157e-09 5.4702e-09 6.05681e-09 6.85312e-09 7.96556e-09 9.24985e-09 1.04972e-08 1.1728e-08 1.28653e-08 1.50429e-08 1.49353e-08 6.61365e-09 3.54231e-08 8.46694e-08 1.38669e-07 2.02974e-07 2.6402e-07 3.24896e-07 3.75216e-07 4.09927e-07 4.11104e-07 3.81098e-07 3.29272e-07 2.27455e-07 8.16889e-08 4.59763e-08 3.00226e-08 2.45319e-08 2.43057e-08 2.53131e-08 2.55675e-08 2.46146e-08 2.24258e-08 1.9349e-08 1.58795e-08 1.24004e-08 9.18701e-09 6.4423e-09 4.28055e-09 2.70655e-09 1.6345e-09 9.33336e-10 4.873e-10 
3.11312e-10 6.28706e-10 1.08375e-09 1.72555e-09 2.5802e-09 3.60958e-09 4.70164e-09 5.71105e-09 6.54486e-09 7.23669e-09 7.96382e-09 8.96702e-09 1.02981e-08 1.17555e-08 1.31298e-08 1.38463e-08 1.46499e-08 1.43917e-08 6.28435e-09 3.62112e-08 8.60184e-08 1.42805e-07 2.04455e-07 2.67301e-07 3.27821e-07 3.82411e-07 4.25764e-07 4.46362e-07 4.40212e-07 4.07609e-07 3.34201e-07 2.27455e-07 8.14965e-08 4.72044e-08 3.07639e-08 2.66386e-08 2.71377e-08 2.80501e-08 2.78481e-08 2.62238e-08 2.33382e-08 1.97102e-08 1.58307e-08 1.20685e-08 8.69848e-09 5.91906e-09 3.81458e-09 2.34152e-09 1.36981e-09 7.42209e-10 
5.1538e-10 9.58276e-10 1.60043e-09 2.50668e-09 3.68565e-09 5.05248e-09 6.43734e-09 7.66216e-09 8.6425e-09 9.4427e-09 1.03051e-08 1.15002e-08 1.29939e-08 1.45055e-08 1.56044e-08 1.55855e-08 1.12354e-08 6.3016e-09 3.54231e-08 8.68693e-08 1.45634e-07 2.04615e-07 2.68314e-07 3.28565e-07 3.83916e-07 4.31411e-07 4.63675e-07 4.71158e-07 4.61686e-07 4.2159e-07 3.34201e-07 2.21712e-07 8.01364e-08 4.57229e-08 3.14646e-08 2.91631e-08 3.00109e-08 3.05518e-08 2.96915e-08 2.72972e-08 2.37811e-08 1.96769e-08 1.54549e-08 1.14782e-08 8.0286e-09 5.29313e-09 3.3077e-09 1.97072e-09 1.11097e-09 5.736e-10 
3.97415e-10 8.08997e-10 1.42466e-09 2.33199e-09 3.59487e-09 5.18587e-09 6.95345e-09 8.6658e-09 1.01197e-08 1.12305e-08 1.20978e-08 1.30671e-08 1.43977e-08 1.58737e-08 1.7096e-08 1.75975e-08 1.52468e-08 8.71798e-09 3.36241e-08 8.60184e-08 1.46123e-07 2.04302e-07 2.67086e-07 3.25898e-07 3.80485e-07 4.28929e-07 4.66386e-07 4.88175e-07 4.92484e-07 4.70096e-07 4.2159e-07 3.29272e-07 1.9789e-07 7.38441e-08 4.30832e-08 3.27382e-08 3.17893e-08 3.2601e-08 3.25428e-08 3.08869e-08 2.78081e-08 2.37661e-08 1.92615e-08 1.4766e-08 1.06507e-08 7.21247e-09 4.60337e-09 2.7906e-09 1.61146e-09 8.63092e-10 
6.45358e-10 1.21797e-09 2.08226e-09 3.3533e-09 5.07846e-09 7.16956e-09 9.3925e-09 1.14572e-08 1.31247e-08 1.42943e-08 1.51558e-08 1.61779e-08 1.74647e-08 1.8503e-08 1.90468e-08 1.7991e-08 1.45657e-08 3.28605e-08 8.46694e-08 1.45634e-07 2.0423e-07 2.65533e-07 3.22173e-07 3.75118e-07 4.23357e-07 4.62807e-07 4.90354e-07 5.05805e-07 5.00379e-07 4.70096e-07 4.07609e-07 2.95965e-07 1.12097e-07 6.31219e-08 4.07934e-08 3.43032e-08 3.41487e-08 3.45808e-08 3.37899e-08 3.14318e-08 2.78208e-08 2.33275e-08 1.84862e-08 1.37819e-08 9.62252e-09 6.2982e-09 3.89281e-09 2.29058e-09 1.27601e-09 6.51313e-10 
4.87572e-10 9.97917e-10 1.78918e-09 2.99955e-09 4.75037e-09 7.04757e-09 9.71598e-09 1.24334e-08 1.48457e-08 1.66399e-08 1.77386e-08 1.85053e-08 1.94364e-08 2.01596e-08 2.06957e-08 2.04777e-08 1.78933e-08 2.98752e-08 8.06377e-08 1.42805e-07 2.04302e-07 2.64624e-07 3.1954e-07 3.69866e-07 4.15976e-07 4.55532e-07 4.86083e-07 5.06332e-07 5.1405e-07 5.00379e-07 4.61686e-07 3.81098e-07 2.5634e-07 1.0204e-07 6.06472e-08 4.00111e-08 3.54859e-08 3.5801e-08 3.57611e-08 3.43146e-08 3.14814e-08 2.7402e-08 2.24985e-08 1.73614e-08 1.25342e-08 8.448e-09 5.34312e-09 3.20222e-09 1.82764e-09 9.68404e-10 
7.7603e-10 1.48166e-09 2.5821e-09 4.25625e-09 6.61129e-09 9.57933e-09 1.28796e-08 1.60984e-08 1.87767e-08 2.05143e-08 2.13852e-08 2.19173e-08 2.23134e-08 2.23741e-08 2.11685e-08 1.71641e-08 1.68755e-08 7.49461e-08 1.38669e-07 2.04615e-07 2.65533e-07 3.18451e-07 3.65799e-07 4.09463e-07 4.47152e-07 4.7844e-07 5.00936e-07 5.13754e-07 5.1405e-07 4.92484e-07 4.40212e-07 3.50156e-07 2.41248e-07 9.38464e-08 5.27725e-08 3.82589e-08 3.61458e-08 3.66692e-08 3.62027e-08 3.44019e-08 3.11515e-08 2.65912e-08 2.12701e-08 1.59048e-08 1.10769e-08 7.19896e-09 4.40522e-09 2.56367e-09 1.41324e-09 7.1332e-10 
5.75341e-10 1.18068e-09 2.14634e-09 3.66714e-09 5.93507e-09 9.01033e-09 1.27189e-08 1.66669e-08 2.0318e-08 2.30545e-08 2.44845e-08 2.49403e-08 2.48966e-08 2.44332e-08 2.32543e-08 1.9741e-08 2.20852e-08 6.50174e-08 1.34239e-07 2.04455e-07 2.67086e-07 3.1954e-07 3.6409e-07 4.04863e-07 4.40151e-07 4.69949e-07 4.92989e-07 5.08154e-07 5.13754e-07 5.05805e-07 4.71158e-07 4.11104e-07 3.2319e-07 1.99253e-07 7.46816e-08 4.33201e-08 3.63664e-08 3.64133e-08 3.69035e-08 3.63275e-08 3.42349e-08 3.04778e-08 2.53326e-08 1.96345e-08 1.41606e-08 9.49372e-09 5.95436e-09 3.53329e-09 1.99671e-09 1.04806e-09 
8.96868e-10 1.72606e-09 3.05125e-09 5.11885e-09 8.10654e-09 1.19864e-08 1.6457e-08 2.09951e-08 2.48684e-08 2.73399e-08 2.81692e-08 2.79022e-08 2.68165e-08 2.54749e-08 2.30604e-08 2.29572e-08 5.96259e-08 1.28071e-07 2.02974e-07 2.68314e-07 3.22173e-07 3.65799e-07 4.03172e-07 4.35192e-07 4.62778e-07 4.84522e-07 5.00289e-07 5.08154e-07 5.06332e-07 4.88175e-07 4.46362e-07 3.76129e-07 2.62746e-07 1.0267e-07 5.46452e-08 3.67889e-08 3.53541e-08 3.62232e-08 3.70517e-08 3.63926e-08 3.38334e-08 2.93104e-08 2.35714e-08 1.76174e-08 1.22189e-08 7.88727e-09 4.78538e-09 2.76003e-09 1.50855e-09 7.53529e-10 
6.53563e-10 1.34101e-09 2.46081e-09 4.26083e-09 7.00269e-09 1.08071e-08 1.55196e-08 2.06984e-08 2.56319e-08 2.93585e-08 3.11749e-08 3.10302e-08 2.95865e-08 2.76271e-08 2.37423e-08 2.17394e-08 3.34843e-08 1.17193e-07 1.945e-07 2.67301e-07 3.25898e-07 3.69866e-07 4.04863e-07 4.33299e-07 4.57824e-07 4.77307e-07 4.91688e-07 5.00289e-07 5.00936e-07 4.90354e-07 4.63675e-07 4.09927e-07 3.1624e-07 1.92386e-07 7.6269e-08 4.19762e-08 3.32782e-08 3.42743e-08 3.64343e-08 3.74112e-08 3.63641e-08 3.29045e-08 2.75066e-08 2.13097e-08 1.53103e-08 1.02074e-08 6.35723e-09 3.74348e-09 2.09973e-09 1.0938e-09 
9.97116e-10 1.92727e-09 3.43814e-09 5.83393e-09 9.35511e-09 1.40151e-08 1.95074e-08 2.52164e-08 3.01712e-08 3.32817e-08 3.39884e-08 3.24116e-08 2.99205e-08 2.61789e-08 2.26391e-08 3.10339e-08 1.03623e-07 1.88291e-07 2.6402e-07 3.28565e-07 3.75118e-07 4.09463e-07 4.35192e-07 4.55922e-07 4.7252e-07 4.84421e-07 4.91688e-07 4.92989e-07 4.86083e-07 4.66386e-07 4.25764e-07 3.49698e-07 2.47685e-07 9.27622e-08 5.01522e-08 3.24103e-08 3.10905e-08 3.45686e-08 3.71441e-08 3.7805e-08 3.57888e-08 3.11601e-08 2.50424e-08 1.86426e-08 1.28671e-08 8.25977e-09 4.98085e-09 2.8552e-09 1.55126e-09 7.67812e-10 
7.1527e-10 1.4635e-09 2.69903e-09 4.70896e-09 7.80718e-09 1.21604e-08 1.76301e-08 2.37368e-08 2.96264e-08 3.4097e-08 3.60649e-08 3.5218e-08 3.22614e-08 2.81663e-08 2.32963e-08 2.80696e-08 8.91859e-08 1.73216e-07 2.57541e-07 3.27821e-07 3.80485e-07 4.15976e-07 4.40151e-07 4.57824e-07 4.70787e-07 4.79817e-07 4.84421e-07 4.84522e-07 4.7844e-07 4.62807e-07 4.31411e-07 3.75216e-07 2.86109e-07 1.86548e-07 6.92984e-08 3.65895e-08 2.77814e-08 3.16506e-08 3.56229e-08 3.79807e-08 3.76226e-08 3.41871e-08 2.85477e-08 2.20286e-08 1.57565e-08 1.04606e-08 6.48661e-09 3.80277e-09 2.12379e-09 1.10056e-09 
1.06729e-09 2.06455e-09 3.69826e-09 6.30877e-09 1.01746e-08 1.53312e-08 2.14586e-08 2.7868e-08 3.34435e-08 3.68747e-08 3.72562e-08 3.47792e-08 3.0648e-08 2.53764e-08 2.54966e-08 5.81476e-08 1.52319e-07 2.44634e-07 3.24896e-07 3.83916e-07 4.23357e-07 4.47152e-07 4.62778e-07 4.7252e-07 4.78156e-07 4.79817e-07 4.77307e-07 4.69949e-07 4.55532e-07 4.28929e-07 3.82411e-07 3.11724e-07 2.2208e-07 1.26658e-07 3.98648e-08 2.49625e-08 2.83304e-08 3.32626e-08 3.68792e-08 3.81332e-08 3.62038e-08 3.14792e-08 2.52127e-08 1.87002e-08 1.28694e-08 8.24088e-09 4.9575e-09 2.83506e-09 1.53594e-09 7.54635e-10 
7.54635e-10 1.53594e-09 2.83506e-09 4.9575e-09 8.24088e-09 1.28694e-08 1.87002e-08 2.52127e-08 3.14792e-08 3.62038e-08 3.81332e-08 3.68792e-08 3.32626e-08 2.83304e-08 2.49625e-08 3.98648e-08 1.26658e-07 2.2208e-07 3.11724e-07 3.82411e-07 4.28929e-07 4.55532e-07 4.69949e-07 4.77307e-07 4.79817e-07 4.78156e-07 4.7252e-07 4.62778e-07 4.47152e-07 4.23357e-07 3.83916e-07 3.24896e-07 2.44634e-07 1.52319e-07 5.81476e-08 2.54966e-08 2.53764e-08 3.0648e-08 3.47792e-08 3.72562e-08 3.68747e-08 3.34435e-08 2.7868e-08 2.14586e-08 1.53312e-08 1.01746e-08 6.30877e-09 3.69826e-09 2.06455e-09 1.06729e-09 
1.10056e-09 2.12379e-09 3.80277e-09 6.48661e-09 1.04606e-08 1.57565e-08 2.20286e-08 2.85477e-08 3.41871e-08 3.76226e-08 3.79807e-08 3.56229e-08 3.16506e-08 2.77814e-08 3.65895e-08 6.92984e-08 1.86548e-07 2.86109e-07 3.75216e-07 4.31411e-07 4.62807e-07 4.7844e-07 4.84522e-07 4.84421e-07 4.79817e-07 4.70787e-07 4.57824e-07 4.40151e-07 4.15976e-07 3.80485e-07 3.27821e-07 2.57541e-07 1.73216e-07 8.91859e-08 2.80696e-08 2.32963e-08 2.81663e-08 3.22614e-08 3.5218e-08 3.60649e-08 3.4097e-08 2.96264e-08 2.37368e-08 1.76301e-08 1.21604e-08 7.80718e-09 4.70896e-09 2.69903e-09 1.4635e-09 7.1527e-10 
7.67812e-10 1.55126e-09 2.8552e-09 4.98085e-09 8.25977e-09 1.28671e-08 1.86426e-08 2.50424e-08 3.11601e-08 3.57888e-08 3.7805e-08 3.71441e-08 3.45686e-08 3.10905e-08 3.24103e-08 5.01522e-08 9.27622e-08 2.47685e-07 3.49698e-07 4.25764e-07 4.66386e-07 4.86083e-07 4.92989e-07 4.91688e-07 4.84421e-07 4.7252e-07 4.55922e-07 4.35192e-07 4.09463e-07 3.75118e-07 3.28565e-07 2.6402e-07 1.88291e-07 1.03623e-07 3.10339e-08 2.26391e-08 2.61789e-08 2.99205e-08 3.24116e-08 3.39884e-08 3.32817e-08 3.01712e-08 2.52164e-08 1.95074e-08 1.40151e-08 9.35511e-09 5.83393e-09 3.43814e-09 1.92727e-09 9.97116e-10 
1.0938e-09 2.09973e-09 3.74348e-09 6.35723e-09 1.02074e-08 1.53103e-08 2.13097e-08 2.75066e-08 3.29045e-08 3.63641e-08 3.74112e-08 3.64343e-08 3.42743e-08 3.32782e-08 4.19762e-08 7.6269e-08 1.92386e-07 3.1624e-07 4.09927e-07 4.63675e-07 4.90354e-07 5.00936e-07 5.00289e-07 4.91688e-07 4.77307e-07 4.57824e-07 4.33299e-07 4.04863e-07 3.69866e-07 3.25898e-07 2.67301e-07 1.945e-07 1.17193e-07 3.34843e-08 2.17394e-08 2.37423e-08 2.76271e-08 2.95865e-08 3.10302e-08 3.11749e-08 2.93585e-08 2.56319e-08 2.06984e-08 1.55196e-08 1.08071e-08 7.00269e-09 4.26083e-09 2.46081e-09 1.34101e-09 6.53563e-10 
7.53529e-10 1.50855e-09 2.76003e-09 4.78538e-09 7.88727e-09 1.22189e-08 1.76174e-08 2.35714e-08 2.93104e-08 3.38334e-08 3.63926e-08 3.70517e-08 3.62232e-08 3.53541e-08 3.67889e-08 5.46452e-08 1.0267e-07 2.62746e-07 3.76129e-07 4.46362e-07 4.88175e-07 5.06332e-07 5.08154e-07 5.00289e-07 4.84522e-07 4.62778e-07 4.35192e-07 4.03172e-07 3.65799e-07 3.22173e-07 2.68314e-07 2.02974e-07 1.28071e-07 5.96259e-08 2.29572e-08 2.30604e-08 2.54749e-08 2.68165e-08 2.79022e-08 2.81692e-08 2.73399e-08 2.48684e-08 2.09951e-08 1.6457e-08 1.19864e-08 8.10654e-09 5.11885e-09 3.05125e-09 1.72606e-09 8.96868e-10 
1.04806e-09 1.99671e-09 3.53329e-09 5.95436e-09 9.49372e-09 1.41606e-08 1.96345e-08 2.53326e-08 3.04778e-08 3.42349e-08 3.63275e-08 3.69035e-08 3.64133e-08 3.63664e-08 4.33201e-08 7.46816e-08 1.99253e-07 3.2319e-07 4.11104e-07 4.71158e-07 5.05805e-07 5.13754e-07 5.08154e-07 4.92989e-07 4.69949e-07 4.40151e-07 4.04863e-07 3.6409e-07 3.1954e-07 2.67086e-07 2.04455e-07 1.34239e-07 6.50174e-08 2.20852e-08 1.9741e-08 2.32543e-08 2.44332e-08 2.48966e-08 2.49403e-08 2.44845e-08 2.30545e-08 2.0318e-08 1.66669e-08 1.27189e-08 9.01033e-09 5.93507e-09 3.66714e-09 2.14634e-09 1.18068e-09 5.75341e-10 
7.1332e-10 1.41324e-09 2.56367e-09 4.40522e-09 7.19896e-09 1.10769e-08 1.59048e-08 2.12701e-08 2.65912e-08 3.11515e-08 3.44019e-08 3.62027e-08 3.66692e-08 3.61458e-08 3.82589e-08 5.27725e-08 9.38464e-08 2.41248e-07 3.50156e-07 4.40212e-07 4.92484e-07 5.1405e-07 5.13754e-07 5.00936e-07 4.7844e-07 4.47152e-07 4.09463e-07 3.65799e-07 3.18451e-07 2.65533e-07 2.04615e-07 1.38669e-07 7.49461e-08 1.68755e-08 1.71641e-08 2.11685e-08 2.23741e-08 2.23134e-08 2.19173e-08 2.13852e-08 2.05143e-08 1.87767e-08 1.60984e-08 1.28796e-08 9.57933e-09 6.61129e-09 4.25625e-09 2.5821e-09 1.48166e-09 7.7603e-10 
9.68404e-10 1.82764e-09 3.20222e-09 5.34312e-09 8.448e-09 1.25342e-08 1.73614e-08 2.24985e-08 2.7402e-08 3.14814e-08 3.43146e-08 3.57611e-08 3.5801e-08 3.54859e-08 4.00111e-08 6.06472e-08 1.0204e-07 2.5634e-07 3.81098e-07 4.61686e-07 5.00379e-07 5.1405e-07 5.06332e-07 4.86083e-07 4.55532e-07 4.15976e-07 3.69866e-07 3.1954e-07 2.64624e-07 2.04302e-07 1.42805e-07 8.06377e-08 2.98752e-08 1.78933e-08 2.04777e-08 2.06957e-08 2.01596e-08 1.94364e-08 1.85053e-08 1.77386e-08 1.66399e-08 1.48457e-08 1.24334e-08 9.71598e-09 7.04757e-09 4.75037e-09 2.99955e-09 1.78918e-09 9.97917e-10 4.87572e-10 
6.51313e-10 1.27601e-09 2.29058e-09 3.89281e-09 6.2982e-09 9.62252e-09 1.37819e-08 1.84862e-08 2.33275e-08 2.78208e-08 3.14318e-08 3.37899e-08 3.45808e-08 3.41487e-08 3.43032e-08 4.07934e-08 6.31219e-08 1.12097e-07 2.95965e-07 4.07609e-07 4.70096e-07 5.00379e-07 5.05805e-07 4.90354e-07 4.62807e-07 4.23357e-07 3.75118e-07 3.22173e-07 2.65533e-07 2.0423e-07 1.45634e-07 8.46694e-08 3.28605e-08 1.45657e-08 1.7991e-08 1.90468e-08 1.8503e-08 1.74647e-08 1.61779e-08 1.51558e-08 1.42943e-08 1.31247e-08 1.14572e-08 9.3925e-09 7.16956e-09 5.07846e-09 3.3533e-09 2.08226e-09 1.21797e-09 6.45358e-10 
8.63092e-10 1.61146e-09 2.7906e-09 4.60337e-09 7.21247e-09 1.06507e-08 1.4766e-08 1.92615e-08 2.37661e-08 2.78081e-08 3.08869e-08 3.25428e-08 3.2601e-08 3.17893e-08 3.27382e-08 4.30832e-08 7.38441e-08 1.9789e-07 3.29272e-07 4.2159e-07 4.70096e-07 4.92484e-07 4.88175e-07 4.66386e-07 4.28929e-07 3.80485e-07 3.25898e-07 2.67086e-07 2.04302e-07 1.46123e-07 8.60184e-08 3.36241e-08 8.71798e-09 1.52468e-08 1.75975e-08 1.7096e-08 1.58737e-08 1.43977e-08 1.30671e-08 1.20978e-08 1.12305e-08 1.01197e-08 8.6658e-09 6.95345e-09 5.18587e-09 3.59487e-09 2.33199e-09 1.42466e-09 8.08997e-10 3.97415e-10 
5.736e-10 1.11097e-09 1.97072e-09 3.3077e-09 5.29313e-09 8.0286e-09 1.14782e-08 1.54549e-08 1.96769e-08 2.37811e-08 2.72972e-08 2.96915e-08 3.05518e-08 3.00109e-08 2.91631e-08 3.14646e-08 4.57229e-08 8.01364e-08 2.21712e-07 3.34201e-07 4.2159e-07 4.61686e-07 4.71158e-07 4.63675e-07 4.31411e-07 3.83916e-07 3.28565e-07 2.68314e-07 2.04615e-07 1.45634e-07 8.68693e-08 3.54231e-08 6.3016e-09 1.12354e-08 1.55855e-08 1.56044e-08 1.45055e-08 1.29939e-08 1.15002e-08 1.03051e-08 9.4427e-09 8.6425e-09 7.66216e-09 6.43734e-09 5.05248e-09 3.68565e-09 2.50668e-09 1.60043e-09 9.58276e-10 5.1538e-10 
7.42209e-10 1.36981e-09 2.34152e-09 3.81458e-09 5.91906e-09 8.69848e-09 1.20685e-08 1.58307e-08 1.97102e-08 2.33382e-08 2.62238e-08 2.78481e-08 2.80501e-08 2.71377e-08 2.66386e-08 3.07639e-08 4.72044e-08 8.14965e-08 2.27455e-07 3.34201e-07 4.07609e-07 4.40212e-07 4.46362e-07 4.25764e-07 3.82411e-07 3.27821e-07 2.67301e-07 2.04455e-07 1.42805e-07 8.60184e-08 3.62112e-08 6.28435e-09 1.43917e-08 1.46499e-08 1.38463e-08 1.31298e-08 1.17555e-08 1.02981e-08 8.96702e-09 7.96382e-09 7.23669e-09 6.54486e-09 5.71105e-09 4.70164e-09 3.60958e-09 2.5802e-09 1.72555e-09 1.08375e-09 6.28706e-10 3.11312e-10 
4.873e-10 9.33336e-10 1.6345e-09 2.70655e-09 4.28055e-09 6.4423e-09 9.18701e-09 1.24004e-08 1.58795e-08 1.9349e-08 2.24258e-08 2.46146e-08 2.55675e-08 2.53131e-08 2.43057e-08 2.45319e-08 3.00226e-08 4.59763e-08 8.16889e-08 2.27455e-07 3.29272e-07 3.81098e-07 4.11104e-07 4.09927e-07 3.75216e-07 3.24896e-07 2.6402e-07 2.02974e-07 1.38669e-07 8.46694e-08 3.54231e-08 6.61365e-09 1.49353e-08 1.50429e-08 1.28653e-08 1.1728e-08 1.04972e-08 9.24985e-09 7.96556e-09 6.85312e-09 6.05681e-09 5.4702e-09 4.89157e-09 4.19412e-09 3.37993e-09 2.54057e-09 1.78325e-09 1.17389e-09 7.21682e-10 3.95019e-10 
6.16135e-10 1.12364e-09 1.89427e-09 3.04514e-09 4.67634e-09 6.83268e-09 9.47294e-09 1.24646e-08 1.56023e-08 1.86076e-08 2.10887e-08 2.2638e-08 2.31121e-08 2.26078e-08 2.18111e-08 2.27378e-08 2.85813e-08 4.52267e-08 8.16889e-08 2.21712e-07 2.95965e-07 3.50156e-07 3.76129e-07 3.49698e-07 3.11724e-07 2.57541e-07 1.945e-07 1.34239e-07 8.06377e-08 3.36241e-08 6.28435e-09 1.41799e-08 1.56941e-08 1.28117e-08 1.06265e-08 9.25315e-09 8.20389e-09 7.12136e-09 6.03577e-09 5.1596e-09 4.55402e-09 4.0922e-09 3.61105e-09 3.03613e-09 2.3949e-09 1.76523e-09 1.21863e-09 7.88494e-10 4.6839e-10 2.34254e-10 
3.99489e-10 7.57219e-10 1.30848e-09 2.13604e-09 3.33648e-09 4.97807e-09 7.07115e-09 9.54858e-09 1.22677e-08 1.50239e-08 1.75386e-08 1.94572e-08 2.05217e-08 2.07043e-08 2.01812e-08 1.97539e-08 2.12684e-08 2.78194e-08 4.52267e-08 8.14965e-08 1.9789e-07 2.5634e-07 3.2319e-07 3.1624e-07 2.86109e-07 2.44634e-07 1.88291e-07 1.28071e-07 7.49461e-08 3.28605e-08 6.3016e-09 1.49353e-08 1.53752e-08 1.24707e-08 1.00887e-08 8.27665e-09 7.18014e-09 6.30761e-09 5.37601e-09 4.50367e-09 3.84613e-09 3.39855e-09 3.03254e-09 2.63268e-09 2.16799e-09 1.67526e-09 1.21284e-09 8.2376e-10 5.20743e-10 2.90582e-10 
4.94106e-10 8.90469e-10 1.47975e-09 2.34595e-09 3.56284e-09 5.16996e-09 7.15073e-09 9.42125e-09 1.18359e-08 1.4196e-08 1.6244e-08 1.77099e-08 1.84638e-08 1.85383e-08 1.81895e-08 1.8248e-08 2.04642e-08 2.78194e-08 4.59763e-08 8.01364e-08 1.12097e-07 2.41248e-07 2.62746e-07 2.47685e-07 2.2208e-07 1.73216e-07 1.17193e-07 6.50174e-08 2.98752e-08 8.71798e-09 1.43917e-08 1.56941e-08 1.23698e-08 9.72966e-09 7.67004e-09 6.34484e-09 5.52544e-09 4.76953e-09 3.99491e-09 3.32757e-09 2.85226e-09 2.5207e-09 2.22476e-09 1.89547e-09 1.52864e-09 1.15868e-09 8.24837e-10 5.49916e-10 3.34808e-10 1.69338e-10 
3.16255e-10 5.93911e-10 1.01255e-09 1.62891e-09 2.51161e-09 3.71204e-09 5.24581e-09 7.07719e-09 9.11395e-09 1.12148e-08 1.31991e-08 1.48572e-08 1.60133e-08 1.66231e-08 1.67656e-08 1.67593e-08 1.7435e-08 2.04642e-08 2.85813e-08 4.72044e-08 7.38441e-08 1.0204e-07 1.99253e-07 1.92386e-07 1.86548e-07 1.52319e-07 1.03623e-07 5.96259e-08 1.68755e-08 1.45657e-08 1.12354e-08 1.50429e-08 1.24707e-08 9.5893e-09 7.25725e-09 5.78305e-09 4.87279e-09 4.20088e-09 3.5524e-09 2.93722e-09 2.44821e-09 2.10891e-09 1.85645e-09 1.61442e-09 1.34818e-09 1.06558e-09 7.93309e-10 5.55128e-10 3.60745e-10 2.05318e-10 
3.83184e-10 6.82757e-10 1.11827e-09 1.74794e-09 2.62415e-09 3.77882e-09 5.20939e-09 6.86856e-09 8.66364e-09 1.04671e-08 1.21316e-08 1.35076e-08 1.45009e-08 1.5124e-08 1.5502e-08 1.60007e-08 1.7435e-08 2.12684e-08 3.00226e-08 4.57229e-08 6.31219e-08 9.38464e-08 1.0267e-07 9.27622e-08 1.26658e-07 8.91859e-08 3.34843e-08 2.20852e-08 1.78933e-08 1.52468e-08 1.46499e-08 1.28117e-08 9.72966e-09 7.08487e-09 5.4342e-09 4.41295e-09 3.7225e-09 3.15185e-09 2.61572e-09 2.14937e-09 1.79951e-09 1.55346e-09 1.35541e-09 1.15828e-09 9.47985e-10 7.35171e-10 5.3793e-10 3.68889e-10 2.30044e-10 1.17702e-10 
2.42034e-10 4.50964e-10 7.58798e-10 1.20299e-09 1.8308e-09 2.67947e-09 3.76536e-09 5.07377e-09 6.553e-09 8.11815e-09 9.66571e-09 1.10908e-08 1.23035e-08 1.32747e-08 1.40629e-08 1.48384e-08 1.60007e-08 1.8248e-08 2.27378e-08 3.07639e-08 4.30832e-08 6.06472e-08 7.46816e-08 7.6269e-08 6.92984e-08 5.81476e-08 3.10339e-08 2.29572e-08 1.71641e-08 1.7991e-08 1.55855e-08 1.28653e-08 1.00887e-08 7.25725e-09 5.30311e-09 4.1326e-09 3.3769e-09 2.81612e-09 2.33713e-09 1.91444e-09 1.57186e-09 1.32134e-09 1.13754e-09 9.79713e-10 8.21715e-10 6.5957e-10 5.02392e-10 3.6098e-10 2.40666e-10 1.39591e-10 
2.87769e-10 5.07393e-10 8.19402e-10 1.26304e-09 1.87455e-09 2.67863e-09 3.68061e-09 4.85941e-09 6.1659e-09 7.53099e-09 8.88242e-09 1.01602e-08 1.13281e-08 1.24114e-08 1.35104e-08 1.48384e-08 1.67593e-08 1.97539e-08 2.45319e-08 3.14646e-08 4.07934e-08 5.27725e-08 5.46452e-08 5.01522e-08 3.98648e-08 2.80696e-08 2.17394e-08 1.9741e-08 2.04777e-08 1.75975e-08 1.38463e-08 1.06265e-08 7.67004e-09 5.4342e-09 4.03354e-09 3.16698e-09 2.57061e-09 2.10718e-09 1.72023e-09 1.39884e-09 1.1497e-09 9.67064e-10 8.26238e-10 7.00623e-10 5.76696e-10 4.5444e-10 3.40071e-10 2.39047e-10 1.52368e-10 7.8811e-11 
1.79356e-10 3.32084e-10 5.51912e-10 8.62765e-10 1.29654e-09 1.87968e-09 2.62756e-09 3.53888e-09 4.59176e-09 5.74612e-09 6.95485e-09 8.18028e-09 9.40571e-09 1.06429e-08 1.19647e-08 1.35104e-08 1.5502e-08 1.81895e-08 2.18111e-08 2.66386e-08 3.27382e-08 4.00111e-08 4.33201e-08 4.19762e-08 3.65895e-08 2.54966e-08 2.26391e-08 2.30604e-08 2.11685e-08 1.90468e-08 1.56044e-08 1.1728e-08 8.27665e-09 5.78305e-09 4.1326e-09 3.09481e-09 2.42166e-09 1.93861e-09 1.56384e-09 1.26196e-09 1.02178e-09 8.39521e-10 7.03536e-10 5.94375e-10 4.95686e-10 4.00668e-10 3.102e-10 2.27743e-10 1.55239e-10 9.15714e-11 
2.09661e-10 3.66263e-10 5.83728e-10 8.87989e-10 1.30378e-09 1.85e-09 2.53599e-09 3.35803e-09 4.29857e-09 5.33188e-09 6.43661e-09 7.61007e-09 8.876e-09 1.02895e-08 1.19647e-08 1.40629e-08 1.67656e-08 2.01812e-08 2.43057e-08 2.91631e-08 3.43032e-08 3.82589e-08 3.67889e-08 3.24103e-08 2.49625e-08 2.32963e-08 2.37423e-08 2.32543e-08 2.06957e-08 1.7096e-08 1.31298e-08 9.25315e-09 6.34484e-09 4.41295e-09 3.16698e-09 2.37116e-09 1.83644e-09 1.44994e-09 1.15505e-09 9.24094e-10 7.45147e-10 6.10293e-10 5.0763e-10 4.23192e-10 3.47083e-10 2.75733e-10 2.09716e-10 1.50396e-10 9.76557e-11 5.09815e-11 
1.28969e-10 2.37667e-10 3.90637e-10 6.02792e-10 8.9541e-10 1.28722e-09 1.79197e-09 2.41615e-09 3.15751e-09 4.00718e-09 4.95756e-09 6.01462e-09 7.20949e-09 8.60315e-09 1.02895e-08 1.24114e-08 1.5124e-08 1.85383e-08 2.26078e-08 2.71377e-08 3.17893e-08 3.54859e-08 3.63664e-08 3.32782e-08 2.77814e-08 2.53764e-08 2.61789e-08 2.54749e-08 2.23741e-08 1.8503e-08 1.45055e-08 1.04972e-08 7.18014e-09 4.87279e-09 3.3769e-09 2.42166e-09 1.80205e-09 1.38112e-09 1.07825e-09 8.50129e-10 6.74801e-10 5.41168e-10 4.40551e-10 3.628e-10 2.98211e-10 2.4066e-10 1.88e-10 1.40209e-10 9.72762e-11 5.81778e-11 
1.48529e-10 2.5746e-10 4.0552e-10 6.09639e-10 8.86676e-10 1.25109e-09 1.71387e-09 2.28149e-09 2.9566e-09 3.74243e-09 4.65169e-09 5.71767e-09 7.00317e-09 8.60315e-09 1.06429e-08 1.32747e-08 1.66231e-08 2.07043e-08 2.53131e-08 3.00109e-08 3.41487e-08 3.61458e-08 3.53541e-08 3.10905e-08 2.83304e-08 2.81663e-08 2.76271e-08 2.44332e-08 2.01596e-08 1.58737e-08 1.17555e-08 8.20389e-09 5.52544e-09 3.7225e-09 2.57061e-09 1.83644e-09 1.35808e-09 1.03214e-09 7.97947e-10 6.22943e-10 4.90317e-10 3.90424e-10 3.15248e-10 2.56705e-10 2.08057e-10 1.65318e-10 1.26931e-10 9.23589e-11 6.08399e-11 3.19849e-11 
9.02259e-11 1.65733e-10 2.69845e-10 4.11714e-10 6.05501e-10 8.64573e-10 1.2009e-09 1.62482e-09 2.14539e-09 2.77296e-09 3.52519e-09 4.43591e-09 5.5646e-09 7.00317e-09 8.876e-09 1.13281e-08 1.45009e-08 1.84638e-08 2.31121e-08 2.80501e-08 3.2601e-08 3.5801e-08 3.64133e-08 3.42743e-08 3.16506e-08 3.0648e-08 2.99205e-08 2.68165e-08 2.23134e-08 1.74647e-08 1.29939e-08 9.24985e-09 6.30761e-09 4.20088e-09 2.81612e-09 1.93861e-09 1.38112e-09 1.01677e-09 7.66922e-10 5.87049e-10 4.53565e-10 3.5371e-10 2.793e-10 2.2343e-10 1.79846e-10 1.43793e-10 1.12517e-10 8.47084e-11 5.95169e-11 3.59616e-11 
1.02588e-10 1.76744e-10 2.75643e-10 4.10294e-10 5.92265e-10 8.32727e-10 1.14277e-09 1.534e-09 2.02022e-09 2.62161e-09 3.37147e-09 4.32451e-09 5.5646e-09 7.20949e-09 9.40571e-09 1.23035e-08 1.60133e-08 2.05217e-08 2.55675e-08 3.05518e-08 3.45808e-08 3.66692e-08 3.62232e-08 3.45686e-08 3.32626e-08 3.22614e-08 2.95865e-08 2.48966e-08 1.94364e-08 1.43977e-08 1.02981e-08 7.12136e-09 4.76953e-09 3.15185e-09 2.10718e-09 1.44994e-09 1.03214e-09 7.56632e-10 5.65946e-10 4.28556e-10 3.27499e-10 2.52916e-10 1.97933e-10 1.56825e-10 1.24812e-10 9.84839e-11 7.58235e-11 5.56593e-11 3.70307e-11 1.95556e-11 
6.16079e-11 1.1294e-10 1.82515e-10 2.75922e-10 4.02634e-10 5.72329e-10 7.95223e-10 1.08294e-09 1.44996e-09 1.91658e-09 2.51416e-09 3.29197e-09 4.32451e-09 5.71767e-09 7.61007e-09 1.01602e-08 1.35076e-08 1.77099e-08 2.2638e-08 2.78481e-08 3.25428e-08 3.57611e-08 3.69035e-08 3.64343e-08 3.56229e-08 3.47792e-08 3.24116e-08 2.79022e-08 2.19173e-08 1.61779e-08 1.15002e-08 7.96556e-09 5.37601e-09 3.5524e-09 2.33713e-09 1.56384e-09 1.07825e-09 7.66922e-10 5.58985e-10 4.14012e-10 3.0989e-10 2.34184e-10 1.79096e-10 1.38925e-10 1.09048e-10 8.58504e-11 6.68441e-11 5.04909e-11 3.57438e-11 2.17388e-11 
6.93069e-11 1.18881e-10 1.83983e-10 2.71798e-10 3.90367e-10 5.484e-10 7.56239e-10 1.02723e-09 1.38007e-09 1.84278e-09 2.45848e-09 3.29197e-09 4.43591e-09 6.01462e-09 8.18028e-09 1.10908e-08 1.48572e-08 1.94572e-08 2.46146e-08 2.96915e-08 3.37899e-08 3.62027e-08 3.70517e-08 3.71441e-08 3.68792e-08 3.5218e-08 3.10302e-08 2.49403e-08 1.85053e-08 1.30671e-08 8.96702e-09 6.03577e-09 3.99491e-09 2.61572e-09 1.72023e-09 1.15505e-09 7.97947e-10 5.65946e-10 4.0924e-10 2.99742e-10 2.21701e-10 1.65726e-10 1.25577e-10 9.66018e-11 7.51637e-11 5.85487e-11 4.49259e-11 3.30895e-11 2.21383e-11 1.17151e-11 
4.12084e-11 7.54674e-11 1.21304e-10 1.82162e-10 2.64449e-10 3.7529e-10 5.23259e-10 7.19714e-10 9.80708e-10 1.33014e-09 1.80445e-09 2.45848e-09 3.37147e-09 4.65169e-09 6.43661e-09 8.88242e-09 1.21316e-08 1.6244e-08 2.10887e-08 2.62238e-08 3.08869e-08 3.43146e-08 3.63275e-08 3.74112e-08 3.79807e-08 3.72562e-08 3.39884e-08 2.81692e-08 2.13852e-08 1.51558e-08 1.03051e-08 6.85312e-09 4.50367e-09 2.93722e-09 1.91444e-09 1.26196e-09 8.50129e-10 5.87049e-10 4.14012e-10 2.96429e-10 2.14556e-10 1.56851e-10 1.16067e-10 8.72161e-11 6.65902e-11 5.13854e-11 3.95883e-11 2.98375e-11 2.11827e-11 1.29247e-11 
4.59665e-11 7.86303e-11 1.21061e-10 1.7799e-10 2.5511e-10 3.59249e-10 4.99545e-10 6.89082e-10 9.47374e-10 1.30416e-09 1.80445e-09 2.51416e-09 3.52519e-09 4.95756e-09 6.95485e-09 9.66571e-09 1.31991e-08 1.75386e-08 2.24258e-08 2.72972e-08 3.14318e-08 3.44019e-08 3.63926e-08 3.7805e-08 3.81332e-08 3.60649e-08 3.11749e-08 2.44845e-08 1.77386e-08 1.20978e-08 7.96382e-09 5.1596e-09 3.32757e-09 2.14937e-09 1.39884e-09 9.24094e-10 6.22943e-10 4.28556e-10 2.99742e-10 2.12231e-10 1.5179e-10 1.09753e-10 8.04842e-11 6.00412e-11 4.55384e-11 3.48585e-11 2.65191e-11 1.95027e-11 1.30718e-11 6.91885e-12 
2.71144e-11 4.96391e-11 7.95353e-11 1.18974e-10 1.7236e-10 2.45011e-10 3.44004e-10 4.7957e-10 6.67076e-10 9.30004e-10 1.30416e-09 1.84278e-09 2.62161e-09 3.74243e-09 5.33188e-09 7.53099e-09 1.04671e-08 1.4196e-08 1.86076e-08 2.33382e-08 2.78081e-08 3.14814e-08 3.42349e-08 3.63641e-08 3.76226e-08 3.68747e-08 3.32817e-08 2.73399e-08 2.05143e-08 1.42943e-08 9.4427e-09 6.05681e-09 3.84613e-09 2.44821e-09 1.57186e-09 1.02178e-09 6.74801e-10 4.53565e-10 3.0989e-10 2.14556e-10 1.50148e-10 1.0616e-10 7.60022e-11 5.53032e-11 4.10078e-11 3.09176e-11 2.3464e-11 1.75621e-11 1.24521e-11 7.60172e-12 
3.00545e-11 5.13518e-11 7.88627e-11 1.15754e-10 1.66122e-10 2.35323e-10 3.31102e-10 4.65183e-10 6.5559e-10 9.30004e-10 1.33014e-09 1.91658e-09 2.77296e-09 4.00718e-09 5.74612e-09 8.11815e-09 1.12148e-08 1.50239e-08 1.9349e-08 2.37811e-08 2.78208e-08 3.11515e-08 3.38334e-08 3.57888e-08 3.62038e-08 3.4097e-08 2.93585e-08 2.30545e-08 1.66399e-08 1.12305e-08 7.23669e-09 4.55402e-09 2.85226e-09 1.79951e-09 1.1497e-09 7.45147e-10 4.90317e-10 3.27499e-10 2.21701e-10 1.5179e-10 1.04995e-10 7.3448e-11 5.21312e-11 3.76945e-11 2.78142e-11 2.08514e-11 1.56601e-11 1.14524e-11 7.66739e-12 4.05328e-12 
1.76281e-11 3.22785e-11 5.167e-11 7.72241e-11 1.12017e-10 1.6006e-10 2.27077e-10 3.21781e-10 4.57663e-10 6.5559e-10 9.47374e-10 1.38007e-09 2.02022e-09 2.9566e-09 4.29857e-09 6.1659e-09 8.66364e-09 1.18359e-08 1.56023e-08 1.97102e-08 2.37661e-08 2.7402e-08 3.04778e-08 3.29045e-08 3.41871e-08 3.34435e-08 3.01712e-08 2.48684e-08 1.87767e-08 1.31247e-08 8.6425e-09 5.4702e-09 3.39855e-09 2.10891e-09 1.32134e-09 8.39521e-10 5.41168e-10 3.5371e-10 2.34184e-10 1.56851e-10 1.0616e-10 7.26202e-11 5.03194e-11 3.546e-11 2.55151e-11 1.87527e-11 1.39706e-11 1.03436e-11 7.30132e-12 4.45157e-12 
1.94615e-11 3.32647e-11 5.10938e-11 7.51141e-11 1.08311e-10 1.5486e-10 2.21097e-10 3.169e-10 4.57663e-10 6.67076e-10 9.80708e-10 1.44996e-09 2.14539e-09 3.15751e-09 4.59176e-09 6.553e-09 9.11395e-09 1.22677e-08 1.58795e-08 1.96769e-08 2.33275e-08 2.65912e-08 2.93104e-08 3.11601e-08 3.14792e-08 2.96264e-08 2.56319e-08 2.0318e-08 1.48457e-08 1.01197e-08 6.54486e-09 4.0922e-09 2.5207e-09 1.55346e-09 9.67064e-10 6.10293e-10 3.90424e-10 2.52916e-10 1.65726e-10 1.09753e-10 7.3448e-11 4.97305e-11 3.41777e-11 2.39503e-11 1.71745e-11 1.25765e-11 9.29345e-12 6.735e-12 4.49348e-12 2.37285e-12 
1.1379e-11 2.08485e-11 3.34155e-11 5.00488e-11 7.29333e-11 1.05096e-10 1.51073e-10 2.1796e-10 3.169e-10 4.65183e-10 6.89082e-10 1.02723e-09 1.534e-09 2.28149e-09 3.35803e-09 4.85941e-09 6.86856e-09 9.42125e-09 1.24646e-08 1.58307e-08 1.92615e-08 2.24985e-08 2.53326e-08 2.75066e-08 2.85477e-08 2.7868e-08 2.52164e-08 2.09951e-08 1.60984e-08 1.14572e-08 7.66216e-09 4.89157e-09 3.03254e-09 1.85645e-09 1.13754e-09 7.03536e-10 4.40551e-10 2.793e-10 1.79096e-10 1.16067e-10 7.60022e-11 5.03194e-11 3.37599e-11 2.30471e-11 1.60869e-11 1.15083e-11 8.39342e-12 6.12779e-12 4.29481e-12 2.61239e-12 
1.25409e-11 2.14743e-11 3.3077e-11 4.88567e-11 7.1005e-11 1.0274e-10 1.49081e-10 2.1796e-10 3.21781e-10 4.7957e-10 7.19714e-10 1.08294e-09 1.62482e-09 2.41615e-09 3.53888e-09 5.07377e-09 7.07719e-09 9.54858e-09 1.24004e-08 1.54549e-08 1.84862e-08 2.12701e-08 2.35714e-08 2.50424e-08 2.52127e-08 2.37368e-08 2.06984e-08 1.66669e-08 1.24334e-08 8.6658e-09 5.71105e-09 3.61105e-09 2.22476e-09 1.35541e-09 8.26238e-10 5.0763e-10 3.15248e-10 1.97933e-10 1.25577e-10 8.04842e-11 5.21312e-11 3.41777e-11 2.27527e-11 1.54546e-11 1.07627e-11 7.68517e-12 5.57242e-12 3.99072e-12 2.64803e-12 1.3968e-12 
7.32666e-12 1.3439e-11 2.16101e-11 3.25275e-11 4.77583e-11 6.9579e-11 1.01497e-10 1.49081e-10 2.21097e-10 3.31102e-10 4.99545e-10 7.56239e-10 1.14277e-09 1.71387e-09 2.53599e-09 3.68061e-09 5.20939e-09 7.15073e-09 9.47294e-09 1.20685e-08 1.4766e-08 1.73614e-08 1.96345e-08 2.13097e-08 2.20286e-08 2.14586e-08 1.95074e-08 1.6457e-08 1.28796e-08 9.3925e-09 6.43734e-09 4.19412e-09 2.63268e-09 1.61442e-09 9.79713e-10 5.94375e-10 3.628e-10 2.2343e-10 1.38925e-10 8.72161e-11 5.53032e-11 3.546e-11 2.30471e-11 1.5248e-11 1.03246e-11 7.18161e-12 5.11775e-12 3.67458e-12 2.5507e-12 1.54639e-12 
8.07841e-12 1.38753e-11 2.14821e-11 3.1963e-11 4.69308e-11 6.88224e-11 1.01497e-10 1.51073e-10 2.27077e-10 3.44004e-10 5.23259e-10 7.95223e-10 1.2009e-09 1.79197e-09 2.62756e-09 3.76536e-09 5.24581e-09 7.07115e-09 9.18701e-09 1.14782e-08 1.37819e-08 1.59048e-08 1.76174e-08 1.86426e-08 1.87002e-08 1.76301e-08 1.55196e-08 1.27189e-08 9.71598e-09 6.95345e-09 4.70164e-09 3.03613e-09 1.89547e-09 1.15828e-09 7.00623e-10 4.23192e-10 2.56705e-10 1.56825e-10 9.66018e-11 6.00412e-11 3.76945e-11 2.39503e-11 1.54546e-11 1.01805e-11 6.88273e-12 4.78667e-12 3.39791e-12 2.3987e-12 1.58026e-12 8.33617e-13 
4.72577e-12 8.68016e-12 1.40251e-11 2.12614e-11 3.15194e-11 4.64883e-11 6.88224e-11 1.0274e-10 1.5486e-10 2.35323e-10 3.59249e-10 5.484e-10 8.32727e-10 1.25109e-09 1.85e-09 2.67863e-09 3.77882e-09 5.16996e-09 6.83268e-09 8.69848e-09 1.06507e-08 1.25342e-08 1.41606e-08 1.53103e-08 1.57565e-08 1.53312e-08 1.40151e-08 1.19864e-08 9.57933e-09 7.16956e-09 5.05248e-09 3.37993e-09 2.16799e-09 1.34818e-09 8.21715e-10 4.95686e-10 2.98211e-10 1.79846e-10 1.09048e-10 6.65902e-11 4.10078e-11 2.55151e-11 1.60869e-11 1.03246e-11 6.78442e-12 4.58726e-12 3.18867e-12 2.24599e-12 1.54067e-12 9.29985e-13 
5.2209e-12 9.00031e-12 1.40282e-11 2.10612e-11 3.12776e-11 4.64883e-11 6.9579e-11 1.05096e-10 1.6006e-10 2.45011e-10 3.7529e-10 5.72329e-10 8.64573e-10 1.28722e-09 1.87968e-09 2.67947e-09 3.71204e-09 4.97807e-09 6.4423e-09 8.0286e-09 9.62252e-09 1.10769e-08 1.22189e-08 1.28671e-08 1.28694e-08 1.21604e-08 1.08071e-08 9.01033e-09 7.04757e-09 5.18587e-09 3.60958e-09 2.3949e-09 1.52864e-09 9.47985e-10 5.76696e-10 3.47083e-10 2.08057e-10 1.24812e-10 7.51637e-11 4.55384e-11 2.78142e-11 1.71745e-11 1.07627e-11 6.88273e-12 4.52037e-12 3.05969e-12 2.12214e-12 1.4726e-12 9.60923e-13 5.06304e-13 
3.06303e-12 5.63051e-12 9.14826e-12 1.39833e-11 2.09468e-11 3.12776e-11 4.69308e-11 7.1005e-11 1.08311e-10 1.66122e-10 2.5511e-10 3.90367e-10 5.92265e-10 8.86676e-10 1.30378e-09 1.87455e-09 2.62415e-09 3.56284e-09 4.67634e-09 5.91906e-09 7.21247e-09 8.448e-09 9.49372e-09 1.02074e-08 1.04606e-08 1.01746e-08 9.35511e-09 8.10654e-09 6.61129e-09 5.07846e-09 3.68565e-09 2.54057e-09 1.67526e-09 1.06558e-09 6.5957e-10 4.00668e-10 2.4066e-10 1.43793e-10 8.58504e-11 5.13854e-11 3.09176e-11 1.87527e-11 1.15083e-11 7.18161e-12 4.58726e-12 3.01641e-12 2.04304e-12 1.408e-12 9.51548e-13 5.70349e-13 
3.3913e-12 5.86519e-12 9.20491e-12 1.39492e-11 2.09468e-11 3.15194e-11 4.77583e-11 7.29333e-11 1.12017e-10 1.7236e-10 2.64449e-10 4.02634e-10 6.05501e-10 8.9541e-10 1.29654e-09 1.8308e-09 2.51161e-09 3.33648e-09 4.28055e-09 5.29313e-09 6.2982e-09 7.19896e-09 7.88727e-09 8.25977e-09 8.24088e-09 7.80718e-09 7.00269e-09 5.93507e-09 4.75037e-09 3.59487e-09 2.5802e-09 1.76523e-09 1.15868e-09 7.35171e-10 4.5444e-10 2.75733e-10 1.65318e-10 9.84839e-11 5.85487e-11 3.48585e-11 2.08514e-11 1.25765e-11 7.68517e-12 4.78667e-12 3.05969e-12 2.01632e-12 1.36448e-12 9.2801e-13 5.98451e-13 3.14486e-13 
1.99729e-12 3.66822e-12 5.98736e-12 9.22266e-12 1.39492e-11 2.10612e-11 3.1963e-11 4.88567e-11 7.51141e-11 1.15754e-10 1.7799e-10 2.71798e-10 4.10294e-10 6.09639e-10 8.87989e-10 1.26304e-09 1.74794e-09 2.34595e-09 3.04514e-09 3.81458e-09 4.60337e-09 5.34312e-09 5.95436e-09 6.35723e-09 6.48661e-09 6.30877e-09 5.83393e-09 5.11885e-09 4.25625e-09 3.3533e-09 2.50668e-09 1.78325e-09 1.21284e-09 7.93309e-10 5.02392e-10 3.102e-10 1.88e-10 1.12517e-10 6.68441e-11 3.95883e-11 2.3464e-11 1.39706e-11 8.39342e-12 5.11775e-12 3.18867e-12 2.04304e-12 1.34901e-12 9.08866e-13 6.03391e-13 3.58185e-13 
2.21402e-12 3.8295e-12 6.0397e-12 9.22266e-12 1.39833e-11 2.12614e-11 3.25275e-11 5.00488e-11 7.72241e-11 1.18974e-10 1.82162e-10 2.75922e-10 4.11714e-10 6.02792e-10 8.62765e-10 1.20299e-09 1.62891e-09 2.13604e-09 2.70655e-09 3.3077e-09 3.89281e-09 4.40522e-09 4.78538e-09 4.98085e-09 4.9575e-09 4.70896e-09 4.26083e-09 3.66714e-09 2.99955e-09 2.33199e-09 1.72555e-09 1.21863e-09 8.24837e-10 5.3793e-10 3.40071e-10 2.09716e-10 1.26931e-10 7.58235e-11 4.49259e-11 2.65191e-11 1.56601e-11 9.29345e-12 5.57242e-12 3.39791e-12 2.12214e-12 1.36448e-12 9.01194e-13 5.99732e-13 3.80588e-13 1.99012e-13 
1.31056e-12 2.39316e-12 3.90556e-12 6.0397e-12 9.20491e-12 1.40282e-11 2.14821e-11 3.3077e-11 5.10938e-11 7.88627e-11 1.21061e-10 1.83983e-10 2.75643e-10 4.0552e-10 5.83728e-10 8.19402e-10 1.11827e-09 1.47975e-09 1.89427e-09 2.34152e-09 2.7906e-09 3.20222e-09 3.53329e-09 3.74348e-09 3.80277e-09 3.69826e-09 3.43814e-09 3.05125e-09 2.5821e-09 2.08226e-09 1.60043e-09 1.17389e-09 8.2376e-10 5.55128e-10 3.6098e-10 2.27743e-10 1.40209e-10 8.47084e-11 5.04909e-11 2.98375e-11 1.75621e-11 1.03436e-11 6.12779e-12 3.67458e-12 2.24599e-12 1.408e-12 9.08866e-13 5.98367e-13 3.89558e-13 2.28767e-13 
1.44738e-12 2.48261e-12 3.90556e-12 5.98736e-12 9.14826e-12 1.40251e-11 2.16101e-11 3.34155e-11 5.167e-11 7.95353e-11 1.21304e-10 1.82515e-10 2.69845e-10 3.90637e-10 5.51912e-10 7.58798e-10 1.01255e-09 1.30848e-09 1.6345e-09 1.97072e-09 2.29058e-09 2.56367e-09 2.76003e-09 2.8552e-09 2.83506e-09 2.69903e-09 2.46081e-09 2.14634e-09 1.78918e-09 1.42466e-09 1.08375e-09 7.88494e-10 5.49916e-10 3.68889e-10 2.39047e-10 1.50396e-10 9.23589e-11 5.56593e-11 3.30895e-11 1.95027e-11 1.14524e-11 6.735e-12 3.99072e-12 2.3987e-12 1.4726e-12 9.2801e-13 5.99732e-13 3.9143e-13 2.4505e-13 1.26296e-13 
8.63627e-13 1.54323e-12 2.48261e-12 3.8295e-12 5.86519e-12 9.00031e-12 1.38753e-11 2.14743e-11 3.32647e-11 5.13518e-11 7.86303e-11 1.18881e-10 1.76744e-10 2.5746e-10 3.66263e-10 5.07393e-10 6.82757e-10 8.90469e-10 1.12364e-09 1.36981e-09 1.61146e-09 1.82764e-09 1.99671e-09 2.09973e-09 2.12379e-09 2.06455e-09 1.92727e-09 1.72606e-09 1.48166e-09 1.21797e-09 9.58276e-10 7.21682e-10 5.20743e-10 3.60745e-10 2.40666e-10 1.55239e-10 9.72762e-11 5.95169e-11 3.57438e-11 2.11827e-11 1.24521e-11 7.30132e-12 4.29481e-12 2.5507e-12 1.54067e-12 9.51548e-13 6.03391e-13 3.89558e-13 2.49969e-13 1.4436e-13 
9.33595e-13 1.54323e-12 2.39316e-12 3.66822e-12 5.63051e-12 8.68016e-12 1.3439e-11 2.08485e-11 3.22785e-11 4.96391e-11 7.54674e-11 1.1294e-10 1.65733e-10 2.37667e-10 3.32084e-10 4.50964e-10 5.93911e-10 7.57219e-10 9.33336e-10 1.11097e-09 1.27601e-09 1.41324e-09 1.50855e-09 1.55126e-09 1.53594e-09 1.4635e-09 1.34101e-09 1.18068e-09 9.97917e-10 8.08997e-10 6.28706e-10 4.6839e-10 3.34808e-10 2.30044e-10 1.52368e-10 9.76557e-11 6.08399e-11 3.70307e-11 2.21383e-11 1.30718e-11 7.66739e-12 4.49348e-12 2.64803e-12 1.58026e-12 9.60923e-13 5.98451e-13 3.80588e-13 2.4505e-13 1.51239e-13 7.86282e-14 
5.59266e-13 9.33595e-13 1.44738e-12 2.21402e-12 3.3913e-12 5.2209e-12 8.07841e-12 1.25409e-11 1.94615e-11 3.00545e-11 4.59665e-11 6.93069e-11 1.02588e-10 1.48529e-10 2.09661e-10 2.87769e-10 3.83184e-10 4.94106e-10 6.16135e-10 7.42209e-10 8.63092e-10 9.68404e-10 1.04806e-09 1.0938e-09 1.10056e-09 1.06729e-09 9.97116e-10 8.96868e-10 7.7603e-10 6.45358e-10 5.1538e-10 3.95019e-10 2.90582e-10 2.05318e-10 1.39591e-10 9.15714e-11 5.81778e-11 3.59616e-11 2.17388e-11 1.29247e-11 7.60172e-12 4.45157e-12 2.61239e-12 1.54639e-12 9.29985e-13 5.70349e-13 3.58185e-13 2.28767e-13 1.4436e-13 8.42411e-14 
5.59266e-13 8.63627e-13 1.31056e-12 1.99729e-12 3.06303e-12 4.72577e-12 7.32666e-12 1.1379e-11 1.76281e-11 2.71144e-11 4.12084e-11 6.16079e-11 9.02259e-11 1.28969e-10 1.79356e-10 2.42034e-10 3.16255e-10 3.99489e-10 4.873e-10 5.736e-10 6.51313e-10 7.1332e-10 7.53529e-10 7.67812e-10 7.54635e-10 7.1527e-10 6.53563e-10 5.75341e-10 4.87572e-10 3.97415e-10 3.11312e-10 2.34254e-10 1.69338e-10 1.17702e-10 7.8811e-11 5.09815e-11 3.19849e-11 1.95556e-11 1.17151e-11 6.91885e-12 4.05328e-12 2.37285e-12 1.3968e-12 8.33617e-13 5.06304e-13 3.14486e-13 1.99012e-13 1.26296e-13 7.86282e-14 4.14832e-14 
