1 101 51
2.67667e-13 4.6321e-13 7.38478e-13 1.18757e-12 1.96252e-12 3.3376e-12 5.80834e-12 1.02505e-11 1.81625e-11 3.1999e-11 5.55252e-11 9.40679e-11 1.54368e-10 2.43726e-10 3.6824e-10 5.3034e-10 7.26389e-10 9.45467e-10 1.17026e-09 1.38002e-09 1.55464e-09 1.67827e-09 1.74144e-09 1.74155e-09 1.68211e-09 1.57137e-09 1.42092e-09 1.24416e-09 1.05492e-09 8.66134e-10 6.88674e-10 5.30524e-10 3.96368e-10 2.87689e-10 2.03329e-10 1.40347e-10 9.49225e-11 6.31265e-11 4.14234e-11 2.69115e-11 1.73656e-11 1.11624e-11 7.16709e-12 4.6051e-12 2.96258e-12 1.90487e-12 1.21763e-12 7.66098e-13 4.67856e-13 2.78303e-13 2.78303e-13 
2.67667e-13 6.22019e-13 1.02637e-12 1.63857e-12 2.66783e-12 4.4731e-12 7.69497e-12 1.3478e-11 2.38267e-11 4.21424e-11 7.39124e-11 1.27421e-10 2.14145e-10 3.48253e-10 5.44583e-10 8.14814e-10 1.16239e-09 1.57788e-09 2.03699e-09 2.50287e-09 2.93242e-09 3.28454e-09 3.52733e-09 3.6423e-09 3.62526e-09 3.48487e-09 3.23991e-09 2.91603e-09 2.54237e-09 2.14825e-09 1.76017e-09 1.39943e-09 1.08067e-09 8.11552e-10 5.93577e-10 4.23553e-10 2.95401e-10 2.01778e-10 1.35299e-10 8.92928e-11 5.81785e-11 3.75469e-11 2.40878e-11 1.5413e-11 9.86312e-12 6.32276e-12 4.05569e-12 2.59167e-12 1.63014e-12 9.55153e-13 2.78303e-13 
6.22019e-13 1.16729e-12 1.87601e-12 3.01146e-12 4.96932e-12 8.43299e-12 1.46196e-11 2.56881e-11 4.53882e-11 8.00094e-11 1.39575e-10 2.39029e-10 3.98809e-10 6.4384e-10 9.99919e-10 1.48698e-09 2.11025e-09 2.85198e-09 3.66788e-09 4.49104e-09 5.24333e-09 5.85045e-09 6.25539e-09 6.42641e-09 6.35892e-09 6.07254e-09 5.60556e-09 5.00804e-09 4.33474e-09 3.63839e-09 2.96423e-09 2.34638e-09 1.80636e-09 1.35387e-09 9.88931e-10 7.04805e-10 4.9077e-10 3.34471e-10 2.23613e-10 1.47073e-10 9.54858e-11 6.14254e-11 3.93059e-11 2.51112e-11 1.6065e-11 1.03065e-11 6.62027e-12 4.22189e-12 2.55216e-12 9.55153e-13 9.55153e-13 
4.6321e-13 1.16729e-12 1.96986e-12 3.12713e-12 5.05698e-12 8.43696e-12 1.44515e-11 2.52036e-11 4.4408e-11 7.84646e-11 1.37993e-10 2.39713e-10 4.08253e-10 6.76951e-10 1.08613e-09 1.67719e-09 2.48151e-09 3.50553e-09 4.71652e-09 6.03617e-09 7.34786e-09 8.5176e-09 9.4215e-09 9.96984e-09 1.01202e-08 9.87916e-09 9.29443e-09 8.44302e-09 7.41704e-09 6.31009e-09 5.20587e-09 4.17024e-09 3.2476e-09 2.46138e-09 1.81741e-09 1.30866e-09 9.20063e-10 6.32544e-10 4.26124e-10 2.82036e-10 1.83996e-10 1.18759e-10 7.61408e-11 4.86837e-11 3.11525e-11 2e-11 1.2885e-11 8.28781e-12 5.16708e-12 2.55216e-12 4.67856e-13 
1.02637e-12 1.96986e-12 3.15227e-12 4.98285e-12 8.11835e-12 1.36673e-11 2.35775e-11 4.13204e-11 7.30022e-11 1.29072e-10 2.26674e-10 3.92491e-10 6.65399e-10 1.09757e-09 1.75173e-09 2.69175e-09 3.96456e-09 5.57495e-09 7.46145e-09 9.48626e-09 1.14505e-08 1.31335e-08 1.43422e-08 1.49512e-08 1.49208e-08 1.42939e-08 1.31769e-08 1.17148e-08 1.00641e-08 8.37037e-09 6.75152e-09 5.28998e-09 4.03206e-09 2.99342e-09 2.16707e-09 1.53167e-09 1.05847e-09 7.16536e-10 4.76344e-10 3.11934e-10 2.0195e-10 1.29775e-10 8.31129e-11 5.32473e-11 3.42286e-11 2.21074e-11 1.43059e-11 9.10998e-12 5.16708e-12 1.63014e-12 1.63014e-12 
7.38478e-13 1.87601e-12 3.15227e-12 4.90722e-12 7.76086e-12 1.27314e-11 2.15797e-11 3.74313e-11 6.58672e-11 1.16676e-10 2.06476e-10 3.62261e-10 6.25573e-10 1.05636e-09 1.73449e-09 2.7555e-09 4.21554e-09 6.18145e-09 8.64834e-09 1.14998e-08 1.44956e-08 1.73043e-08 1.95776e-08 2.10345e-08 2.15225e-08 2.10372e-08 1.97033e-08 1.77329e-08 1.53763e-08 1.28775e-08 1.0441e-08 8.21345e-09 6.28081e-09 4.67656e-09 3.39524e-09 2.40676e-09 1.66825e-09 1.13279e-09 7.55318e-10 4.95997e-10 3.21905e-10 2.07296e-10 1.32999e-10 8.53475e-11 5.49573e-11 3.55814e-11 2.31372e-11 1.49485e-11 9.10998e-12 4.22189e-12 7.66098e-13 
1.63857e-12 3.12713e-12 4.90722e-12 7.53966e-12 1.19536e-11 1.972e-11 3.35933e-11 5.85099e-11 1.03304e-10 1.83408e-10 3.24821e-10 5.69361e-10 9.80726e-10 1.65003e-09 2.69797e-09 4.26801e-09 6.50179e-09 9.48887e-09 1.3196e-08 1.74049e-08 2.17031e-08 2.55549e-08 2.84346e-08 2.9964e-08 2.99973e-08 2.86283e-08 2.61367e-08 2.29035e-08 1.93258e-08 1.57501e-08 1.24329e-08 9.53012e-09 7.1087e-09 5.16919e-09 3.6701e-09 2.54829e-09 1.73357e-09 1.15811e-09 7.61952e-10 4.95413e-10 3.19575e-10 2.05374e-10 1.32015e-10 8.51727e-11 5.52826e-11 3.61005e-11 2.35664e-11 1.49485e-11 8.28781e-12 2.59167e-12 2.59167e-12 
1.18757e-12 3.01146e-12 4.98285e-12 7.53966e-12 1.15212e-11 1.83216e-11 3.03454e-11 5.1866e-11 9.06049e-11 1.60377e-10 2.85215e-10 5.05296e-10 8.84631e-10 1.51978e-09 2.54779e-09 4.14913e-09 6.53639e-09 9.9128e-09 1.43875e-08 1.986e-08 2.59298e-08 3.19066e-08 3.69539e-08 4.032e-08 4.1548e-08 4.05762e-08 3.77053e-08 3.3474e-08 2.85053e-08 2.33744e-08 1.85238e-08 1.42333e-08 1.06331e-08 7.74055e-09 5.50114e-09 3.82354e-09 2.604e-09 1.7417e-09 1.14733e-09 7.46913e-10 4.8242e-10 3.10444e-10 1.99868e-10 1.29203e-10 8.40801e-11 5.51207e-11 3.62703e-11 2.35664e-11 1.43059e-11 6.62027e-12 1.21763e-12 
2.66783e-12 5.05698e-12 7.76086e-12 1.15212e-11 1.75767e-11 2.802e-11 4.65141e-11 7.96517e-11 1.39404e-10 2.47158e-10 4.39943e-10 7.79185e-10 1.36182e-09 2.33275e-09 3.89603e-09 6.31851e-09 9.90975e-09 1.49508e-08 2.15522e-08 2.94723e-08 3.79989e-08 4.60127e-08 5.22635e-08 5.57484e-08 5.60082e-08 5.32124e-08 4.80314e-08 4.1389e-08 3.42121e-08 2.72519e-08 2.10053e-08 1.57218e-08 1.14587e-08 8.15096e-09 5.66994e-09 3.86466e-09 2.58708e-09 1.70566e-09 1.11133e-09 7.18426e-10 4.62792e-10 2.98351e-10 1.93226e-10 1.26069e-10 8.29585e-11 5.49455e-11 3.62703e-11 2.31372e-11 1.2885e-11 4.05569e-12 4.05569e-12 
1.96252e-12 4.96932e-12 8.11835e-12 1.19536e-11 1.75767e-11 2.68118e-11 4.27963e-11 7.10932e-11 1.2181e-10 2.13339e-10 3.78474e-10 6.73674e-10 1.19184e-09 2.07821e-09 3.5478e-09 5.90089e-09 9.52606e-09 1.4863e-08 2.22791e-08 3.18372e-08 4.3024e-08 5.46199e-08 6.48837e-08 7.20476e-08 7.49003e-08 7.31564e-08 6.74529e-08 5.9036e-08 4.93296e-08 3.95754e-08 3.06423e-08 2.29994e-08 1.67935e-08 1.19615e-08 8.32954e-09 5.68287e-09 3.8075e-09 2.51221e-09 1.63795e-09 1.05956e-09 6.83072e-10 4.40846e-10 2.85993e-10 1.87065e-10 1.23544e-10 8.22935e-11 5.49455e-11 3.61005e-11 2.21074e-11 1.03065e-11 1.90487e-12 
4.4731e-12 8.43696e-12 1.27314e-11 1.83216e-11 2.68118e-11 4.08964e-11 6.52706e-11 1.08348e-10 1.85506e-10 3.24739e-10 5.75797e-10 1.0238e-09 1.8076e-09 3.14207e-09 5.34198e-09 8.84218e-09 1.41962e-08 2.20054e-08 3.27085e-08 4.62145e-08 6.15265e-08 7.66517e-08 8.90199e-08 9.63131e-08 9.72885e-08 9.21483e-08 8.23114e-08 6.97964e-08 5.65647e-08 4.40927e-08 3.32424e-08 2.43466e-08 1.73801e-08 1.21246e-08 8.28458e-09 5.55772e-09 3.67081e-09 2.3953e-09 1.5505e-09 1.00024e-09 6.46157e-10 4.19828e-10 2.75266e-10 1.8244e-10 1.22161e-10 8.22935e-11 5.51207e-11 3.55814e-11 2e-11 6.32276e-12 6.32276e-12 
3.3376e-12 8.43299e-12 1.36673e-11 1.972e-11 2.802e-11 4.08964e-11 6.23351e-11 9.93411e-11 1.64561e-10 2.81175e-10 4.91333e-10 8.69614e-10 1.54268e-09 2.71515e-09 4.69996e-09 7.94972e-09 1.308e-08 2.08535e-08 3.20472e-08 4.71027e-08 6.55789e-08 8.56872e-08 1.04354e-07 1.18041e-07 1.24021e-07 1.21401e-07 1.11315e-07 9.6273e-08 7.91433e-08 6.23139e-08 4.73097e-08 3.4824e-08 2.49546e-08 1.74623e-08 1.19625e-08 8.04226e-09 5.32093e-09 3.47653e-09 2.25254e-09 1.45431e-09 9.40377e-10 6.11886e-10 4.02132e-10 2.67457e-10 1.79981e-10 1.22161e-10 8.29585e-11 5.52826e-11 3.42286e-11 1.6065e-11 2.96258e-12 
7.69497e-12 1.44515e-11 2.15797e-11 3.03454e-11 4.27963e-11 6.23351e-11 9.48498e-11 1.50741e-10 2.4886e-10 4.23766e-10 7.3812e-10 1.30213e-09 2.30135e-09 4.03201e-09 6.94072e-09 1.16622e-08 1.90393e-08 3.00722e-08 4.56764e-08 6.61327e-08 9.03351e-08 1.15324e-07 1.36698e-07 1.50032e-07 1.52625e-07 1.44524e-07 1.2825e-07 1.07526e-07 8.59087e-08 6.59306e-08 4.89247e-08 3.52804e-08 2.48144e-08 1.70717e-08 1.15179e-08 7.64236e-09 5.00426e-09 3.24761e-09 2.09932e-09 1.35906e-09 8.85702e-10 5.83478e-10 3.89447e-10 2.63364e-10 1.79981e-10 1.23544e-10 8.40801e-11 5.49573e-11 3.11525e-11 9.86312e-12 9.86312e-12 
5.80834e-12 1.46196e-11 2.35775e-11 3.35933e-11 4.65141e-11 6.52706e-11 9.48498e-11 1.43919e-10 2.27808e-10 3.7431e-10 6.34275e-10 1.09942e-09 1.92982e-09 3.392e-09 5.90519e-09 1.00894e-08 1.68039e-08 2.71476e-08 4.23348e-08 6.32817e-08 8.98051e-08 1.19716e-07 1.48552e-07 1.70604e-07 1.81052e-07 1.7799e-07 1.63042e-07 1.40295e-07 1.14427e-07 8.92451e-08 6.70673e-08 4.88524e-08 3.46432e-08 2.39965e-08 1.62819e-08 1.08532e-08 7.13232e-09 4.64112e-09 3.00614e-09 1.94943e-09 1.27287e-09 8.40747e-10 5.63269e-10 3.82844e-10 2.63364e-10 1.8244e-10 1.26069e-10 8.51727e-11 5.32473e-11 2.51112e-11 4.6051e-12 
1.3478e-11 2.52036e-11 3.74313e-11 5.1866e-11 7.10932e-11 9.93411e-11 1.43919e-10 2.17509e-10 3.42473e-10 5.5924e-10 9.41391e-10 1.62066e-09 2.82457e-09 4.92642e-09 8.50187e-09 1.43797e-08 2.36654e-08 3.76891e-08 5.77491e-08 8.4468e-08 1.16758e-07 1.50951e-07 1.81051e-07 2.00604e-07 2.05384e-07 1.9516e-07 1.73402e-07 1.45373e-07 1.16028e-07 8.88709e-08 6.57523e-08 4.72294e-08 3.30629e-08 2.26302e-08 1.51924e-08 1.00402e-08 6.56137e-09 4.26361e-09 2.77203e-09 1.8146e-09 1.20232e-09 8.08884e-10 5.52785e-10 3.82844e-10 2.67457e-10 1.87065e-10 1.29203e-10 8.53475e-11 4.86837e-11 1.5413e-11 1.5413e-11 
1.02505e-11 2.56881e-11 4.13204e-11 5.85099e-11 7.96517e-11 1.08348e-10 1.50741e-10 2.17509e-10 3.27022e-10 5.11476e-10 8.28659e-10 1.38287e-09 2.35883e-09 4.07104e-09 7.02537e-09 1.19807e-08 1.99874e-08 3.23645e-08 5.05399e-08 7.56018e-08 1.0742e-07 1.43553e-07 1.78774e-07 2.06174e-07 2.19772e-07 2.17118e-07 2.00085e-07 1.73492e-07 1.42798e-07 1.124e-07 8.51273e-08 6.23531e-08 4.43592e-08 3.07644e-08 2.08742e-08 1.39121e-08 9.15126e-09 5.97607e-09 3.90058e-09 2.56242e-09 1.70451e-09 1.15239e-09 7.92379e-10 5.52785e-10 3.89447e-10 2.75266e-10 1.93226e-10 1.32015e-10 8.31129e-11 3.93059e-11 7.16709e-12 
2.38267e-11 4.4408e-11 6.58672e-11 9.06049e-11 1.2181e-10 1.64561e-10 2.27808e-10 3.27022e-10 4.88478e-10 7.57688e-10 1.21544e-09 2.0057e-09 3.37958e-09 5.75615e-09 9.79132e-09 1.64309e-08 2.69071e-08 4.2618e-08 6.4798e-08 9.38607e-08 1.28439e-07 1.6461e-07 1.96223e-07 2.16839e-07 2.22394e-07 2.12836e-07 1.91621e-07 1.63687e-07 1.33566e-07 1.04567e-07 7.88297e-08 5.7442e-08 4.06216e-08 2.79963e-08 1.88906e-08 1.25457e-08 8.25311e-09 5.41778e-09 3.57687e-09 2.39156e-09 1.62667e-09 1.12655e-09 7.92379e-10 5.63269e-10 4.02132e-10 2.85993e-10 1.99868e-10 1.32999e-10 7.61408e-11 2.40878e-11 2.40878e-11 
1.81625e-11 4.53882e-11 7.30022e-11 1.03304e-10 1.39404e-10 1.85506e-10 2.4886e-10 3.42473e-10 4.88478e-10 7.23772e-10 1.11119e-09 1.76042e-09 2.86335e-09 4.74755e-09 7.94473e-09 1.32555e-08 2.17686e-08 3.47698e-08 5.34653e-08 7.84588e-08 1.09012e-07 1.42367e-07 1.73732e-07 1.97455e-07 2.09122e-07 2.07308e-07 1.93843e-07 1.72416e-07 1.46785e-07 1.19942e-07 9.41038e-08 7.09744e-08 5.16267e-08 3.63897e-08 2.49915e-08 1.68265e-08 1.11862e-08 7.4037e-09 4.92198e-09 3.31337e-09 2.27079e-09 1.58637e-09 1.12655e-09 8.08884e-10 5.83478e-10 4.19828e-10 2.98351e-10 2.05374e-10 1.29775e-10 6.14254e-11 1.11624e-11 
4.21424e-11 7.84646e-11 1.16676e-10 1.60377e-10 2.13339e-10 2.81175e-10 3.7431e-10 5.11476e-10 7.23772e-10 1.06174e-09 1.6094e-09 2.50993e-09 4.00734e-09 6.50563e-09 1.06356e-08 1.72955e-08 2.7601e-08 4.26592e-08 6.31124e-08 8.85237e-08 1.16873e-07 1.44585e-07 1.67346e-07 1.81488e-07 1.85276e-07 1.79348e-07 1.65992e-07 1.47795e-07 1.26785e-07 1.04535e-07 8.25576e-08 6.24494e-08 4.54279e-08 3.19797e-08 2.19473e-08 1.48063e-08 9.91218e-09 6.65247e-09 4.51885e-09 3.12707e-09 2.20823e-09 1.58637e-09 1.15239e-09 8.40747e-10 6.11886e-10 4.40846e-10 3.10444e-10 2.07296e-10 1.18759e-10 3.75469e-11 3.75469e-11 
3.1999e-11 8.00094e-11 1.29072e-10 1.83408e-10 2.47158e-10 3.24739e-10 4.23766e-10 5.5924e-10 7.57688e-10 1.06174e-09 1.53827e-09 2.2948e-09 3.50836e-09 5.46953e-09 8.63909e-09 1.3698e-08 2.15403e-08 3.31225e-08 4.90912e-08 6.92307e-08 9.20103e-08 1.14663e-07 1.33978e-07 1.47393e-07 1.53722e-07 1.53239e-07 1.47135e-07 1.36794e-07 1.23256e-07 1.07174e-07 8.93386e-08 7.10343e-08 5.38936e-08 3.92337e-08 2.76353e-08 1.90194e-08 1.29311e-08 8.78989e-09 6.04203e-09 4.2336e-09 3.0305e-09 2.20823e-09 1.62667e-09 1.20232e-09 8.85702e-10 6.46157e-10 4.62792e-10 3.19575e-10 2.0195e-10 9.54858e-11 1.73656e-11 
7.39124e-11 1.37993e-10 2.06476e-10 2.85215e-10 3.78474e-10 4.91333e-10 6.34275e-10 8.28659e-10 1.11119e-09 1.53827e-09 2.19419e-09 3.20818e-09 4.78273e-09 7.23265e-09 1.10275e-08 1.68099e-08 2.5327e-08 3.71867e-08 5.24092e-08 6.9963e-08 8.77212e-08 1.03141e-07 1.14361e-07 1.20894e-07 1.23341e-07 1.22451e-07 1.18563e-07 1.1177e-07 1.0211e-07 8.97449e-08 7.53392e-08 6.01359e-08 4.57004e-08 3.33068e-08 2.35328e-08 1.63281e-08 1.12851e-08 7.87768e-09 5.6094e-09 4.08556e-09 3.0305e-09 2.27079e-09 1.70451e-09 1.27287e-09 9.40377e-10 6.83072e-10 4.8242e-10 3.21905e-10 1.83996e-10 5.81785e-11 5.81785e-11 
5.55252e-11 1.39575e-10 2.26674e-10 3.24821e-10 4.39943e-10 5.75797e-10 7.3812e-10 9.41391e-10 1.21544e-09 1.6094e-09 2.19419e-09 3.06876e-09 4.37455e-09 6.31739e-09 9.19277e-09 1.34052e-08 1.94542e-08 2.78268e-08 3.8723e-08 5.16516e-08 6.52088e-08 7.74298e-08 8.66989e-08 9.26644e-08 9.62557e-08 9.84186e-08 9.89936e-08 9.71682e-08 9.24414e-08 8.48411e-08 7.47204e-08 6.278e-08 5.0115e-08 3.80867e-08 2.78139e-08 1.97977e-08 1.39712e-08 9.94461e-09 7.22915e-09 5.38438e-09 4.08556e-09 3.12707e-09 2.39156e-09 1.8146e-09 1.35906e-09 1.00024e-09 7.18426e-10 4.95413e-10 3.11934e-10 1.47073e-10 2.69115e-11 
1.27421e-10 2.39713e-10 3.62261e-10 5.05296e-10 6.73674e-10 8.69614e-10 1.09942e-09 1.38287e-09 1.76042e-09 2.2948e-09 3.06876e-09 4.18623e-09 5.78012e-09 8.02259e-09 1.11329e-08 1.53803e-08 2.10669e-08 2.84325e-08 3.74121e-08 4.73595e-08 5.70583e-08 6.51917e-08 7.1114e-08 7.53671e-08 7.901e-08 8.20803e-08 8.33799e-08 8.18315e-08 7.73369e-08 7.04418e-08 6.16793e-08 5.15971e-08 4.10502e-08 3.1159e-08 2.28563e-08 1.65275e-08 1.20425e-08 8.98608e-09 6.89059e-09 5.38438e-09 4.2336e-09 3.31337e-09 2.56242e-09 1.94943e-09 1.45431e-09 1.05956e-09 7.46913e-10 4.95997e-10 2.82036e-10 8.92928e-11 8.92928e-11 
9.40679e-11 2.39029e-10 3.92491e-10 5.69361e-10 7.79185e-10 1.0238e-09 1.30213e-09 1.62066e-09 2.0057e-09 2.50993e-09 3.20818e-09 4.18623e-09 5.53373e-09 7.34395e-09 9.71438e-09 1.27501e-08 1.65797e-08 2.13675e-08 2.72424e-08 3.41215e-08 4.15775e-08 4.89008e-08 5.53734e-08 6.07438e-08 6.53952e-08 6.95365e-08 7.23373e-08 7.25483e-08 6.97458e-08 6.45945e-08 5.79679e-08 5.02425e-08 4.16872e-08 3.29424e-08 2.49555e-08 1.8504e-08 1.3825e-08 1.06488e-08 8.48249e-09 6.89059e-09 5.6094e-09 4.51885e-09 3.57687e-09 2.77203e-09 2.09932e-09 1.5505e-09 1.11133e-09 7.61952e-10 4.76344e-10 2.23613e-10 4.14234e-11 
2.14145e-10 4.08253e-10 6.25573e-10 8.84631e-10 1.19184e-09 1.54268e-09 1.92982e-09 2.35883e-09 2.86335e-09 3.50836e-09 4.37455e-09 5.53373e-09 7.03419e-09 8.90013e-09 1.11415e-08 1.37827e-08 1.69079e-08 2.06671e-08 2.52278e-08 3.06987e-08 3.704e-08 4.38981e-08 5.06012e-08 5.65508e-08 6.14421e-08 6.48034e-08 6.57619e-08 6.3733e-08 5.92007e-08 5.33753e-08 4.70494e-08 4.02464e-08 3.29674e-08 2.57447e-08 1.94794e-08 1.48441e-08 1.18347e-08 9.90817e-09 8.48249e-09 7.22915e-09 6.04203e-09 4.92198e-09 3.90058e-09 3.00614e-09 2.25254e-09 1.63795e-09 1.14733e-09 7.55318e-10 4.26124e-10 1.35299e-10 1.35299e-10 
1.54368e-10 3.98809e-10 6.65399e-10 9.80726e-10 1.36182e-09 1.8076e-09 2.30135e-09 2.82457e-09 3.37958e-09 4.00734e-09 4.78273e-09 5.78012e-09 7.03419e-09 8.52917e-09 1.02223e-08 1.20932e-08 1.42028e-08 1.67051e-08 1.98303e-08 2.38836e-08 2.92066e-08 3.59006e-08 4.34406e-08 5.07602e-08 5.68184e-08 6.08908e-08 6.23339e-08 6.06615e-08 5.61283e-08 5.00036e-08 4.36959e-08 3.76926e-08 3.16379e-08 2.53428e-08 1.93699e-08 1.47523e-08 1.20556e-08 1.07545e-08 9.90817e-09 8.98608e-09 7.87768e-09 6.65247e-09 5.41778e-09 4.26361e-09 3.24761e-09 2.3953e-09 1.70566e-09 1.15811e-09 7.16536e-10 3.34471e-10 6.31265e-11 
3.48253e-10 6.76951e-10 1.05636e-09 1.51978e-09 2.07821e-09 2.71515e-09 3.392e-09 4.07104e-09 4.74755e-09 5.46953e-09 6.31739e-09 7.34395e-09 8.52917e-09 9.80156e-09 1.11172e-08 1.2544e-08 1.42732e-08 1.65877e-08 1.98426e-08 2.4463e-08 3.07723e-08 3.85665e-08 4.69136e-08 5.44624e-08 5.99888e-08 6.25795e-08 6.16084e-08 5.70995e-08 5.01445e-08 4.25803e-08 3.58048e-08 2.99619e-08 2.43571e-08 1.86772e-08 1.3716e-08 1.09342e-08 1.04774e-08 1.07545e-08 1.06488e-08 9.94461e-09 8.78989e-09 7.4037e-09 5.97607e-09 4.64112e-09 3.47653e-09 2.51221e-09 1.7417e-09 1.13279e-09 6.32544e-10 2.01778e-10 2.01778e-10 
2.43726e-10 6.4384e-10 1.09757e-09 1.65003e-09 2.33275e-09 3.14207e-09 4.03201e-09 4.92642e-09 5.75615e-09 6.50563e-09 7.23265e-09 8.02259e-09 8.90013e-09 9.80156e-09 1.06629e-08 1.15447e-08 1.26658e-08 1.43721e-08 1.70862e-08 2.12505e-08 2.72422e-08 3.50909e-08 4.41753e-08 5.32795e-08 6.08985e-08 6.56516e-08 6.6441e-08 6.27779e-08 5.53455e-08 4.60443e-08 3.70755e-08 2.97299e-08 2.38176e-08 1.83052e-08 1.27939e-08 8.75601e-09 8.57054e-09 1.04774e-08 1.18347e-08 1.20425e-08 1.12851e-08 9.91218e-09 8.25311e-09 6.56137e-09 5.00426e-09 3.67081e-09 2.58708e-09 1.73357e-09 1.05847e-09 4.9077e-10 9.49225e-11 
5.44583e-10 1.08613e-09 1.73449e-09 2.54779e-09 3.5478e-09 4.69996e-09 5.90519e-09 7.02537e-09 7.94473e-09 8.63909e-09 9.19277e-09 9.71438e-09 1.02223e-08 1.06629e-08 1.1062e-08 1.16126e-08 1.26814e-08 1.47695e-08 1.83922e-08 2.39759e-08 3.17273e-08 4.13512e-08 5.19125e-08 6.1946e-08 6.96705e-08 7.34022e-08 7.19132e-08 6.51483e-08 5.47031e-08 4.32028e-08 3.30026e-08 2.51726e-08 1.91249e-08 1.33873e-08 7.49877e-09 4.98441e-09 8.57054e-09 1.20556e-08 1.3825e-08 1.39712e-08 1.29311e-08 1.11862e-08 9.15126e-09 7.13232e-09 5.32093e-09 3.8075e-09 2.604e-09 1.66825e-09 9.20063e-10 2.95401e-10 2.95401e-10 
3.6824e-10 9.99919e-10 1.75173e-09 2.69797e-09 3.89603e-09 5.34198e-09 6.94072e-09 8.50187e-09 9.79132e-09 1.06356e-08 1.10275e-08 1.11329e-08 1.11415e-08 1.11172e-08 1.1062e-08 1.1076e-08 1.1459e-08 1.27431e-08 1.55501e-08 2.04037e-08 2.76568e-08 3.73508e-08 4.89419e-08 6.12059e-08 7.22559e-08 7.97971e-08 8.17985e-08 7.72293e-08 6.69673e-08 5.36708e-08 4.04459e-08 2.9555e-08 2.17032e-08 1.5737e-08 9.62238e-09 2.68231e-09 4.98441e-09 1.09342e-08 1.48441e-08 1.65275e-08 1.63281e-08 1.48063e-08 1.25457e-08 1.00402e-08 7.64236e-09 5.55772e-09 3.86466e-09 2.54829e-09 1.53167e-09 7.04805e-10 1.40347e-10 
8.14814e-10 1.67719e-09 2.7555e-09 4.14913e-09 5.90089e-09 7.94972e-09 1.00894e-08 1.19807e-08 1.32555e-08 1.3698e-08 1.34052e-08 1.27501e-08 1.20932e-08 1.15447e-08 1.1076e-08 1.08055e-08 1.11837e-08 1.29206e-08 1.66728e-08 2.29103e-08 3.19275e-08 4.36473e-08 5.72933e-08 7.11964e-08 8.27802e-08 8.91659e-08 8.82896e-08 7.99453e-08 6.63144e-08 5.08809e-08 3.68354e-08 2.61423e-08 1.90346e-08 1.35503e-08 7.3741e-09 2.68231e-09 8.75601e-09 1.47523e-08 1.8504e-08 1.97977e-08 1.90194e-08 1.68265e-08 1.39121e-08 1.08532e-08 8.04226e-09 5.68287e-09 3.82354e-09 2.40676e-09 1.30866e-09 4.23553e-10 4.23553e-10 
5.3034e-10 1.48698e-09 2.69175e-09 4.26801e-09 6.31851e-09 8.84218e-09 1.16622e-08 1.43797e-08 1.64309e-08 1.72955e-08 1.68099e-08 1.53803e-08 1.37827e-08 1.2544e-08 1.16126e-08 1.08055e-08 1.03268e-08 1.08588e-08 1.32345e-08 1.80292e-08 2.566e-08 3.64049e-08 5.00491e-08 6.54237e-08 8.0151e-08 9.09255e-08 9.46798e-08 9.00058e-08 7.80397e-08 6.2043e-08 4.57539e-08 3.20757e-08 2.26834e-08 1.71463e-08 1.24895e-08 7.3741e-09 7.49877e-09 1.3716e-08 1.94794e-08 2.28563e-08 2.35328e-08 2.19473e-08 1.88906e-08 1.51924e-08 1.15179e-08 8.28458e-09 5.66994e-09 3.6701e-09 2.16707e-09 9.88931e-10 2.03329e-10 
1.16239e-09 2.48151e-09 4.21554e-09 6.53639e-09 9.52606e-09 1.308e-08 1.68039e-08 1.99874e-08 2.17686e-08 2.15403e-08 1.94542e-08 1.65797e-08 1.42028e-08 1.26658e-08 1.1459e-08 1.03268e-08 9.71176e-09 1.05518e-08 1.36513e-08 1.94349e-08 2.83299e-08 4.05553e-08 5.5543e-08 7.1465e-08 8.52404e-08 9.33723e-08 9.33974e-08 8.51318e-08 7.08586e-08 5.42055e-08 3.8566e-08 2.65229e-08 1.96546e-08 1.61593e-08 1.24895e-08 9.62238e-09 1.27939e-08 1.93699e-08 2.49555e-08 2.78139e-08 2.76353e-08 2.49915e-08 2.08742e-08 1.62819e-08 1.19625e-08 8.32954e-09 5.50114e-09 3.39524e-09 1.81741e-09 5.93577e-10 5.93577e-10 
7.26389e-10 2.11025e-09 3.96456e-09 6.50179e-09 9.90975e-09 1.41962e-08 1.90393e-08 2.36654e-08 2.69071e-08 2.7601e-08 2.5327e-08 2.10669e-08 1.69079e-08 1.42732e-08 1.26814e-08 1.11837e-08 9.71176e-09 9.0503e-09 1.02952e-08 1.40444e-08 2.06286e-08 3.04753e-08 4.34698e-08 5.83932e-08 7.28099e-08 8.35613e-08 8.78373e-08 8.43486e-08 7.39675e-08 5.94003e-08 4.38782e-08 3.02161e-08 2.12103e-08 1.78291e-08 1.61593e-08 1.35503e-08 1.33873e-08 1.86772e-08 2.57447e-08 3.1159e-08 3.33068e-08 3.19797e-08 2.79963e-08 2.26302e-08 1.70717e-08 1.21246e-08 8.15096e-09 5.16919e-09 2.99342e-09 1.35387e-09 2.87689e-10 
1.57788e-09 3.50553e-09 6.18145e-09 9.9128e-09 1.4863e-08 2.08535e-08 2.71476e-08 3.23645e-08 3.47698e-08 3.31225e-08 2.78268e-08 2.13675e-08 1.67051e-08 1.43721e-08 1.27431e-08 1.08588e-08 9.0503e-09 8.41941e-09 1.00271e-08 1.42162e-08 2.12943e-08 3.14159e-08 4.38026e-08 5.66862e-08 6.76554e-08 7.42903e-08 7.49422e-08 6.93372e-08 5.88159e-08 4.57842e-08 3.26623e-08 2.21914e-08 1.77308e-08 1.78291e-08 1.71463e-08 1.5737e-08 1.83052e-08 2.53428e-08 3.29424e-08 3.80867e-08 3.92337e-08 3.63897e-08 3.07644e-08 2.39965e-08 1.74623e-08 1.19615e-08 7.74055e-09 4.67656e-09 2.46138e-09 8.11552e-10 8.11552e-10 
9.45467e-10 2.85198e-09 5.57495e-09 9.48887e-09 1.49508e-08 2.20054e-08 3.00722e-08 3.76891e-08 4.2618e-08 4.26592e-08 3.71867e-08 2.84325e-08 2.06671e-08 1.65877e-08 1.47695e-08 1.29206e-08 1.05518e-08 8.41941e-09 7.81358e-09 9.61076e-09 1.39763e-08 2.10306e-08 3.03079e-08 4.05046e-08 4.9911e-08 5.67792e-08 5.97061e-08 5.79903e-08 5.19265e-08 4.28195e-08 3.23624e-08 2.24098e-08 1.66847e-08 1.77308e-08 1.96546e-08 1.90346e-08 1.91249e-08 2.43571e-08 3.29674e-08 4.10502e-08 4.57004e-08 4.54279e-08 4.06216e-08 3.30629e-08 2.48144e-08 1.73801e-08 1.14587e-08 7.1087e-09 4.03206e-09 1.80636e-09 3.96368e-10 
2.03699e-09 4.71652e-09 8.64834e-09 1.43875e-08 2.22791e-08 3.20472e-08 4.23348e-08 5.05399e-08 5.34653e-08 4.90912e-08 3.8723e-08 2.72424e-08 1.98303e-08 1.70862e-08 1.55501e-08 1.32345e-08 1.02952e-08 7.81358e-09 7.14472e-09 8.94138e-09 1.31633e-08 1.94408e-08 2.67967e-08 3.39721e-08 3.97797e-08 4.32289e-08 4.3666e-08 4.0959e-08 3.56397e-08 2.86999e-08 2.11357e-08 1.54014e-08 1.66847e-08 2.12103e-08 2.26834e-08 2.17032e-08 2.38176e-08 3.16379e-08 4.16872e-08 5.0115e-08 5.38936e-08 5.16267e-08 4.43592e-08 3.46432e-08 2.49546e-08 1.67935e-08 1.06331e-08 6.28081e-09 3.2476e-09 1.08067e-09 1.08067e-09 
1.17026e-09 3.66788e-09 7.46145e-09 1.3196e-08 2.15522e-08 3.27085e-08 4.56764e-08 5.77491e-08 6.4798e-08 6.31124e-08 5.24092e-08 3.74121e-08 2.52278e-08 1.98426e-08 1.83922e-08 1.66728e-08 1.36513e-08 1.00271e-08 7.14472e-09 6.34701e-09 7.9998e-09 1.16789e-08 1.65502e-08 2.16113e-08 2.5995e-08 2.90318e-08 3.0239e-08 2.94046e-08 2.67184e-08 2.27633e-08 1.81235e-08 1.39291e-08 1.54014e-08 2.21914e-08 2.65229e-08 2.61423e-08 2.51726e-08 2.99619e-08 4.02464e-08 5.15971e-08 6.01359e-08 6.24494e-08 5.7442e-08 4.72294e-08 3.52804e-08 2.43466e-08 1.57218e-08 9.53012e-09 5.28998e-09 2.34638e-09 5.30524e-10 
2.50287e-09 6.03617e-09 1.14998e-08 1.986e-08 3.18372e-08 4.71027e-08 6.32817e-08 7.56018e-08 7.84588e-08 6.92307e-08 5.16516e-08 3.41215e-08 2.38836e-08 2.12505e-08 2.04037e-08 1.80292e-08 1.40444e-08 9.61076e-09 6.34701e-09 5.44737e-09 6.83219e-09 9.66642e-09 1.30055e-08 1.61079e-08 1.847e-08 1.97496e-08 1.97586e-08 1.85524e-08 1.65121e-08 1.41522e-08 1.20401e-08 1.39291e-08 2.24098e-08 3.02161e-08 3.20757e-08 2.9555e-08 2.97299e-08 3.76926e-08 5.02425e-08 6.278e-08 7.10343e-08 7.09744e-08 6.23531e-08 4.88524e-08 3.4824e-08 2.29994e-08 1.42333e-08 8.21345e-09 4.17024e-09 1.39943e-09 1.39943e-09 
1.38002e-09 4.49104e-09 9.48626e-09 1.74049e-08 2.94723e-08 4.62145e-08 6.61327e-08 8.4468e-08 9.38607e-08 8.85237e-08 6.9963e-08 4.73595e-08 3.06987e-08 2.4463e-08 2.39759e-08 2.29103e-08 1.94349e-08 1.42162e-08 8.94138e-09 5.44737e-09 4.52914e-09 5.56838e-09 7.53302e-09 9.62143e-09 1.13564e-08 1.24644e-08 1.27966e-08 1.23532e-08 1.13788e-08 1.03582e-08 9.81217e-09 1.20401e-08 2.11357e-08 3.26623e-08 3.8566e-08 3.68354e-08 3.30026e-08 3.58048e-08 4.70494e-08 6.16793e-08 7.53392e-08 8.25576e-08 7.88297e-08 6.57523e-08 4.89247e-08 3.32424e-08 2.10053e-08 1.24329e-08 6.75152e-09 2.96423e-09 6.88674e-10 
2.93242e-09 7.34786e-09 1.44956e-08 2.59298e-08 4.3024e-08 6.55789e-08 8.98051e-08 1.0742e-07 1.09012e-07 9.20103e-08 6.52088e-08 4.15775e-08 2.92066e-08 2.72422e-08 2.76568e-08 2.566e-08 2.06286e-08 1.39763e-08 7.9998e-09 4.52914e-09 3.68489e-09 4.39995e-09 5.66797e-09 6.89184e-09 7.78227e-09 8.20959e-09 8.15661e-09 7.7703e-09 7.43036e-09 7.64363e-09 9.81217e-09 1.81235e-08 3.23624e-08 4.38782e-08 4.57539e-08 4.04459e-08 3.70755e-08 4.36959e-08 5.79679e-08 7.47204e-08 8.93386e-08 9.41038e-08 8.51273e-08 6.70673e-08 4.73097e-08 3.06423e-08 1.85238e-08 1.0441e-08 5.20587e-09 1.76017e-09 1.76017e-09 
1.55464e-09 5.24333e-09 1.14505e-08 2.17031e-08 3.79989e-08 6.15265e-08 9.03351e-08 1.16758e-07 1.28439e-07 1.16873e-07 8.77212e-08 5.70583e-08 3.704e-08 3.07723e-08 3.17273e-08 3.19275e-08 2.83299e-08 2.12943e-08 1.31633e-08 6.83219e-09 3.68489e-09 2.99172e-09 3.46018e-09 4.23999e-09 4.91978e-09 5.34323e-09 5.48426e-09 5.4322e-09 5.43867e-09 5.88784e-09 7.64363e-09 1.41522e-08 2.86999e-08 4.57842e-08 5.42055e-08 5.08809e-08 4.32028e-08 4.25803e-08 5.33753e-08 7.04418e-08 8.97449e-08 1.04535e-07 1.04567e-07 8.88709e-08 6.59306e-08 4.40927e-08 2.72519e-08 1.57501e-08 8.37037e-09 3.63839e-09 8.66134e-10 
3.28454e-09 8.5176e-09 1.73043e-08 3.19066e-08 5.46199e-08 8.56872e-08 1.19716e-07 1.43553e-07 1.42367e-07 1.14663e-07 7.74298e-08 4.89008e-08 3.59006e-08 3.50909e-08 3.73508e-08 3.64049e-08 3.04753e-08 2.10306e-08 1.16789e-08 5.56838e-09 2.99172e-09 2.47378e-09 2.76527e-09 3.22148e-09 3.58607e-09 3.80359e-09 3.92876e-09 4.11709e-09 4.60634e-09 5.88784e-09 1.03582e-08 2.27633e-08 4.28195e-08 5.94003e-08 6.2043e-08 5.36708e-08 4.60443e-08 5.00036e-08 6.45945e-08 8.48411e-08 1.07174e-07 1.19942e-07 1.124e-07 8.92451e-08 6.23139e-08 3.95754e-08 2.33744e-08 1.28775e-08 6.31009e-09 2.14825e-09 2.14825e-09 
1.67827e-09 5.85045e-09 1.31335e-08 2.55549e-08 4.60127e-08 7.66517e-08 1.15324e-07 1.50951e-07 1.6461e-07 1.44585e-07 1.03141e-07 6.51917e-08 4.38981e-08 3.85665e-08 4.13512e-08 4.36473e-08 4.05553e-08 3.14159e-08 1.94408e-08 9.66642e-09 4.39995e-09 2.47378e-09 2.09627e-09 2.25185e-09 2.50176e-09 2.71388e-09 2.90662e-09 3.17651e-09 3.65993e-09 4.60634e-09 7.43036e-09 1.65121e-08 3.56397e-08 5.88159e-08 7.08586e-08 6.63144e-08 5.47031e-08 5.01445e-08 5.92007e-08 7.73369e-08 1.0211e-07 1.26785e-07 1.33566e-07 1.16028e-07 8.59087e-08 5.65647e-08 3.42121e-08 1.93258e-08 1.00641e-08 4.33474e-09 1.05492e-09 
3.52733e-09 9.4215e-09 1.95776e-08 3.69539e-08 6.48837e-08 1.04354e-07 1.48552e-07 1.78774e-07 1.73732e-07 1.33978e-07 8.66989e-08 5.53734e-08 4.34406e-08 4.41753e-08 4.89419e-08 5.00491e-08 4.34698e-08 3.03079e-08 1.65502e-08 7.53302e-09 3.46018e-09 2.09627e-09 1.79463e-09 1.84124e-09 1.97604e-09 2.15757e-09 2.43943e-09 2.90043e-09 3.65993e-09 5.43867e-09 1.13788e-08 2.67184e-08 5.19265e-08 7.39675e-08 7.80397e-08 6.69673e-08 5.53455e-08 5.61283e-08 6.97458e-08 9.24414e-08 1.23256e-07 1.46785e-07 1.42798e-07 1.14427e-07 7.91433e-08 4.93296e-08 2.85053e-08 1.53763e-08 7.41704e-09 2.54237e-09 2.54237e-09 
1.74144e-09 6.25539e-09 1.43422e-08 2.84346e-08 5.22635e-08 8.90199e-08 1.36698e-07 1.81051e-07 1.96223e-07 1.67346e-07 1.14361e-07 7.1114e-08 5.06012e-08 4.69136e-08 5.19125e-08 5.72933e-08 5.5543e-08 4.38026e-08 2.67967e-08 1.30055e-08 5.66797e-09 2.76527e-09 1.79463e-09 1.51084e-09 1.48066e-09 1.58323e-09 1.82612e-09 2.24765e-09 2.90043e-09 4.11709e-09 7.7703e-09 1.85524e-08 4.0959e-08 6.93372e-08 8.51318e-08 7.99453e-08 6.51483e-08 5.70995e-08 6.3733e-08 8.18315e-08 1.1177e-07 1.47795e-07 1.63687e-07 1.45373e-07 1.07526e-07 6.97964e-08 4.1389e-08 2.29035e-08 1.17148e-08 5.00804e-09 1.24416e-09 
3.6423e-09 9.96984e-09 2.10345e-08 4.032e-08 7.20476e-08 1.18041e-07 1.70604e-07 2.06174e-07 1.97455e-07 1.47393e-07 9.26644e-08 6.07438e-08 5.07602e-08 5.32795e-08 6.12059e-08 6.54237e-08 5.83932e-08 4.05046e-08 2.16113e-08 9.62143e-09 4.23999e-09 2.25185e-09 1.51084e-09 1.214e-09 1.15394e-09 1.30665e-09 1.67115e-09 2.24765e-09 3.17651e-09 5.4322e-09 1.23532e-08 2.94046e-08 5.79903e-08 8.43486e-08 9.00058e-08 7.72293e-08 6.27779e-08 6.06615e-08 7.25483e-08 9.71682e-08 1.36794e-07 1.72416e-07 1.73492e-07 1.40295e-07 9.6273e-08 5.9036e-08 3.3474e-08 1.77329e-08 8.44302e-09 2.91603e-09 2.91603e-09 
1.74155e-09 6.42641e-09 1.49512e-08 2.9964e-08 5.57484e-08 9.63131e-08 1.50032e-07 2.00604e-07 2.16839e-07 1.81488e-07 1.20894e-07 7.53671e-08 5.65508e-08 5.44624e-08 6.1946e-08 7.11964e-08 7.1465e-08 5.66862e-08 3.39721e-08 1.61079e-08 6.89184e-09 3.22148e-09 1.84124e-09 1.214e-09 9.00866e-10 8.78025e-10 1.15896e-09 1.67115e-09 2.43943e-09 3.92876e-09 8.15661e-09 1.97586e-08 4.3666e-08 7.49422e-08 9.33974e-08 8.82896e-08 7.19132e-08 6.16084e-08 6.57619e-08 8.33799e-08 1.18563e-07 1.65992e-07 1.91621e-07 1.73402e-07 1.2825e-07 8.23114e-08 4.80314e-08 2.61367e-08 1.31769e-08 5.60556e-09 1.42092e-09 
3.62526e-09 1.01202e-08 2.15225e-08 4.1548e-08 7.49003e-08 1.24021e-07 1.81052e-07 2.19772e-07 2.09122e-07 1.53722e-07 9.62557e-08 6.53952e-08 5.68184e-08 6.08985e-08 7.22559e-08 8.0151e-08 7.28099e-08 4.9911e-08 2.5995e-08 1.13564e-08 4.91978e-09 2.50176e-09 1.48066e-09 9.00866e-10 5.88425e-10 7.04437e-10 1.15896e-09 1.82612e-09 2.90662e-09 5.48426e-09 1.27966e-08 3.0239e-08 5.97061e-08 8.78373e-08 9.46798e-08 8.17985e-08 6.6441e-08 6.23339e-08 7.23373e-08 9.89936e-08 1.47135e-07 1.93843e-07 2.00085e-07 1.63042e-07 1.11315e-07 6.74529e-08 3.77053e-08 1.97033e-08 9.29443e-09 3.23991e-09 3.23991e-09 
1.68211e-09 6.35892e-09 1.49208e-08 2.99973e-08 5.60082e-08 9.72885e-08 1.52625e-07 2.05384e-07 2.22394e-07 1.85276e-07 1.23341e-07 7.901e-08 6.14421e-08 5.99888e-08 6.96705e-08 8.27802e-08 8.52404e-08 6.76554e-08 3.97797e-08 1.847e-08 7.78227e-09 3.58607e-09 1.97604e-09 1.15394e-09 5.88425e-10 3.30618e-10 7.04437e-10 1.30665e-09 2.15757e-09 3.80359e-09 8.20959e-09 1.97496e-08 4.32289e-08 7.42903e-08 9.33723e-08 8.91659e-08 7.34022e-08 6.25795e-08 6.48034e-08 8.20803e-08 1.22451e-07 1.79348e-07 2.12836e-07 1.9516e-07 1.44524e-07 9.21483e-08 5.32124e-08 2.86283e-08 1.42939e-08 6.07254e-09 1.57137e-09 
3.48487e-09 9.87916e-09 2.10372e-08 4.05762e-08 7.31564e-08 1.21401e-07 1.7799e-07 2.17118e-07 2.07308e-07 1.53239e-07 9.84186e-08 6.95365e-08 6.08908e-08 6.56516e-08 7.97971e-08 9.09255e-08 8.35613e-08 5.67792e-08 2.90318e-08 1.24644e-08 5.34323e-09 2.71388e-09 1.58323e-09 8.78025e-10 3.30618e-10 3.30618e-10 8.78025e-10 1.58323e-09 2.71388e-09 5.34323e-09 1.24644e-08 2.90318e-08 5.67792e-08 8.35613e-08 9.09255e-08 7.97971e-08 6.56516e-08 6.08908e-08 6.95365e-08 9.84186e-08 1.53239e-07 2.07308e-07 2.17118e-07 1.7799e-07 1.21401e-07 7.31564e-08 4.05762e-08 2.10372e-08 9.87916e-09 3.48487e-09 3.48487e-09 
1.57137e-09 6.07254e-09 1.42939e-08 2.86283e-08 5.32124e-08 9.21483e-08 1.44524e-07 1.9516e-07 2.12836e-07 1.79348e-07 1.22451e-07 8.20803e-08 6.48034e-08 6.25795e-08 7.34022e-08 8.91659e-08 9.33723e-08 7.42903e-08 4.32289e-08 1.97496e-08 8.20959e-09 3.80359e-09 2.15757e-09 1.30665e-09 7.04437e-10 3.30618e-10 5.88425e-10 1.15394e-09 1.97604e-09 3.58607e-09 7.78227e-09 1.847e-08 3.97797e-08 6.76554e-08 8.52404e-08 8.27802e-08 6.96705e-08 5.99888e-08 6.14421e-08 7.901e-08 1.23341e-07 1.85276e-07 2.22394e-07 2.05384e-07 1.52625e-07 9.72885e-08 5.60082e-08 2.99973e-08 1.49208e-08 6.35892e-09 1.68211e-09 
3.23991e-09 9.29443e-09 1.97033e-08 3.77053e-08 6.74529e-08 1.11315e-07 1.63042e-07 2.00085e-07 1.93843e-07 1.47135e-07 9.89936e-08 7.23373e-08 6.23339e-08 6.6441e-08 8.17985e-08 9.46798e-08 8.78373e-08 5.97061e-08 3.0239e-08 1.27966e-08 5.48426e-09 2.90662e-09 1.82612e-09 1.15896e-09 7.04437e-10 5.88425e-10 9.00866e-10 1.48066e-09 2.50176e-09 4.91978e-09 1.13564e-08 2.5995e-08 4.9911e-08 7.28099e-08 8.0151e-08 7.22559e-08 6.08985e-08 5.68184e-08 6.53952e-08 9.62557e-08 1.53722e-07 2.09122e-07 2.19772e-07 1.81052e-07 1.24021e-07 7.49003e-08 4.1548e-08 2.15225e-08 1.01202e-08 3.62526e-09 3.62526e-09 
1.42092e-09 5.60556e-09 1.31769e-08 2.61367e-08 4.80314e-08 8.23114e-08 1.2825e-07 1.73402e-07 1.91621e-07 1.65992e-07 1.18563e-07 8.33799e-08 6.57619e-08 6.16084e-08 7.19132e-08 8.82896e-08 9.33974e-08 7.49422e-08 4.3666e-08 1.97586e-08 8.15661e-09 3.92876e-09 2.43943e-09 1.67115e-09 1.15896e-09 8.78025e-10 9.00866e-10 1.214e-09 1.84124e-09 3.22148e-09 6.89184e-09 1.61079e-08 3.39721e-08 5.66862e-08 7.1465e-08 7.11964e-08 6.1946e-08 5.44624e-08 5.65508e-08 7.53671e-08 1.20894e-07 1.81488e-07 2.16839e-07 2.00604e-07 1.50032e-07 9.63131e-08 5.57484e-08 2.9964e-08 1.49512e-08 6.42641e-09 1.74155e-09 
2.91603e-09 8.44302e-09 1.77329e-08 3.3474e-08 5.9036e-08 9.6273e-08 1.40295e-07 1.73492e-07 1.72416e-07 1.36794e-07 9.71682e-08 7.25483e-08 6.06615e-08 6.27779e-08 7.72293e-08 9.00058e-08 8.43486e-08 5.79903e-08 2.94046e-08 1.23532e-08 5.4322e-09 3.17651e-09 2.24765e-09 1.67115e-09 1.30665e-09 1.15394e-09 1.214e-09 1.51084e-09 2.25185e-09 4.23999e-09 9.62143e-09 2.16113e-08 4.05046e-08 5.83932e-08 6.54237e-08 6.12059e-08 5.32795e-08 5.07602e-08 6.07438e-08 9.26644e-08 1.47393e-07 1.97455e-07 2.06174e-07 1.70604e-07 1.18041e-07 7.20476e-08 4.032e-08 2.10345e-08 9.96984e-09 3.6423e-09 3.6423e-09 
1.24416e-09 5.00804e-09 1.17148e-08 2.29035e-08 4.1389e-08 6.97964e-08 1.07526e-07 1.45373e-07 1.63687e-07 1.47795e-07 1.1177e-07 8.18315e-08 6.3733e-08 5.70995e-08 6.51483e-08 7.99453e-08 8.51318e-08 6.93372e-08 4.0959e-08 1.85524e-08 7.7703e-09 4.11709e-09 2.90043e-09 2.24765e-09 1.82612e-09 1.58323e-09 1.48066e-09 1.51084e-09 1.79463e-09 2.76527e-09 5.66797e-09 1.30055e-08 2.67967e-08 4.38026e-08 5.5543e-08 5.72933e-08 5.19125e-08 4.69136e-08 5.06012e-08 7.1114e-08 1.14361e-07 1.67346e-07 1.96223e-07 1.81051e-07 1.36698e-07 8.90199e-08 5.22635e-08 2.84346e-08 1.43422e-08 6.25539e-09 1.74144e-09 
2.54237e-09 7.41704e-09 1.53763e-08 2.85053e-08 4.93296e-08 7.91433e-08 1.14427e-07 1.42798e-07 1.46785e-07 1.23256e-07 9.24414e-08 6.97458e-08 5.61283e-08 5.53455e-08 6.69673e-08 7.80397e-08 7.39675e-08 5.19265e-08 2.67184e-08 1.13788e-08 5.43867e-09 3.65993e-09 2.90043e-09 2.43943e-09 2.15757e-09 1.97604e-09 1.84124e-09 1.79463e-09 2.09627e-09 3.46018e-09 7.53302e-09 1.65502e-08 3.03079e-08 4.34698e-08 5.00491e-08 4.89419e-08 4.41753e-08 4.34406e-08 5.53734e-08 8.66989e-08 1.33978e-07 1.73732e-07 1.78774e-07 1.48552e-07 1.04354e-07 6.48837e-08 3.69539e-08 1.95776e-08 9.4215e-09 3.52733e-09 3.52733e-09 
1.05492e-09 4.33474e-09 1.00641e-08 1.93258e-08 3.42121e-08 5.65647e-08 8.59087e-08 1.16028e-07 1.33566e-07 1.26785e-07 1.0211e-07 7.73369e-08 5.92007e-08 5.01445e-08 5.47031e-08 6.63144e-08 7.08586e-08 5.88159e-08 3.56397e-08 1.65121e-08 7.43036e-09 4.60634e-09 3.65993e-09 3.17651e-09 2.90662e-09 2.71388e-09 2.50176e-09 2.25185e-09 2.09627e-09 2.47378e-09 4.39995e-09 9.66642e-09 1.94408e-08 3.14159e-08 4.05553e-08 4.36473e-08 4.13512e-08 3.85665e-08 4.38981e-08 6.51917e-08 1.03141e-07 1.44585e-07 1.6461e-07 1.50951e-07 1.15324e-07 7.66517e-08 4.60127e-08 2.55549e-08 1.31335e-08 5.85045e-09 1.67827e-09 
2.14825e-09 6.31009e-09 1.28775e-08 2.33744e-08 3.95754e-08 6.23139e-08 8.92451e-08 1.124e-07 1.19942e-07 1.07174e-07 8.48411e-08 6.45945e-08 5.00036e-08 4.60443e-08 5.36708e-08 6.2043e-08 5.94003e-08 4.28195e-08 2.27633e-08 1.03582e-08 5.88784e-09 4.60634e-09 4.11709e-09 3.92876e-09 3.80359e-09 3.58607e-09 3.22148e-09 2.76527e-09 2.47378e-09 2.99172e-09 5.56838e-09 1.16789e-08 2.10306e-08 3.04753e-08 3.64049e-08 3.73508e-08 3.50909e-08 3.59006e-08 4.89008e-08 7.74298e-08 1.14663e-07 1.42367e-07 1.43553e-07 1.19716e-07 8.56872e-08 5.46199e-08 3.19066e-08 1.73043e-08 8.5176e-09 3.28454e-09 3.28454e-09 
8.66134e-10 3.63839e-09 8.37037e-09 1.57501e-08 2.72519e-08 4.40927e-08 6.59306e-08 8.88709e-08 1.04567e-07 1.04535e-07 8.97449e-08 7.04418e-08 5.33753e-08 4.25803e-08 4.32028e-08 5.08809e-08 5.42055e-08 4.57842e-08 2.86999e-08 1.41522e-08 7.64363e-09 5.88784e-09 5.43867e-09 5.4322e-09 5.48426e-09 5.34323e-09 4.91978e-09 4.23999e-09 3.46018e-09 2.99172e-09 3.68489e-09 6.83219e-09 1.31633e-08 2.12943e-08 2.83299e-08 3.19275e-08 3.17273e-08 3.07723e-08 3.704e-08 5.70583e-08 8.77212e-08 1.16873e-07 1.28439e-07 1.16758e-07 9.03351e-08 6.15265e-08 3.79989e-08 2.17031e-08 1.14505e-08 5.24333e-09 1.55464e-09 
1.76017e-09 5.20587e-09 1.0441e-08 1.85238e-08 3.06423e-08 4.73097e-08 6.70673e-08 8.51273e-08 9.41038e-08 8.93386e-08 7.47204e-08 5.79679e-08 4.36959e-08 3.70755e-08 4.04459e-08 4.57539e-08 4.38782e-08 3.23624e-08 1.81235e-08 9.81217e-09 7.64363e-09 7.43036e-09 7.7703e-09 8.15661e-09 8.20959e-09 7.78227e-09 6.89184e-09 5.66797e-09 4.39995e-09 3.68489e-09 4.52914e-09 7.9998e-09 1.39763e-08 2.06286e-08 2.566e-08 2.76568e-08 2.72422e-08 2.92066e-08 4.15775e-08 6.52088e-08 9.20103e-08 1.09012e-07 1.0742e-07 8.98051e-08 6.55789e-08 4.3024e-08 2.59298e-08 1.44956e-08 7.34786e-09 2.93242e-09 2.93242e-09 
6.88674e-10 2.96423e-09 6.75152e-09 1.24329e-08 2.10053e-08 3.32424e-08 4.89247e-08 6.57523e-08 7.88297e-08 8.25576e-08 7.53392e-08 6.16793e-08 4.70494e-08 3.58048e-08 3.30026e-08 3.68354e-08 3.8566e-08 3.26623e-08 2.11357e-08 1.20401e-08 9.81217e-09 1.03582e-08 1.13788e-08 1.23532e-08 1.27966e-08 1.24644e-08 1.13564e-08 9.62143e-09 7.53302e-09 5.56838e-09 4.52914e-09 5.44737e-09 8.94138e-09 1.42162e-08 1.94349e-08 2.29103e-08 2.39759e-08 2.4463e-08 3.06987e-08 4.73595e-08 6.9963e-08 8.85237e-08 9.38607e-08 8.4468e-08 6.61327e-08 4.62145e-08 2.94723e-08 1.74049e-08 9.48626e-09 4.49104e-09 1.38002e-09 
1.39943e-09 4.17024e-09 8.21345e-09 1.42333e-08 2.29994e-08 3.4824e-08 4.88524e-08 6.23531e-08 7.09744e-08 7.10343e-08 6.278e-08 5.02425e-08 3.76926e-08 2.97299e-08 2.9555e-08 3.20757e-08 3.02161e-08 2.24098e-08 1.39291e-08 1.20401e-08 1.41522e-08 1.65121e-08 1.85524e-08 1.97586e-08 1.97496e-08 1.847e-08 1.61079e-08 1.30055e-08 9.66642e-09 6.83219e-09 5.44737e-09 6.34701e-09 9.61076e-09 1.40444e-08 1.80292e-08 2.04037e-08 2.12505e-08 2.38836e-08 3.41215e-08 5.16516e-08 6.92307e-08 7.84588e-08 7.56018e-08 6.32817e-08 4.71027e-08 3.18372e-08 1.986e-08 1.14998e-08 6.03617e-09 2.50287e-09 2.50287e-09 
5.30524e-10 2.34638e-09 5.28998e-09 9.53012e-09 1.57218e-08 2.43466e-08 3.52804e-08 4.72294e-08 5.7442e-08 6.24494e-08 6.01359e-08 5.15971e-08 4.02464e-08 2.99619e-08 2.51726e-08 2.61423e-08 2.65229e-08 2.21914e-08 1.54014e-08 1.39291e-08 1.81235e-08 2.27633e-08 2.67184e-08 2.94046e-08 3.0239e-08 2.90318e-08 2.5995e-08 2.16113e-08 1.65502e-08 1.16789e-08 7.9998e-09 6.34701e-09 7.14472e-09 1.00271e-08 1.36513e-08 1.66728e-08 1.83922e-08 1.98426e-08 2.52278e-08 3.74121e-08 5.24092e-08 6.31124e-08 6.4798e-08 5.77491e-08 4.56764e-08 3.27085e-08 2.15522e-08 1.3196e-08 7.46145e-09 3.66788e-09 1.17026e-09 
1.08067e-09 3.2476e-09 6.28081e-09 1.06331e-08 1.67935e-08 2.49546e-08 3.46432e-08 4.43592e-08 5.16267e-08 5.38936e-08 5.0115e-08 4.16872e-08 3.16379e-08 2.38176e-08 2.17032e-08 2.26834e-08 2.12103e-08 1.66847e-08 1.54014e-08 2.11357e-08 2.86999e-08 3.56397e-08 4.0959e-08 4.3666e-08 4.32289e-08 3.97797e-08 3.39721e-08 2.67967e-08 1.94408e-08 1.31633e-08 8.94138e-09 7.14472e-09 7.81358e-09 1.02952e-08 1.32345e-08 1.55501e-08 1.70862e-08 1.98303e-08 2.72424e-08 3.8723e-08 4.90912e-08 5.34653e-08 5.05399e-08 4.23348e-08 3.20472e-08 2.22791e-08 1.43875e-08 8.64834e-09 4.71652e-09 2.03699e-09 2.03699e-09 
3.96368e-10 1.80636e-09 4.03206e-09 7.1087e-09 1.14587e-08 1.73801e-08 2.48144e-08 3.30629e-08 4.06216e-08 4.54279e-08 4.57004e-08 4.10502e-08 3.29674e-08 2.43571e-08 1.91249e-08 1.90346e-08 1.96546e-08 1.77308e-08 1.66847e-08 2.24098e-08 3.23624e-08 4.28195e-08 5.19265e-08 5.79903e-08 5.97061e-08 5.67792e-08 4.9911e-08 4.05046e-08 3.03079e-08 2.10306e-08 1.39763e-08 9.61076e-09 7.81358e-09 8.41941e-09 1.05518e-08 1.29206e-08 1.47695e-08 1.65877e-08 2.06671e-08 2.84325e-08 3.71867e-08 4.26592e-08 4.2618e-08 3.76891e-08 3.00722e-08 2.20054e-08 1.49508e-08 9.48887e-09 5.57495e-09 2.85198e-09 9.45467e-10 
8.11552e-10 2.46138e-09 4.67656e-09 7.74055e-09 1.19615e-08 1.74623e-08 2.39965e-08 3.07644e-08 3.63897e-08 3.92337e-08 3.80867e-08 3.29424e-08 2.53428e-08 1.83052e-08 1.5737e-08 1.71463e-08 1.78291e-08 1.77308e-08 2.21914e-08 3.26623e-08 4.57842e-08 5.88159e-08 6.93372e-08 7.49422e-08 7.42903e-08 6.76554e-08 5.66862e-08 4.38026e-08 3.14159e-08 2.12943e-08 1.42162e-08 1.00271e-08 8.41941e-09 9.0503e-09 1.08588e-08 1.27431e-08 1.43721e-08 1.67051e-08 2.13675e-08 2.78268e-08 3.31225e-08 3.47698e-08 3.23645e-08 2.71476e-08 2.08535e-08 1.4863e-08 9.9128e-09 6.18145e-09 3.50553e-09 1.57788e-09 1.57788e-09 
2.87689e-10 1.35387e-09 2.99342e-09 5.16919e-09 8.15096e-09 1.21246e-08 1.70717e-08 2.26302e-08 2.79963e-08 3.19797e-08 3.33068e-08 3.1159e-08 2.57447e-08 1.86772e-08 1.33873e-08 1.35503e-08 1.61593e-08 1.78291e-08 2.12103e-08 3.02161e-08 4.38782e-08 5.94003e-08 7.39675e-08 8.43486e-08 8.78373e-08 8.35613e-08 7.28099e-08 5.83932e-08 4.34698e-08 3.04753e-08 2.06286e-08 1.40444e-08 1.02952e-08 9.0503e-09 9.71176e-09 1.11837e-08 1.26814e-08 1.42732e-08 1.69079e-08 2.10669e-08 2.5327e-08 2.7601e-08 2.69071e-08 2.36654e-08 1.90393e-08 1.41962e-08 9.90975e-09 6.50179e-09 3.96456e-09 2.11025e-09 7.26389e-10 
5.93577e-10 1.81741e-09 3.39524e-09 5.50114e-09 8.32954e-09 1.19625e-08 1.62819e-08 2.08742e-08 2.49915e-08 2.76353e-08 2.78139e-08 2.49555e-08 1.93699e-08 1.27939e-08 9.62238e-09 1.24895e-08 1.61593e-08 1.96546e-08 2.65229e-08 3.8566e-08 5.42055e-08 7.08586e-08 8.51318e-08 9.33974e-08 9.33723e-08 8.52404e-08 7.1465e-08 5.5543e-08 4.05553e-08 2.83299e-08 1.94349e-08 1.36513e-08 1.05518e-08 9.71176e-09 1.03268e-08 1.1459e-08 1.26658e-08 1.42028e-08 1.65797e-08 1.94542e-08 2.15403e-08 2.17686e-08 1.99874e-08 1.68039e-08 1.308e-08 9.52606e-09 6.53639e-09 4.21554e-09 2.48151e-09 1.16239e-09 1.16239e-09 
2.03329e-10 9.88931e-10 2.16707e-09 3.6701e-09 5.66994e-09 8.28458e-09 1.15179e-08 1.51924e-08 1.88906e-08 2.19473e-08 2.35328e-08 2.28563e-08 1.94794e-08 1.3716e-08 7.49877e-09 7.3741e-09 1.24895e-08 1.71463e-08 2.26834e-08 3.20757e-08 4.57539e-08 6.2043e-08 7.80397e-08 9.00058e-08 9.46798e-08 9.09255e-08 8.0151e-08 6.54237e-08 5.00491e-08 3.64049e-08 2.566e-08 1.80292e-08 1.32345e-08 1.08588e-08 1.03268e-08 1.08055e-08 1.16126e-08 1.2544e-08 1.37827e-08 1.53803e-08 1.68099e-08 1.72955e-08 1.64309e-08 1.43797e-08 1.16622e-08 8.84218e-09 6.31851e-09 4.26801e-09 2.69175e-09 1.48698e-09 5.3034e-10 
4.23553e-10 1.30866e-09 2.40676e-09 3.82354e-09 5.68287e-09 8.04226e-09 1.08532e-08 1.39121e-08 1.68265e-08 1.90194e-08 1.97977e-08 1.8504e-08 1.47523e-08 8.75601e-09 2.68231e-09 7.3741e-09 1.35503e-08 1.90346e-08 2.61423e-08 3.68354e-08 5.08809e-08 6.63144e-08 7.99453e-08 8.82896e-08 8.91659e-08 8.27802e-08 7.11964e-08 5.72933e-08 4.36473e-08 3.19275e-08 2.29103e-08 1.66728e-08 1.29206e-08 1.11837e-08 1.08055e-08 1.1076e-08 1.15447e-08 1.20932e-08 1.27501e-08 1.34052e-08 1.3698e-08 1.32555e-08 1.19807e-08 1.00894e-08 7.94972e-09 5.90089e-09 4.14913e-09 2.7555e-09 1.67719e-09 8.14814e-10 8.14814e-10 
1.40347e-10 7.04805e-10 1.53167e-09 2.54829e-09 3.86466e-09 5.55772e-09 7.64236e-09 1.00402e-08 1.25457e-08 1.48063e-08 1.63281e-08 1.65275e-08 1.48441e-08 1.09342e-08 4.98441e-09 2.68231e-09 9.62238e-09 1.5737e-08 2.17032e-08 2.9555e-08 4.04459e-08 5.36708e-08 6.69673e-08 7.72293e-08 8.17985e-08 7.97971e-08 7.22559e-08 6.12059e-08 4.89419e-08 3.73508e-08 2.76568e-08 2.04037e-08 1.55501e-08 1.27431e-08 1.1459e-08 1.1076e-08 1.1062e-08 1.11172e-08 1.11415e-08 1.11329e-08 1.10275e-08 1.06356e-08 9.79132e-09 8.50187e-09 6.94072e-09 5.34198e-09 3.89603e-09 2.69797e-09 1.75173e-09 9.99919e-10 3.6824e-10 
2.95401e-10 9.20063e-10 1.66825e-09 2.604e-09 3.8075e-09 5.32093e-09 7.13232e-09 9.15126e-09 1.11862e-08 1.29311e-08 1.39712e-08 1.3825e-08 1.20556e-08 8.57054e-09 4.98441e-09 7.49877e-09 1.33873e-08 1.91249e-08 2.51726e-08 3.30026e-08 4.32028e-08 5.47031e-08 6.51483e-08 7.19132e-08 7.34022e-08 6.96705e-08 6.1946e-08 5.19125e-08 4.13512e-08 3.17273e-08 2.39759e-08 1.83922e-08 1.47695e-08 1.26814e-08 1.16126e-08 1.1062e-08 1.06629e-08 1.02223e-08 9.71438e-09 9.19277e-09 8.63909e-09 7.94473e-09 7.02537e-09 5.90519e-09 4.69996e-09 3.5478e-09 2.54779e-09 1.73449e-09 1.08613e-09 5.44583e-10 5.44583e-10 
9.49225e-11 4.9077e-10 1.05847e-09 1.73357e-09 2.58708e-09 3.67081e-09 5.00426e-09 6.56137e-09 8.25311e-09 9.91218e-09 1.12851e-08 1.20425e-08 1.18347e-08 1.04774e-08 8.57054e-09 8.75601e-09 1.27939e-08 1.83052e-08 2.38176e-08 2.97299e-08 3.70755e-08 4.60443e-08 5.53455e-08 6.27779e-08 6.6441e-08 6.56516e-08 6.08985e-08 5.32795e-08 4.41753e-08 3.50909e-08 2.72422e-08 2.12505e-08 1.70862e-08 1.43721e-08 1.26658e-08 1.15447e-08 1.06629e-08 9.80156e-09 8.90013e-09 8.02259e-09 7.23265e-09 6.50563e-09 5.75615e-09 4.92642e-09 4.03201e-09 3.14207e-09 2.33275e-09 1.65003e-09 1.09757e-09 6.4384e-10 2.43726e-10 
2.01778e-10 6.32544e-10 1.13279e-09 1.7417e-09 2.51221e-09 3.47653e-09 4.64112e-09 5.97607e-09 7.4037e-09 8.78989e-09 9.94461e-09 1.06488e-08 1.07545e-08 1.04774e-08 1.09342e-08 1.3716e-08 1.86772e-08 2.43571e-08 2.99619e-08 3.58048e-08 4.25803e-08 5.01445e-08 5.70995e-08 6.16084e-08 6.25795e-08 5.99888e-08 5.44624e-08 4.69136e-08 3.85665e-08 3.07723e-08 2.4463e-08 1.98426e-08 1.65877e-08 1.42732e-08 1.2544e-08 1.11172e-08 9.80156e-09 8.52917e-09 7.34395e-09 6.31739e-09 5.46953e-09 4.74755e-09 4.07104e-09 3.392e-09 2.71515e-09 2.07821e-09 1.51978e-09 1.05636e-09 6.76951e-10 3.48253e-10 3.48253e-10 
6.31265e-11 3.34471e-10 7.16536e-10 1.15811e-09 1.70566e-09 2.3953e-09 3.24761e-09 4.26361e-09 5.41778e-09 6.65247e-09 7.87768e-09 8.98608e-09 9.90817e-09 1.07545e-08 1.20556e-08 1.47523e-08 1.93699e-08 2.53428e-08 3.16379e-08 3.76926e-08 4.36959e-08 5.00036e-08 5.61283e-08 6.06615e-08 6.23339e-08 6.08908e-08 5.68184e-08 5.07602e-08 4.34406e-08 3.59006e-08 2.92066e-08 2.38836e-08 1.98303e-08 1.67051e-08 1.42028e-08 1.20932e-08 1.02223e-08 8.52917e-09 7.03419e-09 5.78012e-09 4.78273e-09 4.00734e-09 3.37958e-09 2.82457e-09 2.30135e-09 1.8076e-09 1.36182e-09 9.80726e-10 6.65399e-10 3.98809e-10 1.54368e-10 
1.35299e-10 4.26124e-10 7.55318e-10 1.14733e-09 1.63795e-09 2.25254e-09 3.00614e-09 3.90058e-09 4.92198e-09 6.04203e-09 7.22915e-09 8.48249e-09 9.90817e-09 1.18347e-08 1.48441e-08 1.94794e-08 2.57447e-08 3.29674e-08 4.02464e-08 4.70494e-08 5.33753e-08 5.92007e-08 6.3733e-08 6.57619e-08 6.48034e-08 6.14421e-08 5.65508e-08 5.06012e-08 4.38981e-08 3.704e-08 3.06987e-08 2.52278e-08 2.06671e-08 1.69079e-08 1.37827e-08 1.11415e-08 8.90013e-09 7.03419e-09 5.53373e-09 4.37455e-09 3.50836e-09 2.86335e-09 2.35883e-09 1.92982e-09 1.54268e-09 1.19184e-09 8.84631e-10 6.25573e-10 4.08253e-10 2.14145e-10 2.14145e-10 
4.14234e-11 2.23613e-10 4.76344e-10 7.61952e-10 1.11133e-09 1.5505e-09 2.09932e-09 2.77203e-09 3.57687e-09 4.51885e-09 5.6094e-09 6.89059e-09 8.48249e-09 1.06488e-08 1.3825e-08 1.8504e-08 2.49555e-08 3.29424e-08 4.16872e-08 5.02425e-08 5.79679e-08 6.45945e-08 6.97458e-08 7.25483e-08 7.23373e-08 6.95365e-08 6.53952e-08 6.07438e-08 5.53734e-08 4.89008e-08 4.15775e-08 3.41215e-08 2.72424e-08 2.13675e-08 1.65797e-08 1.27501e-08 9.71438e-09 7.34395e-09 5.53373e-09 4.18623e-09 3.20818e-09 2.50993e-09 2.0057e-09 1.62066e-09 1.30213e-09 1.0238e-09 7.79185e-10 5.69361e-10 3.92491e-10 2.39029e-10 9.40679e-11 
8.92928e-11 2.82036e-10 4.95997e-10 7.46913e-10 1.05956e-09 1.45431e-09 1.94943e-09 2.56242e-09 3.31337e-09 4.2336e-09 5.38438e-09 6.89059e-09 8.98608e-09 1.20425e-08 1.65275e-08 2.28563e-08 3.1159e-08 4.10502e-08 5.15971e-08 6.16793e-08 7.04418e-08 7.73369e-08 8.18315e-08 8.33799e-08 8.20803e-08 7.901e-08 7.53671e-08 7.1114e-08 6.51917e-08 5.70583e-08 4.73595e-08 3.74121e-08 2.84325e-08 2.10669e-08 1.53803e-08 1.11329e-08 8.02259e-09 5.78012e-09 4.18623e-09 3.06876e-09 2.2948e-09 1.76042e-09 1.38287e-09 1.09942e-09 8.69614e-10 6.73674e-10 5.05296e-10 3.62261e-10 2.39713e-10 1.27421e-10 1.27421e-10 
2.69115e-11 1.47073e-10 3.11934e-10 4.95413e-10 7.18426e-10 1.00024e-09 1.35906e-09 1.8146e-09 2.39156e-09 3.12707e-09 4.08556e-09 5.38438e-09 7.22915e-09 9.94461e-09 1.39712e-08 1.97977e-08 2.78139e-08 3.80867e-08 5.0115e-08 6.278e-08 7.47204e-08 8.48411e-08 9.24414e-08 9.71682e-08 9.89936e-08 9.84186e-08 9.62557e-08 9.26644e-08 8.66989e-08 7.74298e-08 6.52088e-08 5.16516e-08 3.8723e-08 2.78268e-08 1.94542e-08 1.34052e-08 9.19277e-09 6.31739e-09 4.37455e-09 3.06876e-09 2.19419e-09 1.6094e-09 1.21544e-09 9.41391e-10 7.3812e-10 5.75797e-10 4.39943e-10 3.24821e-10 2.26674e-10 1.39575e-10 5.55252e-11 
5.81785e-11 1.83996e-10 3.21905e-10 4.8242e-10 6.83072e-10 9.40377e-10 1.27287e-09 1.70451e-09 2.27079e-09 3.0305e-09 4.08556e-09 5.6094e-09 7.87768e-09 1.12851e-08 1.63281e-08 2.35328e-08 3.33068e-08 4.57004e-08 6.01359e-08 7.53392e-08 8.97449e-08 1.0211e-07 1.1177e-07 1.18563e-07 1.22451e-07 1.23341e-07 1.20894e-07 1.14361e-07 1.03141e-07 8.77212e-08 6.9963e-08 5.24092e-08 3.71867e-08 2.5327e-08 1.68099e-08 1.10275e-08 7.23265e-09 4.78273e-09 3.20818e-09 2.19419e-09 1.53827e-09 1.11119e-09 8.28659e-10 6.34275e-10 4.91333e-10 3.78474e-10 2.85215e-10 2.06476e-10 1.37993e-10 7.39124e-11 7.39124e-11 
1.73656e-11 9.54858e-11 2.0195e-10 3.19575e-10 4.62792e-10 6.46157e-10 8.85702e-10 1.20232e-09 1.62667e-09 2.20823e-09 3.0305e-09 4.2336e-09 6.04203e-09 8.78989e-09 1.29311e-08 1.90194e-08 2.76353e-08 3.92337e-08 5.38936e-08 7.10343e-08 8.93386e-08 1.07174e-07 1.23256e-07 1.36794e-07 1.47135e-07 1.53239e-07 1.53722e-07 1.47393e-07 1.33978e-07 1.14663e-07 9.20103e-08 6.92307e-08 4.90912e-08 3.31225e-08 2.15403e-08 1.3698e-08 8.63909e-09 5.46953e-09 3.50836e-09 2.2948e-09 1.53827e-09 1.06174e-09 7.57688e-10 5.5924e-10 4.23766e-10 3.24739e-10 2.47158e-10 1.83408e-10 1.29072e-10 8.00094e-11 3.1999e-11 
3.75469e-11 1.18759e-10 2.07296e-10 3.10444e-10 4.40846e-10 6.11886e-10 8.40747e-10 1.15239e-09 1.58637e-09 2.20823e-09 3.12707e-09 4.51885e-09 6.65247e-09 9.91218e-09 1.48063e-08 2.19473e-08 3.19797e-08 4.54279e-08 6.24494e-08 8.25576e-08 1.04535e-07 1.26785e-07 1.47795e-07 1.65992e-07 1.79348e-07 1.85276e-07 1.81488e-07 1.67346e-07 1.44585e-07 1.16873e-07 8.85237e-08 6.31124e-08 4.26592e-08 2.7601e-08 1.72955e-08 1.06356e-08 6.50563e-09 4.00734e-09 2.50993e-09 1.6094e-09 1.06174e-09 7.23772e-10 5.11476e-10 3.7431e-10 2.81175e-10 2.13339e-10 1.60377e-10 1.16676e-10 7.84646e-11 4.21424e-11 4.21424e-11 
1.11624e-11 6.14254e-11 1.29775e-10 2.05374e-10 2.98351e-10 4.19828e-10 5.83478e-10 8.08884e-10 1.12655e-09 1.58637e-09 2.27079e-09 3.31337e-09 4.92198e-09 7.4037e-09 1.11862e-08 1.68265e-08 2.49915e-08 3.63897e-08 5.16267e-08 7.09744e-08 9.41038e-08 1.19942e-07 1.46785e-07 1.72416e-07 1.93843e-07 2.07308e-07 2.09122e-07 1.97455e-07 1.73732e-07 1.42367e-07 1.09012e-07 7.84588e-08 5.34653e-08 3.47698e-08 2.17686e-08 1.32555e-08 7.94473e-09 4.74755e-09 2.86335e-09 1.76042e-09 1.11119e-09 7.23772e-10 4.88478e-10 3.42473e-10 2.4886e-10 1.85506e-10 1.39404e-10 1.03304e-10 7.30022e-11 4.53882e-11 1.81625e-11 
2.40878e-11 7.61408e-11 1.32999e-10 1.99868e-10 2.85993e-10 4.02132e-10 5.63269e-10 7.92379e-10 1.12655e-09 1.62667e-09 2.39156e-09 3.57687e-09 5.41778e-09 8.25311e-09 1.25457e-08 1.88906e-08 2.79963e-08 4.06216e-08 5.7442e-08 7.88297e-08 1.04567e-07 1.33566e-07 1.63687e-07 1.91621e-07 2.12836e-07 2.22394e-07 2.16839e-07 1.96223e-07 1.6461e-07 1.28439e-07 9.38607e-08 6.4798e-08 4.2618e-08 2.69071e-08 1.64309e-08 9.79132e-09 5.75615e-09 3.37958e-09 2.0057e-09 1.21544e-09 7.57688e-10 4.88478e-10 3.27022e-10 2.27808e-10 1.64561e-10 1.2181e-10 9.06049e-11 6.58672e-11 4.4408e-11 2.38267e-11 2.38267e-11 
7.16709e-12 3.93059e-11 8.31129e-11 1.32015e-10 1.93226e-10 2.75266e-10 3.89447e-10 5.52785e-10 7.92379e-10 1.15239e-09 1.70451e-09 2.56242e-09 3.90058e-09 5.97607e-09 9.15126e-09 1.39121e-08 2.08742e-08 3.07644e-08 4.43592e-08 6.23531e-08 8.51273e-08 1.124e-07 1.42798e-07 1.73492e-07 2.00085e-07 2.17118e-07 2.19772e-07 2.06174e-07 1.78774e-07 1.43553e-07 1.0742e-07 7.56018e-08 5.05399e-08 3.23645e-08 1.99874e-08 1.19807e-08 7.02537e-09 4.07104e-09 2.35883e-09 1.38287e-09 8.28659e-10 5.11476e-10 3.27022e-10 2.17509e-10 1.50741e-10 1.08348e-10 7.96517e-11 5.85099e-11 4.13204e-11 2.56881e-11 1.02505e-11 
1.5413e-11 4.86837e-11 8.53475e-11 1.29203e-10 1.87065e-10 2.67457e-10 3.82844e-10 5.52785e-10 8.08884e-10 1.20232e-09 1.8146e-09 2.77203e-09 4.26361e-09 6.56137e-09 1.00402e-08 1.51924e-08 2.26302e-08 3.30629e-08 4.72294e-08 6.57523e-08 8.88709e-08 1.16028e-07 1.45373e-07 1.73402e-07 1.9516e-07 2.05384e-07 2.00604e-07 1.81051e-07 1.50951e-07 1.16758e-07 8.4468e-08 5.77491e-08 3.76891e-08 2.36654e-08 1.43797e-08 8.50187e-09 4.92642e-09 2.82457e-09 1.62066e-09 9.41391e-10 5.5924e-10 3.42473e-10 2.17509e-10 1.43919e-10 9.93411e-11 7.10932e-11 5.1866e-11 3.74313e-11 2.52036e-11 1.3478e-11 1.3478e-11 
4.6051e-12 2.51112e-11 5.32473e-11 8.51727e-11 1.26069e-10 1.8244e-10 2.63364e-10 3.82844e-10 5.63269e-10 8.40747e-10 1.27287e-09 1.94943e-09 3.00614e-09 4.64112e-09 7.13232e-09 1.08532e-08 1.62819e-08 2.39965e-08 3.46432e-08 4.88524e-08 6.70673e-08 8.92451e-08 1.14427e-07 1.40295e-07 1.63042e-07 1.7799e-07 1.81052e-07 1.70604e-07 1.48552e-07 1.19716e-07 8.98051e-08 6.32817e-08 4.23348e-08 2.71476e-08 1.68039e-08 1.00894e-08 5.90519e-09 3.392e-09 1.92982e-09 1.09942e-09 6.34275e-10 3.7431e-10 2.27808e-10 1.43919e-10 9.48498e-11 6.52706e-11 4.65141e-11 3.35933e-11 2.35775e-11 1.46196e-11 5.80834e-12 
9.86312e-12 3.11525e-11 5.49573e-11 8.40801e-11 1.23544e-10 1.79981e-10 2.63364e-10 3.89447e-10 5.83478e-10 8.85702e-10 1.35906e-09 2.09932e-09 3.24761e-09 5.00426e-09 7.64236e-09 1.15179e-08 1.70717e-08 2.48144e-08 3.52804e-08 4.89247e-08 6.59306e-08 8.59087e-08 1.07526e-07 1.2825e-07 1.44524e-07 1.52625e-07 1.50032e-07 1.36698e-07 1.15324e-07 9.03351e-08 6.61327e-08 4.56764e-08 3.00722e-08 1.90393e-08 1.16622e-08 6.94072e-09 4.03201e-09 2.30135e-09 1.30213e-09 7.3812e-10 4.23766e-10 2.4886e-10 1.50741e-10 9.48498e-11 6.23351e-11 4.27963e-11 3.03454e-11 2.15797e-11 1.44515e-11 7.69497e-12 7.69497e-12 
2.96258e-12 1.6065e-11 3.42286e-11 5.52826e-11 8.29585e-11 1.22161e-10 1.79981e-10 2.67457e-10 4.02132e-10 6.11886e-10 9.40377e-10 1.45431e-09 2.25254e-09 3.47653e-09 5.32093e-09 8.04226e-09 1.19625e-08 1.74623e-08 2.49546e-08 3.4824e-08 4.73097e-08 6.23139e-08 7.91433e-08 9.6273e-08 1.11315e-07 1.21401e-07 1.24021e-07 1.18041e-07 1.04354e-07 8.56872e-08 6.55789e-08 4.71027e-08 3.20472e-08 2.08535e-08 1.308e-08 7.94972e-09 4.69996e-09 2.71515e-09 1.54268e-09 8.69614e-10 4.91333e-10 2.81175e-10 1.64561e-10 9.93411e-11 6.23351e-11 4.08964e-11 2.802e-11 1.972e-11 1.36673e-11 8.43299e-12 3.3376e-12 
6.32276e-12 2e-11 3.55814e-11 5.51207e-11 8.22935e-11 1.22161e-10 1.8244e-10 2.75266e-10 4.19828e-10 6.46157e-10 1.00024e-09 1.5505e-09 2.3953e-09 3.67081e-09 5.55772e-09 8.28458e-09 1.21246e-08 1.73801e-08 2.43466e-08 3.32424e-08 4.40927e-08 5.65647e-08 6.97964e-08 8.23114e-08 9.21483e-08 9.72885e-08 9.63131e-08 8.90199e-08 7.66517e-08 6.15265e-08 4.62145e-08 3.27085e-08 2.20054e-08 1.41962e-08 8.84218e-09 5.34198e-09 3.14207e-09 1.8076e-09 1.0238e-09 5.75797e-10 3.24739e-10 1.85506e-10 1.08348e-10 6.52706e-11 4.08964e-11 2.68118e-11 1.83216e-11 1.27314e-11 8.43696e-12 4.4731e-12 4.4731e-12 
1.90487e-12 1.03065e-11 2.21074e-11 3.61005e-11 5.49455e-11 8.22935e-11 1.23544e-10 1.87065e-10 2.85993e-10 4.40846e-10 6.83072e-10 1.05956e-09 1.63795e-09 2.51221e-09 3.8075e-09 5.68287e-09 8.32954e-09 1.19615e-08 1.67935e-08 2.29994e-08 3.06423e-08 3.95754e-08 4.93296e-08 5.9036e-08 6.74529e-08 7.31564e-08 7.49003e-08 7.20476e-08 6.48837e-08 5.46199e-08 4.3024e-08 3.18372e-08 2.22791e-08 1.4863e-08 9.52606e-09 5.90089e-09 3.5478e-09 2.07821e-09 1.19184e-09 6.73674e-10 3.78474e-10 2.13339e-10 1.2181e-10 7.10932e-11 4.27963e-11 2.68118e-11 1.75767e-11 1.19536e-11 8.11835e-12 4.96932e-12 1.96252e-12 
4.05569e-12 1.2885e-11 2.31372e-11 3.62703e-11 5.49455e-11 8.29585e-11 1.26069e-10 1.93226e-10 2.98351e-10 4.62792e-10 7.18426e-10 1.11133e-09 1.70566e-09 2.58708e-09 3.86466e-09 5.66994e-09 8.15096e-09 1.14587e-08 1.57218e-08 2.10053e-08 2.72519e-08 3.42121e-08 4.1389e-08 4.80314e-08 5.32124e-08 5.60082e-08 5.57484e-08 5.22635e-08 4.60127e-08 3.79989e-08 2.94723e-08 2.15522e-08 1.49508e-08 9.90975e-09 6.31851e-09 3.89603e-09 2.33275e-09 1.36182e-09 7.79185e-10 4.39943e-10 2.47158e-10 1.39404e-10 7.96517e-11 4.65141e-11 2.802e-11 1.75767e-11 1.15212e-11 7.76086e-12 5.05698e-12 2.66783e-12 2.66783e-12 
1.21763e-12 6.62027e-12 1.43059e-11 2.35664e-11 3.62703e-11 5.51207e-11 8.40801e-11 1.29203e-10 1.99868e-10 3.10444e-10 4.8242e-10 7.46913e-10 1.14733e-09 1.7417e-09 2.604e-09 3.82354e-09 5.50114e-09 7.74055e-09 1.06331e-08 1.42333e-08 1.85238e-08 2.33744e-08 2.85053e-08 3.3474e-08 3.77053e-08 4.05762e-08 4.1548e-08 4.032e-08 3.69539e-08 3.19066e-08 2.59298e-08 1.986e-08 1.43875e-08 9.9128e-09 6.53639e-09 4.14913e-09 2.54779e-09 1.51978e-09 8.84631e-10 5.05296e-10 2.85215e-10 1.60377e-10 9.06049e-11 5.1866e-11 3.03454e-11 1.83216e-11 1.15212e-11 7.53966e-12 4.98285e-12 3.01146e-12 1.18757e-12 
2.59167e-12 8.28781e-12 1.49485e-11 2.35664e-11 3.61005e-11 5.52826e-11 8.51727e-11 1.32015e-10 2.05374e-10 3.19575e-10 4.95413e-10 7.61952e-10 1.15811e-09 1.73357e-09 2.54829e-09 3.6701e-09 5.16919e-09 7.1087e-09 9.53012e-09 1.24329e-08 1.57501e-08 1.93258e-08 2.29035e-08 2.61367e-08 2.86283e-08 2.99973e-08 2.9964e-08 2.84346e-08 2.55549e-08 2.17031e-08 1.74049e-08 1.3196e-08 9.48887e-09 6.50179e-09 4.26801e-09 2.69797e-09 1.65003e-09 9.80726e-10 5.69361e-10 3.24821e-10 1.83408e-10 1.03304e-10 5.85099e-11 3.35933e-11 1.972e-11 1.19536e-11 7.53966e-12 4.90722e-12 3.12713e-12 1.63857e-12 1.63857e-12 
7.66098e-13 4.22189e-12 9.10998e-12 1.49485e-11 2.31372e-11 3.55814e-11 5.49573e-11 8.53475e-11 1.32999e-10 2.07296e-10 3.21905e-10 4.95997e-10 7.55318e-10 1.13279e-09 1.66825e-09 2.40676e-09 3.39524e-09 4.67656e-09 6.28081e-09 8.21345e-09 1.0441e-08 1.28775e-08 1.53763e-08 1.77329e-08 1.97033e-08 2.10372e-08 2.15225e-08 2.10345e-08 1.95776e-08 1.73043e-08 1.44956e-08 1.14998e-08 8.64834e-09 6.18145e-09 4.21554e-09 2.7555e-09 1.73449e-09 1.05636e-09 6.25573e-10 3.62261e-10 2.06476e-10 1.16676e-10 6.58672e-11 3.74313e-11 2.15797e-11 1.27314e-11 7.76086e-12 4.90722e-12 3.15227e-12 1.87601e-12 7.38478e-13 
1.63014e-12 5.16708e-12 9.10998e-12 1.43059e-11 2.21074e-11 3.42286e-11 5.32473e-11 8.31129e-11 1.29775e-10 2.0195e-10 3.11934e-10 4.76344e-10 7.16536e-10 1.05847e-09 1.53167e-09 2.16707e-09 2.99342e-09 4.03206e-09 5.28998e-09 6.75152e-09 8.37037e-09 1.00641e-08 1.17148e-08 1.31769e-08 1.42939e-08 1.49208e-08 1.49512e-08 1.43422e-08 1.31335e-08 1.14505e-08 9.48626e-09 7.46145e-09 5.57495e-09 3.96456e-09 2.69175e-09 1.75173e-09 1.09757e-09 6.65399e-10 3.92491e-10 2.26674e-10 1.29072e-10 7.30022e-11 4.13204e-11 2.35775e-11 1.36673e-11 8.11835e-12 4.98285e-12 3.15227e-12 1.96986e-12 1.02637e-12 1.02637e-12 
4.67856e-13 2.55216e-12 5.16708e-12 8.28781e-12 1.2885e-11 2e-11 3.11525e-11 4.86837e-11 7.61408e-11 1.18759e-10 1.83996e-10 2.82036e-10 4.26124e-10 6.32544e-10 9.20063e-10 1.30866e-09 1.81741e-09 2.46138e-09 3.2476e-09 4.17024e-09 5.20587e-09 6.31009e-09 7.41704e-09 8.44302e-09 9.29443e-09 9.87916e-09 1.01202e-08 9.96984e-09 9.4215e-09 8.5176e-09 7.34786e-09 6.03617e-09 4.71652e-09 3.50553e-09 2.48151e-09 1.67719e-09 1.08613e-09 6.76951e-10 4.08253e-10 2.39713e-10 1.37993e-10 7.84646e-11 4.4408e-11 2.52036e-11 1.44515e-11 8.43696e-12 5.05698e-12 3.12713e-12 1.96986e-12 1.16729e-12 4.6321e-13 
9.55153e-13 2.55216e-12 4.22189e-12 6.62027e-12 1.03065e-11 1.6065e-11 2.51112e-11 3.93059e-11 6.14254e-11 9.54858e-11 1.47073e-10 2.23613e-10 3.34471e-10 4.9077e-10 7.04805e-10 9.88931e-10 1.35387e-09 1.80636e-09 2.34638e-09 2.96423e-09 3.63839e-09 4.33474e-09 5.00804e-09 5.60556e-09 6.07254e-09 6.35892e-09 6.42641e-09 6.25539e-09 5.85045e-09 5.24333e-09 4.49104e-09 3.66788e-09 2.85198e-09 2.11025e-09 1.48698e-09 9.99919e-10 6.4384e-10 3.98809e-10 2.39029e-10 1.39575e-10 8.00094e-11 4.53882e-11 2.56881e-11 1.46196e-11 8.43299e-12 4.96932e-12 3.01146e-12 1.87601e-12 1.16729e-12 6.22019e-13 6.22019e-13 
2.78303e-13 9.55153e-13 1.63014e-12 2.59167e-12 4.05569e-12 6.32276e-12 9.86312e-12 1.5413e-11 2.40878e-11 3.75469e-11 5.81785e-11 8.92928e-11 1.35299e-10 2.01778e-10 2.95401e-10 4.23553e-10 5.93577e-10 8.11552e-10 1.08067e-09 1.39943e-09 1.76017e-09 2.14825e-09 2.54237e-09 2.91603e-09 3.23991e-09 3.48487e-09 3.62526e-09 3.6423e-09 3.52733e-09 3.28454e-09 2.93242e-09 2.50287e-09 2.03699e-09 1.57788e-09 1.16239e-09 8.14814e-10 5.44583e-10 3.48253e-10 2.14145e-10 1.27421e-10 7.39124e-11 4.21424e-11 2.38267e-11 1.3478e-11 7.69497e-12 4.4731e-12 2.66783e-12 1.63857e-12 1.02637e-12 6.22019e-13 2.67667e-13 
2.78303e-13 4.67856e-13 7.66098e-13 1.21763e-12 1.90487e-12 2.96258e-12 4.6051e-12 7.16709e-12 1.11624e-11 1.73656e-11 2.69115e-11 4.14234e-11 6.31265e-11 9.49225e-11 1.40347e-10 2.03329e-10 2.87689e-10 3.96368e-10 5.30524e-10 6.88674e-10 8.66134e-10 1.05492e-09 1.24416e-09 1.42092e-09 1.57137e-09 1.68211e-09 1.74155e-09 1.74144e-09 1.67827e-09 1.55464e-09 1.38002e-09 1.17026e-09 9.45467e-10 7.26389e-10 5.3034e-10 3.6824e-10 2.43726e-10 1.54368e-10 9.40679e-11 5.55252e-11 3.1999e-11 1.81625e-11 1.02505e-11 5.80834e-12 3.3376e-12 1.96252e-12 1.18757e-12 7.38478e-13 4.6321e-13 2.67667e-13 2.67667e-13 
