1 101 51
2.05987e-14 3.45866e-14 5.57555e-14 8.76085e-14 1.38203e-13 2.27919e-13 3.93758e-13 6.99876e-13 1.2545e-12 2.23392e-12 3.91824e-12 6.73218e-12 1.12899e-11 1.84372e-11 2.92796e-11 4.5217e-11 6.79895e-11 9.97279e-11 1.42934e-10 2.00235e-10 2.73811e-10 3.64555e-10 4.71223e-10 5.89864e-10 7.13727e-10 8.33704e-10 9.39252e-10 1.01972e-09 1.06591e-09 1.07166e-09 1.03511e-09 9.59447e-10 8.52587e-10 7.25926e-10 5.92243e-10 4.63356e-10 3.4823e-10 2.52042e-10 1.76284e-10 1.19645e-10 7.91786e-11 5.13644e-11 3.28478e-11 2.08257e-11 1.31611e-11 8.32809e-12 5.28861e-12 3.36204e-12 2.10428e-12 1.19725e-12 1.19725e-12 
2.05987e-14 7.44661e-14 1.26099e-13 1.97393e-13 3.09037e-13 5.03034e-13 8.56531e-13 1.50449e-12 2.67517e-12 4.75152e-12 8.35399e-12 1.44559e-11 2.4513e-11 4.0568e-11 6.52896e-11 1.019e-10 1.53976e-10 2.25201e-10 3.19164e-10 4.39203e-10 5.88093e-10 7.67269e-10 9.75459e-10 1.2071e-09 1.45127e-09 1.69164e-09 1.90788e-09 2.07823e-09 2.18278e-09 2.20712e-09 2.14533e-09 2.00185e-09 1.79127e-09 1.536e-09 1.26212e-09 9.94485e-10 7.52601e-10 5.48346e-10 3.85901e-10 2.63368e-10 1.75118e-10 1.14035e-10 7.3131e-11 4.64534e-11 2.93887e-11 1.86062e-11 1.18239e-11 7.53379e-12 4.76323e-12 2.84807e-12 1.19725e-12 
7.44661e-14 2.03183e-13 3.31093e-13 5.14002e-13 8.20579e-13 1.36871e-12 2.36368e-12 4.15808e-12 7.34308e-12 1.29019e-11 2.24202e-11 3.83472e-11 6.4272e-11 1.05103e-10 1.67004e-10 2.56973e-10 3.82048e-10 5.48357e-10 7.6034e-10 1.02036e-09 1.32843e-09 1.68144e-09 2.07136e-09 2.483e-09 2.89249e-09 3.26783e-09 3.57228e-09 3.77001e-09 3.83285e-09 3.74664e-09 3.51545e-09 3.1621e-09 2.72455e-09 2.24858e-09 1.77885e-09 1.35113e-09 9.87794e-10 6.97381e-10 4.77348e-10 3.1824e-10 2.07709e-10 1.33459e-10 8.49032e-11 5.3783e-11 3.40941e-11 2.17035e-11 1.38788e-11 8.85567e-12 5.47744e-12 2.84807e-12 2.84807e-12 
3.45866e-14 2.03183e-13 4.07024e-13 6.39868e-13 9.99668e-13 1.62629e-12 2.75864e-12 4.80315e-12 8.44664e-12 1.48461e-11 2.59087e-11 4.46837e-11 7.58472e-11 1.26149e-10 2.04656e-10 3.22465e-10 4.91702e-10 7.23829e-10 1.02772e-09 1.40821e-09 1.86552e-09 2.39508e-09 2.98647e-09 3.62068e-09 4.26653e-09 4.87892e-09 5.40144e-09 5.77401e-09 5.94424e-09 5.87954e-09 5.57643e-09 5.06385e-09 4.39886e-09 3.65513e-09 2.90762e-09 2.21836e-09 1.62764e-09 1.15247e-09 7.90755e-10 5.28237e-10 3.45331e-10 2.22166e-10 1.41473e-10 8.96842e-11 5.68953e-11 3.62646e-11 2.32536e-11 1.49433e-11 9.45547e-12 5.47744e-12 2.10428e-12 
1.26099e-13 4.07024e-13 6.9849e-13 1.07758e-12 1.70252e-12 2.8192e-12 4.84079e-12 8.46302e-12 1.48577e-11 2.59965e-11 4.5118e-11 7.73911e-11 1.30687e-10 2.16289e-10 3.49163e-10 5.47316e-10 8.29897e-10 1.21418e-09 1.71231e-09 2.32902e-09 3.06097e-09 3.89654e-09 4.81386e-09 5.77582e-09 6.72451e-09 7.58028e-09 8.24944e-09 8.64074e-09 8.68636e-09 8.36094e-09 7.69183e-09 6.75641e-09 5.66584e-09 4.54024e-09 3.48359e-09 2.56683e-09 1.82319e-09 1.25383e-09 8.38962e-10 5.49102e-10 3.53529e-10 2.25221e-10 1.42807e-10 9.06155e-11 5.77919e-11 3.71272e-11 2.39813e-11 1.54054e-11 9.45547e-12 4.76323e-12 4.76323e-12 
5.57555e-14 3.31093e-13 6.9849e-13 1.10586e-12 1.69868e-12 2.72352e-12 4.57902e-12 7.92441e-12 1.3863e-11 2.42597e-11 4.22482e-11 7.29883e-11 1.24706e-10 2.09911e-10 3.46461e-10 5.57865e-10 8.72036e-10 1.31799e-09 1.92082e-09 2.69651e-09 3.64866e-09 4.76779e-09 6.03079e-09 7.39653e-09 8.79681e-09 1.01286e-08 1.12569e-08 1.20347e-08 1.2335e-08 1.2086e-08 1.12963e-08 1.00589e-08 8.53169e-09 6.8993e-09 5.33088e-09 3.94842e-09 2.81487e-09 1.94068e-09 1.30065e-09 8.52085e-10 5.48842e-10 3.49675e-10 2.21683e-10 1.40635e-10 8.97005e-11 5.76892e-11 3.73954e-11 2.42685e-11 1.54054e-11 8.85567e-12 3.36204e-12 
1.97393e-13 6.39868e-13 1.10586e-12 1.68231e-12 2.59858e-12 4.23446e-12 7.20255e-12 1.25032e-11 2.18196e-11 3.80054e-11 6.58698e-11 1.13354e-10 1.93154e-10 3.24597e-10 5.35232e-10 8.61116e-10 1.34456e-09 2.02854e-09 2.94855e-09 4.12464e-09 5.55691e-09 7.22489e-09 9.08564e-09 1.10643e-08 1.30387e-08 1.48304e-08 1.62208e-08 1.69936e-08 1.69936e-08 1.61779e-08 1.46386e-08 1.25848e-08 1.02889e-08 8.018e-09 5.97657e-09 4.28005e-09 2.9598e-09 1.9874e-09 1.3033e-09 8.39781e-10 5.34987e-10 3.39038e-10 2.14986e-10 1.37089e-10 8.82097e-11 5.73143e-11 3.74533e-11 2.42685e-11 1.49433e-11 7.53379e-12 7.53379e-12 
8.76085e-14 5.14002e-13 1.07758e-12 1.68231e-12 2.51886e-12 3.94038e-12 6.51619e-12 1.11509e-11 1.93301e-11 3.35613e-11 5.8117e-11 1.00226e-10 1.71891e-10 2.92386e-10 4.91138e-10 8.10064e-10 1.30374e-09 2.03534e-09 3.06736e-09 4.44852e-09 6.20192e-09 8.31924e-09 1.07601e-08 1.34466e-08 1.62442e-08 1.89378e-08 2.12295e-08 2.27831e-08 2.3309e-08 2.26585e-08 2.08844e-08 1.8239e-08 1.51055e-08 1.18923e-08 8.93328e-09 6.43342e-09 4.46603e-09 3.00606e-09 1.97395e-09 1.2726e-09 8.10684e-10 5.13554e-10 3.25474e-10 2.0746e-10 1.33512e-10 8.68864e-11 5.70492e-11 3.74533e-11 2.39813e-11 1.38788e-11 5.28861e-12 
3.09037e-13 9.99668e-13 1.69868e-12 2.51886e-12 3.77426e-12 5.99474e-12 1.00109e-11 1.71357e-11 2.95405e-11 5.0912e-11 8.75536e-11 1.50194e-10 2.56774e-10 4.36265e-10 7.33051e-10 1.21032e-09 1.9498e-09 3.04453e-09 4.58344e-09 6.63074e-09 9.2088e-09 1.22914e-08 1.58023e-08 1.96021e-08 2.34521e-08 2.69835e-08 2.972e-08 3.11805e-08 3.10296e-08 2.92082e-08 2.59761e-08 2.1841e-08 1.74046e-08 1.31969e-08 9.56998e-09 6.676e-09 4.50816e-09 2.96605e-09 1.91401e-09 1.21958e-09 7.7242e-10 4.89332e-10 3.11795e-10 2.00672e-10 1.30738e-10 8.61362e-11 5.70492e-11 3.73954e-11 2.32536e-11 1.18239e-11 1.18239e-11 
1.38203e-13 8.20579e-13 1.70252e-12 2.59858e-12 3.77426e-12 5.71524e-12 9.19568e-12 1.5405e-11 2.62307e-11 4.48194e-11 7.65302e-11 1.30569e-10 2.2271e-10 3.79529e-10 6.44238e-10 1.08327e-09 1.79105e-09 2.88856e-09 4.51058e-09 6.78017e-09 9.77696e-09 1.35135e-08 1.79286e-08 2.28836e-08 2.81316e-08 3.32578e-08 3.76524e-08 4.05966e-08 4.14675e-08 3.99751e-08 3.6302e-08 3.10651e-08 2.51114e-08 1.92552e-08 1.40826e-08 9.88511e-09 6.70399e-09 4.42306e-09 2.85882e-09 1.82296e-09 1.15478e-09 7.31478e-10 4.6603e-10 3e-10 1.95645e-10 1.29243e-10 8.61362e-11 5.73143e-11 3.71272e-11 2.17035e-11 8.32809e-12 
5.03034e-13 1.62629e-12 2.72352e-12 3.94038e-12 5.71524e-12 8.77189e-12 1.42179e-11 2.3738e-11 4.0035e-11 6.76312e-11 1.14245e-10 1.93189e-10 3.27445e-10 5.56057e-10 9.42976e-10 1.58681e-09 2.62728e-09 4.24099e-09 6.61902e-09 9.92539e-09 1.42496e-08 1.95764e-08 2.57815e-08 3.26201e-08 3.96631e-08 4.62091e-08 5.12963e-08 5.39183e-08 5.3389e-08 4.96562e-08 4.33692e-08 3.56511e-08 2.77051e-08 2.04732e-08 1.44829e-08 9.87748e-09 6.54214e-09 4.23909e-09 2.70711e-09 1.7162e-09 1.08753e-09 6.93081e-10 4.46396e-10 2.91449e-10 1.92989e-10 1.29243e-10 8.68864e-11 5.76892e-11 3.62646e-11 1.86062e-11 1.86062e-11 
2.27919e-13 1.36871e-12 2.8192e-12 4.23446e-12 5.99474e-12 8.77189e-12 1.36157e-11 2.20835e-11 3.65599e-11 6.08955e-11 1.01538e-10 1.6949e-10 2.83807e-10 4.77632e-10 8.07816e-10 1.36816e-09 2.30365e-09 3.81842e-09 6.16578e-09 9.60917e-09 1.43561e-08 2.04903e-08 2.79384e-08 3.64698e-08 4.56648e-08 5.47933e-08 6.27094e-08 6.79814e-08 6.93458e-08 6.62707e-08 5.92593e-08 4.9679e-08 3.92231e-08 2.9348e-08 2.09607e-08 1.43984e-08 9.58635e-09 6.23433e-09 3.99104e-09 2.5342e-09 1.60762e-09 1.02547e-09 6.61169e-10 4.32332e-10 2.86977e-10 1.92989e-10 1.30738e-10 8.82097e-11 5.77919e-11 3.40941e-11 1.31611e-11 
8.56531e-13 2.75864e-12 4.57902e-12 6.51619e-12 9.19568e-12 1.36157e-11 2.1261e-11 3.43151e-11 5.61454e-11 9.22103e-11 1.51614e-10 2.49864e-10 4.13908e-10 6.91005e-10 1.16306e-09 1.96626e-09 3.31124e-09 5.4917e-09 8.86295e-09 1.37754e-08 2.04732e-08 2.90041e-08 3.91915e-08 5.06375e-08 6.26374e-08 7.39734e-08 8.28486e-08 8.72954e-08 8.59976e-08 7.89959e-08 6.77493e-08 5.44947e-08 4.13842e-08 2.99029e-08 2.07261e-08 1.38933e-08 9.08078e-09 5.83446e-09 3.7145e-09 2.36106e-09 1.50863e-09 9.74383e-10 6.38487e-10 4.25019e-10 2.86977e-10 1.95645e-10 1.33512e-10 8.97005e-11 5.68953e-11 2.93887e-11 2.93887e-11 
3.93758e-13 2.36368e-12 4.84079e-12 7.20255e-12 1.00109e-11 1.42179e-11 2.1261e-11 3.3219e-11 5.3147e-11 8.57942e-11 1.38835e-10 2.24984e-10 3.65823e-10 5.98935e-10 9.90822e-10 1.65805e-09 2.79594e-09 4.70623e-09 7.80358e-09 1.25728e-08 1.94598e-08 2.87243e-08 4.03319e-08 5.39452e-08 6.89077e-08 8.40428e-08 9.73566e-08 1.0619e-07 1.08165e-07 1.02413e-07 9.0151e-08 7.40949e-08 5.72576e-08 4.19507e-08 2.93969e-08 1.9875e-08 1.30767e-08 8.44454e-09 5.39719e-09 3.44132e-09 2.20479e-09 1.42776e-09 9.3829e-10 6.26743e-10 4.25019e-10 2.91449e-10 2.00672e-10 1.37089e-10 9.06155e-11 5.3783e-11 2.08257e-11 
1.50449e-12 4.80315e-12 7.92441e-12 1.11509e-11 1.5405e-11 2.20835e-11 3.3219e-11 5.17024e-11 8.1814e-11 1.30214e-10 2.07589e-10 3.31488e-10 5.31515e-10 8.59286e-10 1.407e-09 2.33825e-09 3.92926e-09 6.60512e-09 1.09384e-08 1.75701e-08 2.70393e-08 3.95851e-08 5.50347e-08 7.2815e-08 9.1848e-08 1.1015e-07 1.2457e-07 1.31538e-07 1.28785e-07 1.16742e-07 9.83393e-08 7.75327e-08 5.77331e-08 4.09869e-08 2.80024e-08 1.8579e-08 1.20783e-08 7.76126e-09 4.97074e-09 3.19707e-09 2.07803e-09 1.37092e-09 9.1966e-10 6.26743e-10 4.32332e-10 3e-10 2.0746e-10 1.40635e-10 8.96842e-11 4.64534e-11 4.64534e-11 
6.99876e-13 4.15808e-12 8.46302e-12 1.25032e-11 1.71357e-11 2.3738e-11 3.43151e-11 5.17024e-11 7.99162e-11 1.24931e-10 1.96013e-10 3.07895e-10 4.84488e-10 7.65803e-10 1.22159e-09 1.97761e-09 3.25997e-09 5.45312e-09 9.14473e-09 1.51063e-08 2.41581e-08 3.69191e-08 5.35636e-08 7.37129e-08 9.64265e-08 1.19873e-07 1.40739e-07 1.54404e-07 1.56794e-07 1.4684e-07 1.2715e-07 1.02541e-07 7.77739e-08 5.60505e-08 3.87695e-08 2.59862e-08 1.70367e-08 1.10248e-08 7.10333e-09 4.59303e-09 3.00033e-09 1.98935e-09 1.34166e-09 9.1966e-10 6.38487e-10 4.46396e-10 3.11795e-10 2.14986e-10 1.42807e-10 8.49032e-11 3.28478e-11 
2.67517e-12 8.44664e-12 1.3863e-11 1.93301e-11 2.62307e-11 3.65599e-11 5.3147e-11 7.99162e-11 1.22427e-10 1.88961e-10 2.92294e-10 4.52514e-10 7.01832e-10 1.09359e-09 1.7206e-09 2.75162e-09 4.49405e-09 7.47371e-09 1.24869e-08 2.05485e-08 3.26784e-08 4.95557e-08 7.12357e-08 9.70169e-08 1.25303e-07 1.52934e-07 1.74678e-07 1.84548e-07 1.7917e-07 1.59974e-07 1.32288e-07 1.02405e-07 7.50476e-08 5.26411e-08 3.57051e-08 2.36474e-08 1.54376e-08 1.00235e-08 6.52626e-09 4.29094e-09 2.86333e-09 1.94383e-09 1.34166e-09 9.3829e-10 6.61169e-10 4.6603e-10 3.25474e-10 2.21683e-10 1.41473e-10 7.3131e-11 7.3131e-11 
1.2545e-12 7.34308e-12 1.48577e-11 2.18196e-11 2.95405e-11 4.0035e-11 5.61454e-11 8.1814e-11 1.22427e-10 1.85623e-10 2.82775e-10 4.31314e-10 6.58393e-10 1.00706e-09 1.54779e-09 2.40261e-09 3.79465e-09 6.13484e-09 1.01294e-08 1.68366e-08 2.75633e-08 4.35489e-08 6.54939e-08 9.32336e-08 1.25494e-07 1.59511e-07 1.90032e-07 2.0954e-07 2.1174e-07 1.95656e-07 1.66378e-07 1.31712e-07 9.82915e-08 7.00012e-08 4.81085e-08 3.22344e-08 2.12641e-08 1.39379e-08 9.15417e-09 6.06818e-09 4.08167e-09 2.79323e-09 1.94383e-09 1.37092e-09 9.74383e-10 6.93081e-10 4.89332e-10 3.39038e-10 2.25221e-10 1.33459e-10 5.13644e-11 
4.75152e-12 1.48461e-11 2.42597e-11 3.35613e-11 4.48194e-11 6.08955e-11 8.57942e-11 1.24931e-10 1.85623e-10 2.7825e-10 4.18249e-10 6.29189e-10 9.47612e-10 1.43102e-09 2.17256e-09 3.33193e-09 5.20086e-09 8.31984e-09 1.36202e-08 2.24831e-08 3.65567e-08 5.72996e-08 8.53324e-08 1.20068e-07 1.59262e-07 1.98245e-07 2.2877e-07 2.41627e-07 2.32147e-07 2.03803e-07 1.65455e-07 1.25924e-07 9.11296e-08 6.35022e-08 4.30847e-08 2.87564e-08 1.90589e-08 1.26496e-08 8.46962e-09 5.7526e-09 3.97492e-09 2.79323e-09 1.98935e-09 1.42776e-09 1.02547e-09 7.31478e-10 5.13554e-10 3.49675e-10 2.22166e-10 1.14035e-10 1.14035e-10 
2.23392e-12 1.29019e-11 2.59965e-11 3.80054e-11 5.0912e-11 6.76312e-11 9.22103e-11 1.30214e-10 1.88961e-10 2.7825e-10 4.11981e-10 6.10852e-10 9.06566e-10 1.3485e-09 2.01436e-09 3.0289e-09 4.60234e-09 7.11388e-09 1.12638e-08 1.82571e-08 2.98575e-08 4.80777e-08 7.45399e-08 1.09572e-07 1.51926e-07 1.97825e-07 2.39399e-07 2.65187e-07 2.66181e-07 2.42524e-07 2.02779e-07 1.57819e-07 1.16196e-07 8.21224e-08 5.64276e-08 3.81272e-08 2.55812e-08 1.71855e-08 1.16438e-08 8.00082e-09 5.59218e-09 3.97492e-09 2.86333e-09 2.07803e-09 1.50863e-09 1.08753e-09 7.7242e-10 5.34987e-10 3.53529e-10 2.07709e-10 7.91786e-11 
8.35399e-12 2.59087e-11 4.22482e-11 5.8117e-11 7.65302e-11 1.01538e-10 1.38835e-10 1.96013e-10 2.82775e-10 4.11981e-10 6.01927e-10 8.80093e-10 1.28923e-09 1.89709e-09 2.81139e-09 4.20345e-09 6.35403e-09 9.75498e-09 1.52994e-08 2.45077e-08 3.95629e-08 6.28095e-08 9.58744e-08 1.38548e-07 1.88671e-07 2.3955e-07 2.79008e-07 2.9373e-07 2.79259e-07 2.41823e-07 1.93277e-07 1.4516e-07 1.04139e-07 7.24418e-08 4.95363e-08 3.36587e-08 2.29135e-08 1.57356e-08 1.09594e-08 7.7634e-09 5.59218e-09 4.08167e-09 3.00033e-09 2.20479e-09 1.60762e-09 1.15478e-09 8.10684e-10 5.48842e-10 3.45331e-10 1.75118e-10 1.75118e-10 
3.91824e-12 2.24202e-11 4.5118e-11 6.58698e-11 8.75536e-11 1.14245e-10 1.51614e-10 2.07589e-10 2.92294e-10 4.18249e-10 6.01927e-10 8.66973e-10 1.24974e-09 1.80865e-09 2.6392e-09 3.89559e-09 5.81953e-09 8.79053e-09 1.34427e-08 2.08909e-08 3.29981e-08 5.23784e-08 8.15239e-08 1.21848e-07 1.724e-07 2.29126e-07 2.80722e-07 3.11235e-07 3.10254e-07 2.79715e-07 2.3078e-07 1.77502e-07 1.29547e-07 9.1249e-08 6.30951e-08 4.33945e-08 2.99448e-08 2.08676e-08 1.47558e-08 1.06142e-08 7.7634e-09 5.7526e-09 4.29094e-09 3.19707e-09 2.36106e-09 1.7162e-09 1.21958e-09 8.39781e-10 5.49102e-10 3.1824e-10 1.19645e-10 
1.44559e-11 4.46837e-11 7.29883e-11 1.00226e-10 1.30569e-10 1.6949e-10 2.24984e-10 3.07895e-10 4.31314e-10 6.10852e-10 8.66973e-10 1.2298e-09 1.74776e-09 2.50259e-09 3.633e-09 5.36511e-09 8.04346e-09 1.21775e-08 1.85698e-08 2.85916e-08 4.44888e-08 6.91688e-08 1.04868e-07 1.52677e-07 2.10386e-07 2.70312e-07 3.16228e-07 3.32449e-07 3.13461e-07 2.68168e-07 2.12165e-07 1.57976e-07 1.12796e-07 7.88441e-08 5.48407e-08 3.83406e-08 2.71218e-08 1.94949e-08 1.42639e-08 1.06142e-08 8.00082e-09 6.06818e-09 4.59303e-09 3.44132e-09 2.5342e-09 1.82296e-09 1.2726e-09 8.52085e-10 5.28237e-10 2.63368e-10 2.63368e-10 
6.73218e-12 3.83472e-11 7.73911e-11 1.13354e-10 1.50194e-10 1.93189e-10 2.49864e-10 3.31488e-10 4.52514e-10 6.29189e-10 8.80093e-10 1.2298e-09 1.71644e-09 2.40578e-09 3.41534e-09 4.94997e-09 7.34076e-09 1.10678e-08 1.67934e-08 2.55248e-08 3.897e-08 5.96628e-08 9.0427e-08 1.32764e-07 1.87885e-07 2.50631e-07 3.08929e-07 3.43322e-07 3.40647e-07 3.03471e-07 2.47793e-07 1.88777e-07 1.36741e-07 9.66309e-08 6.79658e-08 4.81083e-08 3.45308e-08 2.52416e-08 1.8809e-08 1.42639e-08 1.09594e-08 8.46962e-09 6.52626e-09 4.97074e-09 3.7145e-09 2.70711e-09 1.91401e-09 1.3033e-09 8.38962e-10 4.77348e-10 1.76284e-10 
2.4513e-11 7.58472e-11 1.24706e-10 1.71891e-10 2.2271e-10 2.83807e-10 3.65823e-10 4.84488e-10 6.58393e-10 9.06566e-10 1.24974e-09 1.71644e-09 2.35529e-09 3.25793e-09 4.59558e-09 6.66688e-09 9.93804e-09 1.50431e-08 2.28198e-08 3.45575e-08 5.22791e-08 7.84846e-08 1.15513e-07 1.6452e-07 2.26066e-07 2.918e-07 3.42655e-07 3.59155e-07 3.35215e-07 2.83324e-07 2.21333e-07 1.62724e-07 1.16112e-07 8.25593e-08 5.91671e-08 4.30699e-08 3.20118e-08 2.43072e-08 1.8809e-08 1.47558e-08 1.16438e-08 9.15417e-09 7.10333e-09 5.39719e-09 3.99104e-09 2.85882e-09 1.97395e-09 1.30065e-09 7.90755e-10 3.85901e-10 3.85901e-10 
1.12899e-11 6.4272e-11 1.30687e-10 1.93154e-10 2.56774e-10 3.27445e-10 4.13908e-10 5.31515e-10 7.01832e-10 9.47612e-10 1.28923e-09 1.74776e-09 2.35529e-09 3.17503e-09 4.33654e-09 6.08454e-09 8.83072e-09 1.31858e-08 1.99406e-08 3.01434e-08 4.53654e-08 6.77993e-08 9.95072e-08 1.43437e-07 1.99745e-07 2.70023e-07 3.33612e-07 3.69936e-07 3.62282e-07 3.17992e-07 2.55578e-07 1.90824e-07 1.37175e-07 9.83719e-08 7.12923e-08 5.2622e-08 3.9761e-08 3.0767e-08 2.43072e-08 1.94949e-08 1.57356e-08 1.26496e-08 1.00235e-08 7.76126e-09 5.83446e-09 4.23909e-09 2.96605e-09 1.9874e-09 1.25383e-09 6.97381e-10 2.52042e-10 
4.0568e-11 1.26149e-10 2.09911e-10 2.92386e-10 3.79529e-10 4.77632e-10 5.98935e-10 7.65803e-10 1.00706e-09 1.3485e-09 1.80865e-09 2.40578e-09 3.17503e-09 4.19924e-09 5.658e-09 7.87779e-09 1.13726e-08 1.68788e-08 2.53196e-08 3.79039e-08 5.65182e-08 8.34321e-08 1.21545e-07 1.78138e-07 2.51893e-07 3.25976e-07 3.79101e-07 3.85213e-07 3.52467e-07 2.92202e-07 2.2218e-07 1.60437e-07 1.15587e-07 8.4356e-08 6.29502e-08 4.83486e-08 3.81356e-08 3.0767e-08 2.52416e-08 2.08676e-08 1.71855e-08 1.39379e-08 1.10248e-08 8.44454e-09 6.23433e-09 4.42306e-09 3.00606e-09 1.94068e-09 1.15247e-09 5.48346e-10 5.48346e-10 
1.84372e-11 1.05103e-10 2.16289e-10 3.24597e-10 4.36265e-10 5.56057e-10 6.91005e-10 8.59286e-10 1.09359e-09 1.43102e-09 1.89709e-09 2.50259e-09 3.25793e-09 4.19924e-09 5.4308e-09 7.18298e-09 9.84135e-09 1.39678e-08 2.03475e-08 2.98726e-08 4.39958e-08 6.56519e-08 9.92019e-08 1.57389e-07 2.4477e-07 3.27612e-07 3.92652e-07 4.1401e-07 3.90969e-07 3.34356e-07 2.59708e-07 1.87464e-07 1.35194e-07 9.87034e-08 7.39767e-08 5.75261e-08 4.62623e-08 3.81356e-08 3.20118e-08 2.71218e-08 2.29135e-08 1.90589e-08 1.54376e-08 1.20783e-08 9.08078e-09 6.54214e-09 4.50816e-09 2.9598e-09 1.82319e-09 9.87794e-10 3.4823e-10 
6.52896e-11 2.04656e-10 3.46461e-10 4.91138e-10 6.44238e-10 8.07816e-10 9.90822e-10 1.22159e-09 1.54779e-09 2.01436e-09 2.6392e-09 3.41534e-09 4.33654e-09 5.4308e-09 6.81022e-09 8.73467e-09 1.15912e-08 1.58329e-08 2.20159e-08 3.10909e-08 4.67093e-08 7.78337e-08 1.45399e-07 2.50861e-07 3.52772e-07 4.28143e-07 4.6377e-07 4.50409e-07 3.83535e-07 3.09791e-07 2.2115e-07 1.59032e-07 1.15437e-07 8.59801e-08 6.72219e-08 5.48935e-08 4.62623e-08 3.9761e-08 3.45308e-08 2.99448e-08 2.55812e-08 2.12641e-08 1.70367e-08 1.30767e-08 9.58635e-09 6.70399e-09 4.46603e-09 2.81487e-09 1.62764e-09 7.52601e-10 7.52601e-10 
2.92796e-11 1.67004e-10 3.49163e-10 5.35232e-10 7.33051e-10 9.42976e-10 1.16306e-09 1.407e-09 1.7206e-09 2.17256e-09 2.81139e-09 3.633e-09 4.59558e-09 5.658e-09 6.81022e-09 8.13187e-09 9.89191e-09 1.23366e-08 1.52983e-08 1.93889e-08 3.06793e-08 6.50845e-08 1.4717e-07 2.72976e-07 4.05001e-07 4.96952e-07 5.51427e-07 5.34183e-07 4.61048e-07 3.80143e-07 2.68999e-07 1.91121e-07 1.36743e-07 9.99036e-08 7.76024e-08 6.39589e-08 5.48935e-08 4.83486e-08 4.30699e-08 3.83406e-08 3.36587e-08 2.87564e-08 2.36474e-08 1.8579e-08 1.38933e-08 9.87748e-09 6.676e-09 4.28005e-09 2.56683e-09 1.35113e-09 4.63356e-10 
1.019e-10 3.22465e-10 5.57865e-10 8.10064e-10 1.08327e-09 1.36816e-09 1.65805e-09 1.97761e-09 2.40261e-09 3.0289e-09 3.89559e-09 4.94997e-09 6.08454e-09 7.18298e-09 8.13187e-09 8.93475e-09 9.87539e-09 1.05568e-08 1.04847e-08 2.42933e-08 6.76305e-08 1.65725e-07 3.07114e-07 4.63481e-07 5.97342e-07 6.58287e-07 6.64443e-07 5.87379e-07 5.01273e-07 3.44149e-07 2.41186e-07 1.68147e-07 1.17957e-07 8.94515e-08 7.3566e-08 6.39589e-08 5.75261e-08 5.2622e-08 4.81083e-08 4.33945e-08 3.81272e-08 3.22344e-08 2.59862e-08 1.9875e-08 1.43984e-08 9.88511e-09 6.43342e-09 3.94842e-09 2.21836e-09 9.94485e-10 9.94485e-10 
4.5217e-11 2.56973e-10 5.47316e-10 8.61116e-10 1.21032e-09 1.58681e-09 1.96626e-09 2.33825e-09 2.75162e-09 3.33193e-09 4.20345e-09 5.36511e-09 6.66688e-09 7.87779e-09 8.73467e-09 8.93475e-09 8.39343e-09 7.38845e-09 6.89468e-09 2.63646e-08 8.52059e-08 1.98257e-07 3.70806e-07 6.04526e-07 7.73461e-07 9.17501e-07 8.92216e-07 8.69101e-07 7.1914e-07 4.82539e-07 3.23148e-07 2.21956e-07 1.45334e-07 1.04852e-07 8.44198e-08 7.3566e-08 6.72219e-08 6.29502e-08 5.91671e-08 5.48407e-08 4.95363e-08 4.30847e-08 3.57051e-08 2.80024e-08 2.07261e-08 1.44829e-08 9.56998e-09 5.97657e-09 3.48359e-09 1.77885e-09 5.92243e-10 
1.53976e-10 4.91702e-10 8.72036e-10 1.30374e-09 1.79105e-09 2.30365e-09 2.79594e-09 3.25997e-09 3.79465e-09 4.60234e-09 5.81953e-09 7.34076e-09 8.83072e-09 9.84135e-09 9.89191e-09 8.39343e-09 5.30945e-09 8.43503e-09 3.32099e-08 1.00846e-07 2.45886e-07 4.75135e-07 8.55927e-07 1.10402e-06 1.29787e-06 1.33044e-06 1.31999e-06 1.12962e-06 7.38608e-07 4.5896e-07 3.16785e-07 1.935e-07 1.28868e-07 9.86345e-08 8.44198e-08 7.76024e-08 7.39767e-08 7.12923e-08 6.79658e-08 6.30951e-08 5.64276e-08 4.81085e-08 3.87695e-08 2.93969e-08 2.09607e-08 1.40826e-08 8.93328e-09 5.33088e-09 2.90762e-09 1.26212e-09 1.26212e-09 
6.79895e-11 3.82048e-10 8.29897e-10 1.34456e-09 1.9498e-09 2.62728e-09 3.31124e-09 3.92926e-09 4.49405e-09 5.20086e-09 6.35403e-09 8.04346e-09 9.93804e-09 1.13726e-08 1.15912e-08 9.87539e-09 5.30945e-09 1.11537e-08 4.18432e-08 1.189e-07 2.90067e-07 6.34909e-07 1.01262e-06 1.23352e-06 1.47534e-06 1.58709e-06 1.51421e-06 1.44146e-06 1.22097e-06 7.00917e-07 5.27132e-07 2.86321e-07 1.72327e-07 1.20968e-07 9.86345e-08 8.94515e-08 8.59801e-08 8.4356e-08 8.25593e-08 7.88441e-08 7.24418e-08 6.35022e-08 5.26411e-08 4.09869e-08 2.99029e-08 2.04732e-08 1.31969e-08 8.018e-09 4.54024e-09 2.24858e-09 7.25926e-10 
2.25201e-10 7.23829e-10 1.31799e-09 2.03534e-09 2.88856e-09 3.81842e-09 4.70623e-09 5.45312e-09 6.13484e-09 7.11388e-09 8.79053e-09 1.10678e-08 1.31858e-08 1.39678e-08 1.23366e-08 7.38845e-09 1.11537e-08 4.88846e-08 1.40031e-07 3.47316e-07 7.23355e-07 1.03454e-06 1.39108e-06 1.61608e-06 1.78144e-06 1.78001e-06 1.69377e-06 1.56217e-06 1.1481e-06 8.54629e-07 4.93961e-07 2.5692e-07 1.61799e-07 1.20968e-07 1.04852e-07 9.99036e-08 9.87034e-08 9.83719e-08 9.66309e-08 9.1249e-08 8.21224e-08 7.00012e-08 5.60505e-08 4.19507e-08 2.9348e-08 1.92552e-08 1.18923e-08 6.8993e-09 3.65513e-09 1.536e-09 1.536e-09 
9.97279e-11 5.48357e-10 1.21418e-09 2.02854e-09 3.04453e-09 4.24099e-09 5.4917e-09 6.60512e-09 7.47371e-09 8.31984e-09 9.75498e-09 1.21775e-08 1.50431e-08 1.68788e-08 1.58329e-08 1.05568e-08 8.43503e-09 4.88846e-08 1.54955e-07 4.12812e-07 7.77549e-07 1.11953e-06 1.43914e-06 1.73614e-06 1.93234e-06 2.0061e-06 1.98507e-06 1.86033e-06 1.55339e-06 1.18243e-06 8.34446e-07 4.48364e-07 2.41326e-07 1.61799e-07 1.28868e-07 1.17957e-07 1.15437e-07 1.15587e-07 1.16112e-07 1.12796e-07 1.04139e-07 9.11296e-08 7.50476e-08 5.77331e-08 4.13842e-08 2.77051e-08 1.74046e-08 1.02889e-08 5.66584e-09 2.72455e-09 8.52587e-10 
3.19164e-10 1.02772e-09 1.92082e-09 3.06736e-09 4.51058e-09 6.16578e-09 7.80358e-09 9.14473e-09 1.01294e-08 1.12638e-08 1.34427e-08 1.67934e-08 1.99406e-08 2.03475e-08 1.52983e-08 6.89468e-09 4.18432e-08 1.54955e-07 4.47823e-07 7.48454e-07 1.17095e-06 1.48567e-06 1.78498e-06 2.03333e-06 2.17294e-06 2.2179e-06 2.1467e-06 1.91009e-06 1.58614e-06 1.21353e-06 7.82741e-07 4.22289e-07 2.41326e-07 1.72327e-07 1.45334e-07 1.36743e-07 1.35194e-07 1.37175e-07 1.36741e-07 1.29547e-07 1.16196e-07 9.82915e-08 7.77739e-08 5.72576e-08 3.92231e-08 2.51114e-08 1.51055e-08 8.53169e-09 4.39886e-09 1.79127e-09 1.79127e-09 
1.42934e-10 7.6034e-10 1.71231e-09 2.94855e-09 4.58344e-09 6.61902e-09 8.86295e-09 1.09384e-08 1.24869e-08 1.36202e-08 1.52994e-08 1.85698e-08 2.28198e-08 2.53196e-08 2.20159e-08 1.04847e-08 3.32099e-08 1.40031e-07 4.47823e-07 7.60529e-07 1.17106e-06 1.51127e-06 1.80978e-06 2.07079e-06 2.26757e-06 2.37687e-06 2.36554e-06 2.21339e-06 1.9642e-06 1.64188e-06 1.20825e-06 7.57586e-07 4.22289e-07 2.5692e-07 1.935e-07 1.68147e-07 1.59032e-07 1.60437e-07 1.62724e-07 1.57976e-07 1.4516e-07 1.25924e-07 1.02405e-07 7.75327e-08 5.44947e-08 3.56511e-08 2.1841e-08 1.25848e-08 6.75641e-09 3.1621e-09 9.59447e-10 
4.39203e-10 1.40821e-09 2.69651e-09 4.44852e-09 6.78017e-09 9.60917e-09 1.25728e-08 1.51063e-08 1.68366e-08 1.82571e-08 2.08909e-08 2.55248e-08 3.01434e-08 2.98726e-08 1.93889e-08 2.63646e-08 1.189e-07 4.12812e-07 7.60529e-07 1.18818e-06 1.49838e-06 1.80664e-06 2.08577e-06 2.297e-06 2.45322e-06 2.50793e-06 2.43825e-06 2.26726e-06 2.02485e-06 1.65374e-06 1.20339e-06 7.57586e-07 4.48364e-07 2.86321e-07 2.21956e-07 1.91121e-07 1.87464e-07 1.90824e-07 1.88777e-07 1.77502e-07 1.57819e-07 1.31712e-07 1.02541e-07 7.40949e-08 4.9679e-08 3.10651e-08 1.8239e-08 1.00589e-08 5.06385e-09 2.00185e-09 2.00185e-09 
2.00235e-10 1.02036e-09 2.32902e-09 4.12464e-09 6.63074e-09 9.92539e-09 1.37754e-08 1.75701e-08 2.05485e-08 2.24831e-08 2.45077e-08 2.85916e-08 3.45575e-08 3.79039e-08 3.10909e-08 2.42933e-08 1.00846e-07 3.47316e-07 7.48454e-07 1.18818e-06 1.49897e-06 1.78232e-06 2.07188e-06 2.30041e-06 2.47503e-06 2.57893e-06 2.58484e-06 2.48892e-06 2.31185e-06 2.04674e-06 1.65279e-06 1.20339e-06 7.82741e-07 4.93961e-07 3.16785e-07 2.41186e-07 2.2115e-07 2.2218e-07 2.21333e-07 2.12165e-07 1.93277e-07 1.65455e-07 1.32288e-07 9.83393e-08 6.77493e-08 4.33692e-08 2.59761e-08 1.46386e-08 7.69183e-09 3.51545e-09 1.03511e-09 
5.88093e-10 1.86552e-09 3.64866e-09 6.20192e-09 9.77696e-09 1.43561e-08 1.94598e-08 2.41581e-08 2.75633e-08 2.98575e-08 3.29981e-08 3.897e-08 4.53654e-08 4.39958e-08 3.06793e-08 8.52059e-08 2.90067e-07 7.77549e-07 1.17106e-06 1.49897e-06 1.76932e-06 2.03728e-06 2.28365e-06 2.47118e-06 2.60455e-06 2.66408e-06 2.6397e-06 2.52965e-06 2.33451e-06 2.05437e-06 1.65279e-06 1.20825e-06 8.34446e-07 5.27132e-07 3.23148e-07 2.68999e-07 2.59708e-07 2.55578e-07 2.47793e-07 2.3078e-07 2.02779e-07 1.66378e-07 1.2715e-07 9.0151e-08 5.92593e-08 3.6302e-08 2.08844e-08 1.12963e-08 5.57643e-09 2.14533e-09 2.14533e-09 
2.73811e-10 1.32843e-09 3.06097e-09 5.55691e-09 9.2088e-09 1.42496e-08 2.04732e-08 2.70393e-08 3.26784e-08 3.65567e-08 3.95629e-08 4.44888e-08 5.22791e-08 5.65182e-08 4.67093e-08 6.76305e-08 2.45886e-07 7.23355e-07 1.17095e-06 1.49838e-06 1.76932e-06 2.0155e-06 2.25449e-06 2.44924e-06 2.60318e-06 2.69873e-06 2.72511e-06 2.68174e-06 2.55743e-06 2.34187e-06 2.05437e-06 1.65374e-06 1.21353e-06 8.54629e-07 4.5896e-07 3.44149e-07 3.09791e-07 2.92202e-07 2.83324e-07 2.68168e-07 2.41823e-07 2.03803e-07 1.59974e-07 1.16742e-07 7.89959e-08 4.96562e-08 2.92082e-08 1.61779e-08 8.36094e-09 3.74664e-09 1.07166e-09 
7.67269e-10 2.39508e-09 4.76779e-09 8.31924e-09 1.35135e-08 2.04903e-08 2.87243e-08 3.69191e-08 4.35489e-08 4.80777e-08 5.23784e-08 5.96628e-08 6.77993e-08 6.56519e-08 6.50845e-08 1.98257e-07 6.34909e-07 1.11953e-06 1.51127e-06 1.78232e-06 2.0155e-06 2.23661e-06 2.4212e-06 2.58486e-06 2.70528e-06 2.76856e-06 2.77122e-06 2.71233e-06 2.56796e-06 2.34187e-06 2.04674e-06 1.64188e-06 1.18243e-06 7.00917e-07 4.82539e-07 3.80143e-07 3.34356e-07 3.17992e-07 3.03471e-07 2.79715e-07 2.42524e-07 1.95656e-07 1.4684e-07 1.02413e-07 6.62707e-08 3.99751e-08 2.26585e-08 1.2086e-08 5.87954e-09 2.20712e-09 2.20712e-09 
3.64555e-10 1.68144e-09 3.89654e-09 7.22489e-09 1.22914e-08 1.95764e-08 2.90041e-08 3.95851e-08 4.95557e-08 5.72996e-08 6.28095e-08 6.91688e-08 7.84846e-08 8.34321e-08 7.78337e-08 1.65725e-07 4.75135e-07 1.03454e-06 1.48567e-06 1.80664e-06 2.03728e-06 2.23661e-06 2.40432e-06 2.56096e-06 2.6941e-06 2.78318e-06 2.82056e-06 2.80378e-06 2.72674e-06 2.56796e-06 2.33451e-06 2.02485e-06 1.58614e-06 1.1481e-06 7.38608e-07 5.01273e-07 3.83535e-07 3.52467e-07 3.35215e-07 3.13461e-07 2.79259e-07 2.32147e-07 1.7917e-07 1.28785e-07 8.59976e-08 5.3389e-08 3.10296e-08 1.69936e-08 8.68636e-09 3.83285e-09 1.06591e-09 
9.75459e-10 2.98647e-09 6.03079e-09 1.07601e-08 1.79286e-08 2.79384e-08 4.03319e-08 5.35636e-08 6.54939e-08 7.45399e-08 8.15239e-08 9.0427e-08 9.95072e-08 9.92019e-08 1.4717e-07 3.70806e-07 1.01262e-06 1.43914e-06 1.80978e-06 2.07188e-06 2.25449e-06 2.40432e-06 2.54561e-06 2.67733e-06 2.77967e-06 2.84169e-06 2.85643e-06 2.82061e-06 2.72674e-06 2.55743e-06 2.31185e-06 1.9642e-06 1.55339e-06 1.22097e-06 7.1914e-07 4.61048e-07 3.90969e-07 3.62282e-07 3.40647e-07 3.10254e-07 2.66181e-07 2.1174e-07 1.56794e-07 1.08165e-07 6.93458e-08 4.14675e-08 2.3309e-08 1.2335e-08 5.94424e-09 2.18278e-09 2.18278e-09 
4.71223e-10 2.07136e-09 4.81386e-09 9.08564e-09 1.58023e-08 2.57815e-08 3.91915e-08 5.50347e-08 7.12357e-08 8.53324e-08 9.58744e-08 1.04868e-07 1.15513e-07 1.21545e-07 1.45399e-07 3.07114e-07 8.55927e-07 1.39108e-06 1.78498e-06 2.08577e-06 2.28365e-06 2.4212e-06 2.54561e-06 2.66643e-06 2.76931e-06 2.84462e-06 2.8814e-06 2.87552e-06 2.82061e-06 2.71233e-06 2.52965e-06 2.26726e-06 1.91009e-06 1.56217e-06 1.12962e-06 5.87379e-07 4.50409e-07 3.85213e-07 3.59155e-07 3.32449e-07 2.9373e-07 2.41627e-07 1.84548e-07 1.31538e-07 8.72954e-08 5.39183e-08 3.11805e-08 1.69936e-08 8.64074e-09 3.77001e-09 1.01972e-09 
1.2071e-09 3.62068e-09 7.39653e-09 1.34466e-08 2.28836e-08 3.64698e-08 5.39452e-08 7.37129e-08 9.32336e-08 1.09572e-07 1.21848e-07 1.32764e-07 1.43437e-07 1.57389e-07 2.72976e-07 6.04526e-07 1.23352e-06 1.73614e-06 2.07079e-06 2.30041e-06 2.44924e-06 2.56096e-06 2.66643e-06 2.76201e-06 2.8398e-06 2.88855e-06 2.90243e-06 2.87552e-06 2.80378e-06 2.68174e-06 2.48892e-06 2.21339e-06 1.86033e-06 1.44146e-06 8.69101e-07 5.34183e-07 4.1401e-07 3.69936e-07 3.43322e-07 3.11235e-07 2.65187e-07 2.0954e-07 1.54404e-07 1.0619e-07 6.79814e-08 4.05966e-08 2.27831e-08 1.20347e-08 5.77401e-09 2.07823e-09 2.07823e-09 
5.89864e-10 2.483e-09 5.77582e-09 1.10643e-08 1.96021e-08 3.26201e-08 5.06375e-08 7.2815e-08 9.70169e-08 1.20068e-07 1.38548e-07 1.52677e-07 1.6452e-07 1.78138e-07 2.50861e-07 4.63481e-07 1.10402e-06 1.61608e-06 2.03333e-06 2.297e-06 2.47118e-06 2.58486e-06 2.67733e-06 2.76201e-06 2.83589e-06 2.88719e-06 2.9118e-06 2.90243e-06 2.85643e-06 2.77122e-06 2.6397e-06 2.43825e-06 2.1467e-06 1.69377e-06 1.31999e-06 6.64443e-07 4.6377e-07 3.79101e-07 3.42655e-07 3.16228e-07 2.79008e-07 2.2877e-07 1.74678e-07 1.2457e-07 8.28486e-08 5.12963e-08 2.972e-08 1.62208e-08 8.24944e-09 3.57228e-09 9.39252e-10 
1.45127e-09 4.26653e-09 8.79681e-09 1.62442e-08 2.81316e-08 4.56648e-08 6.89077e-08 9.64265e-08 1.25494e-07 1.51926e-07 1.724e-07 1.87885e-07 1.99745e-07 2.4477e-07 4.05001e-07 7.73461e-07 1.47534e-06 1.93234e-06 2.26757e-06 2.47503e-06 2.60318e-06 2.6941e-06 2.76931e-06 2.83589e-06 2.88528e-06 2.91226e-06 2.9118e-06 2.8814e-06 2.82056e-06 2.72511e-06 2.58484e-06 2.36554e-06 1.98507e-06 1.51421e-06 8.92216e-07 5.51427e-07 3.92652e-07 3.33612e-07 3.08929e-07 2.80722e-07 2.39399e-07 1.90032e-07 1.40739e-07 9.73566e-08 6.27094e-08 3.76524e-08 2.12295e-08 1.12569e-08 5.40144e-09 1.90788e-09 1.90788e-09 
7.13727e-10 2.89249e-09 6.72451e-09 1.30387e-08 2.34521e-08 3.96631e-08 6.26374e-08 9.1848e-08 1.25303e-07 1.59262e-07 1.88671e-07 2.10386e-07 2.26066e-07 2.51893e-07 3.52772e-07 5.97342e-07 1.29787e-06 1.78144e-06 2.17294e-06 2.45322e-06 2.60455e-06 2.70528e-06 2.77967e-06 2.8398e-06 2.88528e-06 2.91153e-06 2.91226e-06 2.88855e-06 2.84169e-06 2.76856e-06 2.66408e-06 2.50793e-06 2.2179e-06 1.78001e-06 1.33044e-06 6.58287e-07 4.28143e-07 3.25976e-07 2.918e-07 2.70312e-07 2.3955e-07 1.98245e-07 1.52934e-07 1.1015e-07 7.39734e-08 4.62091e-08 2.69835e-08 1.48304e-08 7.58028e-09 3.26783e-09 8.33704e-10 
1.69164e-09 4.87892e-09 1.01286e-08 1.89378e-08 3.32578e-08 5.47933e-08 8.40428e-08 1.19873e-07 1.59511e-07 1.97825e-07 2.29126e-07 2.50631e-07 2.70023e-07 3.27612e-07 4.96952e-07 9.17501e-07 1.58709e-06 2.0061e-06 2.37687e-06 2.57893e-06 2.69873e-06 2.78318e-06 2.84462e-06 2.88719e-06 2.91153e-06 2.91153e-06 2.88719e-06 2.84462e-06 2.78318e-06 2.69873e-06 2.57893e-06 2.37687e-06 2.0061e-06 1.58709e-06 9.17501e-07 4.96952e-07 3.27612e-07 2.70023e-07 2.50631e-07 2.29126e-07 1.97825e-07 1.59511e-07 1.19873e-07 8.40428e-08 5.47933e-08 3.32578e-08 1.89378e-08 1.01286e-08 4.87892e-09 1.69164e-09 1.69164e-09 
8.33704e-10 3.26783e-09 7.58028e-09 1.48304e-08 2.69835e-08 4.62091e-08 7.39734e-08 1.1015e-07 1.52934e-07 1.98245e-07 2.3955e-07 2.70312e-07 2.918e-07 3.25976e-07 4.28143e-07 6.58287e-07 1.33044e-06 1.78001e-06 2.2179e-06 2.50793e-06 2.66408e-06 2.76856e-06 2.84169e-06 2.88855e-06 2.91226e-06 2.91153e-06 2.88528e-06 2.8398e-06 2.77967e-06 2.70528e-06 2.60455e-06 2.45322e-06 2.17294e-06 1.78144e-06 1.29787e-06 5.97342e-07 3.52772e-07 2.51893e-07 2.26066e-07 2.10386e-07 1.88671e-07 1.59262e-07 1.25303e-07 9.1848e-08 6.26374e-08 3.96631e-08 2.34521e-08 1.30387e-08 6.72451e-09 2.89249e-09 7.13727e-10 
1.90788e-09 5.40144e-09 1.12569e-08 2.12295e-08 3.76524e-08 6.27094e-08 9.73566e-08 1.40739e-07 1.90032e-07 2.39399e-07 2.80722e-07 3.08929e-07 3.33612e-07 3.92652e-07 5.51427e-07 8.92216e-07 1.51421e-06 1.98507e-06 2.36554e-06 2.58484e-06 2.72511e-06 2.82056e-06 2.8814e-06 2.9118e-06 2.91226e-06 2.88528e-06 2.83589e-06 2.76931e-06 2.6941e-06 2.60318e-06 2.47503e-06 2.26757e-06 1.93234e-06 1.47534e-06 7.73461e-07 4.05001e-07 2.4477e-07 1.99745e-07 1.87885e-07 1.724e-07 1.51926e-07 1.25494e-07 9.64265e-08 6.89077e-08 4.56648e-08 2.81316e-08 1.62442e-08 8.79681e-09 4.26653e-09 1.45127e-09 1.45127e-09 
9.39252e-10 3.57228e-09 8.24944e-09 1.62208e-08 2.972e-08 5.12963e-08 8.28486e-08 1.2457e-07 1.74678e-07 2.2877e-07 2.79008e-07 3.16228e-07 3.42655e-07 3.79101e-07 4.6377e-07 6.64443e-07 1.31999e-06 1.69377e-06 2.1467e-06 2.43825e-06 2.6397e-06 2.77122e-06 2.85643e-06 2.90243e-06 2.9118e-06 2.88719e-06 2.83589e-06 2.76201e-06 2.67733e-06 2.58486e-06 2.47118e-06 2.297e-06 2.03333e-06 1.61608e-06 1.10402e-06 4.63481e-07 2.50861e-07 1.78138e-07 1.6452e-07 1.52677e-07 1.38548e-07 1.20068e-07 9.70169e-08 7.2815e-08 5.06375e-08 3.26201e-08 1.96021e-08 1.10643e-08 5.77582e-09 2.483e-09 5.89864e-10 
2.07823e-09 5.77401e-09 1.20347e-08 2.27831e-08 4.05966e-08 6.79814e-08 1.0619e-07 1.54404e-07 2.0954e-07 2.65187e-07 3.11235e-07 3.43322e-07 3.69936e-07 4.1401e-07 5.34183e-07 8.69101e-07 1.44146e-06 1.86033e-06 2.21339e-06 2.48892e-06 2.68174e-06 2.80378e-06 2.87552e-06 2.90243e-06 2.88855e-06 2.8398e-06 2.76201e-06 2.66643e-06 2.56096e-06 2.44924e-06 2.30041e-06 2.07079e-06 1.73614e-06 1.23352e-06 6.04526e-07 2.72976e-07 1.57389e-07 1.43437e-07 1.32764e-07 1.21848e-07 1.09572e-07 9.32336e-08 7.37129e-08 5.39452e-08 3.64698e-08 2.28836e-08 1.34466e-08 7.39653e-09 3.62068e-09 1.2071e-09 1.2071e-09 
1.01972e-09 3.77001e-09 8.64074e-09 1.69936e-08 3.11805e-08 5.39183e-08 8.72954e-08 1.31538e-07 1.84548e-07 2.41627e-07 2.9373e-07 3.32449e-07 3.59155e-07 3.85213e-07 4.50409e-07 5.87379e-07 1.12962e-06 1.56217e-06 1.91009e-06 2.26726e-06 2.52965e-06 2.71233e-06 2.82061e-06 2.87552e-06 2.8814e-06 2.84462e-06 2.76931e-06 2.66643e-06 2.54561e-06 2.4212e-06 2.28365e-06 2.08577e-06 1.78498e-06 1.39108e-06 8.55927e-07 3.07114e-07 1.45399e-07 1.21545e-07 1.15513e-07 1.04868e-07 9.58744e-08 8.53324e-08 7.12357e-08 5.50347e-08 3.91915e-08 2.57815e-08 1.58023e-08 9.08564e-09 4.81386e-09 2.07136e-09 4.71223e-10 
2.18278e-09 5.94424e-09 1.2335e-08 2.3309e-08 4.14675e-08 6.93458e-08 1.08165e-07 1.56794e-07 2.1174e-07 2.66181e-07 3.10254e-07 3.40647e-07 3.62282e-07 3.90969e-07 4.61048e-07 7.1914e-07 1.22097e-06 1.55339e-06 1.9642e-06 2.31185e-06 2.55743e-06 2.72674e-06 2.82061e-06 2.85643e-06 2.84169e-06 2.77967e-06 2.67733e-06 2.54561e-06 2.40432e-06 2.25449e-06 2.07188e-06 1.80978e-06 1.43914e-06 1.01262e-06 3.70806e-07 1.4717e-07 9.92019e-08 9.95072e-08 9.0427e-08 8.15239e-08 7.45399e-08 6.54939e-08 5.35636e-08 4.03319e-08 2.79384e-08 1.79286e-08 1.07601e-08 6.03079e-09 2.98647e-09 9.75459e-10 9.75459e-10 
1.06591e-09 3.83285e-09 8.68636e-09 1.69936e-08 3.10296e-08 5.3389e-08 8.59976e-08 1.28785e-07 1.7917e-07 2.32147e-07 2.79259e-07 3.13461e-07 3.35215e-07 3.52467e-07 3.83535e-07 5.01273e-07 7.38608e-07 1.1481e-06 1.58614e-06 2.02485e-06 2.33451e-06 2.56796e-06 2.72674e-06 2.80378e-06 2.82056e-06 2.78318e-06 2.6941e-06 2.56096e-06 2.40432e-06 2.23661e-06 2.03728e-06 1.80664e-06 1.48567e-06 1.03454e-06 4.75135e-07 1.65725e-07 7.78337e-08 8.34321e-08 7.84846e-08 6.91688e-08 6.28095e-08 5.72996e-08 4.95557e-08 3.95851e-08 2.90041e-08 1.95764e-08 1.22914e-08 7.22489e-09 3.89654e-09 1.68144e-09 3.64555e-10 
2.20712e-09 5.87954e-09 1.2086e-08 2.26585e-08 3.99751e-08 6.62707e-08 1.02413e-07 1.4684e-07 1.95656e-07 2.42524e-07 2.79715e-07 3.03471e-07 3.17992e-07 3.34356e-07 3.80143e-07 4.82539e-07 7.00917e-07 1.18243e-06 1.64188e-06 2.04674e-06 2.34187e-06 2.56796e-06 2.71233e-06 2.77122e-06 2.76856e-06 2.70528e-06 2.58486e-06 2.4212e-06 2.23661e-06 2.0155e-06 1.78232e-06 1.51127e-06 1.11953e-06 6.34909e-07 1.98257e-07 6.50845e-08 6.56519e-08 6.77993e-08 5.96628e-08 5.23784e-08 4.80777e-08 4.35489e-08 3.69191e-08 2.87243e-08 2.04903e-08 1.35135e-08 8.31924e-09 4.76779e-09 2.39508e-09 7.67269e-10 7.67269e-10 
1.07166e-09 3.74664e-09 8.36094e-09 1.61779e-08 2.92082e-08 4.96562e-08 7.89959e-08 1.16742e-07 1.59974e-07 2.03803e-07 2.41823e-07 2.68168e-07 2.83324e-07 2.92202e-07 3.09791e-07 3.44149e-07 4.5896e-07 8.54629e-07 1.21353e-06 1.65374e-06 2.05437e-06 2.34187e-06 2.55743e-06 2.68174e-06 2.72511e-06 2.69873e-06 2.60318e-06 2.44924e-06 2.25449e-06 2.0155e-06 1.76932e-06 1.49838e-06 1.17095e-06 7.23355e-07 2.45886e-07 6.76305e-08 4.67093e-08 5.65182e-08 5.22791e-08 4.44888e-08 3.95629e-08 3.65567e-08 3.26784e-08 2.70393e-08 2.04732e-08 1.42496e-08 9.2088e-09 5.55691e-09 3.06097e-09 1.32843e-09 2.73811e-10 
2.14533e-09 5.57643e-09 1.12963e-08 2.08844e-08 3.6302e-08 5.92593e-08 9.0151e-08 1.2715e-07 1.66378e-07 2.02779e-07 2.3078e-07 2.47793e-07 2.55578e-07 2.59708e-07 2.68999e-07 3.23148e-07 5.27132e-07 8.34446e-07 1.20825e-06 1.65279e-06 2.05437e-06 2.33451e-06 2.52965e-06 2.6397e-06 2.66408e-06 2.60455e-06 2.47118e-06 2.28365e-06 2.03728e-06 1.76932e-06 1.49897e-06 1.17106e-06 7.77549e-07 2.90067e-07 8.52059e-08 3.06793e-08 4.39958e-08 4.53654e-08 3.897e-08 3.29981e-08 2.98575e-08 2.75633e-08 2.41581e-08 1.94598e-08 1.43561e-08 9.77696e-09 6.20192e-09 3.64866e-09 1.86552e-09 5.88093e-10 5.88093e-10 
1.03511e-09 3.51545e-09 7.69183e-09 1.46386e-08 2.59761e-08 4.33692e-08 6.77493e-08 9.83393e-08 1.32288e-07 1.65455e-07 1.93277e-07 2.12165e-07 2.21333e-07 2.2218e-07 2.2115e-07 2.41186e-07 3.16785e-07 4.93961e-07 7.82741e-07 1.20339e-06 1.65279e-06 2.04674e-06 2.31185e-06 2.48892e-06 2.58484e-06 2.57893e-06 2.47503e-06 2.30041e-06 2.07188e-06 1.78232e-06 1.49897e-06 1.18818e-06 7.48454e-07 3.47316e-07 1.00846e-07 2.42933e-08 3.10909e-08 3.79039e-08 3.45575e-08 2.85916e-08 2.45077e-08 2.24831e-08 2.05485e-08 1.75701e-08 1.37754e-08 9.92539e-09 6.63074e-09 4.12464e-09 2.32902e-09 1.02036e-09 2.00235e-10 
2.00185e-09 5.06385e-09 1.00589e-08 1.8239e-08 3.10651e-08 4.9679e-08 7.40949e-08 1.02541e-07 1.31712e-07 1.57819e-07 1.77502e-07 1.88777e-07 1.90824e-07 1.87464e-07 1.91121e-07 2.21956e-07 2.86321e-07 4.48364e-07 7.57586e-07 1.20339e-06 1.65374e-06 2.02485e-06 2.26726e-06 2.43825e-06 2.50793e-06 2.45322e-06 2.297e-06 2.08577e-06 1.80664e-06 1.49838e-06 1.18818e-06 7.60529e-07 4.12812e-07 1.189e-07 2.63646e-08 1.93889e-08 2.98726e-08 3.01434e-08 2.55248e-08 2.08909e-08 1.82571e-08 1.68366e-08 1.51063e-08 1.25728e-08 9.60917e-09 6.78017e-09 4.44852e-09 2.69651e-09 1.40821e-09 4.39203e-10 4.39203e-10 
9.59447e-10 3.1621e-09 6.75641e-09 1.25848e-08 2.1841e-08 3.56511e-08 5.44947e-08 7.75327e-08 1.02405e-07 1.25924e-07 1.4516e-07 1.57976e-07 1.62724e-07 1.60437e-07 1.59032e-07 1.68147e-07 1.935e-07 2.5692e-07 4.22289e-07 7.57586e-07 1.20825e-06 1.64188e-06 1.9642e-06 2.21339e-06 2.36554e-06 2.37687e-06 2.26757e-06 2.07079e-06 1.80978e-06 1.51127e-06 1.17106e-06 7.60529e-07 4.47823e-07 1.40031e-07 3.32099e-08 1.04847e-08 2.20159e-08 2.53196e-08 2.28198e-08 1.85698e-08 1.52994e-08 1.36202e-08 1.24869e-08 1.09384e-08 8.86295e-09 6.61902e-09 4.58344e-09 2.94855e-09 1.71231e-09 7.6034e-10 1.42934e-10 
1.79127e-09 4.39886e-09 8.53169e-09 1.51055e-08 2.51114e-08 3.92231e-08 5.72576e-08 7.77739e-08 9.82915e-08 1.16196e-07 1.29547e-07 1.36741e-07 1.37175e-07 1.35194e-07 1.36743e-07 1.45334e-07 1.72327e-07 2.41326e-07 4.22289e-07 7.82741e-07 1.21353e-06 1.58614e-06 1.91009e-06 2.1467e-06 2.2179e-06 2.17294e-06 2.03333e-06 1.78498e-06 1.48567e-06 1.17095e-06 7.48454e-07 4.47823e-07 1.54955e-07 4.18432e-08 6.89468e-09 1.52983e-08 2.03475e-08 1.99406e-08 1.67934e-08 1.34427e-08 1.12638e-08 1.01294e-08 9.14473e-09 7.80358e-09 6.16578e-09 4.51058e-09 3.06736e-09 1.92082e-09 1.02772e-09 3.19164e-10 3.19164e-10 
8.52587e-10 2.72455e-09 5.66584e-09 1.02889e-08 1.74046e-08 2.77051e-08 4.13842e-08 5.77331e-08 7.50476e-08 9.11296e-08 1.04139e-07 1.12796e-07 1.16112e-07 1.15587e-07 1.15437e-07 1.17957e-07 1.28868e-07 1.61799e-07 2.41326e-07 4.48364e-07 8.34446e-07 1.18243e-06 1.55339e-06 1.86033e-06 1.98507e-06 2.0061e-06 1.93234e-06 1.73614e-06 1.43914e-06 1.11953e-06 7.77549e-07 4.12812e-07 1.54955e-07 4.88846e-08 8.43503e-09 1.05568e-08 1.58329e-08 1.68788e-08 1.50431e-08 1.21775e-08 9.75498e-09 8.31984e-09 7.47371e-09 6.60512e-09 5.4917e-09 4.24099e-09 3.04453e-09 2.02854e-09 1.21418e-09 5.48357e-10 9.97279e-11 
1.536e-09 3.65513e-09 6.8993e-09 1.18923e-08 1.92552e-08 2.9348e-08 4.19507e-08 5.60505e-08 7.00012e-08 8.21224e-08 9.1249e-08 9.66309e-08 9.83719e-08 9.87034e-08 9.99036e-08 1.04852e-07 1.20968e-07 1.61799e-07 2.5692e-07 4.93961e-07 8.54629e-07 1.1481e-06 1.56217e-06 1.69377e-06 1.78001e-06 1.78144e-06 1.61608e-06 1.39108e-06 1.03454e-06 7.23355e-07 3.47316e-07 1.40031e-07 4.88846e-08 1.11537e-08 7.38845e-09 1.23366e-08 1.39678e-08 1.31858e-08 1.10678e-08 8.79053e-09 7.11388e-09 6.13484e-09 5.45312e-09 4.70623e-09 3.81842e-09 2.88856e-09 2.03534e-09 1.31799e-09 7.23829e-10 2.25201e-10 2.25201e-10 
7.25926e-10 2.24858e-09 4.54024e-09 8.018e-09 1.31969e-08 2.04732e-08 2.99029e-08 4.09869e-08 5.26411e-08 6.35022e-08 7.24418e-08 7.88441e-08 8.25593e-08 8.4356e-08 8.59801e-08 8.94515e-08 9.86345e-08 1.20968e-07 1.72327e-07 2.86321e-07 5.27132e-07 7.00917e-07 1.22097e-06 1.44146e-06 1.51421e-06 1.58709e-06 1.47534e-06 1.23352e-06 1.01262e-06 6.34909e-07 2.90067e-07 1.189e-07 4.18432e-08 1.11537e-08 5.30945e-09 9.87539e-09 1.15912e-08 1.13726e-08 9.93804e-09 8.04346e-09 6.35403e-09 5.20086e-09 4.49405e-09 3.92926e-09 3.31124e-09 2.62728e-09 1.9498e-09 1.34456e-09 8.29897e-10 3.82048e-10 6.79895e-11 
1.26212e-09 2.90762e-09 5.33088e-09 8.93328e-09 1.40826e-08 2.09607e-08 2.93969e-08 3.87695e-08 4.81085e-08 5.64276e-08 6.30951e-08 6.79658e-08 7.12923e-08 7.39767e-08 7.76024e-08 8.44198e-08 9.86345e-08 1.28868e-07 1.935e-07 3.16785e-07 4.5896e-07 7.38608e-07 1.12962e-06 1.31999e-06 1.33044e-06 1.29787e-06 1.10402e-06 8.55927e-07 4.75135e-07 2.45886e-07 1.00846e-07 3.32099e-08 8.43503e-09 5.30945e-09 8.39343e-09 9.89191e-09 9.84135e-09 8.83072e-09 7.34076e-09 5.81953e-09 4.60234e-09 3.79465e-09 3.25997e-09 2.79594e-09 2.30365e-09 1.79105e-09 1.30374e-09 8.72036e-10 4.91702e-10 1.53976e-10 1.53976e-10 
5.92243e-10 1.77885e-09 3.48359e-09 5.97657e-09 9.56998e-09 1.44829e-08 2.07261e-08 2.80024e-08 3.57051e-08 4.30847e-08 4.95363e-08 5.48407e-08 5.91671e-08 6.29502e-08 6.72219e-08 7.3566e-08 8.44198e-08 1.04852e-07 1.45334e-07 2.21956e-07 3.23148e-07 4.82539e-07 7.1914e-07 8.69101e-07 8.92216e-07 9.17501e-07 7.73461e-07 6.04526e-07 3.70806e-07 1.98257e-07 8.52059e-08 2.63646e-08 6.89468e-09 7.38845e-09 8.39343e-09 8.93475e-09 8.73467e-09 7.87779e-09 6.66688e-09 5.36511e-09 4.20345e-09 3.33193e-09 2.75162e-09 2.33825e-09 1.96626e-09 1.58681e-09 1.21032e-09 8.61116e-10 5.47316e-10 2.56973e-10 4.5217e-11 
9.94485e-10 2.21836e-09 3.94842e-09 6.43342e-09 9.88511e-09 1.43984e-08 1.9875e-08 2.59862e-08 3.22344e-08 3.81272e-08 4.33945e-08 4.81083e-08 5.2622e-08 5.75261e-08 6.39589e-08 7.3566e-08 8.94515e-08 1.17957e-07 1.68147e-07 2.41186e-07 3.44149e-07 5.01273e-07 5.87379e-07 6.64443e-07 6.58287e-07 5.97342e-07 4.63481e-07 3.07114e-07 1.65725e-07 6.76305e-08 2.42933e-08 1.04847e-08 1.05568e-08 9.87539e-09 8.93475e-09 8.13187e-09 7.18298e-09 6.08454e-09 4.94997e-09 3.89559e-09 3.0289e-09 2.40261e-09 1.97761e-09 1.65805e-09 1.36816e-09 1.08327e-09 8.10064e-10 5.57865e-10 3.22465e-10 1.019e-10 1.019e-10 
4.63356e-10 1.35113e-09 2.56683e-09 4.28005e-09 6.676e-09 9.87748e-09 1.38933e-08 1.8579e-08 2.36474e-08 2.87564e-08 3.36587e-08 3.83406e-08 4.30699e-08 4.83486e-08 5.48935e-08 6.39589e-08 7.76024e-08 9.99036e-08 1.36743e-07 1.91121e-07 2.68999e-07 3.80143e-07 4.61048e-07 5.34183e-07 5.51427e-07 4.96952e-07 4.05001e-07 2.72976e-07 1.4717e-07 6.50845e-08 3.06793e-08 1.93889e-08 1.52983e-08 1.23366e-08 9.89191e-09 8.13187e-09 6.81022e-09 5.658e-09 4.59558e-09 3.633e-09 2.81139e-09 2.17256e-09 1.7206e-09 1.407e-09 1.16306e-09 9.42976e-10 7.33051e-10 5.35232e-10 3.49163e-10 1.67004e-10 2.92796e-11 
7.52601e-10 1.62764e-09 2.81487e-09 4.46603e-09 6.70399e-09 9.58635e-09 1.30767e-08 1.70367e-08 2.12641e-08 2.55812e-08 2.99448e-08 3.45308e-08 3.9761e-08 4.62623e-08 5.48935e-08 6.72219e-08 8.59801e-08 1.15437e-07 1.59032e-07 2.2115e-07 3.09791e-07 3.83535e-07 4.50409e-07 4.6377e-07 4.28143e-07 3.52772e-07 2.50861e-07 1.45399e-07 7.78337e-08 4.67093e-08 3.10909e-08 2.20159e-08 1.58329e-08 1.15912e-08 8.73467e-09 6.81022e-09 5.4308e-09 4.33654e-09 3.41534e-09 2.6392e-09 2.01436e-09 1.54779e-09 1.22159e-09 9.90822e-10 8.07816e-10 6.44238e-10 4.91138e-10 3.46461e-10 2.04656e-10 6.52896e-11 6.52896e-11 
3.4823e-10 9.87794e-10 1.82319e-09 2.9598e-09 4.50816e-09 6.54214e-09 9.08078e-09 1.20783e-08 1.54376e-08 1.90589e-08 2.29135e-08 2.71218e-08 3.20118e-08 3.81356e-08 4.62623e-08 5.75261e-08 7.39767e-08 9.87034e-08 1.35194e-07 1.87464e-07 2.59708e-07 3.34356e-07 3.90969e-07 4.1401e-07 3.92652e-07 3.27612e-07 2.4477e-07 1.57389e-07 9.92019e-08 6.56519e-08 4.39958e-08 2.98726e-08 2.03475e-08 1.39678e-08 9.84135e-09 7.18298e-09 5.4308e-09 4.19924e-09 3.25793e-09 2.50259e-09 1.89709e-09 1.43102e-09 1.09359e-09 8.59286e-10 6.91005e-10 5.56057e-10 4.36265e-10 3.24597e-10 2.16289e-10 1.05103e-10 1.84372e-11 
5.48346e-10 1.15247e-09 1.94068e-09 3.00606e-09 4.42306e-09 6.23433e-09 8.44454e-09 1.10248e-08 1.39379e-08 1.71855e-08 2.08676e-08 2.52416e-08 3.0767e-08 3.81356e-08 4.83486e-08 6.29502e-08 8.4356e-08 1.15587e-07 1.60437e-07 2.2218e-07 2.92202e-07 3.52467e-07 3.85213e-07 3.79101e-07 3.25976e-07 2.51893e-07 1.78138e-07 1.21545e-07 8.34321e-08 5.65182e-08 3.79039e-08 2.53196e-08 1.68788e-08 1.13726e-08 7.87779e-09 5.658e-09 4.19924e-09 3.17503e-09 2.40578e-09 1.80865e-09 1.3485e-09 1.00706e-09 7.65803e-10 5.98935e-10 4.77632e-10 3.79529e-10 2.92386e-10 2.09911e-10 1.26149e-10 4.0568e-11 4.0568e-11 
2.52042e-10 6.97381e-10 1.25383e-09 1.9874e-09 2.96605e-09 4.23909e-09 5.83446e-09 7.76126e-09 1.00235e-08 1.26496e-08 1.57356e-08 1.94949e-08 2.43072e-08 3.0767e-08 3.9761e-08 5.2622e-08 7.12923e-08 9.83719e-08 1.37175e-07 1.90824e-07 2.55578e-07 3.17992e-07 3.62282e-07 3.69936e-07 3.33612e-07 2.70023e-07 1.99745e-07 1.43437e-07 9.95072e-08 6.77993e-08 4.53654e-08 3.01434e-08 1.99406e-08 1.31858e-08 8.83072e-09 6.08454e-09 4.33654e-09 3.17503e-09 2.35529e-09 1.74776e-09 1.28923e-09 9.47612e-10 7.01832e-10 5.31515e-10 4.13908e-10 3.27445e-10 2.56774e-10 1.93154e-10 1.30687e-10 6.4272e-11 1.12899e-11 
3.85901e-10 7.90755e-10 1.30065e-09 1.97395e-09 2.85882e-09 3.99104e-09 5.39719e-09 7.10333e-09 9.15417e-09 1.16438e-08 1.47558e-08 1.8809e-08 2.43072e-08 3.20118e-08 4.30699e-08 5.91671e-08 8.25593e-08 1.16112e-07 1.62724e-07 2.21333e-07 2.83324e-07 3.35215e-07 3.59155e-07 3.42655e-07 2.918e-07 2.26066e-07 1.6452e-07 1.15513e-07 7.84846e-08 5.22791e-08 3.45575e-08 2.28198e-08 1.50431e-08 9.93804e-09 6.66688e-09 4.59558e-09 3.25793e-09 2.35529e-09 1.71644e-09 1.24974e-09 9.06566e-10 6.58393e-10 4.84488e-10 3.65823e-10 2.83807e-10 2.2271e-10 1.71891e-10 1.24706e-10 7.58472e-11 2.4513e-11 2.4513e-11 
1.76284e-10 4.77348e-10 8.38962e-10 1.3033e-09 1.91401e-09 2.70711e-09 3.7145e-09 4.97074e-09 6.52626e-09 8.46962e-09 1.09594e-08 1.42639e-08 1.8809e-08 2.52416e-08 3.45308e-08 4.81083e-08 6.79658e-08 9.66309e-08 1.36741e-07 1.88777e-07 2.47793e-07 3.03471e-07 3.40647e-07 3.43322e-07 3.08929e-07 2.50631e-07 1.87885e-07 1.32764e-07 9.0427e-08 5.96628e-08 3.897e-08 2.55248e-08 1.67934e-08 1.10678e-08 7.34076e-09 4.94997e-09 3.41534e-09 2.40578e-09 1.71644e-09 1.2298e-09 8.80093e-10 6.29189e-10 4.52514e-10 3.31488e-10 2.49864e-10 1.93189e-10 1.50194e-10 1.13354e-10 7.73911e-11 3.83472e-11 6.73218e-12 
2.63368e-10 5.28237e-10 8.52085e-10 1.2726e-09 1.82296e-09 2.5342e-09 3.44132e-09 4.59303e-09 6.06818e-09 8.00082e-09 1.06142e-08 1.42639e-08 1.94949e-08 2.71218e-08 3.83406e-08 5.48407e-08 7.88441e-08 1.12796e-07 1.57976e-07 2.12165e-07 2.68168e-07 3.13461e-07 3.32449e-07 3.16228e-07 2.70312e-07 2.10386e-07 1.52677e-07 1.04868e-07 6.91688e-08 4.44888e-08 2.85916e-08 1.85698e-08 1.21775e-08 8.04346e-09 5.36511e-09 3.633e-09 2.50259e-09 1.74776e-09 1.2298e-09 8.66973e-10 6.10852e-10 4.31314e-10 3.07895e-10 2.24984e-10 1.6949e-10 1.30569e-10 1.00226e-10 7.29883e-11 4.46837e-11 1.44559e-11 1.44559e-11 
1.19645e-10 3.1824e-10 5.49102e-10 8.39781e-10 1.21958e-09 1.7162e-09 2.36106e-09 3.19707e-09 4.29094e-09 5.7526e-09 7.7634e-09 1.06142e-08 1.47558e-08 2.08676e-08 2.99448e-08 4.33945e-08 6.30951e-08 9.1249e-08 1.29547e-07 1.77502e-07 2.3078e-07 2.79715e-07 3.10254e-07 3.11235e-07 2.80722e-07 2.29126e-07 1.724e-07 1.21848e-07 8.15239e-08 5.23784e-08 3.29981e-08 2.08909e-08 1.34427e-08 8.79053e-09 5.81953e-09 3.89559e-09 2.6392e-09 1.80865e-09 1.24974e-09 8.66973e-10 6.01927e-10 4.18249e-10 2.92294e-10 2.07589e-10 1.51614e-10 1.14245e-10 8.75536e-11 6.58698e-11 4.5118e-11 2.24202e-11 3.91824e-12 
1.75118e-10 3.45331e-10 5.48842e-10 8.10684e-10 1.15478e-09 1.60762e-09 2.20479e-09 3.00033e-09 4.08167e-09 5.59218e-09 7.7634e-09 1.09594e-08 1.57356e-08 2.29135e-08 3.36587e-08 4.95363e-08 7.24418e-08 1.04139e-07 1.4516e-07 1.93277e-07 2.41823e-07 2.79259e-07 2.9373e-07 2.79008e-07 2.3955e-07 1.88671e-07 1.38548e-07 9.58744e-08 6.28095e-08 3.95629e-08 2.45077e-08 1.52994e-08 9.75498e-09 6.35403e-09 4.20345e-09 2.81139e-09 1.89709e-09 1.28923e-09 8.80093e-10 6.01927e-10 4.11981e-10 2.82775e-10 1.96013e-10 1.38835e-10 1.01538e-10 7.65302e-11 5.8117e-11 4.22482e-11 2.59087e-11 8.35399e-12 8.35399e-12 
7.91786e-11 2.07709e-10 3.53529e-10 5.34987e-10 7.7242e-10 1.08753e-09 1.50863e-09 2.07803e-09 2.86333e-09 3.97492e-09 5.59218e-09 8.00082e-09 1.16438e-08 1.71855e-08 2.55812e-08 3.81272e-08 5.64276e-08 8.21224e-08 1.16196e-07 1.57819e-07 2.02779e-07 2.42524e-07 2.66181e-07 2.65187e-07 2.39399e-07 1.97825e-07 1.51926e-07 1.09572e-07 7.45399e-08 4.80777e-08 2.98575e-08 1.82571e-08 1.12638e-08 7.11388e-09 4.60234e-09 3.0289e-09 2.01436e-09 1.3485e-09 9.06566e-10 6.10852e-10 4.11981e-10 2.7825e-10 1.88961e-10 1.30214e-10 9.22103e-11 6.76312e-11 5.0912e-11 3.80054e-11 2.59965e-11 1.29019e-11 2.23392e-12 
1.14035e-10 2.22166e-10 3.49675e-10 5.13554e-10 7.31478e-10 1.02547e-09 1.42776e-09 1.98935e-09 2.79323e-09 3.97492e-09 5.7526e-09 8.46962e-09 1.26496e-08 1.90589e-08 2.87564e-08 4.30847e-08 6.35022e-08 9.11296e-08 1.25924e-07 1.65455e-07 2.03803e-07 2.32147e-07 2.41627e-07 2.2877e-07 1.98245e-07 1.59262e-07 1.20068e-07 8.53324e-08 5.72996e-08 3.65567e-08 2.24831e-08 1.36202e-08 8.31984e-09 5.20086e-09 3.33193e-09 2.17256e-09 1.43102e-09 9.47612e-10 6.29189e-10 4.18249e-10 2.7825e-10 1.85623e-10 1.24931e-10 8.57942e-11 6.08955e-11 4.48194e-11 3.35613e-11 2.42597e-11 1.48461e-11 4.75152e-12 4.75152e-12 
5.13644e-11 1.33459e-10 2.25221e-10 3.39038e-10 4.89332e-10 6.93081e-10 9.74383e-10 1.37092e-09 1.94383e-09 2.79323e-09 4.08167e-09 6.06818e-09 9.15417e-09 1.39379e-08 2.12641e-08 3.22344e-08 4.81085e-08 7.00012e-08 9.82915e-08 1.31712e-07 1.66378e-07 1.95656e-07 2.1174e-07 2.0954e-07 1.90032e-07 1.59511e-07 1.25494e-07 9.32336e-08 6.54939e-08 4.35489e-08 2.75633e-08 1.68366e-08 1.01294e-08 6.13484e-09 3.79465e-09 2.40261e-09 1.54779e-09 1.00706e-09 6.58393e-10 4.31314e-10 2.82775e-10 1.85623e-10 1.22427e-10 8.1814e-11 5.61454e-11 4.0035e-11 2.95405e-11 2.18196e-11 1.48577e-11 7.34308e-12 1.2545e-12 
7.3131e-11 1.41473e-10 2.21683e-10 3.25474e-10 4.6603e-10 6.61169e-10 9.3829e-10 1.34166e-09 1.94383e-09 2.86333e-09 4.29094e-09 6.52626e-09 1.00235e-08 1.54376e-08 2.36474e-08 3.57051e-08 5.26411e-08 7.50476e-08 1.02405e-07 1.32288e-07 1.59974e-07 1.7917e-07 1.84548e-07 1.74678e-07 1.52934e-07 1.25303e-07 9.70169e-08 7.12357e-08 4.95557e-08 3.26784e-08 2.05485e-08 1.24869e-08 7.47371e-09 4.49405e-09 2.75162e-09 1.7206e-09 1.09359e-09 7.01832e-10 4.52514e-10 2.92294e-10 1.88961e-10 1.22427e-10 7.99162e-11 5.3147e-11 3.65599e-11 2.62307e-11 1.93301e-11 1.3863e-11 8.44664e-12 2.67517e-12 2.67517e-12 
3.28478e-11 8.49032e-11 1.42807e-10 2.14986e-10 3.11795e-10 4.46396e-10 6.38487e-10 9.1966e-10 1.34166e-09 1.98935e-09 3.00033e-09 4.59303e-09 7.10333e-09 1.10248e-08 1.70367e-08 2.59862e-08 3.87695e-08 5.60505e-08 7.77739e-08 1.02541e-07 1.2715e-07 1.4684e-07 1.56794e-07 1.54404e-07 1.40739e-07 1.19873e-07 9.64265e-08 7.37129e-08 5.35636e-08 3.69191e-08 2.41581e-08 1.51063e-08 9.14473e-09 5.45312e-09 3.25997e-09 1.97761e-09 1.22159e-09 7.65803e-10 4.84488e-10 3.07895e-10 1.96013e-10 1.24931e-10 7.99162e-11 5.17024e-11 3.43151e-11 2.3738e-11 1.71357e-11 1.25032e-11 8.46302e-12 4.15808e-12 6.99876e-13 
4.64534e-11 8.96842e-11 1.40635e-10 2.0746e-10 3e-10 4.32332e-10 6.26743e-10 9.1966e-10 1.37092e-09 2.07803e-09 3.19707e-09 4.97074e-09 7.76126e-09 1.20783e-08 1.8579e-08 2.80024e-08 4.09869e-08 5.77331e-08 7.75327e-08 9.83393e-08 1.16742e-07 1.28785e-07 1.31538e-07 1.2457e-07 1.1015e-07 9.1848e-08 7.2815e-08 5.50347e-08 3.95851e-08 2.70393e-08 1.75701e-08 1.09384e-08 6.60512e-09 3.92926e-09 2.33825e-09 1.407e-09 8.59286e-10 5.31515e-10 3.31488e-10 2.07589e-10 1.30214e-10 8.1814e-11 5.17024e-11 3.3219e-11 2.20835e-11 1.5405e-11 1.11509e-11 7.92441e-12 4.80315e-12 1.50449e-12 1.50449e-12 
2.08257e-11 5.3783e-11 9.06155e-11 1.37089e-10 2.00672e-10 2.91449e-10 4.25019e-10 6.26743e-10 9.3829e-10 1.42776e-09 2.20479e-09 3.44132e-09 5.39719e-09 8.44454e-09 1.30767e-08 1.9875e-08 2.93969e-08 4.19507e-08 5.72576e-08 7.40949e-08 9.0151e-08 1.02413e-07 1.08165e-07 1.0619e-07 9.73566e-08 8.40428e-08 6.89077e-08 5.39452e-08 4.03319e-08 2.87243e-08 1.94598e-08 1.25728e-08 7.80358e-09 4.70623e-09 2.79594e-09 1.65805e-09 9.90822e-10 5.98935e-10 3.65823e-10 2.24984e-10 1.38835e-10 8.57942e-11 5.3147e-11 3.3219e-11 2.1261e-11 1.42179e-11 1.00109e-11 7.20255e-12 4.84079e-12 2.36368e-12 3.93758e-13 
2.93887e-11 5.68953e-11 8.97005e-11 1.33512e-10 1.95645e-10 2.86977e-10 4.25019e-10 6.38487e-10 9.74383e-10 1.50863e-09 2.36106e-09 3.7145e-09 5.83446e-09 9.08078e-09 1.38933e-08 2.07261e-08 2.99029e-08 4.13842e-08 5.44947e-08 6.77493e-08 7.89959e-08 8.59976e-08 8.72954e-08 8.28486e-08 7.39734e-08 6.26374e-08 5.06375e-08 3.91915e-08 2.90041e-08 2.04732e-08 1.37754e-08 8.86295e-09 5.4917e-09 3.31124e-09 1.96626e-09 1.16306e-09 6.91005e-10 4.13908e-10 2.49864e-10 1.51614e-10 9.22103e-11 5.61454e-11 3.43151e-11 2.1261e-11 1.36157e-11 9.19568e-12 6.51619e-12 4.57902e-12 2.75864e-12 8.56531e-13 8.56531e-13 
1.31611e-11 3.40941e-11 5.77919e-11 8.82097e-11 1.30738e-10 1.92989e-10 2.86977e-10 4.32332e-10 6.61169e-10 1.02547e-09 1.60762e-09 2.5342e-09 3.99104e-09 6.23433e-09 9.58635e-09 1.43984e-08 2.09607e-08 2.9348e-08 3.92231e-08 4.9679e-08 5.92593e-08 6.62707e-08 6.93458e-08 6.79814e-08 6.27094e-08 5.47933e-08 4.56648e-08 3.64698e-08 2.79384e-08 2.04903e-08 1.43561e-08 9.60917e-09 6.16578e-09 3.81842e-09 2.30365e-09 1.36816e-09 8.07816e-10 4.77632e-10 2.83807e-10 1.6949e-10 1.01538e-10 6.08955e-11 3.65599e-11 2.20835e-11 1.36157e-11 8.77189e-12 5.99474e-12 4.23446e-12 2.8192e-12 1.36871e-12 2.27919e-13 
1.86062e-11 3.62646e-11 5.76892e-11 8.68864e-11 1.29243e-10 1.92989e-10 2.91449e-10 4.46396e-10 6.93081e-10 1.08753e-09 1.7162e-09 2.70711e-09 4.23909e-09 6.54214e-09 9.87748e-09 1.44829e-08 2.04732e-08 2.77051e-08 3.56511e-08 4.33692e-08 4.96562e-08 5.3389e-08 5.39183e-08 5.12963e-08 4.62091e-08 3.96631e-08 3.26201e-08 2.57815e-08 1.95764e-08 1.42496e-08 9.92539e-09 6.61902e-09 4.24099e-09 2.62728e-09 1.58681e-09 9.42976e-10 5.56057e-10 3.27445e-10 1.93189e-10 1.14245e-10 6.76312e-11 4.0035e-11 2.3738e-11 1.42179e-11 8.77189e-12 5.71524e-12 3.94038e-12 2.72352e-12 1.62629e-12 5.03034e-13 5.03034e-13 
8.32809e-12 2.17035e-11 3.71272e-11 5.73143e-11 8.61362e-11 1.29243e-10 1.95645e-10 3e-10 4.6603e-10 7.31478e-10 1.15478e-09 1.82296e-09 2.85882e-09 4.42306e-09 6.70399e-09 9.88511e-09 1.40826e-08 1.92552e-08 2.51114e-08 3.10651e-08 3.6302e-08 3.99751e-08 4.14675e-08 4.05966e-08 3.76524e-08 3.32578e-08 2.81316e-08 2.28836e-08 1.79286e-08 1.35135e-08 9.77696e-09 6.78017e-09 4.51058e-09 2.88856e-09 1.79105e-09 1.08327e-09 6.44238e-10 3.79529e-10 2.2271e-10 1.30569e-10 7.65302e-11 4.48194e-11 2.62307e-11 1.5405e-11 9.19568e-12 5.71524e-12 3.77426e-12 2.59858e-12 1.70252e-12 8.20579e-13 1.38203e-13 
1.18239e-11 2.32536e-11 3.73954e-11 5.70492e-11 8.61362e-11 1.30738e-10 2.00672e-10 3.11795e-10 4.89332e-10 7.7242e-10 1.21958e-09 1.91401e-09 2.96605e-09 4.50816e-09 6.676e-09 9.56998e-09 1.31969e-08 1.74046e-08 2.1841e-08 2.59761e-08 2.92082e-08 3.10296e-08 3.11805e-08 2.972e-08 2.69835e-08 2.34521e-08 1.96021e-08 1.58023e-08 1.22914e-08 9.2088e-09 6.63074e-09 4.58344e-09 3.04453e-09 1.9498e-09 1.21032e-09 7.33051e-10 4.36265e-10 2.56774e-10 1.50194e-10 8.75536e-11 5.0912e-11 2.95405e-11 1.71357e-11 1.00109e-11 5.99474e-12 3.77426e-12 2.51886e-12 1.69868e-12 9.99668e-13 3.09037e-13 3.09037e-13 
5.28861e-12 1.38788e-11 2.39813e-11 3.74533e-11 5.70492e-11 8.68864e-11 1.33512e-10 2.0746e-10 3.25474e-10 5.13554e-10 8.10684e-10 1.2726e-09 1.97395e-09 3.00606e-09 4.46603e-09 6.43342e-09 8.93328e-09 1.18923e-08 1.51055e-08 1.8239e-08 2.08844e-08 2.26585e-08 2.3309e-08 2.27831e-08 2.12295e-08 1.89378e-08 1.62442e-08 1.34466e-08 1.07601e-08 8.31924e-09 6.20192e-09 4.44852e-09 3.06736e-09 2.03534e-09 1.30374e-09 8.10064e-10 4.91138e-10 2.92386e-10 1.71891e-10 1.00226e-10 5.8117e-11 3.35613e-11 1.93301e-11 1.11509e-11 6.51619e-12 3.94038e-12 2.51886e-12 1.68231e-12 1.07758e-12 5.14002e-13 8.76085e-14 
7.53379e-12 1.49433e-11 2.42685e-11 3.74533e-11 5.73143e-11 8.82097e-11 1.37089e-10 2.14986e-10 3.39038e-10 5.34987e-10 8.39781e-10 1.3033e-09 1.9874e-09 2.9598e-09 4.28005e-09 5.97657e-09 8.018e-09 1.02889e-08 1.25848e-08 1.46386e-08 1.61779e-08 1.69936e-08 1.69936e-08 1.62208e-08 1.48304e-08 1.30387e-08 1.10643e-08 9.08564e-09 7.22489e-09 5.55691e-09 4.12464e-09 2.94855e-09 2.02854e-09 1.34456e-09 8.61116e-10 5.35232e-10 3.24597e-10 1.93154e-10 1.13354e-10 6.58698e-11 3.80054e-11 2.18196e-11 1.25032e-11 7.20255e-12 4.23446e-12 2.59858e-12 1.68231e-12 1.10586e-12 6.39868e-13 1.97393e-13 1.97393e-13 
3.36204e-12 8.85567e-12 1.54054e-11 2.42685e-11 3.73954e-11 5.76892e-11 8.97005e-11 1.40635e-10 2.21683e-10 3.49675e-10 5.48842e-10 8.52085e-10 1.30065e-09 1.94068e-09 2.81487e-09 3.94842e-09 5.33088e-09 6.8993e-09 8.53169e-09 1.00589e-08 1.12963e-08 1.2086e-08 1.2335e-08 1.20347e-08 1.12569e-08 1.01286e-08 8.79681e-09 7.39653e-09 6.03079e-09 4.76779e-09 3.64866e-09 2.69651e-09 1.92082e-09 1.31799e-09 8.72036e-10 5.57865e-10 3.46461e-10 2.09911e-10 1.24706e-10 7.29883e-11 4.22482e-11 2.42597e-11 1.3863e-11 7.92441e-12 4.57902e-12 2.72352e-12 1.69868e-12 1.10586e-12 6.9849e-13 3.31093e-13 5.57555e-14 
4.76323e-12 9.45547e-12 1.54054e-11 2.39813e-11 3.71272e-11 5.77919e-11 9.06155e-11 1.42807e-10 2.25221e-10 3.53529e-10 5.49102e-10 8.38962e-10 1.25383e-09 1.82319e-09 2.56683e-09 3.48359e-09 4.54024e-09 5.66584e-09 6.75641e-09 7.69183e-09 8.36094e-09 8.68636e-09 8.64074e-09 8.24944e-09 7.58028e-09 6.72451e-09 5.77582e-09 4.81386e-09 3.89654e-09 3.06097e-09 2.32902e-09 1.71231e-09 1.21418e-09 8.29897e-10 5.47316e-10 3.49163e-10 2.16289e-10 1.30687e-10 7.73911e-11 4.5118e-11 2.59965e-11 1.48577e-11 8.46302e-12 4.84079e-12 2.8192e-12 1.70252e-12 1.07758e-12 6.9849e-13 4.07024e-13 1.26099e-13 1.26099e-13 
2.10428e-12 5.47744e-12 9.45547e-12 1.49433e-11 2.32536e-11 3.62646e-11 5.68953e-11 8.96842e-11 1.41473e-10 2.22166e-10 3.45331e-10 5.28237e-10 7.90755e-10 1.15247e-09 1.62764e-09 2.21836e-09 2.90762e-09 3.65513e-09 4.39886e-09 5.06385e-09 5.57643e-09 5.87954e-09 5.94424e-09 5.77401e-09 5.40144e-09 4.87892e-09 4.26653e-09 3.62068e-09 2.98647e-09 2.39508e-09 1.86552e-09 1.40821e-09 1.02772e-09 7.23829e-10 4.91702e-10 3.22465e-10 2.04656e-10 1.26149e-10 7.58472e-11 4.46837e-11 2.59087e-11 1.48461e-11 8.44664e-12 4.80315e-12 2.75864e-12 1.62629e-12 9.99668e-13 6.39868e-13 4.07024e-13 2.03183e-13 3.45866e-14 
2.84807e-12 5.47744e-12 8.85567e-12 1.38788e-11 2.17035e-11 3.40941e-11 5.3783e-11 8.49032e-11 1.33459e-10 2.07709e-10 3.1824e-10 4.77348e-10 6.97381e-10 9.87794e-10 1.35113e-09 1.77885e-09 2.24858e-09 2.72455e-09 3.1621e-09 3.51545e-09 3.74664e-09 3.83285e-09 3.77001e-09 3.57228e-09 3.26783e-09 2.89249e-09 2.483e-09 2.07136e-09 1.68144e-09 1.32843e-09 1.02036e-09 7.6034e-10 5.48357e-10 3.82048e-10 2.56973e-10 1.67004e-10 1.05103e-10 6.4272e-11 3.83472e-11 2.24202e-11 1.29019e-11 7.34308e-12 4.15808e-12 2.36368e-12 1.36871e-12 8.20579e-13 5.14002e-13 3.31093e-13 2.03183e-13 7.44661e-14 7.44661e-14 
1.19725e-12 2.84807e-12 4.76323e-12 7.53379e-12 1.18239e-11 1.86062e-11 2.93887e-11 4.64534e-11 7.3131e-11 1.14035e-10 1.75118e-10 2.63368e-10 3.85901e-10 5.48346e-10 7.52601e-10 9.94485e-10 1.26212e-09 1.536e-09 1.79127e-09 2.00185e-09 2.14533e-09 2.20712e-09 2.18278e-09 2.07823e-09 1.90788e-09 1.69164e-09 1.45127e-09 1.2071e-09 9.75459e-10 7.67269e-10 5.88093e-10 4.39203e-10 3.19164e-10 2.25201e-10 1.53976e-10 1.019e-10 6.52896e-11 4.0568e-11 2.4513e-11 1.44559e-11 8.35399e-12 4.75152e-12 2.67517e-12 1.50449e-12 8.56531e-13 5.03034e-13 3.09037e-13 1.97393e-13 1.26099e-13 7.44661e-14 2.05987e-14 
1.19725e-12 2.10428e-12 3.36204e-12 5.28861e-12 8.32809e-12 1.31611e-11 2.08257e-11 3.28478e-11 5.13644e-11 7.91786e-11 1.19645e-10 1.76284e-10 2.52042e-10 3.4823e-10 4.63356e-10 5.92243e-10 7.25926e-10 8.52587e-10 9.59447e-10 1.03511e-09 1.07166e-09 1.06591e-09 1.01972e-09 9.39252e-10 8.33704e-10 7.13727e-10 5.89864e-10 4.71223e-10 3.64555e-10 2.73811e-10 2.00235e-10 1.42934e-10 9.97279e-11 6.79895e-11 4.5217e-11 2.92796e-11 1.84372e-11 1.12899e-11 6.73218e-12 3.91824e-12 2.23392e-12 1.2545e-12 6.99876e-13 3.93758e-13 2.27919e-13 1.38203e-13 8.76085e-14 5.57555e-14 3.45866e-14 2.05987e-14 2.05987e-14 
