1 100 50
0 9.95808e-16 9.94488e-16 1.98378e-15 2.96511e-15 4.92499e-15 7.8593e-15 1.17701e-14 1.76456e-14 2.64809e-14 4.12481e-14 6.19976e-14 9.37158e-14 1.39447e-13 2.05203e-13 2.94997e-13 4.13765e-13 5.66353e-13 7.5351e-13 9.72884e-13 1.21807e-12 1.4767e-12 1.73354e-12 1.9696e-12 2.16719e-12 2.30699e-12 2.37985e-12 2.37782e-12 2.30383e-12 2.16565e-12 1.97665e-12 1.75384e-12 1.51481e-12 1.27399e-12 1.04553e-12 8.38592e-13 6.57519e-13 5.06619e-13 3.82678e-13 2.8447e-13 2.08983e-13 1.51398e-13 1.08858e-13 7.66311e-14 5.4779e-14 3.76056e-14 2.61235e-14 1.84512e-14 1.26824e-14 7.86061e-15 
9.94269e-16 1.97841e-15 2.95461e-15 3.92119e-15 5.857e-15 8.76043e-15 1.26393e-14 1.94537e-14 3.02057e-14 4.59189e-14 7.05722e-14 1.0622e-13 1.58852e-13 2.34457e-13 3.38951e-13 4.81083e-13 6.64433e-13 8.94299e-13 1.16779e-12 1.4789e-12 1.81471e-12 2.15476e-12 2.47817e-12 2.75808e-12 2.97242e-12 3.10288e-12 3.14031e-12 3.0833e-12 2.93962e-12 2.72201e-12 2.4518e-12 2.15041e-12 1.83775e-12 1.53243e-12 1.24741e-12 9.93862e-13 7.75725e-13 5.94389e-13 4.46828e-13 3.31113e-13 2.42671e-13 1.75117e-13 1.24884e-13 8.84026e-14 6.20576e-14 4.31329e-14 2.9822e-14 2.02808e-14 1.36006e-14 7.86061e-15 
9.95808e-16 1.97102e-15 2.9266e-15 3.87361e-15 6.74002e-15 9.59421e-15 1.3419e-14 2.1119e-14 3.17877e-14 4.83904e-14 7.29711e-14 1.10525e-13 1.66086e-13 2.46624e-13 3.59998e-13 5.14846e-13 7.1946e-13 9.79699e-13 1.29696e-12 1.66434e-12 2.07087e-12 2.4932e-12 2.90696e-12 3.27967e-12 3.58266e-12 3.79196e-12 3.89161e-12 3.87547e-12 3.74888e-12 3.52674e-12 3.22844e-12 2.87878e-12 2.50215e-12 2.12233e-12 1.7587e-12 1.42389e-12 1.12941e-12 8.78344e-13 6.69729e-13 5.02914e-13 3.7194e-13 2.71802e-13 1.95587e-13 1.40033e-13 9.89379e-14 6.88053e-14 4.79516e-14 3.27011e-14 2.2195e-14 1.36006e-14 
1.97841e-15 2.91354e-15 4.79177e-15 6.64983e-15 9.4479e-15 1.41445e-14 2.07772e-14 3.13034e-14 4.77325e-14 7.21293e-14 1.09496e-13 1.63924e-13 2.44367e-13 3.59719e-13 5.18634e-13 7.32299e-13 1.00931e-12 1.35451e-12 1.76408e-12 2.22676e-12 2.72254e-12 3.22073e-12 3.68687e-12 4.08562e-12 4.38502e-12 4.56263e-12 4.60784e-12 4.52177e-12 4.31695e-12 4.0133e-12 3.63771e-12 3.21599e-12 2.77512e-12 2.33944e-12 1.92734e-12 1.55333e-12 1.22718e-12 9.49891e-13 7.23104e-13 5.41547e-13 3.99035e-13 2.91124e-13 2.09447e-13 1.49121e-13 1.05043e-13 7.38174e-14 5.09351e-14 3.46525e-14 2.2195e-14 1.26824e-14 
9.94488e-16 2.9266e-15 4.77184e-15 6.58636e-15 9.32774e-15 1.39334e-14 2.04395e-14 3.0783e-14 4.60256e-14 6.91683e-14 1.04254e-13 1.56371e-13 2.33547e-13 3.44767e-13 5.01759e-13 7.14859e-13 9.97643e-13 1.35679e-12 1.79287e-12 2.29945e-12 2.85578e-12 3.43282e-12 3.99186e-12 4.49022e-12 4.88913e-12 5.15955e-12 5.28287e-12 5.25638e-12 5.08911e-12 4.80135e-12 4.4188e-12 3.97033e-12 3.48485e-12 2.98788e-12 2.50449e-12 2.05274e-12 1.64629e-12 1.29474e-12 9.99279e-13 7.5813e-13 5.66003e-13 4.1651e-13 3.02932e-13 2.18157e-13 1.55616e-13 1.09341e-13 7.59734e-14 5.19767e-14 3.46525e-14 2.02808e-14 
2.95461e-15 4.79177e-15 6.56334e-15 9.25024e-15 1.37718e-14 2.01516e-14 2.93795e-14 4.3416e-14 6.52345e-14 9.79264e-14 1.46574e-13 2.18272e-13 3.23056e-13 4.71857e-13 6.78207e-13 9.56962e-13 1.318e-12 1.76777e-12 2.30223e-12 2.90709e-12 3.55291e-12 4.1998e-12 4.80168e-12 5.3098e-12 5.68545e-12 5.90329e-12 5.95333e-12 5.8419e-12 5.58744e-12 5.21758e-12 4.75977e-12 4.24473e-12 3.7002e-12 3.15379e-12 2.62876e-12 2.14304e-12 1.71116e-12 1.33965e-12 1.03015e-12 7.79327e-13 5.80941e-13 4.2738e-13 3.10441e-13 2.23217e-13 1.59251e-13 1.11656e-13 7.70787e-14 5.19767e-14 3.27011e-14 1.84512e-14 
1.98378e-15 3.87361e-15 6.58636e-15 9.22334e-15 1.36713e-14 1.9937e-14 2.80819e-14 4.18428e-14 6.14137e-14 9.16623e-14 1.35782e-13 2.01778e-13 2.97834e-13 4.36954e-13 6.31033e-13 8.98262e-13 1.25102e-12 1.70015e-12 2.24958e-12 2.88731e-12 3.58987e-12 4.31799e-12 5.0213e-12 5.64461e-12 6.13939e-12 6.46724e-12 6.61187e-12 6.57366e-12 6.37065e-12 6.02859e-12 5.57797e-12 5.04956e-12 4.4729e-12 3.8762e-12 3.28435e-12 2.72262e-12 2.20824e-12 1.75565e-12 1.36866e-12 1.04942e-12 7.91145e-13 5.8926e-13 4.32925e-13 3.14181e-13 2.26254e-13 1.608e-13 1.1284e-13 7.70787e-14 5.09351e-14 2.9822e-14 
3.92119e-15 6.64983e-15 9.25024e-15 1.36371e-14 1.89051e-14 2.78025e-14 4.04128e-14 5.86967e-14 8.56204e-14 1.26132e-13 1.85389e-13 2.73418e-13 4.0046e-13 5.8057e-13 8.30427e-13 1.16696e-12 1.60574e-12 2.15338e-12 2.80887e-12 3.55276e-12 4.35005e-12 5.14886e-12 5.89004e-12 6.51268e-12 6.96805e-12 7.22666e-12 7.28038e-12 7.14508e-12 6.84701e-12 6.41851e-12 5.89355e-12 5.29992e-12 4.66555e-12 4.01925e-12 3.38647e-12 2.79182e-12 2.25281e-12 1.78338e-12 1.38565e-12 1.05951e-12 7.982e-13 5.93101e-13 4.35518e-13 3.16717e-13 2.28046e-13 1.62081e-13 1.1284e-13 7.59734e-14 4.79516e-14 2.61235e-14 
2.96511e-15 6.74002e-15 9.32774e-15 1.36713e-14 1.88627e-14 2.67412e-14 3.91442e-14 5.53087e-14 8.08016e-14 1.16873e-13 1.7128e-13 2.50266e-13 3.6589e-13 5.29511e-13 7.60029e-13 1.07504e-12 1.49395e-12 2.02844e-12 2.68438e-12 3.45232e-12 4.30188e-12 5.18534e-12 6.0404e-12 6.79759e-12 7.39356e-12 7.78407e-12 7.95116e-12 7.9019e-12 7.66392e-12 7.27252e-12 6.76464e-12 6.16966e-12 5.51432e-12 4.82721e-12 4.13412e-12 3.46365e-12 2.83944e-12 2.28165e-12 1.79878e-12 1.39371e-12 1.06304e-12 7.99767e-13 5.94785e-13 4.37695e-13 3.17862e-13 2.28485e-13 1.62081e-13 1.11656e-13 7.38174e-14 4.31329e-14 
5.857e-15 9.4479e-15 1.37718e-14 1.89051e-14 2.66861e-14 3.80367e-14 5.39375e-14 7.72121e-14 1.10801e-13 1.59606e-13 2.31514e-13 3.34769e-13 4.83475e-13 6.92955e-13 9.83173e-13 1.37444e-12 1.88557e-12 2.52787e-12 3.30004e-12 4.1826e-12 5.13456e-12 6.09252e-12 6.98275e-12 7.72941e-12 8.26989e-12 8.57129e-12 8.63029e-12 8.46921e-12 8.12937e-12 7.651e-12 7.06787e-12 6.40843e-12 5.69623e-12 4.95708e-12 4.22157e-12 3.51689e-12 2.86994e-12 2.29622e-12 1.80468e-12 1.39527e-12 1.06374e-12 7.9993e-13 5.94904e-13 4.37344e-13 3.18461e-13 2.28485e-13 1.608e-13 1.09341e-13 6.88053e-14 3.76056e-14 
4.92499e-15 9.59421e-15 1.39334e-14 1.9937e-14 2.67412e-14 3.79641e-14 5.27731e-14 7.39406e-14 1.05193e-13 1.50412e-13 2.15487e-13 3.08434e-13 4.43153e-13 6.32194e-13 8.96664e-13 1.25759e-12 1.73692e-12 2.35163e-12 3.11115e-12 4.00537e-12 5.00296e-12 6.04709e-12 7.06181e-12 7.96165e-12 8.6675e-12 9.12491e-12 9.31417e-12 9.25153e-12 8.97747e-12 8.53967e-12 7.98112e-12 7.33054e-12 6.61074e-12 5.84313e-12 5.05676e-12 4.28238e-12 3.54943e-12 2.88362e-12 2.29995e-12 1.80326e-12 1.39298e-12 1.0619e-12 7.9922e-13 5.9511e-13 4.38155e-13 3.18461e-13 2.28046e-13 1.59251e-13 1.05043e-13 6.20576e-14 
8.76043e-15 1.41445e-14 2.01516e-14 2.78025e-14 3.80367e-14 5.26805e-14 7.2708e-14 1.01777e-13 1.43642e-13 2.03112e-13 2.87945e-13 4.0902e-13 5.80482e-13 8.19748e-13 1.14819e-12 1.59059e-12 2.17039e-12 2.90136e-12 3.78559e-12 4.80515e-12 5.91224e-12 7.03577e-12 8.08346e-12 8.96169e-12 9.59401e-12 9.93877e-12 9.9969e-12 9.80635e-12 9.4214e-12 8.89603e-12 8.26529e-12 7.55171e-12 6.77446e-12 5.9554e-12 5.12531e-12 4.31779e-12 3.56292e-12 2.88526e-12 2.29562e-12 1.79786e-12 1.38879e-12 1.05886e-12 7.9828e-13 5.95252e-13 4.38155e-13 3.17862e-13 2.26254e-13 1.55616e-13 9.89379e-14 5.4779e-14 
7.8593e-15 1.3419e-14 2.04395e-14 2.80819e-14 3.91442e-14 5.27731e-14 7.25925e-14 9.95903e-14 1.39181e-13 1.94263e-13 2.7233e-13 3.8213e-13 5.37411e-13 7.53507e-13 1.0518e-12 1.4567e-12 1.99298e-12 2.68424e-12 3.5405e-12 4.55754e-12 5.70094e-12 6.90945e-12 8.09037e-12 9.14074e-12 9.96174e-12 1.04865e-11 1.06928e-11 1.06072e-11 1.02883e-11 9.80148e-12 9.19677e-12 8.50142e-12 7.72946e-12 6.89834e-12 6.03132e-12 5.16446e-12 4.33068e-12 3.56171e-12 2.87646e-12 2.28628e-12 1.79023e-12 1.38391e-12 1.05704e-12 7.97859e-13 5.95252e-13 4.37344e-13 3.16717e-13 2.23217e-13 1.49121e-13 8.84026e-14 
1.26393e-14 2.07772e-14 2.93795e-14 4.04128e-14 5.39375e-14 7.2708e-14 9.94502e-14 1.36038e-13 1.87879e-13 2.60501e-13 3.62322e-13 5.03981e-13 7.00331e-13 9.70614e-13 1.3384e-12 1.8311e-12 2.47421e-12 3.2883e-12 4.28071e-12 5.43318e-12 6.69654e-12 7.98801e-12 9.199e-12 1.02152e-11 1.09398e-11 1.13225e-11 1.13693e-11 1.1134e-11 1.06946e-11 1.0117e-11 9.44354e-12 8.68843e-12 7.86218e-12 6.98015e-12 6.07308e-12 5.17578e-12 4.32488e-12 3.54785e-12 2.86251e-12 2.27429e-12 1.78318e-12 1.37969e-12 1.05526e-12 7.97859e-13 5.9511e-13 4.37695e-13 3.14181e-13 2.18157e-13 1.40033e-13 7.66311e-14 
1.17701e-14 2.1119e-14 3.0783e-14 4.18428e-14 5.53087e-14 7.39406e-14 9.95903e-14 1.35002e-13 1.84656e-13 2.53066e-13 3.47495e-13 4.79023e-13 6.58426e-13 9.04345e-13 1.23909e-12 1.68845e-12 2.28185e-12 3.0443e-12 3.99369e-12 5.12892e-12 6.41737e-12 7.78933e-12 9.14146e-12 1.03467e-11 1.12852e-11 1.18721e-11 1.20823e-11 1.19554e-11 1.15727e-11 1.10231e-11 1.03679e-11 9.63388e-12 8.82493e-12 7.94739e-12 7.02253e-12 6.08255e-12 5.16496e-12 4.3053e-12 3.52786e-12 2.84542e-12 2.26311e-12 1.77703e-12 1.37767e-12 1.05526e-12 7.9828e-13 5.94904e-13 4.35518e-13 3.10441e-13 2.09447e-13 1.24884e-13 
1.94537e-14 3.13034e-14 4.3416e-14 5.86967e-14 7.72121e-14 1.01777e-13 1.36038e-13 1.83596e-13 2.48894e-13 3.38137e-13 4.61172e-13 6.27369e-13 8.54669e-13 1.16028e-12 1.57048e-12 2.11419e-12 2.82089e-12 3.71652e-12 4.81265e-12 6.09479e-12 7.51355e-12 8.97694e-12 1.03564e-11 1.15127e-11 1.23268e-11 1.27334e-11 1.27452e-11 1.24383e-11 1.19182e-11 1.12745e-11 1.05536e-11 9.76593e-12 8.90793e-12 7.98682e-12 7.02757e-12 6.06471e-12 5.13791e-12 4.27788e-12 3.50507e-12 2.83009e-12 2.25462e-12 1.77314e-12 1.37767e-12 1.05704e-12 7.9922e-13 5.94785e-13 4.32925e-13 3.02932e-13 1.95587e-13 1.08858e-13 
1.76456e-14 3.17877e-14 4.60256e-14 6.14137e-14 8.08016e-14 1.05193e-13 1.39181e-13 1.84656e-13 2.46944e-13 3.33024e-13 4.49019e-13 6.06468e-13 8.17401e-13 1.09994e-12 1.47694e-12 1.97607e-12 2.62756e-12 3.46342e-12 4.50446e-12 5.75568e-12 7.18769e-12 8.72644e-12 1.02528e-11 1.16186e-11 1.26725e-11 1.33088e-11 1.3497e-11 1.32935e-11 1.28109e-11 1.21692e-11 1.1448e-11 1.06735e-11 9.8396e-12 8.93923e-12 7.98351e-12 7.00106e-12 6.02869e-12 5.10154e-12 4.24712e-12 3.48393e-12 2.81812e-12 2.25008e-12 1.77314e-12 1.37969e-12 1.05886e-12 7.9993e-13 5.93101e-13 4.2738e-13 2.91124e-13 1.75117e-13 
3.02057e-14 4.77325e-14 6.52345e-14 8.56204e-14 1.10801e-13 1.43642e-13 1.87879e-13 2.48894e-13 3.31056e-13 4.42971e-13 5.92384e-13 7.91642e-13 1.05631e-12 1.40651e-12 1.86727e-12 2.46948e-12 3.2446e-12 4.22322e-12 5.42378e-12 6.83788e-12 8.41487e-12 1.00539e-11 1.1608e-11 1.29045e-11 1.37961e-11 1.42013e-11 1.41386e-11 1.37128e-11 1.30691e-11 1.23265e-11 1.15444e-11 1.07262e-11 9.85377e-12 8.92149e-12 7.94397e-12 6.95199e-12 5.98065e-12 5.0622e-12 4.21948e-12 3.46744e-12 2.81144e-12 2.25008e-12 1.77703e-12 1.38391e-12 1.0619e-12 7.99767e-13 5.8926e-13 4.1651e-13 2.71802e-13 1.51398e-13 
2.64809e-14 4.83904e-14 6.91683e-14 9.16623e-14 1.16873e-13 1.50412e-13 1.94263e-13 2.53066e-13 3.33024e-13 4.40121e-13 5.84534e-13 7.74733e-13 1.0256e-12 1.3554e-12 1.78542e-12 2.34559e-12 3.06568e-12 3.98175e-12 5.12073e-12 6.49305e-12 8.07337e-12 9.78516e-12 1.14951e-11 1.30231e-11 1.41848e-11 1.48457e-11 1.49703e-11 1.46356e-11 1.39946e-11 1.32107e-11 1.23901e-11 1.15636e-11 1.07125e-11 9.81376e-12 8.86334e-12 7.87852e-12 6.8896e-12 5.92937e-12 5.02569e-12 4.19839e-12 3.45901e-12 2.81144e-12 2.25462e-12 1.78318e-12 1.38879e-12 1.06374e-12 7.982e-13 5.80941e-13 3.99035e-13 2.42671e-13 
4.59189e-14 7.21293e-14 9.79264e-14 1.26132e-13 1.59606e-13 2.03112e-13 2.60501e-13 3.38137e-13 4.42971e-13 5.81671e-13 7.6507e-13 1.00667e-12 1.32042e-12 1.72733e-12 2.25255e-12 2.92667e-12 3.78445e-12 4.86028e-12 6.17666e-12 7.73194e-12 9.47722e-12 1.13034e-11 1.30372e-11 1.44709e-11 1.54192e-11 1.57818e-11 1.55849e-11 1.49702e-11 1.41329e-11 1.32375e-11 1.23619e-11 1.15072e-11 1.06375e-11 9.72833e-12 8.77569e-12 7.79926e-12 6.82567e-12 5.88395e-12 4.99904e-12 4.18774e-12 3.45901e-12 2.81812e-12 2.26311e-12 1.79023e-12 1.39298e-12 1.06304e-12 7.91145e-13 5.66003e-13 3.7194e-13 2.08983e-13 
4.12481e-14 7.29711e-14 1.04254e-13 1.35782e-13 1.7128e-13 2.15487e-13 2.7233e-13 3.47495e-13 4.49019e-13 5.84534e-13 7.6219e-13 9.96019e-13 1.29761e-12 1.68779e-12 2.18692e-12 2.82413e-12 3.63253e-12 4.64849e-12 5.90353e-12 7.41569e-12 9.16223e-12 1.10635e-11 1.2967e-11 1.46576e-11 1.5912e-11 1.6562e-11 1.65633e-11 1.60179e-11 1.51322e-11 1.41275e-11 1.31507e-11 1.22452e-11 1.13809e-11 1.05118e-11 9.60982e-12 8.67263e-12 7.71701e-12 6.76843e-12 5.84989e-12 4.98488e-12 4.18774e-12 3.46744e-12 2.83009e-12 2.27429e-12 1.79786e-12 1.39527e-12 1.05951e-12 7.79327e-13 5.41547e-13 3.31113e-13 
7.05722e-14 1.09496e-13 1.46574e-13 1.85389e-13 2.31514e-13 2.87945e-13 3.62322e-13 4.61172e-13 5.92384e-13 7.6507e-13 9.92243e-13 1.2859e-12 1.66261e-12 2.14322e-12 2.75186e-12 3.52179e-12 4.48631e-12 5.68431e-12 7.14327e-12 8.86835e-12 1.08078e-11 1.28402e-11 1.47626e-11 1.63254e-11 1.73019e-11 1.7567e-11 1.71544e-11 1.62504e-11 1.51164e-11 1.39799e-11 1.2956e-11 1.20471e-11 1.11976e-11 1.03502e-11 9.47509e-12 8.56921e-12 7.64508e-12 6.72493e-12 5.83176e-12 4.98488e-12 4.19839e-12 3.48393e-12 2.84542e-12 2.28628e-12 1.80326e-12 1.39371e-12 1.04942e-12 7.5813e-13 5.02914e-13 2.8447e-13 
6.19976e-14 1.10525e-13 1.56371e-13 2.01778e-13 2.50266e-13 3.08434e-13 3.8213e-13 4.79023e-13 6.06468e-13 7.74733e-13 9.96019e-13 1.28206e-12 1.64884e-12 2.11447e-12 2.70418e-12 3.44429e-12 4.36908e-12 5.51746e-12 6.92592e-12 8.61546e-12 1.05659e-11 1.26888e-11 1.48079e-11 1.66692e-11 1.79997e-11 1.85917e-11 1.83898e-11 1.75244e-11 1.6268e-11 1.49202e-11 1.36946e-11 1.2662e-11 1.1782e-11 1.09738e-11 1.01718e-11 9.34189e-12 8.4777e-12 7.5912e-12 6.70226e-12 5.83176e-12 4.99904e-12 4.21948e-12 3.50507e-12 2.86251e-12 2.29562e-12 1.80468e-12 1.38565e-12 1.03015e-12 7.23104e-13 4.46828e-13 
1.0622e-13 1.63924e-13 2.18272e-13 2.73418e-13 3.34769e-13 4.0902e-13 5.03981e-13 6.27369e-13 7.91642e-13 1.00667e-12 1.2859e-12 1.64405e-12 2.09931e-12 2.67395e-12 3.39258e-12 4.28909e-12 5.40003e-12 6.76457e-12 8.41763e-12 1.03615e-11 1.25444e-11 1.48242e-11 1.69637e-11 1.86625e-11 1.96377e-11 1.97328e-11 1.89884e-11 1.76482e-11 1.60611e-11 1.45462e-11 1.32823e-11 1.22855e-11 1.1471e-11 1.07332e-11 9.99756e-12 9.22594e-12 8.41075e-12 7.56315e-12 6.70226e-12 5.84989e-12 5.02569e-12 4.24712e-12 3.52786e-12 2.87646e-12 2.29995e-12 1.79878e-12 1.36866e-12 9.99279e-13 6.69729e-13 3.82678e-13 
9.37158e-14 1.66086e-13 2.33547e-13 2.97834e-13 3.6589e-13 4.43153e-13 5.37411e-13 6.58426e-13 8.17401e-13 1.0256e-12 1.29761e-12 1.64884e-12 2.09519e-12 2.6571e-12 3.36106e-12 4.23723e-12 5.32154e-12 6.6552e-12 8.27732e-12 1.02101e-11 1.24313e-11 1.48399e-11 1.7231e-11 1.93014e-11 2.07091e-11 2.11897e-11 2.06704e-11 1.93211e-11 1.75014e-11 1.5623e-11 1.40008e-11 1.27599e-11 1.18511e-11 1.11414e-11 1.05016e-11 9.84737e-12 9.14031e-12 8.37528e-12 7.56315e-12 6.72493e-12 5.88395e-12 5.0622e-12 4.27788e-12 3.54785e-12 2.88526e-12 2.29622e-12 1.78338e-12 1.33965e-12 9.49891e-13 5.94389e-13 
1.58852e-13 2.44367e-13 3.23056e-13 4.0046e-13 4.83475e-13 5.80482e-13 7.00331e-13 8.54669e-13 1.05631e-12 1.32042e-12 1.66261e-12 2.09931e-12 2.65186e-12 3.34469e-12 4.20616e-12 5.27398e-12 6.58845e-12 8.19202e-12 1.01168e-11 1.23672e-11 1.48814e-11 1.74967e-11 1.99316e-11 2.18079e-11 2.27643e-11 2.25903e-11 2.13426e-11 1.93431e-11 1.70624e-11 1.49538e-11 1.33023e-11 1.21578e-11 1.13939e-11 1.08255e-11 1.03027e-11 9.73781e-12 9.09537e-12 8.37528e-12 7.5912e-12 6.76843e-12 5.92937e-12 5.10154e-12 4.3053e-12 3.56171e-12 2.88362e-12 2.28165e-12 1.75565e-12 1.29474e-12 8.78344e-13 5.06619e-13 
1.39447e-13 2.46624e-13 3.44767e-13 4.36954e-13 5.29511e-13 6.32194e-13 7.53507e-13 9.04345e-13 1.09994e-12 1.3554e-12 1.68779e-12 2.11447e-12 2.6571e-12 3.33906e-12 4.19065e-12 5.24829e-12 6.5535e-12 8.15166e-12 1.00808e-11 1.23624e-11 1.49677e-11 1.7784e-11 2.05669e-11 2.29365e-11 2.44493e-11 2.47537e-11 2.3754e-11 2.16777e-11 1.90084e-11 1.63164e-11 1.4067e-11 1.24838e-11 1.15197e-11 1.09552e-11 1.05556e-11 1.01579e-11 9.68005e-12 9.09537e-12 8.41075e-12 7.64508e-12 6.82567e-12 5.98065e-12 5.13791e-12 4.32488e-12 3.56292e-12 2.86994e-12 2.25281e-12 1.71116e-12 1.22718e-12 7.75725e-13 
2.34457e-13 3.59719e-13 4.71857e-13 5.8057e-13 6.92955e-13 8.19748e-13 9.70614e-13 1.16028e-12 1.40651e-12 1.72733e-12 2.14322e-12 2.67395e-12 3.34469e-12 4.18534e-12 5.23567e-12 6.53962e-12 8.14306e-12 1.00908e-11 1.24152e-11 1.51131e-11 1.81152e-11 2.12285e-11 2.40975e-11 2.62334e-11 2.71508e-11 2.65727e-11 2.45771e-11 2.15993e-11 1.82838e-11 1.52675e-11 1.29953e-11 1.15989e-11 1.09e-11 1.0578e-11 1.03585e-11 1.00811e-11 9.68005e-12 9.14031e-12 8.4777e-12 7.71701e-12 6.8896e-12 6.02869e-12 5.16496e-12 4.33068e-12 3.54943e-12 2.83944e-12 2.20824e-12 1.64629e-12 1.12941e-12 6.57519e-13 
2.05203e-13 3.59998e-13 5.01759e-13 6.31033e-13 7.60029e-13 8.96664e-13 1.0518e-12 1.23909e-12 1.47694e-12 1.78542e-12 2.18692e-12 2.70418e-12 3.36106e-12 4.19065e-12 5.2322e-12 6.5352e-12 8.15138e-12 1.01308e-11 1.25136e-11 1.53171e-11 1.85039e-11 2.19345e-11 2.53013e-11 2.81063e-11 2.97586e-11 2.97921e-11 2.80841e-11 2.49496e-11 2.10478e-11 1.71577e-11 1.39447e-11 1.17995e-11 1.07201e-11 1.03606e-11 1.03018e-11 1.02545e-11 1.00811e-11 9.73781e-12 9.22594e-12 8.56921e-12 7.79926e-12 6.95199e-12 6.06471e-12 5.17578e-12 4.31779e-12 3.51689e-12 2.79182e-12 2.14304e-12 1.55333e-12 9.93862e-13 
3.38951e-13 5.18634e-13 6.78207e-13 8.30427e-13 9.83173e-13 1.14819e-12 1.3384e-12 1.57048e-12 1.86727e-12 2.25255e-12 2.75186e-12 3.39258e-12 4.20616e-12 5.23567e-12 6.53506e-12 8.16283e-12 1.01797e-11 1.26358e-11 1.5563e-11 1.89505e-11 2.27008e-11 2.65615e-11 3.00638e-11 3.25533e-11 3.33894e-11 3.22129e-11 2.91436e-11 2.47816e-11 1.99964e-11 1.56527e-11 1.24096e-11 1.05696e-11 9.93587e-12 9.96067e-12 1.01551e-11 1.02545e-11 1.01579e-11 9.84737e-12 9.34189e-12 8.67263e-12 7.87852e-12 7.00106e-12 6.08255e-12 5.16446e-12 4.28238e-12 3.46365e-12 2.72262e-12 2.05274e-12 1.42389e-12 8.38592e-13 
2.94997e-13 5.14846e-13 7.14859e-13 8.98262e-13 1.07504e-12 1.25759e-12 1.4567e-12 1.68845e-12 1.97607e-12 2.34559e-12 2.82413e-12 3.44429e-12 4.23723e-12 5.24829e-12 6.5352e-12 8.16833e-12 1.02179e-11 1.27525e-11 1.58204e-11 1.9434e-11 2.3524e-11 2.78902e-11 3.21118e-11 3.55171e-11 3.73302e-11 3.69494e-11 3.42309e-11 2.96237e-11 2.4024e-11 1.84604e-11 1.38317e-11 1.0764e-11 9.42868e-12 9.34054e-12 9.74734e-12 1.01551e-11 1.03585e-11 1.03027e-11 9.99756e-12 9.47509e-12 8.77569e-12 7.94397e-12 7.02757e-12 6.07308e-12 5.12531e-12 4.22157e-12 3.38647e-12 2.62876e-12 1.92734e-12 1.24741e-12 
4.81083e-13 7.32299e-13 9.56962e-13 1.16696e-12 1.37444e-12 1.59059e-12 1.8311e-12 2.11419e-12 2.46948e-12 2.92667e-12 3.52179e-12 4.28909e-12 5.27398e-12 6.53962e-12 8.16283e-12 1.0233e-11 1.28359e-11 1.6049e-11 1.99097e-11 2.43753e-11 2.9279e-11 3.4252e-11 3.86409e-11 4.15848e-11 4.2263e-11 4.02284e-11 3.56777e-11 2.94424e-11 2.268e-11 1.6509e-11 1.18066e-11 9.16101e-12 8.52838e-12 9.01828e-12 9.74734e-12 1.03018e-11 1.05556e-11 1.05016e-11 1.01718e-11 9.60982e-12 8.86334e-12 7.98351e-12 7.02253e-12 6.03132e-12 5.05676e-12 4.13412e-12 3.28435e-12 2.50449e-12 1.7587e-12 1.04553e-12 
4.13765e-13 7.1946e-13 9.97643e-13 1.25102e-12 1.49395e-12 1.73692e-12 1.99298e-12 2.28185e-12 2.62756e-12 3.06568e-12 3.63253e-12 4.36908e-12 5.32154e-12 6.5535e-12 8.15138e-12 1.02179e-11 1.28662e-11 1.62069e-11 2.03179e-11 2.51878e-11 3.06816e-11 3.64665e-11 4.19159e-11 4.613e-11 4.81196e-11 4.71255e-11 4.30099e-11 3.64201e-11 2.85759e-11 2.08258e-11 1.42771e-11 9.75514e-12 7.82189e-12 8.0249e-12 9.01828e-12 9.96067e-12 1.0578e-11 1.08255e-11 1.07332e-11 1.03502e-11 9.72833e-12 8.92149e-12 7.98682e-12 6.98015e-12 5.9554e-12 4.95708e-12 4.01925e-12 3.15379e-12 2.33944e-12 1.53243e-12 
6.64433e-13 1.00931e-12 1.318e-12 1.60574e-12 1.88557e-12 2.17039e-12 2.47421e-12 2.82089e-12 3.2446e-12 3.78445e-12 4.48631e-12 5.40003e-12 6.58845e-12 8.14306e-12 1.01797e-11 1.28359e-11 1.62633e-11 2.05953e-11 2.58728e-11 3.20028e-11 3.86854e-11 4.53058e-11 5.09412e-11 5.44841e-11 5.48999e-11 5.16556e-11 4.5094e-11 3.63838e-11 2.70931e-11 1.86274e-11 1.19847e-11 7.95628e-12 7.03061e-12 8.0249e-12 9.34054e-12 1.03606e-11 1.09552e-11 1.11414e-11 1.09738e-11 1.05118e-11 9.81376e-12 8.93923e-12 7.94739e-12 6.89834e-12 5.84313e-12 4.82721e-12 3.8762e-12 2.98788e-12 2.12233e-12 1.27399e-12 
5.66353e-13 9.79699e-13 1.35679e-12 1.70015e-12 2.02844e-12 2.35163e-12 2.68424e-12 3.0443e-12 3.46342e-12 3.98175e-12 4.64849e-12 5.51746e-12 6.6552e-12 8.15166e-12 1.01308e-11 1.27525e-11 1.62069e-11 2.06933e-11 2.63335e-11 3.31058e-11 4.07668e-11 4.87069e-11 5.59585e-11 6.13089e-11 6.35026e-11 6.16171e-11 5.55681e-11 4.63274e-11 3.56028e-11 2.5177e-11 1.63587e-11 9.97262e-12 6.83624e-12 7.03061e-12 8.52838e-12 9.93587e-12 1.09e-11 1.13939e-11 1.1471e-11 1.11976e-11 1.06375e-11 9.85377e-12 8.90793e-12 7.86218e-12 6.77446e-12 5.69623e-12 4.66555e-12 3.7002e-12 2.77512e-12 1.83775e-12 
8.94299e-13 1.35451e-12 1.76777e-12 2.15338e-12 2.52787e-12 2.90136e-12 3.2883e-12 3.71652e-12 4.22322e-12 4.86028e-12 5.68431e-12 6.76457e-12 8.19202e-12 1.00908e-11 1.26358e-11 1.6049e-11 2.05953e-11 2.64959e-11 3.38434e-11 4.2502e-11 5.1906e-11 6.10271e-11 6.84981e-11 7.28602e-11 7.28478e-11 6.78964e-11 5.86048e-11 4.66762e-11 3.42542e-11 2.31403e-11 1.44093e-11 8.73051e-12 6.83624e-12 7.82189e-12 9.42868e-12 1.07201e-11 1.15197e-11 1.18511e-11 1.1782e-11 1.13809e-11 1.07125e-11 9.8396e-12 8.82493e-12 7.72946e-12 6.61074e-12 5.51432e-12 4.4729e-12 3.48485e-12 2.50215e-12 1.51481e-12 
7.5351e-13 1.29696e-12 1.79287e-12 2.24958e-12 2.68438e-12 3.11115e-12 3.5405e-12 3.99369e-12 4.50446e-12 5.12073e-12 5.90353e-12 6.92592e-12 8.27732e-12 1.00808e-11 1.25136e-11 1.58204e-11 2.03179e-11 2.63335e-11 3.41036e-11 4.36636e-11 5.45835e-11 6.58294e-11 7.58261e-11 8.28407e-11 8.52735e-11 8.20835e-11 7.33666e-11 6.06277e-11 4.62734e-11 3.26627e-11 2.13958e-11 1.32495e-11 8.73051e-12 7.95628e-12 9.16101e-12 1.05696e-11 1.15989e-11 1.21578e-11 1.22855e-11 1.20471e-11 1.15072e-11 1.07262e-11 9.76593e-12 8.68843e-12 7.55171e-12 6.40843e-12 5.29992e-12 4.24473e-12 3.21599e-12 2.15041e-12 
1.16779e-12 1.76408e-12 2.30223e-12 2.80887e-12 3.30004e-12 3.78559e-12 4.28071e-12 4.81265e-12 5.42378e-12 6.17666e-12 7.14327e-12 8.41763e-12 1.01168e-11 1.24152e-11 1.5563e-11 1.99097e-11 2.58728e-11 3.38434e-11 4.40721e-11 5.63795e-11 6.98779e-11 8.28355e-11 9.31371e-11 9.87409e-11 9.8088e-11 9.07204e-11 7.77468e-11 6.16759e-11 4.54209e-11 3.12448e-11 2.0376e-11 1.32495e-11 9.97262e-12 9.75514e-12 1.0764e-11 1.17995e-11 1.24838e-11 1.27599e-11 1.2662e-11 1.22452e-11 1.15636e-11 1.06735e-11 9.63388e-12 8.50142e-12 7.33054e-12 6.16966e-12 5.04956e-12 3.97033e-12 2.87878e-12 1.75384e-12 
9.72884e-13 1.66434e-12 2.29945e-12 2.88731e-12 3.45232e-12 4.00537e-12 4.55754e-12 5.12892e-12 5.75568e-12 6.49305e-12 7.41569e-12 8.61546e-12 1.02101e-11 1.23624e-11 1.53171e-11 1.9434e-11 2.51878e-11 3.31058e-11 4.36636e-11 5.70128e-11 7.26093e-11 8.87922e-11 1.03096e-10 1.12835e-10 1.15722e-10 1.10672e-10 9.82867e-11 8.09207e-11 6.19783e-11 4.4518e-11 3.04068e-11 2.0376e-11 1.44093e-11 1.19847e-11 1.18066e-11 1.24096e-11 1.29953e-11 1.33023e-11 1.32823e-11 1.2956e-11 1.23619e-11 1.15444e-11 1.05536e-11 9.44354e-12 8.26529e-12 7.06787e-12 5.89355e-12 4.75977e-12 3.63771e-12 2.4518e-12 
1.4789e-12 2.22676e-12 2.90709e-12 3.55276e-12 4.1826e-12 4.80515e-12 5.43318e-12 6.09479e-12 6.83788e-12 7.73194e-12 8.86835e-12 1.03615e-11 1.23672e-11 1.51131e-11 1.89505e-11 2.43753e-11 3.20028e-11 4.2502e-11 5.63795e-11 7.35769e-11 9.28426e-11 1.11648e-10 1.26637e-10 1.34416e-10 1.32961e-10 1.22294e-10 1.04426e-10 8.29704e-11 6.18821e-11 4.39462e-11 3.04068e-11 2.13958e-11 1.63587e-11 1.42771e-11 1.38317e-11 1.39447e-11 1.4067e-11 1.40008e-11 1.36946e-11 1.31507e-11 1.23901e-11 1.1448e-11 1.03679e-11 9.19677e-12 7.98112e-12 6.76464e-12 5.57797e-12 4.4188e-12 3.22844e-12 1.97665e-12 
1.21807e-12 2.07087e-12 2.85578e-12 3.58987e-12 4.30188e-12 5.00296e-12 5.70094e-12 6.41737e-12 7.18769e-12 8.07337e-12 9.16223e-12 1.05659e-11 1.24313e-11 1.49677e-11 1.85039e-11 2.3524e-11 3.06816e-11 4.07668e-11 5.45835e-11 7.26093e-11 9.4283e-11 1.17511e-10 1.38609e-10 1.52911e-10 1.56824e-10 1.49414e-10 1.32278e-10 1.08976e-10 8.41173e-11 6.17235e-11 4.39462e-11 3.12448e-11 2.31403e-11 1.86274e-11 1.6509e-11 1.56527e-11 1.52675e-11 1.49538e-11 1.45462e-11 1.39799e-11 1.32375e-11 1.23265e-11 1.12745e-11 1.0117e-11 8.89603e-12 7.651e-12 6.41851e-12 5.21758e-12 4.0133e-12 2.72201e-12 
1.81471e-12 2.72254e-12 3.55291e-12 4.35005e-12 5.13456e-12 5.91224e-12 6.69654e-12 7.51355e-12 8.41487e-12 9.47722e-12 1.08078e-11 1.25444e-11 1.48814e-11 1.81152e-11 2.27008e-11 2.9279e-11 3.86854e-11 5.1906e-11 6.98779e-11 9.28426e-11 1.19607e-10 1.46885e-10 1.69082e-10 1.80613e-10 1.78663e-10 1.64018e-10 1.40113e-10 1.11935e-10 8.46062e-11 6.17235e-11 4.4518e-11 3.26627e-11 2.5177e-11 2.08258e-11 1.84604e-11 1.71577e-11 1.63164e-11 1.5623e-11 1.49202e-11 1.41275e-11 1.32107e-11 1.21692e-11 1.10231e-11 9.80148e-12 8.53967e-12 7.27252e-12 6.02859e-12 4.80135e-12 3.52674e-12 2.16565e-12 
1.4767e-12 2.4932e-12 3.43282e-12 4.31799e-12 5.18534e-12 6.04709e-12 6.90945e-12 7.78933e-12 8.72644e-12 9.78516e-12 1.10635e-11 1.26888e-11 1.48399e-11 1.7784e-11 2.19345e-11 2.78902e-11 3.64665e-11 4.87069e-11 6.58294e-11 8.87922e-11 1.17511e-10 1.49856e-10 1.80333e-10 2.01544e-10 2.07961e-10 1.98399e-10 1.75829e-10 1.45476e-10 1.13377e-10 8.46062e-11 6.18821e-11 4.54209e-11 3.42542e-11 2.70931e-11 2.268e-11 1.99964e-11 1.82838e-11 1.70624e-11 1.60611e-11 1.51164e-11 1.41329e-11 1.30691e-11 1.19182e-11 1.06946e-11 9.4214e-12 8.12937e-12 6.84701e-12 5.58744e-12 4.31695e-12 2.93962e-12 
2.15476e-12 3.22073e-12 4.1998e-12 5.14886e-12 6.09252e-12 7.03577e-12 7.98801e-12 8.97694e-12 1.00539e-11 1.13034e-11 1.28402e-11 1.48242e-11 1.74967e-11 2.12285e-11 2.65615e-11 3.4252e-11 4.53058e-11 6.10271e-11 8.28355e-11 1.11648e-10 1.46885e-10 1.84388e-10 2.16177e-10 2.33821e-10 2.32876e-10 2.14563e-10 1.84103e-10 1.48189e-10 1.13377e-10 8.41173e-11 6.19783e-11 4.62734e-11 3.56028e-11 2.85759e-11 2.4024e-11 2.10478e-11 1.90084e-11 1.75014e-11 1.6268e-11 1.51322e-11 1.39946e-11 1.28109e-11 1.15727e-11 1.02883e-11 8.97747e-12 7.66392e-12 6.37065e-12 5.08911e-12 3.74888e-12 2.30383e-12 
1.73354e-12 2.90696e-12 3.99186e-12 5.0213e-12 6.0404e-12 7.06181e-12 8.09037e-12 9.14146e-12 1.02528e-11 1.14951e-11 1.2967e-11 1.48079e-11 1.7231e-11 2.05669e-11 2.53013e-11 3.21118e-11 4.19159e-11 5.59585e-11 7.58261e-11 1.03096e-10 1.38609e-10 1.80333e-10 2.21467e-10 2.51925e-10 2.63276e-10 2.53298e-10 2.25956e-10 1.8835e-10 1.48189e-10 1.11935e-10 8.29704e-11 6.16759e-11 4.66762e-11 3.63838e-11 2.94424e-11 2.47816e-11 2.15993e-11 1.93431e-11 1.76482e-11 1.62504e-11 1.49702e-11 1.37128e-11 1.24383e-11 1.1134e-11 9.80635e-12 8.46921e-12 7.14508e-12 5.8419e-12 4.52177e-12 3.0833e-12 
2.47817e-12 3.68687e-12 4.80168e-12 5.89004e-12 6.98275e-12 8.08346e-12 9.199e-12 1.03564e-11 1.1608e-11 1.30372e-11 1.47626e-11 1.69637e-11 1.99316e-11 2.40975e-11 3.00638e-11 3.86409e-11 5.09412e-11 6.84981e-11 9.31371e-11 1.26637e-10 1.69082e-10 2.16177e-10 2.58474e-10 2.84475e-10 2.87261e-10 2.67592e-10 2.31799e-10 1.8835e-10 1.45476e-10 1.08976e-10 8.09207e-11 6.06277e-11 4.63274e-11 3.64201e-11 2.96237e-11 2.49496e-11 2.16777e-11 1.93211e-11 1.75244e-11 1.60179e-11 1.46356e-11 1.32935e-11 1.19554e-11 1.06072e-11 9.25153e-12 7.9019e-12 6.57366e-12 5.25638e-12 3.87547e-12 2.37782e-12 
1.9696e-12 3.27967e-12 4.49022e-12 5.64461e-12 6.79759e-12 7.96165e-12 9.14074e-12 1.03467e-11 1.16186e-11 1.30231e-11 1.46576e-11 1.66692e-11 1.93014e-11 2.29365e-11 2.81063e-11 3.55171e-11 4.613e-11 6.13089e-11 8.28407e-11 1.12835e-10 1.52911e-10 2.01544e-10 2.51925e-10 2.92136e-10 3.10731e-10 3.03794e-10 2.74827e-10 2.31799e-10 1.84103e-10 1.40113e-10 1.04426e-10 7.77468e-11 5.86048e-11 4.5094e-11 3.56777e-11 2.91436e-11 2.45771e-11 2.13426e-11 1.89884e-11 1.71544e-11 1.55849e-11 1.41386e-11 1.27452e-11 1.13693e-11 9.9969e-12 8.63029e-12 7.28038e-12 5.95333e-12 4.60784e-12 3.14031e-12 
2.75808e-12 4.08562e-12 5.3098e-12 6.51268e-12 7.72941e-12 8.96169e-12 1.02152e-11 1.15127e-11 1.29045e-11 1.44709e-11 1.63254e-11 1.86625e-11 2.18079e-11 2.62334e-11 3.25533e-11 4.15848e-11 5.44841e-11 7.28602e-11 9.87409e-11 1.34416e-10 1.80613e-10 2.33821e-10 2.84475e-10 3.19187e-10 3.28514e-10 3.11984e-10 2.74827e-10 2.25956e-10 1.75829e-10 1.32278e-10 9.82867e-11 7.33666e-11 5.55681e-11 4.30099e-11 3.42309e-11 2.80841e-11 2.3754e-11 2.06704e-11 1.83898e-11 1.65633e-11 1.49703e-11 1.3497e-11 1.20823e-11 1.06928e-11 9.31417e-12 7.95116e-12 6.61187e-12 5.28287e-12 3.89161e-12 2.37985e-12 
2.16719e-12 3.58266e-12 4.88913e-12 6.13939e-12 7.39356e-12 8.6675e-12 9.96174e-12 1.12852e-11 1.26725e-11 1.41848e-11 1.5912e-11 1.79997e-11 2.07091e-11 2.44493e-11 2.97586e-11 3.73302e-11 4.81196e-11 6.35026e-11 8.52735e-11 1.15722e-10 1.56824e-10 2.07961e-10 2.63276e-10 3.10731e-10 3.37381e-10 3.37122e-10 3.11984e-10 2.67592e-10 2.14563e-10 1.64018e-10 1.22294e-10 9.07204e-11 6.78964e-11 5.16556e-11 4.02284e-11 3.22129e-11 2.65727e-11 2.25903e-11 1.97328e-11 1.7567e-11 1.57818e-11 1.42013e-11 1.27334e-11 1.13225e-11 9.93877e-12 8.57129e-12 7.22666e-12 5.90329e-12 4.56263e-12 3.10288e-12 
2.97242e-12 4.38502e-12 5.68545e-12 6.96805e-12 8.26989e-12 9.59401e-12 1.09398e-11 1.23268e-11 1.37961e-11 1.54192e-11 1.73019e-11 1.96377e-11 2.27643e-11 2.71508e-11 3.33894e-11 4.2263e-11 5.48999e-11 7.28478e-11 9.8088e-11 1.32961e-10 1.78663e-10 2.32876e-10 2.87261e-10 3.28514e-10 3.46106e-10 3.37122e-10 3.03794e-10 2.53298e-10 1.98399e-10 1.49414e-10 1.10672e-10 8.20835e-11 6.16171e-11 4.71255e-11 3.69494e-11 2.97921e-11 2.47537e-11 2.11897e-11 1.85917e-11 1.6562e-11 1.48457e-11 1.33088e-11 1.18721e-11 1.04865e-11 9.12491e-12 7.78407e-12 6.46724e-12 5.15955e-12 3.79196e-12 2.30699e-12 
2.30699e-12 3.79196e-12 5.15955e-12 6.46724e-12 7.78407e-12 9.12491e-12 1.04865e-11 1.18721e-11 1.33088e-11 1.48457e-11 1.6562e-11 1.85917e-11 2.11897e-11 2.47537e-11 2.97921e-11 3.69494e-11 4.71255e-11 6.16171e-11 8.20835e-11 1.10672e-10 1.49414e-10 1.98399e-10 2.53298e-10 3.03794e-10 3.37122e-10 3.46106e-10 3.28514e-10 2.87261e-10 2.32876e-10 1.78663e-10 1.32961e-10 9.8088e-11 7.28478e-11 5.48999e-11 4.2263e-11 3.33894e-11 2.71508e-11 2.27643e-11 1.96377e-11 1.73019e-11 1.54192e-11 1.37961e-11 1.23268e-11 1.09398e-11 9.59401e-12 8.26989e-12 6.96805e-12 5.68545e-12 4.38502e-12 2.97242e-12 
3.10288e-12 4.56263e-12 5.90329e-12 7.22666e-12 8.57129e-12 9.93877e-12 1.13225e-11 1.27334e-11 1.42013e-11 1.57818e-11 1.7567e-11 1.97328e-11 2.25903e-11 2.65727e-11 3.22129e-11 4.02284e-11 5.16556e-11 6.78964e-11 9.07204e-11 1.22294e-10 1.64018e-10 2.14563e-10 2.67592e-10 3.11984e-10 3.37122e-10 3.37381e-10 3.10731e-10 2.63276e-10 2.07961e-10 1.56824e-10 1.15722e-10 8.52735e-11 6.35026e-11 4.81196e-11 3.73302e-11 2.97586e-11 2.44493e-11 2.07091e-11 1.79997e-11 1.5912e-11 1.41848e-11 1.26725e-11 1.12852e-11 9.96174e-12 8.6675e-12 7.39356e-12 6.13939e-12 4.88913e-12 3.58266e-12 2.16719e-12 
2.37985e-12 3.89161e-12 5.28287e-12 6.61187e-12 7.95116e-12 9.31417e-12 1.06928e-11 1.20823e-11 1.3497e-11 1.49703e-11 1.65633e-11 1.83898e-11 2.06704e-11 2.3754e-11 2.80841e-11 3.42309e-11 4.30099e-11 5.55681e-11 7.33666e-11 9.82867e-11 1.32278e-10 1.75829e-10 2.25956e-10 2.74827e-10 3.11984e-10 3.28514e-10 3.19187e-10 2.84475e-10 2.33821e-10 1.80613e-10 1.34416e-10 9.87409e-11 7.28602e-11 5.44841e-11 4.15848e-11 3.25533e-11 2.62334e-11 2.18079e-11 1.86625e-11 1.63254e-11 1.44709e-11 1.29045e-11 1.15127e-11 1.02152e-11 8.96169e-12 7.72941e-12 6.51268e-12 5.3098e-12 4.08562e-12 2.75808e-12 
3.14031e-12 4.60784e-12 5.95333e-12 7.28038e-12 8.63029e-12 9.9969e-12 1.13693e-11 1.27452e-11 1.41386e-11 1.55849e-11 1.71544e-11 1.89884e-11 2.13426e-11 2.45771e-11 2.91436e-11 3.56777e-11 4.5094e-11 5.86048e-11 7.77468e-11 1.04426e-10 1.40113e-10 1.84103e-10 2.31799e-10 2.74827e-10 3.03794e-10 3.10731e-10 2.92136e-10 2.51925e-10 2.01544e-10 1.52911e-10 1.12835e-10 8.28407e-11 6.13089e-11 4.613e-11 3.55171e-11 2.81063e-11 2.29365e-11 1.93014e-11 1.66692e-11 1.46576e-11 1.30231e-11 1.16186e-11 1.03467e-11 9.14074e-12 7.96165e-12 6.79759e-12 5.64461e-12 4.49022e-12 3.27967e-12 1.9696e-12 
2.37782e-12 3.87547e-12 5.25638e-12 6.57366e-12 7.9019e-12 9.25153e-12 1.06072e-11 1.19554e-11 1.32935e-11 1.46356e-11 1.60179e-11 1.75244e-11 1.93211e-11 2.16777e-11 2.49496e-11 2.96237e-11 3.64201e-11 4.63274e-11 6.06277e-11 8.09207e-11 1.08976e-10 1.45476e-10 1.8835e-10 2.31799e-10 2.67592e-10 2.87261e-10 2.84475e-10 2.58474e-10 2.16177e-10 1.69082e-10 1.26637e-10 9.31371e-11 6.84981e-11 5.09412e-11 3.86409e-11 3.00638e-11 2.40975e-11 1.99316e-11 1.69637e-11 1.47626e-11 1.30372e-11 1.1608e-11 1.03564e-11 9.199e-12 8.08346e-12 6.98275e-12 5.89004e-12 4.80168e-12 3.68687e-12 2.47817e-12 
3.0833e-12 4.52177e-12 5.8419e-12 7.14508e-12 8.46921e-12 9.80635e-12 1.1134e-11 1.24383e-11 1.37128e-11 1.49702e-11 1.62504e-11 1.76482e-11 1.93431e-11 2.15993e-11 2.47816e-11 2.94424e-11 3.63838e-11 4.66762e-11 6.16759e-11 8.29704e-11 1.11935e-10 1.48189e-10 1.8835e-10 2.25956e-10 2.53298e-10 2.63276e-10 2.51925e-10 2.21467e-10 1.80333e-10 1.38609e-10 1.03096e-10 7.58261e-11 5.59585e-11 4.19159e-11 3.21118e-11 2.53013e-11 2.05669e-11 1.7231e-11 1.48079e-11 1.2967e-11 1.14951e-11 1.02528e-11 9.14146e-12 8.09037e-12 7.06181e-12 6.0404e-12 5.0213e-12 3.99186e-12 2.90696e-12 1.73354e-12 
2.30383e-12 3.74888e-12 5.08911e-12 6.37065e-12 7.66392e-12 8.97747e-12 1.02883e-11 1.15727e-11 1.28109e-11 1.39946e-11 1.51322e-11 1.6268e-11 1.75014e-11 1.90084e-11 2.10478e-11 2.4024e-11 2.85759e-11 3.56028e-11 4.62734e-11 6.19783e-11 8.41173e-11 1.13377e-10 1.48189e-10 1.84103e-10 2.14563e-10 2.32876e-10 2.33821e-10 2.16177e-10 1.84388e-10 1.46885e-10 1.11648e-10 8.28355e-11 6.10271e-11 4.53058e-11 3.4252e-11 2.65615e-11 2.12285e-11 1.74967e-11 1.48242e-11 1.28402e-11 1.13034e-11 1.00539e-11 8.97694e-12 7.98801e-12 7.03577e-12 6.09252e-12 5.14886e-12 4.1998e-12 3.22073e-12 2.15476e-12 
2.93962e-12 4.31695e-12 5.58744e-12 6.84701e-12 8.12937e-12 9.4214e-12 1.06946e-11 1.19182e-11 1.30691e-11 1.41329e-11 1.51164e-11 1.60611e-11 1.70624e-11 1.82838e-11 1.99964e-11 2.268e-11 2.70931e-11 3.42542e-11 4.54209e-11 6.18821e-11 8.46062e-11 1.13377e-10 1.45476e-10 1.75829e-10 1.98399e-10 2.07961e-10 2.01544e-10 1.80333e-10 1.49856e-10 1.17511e-10 8.87922e-11 6.58294e-11 4.87069e-11 3.64665e-11 2.78902e-11 2.19345e-11 1.7784e-11 1.48399e-11 1.26888e-11 1.10635e-11 9.78516e-12 8.72644e-12 7.78933e-12 6.90945e-12 6.04709e-12 5.18534e-12 4.31799e-12 3.43282e-12 2.4932e-12 1.4767e-12 
2.16565e-12 3.52674e-12 4.80135e-12 6.02859e-12 7.27252e-12 8.53967e-12 9.80148e-12 1.10231e-11 1.21692e-11 1.32107e-11 1.41275e-11 1.49202e-11 1.5623e-11 1.63164e-11 1.71577e-11 1.84604e-11 2.08258e-11 2.5177e-11 3.26627e-11 4.4518e-11 6.17235e-11 8.46062e-11 1.11935e-10 1.40113e-10 1.64018e-10 1.78663e-10 1.80613e-10 1.69082e-10 1.46885e-10 1.19607e-10 9.28426e-11 6.98779e-11 5.1906e-11 3.86854e-11 2.9279e-11 2.27008e-11 1.81152e-11 1.48814e-11 1.25444e-11 1.08078e-11 9.47722e-12 8.41487e-12 7.51355e-12 6.69654e-12 5.91224e-12 5.13456e-12 4.35005e-12 3.55291e-12 2.72254e-12 1.81471e-12 
2.72201e-12 4.0133e-12 5.21758e-12 6.41851e-12 7.651e-12 8.89603e-12 1.0117e-11 1.12745e-11 1.23265e-11 1.32375e-11 1.39799e-11 1.45462e-11 1.49538e-11 1.52675e-11 1.56527e-11 1.6509e-11 1.86274e-11 2.31403e-11 3.12448e-11 4.39462e-11 6.17235e-11 8.41173e-11 1.08976e-10 1.32278e-10 1.49414e-10 1.56824e-10 1.52911e-10 1.38609e-10 1.17511e-10 9.4283e-11 7.26093e-11 5.45835e-11 4.07668e-11 3.06816e-11 2.3524e-11 1.85039e-11 1.49677e-11 1.24313e-11 1.05659e-11 9.16223e-12 8.07337e-12 7.18769e-12 6.41737e-12 5.70094e-12 5.00296e-12 4.30188e-12 3.58987e-12 2.85578e-12 2.07087e-12 1.21807e-12 
1.97665e-12 3.22844e-12 4.4188e-12 5.57797e-12 6.76464e-12 7.98112e-12 9.19677e-12 1.03679e-11 1.1448e-11 1.23901e-11 1.31507e-11 1.36946e-11 1.40008e-11 1.4067e-11 1.39447e-11 1.38317e-11 1.42771e-11 1.63587e-11 2.13958e-11 3.04068e-11 4.39462e-11 6.18821e-11 8.29704e-11 1.04426e-10 1.22294e-10 1.32961e-10 1.34416e-10 1.26637e-10 1.11648e-10 9.28426e-11 7.35769e-11 5.63795e-11 4.2502e-11 3.20028e-11 2.43753e-11 1.89505e-11 1.51131e-11 1.23672e-11 1.03615e-11 8.86835e-12 7.73194e-12 6.83788e-12 6.09479e-12 5.43318e-12 4.80515e-12 4.1826e-12 3.55276e-12 2.90709e-12 2.22676e-12 1.4789e-12 
2.4518e-12 3.63771e-12 4.75977e-12 5.89355e-12 7.06787e-12 8.26529e-12 9.44354e-12 1.05536e-11 1.15444e-11 1.23619e-11 1.2956e-11 1.32823e-11 1.33023e-11 1.29953e-11 1.24096e-11 1.18066e-11 1.19847e-11 1.44093e-11 2.0376e-11 3.04068e-11 4.4518e-11 6.19783e-11 8.09207e-11 9.82867e-11 1.10672e-10 1.15722e-10 1.12835e-10 1.03096e-10 8.87922e-11 7.26093e-11 5.70128e-11 4.36636e-11 3.31058e-11 2.51878e-11 1.9434e-11 1.53171e-11 1.23624e-11 1.02101e-11 8.61546e-12 7.41569e-12 6.49305e-12 5.75568e-12 5.12892e-12 4.55754e-12 4.00537e-12 3.45232e-12 2.88731e-12 2.29945e-12 1.66434e-12 9.72884e-13 
1.75384e-12 2.87878e-12 3.97033e-12 5.04956e-12 6.16966e-12 7.33054e-12 8.50142e-12 9.63388e-12 1.06735e-11 1.15636e-11 1.22452e-11 1.2662e-11 1.27599e-11 1.24838e-11 1.17995e-11 1.0764e-11 9.75514e-12 9.97262e-12 1.32495e-11 2.0376e-11 3.12448e-11 4.54209e-11 6.16759e-11 7.77468e-11 9.07204e-11 9.8088e-11 9.87409e-11 9.31371e-11 8.28355e-11 6.98779e-11 5.63795e-11 4.40721e-11 3.38434e-11 2.58728e-11 1.99097e-11 1.5563e-11 1.24152e-11 1.01168e-11 8.41763e-12 7.14327e-12 6.17666e-12 5.42378e-12 4.81265e-12 4.28071e-12 3.78559e-12 3.30004e-12 2.80887e-12 2.30223e-12 1.76408e-12 1.16779e-12 
2.15041e-12 3.21599e-12 4.24473e-12 5.29992e-12 6.40843e-12 7.55171e-12 8.68843e-12 9.76593e-12 1.07262e-11 1.15072e-11 1.20471e-11 1.22855e-11 1.21578e-11 1.15989e-11 1.05696e-11 9.16101e-12 7.95628e-12 8.73051e-12 1.32495e-11 2.13958e-11 3.26627e-11 4.62734e-11 6.06277e-11 7.33666e-11 8.20835e-11 8.52735e-11 8.28407e-11 7.58261e-11 6.58294e-11 5.45835e-11 4.36636e-11 3.41036e-11 2.63335e-11 2.03179e-11 1.58204e-11 1.25136e-11 1.00808e-11 8.27732e-12 6.92592e-12 5.90353e-12 5.12073e-12 4.50446e-12 3.99369e-12 3.5405e-12 3.11115e-12 2.68438e-12 2.24958e-12 1.79287e-12 1.29696e-12 7.5351e-13 
1.51481e-12 2.50215e-12 3.48485e-12 4.4729e-12 5.51432e-12 6.61074e-12 7.72946e-12 8.82493e-12 9.8396e-12 1.07125e-11 1.13809e-11 1.1782e-11 1.18511e-11 1.15197e-11 1.07201e-11 9.42868e-12 7.82189e-12 6.83624e-12 8.73051e-12 1.44093e-11 2.31403e-11 3.42542e-11 4.66762e-11 5.86048e-11 6.78964e-11 7.28478e-11 7.28602e-11 6.84981e-11 6.10271e-11 5.1906e-11 4.2502e-11 3.38434e-11 2.64959e-11 2.05953e-11 1.6049e-11 1.26358e-11 1.00908e-11 8.19202e-12 6.76457e-12 5.68431e-12 4.86028e-12 4.22322e-12 3.71652e-12 3.2883e-12 2.90136e-12 2.52787e-12 2.15338e-12 1.76777e-12 1.35451e-12 8.94299e-13 
1.83775e-12 2.77512e-12 3.7002e-12 4.66555e-12 5.69623e-12 6.77446e-12 7.86218e-12 8.90793e-12 9.85377e-12 1.06375e-11 1.11976e-11 1.1471e-11 1.13939e-11 1.09e-11 9.93587e-12 8.52838e-12 7.03061e-12 6.83624e-12 9.97262e-12 1.63587e-11 2.5177e-11 3.56028e-11 4.63274e-11 5.55681e-11 6.16171e-11 6.35026e-11 6.13089e-11 5.59585e-11 4.87069e-11 4.07668e-11 3.31058e-11 2.63335e-11 2.06933e-11 1.62069e-11 1.27525e-11 1.01308e-11 8.15166e-12 6.6552e-12 5.51746e-12 4.64849e-12 3.98175e-12 3.46342e-12 3.0443e-12 2.68424e-12 2.35163e-12 2.02844e-12 1.70015e-12 1.35679e-12 9.79699e-13 5.66353e-13 
1.27399e-12 2.12233e-12 2.98788e-12 3.8762e-12 4.82721e-12 5.84313e-12 6.89834e-12 7.94739e-12 8.93923e-12 9.81376e-12 1.05118e-11 1.09738e-11 1.11414e-11 1.09552e-11 1.03606e-11 9.34054e-12 8.0249e-12 7.03061e-12 7.95628e-12 1.19847e-11 1.86274e-11 2.70931e-11 3.63838e-11 4.5094e-11 5.16556e-11 5.48999e-11 5.44841e-11 5.09412e-11 4.53058e-11 3.86854e-11 3.20028e-11 2.58728e-11 2.05953e-11 1.62633e-11 1.28359e-11 1.01797e-11 8.14306e-12 6.58845e-12 5.40003e-12 4.48631e-12 3.78445e-12 3.2446e-12 2.82089e-12 2.47421e-12 2.17039e-12 1.88557e-12 1.60574e-12 1.318e-12 1.00931e-12 6.64433e-13 
1.53243e-12 2.33944e-12 3.15379e-12 4.01925e-12 4.95708e-12 5.9554e-12 6.98015e-12 7.98682e-12 8.92149e-12 9.72833e-12 1.03502e-11 1.07332e-11 1.08255e-11 1.0578e-11 9.96067e-12 9.01828e-12 8.0249e-12 7.82189e-12 9.75514e-12 1.42771e-11 2.08258e-11 2.85759e-11 3.64201e-11 4.30099e-11 4.71255e-11 4.81196e-11 4.613e-11 4.19159e-11 3.64665e-11 3.06816e-11 2.51878e-11 2.03179e-11 1.62069e-11 1.28662e-11 1.02179e-11 8.15138e-12 6.5535e-12 5.32154e-12 4.36908e-12 3.63253e-12 3.06568e-12 2.62756e-12 2.28185e-12 1.99298e-12 1.73692e-12 1.49395e-12 1.25102e-12 9.97643e-13 7.1946e-13 4.13765e-13 
1.04553e-12 1.7587e-12 2.50449e-12 3.28435e-12 4.13412e-12 5.05676e-12 6.03132e-12 7.02253e-12 7.98351e-12 8.86334e-12 9.60982e-12 1.01718e-11 1.05016e-11 1.05556e-11 1.03018e-11 9.74734e-12 9.01828e-12 8.52838e-12 9.16101e-12 1.18066e-11 1.6509e-11 2.268e-11 2.94424e-11 3.56777e-11 4.02284e-11 4.2263e-11 4.15848e-11 3.86409e-11 3.4252e-11 2.9279e-11 2.43753e-11 1.99097e-11 1.6049e-11 1.28359e-11 1.0233e-11 8.16283e-12 6.53962e-12 5.27398e-12 4.28909e-12 3.52179e-12 2.92667e-12 2.46948e-12 2.11419e-12 1.8311e-12 1.59059e-12 1.37444e-12 1.16696e-12 9.56962e-13 7.32299e-13 4.81083e-13 
1.24741e-12 1.92734e-12 2.62876e-12 3.38647e-12 4.22157e-12 5.12531e-12 6.07308e-12 7.02757e-12 7.94397e-12 8.77569e-12 9.47509e-12 9.99756e-12 1.03027e-11 1.03585e-11 1.01551e-11 9.74734e-12 9.34054e-12 9.42868e-12 1.0764e-11 1.38317e-11 1.84604e-11 2.4024e-11 2.96237e-11 3.42309e-11 3.69494e-11 3.73302e-11 3.55171e-11 3.21118e-11 2.78902e-11 2.3524e-11 1.9434e-11 1.58204e-11 1.27525e-11 1.02179e-11 8.16833e-12 6.5352e-12 5.24829e-12 4.23723e-12 3.44429e-12 2.82413e-12 2.34559e-12 1.97607e-12 1.68845e-12 1.4567e-12 1.25759e-12 1.07504e-12 8.98262e-13 7.14859e-13 5.14846e-13 2.94997e-13 
8.38592e-13 1.42389e-12 2.05274e-12 2.72262e-12 3.46365e-12 4.28238e-12 5.16446e-12 6.08255e-12 7.00106e-12 7.87852e-12 8.67263e-12 9.34189e-12 9.84737e-12 1.01579e-11 1.02545e-11 1.01551e-11 9.96067e-12 9.93587e-12 1.05696e-11 1.24096e-11 1.56527e-11 1.99964e-11 2.47816e-11 2.91436e-11 3.22129e-11 3.33894e-11 3.25533e-11 3.00638e-11 2.65615e-11 2.27008e-11 1.89505e-11 1.5563e-11 1.26358e-11 1.01797e-11 8.16283e-12 6.53506e-12 5.23567e-12 4.20616e-12 3.39258e-12 2.75186e-12 2.25255e-12 1.86727e-12 1.57048e-12 1.3384e-12 1.14819e-12 9.83173e-13 8.30427e-13 6.78207e-13 5.18634e-13 3.38951e-13 
9.93862e-13 1.55333e-12 2.14304e-12 2.79182e-12 3.51689e-12 4.31779e-12 5.17578e-12 6.06471e-12 6.95199e-12 7.79926e-12 8.56921e-12 9.22594e-12 9.73781e-12 1.00811e-11 1.02545e-11 1.03018e-11 1.03606e-11 1.07201e-11 1.17995e-11 1.39447e-11 1.71577e-11 2.10478e-11 2.49496e-11 2.80841e-11 2.97921e-11 2.97586e-11 2.81063e-11 2.53013e-11 2.19345e-11 1.85039e-11 1.53171e-11 1.25136e-11 1.01308e-11 8.15138e-12 6.5352e-12 5.2322e-12 4.19065e-12 3.36106e-12 2.70418e-12 2.18692e-12 1.78542e-12 1.47694e-12 1.23909e-12 1.0518e-12 8.96664e-13 7.60029e-13 6.31033e-13 5.01759e-13 3.59998e-13 2.05203e-13 
6.57519e-13 1.12941e-12 1.64629e-12 2.20824e-12 2.83944e-12 3.54943e-12 4.33068e-12 5.16496e-12 6.02869e-12 6.8896e-12 7.71701e-12 8.4777e-12 9.14031e-12 9.68005e-12 1.00811e-11 1.03585e-11 1.0578e-11 1.09e-11 1.15989e-11 1.29953e-11 1.52675e-11 1.82838e-11 2.15993e-11 2.45771e-11 2.65727e-11 2.71508e-11 2.62334e-11 2.40975e-11 2.12285e-11 1.81152e-11 1.51131e-11 1.24152e-11 1.00908e-11 8.14306e-12 6.53962e-12 5.23567e-12 4.18534e-12 3.34469e-12 2.67395e-12 2.14322e-12 1.72733e-12 1.40651e-12 1.16028e-12 9.70614e-13 8.19748e-13 6.92955e-13 5.8057e-13 4.71857e-13 3.59719e-13 2.34457e-13 
7.75725e-13 1.22718e-12 1.71116e-12 2.25281e-12 2.86994e-12 3.56292e-12 4.32488e-12 5.13791e-12 5.98065e-12 6.82567e-12 7.64508e-12 8.41075e-12 9.09537e-12 9.68005e-12 1.01579e-11 1.05556e-11 1.09552e-11 1.15197e-11 1.24838e-11 1.4067e-11 1.63164e-11 1.90084e-11 2.16777e-11 2.3754e-11 2.47537e-11 2.44493e-11 2.29365e-11 2.05669e-11 1.7784e-11 1.49677e-11 1.23624e-11 1.00808e-11 8.15166e-12 6.5535e-12 5.24829e-12 4.19065e-12 3.33906e-12 2.6571e-12 2.11447e-12 1.68779e-12 1.3554e-12 1.09994e-12 9.04345e-13 7.53507e-13 6.32194e-13 5.29511e-13 4.36954e-13 3.44767e-13 2.46624e-13 1.39447e-13 
5.06619e-13 8.78344e-13 1.29474e-12 1.75565e-12 2.28165e-12 2.88362e-12 3.56171e-12 4.3053e-12 5.10154e-12 5.92937e-12 6.76843e-12 7.5912e-12 8.37528e-12 9.09537e-12 9.73781e-12 1.03027e-11 1.08255e-11 1.13939e-11 1.21578e-11 1.33023e-11 1.49538e-11 1.70624e-11 1.93431e-11 2.13426e-11 2.25903e-11 2.27643e-11 2.18079e-11 1.99316e-11 1.74967e-11 1.48814e-11 1.23672e-11 1.01168e-11 8.19202e-12 6.58845e-12 5.27398e-12 4.20616e-12 3.34469e-12 2.65186e-12 2.09931e-12 1.66261e-12 1.32042e-12 1.05631e-12 8.54669e-13 7.00331e-13 5.80482e-13 4.83475e-13 4.0046e-13 3.23056e-13 2.44367e-13 1.58852e-13 
5.94389e-13 9.49891e-13 1.33965e-12 1.78338e-12 2.29622e-12 2.88526e-12 3.54785e-12 4.27788e-12 5.0622e-12 5.88395e-12 6.72493e-12 7.56315e-12 8.37528e-12 9.14031e-12 9.84737e-12 1.05016e-11 1.11414e-11 1.18511e-11 1.27599e-11 1.40008e-11 1.5623e-11 1.75014e-11 1.93211e-11 2.06704e-11 2.11897e-11 2.07091e-11 1.93014e-11 1.7231e-11 1.48399e-11 1.24313e-11 1.02101e-11 8.27732e-12 6.6552e-12 5.32154e-12 4.23723e-12 3.36106e-12 2.6571e-12 2.09519e-12 1.64884e-12 1.29761e-12 1.0256e-12 8.17401e-13 6.58426e-13 5.37411e-13 4.43153e-13 3.6589e-13 2.97834e-13 2.33547e-13 1.66086e-13 9.37158e-14 
3.82678e-13 6.69729e-13 9.99279e-13 1.36866e-12 1.79878e-12 2.29995e-12 2.87646e-12 3.52786e-12 4.24712e-12 5.02569e-12 5.84989e-12 6.70226e-12 7.56315e-12 8.41075e-12 9.22594e-12 9.99756e-12 1.07332e-11 1.1471e-11 1.22855e-11 1.32823e-11 1.45462e-11 1.60611e-11 1.76482e-11 1.89884e-11 1.97328e-11 1.96377e-11 1.86625e-11 1.69637e-11 1.48242e-11 1.25444e-11 1.03615e-11 8.41763e-12 6.76457e-12 5.40003e-12 4.28909e-12 3.39258e-12 2.67395e-12 2.09931e-12 1.64405e-12 1.2859e-12 1.00667e-12 7.91642e-13 6.27369e-13 5.03981e-13 4.0902e-13 3.34769e-13 2.73418e-13 2.18272e-13 1.63924e-13 1.0622e-13 
4.46828e-13 7.23104e-13 1.03015e-12 1.38565e-12 1.80468e-12 2.29562e-12 2.86251e-12 3.50507e-12 4.21948e-12 4.99904e-12 5.83176e-12 6.70226e-12 7.5912e-12 8.4777e-12 9.34189e-12 1.01718e-11 1.09738e-11 1.1782e-11 1.2662e-11 1.36946e-11 1.49202e-11 1.6268e-11 1.75244e-11 1.83898e-11 1.85917e-11 1.79997e-11 1.66692e-11 1.48079e-11 1.26888e-11 1.05659e-11 8.61546e-12 6.92592e-12 5.51746e-12 4.36908e-12 3.44429e-12 2.70418e-12 2.11447e-12 1.64884e-12 1.28206e-12 9.96019e-13 7.74733e-13 6.06468e-13 4.79023e-13 3.8213e-13 3.08434e-13 2.50266e-13 2.01778e-13 1.56371e-13 1.10525e-13 6.19976e-14 
2.8447e-13 5.02914e-13 7.5813e-13 1.04942e-12 1.39371e-12 1.80326e-12 2.28628e-12 2.84542e-12 3.48393e-12 4.19839e-12 4.98488e-12 5.83176e-12 6.72493e-12 7.64508e-12 8.56921e-12 9.47509e-12 1.03502e-11 1.11976e-11 1.20471e-11 1.2956e-11 1.39799e-11 1.51164e-11 1.62504e-11 1.71544e-11 1.7567e-11 1.73019e-11 1.63254e-11 1.47626e-11 1.28402e-11 1.08078e-11 8.86835e-12 7.14327e-12 5.68431e-12 4.48631e-12 3.52179e-12 2.75186e-12 2.14322e-12 1.66261e-12 1.2859e-12 9.92243e-13 7.6507e-13 5.92384e-13 4.61172e-13 3.62322e-13 2.87945e-13 2.31514e-13 1.85389e-13 1.46574e-13 1.09496e-13 7.05722e-14 
3.31113e-13 5.41547e-13 7.79327e-13 1.05951e-12 1.39527e-12 1.79786e-12 2.27429e-12 2.83009e-12 3.46744e-12 4.18774e-12 4.98488e-12 5.84989e-12 6.76843e-12 7.71701e-12 8.67263e-12 9.60982e-12 1.05118e-11 1.13809e-11 1.22452e-11 1.31507e-11 1.41275e-11 1.51322e-11 1.60179e-11 1.65633e-11 1.6562e-11 1.5912e-11 1.46576e-11 1.2967e-11 1.10635e-11 9.16223e-12 7.41569e-12 5.90353e-12 4.64849e-12 3.63253e-12 2.82413e-12 2.18692e-12 1.68779e-12 1.29761e-12 9.96019e-13 7.6219e-13 5.84534e-13 4.49019e-13 3.47495e-13 2.7233e-13 2.15487e-13 1.7128e-13 1.35782e-13 1.04254e-13 7.29711e-14 4.12481e-14 
2.08983e-13 3.7194e-13 5.66003e-13 7.91145e-13 1.06304e-12 1.39298e-12 1.79023e-12 2.26311e-12 2.81812e-12 3.45901e-12 4.18774e-12 4.99904e-12 5.88395e-12 6.82567e-12 7.79926e-12 8.77569e-12 9.72833e-12 1.06375e-11 1.15072e-11 1.23619e-11 1.32375e-11 1.41329e-11 1.49702e-11 1.55849e-11 1.57818e-11 1.54192e-11 1.44709e-11 1.30372e-11 1.13034e-11 9.47722e-12 7.73194e-12 6.17666e-12 4.86028e-12 3.78445e-12 2.92667e-12 2.25255e-12 1.72733e-12 1.32042e-12 1.00667e-12 7.6507e-13 5.81671e-13 4.42971e-13 3.38137e-13 2.60501e-13 2.03112e-13 1.59606e-13 1.26132e-13 9.79264e-14 7.21293e-14 4.59189e-14 
2.42671e-13 3.99035e-13 5.80941e-13 7.982e-13 1.06374e-12 1.38879e-12 1.78318e-12 2.25462e-12 2.81144e-12 3.45901e-12 4.19839e-12 5.02569e-12 5.92937e-12 6.8896e-12 7.87852e-12 8.86334e-12 9.81376e-12 1.07125e-11 1.15636e-11 1.23901e-11 1.32107e-11 1.39946e-11 1.46356e-11 1.49703e-11 1.48457e-11 1.41848e-11 1.30231e-11 1.14951e-11 9.78516e-12 8.07337e-12 6.49305e-12 5.12073e-12 3.98175e-12 3.06568e-12 2.34559e-12 1.78542e-12 1.3554e-12 1.0256e-12 7.74733e-13 5.84534e-13 4.40121e-13 3.33024e-13 2.53066e-13 1.94263e-13 1.50412e-13 1.16873e-13 9.16623e-14 6.91683e-14 4.83904e-14 2.64809e-14 
1.51398e-13 2.71802e-13 4.1651e-13 5.8926e-13 7.99767e-13 1.0619e-12 1.38391e-12 1.77703e-12 2.25008e-12 2.81144e-12 3.46744e-12 4.21948e-12 5.0622e-12 5.98065e-12 6.95199e-12 7.94397e-12 8.92149e-12 9.85377e-12 1.07262e-11 1.15444e-11 1.23265e-11 1.30691e-11 1.37128e-11 1.41386e-11 1.42013e-11 1.37961e-11 1.29045e-11 1.1608e-11 1.00539e-11 8.41487e-12 6.83788e-12 5.42378e-12 4.22322e-12 3.2446e-12 2.46948e-12 1.86727e-12 1.40651e-12 1.05631e-12 7.91642e-13 5.92384e-13 4.42971e-13 3.31056e-13 2.48894e-13 1.87879e-13 1.43642e-13 1.10801e-13 8.56204e-14 6.52345e-14 4.77325e-14 3.02057e-14 
1.75117e-13 2.91124e-13 4.2738e-13 5.93101e-13 7.9993e-13 1.05886e-12 1.37969e-12 1.77314e-12 2.25008e-12 2.81812e-12 3.48393e-12 4.24712e-12 5.10154e-12 6.02869e-12 7.00106e-12 7.98351e-12 8.93923e-12 9.8396e-12 1.06735e-11 1.1448e-11 1.21692e-11 1.28109e-11 1.32935e-11 1.3497e-11 1.33088e-11 1.26725e-11 1.16186e-11 1.02528e-11 8.72644e-12 7.18769e-12 5.75568e-12 4.50446e-12 3.46342e-12 2.62756e-12 1.97607e-12 1.47694e-12 1.09994e-12 8.17401e-13 6.06468e-13 4.49019e-13 3.33024e-13 2.46944e-13 1.84656e-13 1.39181e-13 1.05193e-13 8.08016e-14 6.14137e-14 4.60256e-14 3.17877e-14 1.76456e-14 
1.08858e-13 1.95587e-13 3.02932e-13 4.32925e-13 5.94785e-13 7.9922e-13 1.05704e-12 1.37767e-12 1.77314e-12 2.25462e-12 2.83009e-12 3.50507e-12 4.27788e-12 5.13791e-12 6.06471e-12 7.02757e-12 7.98682e-12 8.90793e-12 9.76593e-12 1.05536e-11 1.12745e-11 1.19182e-11 1.24383e-11 1.27452e-11 1.27334e-11 1.23268e-11 1.15127e-11 1.03564e-11 8.97694e-12 7.51355e-12 6.09479e-12 4.81265e-12 3.71652e-12 2.82089e-12 2.11419e-12 1.57048e-12 1.16028e-12 8.54669e-13 6.27369e-13 4.61172e-13 3.38137e-13 2.48894e-13 1.83596e-13 1.36038e-13 1.01777e-13 7.72121e-14 5.86967e-14 4.3416e-14 3.13034e-14 1.94537e-14 
1.24884e-13 2.09447e-13 3.10441e-13 4.35518e-13 5.94904e-13 7.9828e-13 1.05526e-12 1.37767e-12 1.77703e-12 2.26311e-12 2.84542e-12 3.52786e-12 4.3053e-12 5.16496e-12 6.08255e-12 7.02253e-12 7.94739e-12 8.82493e-12 9.63388e-12 1.03679e-11 1.10231e-11 1.15727e-11 1.19554e-11 1.20823e-11 1.18721e-11 1.12852e-11 1.03467e-11 9.14146e-12 7.78933e-12 6.41737e-12 5.12892e-12 3.99369e-12 3.0443e-12 2.28185e-12 1.68845e-12 1.23909e-12 9.04345e-13 6.58426e-13 4.79023e-13 3.47495e-13 2.53066e-13 1.84656e-13 1.35002e-13 9.95903e-14 7.39406e-14 5.53087e-14 4.18428e-14 3.0783e-14 2.1119e-14 1.17701e-14 
7.66311e-14 1.40033e-13 2.18157e-13 3.14181e-13 4.37695e-13 5.9511e-13 7.97859e-13 1.05526e-12 1.37969e-12 1.78318e-12 2.27429e-12 2.86251e-12 3.54785e-12 4.32488e-12 5.17578e-12 6.07308e-12 6.98015e-12 7.86218e-12 8.68843e-12 9.44354e-12 1.0117e-11 1.06946e-11 1.1134e-11 1.13693e-11 1.13225e-11 1.09398e-11 1.02152e-11 9.199e-12 7.98801e-12 6.69654e-12 5.43318e-12 4.28071e-12 3.2883e-12 2.47421e-12 1.8311e-12 1.3384e-12 9.70614e-13 7.00331e-13 5.03981e-13 3.62322e-13 2.60501e-13 1.87879e-13 1.36038e-13 9.94502e-14 7.2708e-14 5.39375e-14 4.04128e-14 2.93795e-14 2.07772e-14 1.26393e-14 
8.84026e-14 1.49121e-13 2.23217e-13 3.16717e-13 4.37344e-13 5.95252e-13 7.97859e-13 1.05704e-12 1.38391e-12 1.79023e-12 2.28628e-12 2.87646e-12 3.56171e-12 4.33068e-12 5.16446e-12 6.03132e-12 6.89834e-12 7.72946e-12 8.50142e-12 9.19677e-12 9.80148e-12 1.02883e-11 1.06072e-11 1.06928e-11 1.04865e-11 9.96174e-12 9.14074e-12 8.09037e-12 6.90945e-12 5.70094e-12 4.55754e-12 3.5405e-12 2.68424e-12 1.99298e-12 1.4567e-12 1.0518e-12 7.53507e-13 5.37411e-13 3.8213e-13 2.7233e-13 1.94263e-13 1.39181e-13 9.95903e-14 7.25925e-14 5.27731e-14 3.91442e-14 2.80819e-14 2.04395e-14 1.3419e-14 7.8593e-15 
5.4779e-14 9.89379e-14 1.55616e-13 2.26254e-13 3.17862e-13 4.38155e-13 5.95252e-13 7.9828e-13 1.05886e-12 1.38879e-12 1.79786e-12 2.29562e-12 2.88526e-12 3.56292e-12 4.31779e-12 5.12531e-12 5.9554e-12 6.77446e-12 7.55171e-12 8.26529e-12 8.89603e-12 9.4214e-12 9.80635e-12 9.9969e-12 9.93877e-12 9.59401e-12 8.96169e-12 8.08346e-12 7.03577e-12 5.91224e-12 4.80515e-12 3.78559e-12 2.90136e-12 2.17039e-12 1.59059e-12 1.14819e-12 8.19748e-13 5.80482e-13 4.0902e-13 2.87945e-13 2.03112e-13 1.43642e-13 1.01777e-13 7.2708e-14 5.26805e-14 3.80367e-14 2.78025e-14 2.01516e-14 1.41445e-14 8.76043e-15 
6.20576e-14 1.05043e-13 1.59251e-13 2.28046e-13 3.18461e-13 4.38155e-13 5.9511e-13 7.9922e-13 1.0619e-12 1.39298e-12 1.80326e-12 2.29995e-12 2.88362e-12 3.54943e-12 4.28238e-12 5.05676e-12 5.84313e-12 6.61074e-12 7.33054e-12 7.98112e-12 8.53967e-12 8.97747e-12 9.25153e-12 9.31417e-12 9.12491e-12 8.6675e-12 7.96165e-12 7.06181e-12 6.04709e-12 5.00296e-12 4.00537e-12 3.11115e-12 2.35163e-12 1.73692e-12 1.25759e-12 8.96664e-13 6.32194e-13 4.43153e-13 3.08434e-13 2.15487e-13 1.50412e-13 1.05193e-13 7.39406e-14 5.27731e-14 3.79641e-14 2.67412e-14 1.9937e-14 1.39334e-14 9.59421e-15 4.92499e-15 
3.76056e-14 6.88053e-14 1.09341e-13 1.608e-13 2.28485e-13 3.18461e-13 4.37344e-13 5.94904e-13 7.9993e-13 1.06374e-12 1.39527e-12 1.80468e-12 2.29622e-12 2.86994e-12 3.51689e-12 4.22157e-12 4.95708e-12 5.69623e-12 6.40843e-12 7.06787e-12 7.651e-12 8.12937e-12 8.46921e-12 8.63029e-12 8.57129e-12 8.26989e-12 7.72941e-12 6.98275e-12 6.09252e-12 5.13456e-12 4.1826e-12 3.30004e-12 2.52787e-12 1.88557e-12 1.37444e-12 9.83173e-13 6.92955e-13 4.83475e-13 3.34769e-13 2.31514e-13 1.59606e-13 1.10801e-13 7.72121e-14 5.39375e-14 3.80367e-14 2.66861e-14 1.89051e-14 1.37718e-14 9.4479e-15 5.857e-15 
4.31329e-14 7.38174e-14 1.11656e-13 1.62081e-13 2.28485e-13 3.17862e-13 4.37695e-13 5.94785e-13 7.99767e-13 1.06304e-12 1.39371e-12 1.79878e-12 2.28165e-12 2.83944e-12 3.46365e-12 4.13412e-12 4.82721e-12 5.51432e-12 6.16966e-12 6.76464e-12 7.27252e-12 7.66392e-12 7.9019e-12 7.95116e-12 7.78407e-12 7.39356e-12 6.79759e-12 6.0404e-12 5.18534e-12 4.30188e-12 3.45232e-12 2.68438e-12 2.02844e-12 1.49395e-12 1.07504e-12 7.60029e-13 5.29511e-13 3.6589e-13 2.50266e-13 1.7128e-13 1.16873e-13 8.08016e-14 5.53087e-14 3.91442e-14 2.67412e-14 1.88627e-14 1.36713e-14 9.32774e-15 6.74002e-15 2.96511e-15 
2.61235e-14 4.79516e-14 7.59734e-14 1.1284e-13 1.62081e-13 2.28046e-13 3.16717e-13 4.35518e-13 5.93101e-13 7.982e-13 1.05951e-12 1.38565e-12 1.78338e-12 2.25281e-12 2.79182e-12 3.38647e-12 4.01925e-12 4.66555e-12 5.29992e-12 5.89355e-12 6.41851e-12 6.84701e-12 7.14508e-12 7.28038e-12 7.22666e-12 6.96805e-12 6.51268e-12 5.89004e-12 5.14886e-12 4.35005e-12 3.55276e-12 2.80887e-12 2.15338e-12 1.60574e-12 1.16696e-12 8.30427e-13 5.8057e-13 4.0046e-13 2.73418e-13 1.85389e-13 1.26132e-13 8.56204e-14 5.86967e-14 4.04128e-14 2.78025e-14 1.89051e-14 1.36371e-14 9.25024e-15 6.64983e-15 3.92119e-15 
2.9822e-14 5.09351e-14 7.70787e-14 1.1284e-13 1.608e-13 2.26254e-13 3.14181e-13 4.32925e-13 5.8926e-13 7.91145e-13 1.04942e-12 1.36866e-12 1.75565e-12 2.20824e-12 2.72262e-12 3.28435e-12 3.8762e-12 4.4729e-12 5.04956e-12 5.57797e-12 6.02859e-12 6.37065e-12 6.57366e-12 6.61187e-12 6.46724e-12 6.13939e-12 5.64461e-12 5.0213e-12 4.31799e-12 3.58987e-12 2.88731e-12 2.24958e-12 1.70015e-12 1.25102e-12 8.98262e-13 6.31033e-13 4.36954e-13 2.97834e-13 2.01778e-13 1.35782e-13 9.16623e-14 6.14137e-14 4.18428e-14 2.80819e-14 1.9937e-14 1.36713e-14 9.22334e-15 6.58636e-15 3.87361e-15 1.98378e-15 
1.84512e-14 3.27011e-14 5.19767e-14 7.70787e-14 1.11656e-13 1.59251e-13 2.23217e-13 3.10441e-13 4.2738e-13 5.80941e-13 7.79327e-13 1.03015e-12 1.33965e-12 1.71116e-12 2.14304e-12 2.62876e-12 3.15379e-12 3.7002e-12 4.24473e-12 4.75977e-12 5.21758e-12 5.58744e-12 5.8419e-12 5.95333e-12 5.90329e-12 5.68545e-12 5.3098e-12 4.80168e-12 4.1998e-12 3.55291e-12 2.90709e-12 2.30223e-12 1.76777e-12 1.318e-12 9.56962e-13 6.78207e-13 4.71857e-13 3.23056e-13 2.18272e-13 1.46574e-13 9.79264e-14 6.52345e-14 4.3416e-14 2.93795e-14 2.01516e-14 1.37718e-14 9.25024e-15 6.56334e-15 4.79177e-15 2.95461e-15 
2.02808e-14 3.46525e-14 5.19767e-14 7.59734e-14 1.09341e-13 1.55616e-13 2.18157e-13 3.02932e-13 4.1651e-13 5.66003e-13 7.5813e-13 9.99279e-13 1.29474e-12 1.64629e-12 2.05274e-12 2.50449e-12 2.98788e-12 3.48485e-12 3.97033e-12 4.4188e-12 4.80135e-12 5.08911e-12 5.25638e-12 5.28287e-12 5.15955e-12 4.88913e-12 4.49022e-12 3.99186e-12 3.43282e-12 2.85578e-12 2.29945e-12 1.79287e-12 1.35679e-12 9.97643e-13 7.14859e-13 5.01759e-13 3.44767e-13 2.33547e-13 1.56371e-13 1.04254e-13 6.91683e-14 4.60256e-14 3.0783e-14 2.04395e-14 1.39334e-14 9.32774e-15 6.58636e-15 4.77184e-15 2.9266e-15 9.94488e-16 
1.26824e-14 2.2195e-14 3.46525e-14 5.09351e-14 7.38174e-14 1.05043e-13 1.49121e-13 2.09447e-13 2.91124e-13 3.99035e-13 5.41547e-13 7.23104e-13 9.49891e-13 1.22718e-12 1.55333e-12 1.92734e-12 2.33944e-12 2.77512e-12 3.21599e-12 3.63771e-12 4.0133e-12 4.31695e-12 4.52177e-12 4.60784e-12 4.56263e-12 4.38502e-12 4.08562e-12 3.68687e-12 3.22073e-12 2.72254e-12 2.22676e-12 1.76408e-12 1.35451e-12 1.00931e-12 7.32299e-13 5.18634e-13 3.59719e-13 2.44367e-13 1.63924e-13 1.09496e-13 7.21293e-14 4.77325e-14 3.13034e-14 2.07772e-14 1.41445e-14 9.4479e-15 6.64983e-15 4.79177e-15 2.91354e-15 1.97841e-15 
1.36006e-14 2.2195e-14 3.27011e-14 4.79516e-14 6.88053e-14 9.89379e-14 1.40033e-13 1.95587e-13 2.71802e-13 3.7194e-13 5.02914e-13 6.69729e-13 8.78344e-13 1.12941e-12 1.42389e-12 1.7587e-12 2.12233e-12 2.50215e-12 2.87878e-12 3.22844e-12 3.52674e-12 3.74888e-12 3.87547e-12 3.89161e-12 3.79196e-12 3.58266e-12 3.27967e-12 2.90696e-12 2.4932e-12 2.07087e-12 1.66434e-12 1.29696e-12 9.79699e-13 7.1946e-13 5.14846e-13 3.59998e-13 2.46624e-13 1.66086e-13 1.10525e-13 7.29711e-14 4.83904e-14 3.17877e-14 2.1119e-14 1.3419e-14 9.59421e-15 6.74002e-15 3.87361e-15 2.9266e-15 1.97102e-15 9.95808e-16 
7.86061e-15 1.36006e-14 2.02808e-14 2.9822e-14 4.31329e-14 6.20576e-14 8.84026e-14 1.24884e-13 1.75117e-13 2.42671e-13 3.31113e-13 4.46828e-13 5.94389e-13 7.75725e-13 9.93862e-13 1.24741e-12 1.53243e-12 1.83775e-12 2.15041e-12 2.4518e-12 2.72201e-12 2.93962e-12 3.0833e-12 3.14031e-12 3.10288e-12 2.97242e-12 2.75808e-12 2.47817e-12 2.15476e-12 1.81471e-12 1.4789e-12 1.16779e-12 8.94299e-13 6.64433e-13 4.81083e-13 3.38951e-13 2.34457e-13 1.58852e-13 1.0622e-13 7.05722e-14 4.59189e-14 3.02057e-14 1.94537e-14 1.26393e-14 8.76043e-15 5.857e-15 3.92119e-15 2.95461e-15 1.97841e-15 9.94269e-16 
7.86061e-15 1.26824e-14 1.84512e-14 2.61235e-14 3.76056e-14 5.4779e-14 7.66311e-14 1.08858e-13 1.51398e-13 2.08983e-13 2.8447e-13 3.82678e-13 5.06619e-13 6.57519e-13 8.38592e-13 1.04553e-12 1.27399e-12 1.51481e-12 1.75384e-12 1.97665e-12 2.16565e-12 2.30383e-12 2.37782e-12 2.37985e-12 2.30699e-12 2.16719e-12 1.9696e-12 1.73354e-12 1.4767e-12 1.21807e-12 9.72884e-13 7.5351e-13 5.66353e-13 4.13765e-13 2.94997e-13 2.05203e-13 1.39447e-13 9.37158e-14 6.19976e-14 4.12481e-14 2.64809e-14 1.76456e-14 1.17701e-14 7.8593e-15 4.92499e-15 2.96511e-15 1.98378e-15 9.94488e-16 9.95808e-16 0 
