1 100 50
2.08419e-13 3.38501e-13 5.16375e-13 8.00276e-13 1.27835e-12 2.09798e-12 3.51578e-12 5.98211e-12 1.02848e-11 1.777e-11 3.0661e-11 5.24287e-11 8.81295e-11 1.44537e-10 2.29835e-10 3.52635e-10 5.20237e-10 7.36335e-10 9.98715e-10 1.29777e-09 1.61661e-09 1.93293e-09 2.22227e-09 2.46158e-09 2.63223e-09 2.72197e-09 2.72571e-09 2.64541e-09 2.48938e-09 2.27107e-09 2.00771e-09 1.71859e-09 1.42326e-09 1.1396e-09 8.81992e-10 6.60084e-10 4.78268e-10 3.36177e-10 2.29894e-10 1.535e-10 1.00486e-10 6.47863e-11 4.13278e-11 2.62011e-11 1.65739e-11 1.04934e-11 6.65686e-12 4.21649e-12 2.63054e-12 1.5331e-12 
3.54107e-13 5.57833e-13 8.6331e-13 1.3725e-12 2.25028e-12 3.77683e-12 6.43757e-12 1.10715e-11 1.91185e-11 3.29736e-11 5.64308e-11 9.51481e-11 1.56983e-10 2.51972e-10 3.91736e-10 5.88036e-10 8.50351e-10 1.18261e-09 1.57982e-09 2.02581e-09 2.49355e-09 2.94826e-09 3.35285e-09 3.67362e-09 3.88485e-09 3.97135e-09 3.9292e-09 3.76505e-09 3.49472e-09 3.14117e-09 2.73224e-09 2.29792e-09 1.86732e-09 1.46557e-09 1.11121e-09 8.14755e-10 5.78775e-10 3.9941e-10 2.68693e-10 1.7693e-10 1.14559e-10 7.32843e-11 4.65348e-11 2.94575e-11 1.86551e-11 1.18474e-11 7.54182e-12 4.77757e-12 2.92438e-12 1.5331e-12 
3.38501e-13 5.77386e-13 9.01631e-13 1.41164e-12 2.28263e-12 3.8092e-12 6.48703e-12 1.11769e-11 1.93629e-11 3.35448e-11 5.77531e-11 9.81438e-11 1.63542e-10 2.65774e-10 4.19614e-10 6.42072e-10 9.505e-10 1.35889e-09 1.87228e-09 2.48063e-09 3.15513e-09 3.84928e-09 4.50563e-09 5.06569e-09 5.47973e-09 5.71353e-09 5.75136e-09 5.59573e-09 5.26531e-09 4.79166e-09 4.21564e-09 3.58315e-09 2.94037e-09 2.32873e-09 1.78036e-09 1.31522e-09 9.40561e-10 6.52877e-10 4.41394e-10 2.91838e-10 1.8957e-10 1.21566e-10 7.73351e-11 4.90234e-11 3.10866e-11 1.97753e-11 1.2634e-11 8.08003e-12 5.0842e-12 2.92438e-12 
5.57833e-13 9.12423e-13 1.41072e-12 2.22721e-12 3.65164e-12 6.17158e-12 1.0621e-11 1.84527e-11 3.21548e-11 5.58367e-11 9.59402e-11 1.6197e-10 2.67101e-10 4.286e-10 6.68008e-10 1.01068e-09 1.4833e-09 2.10749e-09 2.88942e-09 3.80874e-09 4.81314e-09 5.82263e-09 6.74337e-09 7.48569e-09 7.97973e-09 8.18459e-09 8.09065e-09 7.71683e-09 7.10538e-09 6.31558e-09 5.41678e-09 4.48084e-09 3.57405e-09 2.74959e-09 2.04236e-09 1.46749e-09 1.02276e-09 6.9381e-10 4.60008e-10 2.99475e-10 1.92387e-10 1.22567e-10 7.78003e-11 4.94033e-11 3.14804e-11 2.01688e-11 1.29785e-11 8.30938e-12 5.0842e-12 2.63054e-12 
5.16375e-13 9.01631e-13 1.40719e-12 2.16146e-12 3.43885e-12 5.70186e-12 9.7306e-12 1.68841e-11 2.95349e-11 5.17164e-11 8.99564e-11 1.54213e-10 2.58739e-10 4.22781e-10 6.71347e-10 1.03623e-09 1.55632e-09 2.27378e-09 3.22199e-09 4.40598e-09 5.78393e-09 7.26107e-09 8.70186e-09 9.95685e-09 1.08935e-08 1.14199e-08 1.14954e-08 1.11302e-08 1.03769e-08 9.32025e-09 8.06437e-09 6.72058e-09 5.39399e-09 4.17127e-09 3.11159e-09 2.24348e-09 1.56788e-09 1.06588e-09 7.07854e-10 4.61399e-10 2.96697e-10 1.89184e-10 1.20198e-10 7.64179e-11 4.87752e-11 3.13228e-11 2.02457e-11 1.31054e-11 8.30938e-12 4.77757e-12 
8.6331e-13 1.41072e-12 2.13479e-12 3.27028e-12 5.24436e-12 8.77255e-12 1.50837e-11 2.63512e-11 4.63739e-11 8.15321e-11 1.41961e-10 2.42734e-10 4.04863e-10 6.56217e-10 1.03318e-09 1.5836e-09 2.36846e-09 3.45454e-09 4.89104e-09 6.67461e-09 8.72098e-09 1.0862e-08 1.28738e-08 1.45259e-08 1.56311e-08 1.60789e-08 1.58459e-08 1.49873e-08 1.36189e-08 1.18957e-08 9.98965e-09 8.06721e-09 6.2689e-09 4.69391e-09 3.39382e-09 2.37653e-09 1.61777e-09 1.07523e-09 7.01164e-10 4.50977e-10 2.87621e-10 1.82818e-10 1.16325e-10 7.43523e-11 4.78499e-11 3.10339e-11 2.0237e-11 1.31054e-11 8.08003e-12 4.21649e-12 
8.00276e-13 1.41164e-12 2.16146e-12 3.20796e-12 4.92015e-12 7.94671e-12 1.33813e-11 2.31466e-11 4.06792e-11 7.19629e-11 1.26931e-10 2.21068e-10 3.769e-10 6.25131e-10 1.0061e-09 1.57341e-09 2.40048e-09 3.58374e-09 5.22706e-09 7.39732e-09 1.00658e-08 1.30691e-08 1.61176e-08 1.88524e-08 2.09302e-08 2.21011e-08 2.22524e-08 2.14121e-08 1.97255e-08 1.74174e-08 1.47515e-08 1.19918e-08 9.3657e-09 7.03881e-09 5.10253e-09 3.57904e-09 2.43855e-09 1.62123e-09 1.05709e-09 6.79663e-10 4.3332e-10 2.75403e-10 1.75308e-10 1.12175e-10 7.23308e-11 4.70476e-11 3.08415e-11 2.0237e-11 1.29785e-11 7.54182e-12 
1.3725e-12 2.22721e-12 3.27028e-12 4.80361e-12 7.39376e-12 1.20094e-11 2.03195e-11 3.53233e-11 6.23962e-11 1.10855e-10 1.95971e-10 3.41159e-10 5.79796e-10 9.56614e-10 1.53032e-09 2.38108e-09 3.62311e-09 5.408e-09 7.89147e-09 1.11533e-08 1.51053e-08 1.94448e-08 2.3688e-08 2.7278e-08 2.97245e-08 3.07192e-08 3.01881e-08 2.82766e-08 2.5293e-08 2.16361e-08 1.77219e-08 1.39192e-08 1.05038e-08 7.63558e-09 5.365e-09 3.65844e-09 2.43255e-09 1.58545e-09 1.01867e-09 6.4897e-10 4.12254e-10 2.62422e-10 1.68049e-10 1.0854e-10 7.07891e-11 4.65977e-11 3.08415e-11 2.02457e-11 1.2634e-11 6.65686e-12 
1.27835e-12 2.28263e-12 3.43885e-12 4.92015e-12 7.19824e-12 1.11227e-11 1.81386e-11 3.07984e-11 5.37496e-11 9.53366e-11 1.69914e-10 3.00746e-10 5.22956e-10 8.85763e-10 1.45436e-09 2.31496e-09 3.58918e-09 5.45519e-09 8.14662e-09 1.18847e-08 1.67423e-08 2.25099e-08 2.86504e-08 3.43832e-08 3.88751e-08 4.14616e-08 4.18115e-08 3.99765e-08 3.63318e-08 3.1457e-08 2.60002e-08 2.05577e-08 1.55878e-08 1.13688e-08 8.00474e-09 5.46437e-09 3.63427e-09 2.36778e-09 1.52011e-09 9.67532e-10 6.1415e-10 3.90835e-10 2.50405e-10 1.61969e-10 1.059e-10 6.99667e-11 4.65977e-11 3.10339e-11 2.01688e-11 1.18474e-11 
2.25028e-12 3.65164e-12 5.24436e-12 7.39376e-12 1.08169e-11 1.67696e-11 2.74144e-11 4.66535e-11 8.16528e-11 1.45249e-10 2.59369e-10 4.59167e-10 7.96993e-10 1.3452e-09 2.19906e-09 3.48643e-09 5.39334e-09 8.19533e-09 1.22402e-08 1.78188e-08 2.49488e-08 3.31942e-08 4.16429e-08 4.90828e-08 5.43216e-08 5.65251e-08 5.54368e-08 5.13949e-08 4.51767e-08 3.7762e-08 3.01041e-08 2.29618e-08 1.68167e-08 1.18733e-08 8.11837e-09 5.40309e-09 3.51996e-09 2.25844e-09 1.43621e-09 9.10917e-10 5.79465e-10 3.71385e-10 2.40539e-10 1.57649e-10 1.04522e-10 6.99667e-11 4.70476e-11 3.13228e-11 1.97753e-11 1.04934e-11 
2.09798e-12 3.8092e-12 5.70186e-12 7.94671e-12 1.11227e-11 1.63037e-11 2.53365e-11 4.14663e-11 7.06495e-11 1.2385e-10 2.20652e-10 3.94257e-10 6.97375e-10 1.20756e-09 2.0309e-09 3.30699e-09 5.22689e-09 8.07497e-09 1.22677e-08 1.82969e-08 2.65012e-08 3.67453e-08 4.8202e-08 5.93936e-08 6.85218e-08 7.3981e-08 7.48476e-08 7.11445e-08 6.37523e-08 5.40616e-08 4.35552e-08 3.34761e-08 2.46511e-08 1.7471e-08 1.19757e-08 7.98172e-09 5.20269e-09 3.33766e-09 2.12138e-09 1.34467e-09 8.55124e-10 5.48251e-10 3.55555e-10 2.33592e-10 1.55416e-10 1.04522e-10 7.07891e-11 4.78499e-11 3.14804e-11 1.86551e-11 
3.77683e-12 6.17158e-12 8.77255e-12 1.20094e-11 1.67696e-11 2.46369e-11 3.83355e-11 6.27449e-11 1.06902e-10 1.87455e-10 3.33998e-10 5.96361e-10 1.05291e-09 1.81776e-09 3.04585e-09 4.94208e-09 7.79231e-09 1.20254e-08 1.82465e-08 2.70994e-08 3.8895e-08 5.31726e-08 6.84804e-08 8.25522e-08 9.28757e-08 9.74707e-08 9.55478e-08 8.7752e-08 7.58265e-08 6.19499e-08 4.8103e-08 3.5686e-08 2.54277e-08 1.74959e-08 1.16906e-08 7.6317e-09 4.89921e-09 3.1142e-09 1.9737e-09 1.25518e-09 8.05208e-10 5.22962e-10 3.4445e-10 2.30014e-10 1.55416e-10 1.059e-10 7.23308e-11 4.87752e-11 3.10866e-11 1.65739e-11 
3.51578e-12 6.48703e-12 9.7306e-12 1.33813e-11 1.81386e-11 2.53365e-11 3.72921e-11 5.80397e-11 9.48975e-11 1.61485e-10 2.82838e-10 5.03241e-10 8.96713e-10 1.57862e-09 2.71543e-09 4.53216e-09 7.32866e-09 1.1529e-08 1.77603e-08 2.6848e-08 3.95383e-08 5.59434e-08 7.50113e-08 9.43886e-08 1.10836e-07 1.21129e-07 1.23145e-07 1.16638e-07 1.03303e-07 8.60083e-08 6.77327e-08 5.07751e-08 3.64587e-08 2.52293e-08 1.69281e-08 1.1083e-08 7.12806e-09 4.53591e-09 2.87664e-09 1.83058e-09 1.17557e-09 7.6491e-10 5.05263e-10 3.38741e-10 2.30014e-10 1.57649e-10 1.0854e-10 7.43523e-11 4.94033e-11 2.94575e-11 
6.43757e-12 1.0621e-11 1.50837e-11 2.03195e-11 2.74144e-11 3.83355e-11 5.64842e-11 8.7834e-11 1.43313e-10 2.4326e-10 4.24932e-10 7.53832e-10 1.3386e-09 2.34703e-09 4.01919e-09 6.6788e-09 1.07601e-08 1.68768e-08 2.58974e-08 3.88395e-08 5.63835e-08 7.81383e-08 1.02123e-07 1.24866e-07 1.42177e-07 1.50408e-07 1.4778e-07 1.35085e-07 1.15384e-07 9.26866e-08 7.05315e-08 5.12191e-08 3.57474e-08 2.41422e-08 1.58837e-08 1.02523e-08 6.5405e-09 4.15559e-09 2.64869e-09 1.70407e-09 1.11156e-09 7.36777e-10 4.96173e-10 3.38741e-10 2.33592e-10 1.61969e-10 1.12175e-10 7.64179e-11 4.90234e-11 2.62011e-11 
5.98211e-12 1.11769e-11 1.68841e-11 2.31466e-11 3.07984e-11 4.14663e-11 5.80397e-11 8.5514e-11 1.32726e-10 2.15865e-10 3.64991e-10 6.34862e-10 1.12105e-09 1.9807e-09 3.45407e-09 5.88213e-09 9.72319e-09 1.55916e-08 2.43338e-08 3.70454e-08 5.47726e-08 7.77748e-08 1.04723e-07 1.32433e-07 1.56412e-07 1.72005e-07 1.75799e-07 1.6692e-07 1.47466e-07 1.21802e-07 9.4737e-08 6.99613e-08 4.94613e-08 3.37395e-08 2.23714e-08 1.45266e-08 9.30973e-09 5.93601e-09 3.79483e-09 2.44875e-09 1.60287e-09 1.06701e-09 7.2235e-10 4.96173e-10 3.4445e-10 2.40539e-10 1.68049e-10 1.16325e-10 7.78003e-11 4.65348e-11 
1.10715e-11 1.84527e-11 2.63512e-11 3.53233e-11 4.66535e-11 6.27449e-11 8.7834e-11 1.29268e-10 2.00046e-10 3.23926e-10 5.44766e-10 9.41859e-10 1.65235e-09 2.89932e-09 5.02e-09 8.48816e-09 1.39355e-08 2.21931e-08 3.4331e-08 5.15175e-08 7.44337e-08 1.02357e-07 1.32609e-07 1.60934e-07 1.82608e-07 1.93565e-07 1.91356e-07 1.76179e-07 1.51135e-07 1.21341e-07 9.18908e-08 6.62488e-08 4.58861e-08 3.07926e-08 2.01844e-08 1.3032e-08 8.35852e-09 5.37001e-09 3.48122e-09 2.28977e-09 1.53269e-09 1.0442e-09 7.2235e-10 5.05263e-10 3.55555e-10 2.50405e-10 1.75308e-10 1.20198e-10 7.73351e-11 4.13278e-11 
1.02848e-11 1.93629e-11 2.95349e-11 4.06792e-11 5.37496e-11 7.06495e-11 9.48975e-11 1.32726e-10 1.94907e-10 3.00402e-10 4.83641e-10 8.07632e-10 1.3851e-09 2.4087e-09 4.1876e-09 7.1825e-09 1.2031e-08 1.95649e-08 3.082e-08 4.6947e-08 6.87865e-08 9.59998e-08 1.26294e-07 1.55694e-07 1.79893e-07 1.955e-07 2.00141e-07 1.92461e-07 1.73103e-07 1.45285e-07 1.14214e-07 8.48323e-08 6.01436e-08 4.11043e-08 2.73347e-08 1.78514e-08 1.15552e-08 7.48075e-09 4.88291e-09 3.2335e-09 2.17996e-09 1.49684e-09 1.0442e-09 7.36777e-10 5.22962e-10 3.71385e-10 2.62422e-10 1.82818e-10 1.22567e-10 7.32843e-11 
1.91185e-11 3.21548e-11 4.63739e-11 6.23962e-11 8.16528e-11 1.06902e-10 1.43313e-10 2.00046e-10 2.92791e-10 4.48882e-10 7.17427e-10 1.18718e-09 2.01464e-09 3.46305e-09 5.94736e-09 1.00736e-08 1.66584e-08 2.67139e-08 4.13466e-08 6.141e-08 8.67435e-08 1.153e-07 1.4316e-07 1.66147e-07 1.81779e-07 1.8945e-07 1.88705e-07 1.78384e-07 1.58405e-07 1.31344e-07 1.02021e-07 7.49428e-08 5.26545e-08 3.57812e-08 2.37706e-08 1.55996e-08 1.02144e-08 6.73373e-09 4.50103e-09 3.06321e-09 2.12401e-09 1.49684e-09 1.06701e-09 7.6491e-10 5.48251e-10 3.90835e-10 2.75403e-10 1.89184e-10 1.21566e-10 6.47863e-11 
1.777e-11 3.35448e-11 5.17164e-11 7.19629e-11 9.53366e-11 1.2385e-10 1.61485e-10 2.15865e-10 3.00402e-10 4.3768e-10 6.66471e-10 1.05538e-09 1.72622e-09 2.88959e-09 4.89201e-09 8.26628e-09 1.37667e-08 2.23589e-08 3.51078e-08 5.28517e-08 7.5525e-08 1.01297e-07 1.26359e-07 1.46306e-07 1.58676e-07 1.64268e-07 1.65415e-07 1.62455e-07 1.53068e-07 1.35851e-07 1.12483e-07 8.71205e-08 6.37997e-08 4.47679e-08 3.04969e-08 2.04187e-08 1.35914e-08 9.08729e-09 6.15292e-09 4.23987e-09 2.97669e-09 2.12401e-09 1.53269e-09 1.11156e-09 8.05208e-10 5.79465e-10 4.12254e-10 2.87621e-10 1.92387e-10 1.14559e-10 
3.29736e-11 5.58367e-11 8.15321e-11 1.10855e-10 1.45249e-10 1.87455e-10 2.4326e-10 3.23926e-10 4.48882e-10 6.50103e-10 9.81366e-10 1.53585e-09 2.47498e-09 4.07021e-09 6.75455e-09 1.117e-08 1.8179e-08 2.87753e-08 4.37854e-08 6.32536e-08 8.56383e-08 1.07485e-07 1.24441e-07 1.33504e-07 1.35155e-07 1.3329e-07 1.31657e-07 1.29687e-07 1.23499e-07 1.10707e-07 9.22806e-08 7.17563e-08 5.27527e-08 3.72587e-08 2.56694e-08 1.7489e-08 1.19264e-08 8.21889e-09 5.75794e-09 4.10757e-09 2.97669e-09 2.17996e-09 1.60287e-09 1.17557e-09 8.55124e-10 6.1415e-10 4.3332e-10 2.96697e-10 1.8957e-10 1.00486e-10 
3.0661e-11 5.77531e-11 8.99564e-11 1.26931e-10 1.69914e-10 2.20652e-10 2.82838e-10 3.64991e-10 4.83641e-10 6.66471e-10 9.57653e-10 1.42947e-09 2.20356e-09 3.48348e-09 5.59825e-09 9.0498e-09 1.45413e-08 2.29312e-08 3.50046e-08 5.09446e-08 6.95985e-08 8.81057e-08 1.02618e-07 1.1002e-07 1.09759e-07 1.04846e-07 1.00418e-07 9.94013e-08 9.95694e-08 9.63354e-08 8.7335e-08 7.33975e-08 5.75191e-08 4.2715e-08 3.06182e-08 2.15434e-08 1.50962e-08 1.06561e-08 7.63193e-09 5.55849e-09 4.10757e-09 3.06321e-09 2.28977e-09 1.70407e-09 1.25518e-09 9.10917e-10 6.4897e-10 4.50977e-10 2.99475e-10 1.7693e-10 
5.64308e-11 9.59402e-11 1.41961e-10 1.95971e-10 2.59369e-10 3.33998e-10 4.24932e-10 5.44766e-10 7.17427e-10 9.81366e-10 1.39546e-09 2.0525e-09 3.1023e-09 4.78333e-09 7.4595e-09 1.16503e-08 1.80196e-08 2.72423e-08 3.96217e-08 5.4456e-08 6.96251e-08 8.2064e-08 8.90454e-08 8.9515e-08 8.49373e-08 7.90916e-08 7.59624e-08 7.63451e-08 7.71765e-08 7.47646e-08 6.77643e-08 5.7172e-08 4.52388e-08 3.41526e-08 2.50802e-08 1.82278e-08 1.32897e-08 9.80304e-09 7.33657e-09 5.55849e-09 4.23987e-09 3.2335e-09 2.44875e-09 1.83058e-09 1.34467e-09 9.67532e-10 6.79663e-10 4.61399e-10 2.91838e-10 1.535e-10 
5.24287e-11 9.81438e-11 1.54213e-10 2.21068e-10 3.00746e-10 3.94257e-10 5.03241e-10 6.34862e-10 8.07632e-10 1.05538e-09 1.42947e-09 2.00425e-09 2.89077e-09 4.25756e-09 6.35354e-09 9.52757e-09 1.42315e-08 2.09672e-08 3.00806e-08 4.12965e-08 5.32822e-08 6.38583e-08 7.08977e-08 7.32967e-08 7.15178e-08 6.74815e-08 6.38189e-08 6.22987e-08 6.23647e-08 6.1734e-08 5.84057e-08 5.21299e-08 4.38972e-08 3.5148e-08 2.71915e-08 2.07032e-08 1.57507e-08 1.20843e-08 9.37528e-09 7.33657e-09 5.75794e-09 4.50103e-09 3.48122e-09 2.64869e-09 1.9737e-09 1.43621e-09 1.01867e-09 7.01164e-10 4.60008e-10 2.68693e-10 
9.51481e-11 1.6197e-10 2.42734e-10 3.41159e-10 4.59167e-10 5.96361e-10 7.53832e-10 9.41859e-10 1.18718e-09 1.53585e-09 2.0525e-09 2.82324e-09 3.96639e-09 5.64458e-09 8.07153e-09 1.15136e-08 1.62855e-08 2.26933e-08 3.0774e-08 3.99069e-08 4.87941e-08 5.59623e-08 6.03636e-08 6.17884e-08 6.07935e-08 5.84653e-08 5.6098e-08 5.4355e-08 5.27475e-08 5.00955e-08 4.56419e-08 3.97458e-08 3.33142e-08 2.71282e-08 2.17698e-08 1.7462e-08 1.41071e-08 1.14819e-08 9.37528e-09 7.63193e-09 6.15292e-09 4.88291e-09 3.79483e-09 2.87664e-09 2.12138e-09 1.52011e-09 1.05709e-09 7.07854e-10 4.41394e-10 2.29894e-10 
8.81295e-11 1.63542e-10 2.58739e-10 3.769e-10 5.22956e-10 6.97375e-10 8.96713e-10 1.12105e-09 1.3851e-09 1.72622e-09 2.20356e-09 2.89077e-09 3.87343e-09 5.25256e-09 7.14391e-09 9.67503e-09 1.30056e-08 1.73702e-08 2.29791e-08 2.97496e-08 3.71319e-08 4.42871e-08 5.02789e-08 5.43192e-08 5.60579e-08 5.55577e-08 5.34863e-08 5.07314e-08 4.77675e-08 4.44403e-08 4.03085e-08 3.52407e-08 2.98807e-08 2.49893e-08 2.09304e-08 1.77708e-08 1.53174e-08 1.32876e-08 1.14819e-08 9.80304e-09 8.21889e-09 6.73373e-09 5.37001e-09 4.15559e-09 3.1142e-09 2.25844e-09 1.58545e-09 1.07523e-09 6.9381e-10 3.9941e-10 
1.56983e-10 2.67101e-10 4.04863e-10 5.79796e-10 7.96993e-10 1.05291e-09 1.3386e-09 1.65235e-09 2.01464e-09 2.47498e-09 3.1023e-09 3.96639e-09 5.12738e-09 6.63166e-09 8.51016e-09 1.08128e-08 1.37138e-08 1.75134e-08 2.24642e-08 2.85572e-08 3.54471e-08 4.241e-08 4.83619e-08 5.23287e-08 5.38362e-08 5.29361e-08 5.02223e-08 4.63218e-08 4.1768e-08 3.68869e-08 3.17658e-08 2.65919e-08 2.19923e-08 1.85115e-08 1.63255e-08 1.51126e-08 1.42477e-08 1.32876e-08 1.20843e-08 1.06561e-08 9.08729e-09 7.48075e-09 5.93601e-09 4.53591e-09 3.33766e-09 2.36778e-09 1.62123e-09 1.06588e-09 6.52877e-10 3.36177e-10 
1.44537e-10 2.65774e-10 4.22781e-10 6.25131e-10 8.85763e-10 1.20756e-09 1.57862e-09 1.9807e-09 2.4087e-09 2.88959e-09 3.48348e-09 4.25756e-09 5.25256e-09 6.46807e-09 7.86749e-09 9.42612e-09 1.12721e-08 1.37574e-08 1.73394e-08 2.23347e-08 2.87415e-08 3.60987e-08 4.34321e-08 4.95501e-08 5.35207e-08 5.48255e-08 5.33022e-08 4.91964e-08 4.32299e-08 3.65319e-08 3.00745e-08 2.42967e-08 1.93988e-08 1.57005e-08 1.35772e-08 1.32012e-08 1.37768e-08 1.42477e-08 1.41071e-08 1.32897e-08 1.19264e-08 1.02144e-08 8.35852e-09 6.5405e-09 4.89921e-09 3.51996e-09 2.43255e-09 1.61777e-09 1.02276e-09 5.78775e-10 
2.51972e-10 4.286e-10 6.56217e-10 9.56614e-10 1.3452e-09 1.81776e-09 2.34703e-09 2.89932e-09 3.46305e-09 4.07021e-09 4.78333e-09 5.64458e-09 6.63166e-09 7.6622e-09 8.65926e-09 9.70952e-09 1.11766e-08 1.36548e-08 1.76787e-08 2.34575e-08 3.08486e-08 3.92774e-08 4.77546e-08 5.49855e-08 5.95485e-08 6.03205e-08 5.68123e-08 4.9658e-08 4.05623e-08 3.14668e-08 2.37388e-08 1.77728e-08 1.34802e-08 1.07303e-08 1.00664e-08 1.15913e-08 1.37768e-08 1.53174e-08 1.57507e-08 1.50962e-08 1.35914e-08 1.15552e-08 9.30973e-09 7.12806e-09 5.20269e-09 3.63427e-09 2.43855e-09 1.56788e-09 9.40561e-10 4.78268e-10 
2.29835e-10 4.19614e-10 6.71347e-10 1.0061e-09 1.45436e-09 2.0309e-09 2.71543e-09 3.45407e-09 4.1876e-09 4.89201e-09 5.59825e-09 6.35354e-09 7.14391e-09 7.86749e-09 8.41383e-09 8.83292e-09 9.45404e-09 1.09372e-08 1.40207e-08 1.90901e-08 2.62596e-08 3.55268e-08 4.63664e-08 5.73521e-08 6.61094e-08 7.01329e-08 6.81037e-08 6.03126e-08 4.88811e-08 3.65903e-08 2.57875e-08 1.76424e-08 1.21638e-08 8.6888e-09 6.93852e-09 8.13659e-09 1.15913e-08 1.51126e-08 1.7462e-08 1.82278e-08 1.7489e-08 1.55996e-08 1.3032e-08 1.02523e-08 7.6317e-09 5.40309e-09 3.65844e-09 2.37653e-09 1.46749e-09 8.14755e-10 
3.91736e-10 6.68008e-10 1.03318e-09 1.53032e-09 2.19906e-09 3.04585e-09 4.01919e-09 5.02e-09 5.94736e-09 6.75455e-09 7.4595e-09 8.07153e-09 8.51016e-09 8.65926e-09 8.54978e-09 8.45015e-09 8.98329e-09 1.10836e-08 1.53429e-08 2.20382e-08 3.1568e-08 4.40486e-08 5.82532e-08 7.13225e-08 7.95412e-08 8.01902e-08 7.29993e-08 6.00235e-08 4.47644e-08 3.05051e-08 1.93592e-08 1.19235e-08 7.54915e-09 4.87352e-09 4.54434e-09 8.13659e-09 1.32012e-08 1.77708e-08 2.07032e-08 2.15434e-08 2.04187e-08 1.78514e-08 1.45266e-08 1.1083e-08 7.98172e-09 5.46437e-09 3.57904e-09 2.24348e-09 1.31522e-09 6.60084e-10 
3.52635e-10 6.42072e-10 1.03623e-09 1.57341e-09 2.31496e-09 3.30699e-09 4.53216e-09 5.88213e-09 7.1825e-09 8.26628e-09 9.0498e-09 9.52757e-09 9.67503e-09 9.42612e-09 8.83292e-09 8.11831e-09 7.77143e-09 8.80715e-09 1.21247e-08 1.80214e-08 2.70406e-08 3.97124e-08 5.53971e-08 7.14371e-08 8.37183e-08 8.83614e-08 8.37254e-08 7.12429e-08 5.43787e-08 3.72017e-08 2.28198e-08 1.27562e-08 7.05012e-09 3.9753e-09 1.94097e-09 4.54434e-09 1.00664e-08 1.63255e-08 2.17698e-08 2.50802e-08 2.56694e-08 2.37706e-08 2.01844e-08 1.58837e-08 1.16906e-08 8.11837e-09 5.365e-09 3.39382e-09 2.04236e-09 1.11121e-09 
5.88036e-10 1.01068e-09 1.5836e-09 2.38108e-09 3.48643e-09 4.94208e-09 6.6788e-09 8.48816e-09 1.00736e-08 1.117e-08 1.16503e-08 1.15136e-08 1.08128e-08 9.70952e-09 8.45015e-09 7.35521e-09 7.30044e-09 9.4927e-09 1.43016e-08 2.20595e-08 3.34816e-08 4.83816e-08 6.48411e-08 7.92452e-08 8.76018e-08 8.72095e-08 7.79893e-08 6.23858e-08 4.43178e-08 2.76084e-08 1.47675e-08 6.95016e-09 3.45568e-09 1.33302e-09 1.94097e-09 6.93852e-09 1.35772e-08 2.09304e-08 2.71915e-08 3.06182e-08 3.04969e-08 2.73347e-08 2.23714e-08 1.69281e-08 1.19757e-08 8.00474e-09 5.10253e-09 3.11159e-09 1.78036e-09 8.81992e-10 
5.20237e-10 9.505e-10 1.55632e-09 2.40048e-09 3.58918e-09 5.22689e-09 7.32866e-09 9.72319e-09 1.2031e-08 1.37667e-08 1.45413e-08 1.42315e-08 1.30056e-08 1.12721e-08 9.45404e-09 7.77143e-09 6.75976e-09 7.67737e-09 1.1135e-08 1.71821e-08 2.63465e-08 3.87972e-08 5.3195e-08 6.69114e-08 7.67484e-08 8.00714e-08 7.57314e-08 6.44469e-08 4.87484e-08 3.22033e-08 1.78973e-08 7.87433e-09 2.72803e-09 1.37769e-09 1.33302e-09 4.87352e-09 1.07303e-08 1.85115e-08 2.71282e-08 3.41526e-08 3.72587e-08 3.57812e-08 3.07926e-08 2.41422e-08 1.74959e-08 1.18733e-08 7.63558e-09 4.69391e-09 2.74959e-09 1.46557e-09 
8.50351e-10 1.4833e-09 2.36846e-09 3.62311e-09 5.39334e-09 7.79231e-09 1.07601e-08 1.39355e-08 1.66584e-08 1.8179e-08 1.80196e-08 1.62855e-08 1.37138e-08 1.11766e-08 8.98329e-09 7.30044e-09 7.00864e-09 8.92943e-09 1.303e-08 1.95828e-08 2.87892e-08 3.98667e-08 5.09123e-08 5.97845e-08 6.45878e-08 6.4112e-08 5.80327e-08 4.71968e-08 3.37551e-08 2.05649e-08 1.00898e-08 3.5102e-09 6.54072e-10 1.37769e-09 3.9753e-09 8.6888e-09 1.57005e-08 2.49893e-08 3.5148e-08 4.2715e-08 4.47679e-08 4.11043e-08 3.37395e-08 2.52293e-08 1.7471e-08 1.13688e-08 7.03881e-09 4.17127e-09 2.32873e-09 1.1396e-09 
7.36335e-10 1.35889e-09 2.27378e-09 3.58374e-09 5.45519e-09 8.07497e-09 1.1529e-08 1.55916e-08 1.95649e-08 2.23589e-08 2.29312e-08 2.09672e-08 1.73702e-08 1.37574e-08 1.09372e-08 8.80715e-09 7.67737e-09 8.11847e-09 1.02083e-08 1.41253e-08 2.01262e-08 2.76797e-08 3.55525e-08 4.22746e-08 4.66904e-08 4.79516e-08 4.55393e-08 3.94492e-08 3.04845e-08 2.04187e-08 1.16346e-08 5.80387e-09 2.67828e-09 6.54072e-10 3.45568e-09 7.54915e-09 1.34802e-08 2.19923e-08 3.33142e-08 4.52388e-08 5.27527e-08 5.26545e-08 4.58861e-08 3.57474e-08 2.54277e-08 1.68167e-08 1.05038e-08 6.2689e-09 3.57405e-09 1.86732e-09 
1.18261e-09 2.10749e-09 3.45454e-09 5.408e-09 8.19533e-09 1.20254e-08 1.68768e-08 2.21931e-08 2.67139e-08 2.87753e-08 2.72423e-08 2.26933e-08 1.75134e-08 1.36548e-08 1.10836e-08 9.4927e-09 8.92943e-09 9.1917e-09 1.05972e-08 1.36714e-08 1.81957e-08 2.32167e-08 2.77799e-08 3.11055e-08 3.26685e-08 3.20495e-08 2.90236e-08 2.37631e-08 1.70942e-08 1.07225e-08 6.76353e-09 5.05831e-09 2.67828e-09 2.72803e-09 7.05012e-09 1.21638e-08 1.93988e-08 2.98807e-08 4.38972e-08 5.75191e-08 6.37997e-08 6.01436e-08 4.94613e-08 3.64587e-08 2.46511e-08 1.55878e-08 9.3657e-09 5.39399e-09 2.94037e-09 1.42326e-09 
9.98715e-10 1.87228e-09 3.22199e-09 5.22706e-09 8.14662e-09 1.22677e-08 1.77603e-08 2.43338e-08 3.082e-08 3.51078e-08 3.50046e-08 3.00806e-08 2.29791e-08 1.73394e-08 1.40207e-08 1.21247e-08 1.1135e-08 1.02083e-08 9.36195e-09 9.73817e-09 1.1705e-08 1.45327e-08 1.73404e-08 1.95901e-08 2.08994e-08 2.09699e-08 1.9564e-08 1.66231e-08 1.24549e-08 8.03157e-09 5.41357e-09 5.63939e-09 5.05831e-09 3.5102e-09 6.95016e-09 1.19235e-08 1.77728e-08 2.65919e-08 3.97458e-08 5.7172e-08 7.17563e-08 7.49428e-08 6.62488e-08 5.12191e-08 3.5686e-08 2.29618e-08 1.39192e-08 8.06721e-09 4.48084e-09 2.29792e-09 
1.57982e-09 2.88942e-09 4.89104e-09 7.89147e-09 1.22402e-08 1.82465e-08 2.58974e-08 3.4331e-08 4.13466e-08 4.37854e-08 3.96217e-08 3.0774e-08 2.24642e-08 1.76787e-08 1.53429e-08 1.43016e-08 1.303e-08 1.05972e-08 8.4021e-09 7.97812e-09 9.03086e-09 1.0561e-08 1.19405e-08 1.28769e-08 1.31411e-08 1.25386e-08 1.09386e-08 8.38191e-09 5.29112e-09 3.1371e-09 4.13889e-09 5.63939e-09 5.80387e-09 7.87433e-09 1.27562e-08 1.76424e-08 2.42967e-08 3.52407e-08 5.21299e-08 7.33975e-08 8.71205e-08 8.48323e-08 6.99613e-08 5.07751e-08 3.34761e-08 2.05577e-08 1.19918e-08 6.72058e-09 3.58315e-09 1.71859e-09 
1.29777e-09 2.48063e-09 4.40598e-09 7.39732e-09 1.18847e-08 1.82969e-08 2.6848e-08 3.70454e-08 4.6947e-08 5.28517e-08 5.09446e-08 4.12965e-08 2.97496e-08 2.23347e-08 1.90901e-08 1.80214e-08 1.71821e-08 1.41253e-08 9.73817e-09 6.74917e-09 6.03895e-09 6.51975e-09 7.25107e-09 7.8353e-09 8.0892e-09 7.86088e-09 7.02189e-09 5.50523e-09 3.4162e-09 1.45475e-09 2.21616e-09 4.13889e-09 6.76353e-09 1.00898e-08 1.47675e-08 1.93592e-08 2.37388e-08 3.17658e-08 4.56419e-08 6.77643e-08 9.22806e-08 1.02021e-07 9.18908e-08 7.05315e-08 4.8103e-08 3.01041e-08 1.77219e-08 9.98965e-09 5.41678e-09 2.73224e-09 
2.02581e-09 3.80874e-09 6.67461e-09 1.11533e-08 1.78188e-08 2.70994e-08 3.88395e-08 5.15175e-08 6.141e-08 6.32536e-08 5.4456e-08 3.99069e-08 2.85572e-08 2.34575e-08 2.20382e-08 2.20595e-08 1.95828e-08 1.36714e-08 7.97812e-09 5.08222e-09 4.4233e-09 4.57967e-09 4.86448e-09 5.02917e-09 4.94944e-09 4.52128e-09 3.66277e-09 2.37281e-09 9.68734e-10 1.1994e-09 2.21616e-09 5.41357e-09 1.16346e-08 1.78973e-08 2.28198e-08 2.57875e-08 3.00745e-08 4.03085e-08 5.84057e-08 8.7335e-08 1.12483e-07 1.14214e-07 9.4737e-08 6.77327e-08 4.35552e-08 2.60002e-08 1.47515e-08 8.06437e-09 4.21564e-09 2.00771e-09 
1.61661e-09 3.15513e-09 5.78393e-09 1.00658e-08 1.67423e-08 2.65012e-08 3.95383e-08 5.47726e-08 6.87865e-08 7.5525e-08 6.95985e-08 5.32822e-08 3.71319e-08 2.87415e-08 2.62596e-08 2.70406e-08 2.63465e-08 2.01262e-08 1.1705e-08 6.03895e-09 3.77506e-09 3.25005e-09 3.22986e-09 3.27382e-09 3.22473e-09 2.9969e-09 2.52532e-09 1.8004e-09 1.06517e-09 1.09246e-09 1.1994e-09 3.1371e-09 1.07225e-08 2.05649e-08 2.76084e-08 3.05051e-08 3.14668e-08 3.68869e-08 5.00955e-08 7.47646e-08 1.10707e-07 1.31344e-07 1.21341e-07 9.26866e-08 6.19499e-08 3.7762e-08 2.16361e-08 1.18957e-08 6.31558e-09 3.14117e-09 
2.49355e-09 4.81314e-09 8.72098e-09 1.51053e-08 2.49488e-08 3.8895e-08 5.63835e-08 7.44337e-08 8.67435e-08 8.56383e-08 6.96251e-08 4.87941e-08 3.54471e-08 3.08486e-08 3.1568e-08 3.34816e-08 2.87892e-08 1.81957e-08 9.03086e-09 4.4233e-09 2.85268e-09 2.44374e-09 2.33062e-09 2.24729e-09 2.09547e-09 1.82478e-09 1.43198e-09 1.07685e-09 1.11419e-09 1.09246e-09 1.45475e-09 8.03157e-09 2.04187e-08 3.22033e-08 3.72017e-08 3.65903e-08 3.65319e-08 4.44403e-08 6.1734e-08 9.63354e-08 1.35851e-07 1.45285e-07 1.21802e-07 8.60083e-08 5.40616e-08 3.1457e-08 1.74174e-08 9.32025e-09 4.79166e-09 2.27107e-09 
1.93293e-09 3.84928e-09 7.26107e-09 1.30691e-08 2.25099e-08 3.67453e-08 5.59434e-08 7.77748e-08 9.59998e-08 1.01297e-07 8.81057e-08 6.38583e-08 4.42871e-08 3.60987e-08 3.55268e-08 3.97124e-08 3.87972e-08 2.76797e-08 1.45327e-08 6.51975e-09 3.25005e-09 2.21479e-09 1.88471e-09 1.72222e-09 1.57359e-09 1.38557e-09 1.15464e-09 9.74129e-10 1.03013e-09 1.11419e-09 9.68734e-10 5.29112e-09 1.70942e-08 3.37551e-08 4.43178e-08 4.47644e-08 4.05623e-08 4.1768e-08 5.27475e-08 7.71765e-08 1.23499e-07 1.58405e-07 1.51135e-07 1.15384e-07 7.58265e-08 4.51767e-08 2.5293e-08 1.36189e-08 7.10538e-09 3.49472e-09 
2.94826e-09 5.82263e-09 1.0862e-08 1.94448e-08 3.31942e-08 5.31726e-08 7.81383e-08 1.02357e-07 1.153e-07 1.07485e-07 8.2064e-08 5.59623e-08 4.241e-08 3.92774e-08 4.40486e-08 4.83816e-08 3.98667e-08 2.32167e-08 1.0561e-08 4.57967e-09 2.44374e-09 1.75566e-09 1.46998e-09 1.28016e-09 1.10564e-09 9.34902e-10 8.21494e-10 8.77051e-10 1.03013e-09 1.06517e-09 3.4162e-09 1.24549e-08 3.04845e-08 4.87484e-08 5.43787e-08 4.88811e-08 4.32299e-08 4.77675e-08 6.23647e-08 9.95694e-08 1.53068e-07 1.73103e-07 1.47466e-07 1.03303e-07 6.37523e-08 3.63318e-08 1.97255e-08 1.03769e-08 5.26531e-09 2.48938e-09 
2.22227e-09 4.50563e-09 8.70186e-09 1.61176e-08 2.86504e-08 4.8202e-08 7.50113e-08 1.04723e-07 1.26294e-07 1.26359e-07 1.02618e-07 7.08977e-08 5.02789e-08 4.34321e-08 4.63664e-08 5.53971e-08 5.3195e-08 3.55525e-08 1.73404e-08 7.25107e-09 3.22986e-09 1.88471e-09 1.39556e-09 1.13095e-09 9.30666e-10 7.64829e-10 6.63553e-10 7.03369e-10 8.77051e-10 1.07685e-09 2.37281e-09 8.38191e-09 2.37631e-08 4.71968e-08 6.23858e-08 6.00235e-08 4.9658e-08 4.63218e-08 5.4355e-08 7.63451e-08 1.29687e-07 1.78384e-07 1.76179e-07 1.35085e-07 8.7752e-08 5.13949e-08 2.82766e-08 1.49873e-08 7.71683e-09 3.76505e-09 
3.35285e-09 6.74337e-09 1.28738e-08 2.3688e-08 4.16429e-08 6.84804e-08 1.02123e-07 1.32609e-07 1.4316e-07 1.24441e-07 8.90454e-08 6.03636e-08 4.83619e-08 4.77546e-08 5.82532e-08 6.48411e-08 5.09123e-08 2.77799e-08 1.19405e-08 4.86448e-09 2.33062e-09 1.46998e-09 1.08516e-09 8.33719e-10 6.42761e-10 5.23256e-10 5.36552e-10 7.03369e-10 9.74129e-10 1.8004e-09 5.50523e-09 1.66231e-08 3.94492e-08 6.44469e-08 7.12429e-08 6.03126e-08 4.91964e-08 5.07314e-08 6.22987e-08 9.94013e-08 1.62455e-07 1.92461e-07 1.6692e-07 1.16638e-07 7.11445e-08 3.99765e-08 2.14121e-08 1.11302e-08 5.59573e-09 2.64541e-09 
2.46158e-09 5.06569e-09 9.95685e-09 1.88524e-08 3.43832e-08 5.93936e-08 9.43886e-08 1.32433e-07 1.55694e-07 1.46306e-07 1.1002e-07 7.32967e-08 5.43192e-08 4.95501e-08 5.73521e-08 7.14371e-08 6.69114e-08 4.22746e-08 1.95901e-08 7.8353e-09 3.27382e-09 1.72222e-09 1.13095e-09 8.02559e-10 5.68841e-10 4.11861e-10 3.87626e-10 5.36552e-10 8.21494e-10 1.43198e-09 3.66277e-09 1.09386e-08 2.90236e-08 5.80327e-08 7.79893e-08 7.29993e-08 5.68123e-08 5.02223e-08 5.6098e-08 7.59624e-08 1.31657e-07 1.88705e-07 1.91356e-07 1.4778e-07 9.55478e-08 5.54368e-08 3.01881e-08 1.58459e-08 8.09065e-09 3.9292e-09 
3.67362e-09 7.48569e-09 1.45259e-08 2.7278e-08 4.90828e-08 8.25522e-08 1.24866e-07 1.60934e-07 1.66147e-07 1.33504e-07 8.9515e-08 6.17884e-08 5.23287e-08 5.49855e-08 7.13225e-08 7.92452e-08 5.97845e-08 3.11055e-08 1.28769e-08 5.02917e-09 2.24729e-09 1.28016e-09 8.33719e-10 5.44003e-10 3.37847e-10 2.59044e-10 3.87626e-10 6.63553e-10 1.15464e-09 2.52532e-09 7.02189e-09 1.9564e-08 4.55393e-08 7.57314e-08 8.37254e-08 6.81037e-08 5.33022e-08 5.34863e-08 6.38189e-08 1.00418e-07 1.65415e-07 2.00141e-07 1.75799e-07 1.23145e-07 7.48476e-08 4.18115e-08 2.22524e-08 1.14954e-08 5.75136e-09 2.72571e-09 
2.63223e-09 5.47973e-09 1.08935e-08 2.09302e-08 3.88751e-08 6.85218e-08 1.10836e-07 1.56412e-07 1.79893e-07 1.58676e-07 1.09759e-07 7.15178e-08 5.60579e-08 5.35207e-08 6.61094e-08 8.37183e-08 7.67484e-08 4.66904e-08 2.08994e-08 8.0892e-09 3.22473e-09 1.57359e-09 9.30666e-10 5.68841e-10 3.11255e-10 1.53584e-10 2.59044e-10 5.23256e-10 9.34902e-10 1.82478e-09 4.52128e-09 1.25386e-08 3.20495e-08 6.4112e-08 8.72095e-08 8.01902e-08 6.03205e-08 5.29361e-08 5.84653e-08 7.90916e-08 1.3329e-07 1.8945e-07 1.93565e-07 1.50408e-07 9.74707e-08 5.65251e-08 3.07192e-08 1.60789e-08 8.18459e-09 3.97135e-09 
3.88485e-09 7.97973e-09 1.56311e-08 2.97245e-08 5.43216e-08 9.28757e-08 1.42177e-07 1.82608e-07 1.81779e-07 1.35155e-07 8.49373e-08 6.07935e-08 5.38362e-08 5.95485e-08 7.95412e-08 8.76018e-08 6.45878e-08 3.26685e-08 1.31411e-08 4.94944e-09 2.09547e-09 1.10564e-09 6.42761e-10 3.37847e-10 1.00746e-10 1.53584e-10 4.11861e-10 7.64829e-10 1.38557e-09 2.9969e-09 7.86088e-09 2.09699e-08 4.79516e-08 8.00714e-08 8.83614e-08 7.01329e-08 5.48255e-08 5.55577e-08 6.74815e-08 1.04846e-07 1.64268e-07 1.955e-07 1.72005e-07 1.21129e-07 7.3981e-08 4.14616e-08 2.21011e-08 1.14199e-08 5.71353e-09 2.72197e-09 
2.72197e-09 5.71353e-09 1.14199e-08 2.21011e-08 4.14616e-08 7.3981e-08 1.21129e-07 1.72005e-07 1.955e-07 1.64268e-07 1.04846e-07 6.74815e-08 5.55577e-08 5.48255e-08 7.01329e-08 8.83614e-08 8.00714e-08 4.79516e-08 2.09699e-08 7.86088e-09 2.9969e-09 1.38557e-09 7.64829e-10 4.11861e-10 1.53584e-10 1.00746e-10 3.37847e-10 6.42761e-10 1.10564e-09 2.09547e-09 4.94944e-09 1.31411e-08 3.26685e-08 6.45878e-08 8.76018e-08 7.95412e-08 5.95485e-08 5.38362e-08 6.07935e-08 8.49373e-08 1.35155e-07 1.81779e-07 1.82608e-07 1.42177e-07 9.28757e-08 5.43216e-08 2.97245e-08 1.56311e-08 7.97973e-09 3.88485e-09 
3.97135e-09 8.18459e-09 1.60789e-08 3.07192e-08 5.65251e-08 9.74707e-08 1.50408e-07 1.93565e-07 1.8945e-07 1.3329e-07 7.90916e-08 5.84653e-08 5.29361e-08 6.03205e-08 8.01902e-08 8.72095e-08 6.4112e-08 3.20495e-08 1.25386e-08 4.52128e-09 1.82478e-09 9.34902e-10 5.23256e-10 2.59044e-10 1.53584e-10 3.11255e-10 5.68841e-10 9.30666e-10 1.57359e-09 3.22473e-09 8.0892e-09 2.08994e-08 4.66904e-08 7.67484e-08 8.37183e-08 6.61094e-08 5.35207e-08 5.60579e-08 7.15178e-08 1.09759e-07 1.58676e-07 1.79893e-07 1.56412e-07 1.10836e-07 6.85218e-08 3.88751e-08 2.09302e-08 1.08935e-08 5.47973e-09 2.63223e-09 
2.72571e-09 5.75136e-09 1.14954e-08 2.22524e-08 4.18115e-08 7.48476e-08 1.23145e-07 1.75799e-07 2.00141e-07 1.65415e-07 1.00418e-07 6.38189e-08 5.34863e-08 5.33022e-08 6.81037e-08 8.37254e-08 7.57314e-08 4.55393e-08 1.9564e-08 7.02189e-09 2.52532e-09 1.15464e-09 6.63553e-10 3.87626e-10 2.59044e-10 3.37847e-10 5.44003e-10 8.33719e-10 1.28016e-09 2.24729e-09 5.02917e-09 1.28769e-08 3.11055e-08 5.97845e-08 7.92452e-08 7.13225e-08 5.49855e-08 5.23287e-08 6.17884e-08 8.9515e-08 1.33504e-07 1.66147e-07 1.60934e-07 1.24866e-07 8.25522e-08 4.90828e-08 2.7278e-08 1.45259e-08 7.48569e-09 3.67362e-09 
3.9292e-09 8.09065e-09 1.58459e-08 3.01881e-08 5.54368e-08 9.55478e-08 1.4778e-07 1.91356e-07 1.88705e-07 1.31657e-07 7.59624e-08 5.6098e-08 5.02223e-08 5.68123e-08 7.29993e-08 7.79893e-08 5.80327e-08 2.90236e-08 1.09386e-08 3.66277e-09 1.43198e-09 8.21494e-10 5.36552e-10 3.87626e-10 4.11861e-10 5.68841e-10 8.02559e-10 1.13095e-09 1.72222e-09 3.27382e-09 7.8353e-09 1.95901e-08 4.22746e-08 6.69114e-08 7.14371e-08 5.73521e-08 4.95501e-08 5.43192e-08 7.32967e-08 1.1002e-07 1.46306e-07 1.55694e-07 1.32433e-07 9.43886e-08 5.93936e-08 3.43832e-08 1.88524e-08 9.95685e-09 5.06569e-09 2.46158e-09 
2.64541e-09 5.59573e-09 1.11302e-08 2.14121e-08 3.99765e-08 7.11445e-08 1.16638e-07 1.6692e-07 1.92461e-07 1.62455e-07 9.94013e-08 6.22987e-08 5.07314e-08 4.91964e-08 6.03126e-08 7.12429e-08 6.44469e-08 3.94492e-08 1.66231e-08 5.50523e-09 1.8004e-09 9.74129e-10 7.03369e-10 5.36552e-10 5.23256e-10 6.42761e-10 8.33719e-10 1.08516e-09 1.46998e-09 2.33062e-09 4.86448e-09 1.19405e-08 2.77799e-08 5.09123e-08 6.48411e-08 5.82532e-08 4.77546e-08 4.83619e-08 6.03636e-08 8.90454e-08 1.24441e-07 1.4316e-07 1.32609e-07 1.02123e-07 6.84804e-08 4.16429e-08 2.3688e-08 1.28738e-08 6.74337e-09 3.35285e-09 
3.76505e-09 7.71683e-09 1.49873e-08 2.82766e-08 5.13949e-08 8.7752e-08 1.35085e-07 1.76179e-07 1.78384e-07 1.29687e-07 7.63451e-08 5.4355e-08 4.63218e-08 4.9658e-08 6.00235e-08 6.23858e-08 4.71968e-08 2.37631e-08 8.38191e-09 2.37281e-09 1.07685e-09 8.77051e-10 7.03369e-10 6.63553e-10 7.64829e-10 9.30666e-10 1.13095e-09 1.39556e-09 1.88471e-09 3.22986e-09 7.25107e-09 1.73404e-08 3.55525e-08 5.3195e-08 5.53971e-08 4.63664e-08 4.34321e-08 5.02789e-08 7.08977e-08 1.02618e-07 1.26359e-07 1.26294e-07 1.04723e-07 7.50113e-08 4.8202e-08 2.86504e-08 1.61176e-08 8.70186e-09 4.50563e-09 2.22227e-09 
2.48938e-09 5.26531e-09 1.03769e-08 1.97255e-08 3.63318e-08 6.37523e-08 1.03303e-07 1.47466e-07 1.73103e-07 1.53068e-07 9.95694e-08 6.23647e-08 4.77675e-08 4.32299e-08 4.88811e-08 5.43787e-08 4.87484e-08 3.04845e-08 1.24549e-08 3.4162e-09 1.06517e-09 1.03013e-09 8.77051e-10 8.21494e-10 9.34902e-10 1.10564e-09 1.28016e-09 1.46998e-09 1.75566e-09 2.44374e-09 4.57967e-09 1.0561e-08 2.32167e-08 3.98667e-08 4.83816e-08 4.40486e-08 3.92774e-08 4.241e-08 5.59623e-08 8.2064e-08 1.07485e-07 1.153e-07 1.02357e-07 7.81383e-08 5.31726e-08 3.31942e-08 1.94448e-08 1.0862e-08 5.82263e-09 2.94826e-09 
3.49472e-09 7.10538e-09 1.36189e-08 2.5293e-08 4.51767e-08 7.58265e-08 1.15384e-07 1.51135e-07 1.58405e-07 1.23499e-07 7.71765e-08 5.27475e-08 4.1768e-08 4.05623e-08 4.47644e-08 4.43178e-08 3.37551e-08 1.70942e-08 5.29112e-09 9.68734e-10 1.11419e-09 1.03013e-09 9.74129e-10 1.15464e-09 1.38557e-09 1.57359e-09 1.72222e-09 1.88471e-09 2.21479e-09 3.25005e-09 6.51975e-09 1.45327e-08 2.76797e-08 3.87972e-08 3.97124e-08 3.55268e-08 3.60987e-08 4.42871e-08 6.38583e-08 8.81057e-08 1.01297e-07 9.59998e-08 7.77748e-08 5.59434e-08 3.67453e-08 2.25099e-08 1.30691e-08 7.26107e-09 3.84928e-09 1.93293e-09 
2.27107e-09 4.79166e-09 9.32025e-09 1.74174e-08 3.1457e-08 5.40616e-08 8.60083e-08 1.21802e-07 1.45285e-07 1.35851e-07 9.63354e-08 6.1734e-08 4.44403e-08 3.65319e-08 3.65903e-08 3.72017e-08 3.22033e-08 2.04187e-08 8.03157e-09 1.45475e-09 1.09246e-09 1.11419e-09 1.07685e-09 1.43198e-09 1.82478e-09 2.09547e-09 2.24729e-09 2.33062e-09 2.44374e-09 2.85268e-09 4.4233e-09 9.03086e-09 1.81957e-08 2.87892e-08 3.34816e-08 3.1568e-08 3.08486e-08 3.54471e-08 4.87941e-08 6.96251e-08 8.56383e-08 8.67435e-08 7.44337e-08 5.63835e-08 3.8895e-08 2.49488e-08 1.51053e-08 8.72098e-09 4.81314e-09 2.49355e-09 
3.14117e-09 6.31558e-09 1.18957e-08 2.16361e-08 3.7762e-08 6.19499e-08 9.26866e-08 1.21341e-07 1.31344e-07 1.10707e-07 7.47646e-08 5.00955e-08 3.68869e-08 3.14668e-08 3.05051e-08 2.76084e-08 2.05649e-08 1.07225e-08 3.1371e-09 1.1994e-09 1.09246e-09 1.06517e-09 1.8004e-09 2.52532e-09 2.9969e-09 3.22473e-09 3.27382e-09 3.22986e-09 3.25005e-09 3.77506e-09 6.03895e-09 1.1705e-08 2.01262e-08 2.63465e-08 2.70406e-08 2.62596e-08 2.87415e-08 3.71319e-08 5.32822e-08 6.95985e-08 7.5525e-08 6.87865e-08 5.47726e-08 3.95383e-08 2.65012e-08 1.67423e-08 1.00658e-08 5.78393e-09 3.15513e-09 1.61661e-09 
2.00771e-09 4.21564e-09 8.06437e-09 1.47515e-08 2.60002e-08 4.35552e-08 6.77327e-08 9.4737e-08 1.14214e-07 1.12483e-07 8.7335e-08 5.84057e-08 4.03085e-08 3.00745e-08 2.57875e-08 2.28198e-08 1.78973e-08 1.16346e-08 5.41357e-09 2.21616e-09 1.1994e-09 9.68734e-10 2.37281e-09 3.66277e-09 4.52128e-09 4.94944e-09 5.02917e-09 4.86448e-09 4.57967e-09 4.4233e-09 5.08222e-09 7.97812e-09 1.36714e-08 1.95828e-08 2.20595e-08 2.20382e-08 2.34575e-08 2.85572e-08 3.99069e-08 5.4456e-08 6.32536e-08 6.141e-08 5.15175e-08 3.88395e-08 2.70994e-08 1.78188e-08 1.11533e-08 6.67461e-09 3.80874e-09 2.02581e-09 
2.73224e-09 5.41678e-09 9.98965e-09 1.77219e-08 3.01041e-08 4.8103e-08 7.05315e-08 9.18908e-08 1.02021e-07 9.22806e-08 6.77643e-08 4.56419e-08 3.17658e-08 2.37388e-08 1.93592e-08 1.47675e-08 1.00898e-08 6.76353e-09 4.13889e-09 2.21616e-09 1.45475e-09 3.4162e-09 5.50523e-09 7.02189e-09 7.86088e-09 8.0892e-09 7.8353e-09 7.25107e-09 6.51975e-09 6.03895e-09 6.74917e-09 9.73817e-09 1.41253e-08 1.71821e-08 1.80214e-08 1.90901e-08 2.23347e-08 2.97496e-08 4.12965e-08 5.09446e-08 5.28517e-08 4.6947e-08 3.70454e-08 2.6848e-08 1.82969e-08 1.18847e-08 7.39732e-09 4.40598e-09 2.48063e-09 1.29777e-09 
1.71859e-09 3.58315e-09 6.72058e-09 1.19918e-08 2.05577e-08 3.34761e-08 5.07751e-08 6.99613e-08 8.48323e-08 8.71205e-08 7.33975e-08 5.21299e-08 3.52407e-08 2.42967e-08 1.76424e-08 1.27562e-08 7.87433e-09 5.80387e-09 5.63939e-09 4.13889e-09 3.1371e-09 5.29112e-09 8.38191e-09 1.09386e-08 1.25386e-08 1.31411e-08 1.28769e-08 1.19405e-08 1.0561e-08 9.03086e-09 7.97812e-09 8.4021e-09 1.05972e-08 1.303e-08 1.43016e-08 1.53429e-08 1.76787e-08 2.24642e-08 3.0774e-08 3.96217e-08 4.37854e-08 4.13466e-08 3.4331e-08 2.58974e-08 1.82465e-08 1.22402e-08 7.89147e-09 4.89104e-09 2.88942e-09 1.57982e-09 
2.29792e-09 4.48084e-09 8.06721e-09 1.39192e-08 2.29618e-08 3.5686e-08 5.12191e-08 6.62488e-08 7.49428e-08 7.17563e-08 5.7172e-08 3.97458e-08 2.65919e-08 1.77728e-08 1.19235e-08 6.95016e-09 3.5102e-09 5.05831e-09 5.63939e-09 5.41357e-09 8.03157e-09 1.24549e-08 1.66231e-08 1.9564e-08 2.09699e-08 2.08994e-08 1.95901e-08 1.73404e-08 1.45327e-08 1.1705e-08 9.73817e-09 9.36195e-09 1.02083e-08 1.1135e-08 1.21247e-08 1.40207e-08 1.73394e-08 2.29791e-08 3.00806e-08 3.50046e-08 3.51078e-08 3.082e-08 2.43338e-08 1.77603e-08 1.22677e-08 8.14662e-09 5.22706e-09 3.22199e-09 1.87228e-09 9.98715e-10 
1.42326e-09 2.94037e-09 5.39399e-09 9.3657e-09 1.55878e-08 2.46511e-08 3.64587e-08 4.94613e-08 6.01436e-08 6.37997e-08 5.75191e-08 4.38972e-08 2.98807e-08 1.93988e-08 1.21638e-08 7.05012e-09 2.72803e-09 2.67828e-09 5.05831e-09 6.76353e-09 1.07225e-08 1.70942e-08 2.37631e-08 2.90236e-08 3.20495e-08 3.26685e-08 3.11055e-08 2.77799e-08 2.32167e-08 1.81957e-08 1.36714e-08 1.05972e-08 9.1917e-09 8.92943e-09 9.4927e-09 1.10836e-08 1.36548e-08 1.75134e-08 2.26933e-08 2.72423e-08 2.87753e-08 2.67139e-08 2.21931e-08 1.68768e-08 1.20254e-08 8.19533e-09 5.408e-09 3.45454e-09 2.10749e-09 1.18261e-09 
1.86732e-09 3.57405e-09 6.2689e-09 1.05038e-08 1.68167e-08 2.54277e-08 3.57474e-08 4.58861e-08 5.26545e-08 5.27527e-08 4.52388e-08 3.33142e-08 2.19923e-08 1.34802e-08 7.54915e-09 3.45568e-09 6.54072e-10 2.67828e-09 5.80387e-09 1.16346e-08 2.04187e-08 3.04845e-08 3.94492e-08 4.55393e-08 4.79516e-08 4.66904e-08 4.22746e-08 3.55525e-08 2.76797e-08 2.01262e-08 1.41253e-08 1.02083e-08 8.11847e-09 7.67737e-09 8.80715e-09 1.09372e-08 1.37574e-08 1.73702e-08 2.09672e-08 2.29312e-08 2.23589e-08 1.95649e-08 1.55916e-08 1.1529e-08 8.07497e-09 5.45519e-09 3.58374e-09 2.27378e-09 1.35889e-09 7.36335e-10 
1.1396e-09 2.32873e-09 4.17127e-09 7.03881e-09 1.13688e-08 1.7471e-08 2.52293e-08 3.37395e-08 4.11043e-08 4.47679e-08 4.2715e-08 3.5148e-08 2.49893e-08 1.57005e-08 8.6888e-09 3.9753e-09 1.37769e-09 6.54072e-10 3.5102e-09 1.00898e-08 2.05649e-08 3.37551e-08 4.71968e-08 5.80327e-08 6.4112e-08 6.45878e-08 5.97845e-08 5.09123e-08 3.98667e-08 2.87892e-08 1.95828e-08 1.303e-08 8.92943e-09 7.00864e-09 7.30044e-09 8.98329e-09 1.11766e-08 1.37138e-08 1.62855e-08 1.80196e-08 1.8179e-08 1.66584e-08 1.39355e-08 1.07601e-08 7.79231e-09 5.39334e-09 3.62311e-09 2.36846e-09 1.4833e-09 8.50351e-10 
1.46557e-09 2.74959e-09 4.69391e-09 7.63558e-09 1.18733e-08 1.74959e-08 2.41422e-08 3.07926e-08 3.57812e-08 3.72587e-08 3.41526e-08 2.71282e-08 1.85115e-08 1.07303e-08 4.87352e-09 1.33302e-09 1.37769e-09 2.72803e-09 7.87433e-09 1.78973e-08 3.22033e-08 4.87484e-08 6.44469e-08 7.57314e-08 8.00714e-08 7.67484e-08 6.69114e-08 5.3195e-08 3.87972e-08 2.63465e-08 1.71821e-08 1.1135e-08 7.67737e-09 6.75976e-09 7.77143e-09 9.45404e-09 1.12721e-08 1.30056e-08 1.42315e-08 1.45413e-08 1.37667e-08 1.2031e-08 9.72319e-09 7.32866e-09 5.22689e-09 3.58918e-09 2.40048e-09 1.55632e-09 9.505e-10 5.20237e-10 
8.81992e-10 1.78036e-09 3.11159e-09 5.10253e-09 8.00474e-09 1.19757e-08 1.69281e-08 2.23714e-08 2.73347e-08 3.04969e-08 3.06182e-08 2.71915e-08 2.09304e-08 1.35772e-08 6.93852e-09 1.94097e-09 1.33302e-09 3.45568e-09 6.95016e-09 1.47675e-08 2.76084e-08 4.43178e-08 6.23858e-08 7.79893e-08 8.72095e-08 8.76018e-08 7.92452e-08 6.48411e-08 4.83816e-08 3.34816e-08 2.20595e-08 1.43016e-08 9.4927e-09 7.30044e-09 7.35521e-09 8.45015e-09 9.70952e-09 1.08128e-08 1.15136e-08 1.16503e-08 1.117e-08 1.00736e-08 8.48816e-09 6.6788e-09 4.94208e-09 3.48643e-09 2.38108e-09 1.5836e-09 1.01068e-09 5.88036e-10 
1.11121e-09 2.04236e-09 3.39382e-09 5.365e-09 8.11837e-09 1.16906e-08 1.58837e-08 2.01844e-08 2.37706e-08 2.56694e-08 2.50802e-08 2.17698e-08 1.63255e-08 1.00664e-08 4.54434e-09 1.94097e-09 3.9753e-09 7.05012e-09 1.27562e-08 2.28198e-08 3.72017e-08 5.43787e-08 7.12429e-08 8.37254e-08 8.83614e-08 8.37183e-08 7.14371e-08 5.53971e-08 3.97124e-08 2.70406e-08 1.80214e-08 1.21247e-08 8.80715e-09 7.77143e-09 8.11831e-09 8.83292e-09 9.42612e-09 9.67503e-09 9.52757e-09 9.0498e-09 8.26628e-09 7.1825e-09 5.88213e-09 4.53216e-09 3.30699e-09 2.31496e-09 1.57341e-09 1.03623e-09 6.42072e-10 3.52635e-10 
6.60084e-10 1.31522e-09 2.24348e-09 3.57904e-09 5.46437e-09 7.98172e-09 1.1083e-08 1.45266e-08 1.78514e-08 2.04187e-08 2.15434e-08 2.07032e-08 1.77708e-08 1.32012e-08 8.13659e-09 4.54434e-09 4.87352e-09 7.54915e-09 1.19235e-08 1.93592e-08 3.05051e-08 4.47644e-08 6.00235e-08 7.29993e-08 8.01902e-08 7.95412e-08 7.13225e-08 5.82532e-08 4.40486e-08 3.1568e-08 2.20382e-08 1.53429e-08 1.10836e-08 8.98329e-09 8.45015e-09 8.54978e-09 8.65926e-09 8.51016e-09 8.07153e-09 7.4595e-09 6.75455e-09 5.94736e-09 5.02e-09 4.01919e-09 3.04585e-09 2.19906e-09 1.53032e-09 1.03318e-09 6.68008e-10 3.91736e-10 
8.14755e-10 1.46749e-09 2.37653e-09 3.65844e-09 5.40309e-09 7.6317e-09 1.02523e-08 1.3032e-08 1.55996e-08 1.7489e-08 1.82278e-08 1.7462e-08 1.51126e-08 1.15913e-08 8.13659e-09 6.93852e-09 8.6888e-09 1.21638e-08 1.76424e-08 2.57875e-08 3.65903e-08 4.88811e-08 6.03126e-08 6.81037e-08 7.01329e-08 6.61094e-08 5.73521e-08 4.63664e-08 3.55268e-08 2.62596e-08 1.90901e-08 1.40207e-08 1.09372e-08 9.45404e-09 8.83292e-09 8.41383e-09 7.86749e-09 7.14391e-09 6.35354e-09 5.59825e-09 4.89201e-09 4.1876e-09 3.45407e-09 2.71543e-09 2.0309e-09 1.45436e-09 1.0061e-09 6.71347e-10 4.19614e-10 2.29835e-10 
4.78268e-10 9.40561e-10 1.56788e-09 2.43855e-09 3.63427e-09 5.20269e-09 7.12806e-09 9.30973e-09 1.15552e-08 1.35914e-08 1.50962e-08 1.57507e-08 1.53174e-08 1.37768e-08 1.15913e-08 1.00664e-08 1.07303e-08 1.34802e-08 1.77728e-08 2.37388e-08 3.14668e-08 4.05623e-08 4.9658e-08 5.68123e-08 6.03205e-08 5.95485e-08 5.49855e-08 4.77546e-08 3.92774e-08 3.08486e-08 2.34575e-08 1.76787e-08 1.36548e-08 1.11766e-08 9.70952e-09 8.65926e-09 7.6622e-09 6.63166e-09 5.64458e-09 4.78333e-09 4.07021e-09 3.46305e-09 2.89932e-09 2.34703e-09 1.81776e-09 1.3452e-09 9.56614e-10 6.56217e-10 4.286e-10 2.51972e-10 
5.78775e-10 1.02276e-09 1.61777e-09 2.43255e-09 3.51996e-09 4.89921e-09 6.5405e-09 8.35852e-09 1.02144e-08 1.19264e-08 1.32897e-08 1.41071e-08 1.42477e-08 1.37768e-08 1.32012e-08 1.35772e-08 1.57005e-08 1.93988e-08 2.42967e-08 3.00745e-08 3.65319e-08 4.32299e-08 4.91964e-08 5.33022e-08 5.48255e-08 5.35207e-08 4.95501e-08 4.34321e-08 3.60987e-08 2.87415e-08 2.23347e-08 1.73394e-08 1.37574e-08 1.12721e-08 9.42612e-09 7.86749e-09 6.46807e-09 5.25256e-09 4.25756e-09 3.48348e-09 2.88959e-09 2.4087e-09 1.9807e-09 1.57862e-09 1.20756e-09 8.85763e-10 6.25131e-10 4.22781e-10 2.65774e-10 1.44537e-10 
3.36177e-10 6.52877e-10 1.06588e-09 1.62123e-09 2.36778e-09 3.33766e-09 4.53591e-09 5.93601e-09 7.48075e-09 9.08729e-09 1.06561e-08 1.20843e-08 1.32876e-08 1.42477e-08 1.51126e-08 1.63255e-08 1.85115e-08 2.19923e-08 2.65919e-08 3.17658e-08 3.68869e-08 4.1768e-08 4.63218e-08 5.02223e-08 5.29361e-08 5.38362e-08 5.23287e-08 4.83619e-08 4.241e-08 3.54471e-08 2.85572e-08 2.24642e-08 1.75134e-08 1.37138e-08 1.08128e-08 8.51016e-09 6.63166e-09 5.12738e-09 3.96639e-09 3.1023e-09 2.47498e-09 2.01464e-09 1.65235e-09 1.3386e-09 1.05291e-09 7.96993e-10 5.79796e-10 4.04863e-10 2.67101e-10 1.56983e-10 
3.9941e-10 6.9381e-10 1.07523e-09 1.58545e-09 2.25844e-09 3.1142e-09 4.15559e-09 5.37001e-09 6.73373e-09 8.21889e-09 9.80304e-09 1.14819e-08 1.32876e-08 1.53174e-08 1.77708e-08 2.09304e-08 2.49893e-08 2.98807e-08 3.52407e-08 4.03085e-08 4.44403e-08 4.77675e-08 5.07314e-08 5.34863e-08 5.55577e-08 5.60579e-08 5.43192e-08 5.02789e-08 4.42871e-08 3.71319e-08 2.97496e-08 2.29791e-08 1.73702e-08 1.30056e-08 9.67503e-09 7.14391e-09 5.25256e-09 3.87343e-09 2.89077e-09 2.20356e-09 1.72622e-09 1.3851e-09 1.12105e-09 8.96713e-10 6.97375e-10 5.22956e-10 3.769e-10 2.58739e-10 1.63542e-10 8.81295e-11 
2.29894e-10 4.41394e-10 7.07854e-10 1.05709e-09 1.52011e-09 2.12138e-09 2.87664e-09 3.79483e-09 4.88291e-09 6.15292e-09 7.63193e-09 9.37528e-09 1.14819e-08 1.41071e-08 1.7462e-08 2.17698e-08 2.71282e-08 3.33142e-08 3.97458e-08 4.56419e-08 5.00955e-08 5.27475e-08 5.4355e-08 5.6098e-08 5.84653e-08 6.07935e-08 6.17884e-08 6.03636e-08 5.59623e-08 4.87941e-08 3.99069e-08 3.0774e-08 2.26933e-08 1.62855e-08 1.15136e-08 8.07153e-09 5.64458e-09 3.96639e-09 2.82324e-09 2.0525e-09 1.53585e-09 1.18718e-09 9.41859e-10 7.53832e-10 5.96361e-10 4.59167e-10 3.41159e-10 2.42734e-10 1.6197e-10 9.51481e-11 
2.68693e-10 4.60008e-10 7.01164e-10 1.01867e-09 1.43621e-09 1.9737e-09 2.64869e-09 3.48122e-09 4.50103e-09 5.75794e-09 7.33657e-09 9.37528e-09 1.20843e-08 1.57507e-08 2.07032e-08 2.71915e-08 3.5148e-08 4.38972e-08 5.21299e-08 5.84057e-08 6.1734e-08 6.23647e-08 6.22987e-08 6.38189e-08 6.74815e-08 7.15178e-08 7.32967e-08 7.08977e-08 6.38583e-08 5.32822e-08 4.12965e-08 3.00806e-08 2.09672e-08 1.42315e-08 9.52757e-09 6.35354e-09 4.25756e-09 2.89077e-09 2.00425e-09 1.42947e-09 1.05538e-09 8.07632e-10 6.34862e-10 5.03241e-10 3.94257e-10 3.00746e-10 2.21068e-10 1.54213e-10 9.81438e-11 5.24287e-11 
1.535e-10 2.91838e-10 4.61399e-10 6.79663e-10 9.67532e-10 1.34467e-09 1.83058e-09 2.44875e-09 3.2335e-09 4.23987e-09 5.55849e-09 7.33657e-09 9.80304e-09 1.32897e-08 1.82278e-08 2.50802e-08 3.41526e-08 4.52388e-08 5.7172e-08 6.77643e-08 7.47646e-08 7.71765e-08 7.63451e-08 7.59624e-08 7.90916e-08 8.49373e-08 8.9515e-08 8.90454e-08 8.2064e-08 6.96251e-08 5.4456e-08 3.96217e-08 2.72423e-08 1.80196e-08 1.16503e-08 7.4595e-09 4.78333e-09 3.1023e-09 2.0525e-09 1.39546e-09 9.81366e-10 7.17427e-10 5.44766e-10 4.24932e-10 3.33998e-10 2.59369e-10 1.95971e-10 1.41961e-10 9.59402e-11 5.64308e-11 
1.7693e-10 2.99475e-10 4.50977e-10 6.4897e-10 9.10917e-10 1.25518e-09 1.70407e-09 2.28977e-09 3.06321e-09 4.10757e-09 5.55849e-09 7.63193e-09 1.06561e-08 1.50962e-08 2.15434e-08 3.06182e-08 4.2715e-08 5.75191e-08 7.33975e-08 8.7335e-08 9.63354e-08 9.95694e-08 9.94013e-08 1.00418e-07 1.04846e-07 1.09759e-07 1.1002e-07 1.02618e-07 8.81057e-08 6.95985e-08 5.09446e-08 3.50046e-08 2.29312e-08 1.45413e-08 9.0498e-09 5.59825e-09 3.48348e-09 2.20356e-09 1.42947e-09 9.57653e-10 6.66471e-10 4.83641e-10 3.64991e-10 2.82838e-10 2.20652e-10 1.69914e-10 1.26931e-10 8.99564e-11 5.77531e-11 3.0661e-11 
1.00486e-10 1.8957e-10 2.96697e-10 4.3332e-10 6.1415e-10 8.55124e-10 1.17557e-09 1.60287e-09 2.17996e-09 2.97669e-09 4.10757e-09 5.75794e-09 8.21889e-09 1.19264e-08 1.7489e-08 2.56694e-08 3.72587e-08 5.27527e-08 7.17563e-08 9.22806e-08 1.10707e-07 1.23499e-07 1.29687e-07 1.31657e-07 1.3329e-07 1.35155e-07 1.33504e-07 1.24441e-07 1.07485e-07 8.56383e-08 6.32536e-08 4.37854e-08 2.87753e-08 1.8179e-08 1.117e-08 6.75455e-09 4.07021e-09 2.47498e-09 1.53585e-09 9.81366e-10 6.50103e-10 4.48882e-10 3.23926e-10 2.4326e-10 1.87455e-10 1.45249e-10 1.10855e-10 8.15321e-11 5.58367e-11 3.29736e-11 
1.14559e-10 1.92387e-10 2.87621e-10 4.12254e-10 5.79465e-10 8.05208e-10 1.11156e-09 1.53269e-09 2.12401e-09 2.97669e-09 4.23987e-09 6.15292e-09 9.08729e-09 1.35914e-08 2.04187e-08 3.04969e-08 4.47679e-08 6.37997e-08 8.71205e-08 1.12483e-07 1.35851e-07 1.53068e-07 1.62455e-07 1.65415e-07 1.64268e-07 1.58676e-07 1.46306e-07 1.26359e-07 1.01297e-07 7.5525e-08 5.28517e-08 3.51078e-08 2.23589e-08 1.37667e-08 8.26628e-09 4.89201e-09 2.88959e-09 1.72622e-09 1.05538e-09 6.66471e-10 4.3768e-10 3.00402e-10 2.15865e-10 1.61485e-10 1.2385e-10 9.53366e-11 7.19629e-11 5.17164e-11 3.35448e-11 1.777e-11 
6.47863e-11 1.21566e-10 1.89184e-10 2.75403e-10 3.90835e-10 5.48251e-10 7.6491e-10 1.06701e-09 1.49684e-09 2.12401e-09 3.06321e-09 4.50103e-09 6.73373e-09 1.02144e-08 1.55996e-08 2.37706e-08 3.57812e-08 5.26545e-08 7.49428e-08 1.02021e-07 1.31344e-07 1.58405e-07 1.78384e-07 1.88705e-07 1.8945e-07 1.81779e-07 1.66147e-07 1.4316e-07 1.153e-07 8.67435e-08 6.141e-08 4.13466e-08 2.67139e-08 1.66584e-08 1.00736e-08 5.94736e-09 3.46305e-09 2.01464e-09 1.18718e-09 7.17427e-10 4.48882e-10 2.92791e-10 2.00046e-10 1.43313e-10 1.06902e-10 8.16528e-11 6.23962e-11 4.63739e-11 3.21548e-11 1.91185e-11 
7.32843e-11 1.22567e-10 1.82818e-10 2.62422e-10 3.71385e-10 5.22962e-10 7.36777e-10 1.0442e-09 1.49684e-09 2.17996e-09 3.2335e-09 4.88291e-09 7.48075e-09 1.15552e-08 1.78514e-08 2.73347e-08 4.11043e-08 6.01436e-08 8.48323e-08 1.14214e-07 1.45285e-07 1.73103e-07 1.92461e-07 2.00141e-07 1.955e-07 1.79893e-07 1.55694e-07 1.26294e-07 9.59998e-08 6.87865e-08 4.6947e-08 3.082e-08 1.95649e-08 1.2031e-08 7.1825e-09 4.1876e-09 2.4087e-09 1.3851e-09 8.07632e-10 4.83641e-10 3.00402e-10 1.94907e-10 1.32726e-10 9.48975e-11 7.06495e-11 5.37496e-11 4.06792e-11 2.95349e-11 1.93629e-11 1.02848e-11 
4.13278e-11 7.73351e-11 1.20198e-10 1.75308e-10 2.50405e-10 3.55555e-10 5.05263e-10 7.2235e-10 1.0442e-09 1.53269e-09 2.28977e-09 3.48122e-09 5.37001e-09 8.35852e-09 1.3032e-08 2.01844e-08 3.07926e-08 4.58861e-08 6.62488e-08 9.18908e-08 1.21341e-07 1.51135e-07 1.76179e-07 1.91356e-07 1.93565e-07 1.82608e-07 1.60934e-07 1.32609e-07 1.02357e-07 7.44337e-08 5.15175e-08 3.4331e-08 2.21931e-08 1.39355e-08 8.48816e-09 5.02e-09 2.89932e-09 1.65235e-09 9.41859e-10 5.44766e-10 3.23926e-10 2.00046e-10 1.29268e-10 8.7834e-11 6.27449e-11 4.66535e-11 3.53233e-11 2.63512e-11 1.84527e-11 1.10715e-11 
4.65348e-11 7.78003e-11 1.16325e-10 1.68049e-10 2.40539e-10 3.4445e-10 4.96173e-10 7.2235e-10 1.06701e-09 1.60287e-09 2.44875e-09 3.79483e-09 5.93601e-09 9.30973e-09 1.45266e-08 2.23714e-08 3.37395e-08 4.94613e-08 6.99613e-08 9.4737e-08 1.21802e-07 1.47466e-07 1.6692e-07 1.75799e-07 1.72005e-07 1.56412e-07 1.32433e-07 1.04723e-07 7.77748e-08 5.47726e-08 3.70454e-08 2.43338e-08 1.55916e-08 9.72319e-09 5.88213e-09 3.45407e-09 1.9807e-09 1.12105e-09 6.34862e-10 3.64991e-10 2.15865e-10 1.32726e-10 8.5514e-11 5.80397e-11 4.14663e-11 3.07984e-11 2.31466e-11 1.68841e-11 1.11769e-11 5.98211e-12 
2.62011e-11 4.90234e-11 7.64179e-11 1.12175e-10 1.61969e-10 2.33592e-10 3.38741e-10 4.96173e-10 7.36777e-10 1.11156e-09 1.70407e-09 2.64869e-09 4.15559e-09 6.5405e-09 1.02523e-08 1.58837e-08 2.41422e-08 3.57474e-08 5.12191e-08 7.05315e-08 9.26866e-08 1.15384e-07 1.35085e-07 1.4778e-07 1.50408e-07 1.42177e-07 1.24866e-07 1.02123e-07 7.81383e-08 5.63835e-08 3.88395e-08 2.58974e-08 1.68768e-08 1.07601e-08 6.6788e-09 4.01919e-09 2.34703e-09 1.3386e-09 7.53832e-10 4.24932e-10 2.4326e-10 1.43313e-10 8.7834e-11 5.64842e-11 3.83355e-11 2.74144e-11 2.03195e-11 1.50837e-11 1.0621e-11 6.43757e-12 
2.94575e-11 4.94033e-11 7.43523e-11 1.0854e-10 1.57649e-10 2.30014e-10 3.38741e-10 5.05263e-10 7.6491e-10 1.17557e-09 1.83058e-09 2.87664e-09 4.53591e-09 7.12806e-09 1.1083e-08 1.69281e-08 2.52293e-08 3.64587e-08 5.07751e-08 6.77327e-08 8.60083e-08 1.03303e-07 1.16638e-07 1.23145e-07 1.21129e-07 1.10836e-07 9.43886e-08 7.50113e-08 5.59434e-08 3.95383e-08 2.6848e-08 1.77603e-08 1.1529e-08 7.32866e-09 4.53216e-09 2.71543e-09 1.57862e-09 8.96713e-10 5.03241e-10 2.82838e-10 1.61485e-10 9.48975e-11 5.80397e-11 3.72921e-11 2.53365e-11 1.81386e-11 1.33813e-11 9.7306e-12 6.48703e-12 3.51578e-12 
1.65739e-11 3.10866e-11 4.87752e-11 7.23308e-11 1.059e-10 1.55416e-10 2.30014e-10 3.4445e-10 5.22962e-10 8.05208e-10 1.25518e-09 1.9737e-09 3.1142e-09 4.89921e-09 7.6317e-09 1.16906e-08 1.74959e-08 2.54277e-08 3.5686e-08 4.8103e-08 6.19499e-08 7.58265e-08 8.7752e-08 9.55478e-08 9.74707e-08 9.28757e-08 8.25522e-08 6.84804e-08 5.31726e-08 3.8895e-08 2.70994e-08 1.82465e-08 1.20254e-08 7.79231e-09 4.94208e-09 3.04585e-09 1.81776e-09 1.05291e-09 5.96361e-10 3.33998e-10 1.87455e-10 1.06902e-10 6.27449e-11 3.83355e-11 2.46369e-11 1.67696e-11 1.20094e-11 8.77255e-12 6.17158e-12 3.77683e-12 
1.86551e-11 3.14804e-11 4.78499e-11 7.07891e-11 1.04522e-10 1.55416e-10 2.33592e-10 3.55555e-10 5.48251e-10 8.55124e-10 1.34467e-09 2.12138e-09 3.33766e-09 5.20269e-09 7.98172e-09 1.19757e-08 1.7471e-08 2.46511e-08 3.34761e-08 4.35552e-08 5.40616e-08 6.37523e-08 7.11445e-08 7.48476e-08 7.3981e-08 6.85218e-08 5.93936e-08 4.8202e-08 3.67453e-08 2.65012e-08 1.82969e-08 1.22677e-08 8.07497e-09 5.22689e-09 3.30699e-09 2.0309e-09 1.20756e-09 6.97375e-10 3.94257e-10 2.20652e-10 1.2385e-10 7.06495e-11 4.14663e-11 2.53365e-11 1.63037e-11 1.11227e-11 7.94671e-12 5.70186e-12 3.8092e-12 2.09798e-12 
1.04934e-11 1.97753e-11 3.13228e-11 4.70476e-11 6.99667e-11 1.04522e-10 1.57649e-10 2.40539e-10 3.71385e-10 5.79465e-10 9.10917e-10 1.43621e-09 2.25844e-09 3.51996e-09 5.40309e-09 8.11837e-09 1.18733e-08 1.68167e-08 2.29618e-08 3.01041e-08 3.7762e-08 4.51767e-08 5.13949e-08 5.54368e-08 5.65251e-08 5.43216e-08 4.90828e-08 4.16429e-08 3.31942e-08 2.49488e-08 1.78188e-08 1.22402e-08 8.19533e-09 5.39334e-09 3.48643e-09 2.19906e-09 1.3452e-09 7.96993e-10 4.59167e-10 2.59369e-10 1.45249e-10 8.16528e-11 4.66535e-11 2.74144e-11 1.67696e-11 1.08169e-11 7.39376e-12 5.24436e-12 3.65164e-12 2.25028e-12 
1.18474e-11 2.01688e-11 3.10339e-11 4.65977e-11 6.99667e-11 1.059e-10 1.61969e-10 2.50405e-10 3.90835e-10 6.1415e-10 9.67532e-10 1.52011e-09 2.36778e-09 3.63427e-09 5.46437e-09 8.00474e-09 1.13688e-08 1.55878e-08 2.05577e-08 2.60002e-08 3.1457e-08 3.63318e-08 3.99765e-08 4.18115e-08 4.14616e-08 3.88751e-08 3.43832e-08 2.86504e-08 2.25099e-08 1.67423e-08 1.18847e-08 8.14662e-09 5.45519e-09 3.58918e-09 2.31496e-09 1.45436e-09 8.85763e-10 5.22956e-10 3.00746e-10 1.69914e-10 9.53366e-11 5.37496e-11 3.07984e-11 1.81386e-11 1.11227e-11 7.19824e-12 4.92015e-12 3.43885e-12 2.28263e-12 1.27835e-12 
6.65686e-12 1.2634e-11 2.02457e-11 3.08415e-11 4.65977e-11 7.07891e-11 1.0854e-10 1.68049e-10 2.62422e-10 4.12254e-10 6.4897e-10 1.01867e-09 1.58545e-09 2.43255e-09 3.65844e-09 5.365e-09 7.63558e-09 1.05038e-08 1.39192e-08 1.77219e-08 2.16361e-08 2.5293e-08 2.82766e-08 3.01881e-08 3.07192e-08 2.97245e-08 2.7278e-08 2.3688e-08 1.94448e-08 1.51053e-08 1.11533e-08 7.89147e-09 5.408e-09 3.62311e-09 2.38108e-09 1.53032e-09 9.56614e-10 5.79796e-10 3.41159e-10 1.95971e-10 1.10855e-10 6.23962e-11 3.53233e-11 2.03195e-11 1.20094e-11 7.39376e-12 4.80361e-12 3.27028e-12 2.22721e-12 1.3725e-12 
7.54182e-12 1.29785e-11 2.0237e-11 3.08415e-11 4.70476e-11 7.23308e-11 1.12175e-10 1.75308e-10 2.75403e-10 4.3332e-10 6.79663e-10 1.05709e-09 1.62123e-09 2.43855e-09 3.57904e-09 5.10253e-09 7.03881e-09 9.3657e-09 1.19918e-08 1.47515e-08 1.74174e-08 1.97255e-08 2.14121e-08 2.22524e-08 2.21011e-08 2.09302e-08 1.88524e-08 1.61176e-08 1.30691e-08 1.00658e-08 7.39732e-09 5.22706e-09 3.58374e-09 2.40048e-09 1.57341e-09 1.0061e-09 6.25131e-10 3.769e-10 2.21068e-10 1.26931e-10 7.19629e-11 4.06792e-11 2.31466e-11 1.33813e-11 7.94671e-12 4.92015e-12 3.20796e-12 2.16146e-12 1.41164e-12 8.00276e-13 
4.21649e-12 8.08003e-12 1.31054e-11 2.0237e-11 3.10339e-11 4.78499e-11 7.43523e-11 1.16325e-10 1.82818e-10 2.87621e-10 4.50977e-10 7.01164e-10 1.07523e-09 1.61777e-09 2.37653e-09 3.39382e-09 4.69391e-09 6.2689e-09 8.06721e-09 9.98965e-09 1.18957e-08 1.36189e-08 1.49873e-08 1.58459e-08 1.60789e-08 1.56311e-08 1.45259e-08 1.28738e-08 1.0862e-08 8.72098e-09 6.67461e-09 4.89104e-09 3.45454e-09 2.36846e-09 1.5836e-09 1.03318e-09 6.56217e-10 4.04863e-10 2.42734e-10 1.41961e-10 8.15321e-11 4.63739e-11 2.63512e-11 1.50837e-11 8.77255e-12 5.24436e-12 3.27028e-12 2.13479e-12 1.41072e-12 8.6331e-13 
4.77757e-12 8.30938e-12 1.31054e-11 2.02457e-11 3.13228e-11 4.87752e-11 7.64179e-11 1.20198e-10 1.89184e-10 2.96697e-10 4.61399e-10 7.07854e-10 1.06588e-09 1.56788e-09 2.24348e-09 3.11159e-09 4.17126e-09 5.39399e-09 6.72058e-09 8.06437e-09 9.32025e-09 1.03769e-08 1.11302e-08 1.14954e-08 1.14199e-08 1.08935e-08 9.95685e-09 8.70186e-09 7.26107e-09 5.78393e-09 4.40598e-09 3.22199e-09 2.27378e-09 1.55632e-09 1.03623e-09 6.71347e-10 4.22781e-10 2.58739e-10 1.54213e-10 8.99564e-11 5.17164e-11 2.95349e-11 1.68841e-11 9.7306e-12 5.70186e-12 3.43885e-12 2.16146e-12 1.40719e-12 9.01631e-13 5.16375e-13 
2.63054e-12 5.0842e-12 8.30938e-12 1.29785e-11 2.01688e-11 3.14804e-11 4.94033e-11 7.78003e-11 1.22567e-10 1.92387e-10 2.99475e-10 4.60008e-10 6.9381e-10 1.02276e-09 1.46749e-09 2.04236e-09 2.74959e-09 3.57405e-09 4.48084e-09 5.41678e-09 6.31558e-09 7.10538e-09 7.71683e-09 8.09065e-09 8.18459e-09 7.97973e-09 7.48569e-09 6.74337e-09 5.82263e-09 4.81314e-09 3.80874e-09 2.88942e-09 2.10749e-09 1.4833e-09 1.01068e-09 6.68008e-10 4.286e-10 2.67101e-10 1.6197e-10 9.59402e-11 5.58367e-11 3.21548e-11 1.84527e-11 1.0621e-11 6.17158e-12 3.65164e-12 2.22721e-12 1.41072e-12 9.12423e-13 5.57833e-13 
2.92438e-12 5.0842e-12 8.08003e-12 1.2634e-11 1.97753e-11 3.10866e-11 4.90234e-11 7.73351e-11 1.21566e-10 1.8957e-10 2.91838e-10 4.41394e-10 6.52877e-10 9.40561e-10 1.31522e-09 1.78036e-09 2.32873e-09 2.94037e-09 3.58315e-09 4.21564e-09 4.79166e-09 5.26531e-09 5.59573e-09 5.75136e-09 5.71353e-09 5.47973e-09 5.06569e-09 4.50563e-09 3.84928e-09 3.15513e-09 2.48063e-09 1.87228e-09 1.35889e-09 9.505e-10 6.42072e-10 4.19614e-10 2.65774e-10 1.63542e-10 9.81438e-11 5.77531e-11 3.35448e-11 1.93629e-11 1.11769e-11 6.48703e-12 3.8092e-12 2.28263e-12 1.41164e-12 9.01631e-13 5.77386e-13 3.38501e-13 
1.5331e-12 2.92438e-12 4.77757e-12 7.54182e-12 1.18474e-11 1.86551e-11 2.94575e-11 4.65348e-11 7.32843e-11 1.14559e-10 1.7693e-10 2.68693e-10 3.9941e-10 5.78775e-10 8.14755e-10 1.11121e-09 1.46557e-09 1.86732e-09 2.29792e-09 2.73224e-09 3.14117e-09 3.49472e-09 3.76505e-09 3.9292e-09 3.97135e-09 3.88485e-09 3.67362e-09 3.35285e-09 2.94826e-09 2.49355e-09 2.02581e-09 1.57982e-09 1.18261e-09 8.50351e-10 5.88036e-10 3.91736e-10 2.51972e-10 1.56983e-10 9.51481e-11 5.64308e-11 3.29736e-11 1.91185e-11 1.10715e-11 6.43757e-12 3.77683e-12 2.25028e-12 1.3725e-12 8.6331e-13 5.57833e-13 3.54107e-13 
1.5331e-12 2.63054e-12 4.21649e-12 6.65686e-12 1.04934e-11 1.65739e-11 2.62011e-11 4.13278e-11 6.47863e-11 1.00486e-10 1.535e-10 2.29894e-10 3.36177e-10 4.78268e-10 6.60084e-10 8.81992e-10 1.1396e-09 1.42326e-09 1.71859e-09 2.00771e-09 2.27107e-09 2.48938e-09 2.64541e-09 2.72571e-09 2.72197e-09 2.63223e-09 2.46158e-09 2.22227e-09 1.93293e-09 1.61661e-09 1.29777e-09 9.98715e-10 7.36335e-10 5.20237e-10 3.52635e-10 2.29835e-10 1.44537e-10 8.81295e-11 5.24287e-11 3.0661e-11 1.777e-11 1.02848e-11 5.98211e-12 3.51578e-12 2.09798e-12 1.27835e-12 8.00276e-13 5.16375e-13 3.38501e-13 2.08419e-13 
