1 100 50
1.32727e-12 2.01978e-12 3.11936e-12 4.94963e-12 8.0518e-12 1.33644e-11 2.25803e-11 3.88328e-11 6.78802e-11 1.19965e-10 2.12106e-10 3.69924e-10 6.27157e-10 1.02074e-09 1.58062e-09 2.31681e-09 3.20996e-09 4.21195e-09 5.25825e-09 6.2858e-09 7.2463e-09 8.10924e-09 8.85662e-09 9.47504e-09 9.94962e-09 1.02615e-08 1.03889e-08 1.03101e-08 1.00088e-08 9.47861e-09 8.72901e-09 7.78919e-09 6.71016e-09 5.56199e-09 4.42489e-09 3.37496e-09 2.46941e-09 1.73738e-09 1.17988e-09 7.7728e-10 4.99562e-10 3.15176e-10 1.96413e-10 1.21595e-10 7.51276e-11 4.64701e-11 2.88295e-11 1.79571e-11 1.11701e-11 6.29474e-12 
1.32727e-12 2.11711e-12 3.30178e-12 5.26958e-12 8.60983e-12 1.42851e-11 2.39693e-11 4.07055e-11 7.0135e-11 1.22617e-10 2.16351e-10 3.80891e-10 6.59112e-10 1.10435e-09 1.76938e-09 2.68708e-09 3.84922e-09 5.1958e-09 6.62603e-09 8.03039e-09 9.3274e-09 1.04839e-08 1.1509e-08 1.24285e-08 1.32569e-08 1.39791e-08 1.45481e-08 1.48941e-08 1.49412e-08 1.46241e-08 1.39053e-08 1.27883e-08 1.13271e-08 9.62672e-09 7.82891e-09 6.08505e-09 4.52315e-09 3.2233e-09 2.21098e-09 1.46732e-09 9.47758e-10 5.99647e-10 3.74097e-10 2.31546e-10 1.42904e-10 8.82287e-11 5.45418e-11 3.36985e-11 2.06435e-11 1.19181e-11 
2.11711e-12 3.40926e-12 5.45271e-12 8.89448e-12 1.47173e-11 2.45268e-11 4.11916e-11 7.00664e-11 1.21292e-10 2.13637e-10 3.79814e-10 6.71849e-10 1.16297e-09 1.94033e-09 3.08339e-09 4.62895e-09 6.53638e-09 8.6764e-09 1.08622e-08 1.29172e-08 1.47439e-08 1.635e-08 1.78155e-08 1.92229e-08 2.05931e-08 2.18597e-08 2.28837e-08 2.34923e-08 2.352e-08 2.28461e-08 2.14259e-08 1.93129e-08 1.66662e-08 1.37304e-08 1.0786e-08 8.08541e-09 5.79905e-09 3.99643e-09 2.6606e-09 1.72164e-09 1.09007e-09 6.7998e-10 4.2063e-10 2.59428e-10 1.60101e-10 9.89592e-11 6.11018e-11 3.73341e-11 2.18162e-11 1.11701e-11 
2.01978e-12 3.40926e-12 5.54546e-12 9.02784e-12 1.48734e-11 2.45937e-11 4.07449e-11 6.80688e-11 1.15809e-10 2.02051e-10 3.60638e-10 6.5003e-10 1.16131e-09 2.01912e-09 3.36591e-09 5.32142e-09 7.92178e-09 1.10647e-08 1.45031e-08 1.79174e-08 2.10455e-08 2.37979e-08 2.62721e-08 2.86505e-08 3.10505e-08 3.34236e-08 3.55524e-08 3.71186e-08 3.77897e-08 3.72961e-08 3.54946e-08 3.24175e-08 2.82954e-08 2.35328e-08 1.86254e-08 1.40397e-08 1.01081e-08 6.98219e-09 4.65344e-09 3.01151e-09 1.90557e-09 1.18744e-09 7.33728e-10 4.52186e-10 2.79066e-10 1.72708e-10 1.06929e-10 6.56218e-11 3.87871e-11 2.06435e-11 
3.30178e-12 5.54546e-12 9.09516e-12 1.49619e-11 2.46173e-11 4.02899e-11 6.58974e-11 1.09069e-10 1.85497e-10 3.26999e-10 5.93535e-10 1.08737e-09 1.96459e-09 3.43324e-09 5.72204e-09 9.00769e-09 1.33128e-08 1.84244e-08 2.39068e-08 2.92504e-08 3.41035e-08 3.84359e-08 4.24929e-08 4.65541e-08 5.06751e-08 5.45888e-08 5.77852e-08 5.96681e-08 5.97077e-08 5.75667e-08 5.32003e-08 4.6916e-08 3.93533e-08 3.13527e-08 2.37434e-08 1.71429e-08 1.18566e-08 7.90231e-09 5.10922e-09 3.22774e-09 2.00751e-09 1.23823e-09 7.62169e-10 4.70301e-10 2.91501e-10 1.81185e-10 1.12037e-10 6.73426e-11 3.73341e-11 1.79571e-11 
3.11936e-12 5.45271e-12 9.09516e-12 1.50285e-11 2.47681e-11 4.03683e-11 6.50518e-11 1.04668e-10 1.71267e-10 2.91147e-10 5.19332e-10 9.59476e-10 1.78556e-09 3.25788e-09 5.71514e-09 9.51576e-09 1.49126e-08 2.18884e-08 3.00432e-08 3.86548e-08 4.69621e-08 5.45434e-08 6.15078e-08 6.82864e-08 7.51633e-08 8.19257e-08 8.78577e-08 9.19753e-08 9.33107e-08 9.11575e-08 8.5271e-08 7.60054e-08 6.43217e-08 5.15962e-08 3.92587e-08 2.84221e-08 1.96769e-08 1.31086e-08 8.46214e-09 5.33354e-09 3.30839e-09 2.03545e-09 1.25052e-09 7.71099e-10 4.78478e-10 2.98538e-10 1.86107e-10 1.13853e-10 6.56218e-11 3.36985e-11 
5.26958e-12 9.02784e-12 1.50285e-11 2.4928e-11 4.08422e-11 6.56663e-11 1.04014e-10 1.64493e-10 2.65935e-10 4.5192e-10 8.15885e-10 1.53266e-09 2.89064e-09 5.31364e-09 9.34094e-09 1.55223e-08 2.42094e-08 3.53007e-08 4.8098e-08 6.14658e-08 7.43323e-08 8.62578e-08 9.75727e-08 1.08844e-07 1.20105e-07 1.30517e-07 1.38588e-07 1.42653e-07 1.41337e-07 1.33953e-07 1.20793e-07 1.03221e-07 8.34226e-08 6.38039e-08 4.63282e-08 3.2105e-08 2.13742e-08 1.37712e-08 8.65483e-09 5.35067e-09 3.2812e-09 2.01057e-09 1.23799e-09 7.6851e-10 4.80998e-10 3.02074e-10 1.87759e-10 1.12037e-10 6.11018e-11 2.88295e-11 
4.94963e-12 8.89448e-12 1.49619e-11 2.4928e-11 4.12489e-11 6.68831e-11 1.05973e-10 1.65109e-10 2.56884e-10 4.1053e-10 6.97466e-10 1.2735e-09 2.42706e-09 4.62612e-09 8.54747e-09 1.50346e-08 2.49172e-08 3.86754e-08 5.6058e-08 7.59189e-08 9.65577e-08 1.16543e-07 1.35482e-07 1.53931e-07 1.72329e-07 1.89945e-07 2.04749e-07 2.14052e-07 2.1534e-07 2.07034e-07 1.89097e-07 1.63335e-07 1.33111e-07 1.02397e-07 7.45981e-08 5.17542e-08 3.44317e-08 2.21355e-08 1.38655e-08 8.53838e-09 5.21527e-09 3.18487e-09 1.95672e-09 1.21419e-09 7.61615e-10 4.81264e-10 3.0317e-10 1.86107e-10 1.06929e-10 5.45418e-11 
8.60983e-12 1.48734e-11 2.47681e-11 4.12489e-11 6.77604e-11 1.08553e-10 1.69634e-10 2.60456e-10 3.99419e-10 6.31708e-10 1.07303e-09 1.9788e-09 3.81621e-09 7.33176e-09 1.35898e-08 2.38917e-08 3.94769e-08 6.10008e-08 8.79839e-08 1.18654e-07 1.50578e-07 1.81909e-07 2.12286e-07 2.42235e-07 2.71394e-07 2.97363e-07 3.16124e-07 3.23344e-07 3.15783e-07 2.92514e-07 2.55685e-07 2.10315e-07 1.6284e-07 1.19081e-07 8.27278e-08 5.50021e-08 3.52773e-08 2.20168e-08 1.34977e-08 8.20652e-09 4.99102e-09 3.05722e-09 1.89471e-09 1.18995e-09 7.55577e-10 4.81171e-10 3.02074e-10 1.81185e-10 9.89592e-11 4.64701e-11 
8.0518e-12 1.47173e-11 2.46173e-11 4.08422e-11 6.77604e-11 1.10217e-10 1.74466e-10 2.69313e-10 4.084e-10 6.18689e-10 9.69771e-10 1.64702e-09 3.06288e-09 5.96262e-09 1.15208e-08 2.13903e-08 3.75586e-08 6.18722e-08 9.52564e-08 1.36947e-07 1.8437e-07 2.34177e-07 2.83933e-07 3.32944e-07 3.80852e-07 4.25136e-07 4.60319e-07 4.7941e-07 4.76291e-07 4.48076e-07 3.96844e-07 3.29809e-07 2.57223e-07 1.88912e-07 1.31461e-07 8.73559e-08 5.58945e-08 3.47482e-08 2.11988e-08 1.28222e-08 7.76101e-09 4.73626e-09 2.92928e-09 1.84025e-09 1.17269e-09 7.53273e-10 4.81264e-10 2.98538e-10 1.72708e-10 8.82287e-11 
1.42851e-11 2.45937e-11 4.03683e-11 6.68831e-11 1.10217e-10 1.7736e-10 2.77646e-10 4.24082e-10 6.36505e-10 9.54589e-10 1.48515e-09 2.52211e-09 4.72268e-09 9.26051e-09 1.79617e-08 3.33659e-08 5.84879e-08 9.60993e-08 1.47616e-07 2.12056e-07 2.85933e-07 3.64694e-07 4.44661e-07 5.23531e-07 5.98052e-07 6.61201e-07 7.02474e-07 7.11146e-07 6.80504e-07 6.11512e-07 5.14069e-07 4.0421e-07 2.98325e-07 2.08026e-07 1.38188e-07 8.82111e-08 5.46157e-08 3.31451e-08 1.99344e-08 1.20013e-08 7.29176e-09 4.49719e-09 2.82368e-09 1.80379e-09 1.16651e-09 7.55577e-10 4.80998e-10 2.91501e-10 1.60101e-10 7.51276e-11 
1.33644e-11 2.45268e-11 4.02899e-11 6.56663e-11 1.08553e-10 1.7736e-10 2.8239e-10 4.37638e-10 6.62435e-10 9.8584e-10 1.46645e-09 2.26767e-09 3.85104e-09 7.25146e-09 1.42957e-08 2.77913e-08 5.16036e-08 9.02939e-08 1.48112e-07 2.27509e-07 3.27682e-07 4.44238e-07 5.70647e-07 6.99941e-07 8.24958e-07 9.35672e-07 1.01697e-06 1.05128e-06 1.0251e-06 9.36107e-07 7.97037e-07 6.32462e-07 4.69421e-07 3.28158e-07 2.17979e-07 1.38834e-07 8.56028e-08 5.16644e-08 3.08837e-08 1.84838e-08 1.11744e-08 6.86794e-09 4.30651e-09 2.75507e-09 1.79103e-09 1.17269e-09 7.61615e-10 4.78478e-10 2.79066e-10 1.42904e-10 
2.39693e-11 4.07449e-11 6.50518e-11 1.05973e-10 1.74466e-10 2.8239e-10 4.45068e-10 6.83526e-10 1.02658e-09 1.51703e-09 2.24165e-09 3.44939e-09 5.85842e-09 1.10801e-08 2.19252e-08 4.26621e-08 7.91237e-08 1.38237e-07 2.26779e-07 3.49528e-07 5.06985e-07 6.9377e-07 8.9899e-07 1.10705e-06 1.29908e-06 1.45172e-06 1.53727e-06 1.53104e-06 1.42348e-06 1.22942e-06 9.85679e-07 7.36336e-07 5.1634e-07 3.43093e-07 2.18081e-07 1.3391e-07 8.03587e-08 4.7728e-08 2.83848e-08 1.70655e-08 1.04462e-08 6.53722e-09 4.18486e-09 2.73138e-09 1.80379e-09 1.18995e-09 7.6851e-10 4.70301e-10 2.59428e-10 1.21595e-10 
2.25803e-11 4.11916e-11 6.58974e-11 1.04014e-10 1.69634e-10 2.77646e-10 4.45068e-10 6.94736e-10 1.05817e-09 1.57838e-09 2.31857e-09 3.40721e-09 5.2216e-09 8.86892e-09 1.68296e-08 3.33757e-08 6.49177e-08 1.20199e-07 2.09883e-07 3.45393e-07 5.36773e-07 7.88103e-07 1.09181e-06 1.42598e-06 1.75437e-06 2.03374e-06 2.21796e-06 2.26402e-06 2.14847e-06 1.88578e-06 1.52978e-06 1.15142e-06 8.10478e-07 5.38991e-07 3.42028e-07 2.09174e-07 1.24793e-07 7.3624e-08 4.34934e-08 2.59935e-08 1.58388e-08 9.88666e-09 6.32882e-09 4.14318e-09 2.75507e-09 1.84025e-09 1.21419e-09 7.71099e-10 4.52186e-10 2.31546e-10 
4.07055e-11 6.80688e-11 1.04668e-10 1.65109e-10 2.69313e-10 4.37638e-10 6.94736e-10 1.07452e-09 1.62408e-09 2.40746e-09 3.51788e-09 5.14478e-09 7.85595e-09 1.33409e-08 2.53705e-08 5.03465e-08 9.77682e-08 1.80703e-07 3.16032e-07 5.24286e-07 8.26873e-07 1.23478e-06 1.73268e-06 2.27142e-06 2.77013e-06 3.14069e-06 3.30475e-06 3.21272e-06 2.87313e-06 2.36259e-06 1.79403e-06 1.26878e-06 8.45054e-07 5.35616e-07 3.26328e-07 1.93548e-07 1.13403e-07 6.65265e-08 3.95081e-08 2.39542e-08 1.49074e-08 9.53731e-09 6.25783e-09 4.18486e-09 2.82368e-09 1.89471e-09 1.23799e-09 7.62169e-10 4.2063e-10 1.96413e-10 
3.88328e-11 7.00664e-11 1.09069e-10 1.64493e-10 2.60456e-10 4.24082e-10 6.83526e-10 1.07452e-09 1.64711e-09 2.4712e-09 3.64174e-09 5.29527e-09 7.70864e-09 1.17276e-08 1.9899e-08 3.7872e-08 7.5078e-08 1.45391e-07 2.68445e-07 4.72223e-07 7.95695e-07 1.28281e-06 1.95334e-06 2.76679e-06 3.61239e-06 4.3214e-06 4.73387e-06 4.74329e-06 4.33851e-06 3.6256e-06 2.78248e-06 1.97956e-06 1.32165e-06 8.37304e-07 5.0841e-07 2.99803e-07 1.74436e-07 1.01599e-07 5.99386e-08 3.61487e-08 2.24206e-08 1.43301e-08 9.41882e-09 6.32882e-09 4.30651e-09 2.92928e-09 1.95672e-09 1.25052e-09 7.33728e-10 3.74097e-10 
7.0135e-11 1.15809e-10 1.71267e-10 2.56884e-10 4.084e-10 6.62435e-10 1.05817e-09 1.64711e-09 2.50243e-09 3.72709e-09 5.46055e-09 7.90028e-09 1.14444e-08 1.7334e-08 2.93489e-08 5.57993e-08 1.10293e-07 2.12825e-07 3.93534e-07 7.01717e-07 1.21325e-06 2.01123e-06 3.11621e-06 4.41929e-06 5.6835e-06 6.58333e-06 6.86994e-06 6.46757e-06 5.51426e-06 4.2881e-06 3.07419e-06 2.06007e-06 1.30582e-06 7.90712e-07 4.63694e-07 2.67923e-07 1.5492e-07 9.07745e-08 5.44413e-08 3.36436e-08 2.14761e-08 1.4135e-08 9.53731e-09 6.53722e-09 4.49719e-09 3.05722e-09 2.01057e-09 1.23823e-09 6.7998e-10 3.15176e-10 
6.78802e-11 1.21292e-10 1.85497e-10 2.65935e-10 3.99419e-10 6.36505e-10 1.02658e-09 1.62408e-09 2.50243e-09 3.76747e-09 5.56918e-09 8.10948e-09 1.16679e-08 1.68021e-08 2.52931e-08 4.26334e-08 8.07639e-08 1.58831e-07 3.05489e-07 5.69279e-07 1.04238e-06 1.86968e-06 3.18874e-06 4.98483e-06 6.98974e-06 8.73376e-06 9.64758e-06 9.45056e-06 8.27502e-06 6.54683e-06 4.74187e-06 3.19529e-06 2.02946e-06 1.22671e-06 7.15726e-07 4.10765e-07 2.35806e-07 1.37219e-07 8.18251e-08 5.03736e-08 3.21096e-08 2.11579e-08 1.43301e-08 9.88666e-09 6.86794e-09 4.73626e-09 3.18487e-09 2.03545e-09 1.18744e-09 5.99647e-10 
1.22617e-10 2.02051e-10 2.91147e-10 4.1053e-10 6.18689e-10 9.8584e-10 1.57838e-09 2.4712e-09 3.76747e-09 5.61811e-09 8.23823e-09 1.19143e-08 1.70285e-08 2.43291e-08 3.62858e-08 6.06438e-08 1.14045e-07 2.22713e-07 4.2851e-07 8.15896e-07 1.56245e-06 2.92465e-06 5.08766e-06 7.9075e-06 1.07898e-05 1.28892e-05 1.33617e-05 1.21545e-05 9.85158e-06 7.23954e-06 4.91954e-06 3.13767e-06 1.89599e-06 1.1015e-06 6.28206e-07 3.58131e-07 2.06981e-07 1.22711e-07 7.52512e-08 4.7896e-08 3.15942e-08 2.14761e-08 1.49074e-08 1.04462e-08 7.29176e-09 4.99102e-09 3.2812e-09 2.00751e-09 1.09007e-09 4.99562e-10 
1.19965e-10 2.13637e-10 3.26999e-10 4.5192e-10 6.31708e-10 9.54589e-10 1.51703e-09 2.40746e-09 3.72709e-09 5.61811e-09 8.29169e-09 1.20501e-08 1.72875e-08 2.44983e-08 3.46132e-08 5.08713e-08 8.37178e-08 1.55482e-07 3.01565e-07 5.87877e-07 1.17366e-06 2.39029e-06 4.63302e-06 8.06934e-06 1.22349e-05 1.59416e-05 1.7898e-05 1.72186e-05 1.44776e-05 1.08753e-05 7.48815e-06 4.81218e-06 2.91361e-06 1.68774e-06 9.57365e-07 5.42301e-07 3.11372e-07 1.83553e-07 1.12131e-07 7.12683e-08 4.7066e-08 3.21096e-08 2.24206e-08 1.58388e-08 1.11744e-08 7.76101e-09 5.21527e-09 3.30839e-09 1.90557e-09 9.47758e-10 
2.16351e-10 3.60638e-10 5.19332e-10 6.97466e-10 9.69771e-10 1.46645e-09 2.31857e-09 3.64174e-09 5.56918e-09 8.29169e-09 1.20974e-08 1.73991e-08 2.47151e-08 3.46232e-08 4.81183e-08 6.90418e-08 1.10538e-07 2.0153e-07 3.92125e-07 8.02031e-07 1.73667e-06 3.74907e-06 7.33426e-06 1.24732e-05 1.80439e-05 2.19914e-05 2.29649e-05 2.0424e-05 1.59038e-05 1.11919e-05 7.28767e-06 4.43738e-06 2.56865e-06 1.45144e-06 8.17785e-07 4.66761e-07 2.73681e-07 1.6659e-07 1.05755e-07 6.99375e-08 4.7896e-08 3.36436e-08 2.39542e-08 1.70655e-08 1.20013e-08 8.20652e-09 5.35067e-09 3.22774e-09 1.72164e-09 7.7728e-10 
2.12106e-10 3.79814e-10 5.93535e-10 8.15885e-10 1.07303e-09 1.48515e-09 2.24165e-09 3.51788e-09 5.46055e-09 8.23823e-09 1.20974e-08 1.74178e-08 2.47401e-08 3.46971e-08 4.78296e-08 6.48157e-08 8.93031e-08 1.36134e-07 2.43913e-07 4.99316e-07 1.1446e-06 2.70149e-06 5.94737e-06 1.13143e-05 1.82465e-05 2.45822e-05 2.76963e-05 2.68736e-05 2.21849e-05 1.62233e-05 1.0813e-05 6.66232e-06 3.86877e-06 2.18346e-06 1.22586e-06 6.9632e-07 4.06375e-07 2.46596e-07 1.56424e-07 1.0363e-07 7.12683e-08 5.03736e-08 3.61487e-08 2.59935e-08 1.84838e-08 1.28222e-08 8.53838e-09 5.33354e-09 3.01151e-09 1.46732e-09 
3.80891e-10 6.5003e-10 9.59476e-10 1.2735e-09 1.64702e-09 2.26767e-09 3.40721e-09 5.29527e-09 8.10948e-09 1.20501e-08 1.74178e-08 2.46875e-08 3.45243e-08 4.7602e-08 6.4107e-08 8.34861e-08 1.07119e-07 1.50085e-07 2.8168e-07 6.92711e-07 1.81579e-06 4.3613e-06 9.20553e-06 1.62897e-05 2.41151e-05 2.99603e-05 3.12908e-05 2.84763e-05 2.22709e-05 1.54916e-05 9.77105e-06 5.73152e-06 3.24584e-06 1.8214e-06 1.0317e-06 6.00045e-07 3.63318e-07 2.30455e-07 1.53046e-07 1.05755e-07 7.52512e-08 5.44413e-08 3.95081e-08 2.83848e-08 1.99344e-08 1.34977e-08 8.65483e-09 5.10922e-09 2.6606e-09 1.17988e-09 
3.69924e-10 6.71849e-10 1.08737e-09 1.53266e-09 1.9788e-09 2.52211e-09 3.44939e-09 5.14478e-09 7.90028e-09 1.19143e-08 1.73991e-08 2.46875e-08 3.43258e-08 4.70496e-08 6.33699e-08 8.24512e-08 1.00759e-07 1.14058e-07 1.50722e-07 3.99987e-07 1.19491e-06 3.11567e-06 6.8781e-06 1.29962e-05 2.03968e-05 2.73898e-05 3.16005e-05 3.12443e-05 2.75574e-05 2.08424e-05 1.37599e-05 8.26452e-06 4.73582e-06 2.67011e-06 1.51343e-06 8.79149e-07 5.31968e-07 3.3782e-07 2.25108e-07 1.56424e-07 1.12131e-07 8.18251e-08 5.99386e-08 4.34934e-08 3.08837e-08 2.11988e-08 1.38655e-08 8.46214e-09 4.65344e-09 2.21098e-09 
6.59112e-10 1.16131e-09 1.78556e-09 2.42706e-09 3.06288e-09 3.85104e-09 5.2216e-09 7.70864e-09 1.16679e-08 1.72875e-08 2.47401e-08 3.43258e-08 4.65832e-08 6.21704e-08 8.10263e-08 1.00243e-07 1.11834e-07 1.14463e-07 2.54571e-07 8.33185e-07 2.27163e-06 5.13854e-06 9.72332e-06 1.54879e-05 2.13516e-05 2.60289e-05 2.8253e-05 2.76116e-05 2.42549e-05 1.79556e-05 1.13739e-05 6.70288e-06 3.8326e-06 2.18696e-06 1.2737e-06 7.72248e-07 4.91924e-07 3.29399e-07 2.30455e-07 1.6659e-07 1.22711e-07 9.07745e-08 6.65265e-08 4.7728e-08 3.31451e-08 2.20168e-08 1.37712e-08 7.90231e-09 3.99643e-09 1.73738e-09 
6.27157e-10 1.16297e-09 1.96459e-09 2.89064e-09 3.81621e-09 4.72268e-09 5.85842e-09 7.85595e-09 1.14444e-08 1.70285e-08 2.47151e-08 3.45243e-08 4.65832e-08 6.12517e-08 7.88477e-08 9.82399e-08 1.14503e-07 1.27681e-07 2.18484e-07 6.5734e-07 1.73556e-06 3.94281e-06 7.30781e-06 1.23313e-05 1.70733e-05 2.08952e-05 2.32595e-05 2.27002e-05 2.14474e-05 1.89327e-05 1.4254e-05 9.01847e-06 5.31583e-06 3.08709e-06 1.81465e-06 1.10738e-06 7.09843e-07 4.78746e-07 3.3782e-07 2.46596e-07 1.83553e-07 1.37219e-07 1.01599e-07 7.3624e-08 5.16644e-08 3.47482e-08 2.21355e-08 1.31086e-08 6.98219e-09 3.2233e-09 
1.10435e-09 2.01912e-09 3.25788e-09 4.62612e-09 5.96262e-09 7.25146e-09 8.86892e-09 1.17276e-08 1.68021e-08 2.44983e-08 3.46971e-08 4.70496e-08 6.12517e-08 7.72293e-08 9.48381e-08 1.1289e-07 1.3627e-07 2.33887e-07 5.61527e-07 1.42393e-06 2.98236e-06 6.12871e-06 1.03984e-05 1.52773e-05 1.92786e-05 2.12856e-05 2.05188e-05 1.86652e-05 1.63748e-05 1.38492e-05 1.08123e-05 6.97314e-06 4.19809e-06 2.51906e-06 1.55926e-06 1.01113e-06 6.89387e-07 4.91924e-07 3.63318e-07 2.73681e-07 2.06981e-07 1.5492e-07 1.13403e-07 8.03587e-08 5.46157e-08 3.52773e-08 2.13742e-08 1.18566e-08 5.79905e-09 2.46941e-09 
1.02074e-09 1.94033e-09 3.43324e-09 5.31364e-09 7.33176e-09 9.26051e-09 1.10801e-08 1.33409e-08 1.7334e-08 2.43291e-08 3.46232e-08 4.7602e-08 6.21704e-08 7.72293e-08 9.22686e-08 1.08645e-07 1.36437e-07 2.31509e-07 5.38265e-07 1.16144e-06 2.56891e-06 4.87296e-06 8.13628e-06 1.20368e-05 1.49932e-05 1.72919e-05 1.84694e-05 1.74158e-05 1.55771e-05 1.29564e-05 1.02572e-05 7.82229e-06 5.37728e-06 3.35693e-06 2.13476e-06 1.41295e-06 9.79727e-07 7.09843e-07 5.31968e-07 4.06375e-07 3.11372e-07 2.35806e-07 1.74436e-07 1.24793e-07 8.56028e-08 5.58945e-08 3.44317e-08 1.96769e-08 1.01081e-08 4.52315e-09 
1.76938e-09 3.36591e-09 5.71514e-09 8.54747e-09 1.15208e-08 1.42957e-08 1.68296e-08 1.9899e-08 2.52931e-08 3.46132e-08 4.78296e-08 6.33699e-08 7.88477e-08 9.22686e-08 1.05107e-07 1.33191e-07 2.25935e-07 4.81608e-07 1.03681e-06 2.10394e-06 3.73339e-06 6.08264e-06 8.17225e-06 9.67178e-06 1.09723e-05 1.20672e-05 1.28372e-05 1.33336e-05 1.18675e-05 9.21773e-06 7.47967e-06 5.79273e-06 4.17543e-06 2.79882e-06 1.91734e-06 1.36551e-06 1.01113e-06 7.72248e-07 6.00045e-07 4.66761e-07 3.58131e-07 2.67923e-07 1.93548e-07 1.3391e-07 8.82111e-08 5.50021e-08 3.2105e-08 1.71429e-08 8.08541e-09 3.37496e-09 
1.58062e-09 3.08339e-09 5.72204e-09 9.34094e-09 1.35898e-08 1.79617e-08 2.19252e-08 2.53705e-08 2.93489e-08 3.62858e-08 4.81183e-08 6.4107e-08 8.10263e-08 9.48381e-08 1.05107e-07 1.29198e-07 2.22243e-07 4.40434e-07 8.91508e-07 1.63434e-06 2.77174e-06 4.0015e-06 5.13341e-06 6.28464e-06 7.02823e-06 7.5995e-06 8.05917e-06 8.40953e-06 8.29154e-06 7.90871e-06 6.72795e-06 5.58733e-06 4.53982e-06 3.39685e-06 2.48839e-06 1.84743e-06 1.41295e-06 1.10738e-06 8.79149e-07 6.9632e-07 5.42301e-07 4.10765e-07 2.99803e-07 2.09174e-07 1.38834e-07 8.73559e-08 5.17542e-08 2.84221e-08 1.40397e-08 6.08505e-09 
2.68708e-09 5.32142e-09 9.51576e-09 1.50346e-08 2.13903e-08 2.77913e-08 3.33757e-08 3.7872e-08 4.26334e-08 5.08713e-08 6.48157e-08 8.24512e-08 9.82399e-08 1.08645e-07 1.29198e-07 2.16179e-07 4.22714e-07 7.79292e-07 1.2874e-06 1.97504e-06 2.52636e-06 3.30287e-06 3.91853e-06 4.66911e-06 5.07648e-06 5.29273e-06 5.36381e-06 5.20283e-06 5.20223e-06 5.20463e-06 4.80541e-06 4.24958e-06 3.69055e-06 2.98014e-06 2.39074e-06 1.91734e-06 1.55926e-06 1.2737e-06 1.0317e-06 8.17785e-07 6.28206e-07 4.63694e-07 3.26328e-07 2.18081e-07 1.38188e-07 8.27278e-08 4.63282e-08 2.37434e-08 1.0786e-08 4.42489e-09 
2.31681e-09 4.62895e-09 9.00769e-09 1.55223e-08 2.38917e-08 3.33659e-08 4.26621e-08 5.03465e-08 5.57993e-08 6.06438e-08 6.90418e-08 8.34861e-08 1.00243e-07 1.1289e-07 1.33191e-07 2.16179e-07 4.09251e-07 6.86483e-07 1.0255e-06 1.37611e-06 1.73597e-06 2.10397e-06 2.6232e-06 3.00111e-06 3.39441e-06 3.57242e-06 3.63204e-06 3.55975e-06 3.49051e-06 3.48402e-06 3.40632e-06 3.36059e-06 3.42035e-06 3.23336e-06 2.86262e-06 2.48839e-06 2.13476e-06 1.81465e-06 1.51343e-06 1.22586e-06 9.57365e-07 7.15726e-07 5.0841e-07 3.42028e-07 2.17979e-07 1.31461e-07 7.45981e-08 3.92587e-08 1.86254e-08 7.82891e-09 
3.84922e-09 7.92178e-09 1.49126e-08 2.49172e-08 3.75586e-08 5.16036e-08 6.49177e-08 7.5078e-08 8.07639e-08 8.37178e-08 8.93031e-08 1.00759e-07 1.14503e-07 1.36437e-07 2.22243e-07 4.09251e-07 6.49604e-07 8.52205e-07 9.8264e-07 1.20569e-06 1.49084e-06 1.73801e-06 2.06973e-06 2.28481e-06 2.46631e-06 2.54324e-06 2.55096e-06 2.51562e-06 2.45923e-06 2.4219e-06 2.40584e-06 2.57461e-06 2.96388e-06 3.0847e-06 2.98014e-06 2.79882e-06 2.51906e-06 2.18696e-06 1.8214e-06 1.45144e-06 1.1015e-06 7.90712e-07 5.35616e-07 3.43093e-07 2.08026e-07 1.19081e-07 6.38039e-08 3.13527e-08 1.37304e-08 5.56199e-09 
3.20996e-09 6.53638e-09 1.33128e-08 2.42094e-08 3.94769e-08 5.84879e-08 7.91237e-08 9.77682e-08 1.10293e-07 1.14045e-07 1.10538e-07 1.07119e-07 1.11834e-07 1.3627e-07 2.25935e-07 4.22714e-07 6.49604e-07 7.84075e-07 8.20962e-07 9.08429e-07 1.07058e-06 1.26278e-06 1.42934e-06 1.62724e-06 1.75015e-06 1.84179e-06 1.87566e-06 1.87749e-06 1.84483e-06 1.80958e-06 1.81574e-06 1.87531e-06 2.1559e-06 2.79726e-06 3.23336e-06 3.39685e-06 3.35693e-06 3.08709e-06 2.67011e-06 2.18346e-06 1.68774e-06 1.22671e-06 8.37304e-07 5.38991e-07 3.28158e-07 1.88912e-07 1.02397e-07 5.15962e-08 2.35328e-08 9.62672e-09 
5.1958e-09 1.10647e-08 2.18884e-08 3.86754e-08 6.18722e-08 9.02939e-08 1.20199e-07 1.45391e-07 1.58831e-07 1.55482e-07 1.36134e-07 1.14058e-07 1.27681e-07 2.31509e-07 4.40434e-07 6.86483e-07 7.84075e-07 7.42677e-07 7.58692e-07 8.3699e-07 9.40136e-07 1.06427e-06 1.17261e-06 1.29039e-06 1.36715e-06 1.41677e-06 1.43214e-06 1.42799e-06 1.41582e-06 1.41786e-06 1.46505e-06 1.5903e-06 2.00523e-06 2.96388e-06 3.69055e-06 4.17543e-06 4.19809e-06 3.8326e-06 3.24584e-06 2.56865e-06 1.89599e-06 1.30582e-06 8.45054e-07 5.1634e-07 2.98325e-07 1.6284e-07 8.34226e-08 3.93533e-08 1.66662e-08 6.71016e-09 
4.21195e-09 8.6764e-09 1.84244e-08 3.53007e-08 6.10008e-08 9.60993e-08 1.38237e-07 1.80703e-07 2.12825e-07 2.22713e-07 2.0153e-07 1.50085e-07 1.14463e-07 2.33887e-07 4.81608e-07 7.79292e-07 8.52205e-07 7.42677e-07 6.74856e-07 7.02765e-07 7.55842e-07 8.19974e-07 8.9757e-07 9.68359e-07 1.04179e-06 1.09092e-06 1.1192e-06 1.12857e-06 1.13573e-06 1.1486e-06 1.18616e-06 1.29158e-06 1.50527e-06 2.1559e-06 3.42035e-06 4.53982e-06 5.37728e-06 5.31583e-06 4.73582e-06 3.86877e-06 2.91361e-06 2.02946e-06 1.32165e-06 8.10478e-07 4.69421e-07 2.57223e-07 1.33111e-07 6.43217e-08 2.82954e-08 1.13271e-08 
6.62603e-09 1.45031e-08 3.00432e-08 5.6058e-08 9.52564e-08 1.48112e-07 2.09883e-07 2.68445e-07 3.05489e-07 3.01565e-07 2.43913e-07 1.50722e-07 2.18484e-07 5.38265e-07 8.91508e-07 1.0255e-06 8.20962e-07 6.74856e-07 6.31716e-07 6.46237e-07 6.75668e-07 7.13859e-07 7.62798e-07 8.10637e-07 8.57782e-07 8.89992e-07 9.10356e-07 9.26475e-07 9.48718e-07 9.86649e-07 1.06913e-06 1.242e-06 1.5903e-06 2.57461e-06 4.24958e-06 5.79273e-06 6.97314e-06 6.70288e-06 5.73152e-06 4.43738e-06 3.13767e-06 2.06007e-06 1.26878e-06 7.36336e-07 4.0421e-07 2.10315e-07 1.03221e-07 4.6916e-08 1.93129e-08 7.78919e-09 
5.25825e-09 1.08622e-08 2.39068e-08 4.8098e-08 8.79839e-08 1.47616e-07 2.26779e-07 3.16032e-07 3.93534e-07 4.2851e-07 3.92125e-07 2.8168e-07 2.54571e-07 5.61527e-07 1.03681e-06 1.2874e-06 9.8264e-07 7.58692e-07 6.31716e-07 5.92128e-07 5.89212e-07 6.01553e-07 6.24288e-07 6.56263e-07 6.8917e-07 7.20721e-07 7.45344e-07 7.67591e-07 7.9375e-07 8.33013e-07 9.01487e-07 1.03419e-06 1.29158e-06 1.87531e-06 3.36059e-06 5.58733e-06 7.82229e-06 9.01847e-06 8.26452e-06 6.66232e-06 4.81218e-06 3.19529e-06 1.97956e-06 1.15142e-06 6.32462e-07 3.29809e-07 1.63335e-07 7.60054e-08 3.24175e-08 1.27883e-08 
8.03039e-09 1.79174e-08 3.86548e-08 7.59189e-08 1.36947e-07 2.27509e-07 3.45393e-07 4.72223e-07 5.69279e-07 5.87877e-07 4.99316e-07 3.99987e-07 6.5734e-07 1.16144e-06 1.63434e-06 1.37611e-06 9.08429e-07 7.02765e-07 5.92128e-07 5.48021e-07 5.33895e-07 5.36831e-07 5.5073e-07 5.72241e-07 5.95688e-07 6.19779e-07 6.4386e-07 6.71773e-07 7.10067e-07 7.70475e-07 8.7514e-07 1.06913e-06 1.46505e-06 2.40584e-06 4.80541e-06 7.47967e-06 1.08123e-05 1.13739e-05 9.77105e-06 7.28767e-06 4.91954e-06 3.07419e-06 1.79403e-06 9.85679e-07 5.14069e-07 2.55685e-07 1.20793e-07 5.32003e-08 2.14259e-08 8.72901e-09 
6.2858e-09 1.29172e-08 2.92504e-08 6.14658e-08 1.18654e-07 2.12056e-07 3.49528e-07 5.24286e-07 7.01717e-07 8.15896e-07 8.02031e-07 6.92711e-07 8.33185e-07 1.42393e-06 2.10394e-06 1.97504e-06 1.20569e-06 8.3699e-07 6.46237e-07 5.48021e-07 5.02005e-07 4.83695e-07 4.82195e-07 4.90904e-07 5.0617e-07 5.24898e-07 5.47273e-07 5.74368e-07 6.10456e-07 6.64002e-07 7.50704e-07 9.01487e-07 1.18616e-06 1.81574e-06 3.40632e-06 6.72795e-06 1.02572e-05 1.4254e-05 1.37599e-05 1.0813e-05 7.48815e-06 4.74187e-06 2.78248e-06 1.52978e-06 7.97037e-07 3.96844e-07 1.89097e-07 8.5271e-08 3.54946e-08 1.39053e-08 
9.3274e-09 2.10455e-08 4.69621e-08 9.65577e-08 1.8437e-07 3.27682e-07 5.36773e-07 7.95695e-07 1.04238e-06 1.17366e-06 1.1446e-06 1.19491e-06 1.73556e-06 2.56891e-06 2.77174e-06 1.73597e-06 1.07058e-06 7.55842e-07 5.89212e-07 5.02005e-07 4.58596e-07 4.40141e-07 4.36808e-07 4.42707e-07 4.55067e-07 4.72748e-07 4.96691e-07 5.29286e-07 5.7631e-07 6.49278e-07 7.70475e-07 9.86649e-07 1.41786e-06 2.4219e-06 5.20463e-06 9.21773e-06 1.38492e-05 1.79556e-05 1.54916e-05 1.11919e-05 7.23954e-06 4.2881e-06 2.36259e-06 1.22942e-06 6.11512e-07 2.92514e-07 1.33953e-07 5.75667e-08 2.28461e-08 9.47861e-09 
7.2463e-09 1.47439e-08 3.41035e-08 7.43323e-08 1.50578e-07 2.85933e-07 5.06985e-07 8.26873e-07 1.21325e-06 1.56245e-06 1.73667e-06 1.81579e-06 2.27163e-06 2.98236e-06 3.73339e-06 2.52636e-06 1.49084e-06 9.40136e-07 6.75668e-07 5.33895e-07 4.58596e-07 4.20147e-07 4.03271e-07 3.99623e-07 4.04628e-07 4.16643e-07 4.35657e-07 4.63449e-07 5.03945e-07 5.65334e-07 6.64002e-07 8.33013e-07 1.1486e-06 1.80958e-06 3.48402e-06 7.90871e-06 1.29564e-05 1.89327e-05 2.08424e-05 1.62233e-05 1.08753e-05 6.54683e-06 3.6256e-06 1.88578e-06 9.36107e-07 4.48076e-07 2.07034e-07 9.11575e-08 3.72961e-08 1.46241e-08 
1.04839e-08 2.37979e-08 5.45434e-08 1.16543e-07 2.34177e-07 4.44238e-07 7.88103e-07 1.28281e-06 1.86968e-06 2.39029e-06 2.70149e-06 3.11567e-06 3.94281e-06 4.87296e-06 4.0015e-06 2.10397e-06 1.26278e-06 8.19974e-07 6.01553e-07 4.83695e-07 4.20147e-07 3.8721e-07 3.72637e-07 3.69791e-07 3.75456e-07 3.88872e-07 4.10957e-07 4.44607e-07 4.95764e-07 5.7631e-07 7.10067e-07 9.48718e-07 1.41582e-06 2.45923e-06 5.20223e-06 1.18675e-05 1.63748e-05 2.42549e-05 2.22709e-05 1.59038e-05 9.85158e-06 5.51426e-06 2.87313e-06 1.42348e-06 6.80504e-07 3.15783e-07 1.41337e-07 5.97077e-08 2.352e-08 1.00088e-08 
8.10924e-09 1.635e-08 3.84359e-08 8.62578e-08 1.81909e-07 3.64694e-07 6.9377e-07 1.23478e-06 2.01123e-06 2.92465e-06 3.74907e-06 4.3613e-06 5.13854e-06 6.12871e-06 6.08264e-06 3.30287e-06 1.73801e-06 1.06427e-06 7.13859e-07 5.36831e-07 4.40141e-07 3.8721e-07 3.59623e-07 3.47763e-07 3.46615e-07 3.54065e-07 3.70168e-07 3.96839e-07 4.38501e-07 5.03945e-07 6.10456e-07 7.9375e-07 1.13573e-06 1.84483e-06 3.49051e-06 8.29154e-06 1.55771e-05 2.14474e-05 2.75574e-05 2.21849e-05 1.44776e-05 8.27502e-06 4.33851e-06 2.14847e-06 1.0251e-06 4.76291e-07 2.1534e-07 9.33107e-08 3.77897e-08 1.49412e-08 
1.1509e-08 2.62721e-08 6.15078e-08 1.35482e-07 2.83933e-07 5.70647e-07 1.09181e-06 1.95334e-06 3.18874e-06 4.63302e-06 5.94737e-06 6.8781e-06 7.30781e-06 8.13628e-06 5.13341e-06 2.6232e-06 1.42934e-06 8.9757e-07 6.24288e-07 4.82195e-07 4.03271e-07 3.59623e-07 3.37075e-07 3.28235e-07 3.29432e-07 3.39511e-07 3.59401e-07 3.92248e-07 4.44607e-07 5.29286e-07 6.71773e-07 9.26475e-07 1.42799e-06 2.51562e-06 5.20283e-06 1.33336e-05 1.86652e-05 2.76116e-05 2.84763e-05 2.0424e-05 1.21545e-05 6.46757e-06 3.21272e-06 1.53104e-06 7.11146e-07 3.23344e-07 1.42653e-07 5.96681e-08 2.34923e-08 1.03101e-08 
8.85662e-09 1.78155e-08 4.24929e-08 9.75727e-08 2.12286e-07 4.44661e-07 8.9899e-07 1.73268e-06 3.11621e-06 5.08766e-06 7.33426e-06 9.20553e-06 9.72332e-06 1.03984e-05 8.17225e-06 3.91853e-06 2.06973e-06 1.17261e-06 7.62798e-07 5.5073e-07 4.36808e-07 3.72637e-07 3.37075e-07 3.19273e-07 3.13633e-07 3.17645e-07 3.31078e-07 3.55888e-07 3.96839e-07 4.63449e-07 5.74368e-07 7.67591e-07 1.12857e-06 1.87749e-06 3.55975e-06 8.40953e-06 1.74158e-05 2.27002e-05 3.12443e-05 2.68736e-05 1.72186e-05 9.45056e-06 4.74329e-06 2.26402e-06 1.05128e-06 4.7941e-07 2.14052e-07 9.19753e-08 3.71186e-08 1.48941e-08 
1.24285e-08 2.86505e-08 6.82864e-08 1.53931e-07 3.32944e-07 6.99941e-07 1.42598e-06 2.76679e-06 4.98483e-06 8.06934e-06 1.13143e-05 1.29962e-05 1.23313e-05 1.20368e-05 6.28464e-06 3.00111e-06 1.62724e-06 9.68359e-07 6.56263e-07 4.90904e-07 3.99623e-07 3.47763e-07 3.19273e-07 3.05902e-07 3.03553e-07 3.10776e-07 3.28317e-07 3.59401e-07 4.10957e-07 4.96691e-07 6.4386e-07 9.10356e-07 1.43214e-06 2.55096e-06 5.36381e-06 1.28372e-05 2.05188e-05 2.8253e-05 3.12908e-05 2.29649e-05 1.33617e-05 6.86994e-06 3.30475e-06 1.53727e-06 7.02474e-07 3.16124e-07 1.38588e-07 5.77852e-08 2.28837e-08 1.03889e-08 
9.47504e-09 1.92229e-08 4.65541e-08 1.08844e-07 2.42235e-07 5.23531e-07 1.10705e-06 2.27142e-06 4.41929e-06 7.9075e-06 1.24732e-05 1.62897e-05 1.54879e-05 1.52773e-05 9.67178e-06 4.66911e-06 2.28481e-06 1.29039e-06 8.10637e-07 5.72241e-07 4.42707e-07 3.69791e-07 3.28235e-07 3.05902e-07 2.96638e-07 2.97654e-07 3.08522e-07 3.31078e-07 3.70168e-07 4.35657e-07 5.47273e-07 7.45344e-07 1.1192e-06 1.87566e-06 3.63204e-06 8.05917e-06 1.84694e-05 2.32595e-05 3.16005e-05 2.76963e-05 1.7898e-05 9.64758e-06 4.73387e-06 2.21796e-06 1.01697e-06 4.60319e-07 2.04749e-07 8.78577e-08 3.55524e-08 1.45481e-08 
1.32569e-08 3.10505e-08 7.51633e-08 1.72329e-07 3.80852e-07 8.24958e-07 1.75437e-06 3.61239e-06 6.98974e-06 1.22349e-05 1.82465e-05 2.03968e-05 1.70733e-05 1.49932e-05 7.02823e-06 3.39441e-06 1.75015e-06 1.04179e-06 6.8917e-07 5.0617e-07 4.04628e-07 3.46615e-07 3.13633e-07 2.96638e-07 2.91203e-07 2.95713e-07 3.10776e-07 3.39511e-07 3.88872e-07 4.72748e-07 6.19779e-07 8.89992e-07 1.41677e-06 2.54324e-06 5.29273e-06 1.20672e-05 2.12856e-05 2.60289e-05 2.99603e-05 2.19914e-05 1.28892e-05 6.58333e-06 3.14069e-06 1.45172e-06 6.61201e-07 2.97363e-07 1.30517e-07 5.45888e-08 2.18597e-08 1.02615e-08 
9.94962e-09 2.05931e-08 5.06751e-08 1.20105e-07 2.71394e-07 5.98052e-07 1.29908e-06 2.77013e-06 5.6835e-06 1.07898e-05 1.80439e-05 2.41151e-05 2.13516e-05 1.92786e-05 1.09723e-05 5.07648e-06 2.46631e-06 1.36715e-06 8.57782e-07 5.95688e-07 4.55067e-07 3.75456e-07 3.29432e-07 3.03553e-07 2.91203e-07 2.89413e-07 2.97654e-07 3.17645e-07 3.54065e-07 4.16643e-07 5.24898e-07 7.20721e-07 1.09092e-06 1.84179e-06 3.57242e-06 7.5995e-06 1.72919e-05 2.08952e-05 2.73898e-05 2.45822e-05 1.59416e-05 8.73376e-06 4.3214e-06 2.03374e-06 9.35672e-07 4.25136e-07 1.89945e-07 8.19257e-08 3.34236e-08 1.39791e-08 
1.39791e-08 3.34236e-08 8.19257e-08 1.89945e-07 4.25136e-07 9.35672e-07 2.03374e-06 4.3214e-06 8.73376e-06 1.59416e-05 2.45822e-05 2.73898e-05 2.08952e-05 1.72919e-05 7.5995e-06 3.57242e-06 1.84179e-06 1.09092e-06 7.20721e-07 5.24898e-07 4.16643e-07 3.54065e-07 3.17645e-07 2.97654e-07 2.89413e-07 2.91203e-07 3.03553e-07 3.29432e-07 3.75456e-07 4.55067e-07 5.95688e-07 8.57782e-07 1.36715e-06 2.46631e-06 5.07648e-06 1.09723e-05 1.92786e-05 2.13516e-05 2.41151e-05 1.80439e-05 1.07898e-05 5.6835e-06 2.77013e-06 1.29908e-06 5.98052e-07 2.71394e-07 1.20105e-07 5.06751e-08 2.05931e-08 9.94962e-09 
1.02615e-08 2.18597e-08 5.45888e-08 1.30517e-07 2.97363e-07 6.61201e-07 1.45172e-06 3.14069e-06 6.58333e-06 1.28892e-05 2.19914e-05 2.99603e-05 2.60289e-05 2.12856e-05 1.20672e-05 5.29273e-06 2.54324e-06 1.41677e-06 8.89992e-07 6.19779e-07 4.72748e-07 3.88872e-07 3.39511e-07 3.10776e-07 2.95713e-07 2.91203e-07 2.96638e-07 3.13633e-07 3.46615e-07 4.04628e-07 5.0617e-07 6.8917e-07 1.04179e-06 1.75015e-06 3.39441e-06 7.02823e-06 1.49932e-05 1.70733e-05 2.03968e-05 1.82465e-05 1.22349e-05 6.98974e-06 3.61239e-06 1.75437e-06 8.24958e-07 3.80852e-07 1.72329e-07 7.51633e-08 3.10505e-08 1.32569e-08 
1.45481e-08 3.55524e-08 8.78577e-08 2.04749e-07 4.60319e-07 1.01697e-06 2.21796e-06 4.73387e-06 9.64758e-06 1.7898e-05 2.76963e-05 3.16005e-05 2.32595e-05 1.84694e-05 8.05917e-06 3.63204e-06 1.87566e-06 1.1192e-06 7.45344e-07 5.47273e-07 4.35657e-07 3.70168e-07 3.31078e-07 3.08522e-07 2.97654e-07 2.96638e-07 3.05902e-07 3.28235e-07 3.69791e-07 4.42707e-07 5.72241e-07 8.10637e-07 1.29039e-06 2.28481e-06 4.66911e-06 9.67178e-06 1.52773e-05 1.54879e-05 1.62897e-05 1.24732e-05 7.9075e-06 4.41929e-06 2.27142e-06 1.10705e-06 5.23531e-07 2.42235e-07 1.08844e-07 4.65541e-08 1.92229e-08 9.47504e-09 
1.03889e-08 2.28837e-08 5.77852e-08 1.38588e-07 3.16124e-07 7.02474e-07 1.53727e-06 3.30475e-06 6.86994e-06 1.33617e-05 2.29649e-05 3.12908e-05 2.8253e-05 2.05188e-05 1.28372e-05 5.36381e-06 2.55096e-06 1.43214e-06 9.10356e-07 6.4386e-07 4.96691e-07 4.10957e-07 3.59401e-07 3.28317e-07 3.10776e-07 3.03553e-07 3.05902e-07 3.19273e-07 3.47763e-07 3.99623e-07 4.90904e-07 6.56263e-07 9.68359e-07 1.62724e-06 3.00111e-06 6.28464e-06 1.20368e-05 1.23313e-05 1.29962e-05 1.13143e-05 8.06934e-06 4.98483e-06 2.76679e-06 1.42598e-06 6.99941e-07 3.32944e-07 1.53931e-07 6.82864e-08 2.86505e-08 1.24285e-08 
1.48941e-08 3.71186e-08 9.19753e-08 2.14052e-07 4.7941e-07 1.05128e-06 2.26402e-06 4.74329e-06 9.45056e-06 1.72186e-05 2.68736e-05 3.12443e-05 2.27002e-05 1.74158e-05 8.40953e-06 3.55975e-06 1.87749e-06 1.12857e-06 7.67591e-07 5.74368e-07 4.63449e-07 3.96839e-07 3.55888e-07 3.31078e-07 3.17645e-07 3.13633e-07 3.19273e-07 3.37075e-07 3.72637e-07 4.36808e-07 5.5073e-07 7.62798e-07 1.17261e-06 2.06973e-06 3.91853e-06 8.17225e-06 1.03984e-05 9.72332e-06 9.20553e-06 7.33426e-06 5.08766e-06 3.11621e-06 1.73268e-06 8.9899e-07 4.44661e-07 2.12286e-07 9.75727e-08 4.24929e-08 1.78155e-08 8.85662e-09 
1.03101e-08 2.34923e-08 5.96681e-08 1.42653e-07 3.23344e-07 7.11146e-07 1.53104e-06 3.21272e-06 6.46757e-06 1.21545e-05 2.0424e-05 2.84763e-05 2.76116e-05 1.86652e-05 1.33336e-05 5.20283e-06 2.51562e-06 1.42799e-06 9.26475e-07 6.71773e-07 5.29286e-07 4.44607e-07 3.92248e-07 3.59401e-07 3.39511e-07 3.29432e-07 3.28235e-07 3.37075e-07 3.59623e-07 4.03271e-07 4.82195e-07 6.24288e-07 8.9757e-07 1.42934e-06 2.6232e-06 5.13341e-06 8.13628e-06 7.30781e-06 6.8781e-06 5.94737e-06 4.63302e-06 3.18874e-06 1.95334e-06 1.09181e-06 5.70647e-07 2.83933e-07 1.35482e-07 6.15078e-08 2.62721e-08 1.1509e-08 
1.49412e-08 3.77897e-08 9.33107e-08 2.1534e-07 4.76291e-07 1.0251e-06 2.14847e-06 4.33851e-06 8.27502e-06 1.44776e-05 2.21849e-05 2.75574e-05 2.14474e-05 1.55771e-05 8.29154e-06 3.49051e-06 1.84483e-06 1.13573e-06 7.9375e-07 6.10456e-07 5.03945e-07 4.38501e-07 3.96839e-07 3.70168e-07 3.54065e-07 3.46615e-07 3.47763e-07 3.59623e-07 3.8721e-07 4.40141e-07 5.36831e-07 7.13859e-07 1.06427e-06 1.73801e-06 3.30287e-06 6.08264e-06 6.12871e-06 5.13854e-06 4.3613e-06 3.74907e-06 2.92465e-06 2.01123e-06 1.23478e-06 6.9377e-07 3.64694e-07 1.81909e-07 8.62578e-08 3.84359e-08 1.635e-08 8.10924e-09 
1.00088e-08 2.352e-08 5.97077e-08 1.41337e-07 3.15783e-07 6.80504e-07 1.42348e-06 2.87313e-06 5.51426e-06 9.85158e-06 1.59038e-05 2.22709e-05 2.42549e-05 1.63748e-05 1.18675e-05 5.20223e-06 2.45923e-06 1.41582e-06 9.48718e-07 7.10067e-07 5.7631e-07 4.95764e-07 4.44607e-07 4.10957e-07 3.88872e-07 3.75456e-07 3.69791e-07 3.72637e-07 3.8721e-07 4.20147e-07 4.83695e-07 6.01553e-07 8.19974e-07 1.26278e-06 2.10397e-06 4.0015e-06 4.87296e-06 3.94281e-06 3.11567e-06 2.70149e-06 2.39029e-06 1.86968e-06 1.28281e-06 7.88103e-07 4.44238e-07 2.34177e-07 1.16543e-07 5.45434e-08 2.37979e-08 1.04839e-08 
1.46241e-08 3.72961e-08 9.11575e-08 2.07034e-07 4.48076e-07 9.36107e-07 1.88578e-06 3.6256e-06 6.54683e-06 1.08753e-05 1.62233e-05 2.08424e-05 1.89327e-05 1.29564e-05 7.90871e-06 3.48402e-06 1.80958e-06 1.1486e-06 8.33013e-07 6.64002e-07 5.65334e-07 5.03945e-07 4.63449e-07 4.35657e-07 4.16643e-07 4.04628e-07 3.99623e-07 4.03271e-07 4.20147e-07 4.58596e-07 5.33895e-07 6.75668e-07 9.40136e-07 1.49084e-06 2.52636e-06 3.73339e-06 2.98236e-06 2.27163e-06 1.81579e-06 1.73667e-06 1.56245e-06 1.21325e-06 8.26873e-07 5.06985e-07 2.85933e-07 1.50578e-07 7.43323e-08 3.41035e-08 1.47439e-08 7.2463e-09 
9.47861e-09 2.28461e-08 5.75667e-08 1.33953e-07 2.92514e-07 6.11512e-07 1.22942e-06 2.36259e-06 4.2881e-06 7.23954e-06 1.11919e-05 1.54916e-05 1.79556e-05 1.38492e-05 9.21773e-06 5.20463e-06 2.4219e-06 1.41786e-06 9.86649e-07 7.70475e-07 6.49278e-07 5.7631e-07 5.29286e-07 4.96691e-07 4.72748e-07 4.55067e-07 4.42707e-07 4.36808e-07 4.40141e-07 4.58596e-07 5.02005e-07 5.89212e-07 7.55842e-07 1.07058e-06 1.73597e-06 2.77174e-06 2.56891e-06 1.73556e-06 1.19491e-06 1.1446e-06 1.17366e-06 1.04238e-06 7.95695e-07 5.36773e-07 3.27682e-07 1.8437e-07 9.65577e-08 4.69621e-08 2.10455e-08 9.3274e-09 
1.39053e-08 3.54946e-08 8.5271e-08 1.89097e-07 3.96844e-07 7.97037e-07 1.52978e-06 2.78248e-06 4.74187e-06 7.48815e-06 1.0813e-05 1.37599e-05 1.4254e-05 1.02572e-05 6.72795e-06 3.40632e-06 1.81574e-06 1.18616e-06 9.01487e-07 7.50704e-07 6.64002e-07 6.10456e-07 5.74368e-07 5.47273e-07 5.24898e-07 5.0617e-07 4.90904e-07 4.82195e-07 4.83695e-07 5.02005e-07 5.48021e-07 6.46237e-07 8.3699e-07 1.20569e-06 1.97504e-06 2.10394e-06 1.42393e-06 8.33185e-07 6.92711e-07 8.02031e-07 8.15896e-07 7.01717e-07 5.24286e-07 3.49528e-07 2.12056e-07 1.18654e-07 6.14658e-08 2.92504e-08 1.29172e-08 6.2858e-09 
8.72901e-09 2.14259e-08 5.32003e-08 1.20793e-07 2.55685e-07 5.14069e-07 9.85679e-07 1.79403e-06 3.07419e-06 4.91954e-06 7.28767e-06 9.77105e-06 1.13739e-05 1.08123e-05 7.47967e-06 4.80541e-06 2.40584e-06 1.46505e-06 1.06913e-06 8.7514e-07 7.70475e-07 7.10067e-07 6.71773e-07 6.4386e-07 6.19779e-07 5.95688e-07 5.72241e-07 5.5073e-07 5.36831e-07 5.33895e-07 5.48021e-07 5.92128e-07 7.02765e-07 9.08429e-07 1.37611e-06 1.63434e-06 1.16144e-06 6.5734e-07 3.99987e-07 4.99316e-07 5.87877e-07 5.69279e-07 4.72223e-07 3.45393e-07 2.27509e-07 1.36947e-07 7.59189e-08 3.86548e-08 1.79174e-08 8.03039e-09 
1.27883e-08 3.24175e-08 7.60054e-08 1.63335e-07 3.29809e-07 6.32462e-07 1.15142e-06 1.97956e-06 3.19529e-06 4.81218e-06 6.66232e-06 8.26452e-06 9.01847e-06 7.82229e-06 5.58733e-06 3.36059e-06 1.87531e-06 1.29158e-06 1.03419e-06 9.01487e-07 8.33013e-07 7.9375e-07 7.67591e-07 7.45344e-07 7.20721e-07 6.8917e-07 6.56263e-07 6.24288e-07 6.01553e-07 5.89212e-07 5.92128e-07 6.31716e-07 7.58692e-07 9.8264e-07 1.2874e-06 1.03681e-06 5.61527e-07 2.54571e-07 2.8168e-07 3.92125e-07 4.2851e-07 3.93534e-07 3.16032e-07 2.26779e-07 1.47616e-07 8.79839e-08 4.8098e-08 2.39068e-08 1.08622e-08 5.25825e-09 
7.78919e-09 1.93129e-08 4.6916e-08 1.03221e-07 2.10315e-07 4.0421e-07 7.36336e-07 1.26878e-06 2.06007e-06 3.13767e-06 4.43738e-06 5.73152e-06 6.70288e-06 6.97314e-06 5.79273e-06 4.24958e-06 2.57461e-06 1.5903e-06 1.242e-06 1.06913e-06 9.86649e-07 9.48718e-07 9.26475e-07 9.10356e-07 8.89992e-07 8.57782e-07 8.10637e-07 7.62798e-07 7.13859e-07 6.75668e-07 6.46237e-07 6.31716e-07 6.74856e-07 8.20962e-07 1.0255e-06 8.91508e-07 5.38265e-07 2.18484e-07 1.50722e-07 2.43913e-07 3.01565e-07 3.05489e-07 2.68445e-07 2.09883e-07 1.48112e-07 9.52564e-08 5.6058e-08 3.00432e-08 1.45031e-08 6.62603e-09 
1.13271e-08 2.82954e-08 6.43217e-08 1.33111e-07 2.57223e-07 4.69421e-07 8.10478e-07 1.32165e-06 2.02946e-06 2.91361e-06 3.86877e-06 4.73582e-06 5.31583e-06 5.37728e-06 4.53982e-06 3.42035e-06 2.1559e-06 1.50527e-06 1.29158e-06 1.18616e-06 1.1486e-06 1.13573e-06 1.12857e-06 1.1192e-06 1.09092e-06 1.04179e-06 9.68359e-07 8.9757e-07 8.19974e-07 7.55842e-07 7.02765e-07 6.74856e-07 7.42677e-07 8.52205e-07 7.79292e-07 4.81608e-07 2.33887e-07 1.14463e-07 1.50085e-07 2.0153e-07 2.22713e-07 2.12825e-07 1.80703e-07 1.38237e-07 9.60993e-08 6.10008e-08 3.53007e-08 1.84244e-08 8.6764e-09 4.21195e-09 
6.71016e-09 1.66662e-08 3.93533e-08 8.34226e-08 1.6284e-07 2.98325e-07 5.1634e-07 8.45054e-07 1.30582e-06 1.89599e-06 2.56865e-06 3.24584e-06 3.8326e-06 4.19809e-06 4.17543e-06 3.69055e-06 2.96388e-06 2.00523e-06 1.5903e-06 1.46505e-06 1.41786e-06 1.41582e-06 1.42799e-06 1.43214e-06 1.41677e-06 1.36715e-06 1.29039e-06 1.17261e-06 1.06427e-06 9.40136e-07 8.3699e-07 7.58692e-07 7.42677e-07 7.84075e-07 6.86483e-07 4.40434e-07 2.31509e-07 1.27681e-07 1.14058e-07 1.36134e-07 1.55482e-07 1.58831e-07 1.45391e-07 1.20199e-07 9.02939e-08 6.18722e-08 3.86754e-08 2.18884e-08 1.10647e-08 5.1958e-09 
9.62672e-09 2.35328e-08 5.15962e-08 1.02397e-07 1.88912e-07 3.28158e-07 5.38991e-07 8.37304e-07 1.22671e-06 1.68774e-06 2.18346e-06 2.67011e-06 3.08709e-06 3.35693e-06 3.39685e-06 3.23336e-06 2.79726e-06 2.1559e-06 1.87531e-06 1.81574e-06 1.80958e-06 1.84483e-06 1.87749e-06 1.87566e-06 1.84179e-06 1.75015e-06 1.62724e-06 1.42934e-06 1.26278e-06 1.07058e-06 9.08429e-07 8.20962e-07 7.84075e-07 6.49604e-07 4.22714e-07 2.25935e-07 1.3627e-07 1.11834e-07 1.07119e-07 1.10538e-07 1.14045e-07 1.10293e-07 9.77682e-08 7.91237e-08 5.84879e-08 3.94769e-08 2.42094e-08 1.33128e-08 6.53638e-09 3.20996e-09 
5.56199e-09 1.37304e-08 3.13527e-08 6.38039e-08 1.19081e-07 2.08026e-07 3.43093e-07 5.35616e-07 7.90712e-07 1.1015e-06 1.45144e-06 1.8214e-06 2.18696e-06 2.51906e-06 2.79882e-06 2.98014e-06 3.0847e-06 2.96388e-06 2.57461e-06 2.40584e-06 2.4219e-06 2.45923e-06 2.51562e-06 2.55096e-06 2.54324e-06 2.46631e-06 2.28481e-06 2.06973e-06 1.73801e-06 1.49084e-06 1.20569e-06 9.8264e-07 8.52205e-07 6.49604e-07 4.09251e-07 2.22243e-07 1.36437e-07 1.14503e-07 1.00759e-07 8.93031e-08 8.37178e-08 8.07639e-08 7.5078e-08 6.49177e-08 5.16036e-08 3.75586e-08 2.49172e-08 1.49126e-08 7.92178e-09 3.84922e-09 
7.82891e-09 1.86254e-08 3.92587e-08 7.45981e-08 1.31461e-07 2.17979e-07 3.42028e-07 5.0841e-07 7.15726e-07 9.57365e-07 1.22586e-06 1.51343e-06 1.81465e-06 2.13476e-06 2.48839e-06 2.86262e-06 3.23336e-06 3.42035e-06 3.36059e-06 3.40632e-06 3.48402e-06 3.49051e-06 3.55975e-06 3.63204e-06 3.57242e-06 3.39441e-06 3.00111e-06 2.6232e-06 2.10397e-06 1.73597e-06 1.37611e-06 1.0255e-06 6.86483e-07 4.09251e-07 2.16179e-07 1.33191e-07 1.1289e-07 1.00243e-07 8.34861e-08 6.90418e-08 6.06438e-08 5.57993e-08 5.03465e-08 4.26621e-08 3.33659e-08 2.38917e-08 1.55223e-08 9.00769e-09 4.62895e-09 2.31681e-09 
4.42489e-09 1.0786e-08 2.37434e-08 4.63282e-08 8.27278e-08 1.38188e-07 2.18081e-07 3.26328e-07 4.63694e-07 6.28206e-07 8.17785e-07 1.0317e-06 1.2737e-06 1.55926e-06 1.91734e-06 2.39074e-06 2.98014e-06 3.69055e-06 4.24958e-06 4.80541e-06 5.20463e-06 5.20223e-06 5.20283e-06 5.36381e-06 5.29273e-06 5.07648e-06 4.66911e-06 3.91853e-06 3.30287e-06 2.52636e-06 1.97504e-06 1.2874e-06 7.79292e-07 4.22714e-07 2.16179e-07 1.29198e-07 1.08645e-07 9.82399e-08 8.24512e-08 6.48157e-08 5.08713e-08 4.26334e-08 3.7872e-08 3.33757e-08 2.77913e-08 2.13903e-08 1.50346e-08 9.51576e-09 5.32142e-09 2.68708e-09 
6.08505e-09 1.40397e-08 2.84221e-08 5.17542e-08 8.73559e-08 1.38834e-07 2.09174e-07 2.99803e-07 4.10765e-07 5.42301e-07 6.9632e-07 8.79149e-07 1.10738e-06 1.41295e-06 1.84743e-06 2.48839e-06 3.39685e-06 4.53982e-06 5.58733e-06 6.72795e-06 7.90871e-06 8.29154e-06 8.40953e-06 8.05917e-06 7.5995e-06 7.02823e-06 6.28464e-06 5.13341e-06 4.0015e-06 2.77174e-06 1.63434e-06 8.91508e-07 4.40434e-07 2.22243e-07 1.29198e-07 1.05107e-07 9.48381e-08 8.10263e-08 6.4107e-08 4.81183e-08 3.62858e-08 2.93489e-08 2.53705e-08 2.19252e-08 1.79617e-08 1.35898e-08 9.34094e-09 5.72204e-09 3.08339e-09 1.58062e-09 
3.37496e-09 8.08541e-09 1.71429e-08 3.2105e-08 5.50021e-08 8.82111e-08 1.3391e-07 1.93548e-07 2.67923e-07 3.58131e-07 4.66761e-07 6.00045e-07 7.72248e-07 1.01113e-06 1.36551e-06 1.91734e-06 2.79882e-06 4.17543e-06 5.79273e-06 7.47967e-06 9.21773e-06 1.18675e-05 1.33336e-05 1.28372e-05 1.20672e-05 1.09723e-05 9.67178e-06 8.17225e-06 6.08264e-06 3.73339e-06 2.10394e-06 1.03681e-06 4.81608e-07 2.25935e-07 1.33191e-07 1.05107e-07 9.22686e-08 7.88477e-08 6.33699e-08 4.78296e-08 3.46132e-08 2.52931e-08 1.9899e-08 1.68296e-08 1.42957e-08 1.15208e-08 8.54747e-09 5.71514e-09 3.36591e-09 1.76938e-09 
4.52315e-09 1.01081e-08 1.96769e-08 3.44317e-08 5.58945e-08 8.56028e-08 1.24793e-07 1.74436e-07 2.35806e-07 3.11372e-07 4.06375e-07 5.31968e-07 7.09843e-07 9.79727e-07 1.41295e-06 2.13476e-06 3.35693e-06 5.37728e-06 7.82229e-06 1.02572e-05 1.29564e-05 1.55771e-05 1.74158e-05 1.84694e-05 1.72919e-05 1.49932e-05 1.20368e-05 8.13628e-06 4.87296e-06 2.56891e-06 1.16144e-06 5.38265e-07 2.31509e-07 1.36437e-07 1.08645e-07 9.22686e-08 7.72293e-08 6.21704e-08 4.7602e-08 3.46232e-08 2.43291e-08 1.7334e-08 1.33409e-08 1.10801e-08 9.26051e-09 7.33176e-09 5.31364e-09 3.43324e-09 1.94033e-09 1.02074e-09 
2.46941e-09 5.79905e-09 1.18566e-08 2.13742e-08 3.52773e-08 5.46157e-08 8.03587e-08 1.13403e-07 1.5492e-07 2.06981e-07 2.73681e-07 3.63318e-07 4.91924e-07 6.89387e-07 1.01113e-06 1.55926e-06 2.51906e-06 4.19809e-06 6.97314e-06 1.08123e-05 1.38492e-05 1.63748e-05 1.86652e-05 2.05188e-05 2.12856e-05 1.92786e-05 1.52773e-05 1.03984e-05 6.12871e-06 2.98236e-06 1.42393e-06 5.61527e-07 2.33887e-07 1.3627e-07 1.1289e-07 9.48381e-08 7.72293e-08 6.12517e-08 4.70496e-08 3.46971e-08 2.44983e-08 1.68021e-08 1.17276e-08 8.86892e-09 7.25146e-09 5.96262e-09 4.62612e-09 3.25788e-09 2.01912e-09 1.10435e-09 
3.2233e-09 6.98219e-09 1.31086e-08 2.21355e-08 3.47482e-08 5.16644e-08 7.3624e-08 1.01599e-07 1.37219e-07 1.83553e-07 2.46596e-07 3.3782e-07 4.78746e-07 7.09843e-07 1.10738e-06 1.81465e-06 3.08709e-06 5.31583e-06 9.01847e-06 1.4254e-05 1.89327e-05 2.14474e-05 2.27002e-05 2.32595e-05 2.08952e-05 1.70733e-05 1.23313e-05 7.30781e-06 3.94281e-06 1.73556e-06 6.5734e-07 2.18484e-07 1.27681e-07 1.14503e-07 9.82399e-08 7.88477e-08 6.12517e-08 4.65832e-08 3.45243e-08 2.47151e-08 1.70285e-08 1.14444e-08 7.85595e-09 5.85842e-09 4.72268e-09 3.81621e-09 2.89064e-09 1.96459e-09 1.16297e-09 6.27157e-10 
1.73738e-09 3.99643e-09 7.90231e-09 1.37712e-08 2.20168e-08 3.31451e-08 4.7728e-08 6.65265e-08 9.07745e-08 1.22711e-07 1.6659e-07 2.30455e-07 3.29399e-07 4.91924e-07 7.72248e-07 1.2737e-06 2.18696e-06 3.8326e-06 6.70288e-06 1.13739e-05 1.79556e-05 2.42549e-05 2.76116e-05 2.8253e-05 2.60289e-05 2.13516e-05 1.54879e-05 9.72332e-06 5.13854e-06 2.27163e-06 8.33185e-07 2.54571e-07 1.14463e-07 1.11834e-07 1.00243e-07 8.10263e-08 6.21704e-08 4.65832e-08 3.43258e-08 2.47401e-08 1.72875e-08 1.16679e-08 7.70864e-09 5.2216e-09 3.85104e-09 3.06288e-09 2.42706e-09 1.78556e-09 1.16131e-09 6.59112e-10 
2.21098e-09 4.65344e-09 8.46214e-09 1.38655e-08 2.11988e-08 3.08837e-08 4.34934e-08 5.99386e-08 8.18251e-08 1.12131e-07 1.56424e-07 2.25108e-07 3.3782e-07 5.31968e-07 8.79149e-07 1.51343e-06 2.67011e-06 4.73582e-06 8.26452e-06 1.37599e-05 2.08424e-05 2.75574e-05 3.12443e-05 3.16005e-05 2.73898e-05 2.03968e-05 1.29962e-05 6.8781e-06 3.11567e-06 1.19491e-06 3.99987e-07 1.50722e-07 1.14058e-07 1.00759e-07 8.24512e-08 6.33699e-08 4.70496e-08 3.43258e-08 2.46875e-08 1.73991e-08 1.19143e-08 7.90028e-09 5.14478e-09 3.44939e-09 2.52211e-09 1.9788e-09 1.53266e-09 1.08737e-09 6.71849e-10 3.69924e-10 
1.17988e-09 2.6606e-09 5.10922e-09 8.65483e-09 1.34977e-08 1.99344e-08 2.83848e-08 3.95081e-08 5.44413e-08 7.52512e-08 1.05755e-07 1.53046e-07 2.30455e-07 3.63318e-07 6.00045e-07 1.0317e-06 1.8214e-06 3.24584e-06 5.73152e-06 9.77105e-06 1.54916e-05 2.22709e-05 2.84763e-05 3.12908e-05 2.99603e-05 2.41151e-05 1.62897e-05 9.20553e-06 4.3613e-06 1.81579e-06 6.92711e-07 2.8168e-07 1.50085e-07 1.07119e-07 8.34861e-08 6.4107e-08 4.7602e-08 3.45243e-08 2.46875e-08 1.74178e-08 1.20501e-08 8.10948e-09 5.29527e-09 3.40721e-09 2.26767e-09 1.64702e-09 1.2735e-09 9.59476e-10 6.5003e-10 3.80891e-10 
1.46732e-09 3.01151e-09 5.33354e-09 8.53838e-09 1.28222e-08 1.84838e-08 2.59935e-08 3.61487e-08 5.03736e-08 7.12683e-08 1.0363e-07 1.56424e-07 2.46596e-07 4.06375e-07 6.9632e-07 1.22586e-06 2.18346e-06 3.86877e-06 6.66232e-06 1.0813e-05 1.62233e-05 2.21849e-05 2.68736e-05 2.76963e-05 2.45822e-05 1.82465e-05 1.13143e-05 5.94737e-06 2.70149e-06 1.1446e-06 4.99316e-07 2.43913e-07 1.36134e-07 8.93031e-08 6.48157e-08 4.78296e-08 3.46971e-08 2.47401e-08 1.74178e-08 1.20974e-08 8.23823e-09 5.46055e-09 3.51788e-09 2.24165e-09 1.48515e-09 1.07303e-09 8.15885e-10 5.93535e-10 3.79814e-10 2.12106e-10 
7.7728e-10 1.72164e-09 3.22774e-09 5.35067e-09 8.20652e-09 1.20013e-08 1.70655e-08 2.39542e-08 3.36436e-08 4.7896e-08 6.99375e-08 1.05755e-07 1.6659e-07 2.73681e-07 4.66761e-07 8.17785e-07 1.45144e-06 2.56865e-06 4.43738e-06 7.28767e-06 1.11919e-05 1.59038e-05 2.0424e-05 2.29649e-05 2.19914e-05 1.80439e-05 1.24732e-05 7.33426e-06 3.74907e-06 1.73667e-06 8.02031e-07 3.92125e-07 2.0153e-07 1.10538e-07 6.90418e-08 4.81183e-08 3.46232e-08 2.47151e-08 1.73991e-08 1.20974e-08 8.29169e-09 5.56918e-09 3.64174e-09 2.31857e-09 1.46645e-09 9.69771e-10 6.97466e-10 5.19332e-10 3.60638e-10 2.16351e-10 
9.47758e-10 1.90557e-09 3.30839e-09 5.21527e-09 7.76101e-09 1.11744e-08 1.58388e-08 2.24206e-08 3.21096e-08 4.7066e-08 7.12683e-08 1.12131e-07 1.83553e-07 3.11372e-07 5.42301e-07 9.57365e-07 1.68774e-06 2.91361e-06 4.81218e-06 7.48815e-06 1.08753e-05 1.44776e-05 1.72186e-05 1.7898e-05 1.59416e-05 1.22349e-05 8.06934e-06 4.63302e-06 2.39029e-06 1.17366e-06 5.87877e-07 3.01565e-07 1.55482e-07 8.37178e-08 5.08713e-08 3.46132e-08 2.44983e-08 1.72875e-08 1.20501e-08 8.29169e-09 5.61811e-09 3.72709e-09 2.40746e-09 1.51703e-09 9.54589e-10 6.31708e-10 4.5192e-10 3.26999e-10 2.13637e-10 1.19965e-10 
4.99562e-10 1.09007e-09 2.00751e-09 3.2812e-09 4.99102e-09 7.29176e-09 1.04462e-08 1.49074e-08 2.14761e-08 3.15942e-08 4.7896e-08 7.52512e-08 1.22711e-07 2.06981e-07 3.58131e-07 6.28206e-07 1.1015e-06 1.89599e-06 3.13767e-06 4.91954e-06 7.23954e-06 9.85158e-06 1.21545e-05 1.33617e-05 1.28892e-05 1.07898e-05 7.9075e-06 5.08766e-06 2.92465e-06 1.56245e-06 8.15896e-07 4.2851e-07 2.22713e-07 1.14045e-07 6.06438e-08 3.62858e-08 2.43291e-08 1.70285e-08 1.19143e-08 8.23823e-09 5.61811e-09 3.76747e-09 2.4712e-09 1.57838e-09 9.8584e-10 6.18689e-10 4.1053e-10 2.91147e-10 2.02051e-10 1.22617e-10 
5.99647e-10 1.18744e-09 2.03545e-09 3.18487e-09 4.73626e-09 6.86794e-09 9.88666e-09 1.43301e-08 2.11579e-08 3.21096e-08 5.03736e-08 8.18251e-08 1.37219e-07 2.35806e-07 4.10765e-07 7.15726e-07 1.22671e-06 2.02946e-06 3.19529e-06 4.74187e-06 6.54683e-06 8.27502e-06 9.45056e-06 9.64758e-06 8.73376e-06 6.98974e-06 4.98483e-06 3.18874e-06 1.86968e-06 1.04238e-06 5.69279e-07 3.05489e-07 1.58831e-07 8.07639e-08 4.26334e-08 2.52931e-08 1.68021e-08 1.16679e-08 8.10948e-09 5.56918e-09 3.76747e-09 2.50243e-09 1.62408e-09 1.02658e-09 6.36505e-10 3.99419e-10 2.65935e-10 1.85497e-10 1.21292e-10 6.78802e-11 
3.15176e-10 6.7998e-10 1.23823e-09 2.01057e-09 3.05722e-09 4.49719e-09 6.53722e-09 9.53731e-09 1.4135e-08 2.14761e-08 3.36436e-08 5.44413e-08 9.07745e-08 1.5492e-07 2.67923e-07 4.63694e-07 7.90712e-07 1.30582e-06 2.06007e-06 3.07419e-06 4.2881e-06 5.51426e-06 6.46757e-06 6.86994e-06 6.58333e-06 5.6835e-06 4.41929e-06 3.11621e-06 2.01123e-06 1.21325e-06 7.01717e-07 3.93534e-07 2.12825e-07 1.10293e-07 5.57993e-08 2.93489e-08 1.7334e-08 1.14444e-08 7.90028e-09 5.46055e-09 3.72709e-09 2.50243e-09 1.64711e-09 1.05817e-09 6.62435e-10 4.084e-10 2.56884e-10 1.71267e-10 1.15809e-10 7.0135e-11 
3.74097e-10 7.33728e-10 1.25052e-09 1.95672e-09 2.92928e-09 4.30651e-09 6.32882e-09 9.41882e-09 1.43301e-08 2.24206e-08 3.61487e-08 5.99386e-08 1.01599e-07 1.74436e-07 2.99803e-07 5.0841e-07 8.37304e-07 1.32165e-06 1.97956e-06 2.78248e-06 3.6256e-06 4.33851e-06 4.74329e-06 4.73387e-06 4.3214e-06 3.61239e-06 2.76679e-06 1.95334e-06 1.28281e-06 7.95695e-07 4.72223e-07 2.68445e-07 1.45391e-07 7.5078e-08 3.7872e-08 1.9899e-08 1.17276e-08 7.70864e-09 5.29527e-09 3.64174e-09 2.4712e-09 1.64711e-09 1.07452e-09 6.83526e-10 4.24082e-10 2.60456e-10 1.64493e-10 1.09069e-10 7.00664e-11 3.88328e-11 
1.96413e-10 4.2063e-10 7.62169e-10 1.23799e-09 1.89471e-09 2.82368e-09 4.18486e-09 6.25783e-09 9.53731e-09 1.49074e-08 2.39542e-08 3.95081e-08 6.65265e-08 1.13403e-07 1.93548e-07 3.26328e-07 5.35616e-07 8.45054e-07 1.26878e-06 1.79403e-06 2.36259e-06 2.87313e-06 3.21272e-06 3.30475e-06 3.14069e-06 2.77013e-06 2.27142e-06 1.73268e-06 1.23478e-06 8.26873e-07 5.24286e-07 3.16032e-07 1.80703e-07 9.77682e-08 5.03465e-08 2.53705e-08 1.33409e-08 7.85595e-09 5.14478e-09 3.51788e-09 2.40746e-09 1.62408e-09 1.07452e-09 6.94736e-10 4.37638e-10 2.69313e-10 1.65109e-10 1.04668e-10 6.80688e-11 4.07055e-11 
2.31546e-10 4.52186e-10 7.71099e-10 1.21419e-09 1.84025e-09 2.75507e-09 4.14318e-09 6.32882e-09 9.88666e-09 1.58388e-08 2.59935e-08 4.34934e-08 7.3624e-08 1.24793e-07 2.09174e-07 3.42028e-07 5.38991e-07 8.10478e-07 1.15142e-06 1.52978e-06 1.88578e-06 2.14847e-06 2.26402e-06 2.21796e-06 2.03374e-06 1.75437e-06 1.42598e-06 1.09181e-06 7.88103e-07 5.36773e-07 3.45393e-07 2.09883e-07 1.20199e-07 6.49177e-08 3.33757e-08 1.68296e-08 8.86892e-09 5.2216e-09 3.40721e-09 2.31857e-09 1.57838e-09 1.05817e-09 6.94736e-10 4.45068e-10 2.77646e-10 1.69634e-10 1.04014e-10 6.58974e-11 4.11916e-11 2.25803e-11 
1.21595e-10 2.59428e-10 4.70301e-10 7.6851e-10 1.18995e-09 1.80379e-09 2.73138e-09 4.18486e-09 6.53722e-09 1.04462e-08 1.70655e-08 2.83848e-08 4.7728e-08 8.03587e-08 1.3391e-07 2.18081e-07 3.43093e-07 5.1634e-07 7.36336e-07 9.85679e-07 1.22942e-06 1.42348e-06 1.53104e-06 1.53727e-06 1.45172e-06 1.29908e-06 1.10705e-06 8.9899e-07 6.9377e-07 5.06985e-07 3.49528e-07 2.26779e-07 1.38237e-07 7.91237e-08 4.26621e-08 2.19252e-08 1.10801e-08 5.85842e-09 3.44939e-09 2.24165e-09 1.51703e-09 1.02658e-09 6.83526e-10 4.45068e-10 2.8239e-10 1.74466e-10 1.05973e-10 6.50518e-11 4.07449e-11 2.39693e-11 
1.42904e-10 2.79066e-10 4.78478e-10 7.61615e-10 1.17269e-09 1.79103e-09 2.75507e-09 4.30651e-09 6.86794e-09 1.11744e-08 1.84838e-08 3.08837e-08 5.16644e-08 8.56028e-08 1.38834e-07 2.17979e-07 3.28158e-07 4.69421e-07 6.32462e-07 7.97037e-07 9.36107e-07 1.0251e-06 1.05128e-06 1.01697e-06 9.35672e-07 8.24958e-07 6.99941e-07 5.70647e-07 4.44238e-07 3.27682e-07 2.27509e-07 1.48112e-07 9.02939e-08 5.16036e-08 2.77913e-08 1.42957e-08 7.25146e-09 3.85104e-09 2.26767e-09 1.46645e-09 9.8584e-10 6.62435e-10 4.37638e-10 2.8239e-10 1.7736e-10 1.08553e-10 6.56663e-11 4.02899e-11 2.45268e-11 1.33644e-11 
7.51276e-11 1.60101e-10 2.91501e-10 4.80998e-10 7.55577e-10 1.16651e-09 1.80379e-09 2.82368e-09 4.49719e-09 7.29176e-09 1.20013e-08 1.99344e-08 3.31451e-08 5.46157e-08 8.82111e-08 1.38188e-07 2.08026e-07 2.98325e-07 4.0421e-07 5.14069e-07 6.11512e-07 6.80504e-07 7.11146e-07 7.02474e-07 6.61201e-07 5.98052e-07 5.23531e-07 4.44661e-07 3.64694e-07 2.85933e-07 2.12056e-07 1.47616e-07 9.60993e-08 5.84879e-08 3.33659e-08 1.79617e-08 9.26051e-09 4.72268e-09 2.52211e-09 1.48515e-09 9.54589e-10 6.36505e-10 4.24082e-10 2.77646e-10 1.7736e-10 1.10217e-10 6.68831e-11 4.03683e-11 2.45937e-11 1.42851e-11 
8.82287e-11 1.72708e-10 2.98538e-10 4.81264e-10 7.53273e-10 1.17269e-09 1.84025e-09 2.92928e-09 4.73626e-09 7.76101e-09 1.28222e-08 2.11988e-08 3.47482e-08 5.58945e-08 8.73559e-08 1.31461e-07 1.88912e-07 2.57223e-07 3.29809e-07 3.96844e-07 4.48076e-07 4.76291e-07 4.7941e-07 4.60319e-07 4.25136e-07 3.80852e-07 3.32944e-07 2.83933e-07 2.34177e-07 1.8437e-07 1.36947e-07 9.52564e-08 6.18722e-08 3.75586e-08 2.13903e-08 1.15208e-08 5.96262e-09 3.06288e-09 1.64702e-09 9.69771e-10 6.18689e-10 4.084e-10 2.69313e-10 1.74466e-10 1.10217e-10 6.77604e-11 4.08422e-11 2.46173e-11 1.47173e-11 8.0518e-12 
4.64701e-11 9.89592e-11 1.81185e-10 3.02074e-10 4.81171e-10 7.55577e-10 1.18995e-09 1.89471e-09 3.05722e-09 4.99102e-09 8.20652e-09 1.34977e-08 2.20168e-08 3.52773e-08 5.50021e-08 8.27278e-08 1.19081e-07 1.6284e-07 2.10315e-07 2.55685e-07 2.92514e-07 3.15783e-07 3.23344e-07 3.16124e-07 2.97363e-07 2.71394e-07 2.42235e-07 2.12286e-07 1.81909e-07 1.50578e-07 1.18654e-07 8.79839e-08 6.10008e-08 3.94769e-08 2.38917e-08 1.35898e-08 7.33176e-09 3.81621e-09 1.9788e-09 1.07303e-09 6.31708e-10 3.99419e-10 2.60456e-10 1.69634e-10 1.08553e-10 6.77604e-11 4.12489e-11 2.47681e-11 1.48734e-11 8.60983e-12 
5.45418e-11 1.06929e-10 1.86107e-10 3.0317e-10 4.81264e-10 7.61615e-10 1.21419e-09 1.95672e-09 3.18487e-09 5.21527e-09 8.53838e-09 1.38655e-08 2.21355e-08 3.44317e-08 5.17542e-08 7.45981e-08 1.02397e-07 1.33111e-07 1.63335e-07 1.89097e-07 2.07034e-07 2.1534e-07 2.14052e-07 2.04749e-07 1.89945e-07 1.72329e-07 1.53931e-07 1.35482e-07 1.16543e-07 9.65577e-08 7.59189e-08 5.6058e-08 3.86754e-08 2.49172e-08 1.50346e-08 8.54747e-09 4.62612e-09 2.42706e-09 1.2735e-09 6.97466e-10 4.1053e-10 2.56884e-10 1.65109e-10 1.05973e-10 6.68831e-11 4.12489e-11 2.4928e-11 1.49619e-11 8.89448e-12 4.94963e-12 
2.88295e-11 6.11018e-11 1.12037e-10 1.87759e-10 3.02074e-10 4.80998e-10 7.6851e-10 1.23799e-09 2.01057e-09 3.2812e-09 5.35067e-09 8.65483e-09 1.37712e-08 2.13742e-08 3.2105e-08 4.63282e-08 6.38039e-08 8.34226e-08 1.03221e-07 1.20793e-07 1.33953e-07 1.41337e-07 1.42653e-07 1.38588e-07 1.30517e-07 1.20105e-07 1.08844e-07 9.75727e-08 8.62578e-08 7.43323e-08 6.14658e-08 4.8098e-08 3.53007e-08 2.42094e-08 1.55223e-08 9.34094e-09 5.31364e-09 2.89064e-09 1.53266e-09 8.15885e-10 4.5192e-10 2.65935e-10 1.64493e-10 1.04014e-10 6.56663e-11 4.08422e-11 2.4928e-11 1.50285e-11 9.02784e-12 5.26958e-12 
3.36985e-11 6.56218e-11 1.13853e-10 1.86107e-10 2.98538e-10 4.78478e-10 7.71099e-10 1.25052e-09 2.03545e-09 3.30839e-09 5.33354e-09 8.46214e-09 1.31086e-08 1.96769e-08 2.84221e-08 3.92587e-08 5.15962e-08 6.43217e-08 7.60054e-08 8.5271e-08 9.11575e-08 9.33107e-08 9.19753e-08 8.78577e-08 8.19257e-08 7.51633e-08 6.82864e-08 6.15078e-08 5.45434e-08 4.69621e-08 3.86548e-08 3.00432e-08 2.18884e-08 1.49126e-08 9.51576e-09 5.71514e-09 3.25788e-09 1.78556e-09 9.59476e-10 5.19332e-10 2.91147e-10 1.71267e-10 1.04668e-10 6.50518e-11 4.03683e-11 2.47681e-11 1.50285e-11 9.09516e-12 5.45271e-12 3.11936e-12 
1.79571e-11 3.73341e-11 6.73426e-11 1.12037e-10 1.81185e-10 2.91501e-10 4.70301e-10 7.62169e-10 1.23823e-09 2.00751e-09 3.22774e-09 5.10922e-09 7.90231e-09 1.18566e-08 1.71429e-08 2.37434e-08 3.13527e-08 3.93533e-08 4.6916e-08 5.32003e-08 5.75667e-08 5.97077e-08 5.96681e-08 5.77852e-08 5.45888e-08 5.06751e-08 4.65541e-08 4.24929e-08 3.84359e-08 3.41035e-08 2.92504e-08 2.39068e-08 1.84244e-08 1.33128e-08 9.00769e-09 5.72204e-09 3.43324e-09 1.96459e-09 1.08737e-09 5.93535e-10 3.26999e-10 1.85497e-10 1.09069e-10 6.58974e-11 4.02899e-11 2.46173e-11 1.49619e-11 9.09516e-12 5.54546e-12 3.30178e-12 
2.06435e-11 3.87871e-11 6.56218e-11 1.06929e-10 1.72708e-10 2.79066e-10 4.52186e-10 7.33728e-10 1.18744e-09 1.90557e-09 3.01151e-09 4.65344e-09 6.98219e-09 1.01081e-08 1.40397e-08 1.86254e-08 2.35328e-08 2.82954e-08 3.24175e-08 3.54946e-08 3.72961e-08 3.77897e-08 3.71186e-08 3.55524e-08 3.34236e-08 3.10505e-08 2.86505e-08 2.62721e-08 2.37979e-08 2.10455e-08 1.79174e-08 1.45031e-08 1.10647e-08 7.92178e-09 5.32142e-09 3.36591e-09 2.01912e-09 1.16131e-09 6.5003e-10 3.60638e-10 2.02051e-10 1.15809e-10 6.80688e-11 4.07449e-11 2.45937e-11 1.48734e-11 9.02784e-12 5.54546e-12 3.40926e-12 2.01978e-12 
1.11701e-11 2.18162e-11 3.73341e-11 6.11018e-11 9.89592e-11 1.60101e-10 2.59428e-10 4.2063e-10 6.7998e-10 1.09007e-09 1.72164e-09 2.6606e-09 3.99643e-09 5.79905e-09 8.08541e-09 1.0786e-08 1.37304e-08 1.66662e-08 1.93129e-08 2.14259e-08 2.28461e-08 2.352e-08 2.34923e-08 2.28837e-08 2.18597e-08 2.05931e-08 1.92229e-08 1.78155e-08 1.635e-08 1.47439e-08 1.29172e-08 1.08622e-08 8.6764e-09 6.53638e-09 4.62895e-09 3.08339e-09 1.94033e-09 1.16297e-09 6.71849e-10 3.79814e-10 2.13637e-10 1.21292e-10 7.00664e-11 4.11916e-11 2.45268e-11 1.47173e-11 8.89448e-12 5.45271e-12 3.40926e-12 2.11711e-12 
1.19181e-11 2.06435e-11 3.36985e-11 5.45418e-11 8.82287e-11 1.42904e-10 2.31546e-10 3.74097e-10 5.99647e-10 9.47758e-10 1.46732e-09 2.21098e-09 3.2233e-09 4.52315e-09 6.08505e-09 7.82891e-09 9.62672e-09 1.13271e-08 1.27883e-08 1.39053e-08 1.46241e-08 1.49412e-08 1.48941e-08 1.45481e-08 1.39791e-08 1.32569e-08 1.24285e-08 1.1509e-08 1.04839e-08 9.3274e-09 8.03039e-09 6.62603e-09 5.1958e-09 3.84922e-09 2.68708e-09 1.76938e-09 1.10435e-09 6.59112e-10 3.80891e-10 2.16351e-10 1.22617e-10 7.0135e-11 4.07055e-11 2.39693e-11 1.42851e-11 8.60983e-12 5.26958e-12 3.30178e-12 2.11711e-12 1.32727e-12 
6.29474e-12 1.11701e-11 1.79571e-11 2.88295e-11 4.64701e-11 7.51276e-11 1.21595e-10 1.96413e-10 3.15176e-10 4.99562e-10 7.7728e-10 1.17988e-09 1.73738e-09 2.46941e-09 3.37496e-09 4.42489e-09 5.56199e-09 6.71016e-09 7.78919e-09 8.72901e-09 9.47861e-09 1.00088e-08 1.03101e-08 1.03889e-08 1.02615e-08 9.94962e-09 9.47504e-09 8.85662e-09 8.10924e-09 7.2463e-09 6.2858e-09 5.25825e-09 4.21195e-09 3.20996e-09 2.31681e-09 1.58062e-09 1.02074e-09 6.27157e-10 3.69924e-10 2.12106e-10 1.19965e-10 6.78802e-11 3.88328e-11 2.25803e-11 1.33644e-11 8.0518e-12 4.94963e-12 3.11936e-12 2.01978e-12 1.32727e-12 
