1 100 50
9.95036e-16 1.98749e-15 1.98396e-15 3.95697e-15 5.91747e-15 8.8536e-15 1.27662e-14 1.96232e-14 3.04155e-14 4.61503e-14 7.17869e-14 1.09374e-13 1.64927e-13 2.45476e-13 3.60031e-13 5.14571e-13 7.18935e-13 9.75845e-13 1.28685e-12 1.64339e-12 2.03189e-12 2.43088e-12 2.81221e-12 3.14613e-12 3.40341e-12 3.56223e-12 3.60805e-12 3.53836e-12 3.36338e-12 3.10091e-12 2.77519e-12 2.41387e-12 2.0422e-12 1.684e-12 1.35512e-12 1.06547e-12 8.21029e-13 6.20245e-13 4.60702e-13 3.37297e-13 2.44132e-13 1.74483e-13 1.23601e-13 8.67781e-14 6.02697e-14 4.22358e-14 2.89035e-14 1.93545e-14 1.36348e-14 7.88196e-15 
9.95036e-16 1.97896e-15 2.95364e-15 3.92122e-15 6.83514e-15 9.73702e-15 1.45874e-14 2.23734e-14 3.4097e-14 5.27307e-14 8.03046e-14 1.23779e-13 1.87214e-13 2.80566e-13 4.12758e-13 5.96517e-13 8.41339e-13 1.15436e-12 1.54033e-12 1.99077e-12 2.49218e-12 3.01846e-12 3.53445e-12 4.00319e-12 4.38525e-12 4.64841e-12 4.76923e-12 4.7419e-12 4.57175e-12 4.27736e-12 3.88739e-12 3.43574e-12 2.95531e-12 2.47654e-12 2.02498e-12 1.61786e-12 1.26435e-12 9.69221e-13 7.29223e-13 5.39492e-13 3.93504e-13 2.83007e-13 2.01675e-13 1.42258e-13 1.00283e-13 6.93344e-14 4.76633e-14 3.25323e-14 2.21181e-14 1.35936e-14 
1.97896e-15 2.93031e-15 4.8406e-15 6.73538e-15 1.05435e-14 1.53177e-14 2.39664e-14 3.55892e-14 5.50804e-14 8.45096e-14 1.28894e-13 1.95245e-13 2.93523e-13 4.36568e-13 6.35012e-13 9.04993e-13 1.25807e-12 1.70009e-12 2.22923e-12 2.83139e-12 3.47892e-12 4.1335e-12 4.74914e-12 5.27693e-12 5.67301e-12 5.90464e-12 5.95642e-12 5.83022e-12 5.54079e-12 5.1182e-12 4.60034e-12 4.02721e-12 3.43495e-12 2.8587e-12 2.32351e-12 1.84647e-12 1.43661e-12 1.09646e-12 8.21768e-13 6.06709e-13 4.40956e-13 3.16908e-13 2.25946e-13 1.59284e-13 1.10775e-13 7.69729e-14 5.24189e-14 3.53665e-14 2.30586e-14 1.36348e-14 
1.98749e-15 2.93031e-15 4.79788e-15 7.59328e-15 1.03737e-14 1.59913e-14 2.35444e-14 3.59411e-14 5.42577e-14 8.2478e-14 1.26604e-13 1.92731e-13 2.89878e-13 4.32883e-13 6.36372e-13 9.1545e-13 1.28836e-12 1.76431e-12 2.34827e-12 3.02833e-12 3.7804e-12 4.56264e-12 5.3222e-12 6.0027e-12 6.54742e-12 6.91428e-12 7.07521e-12 7.02586e-12 6.77859e-12 6.36135e-12 5.81292e-12 5.17575e-12 4.49363e-12 3.80639e-12 3.14829e-12 2.54452e-12 2.01203e-12 1.55883e-12 1.18511e-12 8.85179e-13 6.51636e-13 4.73248e-13 3.40318e-13 2.41872e-13 1.70331e-13 1.18773e-13 8.19369e-14 5.53485e-14 3.63272e-14 2.21181e-14 
2.95364e-15 4.79788e-15 7.53117e-15 1.11724e-14 1.57414e-14 2.31361e-14 3.52971e-14 5.23771e-14 7.92662e-14 1.21009e-13 1.82765e-13 2.76501e-13 4.14251e-13 6.11771e-13 8.88296e-13 1.26418e-12 1.75549e-12 2.37059e-12 3.10615e-12 3.9416e-12 4.83768e-12 5.73768e-12 6.57522e-12 7.28356e-12 7.8054e-12 8.10304e-12 8.16117e-12 7.98777e-12 7.60775e-12 7.06099e-12 6.39083e-12 5.64413e-12 4.86533e-12 4.09442e-12 3.36665e-12 2.70603e-12 2.12966e-12 1.64278e-12 1.24366e-12 9.27232e-13 6.80894e-13 4.93311e-13 3.54428e-13 2.51735e-13 1.7689e-13 1.23052e-13 8.49956e-14 5.63404e-14 3.53665e-14 1.93545e-14 
1.98396e-15 4.8406e-15 7.53117e-15 1.10935e-14 1.55605e-14 2.27983e-14 3.37955e-14 5.05338e-14 7.50893e-14 1.13368e-13 1.71486e-13 2.57604e-13 3.85738e-13 5.72832e-13 8.37485e-13 1.20342e-12 1.69206e-12 2.31789e-12 3.08597e-12 3.98301e-12 4.97442e-12 6.00372e-12 6.999e-12 7.88197e-12 8.57906e-12 9.039e-12 9.23373e-12 9.16358e-12 8.85052e-12 8.33491e-12 7.66032e-12 6.8761e-12 6.02818e-12 5.16155e-12 4.3176e-12 3.5292e-12 2.82161e-12 2.20873e-12 1.6962e-12 1.28061e-12 9.5203e-13 6.97934e-13 5.05828e-13 3.62315e-13 2.5695e-13 1.80541e-13 1.25314e-13 8.50738e-14 5.53485e-14 3.25323e-14 
3.92122e-15 7.59328e-15 1.10935e-14 1.54656e-14 2.25611e-14 3.24329e-14 4.7919e-14 7.1059e-14 1.05847e-13 1.58308e-13 2.37507e-13 3.55594e-13 5.27732e-13 7.74771e-13 1.12197e-12 1.59348e-12 2.21149e-12 2.98941e-12 3.92338e-12 4.98659e-12 6.12895e-12 7.27497e-12 8.33684e-12 9.22771e-12 9.87514e-12 1.02355e-11 1.0298e-11 1.0082e-11 9.62391e-12 8.97322e-12 8.17905e-12 7.28712e-12 6.34592e-12 5.39907e-12 4.48824e-12 3.64683e-12 2.89926e-12 2.25959e-12 1.72875e-12 1.30151e-12 9.65549e-13 7.07302e-13 5.1195e-13 3.67266e-13 2.61e-13 1.82995e-13 1.26399e-13 8.49956e-14 5.24189e-14 2.89035e-14 
3.95697e-15 6.73538e-15 1.11724e-14 1.54656e-14 2.2439e-14 3.21217e-14 4.64092e-14 6.72802e-14 9.95381e-14 1.47296e-13 2.18558e-13 3.25376e-13 4.82018e-13 7.08603e-13 1.02992e-12 1.47487e-12 2.0688e-12 2.83523e-12 3.78096e-12 4.89046e-12 6.12158e-12 7.40259e-12 8.64154e-12 9.73577e-12 1.05934e-11 1.11501e-11 1.13779e-11 1.1288e-11 1.09166e-11 1.03158e-11 9.53689e-12 8.62924e-12 7.63734e-12 6.60857e-12 5.58628e-12 4.61506e-12 3.72821e-12 2.9485e-12 2.28775e-12 1.7447e-12 1.31028e-12 9.71281e-13 7.11019e-13 5.14923e-13 3.69908e-13 2.61779e-13 1.83187e-13 1.25314e-13 8.19369e-14 4.76633e-14 
6.83514e-15 1.03737e-14 1.55605e-14 2.2439e-14 3.10751e-14 4.51093e-14 6.46895e-14 9.36243e-14 1.37688e-13 2.02029e-13 2.98484e-13 4.39369e-13 6.4388e-13 9.38077e-13 1.34876e-12 1.90835e-12 2.64502e-12 3.5772e-12 4.7023e-12 5.99308e-12 7.38635e-12 8.78775e-12 1.00874e-11 1.11728e-11 1.19546e-11 1.23823e-11 1.24511e-11 1.21948e-11 1.16692e-11 1.09318e-11 1.00337e-11 9.02002e-12 7.93312e-12 6.81993e-12 5.72856e-12 4.70332e-12 3.77863e-12 2.97519e-12 2.2998e-12 1.74955e-12 1.31299e-12 9.72085e-13 7.12285e-13 5.16302e-13 3.70992e-13 2.63009e-13 1.82995e-13 1.23052e-13 7.69729e-14 4.22358e-14 
5.91747e-15 1.05435e-14 1.57414e-14 2.25611e-14 3.10751e-14 4.40224e-14 6.23921e-14 8.99123e-14 1.29571e-13 1.89003e-13 2.75307e-13 4.02351e-13 5.86423e-13 8.50796e-13 1.22558e-12 1.74239e-12 2.43601e-12 3.33313e-12 4.44636e-12 5.76356e-12 7.2349e-12 8.77643e-12 1.02707e-11 1.15915e-11 1.26223e-11 1.32829e-11 1.35479e-11 1.34387e-11 1.30143e-11 1.23402e-11 1.14768e-11 1.04676e-11 9.35269e-12 8.17457e-12 6.98253e-12 5.82799e-12 4.75765e-12 3.80341e-12 2.98284e-12 2.30002e-12 1.74734e-12 1.31056e-12 9.71081e-13 7.12617e-13 5.16826e-13 3.70406e-13 2.61779e-13 1.80541e-13 1.18773e-13 6.93344e-14 
9.73702e-15 1.59913e-14 2.27983e-14 3.21217e-14 4.40224e-14 6.21283e-14 8.74709e-14 1.24693e-13 1.78603e-13 2.56927e-13 3.71396e-13 5.37059e-13 7.74215e-13 1.1121e-12 1.58304e-12 2.22429e-12 3.06986e-12 4.14623e-12 5.45623e-12 6.96912e-12 8.61409e-12 1.02813e-11 1.18327e-11 1.31261e-11 1.4052e-11 1.45506e-11 1.46247e-11 1.43294e-11 1.37413e-11 1.29323e-11 1.1952e-11 1.08385e-11 9.62621e-12 8.36035e-12 7.09638e-12 5.88774e-12 4.78103e-12 3.80644e-12 2.97802e-12 2.29308e-12 1.74153e-12 1.30687e-12 9.69715e-13 7.11767e-13 5.17333e-13 3.70992e-13 2.61e-13 1.7689e-13 1.10775e-13 6.02697e-14 
8.8536e-15 1.53177e-14 2.31361e-14 3.24329e-14 4.51093e-14 6.21283e-14 8.62627e-14 1.20335e-13 1.70762e-13 2.43294e-13 3.46641e-13 4.96271e-13 7.10254e-13 1.01296e-12 1.4387e-12 2.02294e-12 2.80745e-12 3.82502e-12 5.09724e-12 6.61291e-12 8.32105e-12 1.01249e-11 1.18861e-11 1.34465e-11 1.46605e-11 1.54299e-11 1.57283e-11 1.55957e-11 1.5116e-11 1.43771e-11 1.34454e-11 1.23584e-11 1.11438e-11 9.83758e-12 8.4902e-12 7.16318e-12 5.91098e-12 4.78025e-12 3.79469e-12 2.96326e-12 2.28129e-12 1.73401e-12 1.30234e-12 9.67685e-13 7.11498e-13 5.16826e-13 3.69908e-13 2.5695e-13 1.70331e-13 1.00283e-13 
1.45874e-14 2.35444e-14 3.37955e-14 4.64092e-14 6.23921e-14 8.62627e-14 1.19052e-13 1.66225e-13 2.33349e-13 3.28832e-13 4.65015e-13 6.57578e-13 9.312e-13 1.3135e-12 1.84207e-12 2.55915e-12 3.50517e-12 4.71482e-12 6.19593e-12 7.92346e-12 9.8187e-12 1.17553e-11 1.35673e-11 1.50812e-11 1.6156e-11 1.67221e-11 1.6792e-11 1.64473e-11 1.57942e-11 1.49215e-11 1.38794e-11 1.26908e-11 1.13788e-11 9.98422e-12 8.56442e-12 7.1862e-12 5.90462e-12 4.7591e-12 3.77202e-12 2.94409e-12 2.26808e-12 1.72687e-12 1.29939e-12 9.67661e-13 7.11767e-13 5.16302e-13 3.67266e-13 2.51735e-13 1.59284e-13 8.67781e-14 
1.27662e-14 2.39664e-14 3.52971e-14 4.7919e-14 6.46895e-14 8.74709e-14 1.19052e-13 1.63991e-13 2.26883e-13 3.15899e-13 4.41221e-13 6.1792e-13 8.65463e-13 1.21072e-12 1.6873e-12 2.33701e-12 3.20601e-12 4.33484e-12 5.75249e-12 7.45429e-12 9.39164e-12 1.14574e-11 1.34899e-11 1.52976e-11 1.67004e-11 1.7577e-11 1.78968e-11 1.77223e-11 1.71732e-11 1.63655e-11 1.53757e-11 1.42322e-11 1.29454e-11 1.15398e-11 1.00651e-11 8.58623e-12 7.1715e-12 5.8735e-12 4.72609e-12 3.74441e-12 2.92545e-12 2.25719e-12 1.72148e-12 1.29875e-12 9.67685e-13 7.12617e-13 5.14923e-13 3.62315e-13 2.41872e-13 1.42258e-13 
2.23734e-14 3.59411e-14 5.05338e-14 6.72802e-14 8.99123e-14 1.20335e-13 1.63991e-13 2.23703e-13 3.08382e-13 4.25301e-13 5.88991e-13 8.15502e-13 1.12984e-12 1.56116e-12 2.1491e-12 2.93972e-12 3.9801e-12 5.31115e-12 6.95292e-12 8.88238e-12 1.10213e-11 1.32272e-11 1.5305e-11 1.70424e-11 1.8265e-11 1.88848e-11 1.89276e-11 1.85073e-11 1.77711e-11 1.68313e-11 1.57373e-11 1.44973e-11 1.31156e-11 1.16245e-11 1.0084e-11 8.56312e-12 7.12889e-12 5.82794e-12 4.68749e-12 3.71635e-12 2.90896e-12 2.24981e-12 1.7194e-12 1.29939e-12 9.69715e-13 7.12285e-13 5.1195e-13 3.54428e-13 2.25946e-13 1.23601e-13 
1.96232e-14 3.55892e-14 5.23771e-14 7.1059e-14 9.36243e-14 1.24693e-13 1.66225e-13 2.23703e-13 3.04265e-13 4.15881e-13 5.6922e-13 7.79652e-13 1.06856e-12 1.46215e-12 1.99632e-12 2.71416e-12 3.66591e-12 4.90017e-12 6.45253e-12 8.33041e-12 1.04871e-11 1.28087e-11 1.51132e-11 1.71718e-11 1.87621e-11 1.97321e-11 2.00457e-11 1.97947e-11 1.91413e-11 1.8243e-11 1.71902e-11 1.60022e-11 1.46691e-11 1.31999e-11 1.1638e-11 1.00488e-11 8.50545e-12 7.06782e-12 5.77611e-12 4.64991e-12 3.69356e-12 2.89832e-12 2.24647e-12 1.72148e-12 1.30234e-12 9.71081e-13 7.11019e-13 5.05828e-13 3.40318e-13 2.01675e-13 
3.4097e-14 5.42577e-14 7.50893e-14 9.95381e-14 1.29571e-13 1.70762e-13 2.26883e-13 3.04265e-13 4.1084e-13 5.56186e-13 7.55179e-13 1.02488e-12 1.38851e-12 1.87878e-12 2.53318e-12 3.4018e-12 4.53627e-12 5.98511e-12 7.7772e-12 9.89938e-12 1.22755e-11 1.47488e-11 1.70938e-11 1.90547e-11 2.04131e-11 2.10587e-11 2.10293e-11 2.04843e-11 1.96225e-11 1.85897e-11 1.74404e-11 1.61633e-11 1.47451e-11 1.32012e-11 1.15873e-11 9.97243e-12 8.42488e-12 6.99894e-12 5.72564e-12 4.61857e-12 3.67855e-12 2.89392e-12 2.24981e-12 1.72687e-12 1.30687e-12 9.72085e-13 7.07302e-13 4.93311e-13 3.16908e-13 1.74483e-13 
3.04155e-14 5.50804e-14 7.92662e-14 1.05847e-13 1.37688e-13 1.78603e-13 2.33349e-13 3.08382e-13 4.1084e-13 5.51107e-13 7.40299e-13 9.95708e-13 1.33692e-12 1.79166e-12 2.39485e-12 3.19179e-12 4.23348e-12 5.5744e-12 7.26022e-12 9.30659e-12 1.16768e-11 1.42533e-11 1.68315e-11 1.91412e-11 2.09099e-11 2.19444e-11 2.22037e-11 2.18114e-11 2.09903e-11 1.99515e-11 1.88092e-11 1.75752e-11 1.6218e-11 1.47267e-11 1.31296e-11 1.14871e-11 9.8694e-12 8.33677e-12 6.93244e-12 5.68375e-12 4.59825e-12 3.67333e-12 2.89832e-12 2.25719e-12 1.73401e-12 1.31056e-12 9.71281e-13 6.97934e-13 4.73248e-13 2.83007e-13 
5.27307e-14 8.2478e-14 1.13368e-13 1.47296e-13 1.89003e-13 2.43294e-13 3.15899e-13 4.15881e-13 5.51107e-13 7.33467e-13 9.77266e-13 1.30217e-12 1.73029e-12 2.29389e-12 3.03198e-12 3.99341e-12 5.23269e-12 6.80491e-12 8.74972e-12 1.10642e-11 1.36767e-11 1.64206e-11 1.90364e-11 2.1214e-11 2.26822e-11 2.33021e-11 2.31275e-11 2.2374e-11 2.131e-11 2.01302e-11 1.88994e-11 1.75916e-11 1.61669e-11 1.46234e-11 1.3e-11 1.13565e-11 9.75616e-12 8.25197e-12 6.87901e-12 5.65644e-12 4.59069e-12 3.67855e-12 2.90896e-12 2.26808e-12 1.74153e-12 1.31299e-12 9.65549e-13 6.80894e-13 4.40956e-13 2.44132e-13 
4.61503e-14 8.45096e-14 1.21009e-13 1.58308e-13 2.02029e-13 2.56927e-13 3.28832e-13 4.25301e-13 5.56186e-13 7.33467e-13 9.68696e-13 1.28103e-12 1.68987e-12 2.22333e-12 2.9166e-12 3.81288e-12 4.96385e-12 6.42832e-12 8.2595e-12 1.04838e-11 1.30748e-11 1.59127e-11 1.87711e-11 2.13314e-11 2.32574e-11 2.43072e-11 2.44326e-11 2.38005e-11 2.27095e-11 2.14437e-11 2.01555e-11 1.88558e-11 1.74903e-11 1.60214e-11 1.44551e-11 1.28339e-11 1.12146e-11 9.64966e-12 8.18268e-12 6.84317e-12 5.64688e-12 4.59825e-12 3.69356e-12 2.92545e-12 2.28129e-12 1.74734e-12 1.31028e-12 9.5203e-13 6.51636e-13 3.93504e-13 
8.03046e-14 1.26604e-13 1.71486e-13 2.18558e-13 2.75307e-13 3.46641e-13 4.41221e-13 5.6922e-13 7.40299e-13 9.68696e-13 1.27072e-12 1.66511e-12 2.17705e-12 2.83639e-12 3.68304e-12 4.76377e-12 6.13501e-12 7.85536e-12 9.97334e-12 1.24988e-11 1.5365e-11 1.83931e-11 2.12836e-11 2.36641e-11 2.51983e-11 2.57149e-11 2.52863e-11 2.42e-11 2.28139e-11 2.13929e-11 2.00277e-11 1.86806e-11 1.72823e-11 1.58002e-11 1.42457e-11 1.26561e-11 1.10807e-11 9.56261e-12 8.13769e-12 6.83111e-12 5.65644e-12 4.61857e-12 3.71635e-12 2.94409e-12 2.29308e-12 1.74955e-12 1.30151e-12 9.27232e-13 6.06709e-13 3.37297e-13 
7.17869e-14 1.28894e-13 1.82765e-13 2.37507e-13 2.98484e-13 3.71396e-13 4.65015e-13 5.88991e-13 7.55179e-13 9.77266e-13 1.27072e-12 1.65391e-12 2.14942e-12 2.78473e-12 3.59412e-12 4.62156e-12 5.91766e-12 7.54127e-12 9.55315e-12 1.19896e-11 1.48325e-11 1.79584e-11 2.11109e-11 2.39152e-11 2.59622e-11 2.69566e-11 2.68388e-11 2.58278e-11 2.43172e-11 2.26891e-11 2.11592e-11 1.97503e-11 1.83857e-11 1.69904e-11 1.55331e-11 1.4023e-11 1.24902e-11 1.09719e-11 9.5061e-12 8.12264e-12 6.84317e-12 5.68375e-12 4.64991e-12 3.74441e-12 2.96326e-12 2.30002e-12 1.7447e-12 1.28061e-12 8.85179e-13 5.39492e-13 
1.23779e-13 1.92731e-13 2.57604e-13 3.25376e-13 4.02351e-13 4.96271e-13 6.1792e-13 7.79652e-13 9.95708e-13 1.28103e-12 1.65391e-12 2.13639e-12 2.75397e-12 3.53736e-12 4.52535e-12 5.76456e-12 7.31247e-12 9.22992e-12 1.15727e-11 1.43599e-11 1.75248e-11 2.08674e-11 2.40413e-11 2.66024e-11 2.81425e-11 2.84531e-11 2.76271e-11 2.60334e-11 2.41478e-11 2.23383e-11 2.07475e-11 1.93346e-11 1.7995e-11 1.66468e-11 1.52539e-11 1.38165e-11 1.23555e-11 1.0902e-11 9.48672e-12 8.13769e-12 6.87901e-12 5.72564e-12 4.68749e-12 3.77202e-12 2.97802e-12 2.2998e-12 1.72875e-12 1.24366e-12 8.21768e-13 4.60702e-13 
1.09374e-13 1.95245e-13 2.76501e-13 3.55594e-13 4.39369e-13 5.37059e-13 6.57578e-13 8.15502e-13 1.02488e-12 1.30217e-12 1.66511e-12 2.13639e-12 2.73899e-12 3.50306e-12 4.46344e-12 5.6628e-12 7.15348e-12 8.99715e-12 1.12564e-11 1.39761e-11 1.7139e-11 2.06092e-11 2.40907e-11 2.7141e-11 2.92737e-11 3.01237e-11 2.96194e-11 2.80367e-11 2.58881e-11 2.36924e-11 2.17667e-11 2.01718e-11 1.88097e-11 1.75478e-11 1.62912e-11 1.49951e-11 1.36499e-11 1.22684e-11 1.0877e-11 9.5061e-12 8.18268e-12 6.93244e-12 5.77611e-12 4.72609e-12 3.79469e-12 2.98284e-12 2.28775e-12 1.6962e-12 1.18511e-12 7.29223e-13 
1.87214e-13 2.89878e-13 3.85738e-13 4.82018e-13 5.86423e-13 7.10254e-13 8.65463e-13 1.06856e-12 1.33692e-12 1.68987e-12 2.14942e-12 2.73899e-12 3.48764e-12 4.42671e-12 5.59792e-12 7.04994e-12 8.84156e-12 1.10365e-11 1.36953e-11 1.68372e-11 2.03865e-11 2.41158e-11 2.76175e-11 3.03643e-11 3.18538e-11 3.18244e-11 3.03924e-11 2.80346e-11 2.53815e-11 2.2953e-11 2.0989e-11 1.94631e-11 1.82175e-11 1.70888e-11 1.59646e-11 1.47879e-11 1.35422e-11 1.22385e-11 1.0902e-11 9.56261e-12 8.25197e-12 6.99894e-12 5.82794e-12 4.7591e-12 3.80644e-12 2.97519e-12 2.25959e-12 1.64278e-12 1.09646e-12 6.20245e-13 
1.64927e-13 2.93523e-13 4.14251e-13 5.27732e-13 6.4388e-13 7.74215e-13 9.312e-13 1.12984e-12 1.38851e-12 1.73029e-12 2.17705e-12 2.75397e-12 3.48764e-12 4.41055e-12 5.56053e-12 6.98645e-12 8.74448e-12 1.08978e-11 1.35134e-11 1.66344e-11 2.02369e-11 2.41637e-11 2.80723e-11 3.14377e-11 3.36538e-11 3.4258e-11 3.31566e-11 3.07091e-11 2.75875e-11 2.45044e-11 2.19407e-11 2.0038e-11 1.86713e-11 1.7615e-11 1.6669e-11 1.57032e-11 1.46535e-11 1.35048e-11 1.22684e-11 1.09719e-11 9.64966e-12 8.33677e-12 7.06782e-12 5.8735e-12 4.78025e-12 3.80341e-12 2.9485e-12 2.20873e-12 1.55883e-12 9.69221e-13 
2.80566e-13 4.32883e-13 5.72832e-13 7.08603e-13 8.50796e-13 1.01296e-12 1.21072e-12 1.46215e-12 1.79166e-12 2.22333e-12 2.78473e-12 3.50306e-12 4.41055e-12 5.5441e-12 6.95169e-12 8.68903e-12 1.08225e-11 1.34186e-11 1.65351e-11 2.0184e-11 2.42739e-11 2.85459e-11 3.25171e-11 3.55262e-11 3.69256e-11 3.637e-11 3.40168e-11 3.04972e-11 2.6662e-11 2.32582e-11 2.06903e-11 1.89721e-11 1.78638e-11 1.70623e-11 1.63323e-11 1.55339e-11 1.46076e-11 1.35422e-11 1.23555e-11 1.10807e-11 9.75616e-12 8.42488e-12 7.12889e-12 5.90462e-12 4.78103e-12 3.77863e-12 2.89926e-12 2.12966e-12 1.43661e-12 8.21029e-13 
2.45476e-13 4.36568e-13 6.11771e-13 7.74771e-13 9.38077e-13 1.1121e-12 1.3135e-12 1.56116e-12 1.87878e-12 2.29389e-12 2.83639e-12 3.53736e-12 4.42671e-12 5.5441e-12 6.93542e-12 8.6618e-12 1.0789e-11 1.33897e-11 1.65266e-11 2.02353e-11 2.44776e-11 2.90759e-11 3.36266e-11 3.7469e-11 3.98121e-11 4.00421e-11 3.80365e-11 3.428e-11 2.96871e-11 2.5242e-11 2.16723e-11 1.92653e-11 1.7875e-11 1.71197e-11 1.66181e-11 1.61146e-11 1.54759e-11 1.46535e-11 1.36499e-11 1.24902e-11 1.12146e-11 9.8694e-12 8.50545e-12 7.1715e-12 5.91098e-12 4.75765e-12 3.72821e-12 2.82161e-12 2.01203e-12 1.26435e-12 
4.12758e-13 6.36372e-13 8.37485e-13 1.02992e-12 1.22558e-12 1.4387e-12 1.6873e-12 1.99632e-12 2.39485e-12 2.9166e-12 3.59412e-12 4.46344e-12 5.56053e-12 6.93542e-12 8.65033e-12 1.07801e-11 1.34009e-11 1.65845e-11 2.03804e-11 2.47873e-11 2.96957e-11 3.47976e-11 3.94855e-11 4.28904e-11 4.41467e-11 4.27987e-11 3.90705e-11 3.38256e-11 2.82319e-11 2.33424e-11 1.98131e-11 1.7768e-11 1.68499e-11 1.65166e-11 1.63303e-11 1.60392e-11 1.55339e-11 1.47879e-11 1.38165e-11 1.26561e-11 1.13565e-11 9.97243e-12 8.56312e-12 7.1862e-12 5.88774e-12 4.70332e-12 3.64683e-12 2.70603e-12 1.84647e-12 1.06547e-12 
3.60031e-13 6.35012e-13 8.88296e-13 1.12197e-12 1.34876e-12 1.58304e-12 1.84207e-12 2.1491e-12 2.53318e-12 3.03198e-12 3.68304e-12 4.52535e-12 5.59792e-12 6.95169e-12 8.65033e-12 1.07797e-11 1.34266e-11 1.66749e-11 2.0587e-11 2.51906e-11 3.04244e-11 3.6064e-11 4.15933e-11 4.61391e-11 4.86415e-11 4.82894e-11 4.49454e-11 3.92878e-11 3.25668e-11 2.61313e-11 2.10292e-11 1.77999e-11 1.63361e-11 1.60076e-11 1.61228e-11 1.62307e-11 1.61146e-11 1.57032e-11 1.49951e-11 1.4023e-11 1.28339e-11 1.14871e-11 1.00488e-11 8.58623e-12 7.16318e-12 5.82799e-12 4.61506e-12 3.5292e-12 2.54452e-12 1.61786e-12 
5.96517e-13 9.1545e-13 1.20342e-12 1.47487e-12 1.74239e-12 2.02294e-12 2.33701e-12 2.71416e-12 3.19179e-12 3.81288e-12 4.62156e-12 5.6628e-12 6.98645e-12 8.6618e-12 1.07797e-11 1.34454e-11 1.67606e-11 2.08095e-11 2.56455e-11 3.12463e-11 3.7444e-11 4.38185e-11 4.95534e-11 5.34804e-11 5.44625e-11 5.19284e-11 4.62262e-11 3.85539e-11 3.04867e-11 2.34488e-11 1.84292e-11 1.5805e-11 1.51305e-11 1.5451e-11 1.59859e-11 1.63303e-11 1.63323e-11 1.59646e-11 1.52539e-11 1.42457e-11 1.3e-11 1.15873e-11 1.0084e-11 8.56442e-12 7.09638e-12 5.72856e-12 4.48824e-12 3.36665e-12 2.32351e-12 1.35512e-12 
5.14571e-13 9.04993e-13 1.26418e-12 1.59348e-12 1.90835e-12 2.22429e-12 2.55915e-12 2.93972e-12 3.4018e-12 3.99341e-12 4.76377e-12 5.76456e-12 7.04994e-12 8.68903e-12 1.07801e-11 1.34454e-11 1.68122e-11 2.09964e-11 2.60882e-11 3.2104e-11 3.89167e-11 4.61736e-11 5.31447e-11 5.8635e-11 6.12581e-11 6.00007e-11 5.47373e-11 4.64457e-11 3.68258e-11 2.76508e-11 2.03216e-11 1.57442e-11 1.40611e-11 1.43184e-11 1.52563e-11 1.61228e-11 1.66181e-11 1.6669e-11 1.62912e-11 1.55331e-11 1.44551e-11 1.31296e-11 1.1638e-11 1.00651e-11 8.4902e-12 6.98253e-12 5.58628e-12 4.3176e-12 3.14829e-12 2.02498e-12 
8.41339e-13 1.28836e-12 1.69206e-12 2.0688e-12 2.43601e-12 2.80745e-12 3.20601e-12 3.66591e-12 4.23348e-12 4.96385e-12 5.91766e-12 7.15348e-12 8.74448e-12 1.0789e-11 1.34266e-11 1.68122e-11 2.11023e-11 2.64414e-11 3.29022e-11 4.03976e-11 4.86191e-11 5.69113e-11 6.40949e-11 6.86313e-11 6.91064e-11 6.48567e-11 5.64377e-11 4.55121e-11 3.4169e-11 2.42232e-11 1.69781e-11 1.32765e-11 1.28428e-11 1.40308e-11 1.5451e-11 1.65166e-11 1.70623e-11 1.70888e-11 1.66468e-11 1.58002e-11 1.46234e-11 1.32012e-11 1.16245e-11 9.98422e-12 8.36035e-12 6.81993e-12 5.39907e-12 4.09442e-12 2.8587e-12 1.684e-12 
7.18935e-13 1.25807e-12 1.75549e-12 2.21149e-12 2.64502e-12 3.06986e-12 3.50517e-12 3.9801e-12 4.53627e-12 5.23269e-12 6.13501e-12 7.31247e-12 8.84156e-12 1.08225e-11 1.34009e-11 1.67606e-11 2.11023e-11 2.66381e-11 3.3527e-11 4.17456e-11 5.10359e-11 6.07883e-11 6.98381e-11 7.65537e-11 7.92098e-11 7.65827e-11 6.86583e-11 5.68492e-11 4.34607e-11 3.07788e-11 2.04869e-11 1.3777e-11 1.14529e-11 1.24013e-11 1.43184e-11 1.60076e-11 1.71197e-11 1.7615e-11 1.75478e-11 1.69904e-11 1.60214e-11 1.47267e-11 1.31999e-11 1.15398e-11 9.83758e-12 8.17457e-12 6.60857e-12 5.16155e-12 3.80639e-12 2.47654e-12 
1.15436e-12 1.76431e-12 2.31789e-12 2.83523e-12 3.33313e-12 3.82502e-12 4.33484e-12 4.90017e-12 5.5744e-12 6.42832e-12 7.54127e-12 8.99715e-12 1.08978e-11 1.33897e-11 1.66749e-11 2.09964e-11 2.66381e-11 3.38713e-11 4.27867e-11 5.32107e-11 6.45976e-11 7.57638e-11 8.49777e-11 9.02668e-11 8.9909e-11 8.31997e-11 7.1095e-11 5.59339e-11 4.04992e-11 2.70141e-11 1.6886e-11 1.12898e-11 1.07631e-11 1.28428e-11 1.51305e-11 1.68499e-11 1.78638e-11 1.82175e-11 1.7995e-11 1.72823e-11 1.61669e-11 1.47451e-11 1.31156e-11 1.13788e-11 9.62621e-12 7.93312e-12 6.34592e-12 4.86533e-12 3.43495e-12 2.0422e-12 
9.75845e-13 1.70009e-12 2.37059e-12 2.98941e-12 3.5772e-12 4.14623e-12 4.71482e-12 5.31115e-12 5.98511e-12 6.80491e-12 7.85536e-12 9.22992e-12 1.10365e-11 1.34186e-11 1.65845e-11 2.08095e-11 2.64414e-11 3.38713e-11 4.33564e-11 5.48778e-11 6.80194e-11 8.16055e-11 9.37509e-11 1.02185e-10 1.04765e-10 1.00103e-10 8.8467e-11 7.19974e-11 5.38729e-11 3.7048e-11 2.34215e-11 1.41006e-11 1.03062e-11 1.14529e-11 1.40611e-11 1.63361e-11 1.7875e-11 1.86713e-11 1.88097e-11 1.83857e-11 1.74903e-11 1.6218e-11 1.46691e-11 1.29454e-11 1.11438e-11 9.35269e-12 7.63734e-12 6.02818e-12 4.49363e-12 2.95531e-12 
1.54033e-12 2.34827e-12 3.08597e-12 3.78096e-12 4.44636e-12 5.09724e-12 5.75249e-12 6.45253e-12 7.26022e-12 8.2595e-12 9.55315e-12 1.12564e-11 1.35134e-11 1.65266e-11 2.0587e-11 2.60882e-11 3.3527e-11 4.33564e-11 5.57873e-11 7.06426e-11 8.68793e-11 1.02484e-10 1.1474e-10 1.21016e-10 1.1931e-10 1.09098e-10 9.2026e-11 7.14681e-11 5.11145e-11 3.37285e-11 2.07331e-11 1.30094e-11 1.12898e-11 1.32765e-11 1.5805e-11 1.7768e-11 1.89721e-11 1.94631e-11 1.93346e-11 1.86806e-11 1.75916e-11 1.61633e-11 1.44973e-11 1.26908e-11 1.08385e-11 9.02002e-12 7.28712e-12 5.64413e-12 4.02721e-12 2.41387e-12 
1.28685e-12 2.22923e-12 3.10615e-12 3.92338e-12 4.7023e-12 5.45623e-12 6.19593e-12 6.95292e-12 7.7772e-12 8.74972e-12 9.97334e-12 1.15727e-11 1.36953e-11 1.65351e-11 2.03804e-11 2.56455e-11 3.29022e-11 4.27867e-11 5.57873e-11 7.20725e-11 9.0938e-11 1.10448e-10 1.27382e-10 1.38378e-10 1.40715e-10 1.33048e-10 1.16317e-10 9.38299e-11 6.99241e-11 4.8321e-11 3.12839e-11 1.97167e-11 1.41006e-11 1.3777e-11 1.57442e-11 1.77999e-11 1.92653e-11 2.0038e-11 2.01718e-11 1.97503e-11 1.88558e-11 1.75752e-11 1.60022e-11 1.42322e-11 1.23584e-11 1.04676e-11 8.62924e-12 6.8761e-12 5.17575e-12 3.43574e-12 
1.99077e-12 3.02833e-12 3.98301e-12 4.89046e-12 5.76356e-12 6.61291e-12 7.45429e-12 8.33041e-12 9.30659e-12 1.04838e-11 1.19896e-11 1.39761e-11 1.66344e-11 2.02353e-11 2.51906e-11 3.2104e-11 4.17456e-11 5.48778e-11 7.20725e-11 9.31545e-11 1.16624e-10 1.39042e-10 1.56118e-10 1.64018e-10 1.6032e-10 1.45153e-10 1.21486e-10 9.41942e-11 6.80297e-11 4.62365e-11 3.03769e-11 2.07331e-11 1.6886e-11 1.69781e-11 1.84292e-11 1.98131e-11 2.06903e-11 2.0989e-11 2.07475e-11 2.00277e-11 1.88994e-11 1.74404e-11 1.57373e-11 1.38794e-11 1.1952e-11 1.00337e-11 8.17905e-12 6.39083e-12 4.60034e-12 2.77519e-12 
1.64339e-12 2.83139e-12 3.9416e-12 4.98659e-12 5.99308e-12 6.96912e-12 7.92346e-12 8.88238e-12 9.89938e-12 1.10642e-11 1.24988e-11 1.43599e-11 1.68372e-11 2.0184e-11 2.47873e-11 3.12463e-11 4.03976e-11 5.32107e-11 7.06426e-11 9.31545e-11 1.20014e-10 1.48168e-10 1.72714e-10 1.88241e-10 1.90534e-10 1.78606e-10 1.54971e-10 1.24711e-10 9.3724e-11 6.65077e-11 4.54621e-11 3.12839e-11 2.34215e-11 2.04869e-11 2.03216e-11 2.10292e-11 2.16723e-11 2.19407e-11 2.17667e-11 2.11592e-11 2.01555e-11 1.88092e-11 1.71902e-11 1.53757e-11 1.34454e-11 1.14768e-11 9.53689e-12 7.66032e-12 5.81292e-12 3.88739e-12 
2.49218e-12 3.7804e-12 4.97442e-12 6.12158e-12 7.2349e-12 8.32105e-12 9.39164e-12 1.04871e-11 1.16768e-11 1.30748e-11 1.48325e-11 1.7139e-11 2.02369e-11 2.44776e-11 3.04244e-11 3.89167e-11 5.10359e-11 6.80194e-11 9.0938e-11 1.20014e-10 1.53215e-10 1.85854e-10 2.11248e-10 2.22381e-10 2.16106e-10 1.94348e-10 1.62235e-10 1.26433e-10 9.3089e-11 6.59267e-11 4.62365e-11 3.37285e-11 2.70141e-11 2.42232e-11 2.34488e-11 2.33424e-11 2.32582e-11 2.2953e-11 2.23383e-11 2.13929e-11 2.01302e-11 1.85897e-11 1.68313e-11 1.49215e-11 1.29323e-11 1.09318e-11 8.97322e-12 7.06099e-12 5.1182e-12 3.10091e-12 
2.03189e-12 3.47892e-12 4.83768e-12 6.12895e-12 7.38635e-12 8.61409e-12 9.8187e-12 1.10213e-11 1.22755e-11 1.36767e-11 1.5365e-11 1.75248e-11 2.03865e-11 2.42739e-11 2.96957e-11 3.7444e-11 4.86191e-11 6.45976e-11 8.68793e-11 1.16624e-10 1.53215e-10 1.93188e-10 2.29678e-10 2.52981e-10 2.55975e-10 2.38781e-10 2.0674e-10 1.67087e-10 1.27183e-10 9.28072e-11 6.65077e-11 4.8321e-11 3.7048e-11 3.07788e-11 2.76508e-11 2.61313e-11 2.5242e-11 2.45044e-11 2.36924e-11 2.26891e-11 2.14437e-11 1.99515e-11 1.8243e-11 1.63655e-11 1.43771e-11 1.23402e-11 1.03158e-11 8.33491e-12 6.36135e-12 4.27736e-12 
3.01846e-12 4.56264e-12 6.00372e-12 7.40259e-12 8.77643e-12 1.01249e-11 1.14574e-11 1.28087e-11 1.42533e-11 1.59127e-11 1.79584e-11 2.06092e-11 2.41637e-11 2.90759e-11 3.6064e-11 4.61736e-11 6.07883e-11 8.16055e-11 1.10448e-10 1.48168e-10 1.93188e-10 2.40049e-10 2.77709e-10 2.94581e-10 2.86185e-10 2.57085e-10 2.15509e-10 1.69827e-10 1.27377e-10 9.3089e-11 6.80297e-11 5.11145e-11 4.04992e-11 3.4169e-11 3.04867e-11 2.82319e-11 2.6662e-11 2.53815e-11 2.41478e-11 2.28139e-11 2.131e-11 1.96225e-11 1.77711e-11 1.57942e-11 1.37413e-11 1.16692e-11 9.62391e-12 7.60775e-12 5.54079e-12 3.36338e-12 
2.43088e-12 4.1335e-12 5.73768e-12 7.27497e-12 8.78775e-12 1.02813e-11 1.17553e-11 1.32272e-11 1.47488e-11 1.64206e-11 1.83931e-11 2.08674e-11 2.41158e-11 2.85459e-11 3.47976e-11 4.38185e-11 5.69113e-11 7.57638e-11 1.02484e-10 1.39042e-10 1.85854e-10 2.40049e-10 2.91707e-10 3.26013e-10 3.32198e-10 3.10661e-10 2.70245e-10 2.20686e-10 1.70707e-10 1.27183e-10 9.3724e-11 6.99241e-11 5.38729e-11 4.34607e-11 3.68258e-11 3.25668e-11 2.96871e-11 2.75875e-11 2.58881e-11 2.43172e-11 2.27095e-11 2.09903e-11 1.91413e-11 1.71732e-11 1.5116e-11 1.30143e-11 1.09166e-11 8.85052e-12 6.77859e-12 4.57175e-12 
3.53445e-12 5.3222e-12 6.999e-12 8.64154e-12 1.02707e-11 1.18861e-11 1.34899e-11 1.51132e-11 1.68315e-11 1.87711e-11 2.11109e-11 2.40907e-11 2.80723e-11 3.36266e-11 4.15933e-11 5.31447e-11 6.98381e-11 9.37509e-11 1.27382e-10 1.72714e-10 2.29678e-10 2.91707e-10 3.43889e-10 3.69783e-10 3.62462e-10 3.28103e-10 2.78058e-10 2.22399e-10 1.69827e-10 1.26433e-10 9.41942e-11 7.14681e-11 5.59339e-11 4.55121e-11 3.85539e-11 3.38256e-11 3.04972e-11 2.80346e-11 2.60334e-11 2.42e-11 2.2374e-11 2.04843e-11 1.85073e-11 1.64473e-11 1.43294e-11 1.21948e-11 1.0082e-11 7.98777e-12 5.83022e-12 3.53836e-12 
2.81221e-12 4.74914e-12 6.57522e-12 8.33684e-12 1.00874e-11 1.18327e-11 1.35673e-11 1.5305e-11 1.70938e-11 1.90364e-11 2.12836e-11 2.40413e-11 2.76175e-11 3.25171e-11 3.94855e-11 4.95534e-11 6.40949e-11 8.49777e-11 1.1474e-10 1.56118e-10 2.11248e-10 2.77709e-10 3.43889e-10 3.91162e-10 4.04669e-10 3.83589e-10 3.38273e-10 2.80657e-10 2.20686e-10 1.67087e-10 1.24711e-10 9.38299e-11 7.19974e-11 5.68492e-11 4.64457e-11 3.92878e-11 3.428e-11 3.07091e-11 2.80367e-11 2.58278e-11 2.38005e-11 2.18114e-11 1.97947e-11 1.77223e-11 1.55957e-11 1.34387e-11 1.1288e-11 9.16358e-12 7.02586e-12 4.7419e-12 
4.00319e-12 6.0027e-12 7.88197e-12 9.73577e-12 1.15915e-11 1.34465e-11 1.52976e-11 1.71718e-11 1.91412e-11 2.13314e-11 2.39152e-11 2.7141e-11 3.14377e-11 3.7469e-11 4.61391e-11 5.8635e-11 7.65537e-11 1.02185e-10 1.38378e-10 1.88241e-10 2.52981e-10 3.26013e-10 3.91162e-10 4.28541e-10 4.28484e-10 3.95552e-10 3.41622e-10 2.78058e-10 2.15509e-10 1.62235e-10 1.21486e-10 9.2026e-11 7.1095e-11 5.64377e-11 4.62262e-11 3.90705e-11 3.40168e-11 3.03924e-11 2.76271e-11 2.52863e-11 2.31275e-11 2.10293e-11 1.89276e-11 1.6792e-11 1.46247e-11 1.24511e-11 1.0298e-11 8.16117e-12 5.95642e-12 3.60805e-12 
3.14613e-12 5.27693e-12 7.28356e-12 9.22771e-12 1.11728e-11 1.31261e-11 1.50812e-11 1.70424e-11 1.90547e-11 2.1214e-11 2.36641e-11 2.66024e-11 3.03643e-11 3.55262e-11 4.28904e-11 5.34804e-11 6.86313e-11 9.02668e-11 1.21016e-10 1.64018e-10 2.22381e-10 2.94581e-10 3.69783e-10 4.28541e-10 4.53609e-10 4.41549e-10 3.99404e-10 3.38273e-10 2.70245e-10 2.0674e-10 1.54971e-10 1.16317e-10 8.8467e-11 6.86583e-11 5.47373e-11 4.49454e-11 3.80365e-11 3.31566e-11 2.96194e-11 2.68388e-11 2.44326e-11 2.22037e-11 2.00457e-11 1.78968e-11 1.57283e-11 1.35479e-11 1.13779e-11 9.23373e-12 7.07521e-12 4.76923e-12 
4.38525e-12 6.54742e-12 8.57906e-12 1.05934e-11 1.26223e-11 1.46605e-11 1.67004e-11 1.87621e-11 2.09099e-11 2.32574e-11 2.59622e-11 2.92737e-11 3.36538e-11 3.98121e-11 4.86415e-11 6.12581e-11 7.92098e-11 1.04765e-10 1.40715e-10 1.90534e-10 2.55975e-10 3.32198e-10 4.04669e-10 4.53609e-10 4.6698e-10 4.45621e-10 3.95552e-10 3.28103e-10 2.57085e-10 1.94348e-10 1.45153e-10 1.09098e-10 8.31997e-11 6.48567e-11 5.19284e-11 4.27987e-11 3.637e-11 3.18244e-11 2.84531e-11 2.57149e-11 2.33021e-11 2.10587e-11 1.88848e-11 1.67221e-11 1.45506e-11 1.23823e-11 1.02355e-11 8.10304e-12 5.90464e-12 3.56223e-12 
3.40341e-12 5.67301e-12 7.8054e-12 9.87514e-12 1.19546e-11 1.4052e-11 1.6156e-11 1.8265e-11 2.04131e-11 2.26822e-11 2.51983e-11 2.81425e-11 3.18538e-11 3.69256e-11 4.41467e-11 5.44625e-11 6.91064e-11 8.9909e-11 1.1931e-10 1.6032e-10 2.16106e-10 2.86185e-10 3.62462e-10 4.28484e-10 4.6698e-10 4.71005e-10 4.41549e-10 3.83589e-10 3.10661e-10 2.38781e-10 1.78606e-10 1.33048e-10 1.00103e-10 7.65827e-11 6.00007e-11 4.82894e-11 4.00421e-11 3.4258e-11 3.01237e-11 2.69566e-11 2.43072e-11 2.19444e-11 1.97321e-11 1.7577e-11 1.54299e-11 1.32829e-11 1.11501e-11 9.039e-12 6.91428e-12 4.64841e-12 
4.64841e-12 6.91428e-12 9.039e-12 1.11501e-11 1.32829e-11 1.54299e-11 1.7577e-11 1.97321e-11 2.19444e-11 2.43072e-11 2.69566e-11 3.01237e-11 3.4258e-11 4.00421e-11 4.82894e-11 6.00007e-11 7.65827e-11 1.00103e-10 1.33048e-10 1.78606e-10 2.38781e-10 3.10661e-10 3.83589e-10 4.41549e-10 4.71005e-10 4.6698e-10 4.28484e-10 3.62462e-10 2.86185e-10 2.16106e-10 1.6032e-10 1.1931e-10 8.9909e-11 6.91064e-11 5.44625e-11 4.41467e-11 3.69256e-11 3.18538e-11 2.81425e-11 2.51983e-11 2.26822e-11 2.04131e-11 1.8265e-11 1.6156e-11 1.4052e-11 1.19546e-11 9.87514e-12 7.8054e-12 5.67301e-12 3.40341e-12 
3.56223e-12 5.90464e-12 8.10304e-12 1.02355e-11 1.23823e-11 1.45506e-11 1.67221e-11 1.88848e-11 2.10587e-11 2.33021e-11 2.57149e-11 2.84531e-11 3.18244e-11 3.637e-11 4.27987e-11 5.19284e-11 6.48567e-11 8.31997e-11 1.09098e-10 1.45153e-10 1.94348e-10 2.57085e-10 3.28103e-10 3.95552e-10 4.45621e-10 4.6698e-10 4.53609e-10 4.04669e-10 3.32198e-10 2.55975e-10 1.90534e-10 1.40715e-10 1.04765e-10 7.92098e-11 6.12581e-11 4.86415e-11 3.98121e-11 3.36538e-11 2.92737e-11 2.59622e-11 2.32574e-11 2.09099e-11 1.87621e-11 1.67004e-11 1.46605e-11 1.26223e-11 1.05934e-11 8.57906e-12 6.54742e-12 4.38525e-12 
4.76923e-12 7.07521e-12 9.23373e-12 1.13779e-11 1.35479e-11 1.57283e-11 1.78968e-11 2.00457e-11 2.22037e-11 2.44326e-11 2.68388e-11 2.96194e-11 3.31566e-11 3.80365e-11 4.49454e-11 5.47373e-11 6.86583e-11 8.8467e-11 1.16317e-10 1.54971e-10 2.0674e-10 2.70245e-10 3.38273e-10 3.99404e-10 4.41549e-10 4.53609e-10 4.28541e-10 3.69783e-10 2.94581e-10 2.22381e-10 1.64018e-10 1.21016e-10 9.02668e-11 6.86313e-11 5.34804e-11 4.28904e-11 3.55262e-11 3.03643e-11 2.66024e-11 2.36641e-11 2.1214e-11 1.90547e-11 1.70424e-11 1.50812e-11 1.31261e-11 1.11728e-11 9.22771e-12 7.28356e-12 5.27693e-12 3.14613e-12 
3.60805e-12 5.95642e-12 8.16117e-12 1.0298e-11 1.24511e-11 1.46247e-11 1.6792e-11 1.89276e-11 2.10293e-11 2.31275e-11 2.52863e-11 2.76271e-11 3.03924e-11 3.40168e-11 3.90705e-11 4.62262e-11 5.64377e-11 7.1095e-11 9.2026e-11 1.21486e-10 1.62235e-10 2.15509e-10 2.78058e-10 3.41622e-10 3.95552e-10 4.28484e-10 4.28541e-10 3.91162e-10 3.26013e-10 2.52981e-10 1.88241e-10 1.38378e-10 1.02185e-10 7.65537e-11 5.8635e-11 4.61391e-11 3.7469e-11 3.14377e-11 2.7141e-11 2.39152e-11 2.13314e-11 1.91412e-11 1.71718e-11 1.52976e-11 1.34465e-11 1.15915e-11 9.73577e-12 7.88197e-12 6.0027e-12 4.00319e-12 
4.7419e-12 7.02586e-12 9.16358e-12 1.1288e-11 1.34387e-11 1.55957e-11 1.77223e-11 1.97947e-11 2.18114e-11 2.38005e-11 2.58278e-11 2.80367e-11 3.07091e-11 3.428e-11 3.92878e-11 4.64457e-11 5.68492e-11 7.19974e-11 9.38299e-11 1.24711e-10 1.67087e-10 2.20686e-10 2.80657e-10 3.38273e-10 3.83589e-10 4.04669e-10 3.91162e-10 3.43889e-10 2.77709e-10 2.11248e-10 1.56118e-10 1.1474e-10 8.49777e-11 6.40949e-11 4.95534e-11 3.94855e-11 3.25171e-11 2.76175e-11 2.40413e-11 2.12836e-11 1.90364e-11 1.70938e-11 1.5305e-11 1.35673e-11 1.18327e-11 1.00874e-11 8.33684e-12 6.57522e-12 4.74914e-12 2.81221e-12 
3.53836e-12 5.83022e-12 7.98777e-12 1.0082e-11 1.21948e-11 1.43294e-11 1.64473e-11 1.85073e-11 2.04843e-11 2.2374e-11 2.42e-11 2.60334e-11 2.80346e-11 3.04972e-11 3.38256e-11 3.85539e-11 4.55121e-11 5.59339e-11 7.14681e-11 9.41942e-11 1.26433e-10 1.69827e-10 2.22399e-10 2.78058e-10 3.28103e-10 3.62462e-10 3.69783e-10 3.43889e-10 2.91707e-10 2.29678e-10 1.72714e-10 1.27382e-10 9.37509e-11 6.98381e-11 5.31447e-11 4.15933e-11 3.36266e-11 2.80723e-11 2.40907e-11 2.11109e-11 1.87711e-11 1.68315e-11 1.51132e-11 1.34899e-11 1.18861e-11 1.02707e-11 8.64154e-12 6.999e-12 5.3222e-12 3.53445e-12 
4.57175e-12 6.77859e-12 8.85052e-12 1.09166e-11 1.30143e-11 1.5116e-11 1.71732e-11 1.91413e-11 2.09903e-11 2.27095e-11 2.43172e-11 2.58881e-11 2.75875e-11 2.96871e-11 3.25668e-11 3.68258e-11 4.34607e-11 5.38729e-11 6.99241e-11 9.3724e-11 1.27183e-10 1.70707e-10 2.20686e-10 2.70245e-10 3.10661e-10 3.32198e-10 3.26013e-10 2.91707e-10 2.40049e-10 1.85854e-10 1.39042e-10 1.02484e-10 7.57638e-11 5.69113e-11 4.38185e-11 3.47976e-11 2.85459e-11 2.41158e-11 2.08674e-11 1.83931e-11 1.64206e-11 1.47488e-11 1.32272e-11 1.17553e-11 1.02813e-11 8.78775e-12 7.27497e-12 5.73768e-12 4.1335e-12 2.43088e-12 
3.36338e-12 5.54079e-12 7.60775e-12 9.62391e-12 1.16692e-11 1.37413e-11 1.57942e-11 1.77711e-11 1.96225e-11 2.131e-11 2.28139e-11 2.41478e-11 2.53815e-11 2.6662e-11 2.82319e-11 3.04867e-11 3.4169e-11 4.04992e-11 5.11145e-11 6.80297e-11 9.3089e-11 1.27377e-10 1.69827e-10 2.15509e-10 2.57085e-10 2.86185e-10 2.94581e-10 2.77709e-10 2.40049e-10 1.93188e-10 1.48168e-10 1.10448e-10 8.16055e-11 6.07883e-11 4.61736e-11 3.6064e-11 2.90759e-11 2.41637e-11 2.06092e-11 1.79584e-11 1.59127e-11 1.42533e-11 1.28087e-11 1.14574e-11 1.01249e-11 8.77643e-12 7.40259e-12 6.00372e-12 4.56264e-12 3.01846e-12 
4.27736e-12 6.36135e-12 8.33491e-12 1.03158e-11 1.23402e-11 1.43771e-11 1.63655e-11 1.8243e-11 1.99515e-11 2.14437e-11 2.26891e-11 2.36924e-11 2.45044e-11 2.5242e-11 2.61313e-11 2.76508e-11 3.07788e-11 3.7048e-11 4.8321e-11 6.65077e-11 9.28072e-11 1.27183e-10 1.67087e-10 2.0674e-10 2.38781e-10 2.55975e-10 2.52981e-10 2.29678e-10 1.93188e-10 1.53215e-10 1.16624e-10 8.68793e-11 6.45976e-11 4.86191e-11 3.7444e-11 2.96957e-11 2.42739e-11 2.03865e-11 1.75248e-11 1.5365e-11 1.36767e-11 1.22755e-11 1.10213e-11 9.8187e-12 8.61409e-12 7.38635e-12 6.12895e-12 4.83768e-12 3.47892e-12 2.03189e-12 
3.10091e-12 5.1182e-12 7.06099e-12 8.97322e-12 1.09318e-11 1.29323e-11 1.49215e-11 1.68313e-11 1.85897e-11 2.01302e-11 2.13929e-11 2.23383e-11 2.2953e-11 2.32582e-11 2.33424e-11 2.34488e-11 2.42232e-11 2.70141e-11 3.37285e-11 4.62365e-11 6.59267e-11 9.3089e-11 1.26433e-10 1.62235e-10 1.94348e-10 2.16106e-10 2.22381e-10 2.11248e-10 1.85854e-10 1.53215e-10 1.20014e-10 9.0938e-11 6.80194e-11 5.10359e-11 3.89167e-11 3.04244e-11 2.44776e-11 2.02369e-11 1.7139e-11 1.48325e-11 1.30748e-11 1.16768e-11 1.04871e-11 9.39164e-12 8.32105e-12 7.2349e-12 6.12158e-12 4.97442e-12 3.7804e-12 2.49218e-12 
3.88739e-12 5.81292e-12 7.66032e-12 9.53689e-12 1.14768e-11 1.34454e-11 1.53757e-11 1.71902e-11 1.88092e-11 2.01555e-11 2.11592e-11 2.17667e-11 2.19407e-11 2.16723e-11 2.10292e-11 2.03216e-11 2.04869e-11 2.34215e-11 3.12839e-11 4.54621e-11 6.65077e-11 9.3724e-11 1.24711e-10 1.54971e-10 1.78606e-10 1.90534e-10 1.88241e-10 1.72714e-10 1.48168e-10 1.20014e-10 9.31545e-11 7.06426e-11 5.32107e-11 4.03976e-11 3.12463e-11 2.47873e-11 2.0184e-11 1.68372e-11 1.43599e-11 1.24988e-11 1.10642e-11 9.89938e-12 8.88238e-12 7.92346e-12 6.96912e-12 5.99308e-12 4.98659e-12 3.9416e-12 2.83139e-12 1.64339e-12 
2.77519e-12 4.60034e-12 6.39083e-12 8.17905e-12 1.00337e-11 1.1952e-11 1.38794e-11 1.57373e-11 1.74404e-11 1.88994e-11 2.00277e-11 2.07475e-11 2.0989e-11 2.06903e-11 1.98131e-11 1.84292e-11 1.69781e-11 1.6886e-11 2.07331e-11 3.03769e-11 4.62365e-11 6.80297e-11 9.41942e-11 1.21486e-10 1.45153e-10 1.6032e-10 1.64018e-10 1.56118e-10 1.39042e-10 1.16624e-10 9.31545e-11 7.20725e-11 5.48778e-11 4.17456e-11 3.2104e-11 2.51906e-11 2.02353e-11 1.66344e-11 1.39761e-11 1.19896e-11 1.04838e-11 9.30659e-12 8.33041e-12 7.45429e-12 6.61291e-12 5.76356e-12 4.89046e-12 3.98301e-12 3.02833e-12 1.99077e-12 
3.43574e-12 5.17575e-12 6.8761e-12 8.62924e-12 1.04676e-11 1.23584e-11 1.42322e-11 1.60022e-11 1.75752e-11 1.88558e-11 1.97503e-11 2.01718e-11 2.0038e-11 1.92653e-11 1.77999e-11 1.57442e-11 1.3777e-11 1.41006e-11 1.97167e-11 3.12839e-11 4.8321e-11 6.99241e-11 9.38299e-11 1.16317e-10 1.33048e-10 1.40715e-10 1.38378e-10 1.27382e-10 1.10448e-10 9.0938e-11 7.20725e-11 5.57873e-11 4.27867e-11 3.29022e-11 2.56455e-11 2.03804e-11 1.65351e-11 1.36953e-11 1.15727e-11 9.97334e-12 8.74972e-12 7.7772e-12 6.95292e-12 6.19593e-12 5.45623e-12 4.7023e-12 3.92338e-12 3.10615e-12 2.22923e-12 1.28685e-12 
2.41387e-12 4.02721e-12 5.64413e-12 7.28712e-12 9.02002e-12 1.08385e-11 1.26908e-11 1.44973e-11 1.61633e-11 1.75916e-11 1.86806e-11 1.93346e-11 1.94631e-11 1.89721e-11 1.7768e-11 1.5805e-11 1.32765e-11 1.12898e-11 1.30094e-11 2.07331e-11 3.37285e-11 5.11145e-11 7.14681e-11 9.2026e-11 1.09098e-10 1.1931e-10 1.21016e-10 1.1474e-10 1.02484e-10 8.68793e-11 7.06426e-11 5.57873e-11 4.33564e-11 3.3527e-11 2.60882e-11 2.0587e-11 1.65266e-11 1.35134e-11 1.12564e-11 9.55315e-12 8.2595e-12 7.26022e-12 6.45253e-12 5.75249e-12 5.09724e-12 4.44636e-12 3.78096e-12 3.08597e-12 2.34827e-12 1.54033e-12 
2.95531e-12 4.49363e-12 6.02818e-12 7.63734e-12 9.35269e-12 1.11438e-11 1.29454e-11 1.46691e-11 1.6218e-11 1.74903e-11 1.83857e-11 1.88097e-11 1.86713e-11 1.7875e-11 1.63361e-11 1.40611e-11 1.14529e-11 1.03062e-11 1.41006e-11 2.34215e-11 3.7048e-11 5.38729e-11 7.19974e-11 8.8467e-11 1.00103e-10 1.04765e-10 1.02185e-10 9.37509e-11 8.16055e-11 6.80194e-11 5.48778e-11 4.33564e-11 3.38713e-11 2.64414e-11 2.08095e-11 1.65845e-11 1.34186e-11 1.10365e-11 9.22992e-12 7.85536e-12 6.80491e-12 5.98511e-12 5.31115e-12 4.71482e-12 4.14623e-12 3.5772e-12 2.98941e-12 2.37059e-12 1.70009e-12 9.75845e-13 
2.0422e-12 3.43495e-12 4.86533e-12 6.34592e-12 7.93312e-12 9.62621e-12 1.13788e-11 1.31156e-11 1.47451e-11 1.61669e-11 1.72823e-11 1.7995e-11 1.82175e-11 1.78638e-11 1.68499e-11 1.51305e-11 1.28428e-11 1.07631e-11 1.12898e-11 1.6886e-11 2.70141e-11 4.04992e-11 5.59339e-11 7.1095e-11 8.31997e-11 8.9909e-11 9.02668e-11 8.49777e-11 7.57638e-11 6.45976e-11 5.32107e-11 4.27867e-11 3.38713e-11 2.66381e-11 2.09964e-11 1.66749e-11 1.33897e-11 1.08978e-11 8.99715e-12 7.54127e-12 6.42832e-12 5.5744e-12 4.90017e-12 4.33484e-12 3.82502e-12 3.33313e-12 2.83523e-12 2.31789e-12 1.76431e-12 1.15436e-12 
2.47654e-12 3.80639e-12 5.16155e-12 6.60857e-12 8.17457e-12 9.83758e-12 1.15398e-11 1.31999e-11 1.47267e-11 1.60214e-11 1.69904e-11 1.75478e-11 1.7615e-11 1.71197e-11 1.60076e-11 1.43184e-11 1.24013e-11 1.14529e-11 1.3777e-11 2.04869e-11 3.07788e-11 4.34607e-11 5.68492e-11 6.86583e-11 7.65827e-11 7.92098e-11 7.65537e-11 6.98381e-11 6.07883e-11 5.10359e-11 4.17456e-11 3.3527e-11 2.66381e-11 2.11023e-11 1.67606e-11 1.34009e-11 1.08225e-11 8.84156e-12 7.31247e-12 6.13501e-12 5.23269e-12 4.53627e-12 3.9801e-12 3.50517e-12 3.06986e-12 2.64502e-12 2.21149e-12 1.75549e-12 1.25807e-12 7.18935e-13 
1.684e-12 2.8587e-12 4.09442e-12 5.39907e-12 6.81993e-12 8.36035e-12 9.98422e-12 1.16245e-11 1.32012e-11 1.46234e-11 1.58002e-11 1.66468e-11 1.70888e-11 1.70623e-11 1.65166e-11 1.5451e-11 1.40308e-11 1.28428e-11 1.32765e-11 1.69781e-11 2.42232e-11 3.4169e-11 4.55121e-11 5.64377e-11 6.48567e-11 6.91064e-11 6.86313e-11 6.40949e-11 5.69113e-11 4.86191e-11 4.03976e-11 3.29022e-11 2.64414e-11 2.11023e-11 1.68122e-11 1.34266e-11 1.0789e-11 8.74448e-12 7.15348e-12 5.91766e-12 4.96385e-12 4.23348e-12 3.66591e-12 3.20601e-12 2.80745e-12 2.43601e-12 2.0688e-12 1.69206e-12 1.28836e-12 8.41339e-13 
2.02498e-12 3.14829e-12 4.3176e-12 5.58628e-12 6.98253e-12 8.4902e-12 1.00651e-11 1.1638e-11 1.31296e-11 1.44551e-11 1.55331e-11 1.62912e-11 1.6669e-11 1.66181e-11 1.61228e-11 1.52563e-11 1.43184e-11 1.40611e-11 1.57442e-11 2.03216e-11 2.76508e-11 3.68258e-11 4.64457e-11 5.47373e-11 6.00007e-11 6.12581e-11 5.8635e-11 5.31447e-11 4.61736e-11 3.89167e-11 3.2104e-11 2.60882e-11 2.09964e-11 1.68122e-11 1.34454e-11 1.07801e-11 8.68903e-12 7.04994e-12 5.76456e-12 4.76377e-12 3.99341e-12 3.4018e-12 2.93972e-12 2.55915e-12 2.22429e-12 1.90835e-12 1.59348e-12 1.26418e-12 9.04993e-13 5.14571e-13 
1.35512e-12 2.32351e-12 3.36665e-12 4.48824e-12 5.72856e-12 7.09638e-12 8.56442e-12 1.0084e-11 1.15873e-11 1.3e-11 1.42457e-11 1.52539e-11 1.59646e-11 1.63323e-11 1.63303e-11 1.59859e-11 1.5451e-11 1.51305e-11 1.5805e-11 1.84292e-11 2.34488e-11 3.04867e-11 3.85539e-11 4.62262e-11 5.19284e-11 5.44625e-11 5.34804e-11 4.95534e-11 4.38185e-11 3.7444e-11 3.12463e-11 2.56455e-11 2.08095e-11 1.67606e-11 1.34454e-11 1.07797e-11 8.6618e-12 6.98645e-12 5.6628e-12 4.62156e-12 3.81288e-12 3.19179e-12 2.71416e-12 2.33701e-12 2.02294e-12 1.74239e-12 1.47487e-12 1.20342e-12 9.1545e-13 5.96517e-13 
1.61786e-12 2.54452e-12 3.5292e-12 4.61506e-12 5.82799e-12 7.16318e-12 8.58623e-12 1.00488e-11 1.14871e-11 1.28339e-11 1.4023e-11 1.49951e-11 1.57032e-11 1.61146e-11 1.62307e-11 1.61228e-11 1.60076e-11 1.63361e-11 1.77999e-11 2.10292e-11 2.61313e-11 3.25668e-11 3.92878e-11 4.49454e-11 4.82894e-11 4.86415e-11 4.61391e-11 4.15933e-11 3.6064e-11 3.04244e-11 2.51906e-11 2.0587e-11 1.66749e-11 1.34266e-11 1.07797e-11 8.65033e-12 6.95169e-12 5.59792e-12 4.52535e-12 3.68304e-12 3.03198e-12 2.53318e-12 2.1491e-12 1.84207e-12 1.58304e-12 1.34876e-12 1.12197e-12 8.88296e-13 6.35012e-13 3.60031e-13 
1.06547e-12 1.84647e-12 2.70603e-12 3.64683e-12 4.70332e-12 5.88774e-12 7.1862e-12 8.56312e-12 9.97243e-12 1.13565e-11 1.26561e-11 1.38165e-11 1.47879e-11 1.55339e-11 1.60392e-11 1.63303e-11 1.65166e-11 1.68499e-11 1.7768e-11 1.98131e-11 2.33424e-11 2.82319e-11 3.38256e-11 3.90705e-11 4.27987e-11 4.41467e-11 4.28904e-11 3.94855e-11 3.47976e-11 2.96957e-11 2.47873e-11 2.03804e-11 1.65845e-11 1.34009e-11 1.07801e-11 8.65033e-12 6.93542e-12 5.56053e-12 4.46344e-12 3.59412e-12 2.9166e-12 2.39485e-12 1.99632e-12 1.6873e-12 1.4387e-12 1.22558e-12 1.02992e-12 8.37485e-13 6.36372e-13 4.12758e-13 
1.26435e-12 2.01203e-12 2.82161e-12 3.72821e-12 4.75765e-12 5.91098e-12 7.1715e-12 8.50545e-12 9.8694e-12 1.12146e-11 1.24902e-11 1.36499e-11 1.46535e-11 1.54759e-11 1.61146e-11 1.66181e-11 1.71197e-11 1.7875e-11 1.92653e-11 2.16723e-11 2.5242e-11 2.96871e-11 3.428e-11 3.80365e-11 4.00421e-11 3.98121e-11 3.7469e-11 3.36266e-11 2.90759e-11 2.44776e-11 2.02353e-11 1.65266e-11 1.33897e-11 1.0789e-11 8.6618e-12 6.93542e-12 5.5441e-12 4.42671e-12 3.53736e-12 2.83639e-12 2.29389e-12 1.87878e-12 1.56116e-12 1.3135e-12 1.1121e-12 9.38077e-13 7.74771e-13 6.11771e-13 4.36568e-13 2.45476e-13 
8.21029e-13 1.43661e-12 2.12966e-12 2.89926e-12 3.77863e-12 4.78103e-12 5.90462e-12 7.12889e-12 8.42488e-12 9.75616e-12 1.10807e-11 1.23555e-11 1.35422e-11 1.46076e-11 1.55339e-11 1.63323e-11 1.70623e-11 1.78638e-11 1.89721e-11 2.06903e-11 2.32582e-11 2.6662e-11 3.04972e-11 3.40168e-11 3.637e-11 3.69256e-11 3.55262e-11 3.25171e-11 2.85459e-11 2.42739e-11 2.0184e-11 1.65351e-11 1.34186e-11 1.08225e-11 8.68903e-12 6.95169e-12 5.5441e-12 4.41055e-12 3.50306e-12 2.78473e-12 2.22333e-12 1.79166e-12 1.46215e-12 1.21072e-12 1.01296e-12 8.50796e-13 7.08603e-13 5.72832e-13 4.32883e-13 2.80566e-13 
9.69221e-13 1.55883e-12 2.20873e-12 2.9485e-12 3.80341e-12 4.78025e-12 5.8735e-12 7.06782e-12 8.33677e-12 9.64966e-12 1.09719e-11 1.22684e-11 1.35048e-11 1.46535e-11 1.57032e-11 1.6669e-11 1.7615e-11 1.86713e-11 2.0038e-11 2.19407e-11 2.45044e-11 2.75875e-11 3.07091e-11 3.31566e-11 3.4258e-11 3.36538e-11 3.14377e-11 2.80723e-11 2.41637e-11 2.02369e-11 1.66344e-11 1.35134e-11 1.08978e-11 8.74448e-12 6.98645e-12 5.56053e-12 4.41055e-12 3.48764e-12 2.75397e-12 2.17705e-12 1.73029e-12 1.38851e-12 1.12984e-12 9.312e-13 7.74215e-13 6.4388e-13 5.27732e-13 4.14251e-13 2.93523e-13 1.64927e-13 
6.20245e-13 1.09646e-12 1.64278e-12 2.25959e-12 2.97519e-12 3.80644e-12 4.7591e-12 5.82794e-12 6.99894e-12 8.25197e-12 9.56261e-12 1.0902e-11 1.22385e-11 1.35422e-11 1.47879e-11 1.59646e-11 1.70888e-11 1.82175e-11 1.94631e-11 2.0989e-11 2.2953e-11 2.53815e-11 2.80346e-11 3.03924e-11 3.18244e-11 3.18538e-11 3.03643e-11 2.76175e-11 2.41158e-11 2.03865e-11 1.68372e-11 1.36953e-11 1.10365e-11 8.84156e-12 7.04994e-12 5.59792e-12 4.42671e-12 3.48764e-12 2.73899e-12 2.14942e-12 1.68987e-12 1.33692e-12 1.06856e-12 8.65463e-13 7.10254e-13 5.86423e-13 4.82018e-13 3.85738e-13 2.89878e-13 1.87214e-13 
7.29223e-13 1.18511e-12 1.6962e-12 2.28775e-12 2.98284e-12 3.79469e-12 4.72609e-12 5.77611e-12 6.93244e-12 8.18268e-12 9.5061e-12 1.0877e-11 1.22684e-11 1.36499e-11 1.49951e-11 1.62912e-11 1.75478e-11 1.88097e-11 2.01718e-11 2.17667e-11 2.36924e-11 2.58881e-11 2.80367e-11 2.96194e-11 3.01237e-11 2.92737e-11 2.7141e-11 2.40907e-11 2.06092e-11 1.7139e-11 1.39761e-11 1.12564e-11 8.99715e-12 7.15348e-12 5.6628e-12 4.46344e-12 3.50306e-12 2.73899e-12 2.13639e-12 1.66511e-12 1.30217e-12 1.02488e-12 8.15502e-13 6.57578e-13 5.37059e-13 4.39369e-13 3.55594e-13 2.76501e-13 1.95245e-13 1.09374e-13 
4.60702e-13 8.21768e-13 1.24366e-12 1.72875e-12 2.2998e-12 2.97802e-12 3.77202e-12 4.68749e-12 5.72564e-12 6.87901e-12 8.13769e-12 9.48672e-12 1.0902e-11 1.23555e-11 1.38165e-11 1.52539e-11 1.66468e-11 1.7995e-11 1.93346e-11 2.07475e-11 2.23383e-11 2.41478e-11 2.60334e-11 2.76271e-11 2.84531e-11 2.81425e-11 2.66024e-11 2.40413e-11 2.08674e-11 1.75248e-11 1.43599e-11 1.15727e-11 9.22992e-12 7.31247e-12 5.76456e-12 4.52535e-12 3.53736e-12 2.75397e-12 2.13639e-12 1.65391e-12 1.28103e-12 9.95708e-13 7.79652e-13 6.1792e-13 4.96271e-13 4.02351e-13 3.25376e-13 2.57604e-13 1.92731e-13 1.23779e-13 
5.39492e-13 8.85179e-13 1.28061e-12 1.7447e-12 2.30002e-12 2.96326e-12 3.74441e-12 4.64991e-12 5.68375e-12 6.84317e-12 8.12264e-12 9.5061e-12 1.09719e-11 1.24902e-11 1.4023e-11 1.55331e-11 1.69904e-11 1.83857e-11 1.97503e-11 2.11592e-11 2.26891e-11 2.43172e-11 2.58278e-11 2.68388e-11 2.69566e-11 2.59622e-11 2.39152e-11 2.11109e-11 1.79584e-11 1.48325e-11 1.19896e-11 9.55315e-12 7.54127e-12 5.91766e-12 4.62156e-12 3.59412e-12 2.78473e-12 2.14942e-12 1.65391e-12 1.27072e-12 9.77266e-13 7.55179e-13 5.88991e-13 4.65015e-13 3.71396e-13 2.98484e-13 2.37507e-13 1.82765e-13 1.28894e-13 7.17869e-14 
3.37297e-13 6.06709e-13 9.27232e-13 1.30151e-12 1.74955e-12 2.29308e-12 2.94409e-12 3.71635e-12 4.61857e-12 5.65644e-12 6.83111e-12 8.13769e-12 9.56261e-12 1.10807e-11 1.26561e-11 1.42457e-11 1.58002e-11 1.72823e-11 1.86806e-11 2.00277e-11 2.13929e-11 2.28139e-11 2.42e-11 2.52863e-11 2.57149e-11 2.51983e-11 2.36641e-11 2.12836e-11 1.83931e-11 1.5365e-11 1.24988e-11 9.97334e-12 7.85536e-12 6.13501e-12 4.76377e-12 3.68304e-12 2.83639e-12 2.17705e-12 1.66511e-12 1.27072e-12 9.68696e-13 7.40299e-13 5.6922e-13 4.41221e-13 3.46641e-13 2.75307e-13 2.18558e-13 1.71486e-13 1.26604e-13 8.03046e-14 
3.93504e-13 6.51636e-13 9.5203e-13 1.31028e-12 1.74734e-12 2.28129e-12 2.92545e-12 3.69356e-12 4.59825e-12 5.64688e-12 6.84317e-12 8.18268e-12 9.64966e-12 1.12146e-11 1.28339e-11 1.44551e-11 1.60214e-11 1.74903e-11 1.88558e-11 2.01555e-11 2.14437e-11 2.27095e-11 2.38005e-11 2.44326e-11 2.43072e-11 2.32574e-11 2.13314e-11 1.87711e-11 1.59127e-11 1.30748e-11 1.04838e-11 8.2595e-12 6.42832e-12 4.96385e-12 3.81288e-12 2.9166e-12 2.22333e-12 1.68987e-12 1.28103e-12 9.68696e-13 7.33467e-13 5.56186e-13 4.25301e-13 3.28832e-13 2.56927e-13 2.02029e-13 1.58308e-13 1.21009e-13 8.45096e-14 4.61503e-14 
2.44132e-13 4.40956e-13 6.80894e-13 9.65549e-13 1.31299e-12 1.74153e-12 2.26808e-12 2.90896e-12 3.67855e-12 4.59069e-12 5.65644e-12 6.87901e-12 8.25197e-12 9.75616e-12 1.13565e-11 1.3e-11 1.46234e-11 1.61669e-11 1.75916e-11 1.88994e-11 2.01302e-11 2.131e-11 2.2374e-11 2.31275e-11 2.33021e-11 2.26822e-11 2.1214e-11 1.90364e-11 1.64206e-11 1.36767e-11 1.10642e-11 8.74972e-12 6.80491e-12 5.23269e-12 3.99341e-12 3.03198e-12 2.29389e-12 1.73029e-12 1.30217e-12 9.77266e-13 7.33467e-13 5.51107e-13 4.15881e-13 3.15899e-13 2.43294e-13 1.89003e-13 1.47296e-13 1.13368e-13 8.2478e-14 5.27307e-14 
2.83007e-13 4.73248e-13 6.97934e-13 9.71281e-13 1.31056e-12 1.73401e-12 2.25719e-12 2.89832e-12 3.67333e-12 4.59825e-12 5.68375e-12 6.93244e-12 8.33677e-12 9.8694e-12 1.14871e-11 1.31296e-11 1.47267e-11 1.6218e-11 1.75752e-11 1.88092e-11 1.99515e-11 2.09903e-11 2.18114e-11 2.22037e-11 2.19444e-11 2.09099e-11 1.91412e-11 1.68315e-11 1.42533e-11 1.16768e-11 9.30659e-12 7.26022e-12 5.5744e-12 4.23348e-12 3.19179e-12 2.39485e-12 1.79166e-12 1.33692e-12 9.95708e-13 7.40299e-13 5.51107e-13 4.1084e-13 3.08382e-13 2.33349e-13 1.78603e-13 1.37688e-13 1.05847e-13 7.92662e-14 5.50804e-14 3.04155e-14 
1.74483e-13 3.16908e-13 4.93311e-13 7.07302e-13 9.72085e-13 1.30687e-12 1.72687e-12 2.24981e-12 2.89392e-12 3.67855e-12 4.61857e-12 5.72564e-12 6.99894e-12 8.42488e-12 9.97243e-12 1.15873e-11 1.32012e-11 1.47451e-11 1.61633e-11 1.74404e-11 1.85897e-11 1.96225e-11 2.04843e-11 2.10293e-11 2.10587e-11 2.04131e-11 1.90547e-11 1.70938e-11 1.47488e-11 1.22755e-11 9.89938e-12 7.7772e-12 5.98511e-12 4.53627e-12 3.4018e-12 2.53318e-12 1.87878e-12 1.38851e-12 1.02488e-12 7.55179e-13 5.56186e-13 4.1084e-13 3.04265e-13 2.26883e-13 1.70762e-13 1.29571e-13 9.95381e-14 7.50893e-14 5.42577e-14 3.4097e-14 
2.01675e-13 3.40318e-13 5.05828e-13 7.11019e-13 9.71081e-13 1.30234e-12 1.72148e-12 2.24647e-12 2.89832e-12 3.69356e-12 4.64991e-12 5.77611e-12 7.06782e-12 8.50545e-12 1.00488e-11 1.1638e-11 1.31999e-11 1.46691e-11 1.60022e-11 1.71902e-11 1.8243e-11 1.91413e-11 1.97947e-11 2.00457e-11 1.97321e-11 1.87621e-11 1.71718e-11 1.51132e-11 1.28087e-11 1.04871e-11 8.33041e-12 6.45253e-12 4.90017e-12 3.66591e-12 2.71416e-12 1.99632e-12 1.46215e-12 1.06856e-12 7.79652e-13 5.6922e-13 4.15881e-13 3.04265e-13 2.23703e-13 1.66225e-13 1.24693e-13 9.36243e-14 7.1059e-14 5.23771e-14 3.55892e-14 1.96232e-14 
1.23601e-13 2.25946e-13 3.54428e-13 5.1195e-13 7.12285e-13 9.69715e-13 1.29939e-12 1.7194e-12 2.24981e-12 2.90896e-12 3.71635e-12 4.68749e-12 5.82794e-12 7.12889e-12 8.56312e-12 1.0084e-11 1.16245e-11 1.31156e-11 1.44973e-11 1.57373e-11 1.68313e-11 1.77711e-11 1.85073e-11 1.89276e-11 1.88848e-11 1.8265e-11 1.70424e-11 1.5305e-11 1.32272e-11 1.10213e-11 8.88238e-12 6.95292e-12 5.31115e-12 3.9801e-12 2.93972e-12 2.1491e-12 1.56116e-12 1.12984e-12 8.15502e-13 5.88991e-13 4.25301e-13 3.08382e-13 2.23703e-13 1.63991e-13 1.20335e-13 8.99123e-14 6.72802e-14 5.05338e-14 3.59411e-14 2.23734e-14 
1.42258e-13 2.41872e-13 3.62315e-13 5.14923e-13 7.12617e-13 9.67685e-13 1.29875e-12 1.72148e-12 2.25719e-12 2.92545e-12 3.74441e-12 4.72609e-12 5.8735e-12 7.1715e-12 8.58623e-12 1.00651e-11 1.15398e-11 1.29454e-11 1.42322e-11 1.53757e-11 1.63655e-11 1.71732e-11 1.77223e-11 1.78968e-11 1.7577e-11 1.67004e-11 1.52976e-11 1.34899e-11 1.14574e-11 9.39164e-12 7.45429e-12 5.75249e-12 4.33484e-12 3.20601e-12 2.33701e-12 1.6873e-12 1.21072e-12 8.65463e-13 6.1792e-13 4.41221e-13 3.15899e-13 2.26883e-13 1.63991e-13 1.19052e-13 8.74709e-14 6.46895e-14 4.7919e-14 3.52971e-14 2.39664e-14 1.27662e-14 
8.67781e-14 1.59284e-13 2.51735e-13 3.67266e-13 5.16302e-13 7.11767e-13 9.67661e-13 1.29939e-12 1.72687e-12 2.26808e-12 2.94409e-12 3.77202e-12 4.7591e-12 5.90462e-12 7.1862e-12 8.56442e-12 9.98422e-12 1.13788e-11 1.26908e-11 1.38794e-11 1.49215e-11 1.57942e-11 1.64473e-11 1.6792e-11 1.67221e-11 1.6156e-11 1.50812e-11 1.35673e-11 1.17553e-11 9.8187e-12 7.92346e-12 6.19593e-12 4.71482e-12 3.50517e-12 2.55915e-12 1.84207e-12 1.3135e-12 9.312e-13 6.57578e-13 4.65015e-13 3.28832e-13 2.33349e-13 1.66225e-13 1.19052e-13 8.62627e-14 6.23921e-14 4.64092e-14 3.37955e-14 2.35444e-14 1.45874e-14 
1.00283e-13 1.70331e-13 2.5695e-13 3.69908e-13 5.16826e-13 7.11498e-13 9.67685e-13 1.30234e-12 1.73401e-12 2.28129e-12 2.96326e-12 3.79469e-12 4.78025e-12 5.91098e-12 7.16318e-12 8.4902e-12 9.83758e-12 1.11438e-11 1.23584e-11 1.34454e-11 1.43771e-11 1.5116e-11 1.55957e-11 1.57283e-11 1.54299e-11 1.46605e-11 1.34465e-11 1.18861e-11 1.01249e-11 8.32105e-12 6.61291e-12 5.09724e-12 3.82502e-12 2.80745e-12 2.02294e-12 1.4387e-12 1.01296e-12 7.10254e-13 4.96271e-13 3.46641e-13 2.43294e-13 1.70762e-13 1.20335e-13 8.62627e-14 6.21283e-14 4.51093e-14 3.24329e-14 2.31361e-14 1.53177e-14 8.8536e-15 
6.02697e-14 1.10775e-13 1.7689e-13 2.61e-13 3.70992e-13 5.17333e-13 7.11767e-13 9.69715e-13 1.30687e-12 1.74153e-12 2.29308e-12 2.97802e-12 3.80644e-12 4.78103e-12 5.88774e-12 7.09638e-12 8.36035e-12 9.62621e-12 1.08385e-11 1.1952e-11 1.29323e-11 1.37413e-11 1.43294e-11 1.46247e-11 1.45506e-11 1.4052e-11 1.31261e-11 1.18327e-11 1.02813e-11 8.61409e-12 6.96912e-12 5.45623e-12 4.14623e-12 3.06986e-12 2.22429e-12 1.58304e-12 1.1121e-12 7.74215e-13 5.37059e-13 3.71396e-13 2.56927e-13 1.78603e-13 1.24693e-13 8.74709e-14 6.21283e-14 4.40224e-14 3.21217e-14 2.27983e-14 1.59913e-14 9.73702e-15 
6.93344e-14 1.18773e-13 1.80541e-13 2.61779e-13 3.70406e-13 5.16826e-13 7.12617e-13 9.71081e-13 1.31056e-12 1.74734e-12 2.30002e-12 2.98284e-12 3.80341e-12 4.75765e-12 5.82799e-12 6.98253e-12 8.17457e-12 9.35269e-12 1.04676e-11 1.14768e-11 1.23402e-11 1.30143e-11 1.34387e-11 1.35479e-11 1.32829e-11 1.26223e-11 1.15915e-11 1.02707e-11 8.77643e-12 7.2349e-12 5.76356e-12 4.44636e-12 3.33313e-12 2.43601e-12 1.74239e-12 1.22558e-12 8.50796e-13 5.86423e-13 4.02351e-13 2.75307e-13 1.89003e-13 1.29571e-13 8.99123e-14 6.23921e-14 4.40224e-14 3.10751e-14 2.25611e-14 1.57414e-14 1.05435e-14 5.91747e-15 
4.22358e-14 7.69729e-14 1.23052e-13 1.82995e-13 2.63009e-13 3.70992e-13 5.16302e-13 7.12285e-13 9.72085e-13 1.31299e-12 1.74955e-12 2.2998e-12 2.97519e-12 3.77863e-12 4.70332e-12 5.72856e-12 6.81993e-12 7.93312e-12 9.02002e-12 1.00337e-11 1.09318e-11 1.16692e-11 1.21948e-11 1.24511e-11 1.23823e-11 1.19546e-11 1.11728e-11 1.00874e-11 8.78775e-12 7.38635e-12 5.99308e-12 4.7023e-12 3.5772e-12 2.64502e-12 1.90835e-12 1.34876e-12 9.38077e-13 6.4388e-13 4.39369e-13 2.98484e-13 2.02029e-13 1.37688e-13 9.36243e-14 6.46895e-14 4.51093e-14 3.10751e-14 2.2439e-14 1.55605e-14 1.03737e-14 6.83514e-15 
4.76633e-14 8.19369e-14 1.25314e-13 1.83187e-13 2.61779e-13 3.69908e-13 5.14923e-13 7.11019e-13 9.71281e-13 1.31028e-12 1.7447e-12 2.28775e-12 2.9485e-12 3.72821e-12 4.61506e-12 5.58628e-12 6.60857e-12 7.63734e-12 8.62924e-12 9.53689e-12 1.03158e-11 1.09166e-11 1.1288e-11 1.13779e-11 1.11501e-11 1.05934e-11 9.73577e-12 8.64154e-12 7.40259e-12 6.12158e-12 4.89046e-12 3.78096e-12 2.83523e-12 2.0688e-12 1.47487e-12 1.02992e-12 7.08603e-13 4.82018e-13 3.25376e-13 2.18558e-13 1.47296e-13 9.95381e-14 6.72802e-14 4.64092e-14 3.21217e-14 2.2439e-14 1.54656e-14 1.11724e-14 6.73538e-15 3.95697e-15 
2.89035e-14 5.24189e-14 8.49956e-14 1.26399e-13 1.82995e-13 2.61e-13 3.67266e-13 5.1195e-13 7.07302e-13 9.65549e-13 1.30151e-12 1.72875e-12 2.25959e-12 2.89926e-12 3.64683e-12 4.48824e-12 5.39907e-12 6.34592e-12 7.28712e-12 8.17905e-12 8.97322e-12 9.62391e-12 1.0082e-11 1.0298e-11 1.02355e-11 9.87514e-12 9.22771e-12 8.33684e-12 7.27497e-12 6.12895e-12 4.98659e-12 3.92338e-12 2.98941e-12 2.21149e-12 1.59348e-12 1.12197e-12 7.74771e-13 5.27732e-13 3.55594e-13 2.37507e-13 1.58308e-13 1.05847e-13 7.1059e-14 4.7919e-14 3.24329e-14 2.25611e-14 1.54656e-14 1.10935e-14 7.59328e-15 3.92122e-15 
3.25323e-14 5.53485e-14 8.50738e-14 1.25314e-13 1.80541e-13 2.5695e-13 3.62315e-13 5.05828e-13 6.97934e-13 9.5203e-13 1.28061e-12 1.6962e-12 2.20873e-12 2.82161e-12 3.5292e-12 4.3176e-12 5.16155e-12 6.02818e-12 6.8761e-12 7.66032e-12 8.33491e-12 8.85052e-12 9.16358e-12 9.23373e-12 9.039e-12 8.57906e-12 7.88197e-12 6.999e-12 6.00372e-12 4.97442e-12 3.98301e-12 3.08597e-12 2.31789e-12 1.69206e-12 1.20342e-12 8.37485e-13 5.72832e-13 3.85738e-13 2.57604e-13 1.71486e-13 1.13368e-13 7.50893e-14 5.05338e-14 3.37955e-14 2.27983e-14 1.55605e-14 1.10935e-14 7.53117e-15 4.8406e-15 1.98396e-15 
1.93545e-14 3.53665e-14 5.63404e-14 8.49956e-14 1.23052e-13 1.7689e-13 2.51735e-13 3.54428e-13 4.93311e-13 6.80894e-13 9.27232e-13 1.24366e-12 1.64278e-12 2.12966e-12 2.70603e-12 3.36665e-12 4.09442e-12 4.86533e-12 5.64413e-12 6.39083e-12 7.06099e-12 7.60775e-12 7.98777e-12 8.16117e-12 8.10304e-12 7.8054e-12 7.28356e-12 6.57522e-12 5.73768e-12 4.83768e-12 3.9416e-12 3.10615e-12 2.37059e-12 1.75549e-12 1.26418e-12 8.88296e-13 6.11771e-13 4.14251e-13 2.76501e-13 1.82765e-13 1.21009e-13 7.92662e-14 5.23771e-14 3.52971e-14 2.31361e-14 1.57414e-14 1.11724e-14 7.53117e-15 4.79788e-15 2.95364e-15 
2.21181e-14 3.63272e-14 5.53485e-14 8.19369e-14 1.18773e-13 1.70331e-13 2.41872e-13 3.40318e-13 4.73248e-13 6.51636e-13 8.85179e-13 1.18511e-12 1.55883e-12 2.01203e-12 2.54452e-12 3.14829e-12 3.80639e-12 4.49363e-12 5.17575e-12 5.81292e-12 6.36135e-12 6.77859e-12 7.02586e-12 7.07521e-12 6.91428e-12 6.54742e-12 6.0027e-12 5.3222e-12 4.56264e-12 3.7804e-12 3.02833e-12 2.34827e-12 1.76431e-12 1.28836e-12 9.1545e-13 6.36372e-13 4.32883e-13 2.89878e-13 1.92731e-13 1.26604e-13 8.2478e-14 5.42577e-14 3.59411e-14 2.35444e-14 1.59913e-14 1.03737e-14 7.59328e-15 4.79788e-15 2.93031e-15 1.98749e-15 
1.36348e-14 2.30586e-14 3.53665e-14 5.24189e-14 7.69729e-14 1.10775e-13 1.59284e-13 2.25946e-13 3.16908e-13 4.40956e-13 6.06709e-13 8.21768e-13 1.09646e-12 1.43661e-12 1.84647e-12 2.32351e-12 2.8587e-12 3.43495e-12 4.02721e-12 4.60034e-12 5.1182e-12 5.54079e-12 5.83022e-12 5.95642e-12 5.90464e-12 5.67301e-12 5.27693e-12 4.74914e-12 4.1335e-12 3.47892e-12 2.83139e-12 2.22923e-12 1.70009e-12 1.25807e-12 9.04993e-13 6.35012e-13 4.36568e-13 2.93523e-13 1.95245e-13 1.28894e-13 8.45096e-14 5.50804e-14 3.55892e-14 2.39664e-14 1.53177e-14 1.05435e-14 6.73538e-15 4.8406e-15 2.93031e-15 1.97896e-15 
1.35936e-14 2.21181e-14 3.25323e-14 4.76633e-14 6.93344e-14 1.00283e-13 1.42258e-13 2.01675e-13 2.83007e-13 3.93504e-13 5.39492e-13 7.29223e-13 9.69221e-13 1.26435e-12 1.61786e-12 2.02498e-12 2.47654e-12 2.95531e-12 3.43574e-12 3.88739e-12 4.27736e-12 4.57175e-12 4.7419e-12 4.76923e-12 4.64841e-12 4.38525e-12 4.00319e-12 3.53445e-12 3.01846e-12 2.49218e-12 1.99077e-12 1.54033e-12 1.15436e-12 8.41339e-13 5.96517e-13 4.12758e-13 2.80566e-13 1.87214e-13 1.23779e-13 8.03046e-14 5.27307e-14 3.4097e-14 2.23734e-14 1.45874e-14 9.73702e-15 6.83514e-15 3.92122e-15 2.95364e-15 1.97896e-15 9.95036e-16 
7.88196e-15 1.36348e-14 1.93545e-14 2.89035e-14 4.22358e-14 6.02697e-14 8.67781e-14 1.23601e-13 1.74483e-13 2.44132e-13 3.37297e-13 4.60702e-13 6.20245e-13 8.21029e-13 1.06547e-12 1.35512e-12 1.684e-12 2.0422e-12 2.41387e-12 2.77519e-12 3.10091e-12 3.36338e-12 3.53836e-12 3.60805e-12 3.56223e-12 3.40341e-12 3.14613e-12 2.81221e-12 2.43088e-12 2.03189e-12 1.64339e-12 1.28685e-12 9.75845e-13 7.18935e-13 5.14571e-13 3.60031e-13 2.45476e-13 1.64927e-13 1.09374e-13 7.17869e-14 4.61503e-14 3.04155e-14 1.96232e-14 1.27662e-14 8.8536e-15 5.91747e-15 3.95697e-15 1.98396e-15 1.98749e-15 9.95036e-16 
