1 100 50
7.92251e-15 1.57802e-14 2.5573e-14 3.92385e-14 6.16926e-14 9.78756e-14 1.56663e-13 2.54782e-13 4.17842e-13 6.87299e-13 1.13244e-12 1.85558e-12 3.0081e-12 4.80253e-12 7.51532e-12 1.14733e-11 1.70218e-11 2.4455e-11 3.39327e-11 4.538e-11 5.84098e-11 7.22967e-11 8.60196e-11 9.83792e-11 1.08174e-10 1.14405e-10 1.1644e-10 1.14128e-10 1.07807e-10 9.82242e-11 8.63987e-11 7.34462e-11 6.041e-11 4.81408e-11 3.72287e-11 2.79915e-11 2.05073e-11 1.46766e-11 1.02887e-11 7.08711e-12 4.812e-12 3.23214e-12 2.15416e-12 1.43055e-12 9.47439e-13 6.2825e-13 4.17399e-13 2.78059e-13 1.84557e-13 1.20562e-13 
1.67157e-14 2.92322e-14 4.55095e-14 7.14196e-14 1.10978e-13 1.77027e-13 2.85472e-13 4.65985e-13 7.65074e-13 1.25892e-12 2.06531e-12 3.36234e-12 5.40783e-12 8.54717e-12 1.32183e-11 1.99098e-11 2.90956e-11 4.11124e-11 5.60227e-11 7.34746e-11 9.26307e-11 1.1218e-10 1.30479e-10 1.45789e-10 1.56563e-10 1.61718e-10 1.60814e-10 1.54109e-10 1.42473e-10 1.27205e-10 1.09805e-10 9.17424e-11 7.42779e-11 5.83546e-11 4.45539e-11 3.31197e-11 2.40213e-11 1.70415e-11 1.18574e-11 8.1169e-12 5.48394e-12 3.67e-12 2.44047e-12 1.61714e-12 1.0699e-12 7.08648e-13 4.69153e-13 3.10031e-13 2.00782e-13 1.20562e-13 
1.57802e-14 3.00419e-14 4.86683e-14 7.57256e-14 1.18102e-13 1.84845e-13 2.958e-13 4.78935e-13 7.82941e-13 1.28523e-12 2.10958e-12 3.44466e-12 5.57467e-12 8.89822e-12 1.39434e-11 2.13484e-11 3.17977e-11 4.58857e-11 6.39378e-11 8.57914e-11 1.10638e-10 1.36969e-10 1.62692e-10 1.85418e-10 2.02868e-10 2.13267e-10 2.15664e-10 2.1006e-10 1.97333e-10 1.79027e-10 1.57044e-10 1.3335e-10 1.0972e-10 8.75764e-11 6.78978e-11 5.12109e-11 3.76486e-11 2.70386e-11 1.90196e-11 1.31414e-11 8.94715e-12 6.02237e-12 4.02099e-12 2.67078e-12 1.76943e-12 1.17144e-12 7.75044e-13 5.11167e-13 3.31464e-13 2.00782e-13 
2.92322e-14 5.02542e-14 7.82402e-14 1.19284e-13 1.85149e-13 2.91876e-13 4.68412e-13 7.59759e-13 1.2406e-12 2.03207e-12 3.32225e-12 5.39968e-12 8.68564e-12 1.37679e-11 2.14038e-11 3.24783e-11 4.78811e-11 6.82972e-11 9.39222e-11 1.24178e-10 1.57542e-10 1.91579e-10 2.23235e-10 2.49338e-10 2.67194e-10 2.75081e-10 2.72512e-10 2.60226e-10 2.39921e-10 2.13875e-10 1.84558e-10 1.54312e-10 1.25127e-10 9.8498e-11 7.53704e-11 5.61575e-11 4.08294e-11 2.90384e-11 2.02596e-11 1.39089e-11 9.42651e-12 6.32811e-12 4.22129e-12 2.80559e-12 1.8614e-12 1.23308e-12 8.14608e-13 5.32384e-13 3.31464e-13 1.84557e-13 
2.5573e-14 4.86683e-14 7.86702e-14 1.19217e-13 1.82077e-13 2.83071e-13 4.47245e-13 7.17528e-13 1.16278e-12 1.89449e-12 3.09134e-12 5.03026e-12 8.13174e-12 1.30047e-11 2.04799e-11 3.16049e-11 4.75572e-11 6.94364e-11 9.7939e-11 1.32953e-10 1.7321e-10 2.16146e-10 2.58117e-10 2.94962e-10 3.22798e-10 3.38792e-10 3.41668e-10 3.31797e-10 3.10923e-10 2.81662e-10 2.46995e-10 2.09861e-10 1.72884e-10 1.38189e-10 1.07281e-10 8.1015e-11 5.96294e-11 4.28813e-11 3.02139e-11 2.09219e-11 1.42859e-11 9.64931e-12 6.46953e-12 4.31774e-12 2.87484e-12 1.9115e-12 1.26733e-12 8.33191e-13 5.32384e-13 3.10031e-13 
4.55095e-14 7.82402e-14 1.19419e-13 1.79331e-13 2.73586e-13 4.24117e-13 6.70589e-13 1.07481e-12 1.73728e-12 2.81905e-12 4.57903e-12 7.41272e-12 1.19178e-11 1.89482e-11 2.96532e-11 4.54391e-11 6.78162e-11 9.80652e-11 1.3675e-10 1.83178e-10 2.35006e-10 2.88241e-10 3.37756e-10 3.78258e-10 4.05403e-10 4.16688e-10 4.1179e-10 3.92325e-10 3.61199e-10 3.21904e-10 2.77987e-10 2.32731e-10 1.88966e-10 1.48903e-10 1.14011e-10 8.49813e-11 6.18113e-11 4.39962e-11 3.07415e-11 2.11546e-11 1.43871e-11 9.70175e-12 6.50708e-12 4.35132e-12 2.90489e-12 1.93579e-12 1.28273e-12 8.33191e-13 5.11167e-13 2.78059e-13 
3.92385e-14 7.57256e-14 1.19217e-13 1.7835e-13 2.67035e-13 4.0591e-13 6.29479e-13 9.93176e-13 1.58616e-12 2.55216e-12 4.12039e-12 6.65301e-12 1.07089e-11 1.71174e-11 2.70569e-11 4.20781e-11 6.40208e-11 9.47489e-11 1.35635e-10 1.86867e-10 2.46769e-10 3.11438e-10 3.75031e-10 4.30763e-10 4.72388e-10 4.95616e-10 4.9893e-10 4.83524e-10 4.5251e-10 4.0991e-10 3.59879e-10 3.0634e-10 2.52833e-10 2.02372e-10 1.57227e-10 1.18764e-10 8.74254e-11 6.28973e-11 4.43667e-11 3.07874e-11 2.10916e-11 1.43142e-11 9.65369e-12 6.4881e-12 4.35315e-12 2.91658e-12 1.94571e-12 1.28273e-12 8.14608e-13 4.69153e-13 
7.14196e-14 1.19284e-13 1.79331e-13 2.64795e-13 3.93465e-13 5.97396e-13 9.25652e-13 1.45508e-12 2.3125e-12 3.69929e-12 5.93453e-12 9.51961e-12 1.52272e-11 2.41942e-11 3.80126e-11 5.87303e-11 8.86896e-11 1.30081e-10 1.84185e-10 2.50439e-10 3.2563e-10 4.03731e-10 4.76674e-10 5.36056e-10 5.75183e-10 5.90634e-10 5.82679e-10 5.54463e-10 5.10575e-10 4.55824e-10 3.94714e-10 3.31407e-10 2.69711e-10 2.12842e-10 1.6309e-10 1.21612e-10 8.85038e-11 6.30687e-11 4.41626e-11 3.04968e-11 2.08417e-11 1.41447e-11 9.55984e-12 6.44853e-12 4.3443e-12 2.91876e-12 1.94571e-12 1.26733e-12 7.75044e-13 4.17399e-13 
6.16926e-14 1.18102e-13 1.82077e-13 2.67035e-13 3.88984e-13 5.77747e-13 8.76182e-13 1.35167e-12 2.11511e-12 3.33959e-12 5.30227e-12 8.44245e-12 1.3446e-11 2.13624e-11 3.3725e-11 5.26472e-11 8.07746e-11 1.20984e-10 1.75693e-10 2.45777e-10 3.29363e-10 4.21021e-10 5.12007e-10 5.91843e-10 6.50907e-10 6.82992e-10 6.86639e-10 6.64641e-10 6.22183e-10 5.64877e-10 4.97791e-10 4.25516e-10 3.52486e-10 2.82886e-10 2.2015e-10 1.66477e-10 1.2268e-10 8.84003e-11 6.25137e-11 4.35472e-11 2.99925e-11 2.04959e-11 1.39397e-11 9.45827e-12 6.40972e-12 4.33659e-12 2.91876e-12 1.93579e-12 1.23308e-12 7.08648e-13 
1.10978e-13 1.85149e-13 2.73586e-13 3.93465e-13 5.70877e-13 8.45344e-13 1.27774e-12 1.96268e-12 3.05071e-12 4.77854e-12 7.52285e-12 1.18776e-11 1.87694e-11 2.96028e-11 4.64159e-11 7.19547e-11 1.09548e-10 1.62591e-10 2.33504e-10 3.22263e-10 4.24945e-10 5.33117e-10 6.34836e-10 7.17391e-10 7.70885e-10 7.90986e-10 7.79371e-10 7.41713e-10 6.84704e-10 6.14129e-10 5.348e-10 4.51408e-10 3.68904e-10 2.91977e-10 2.24199e-10 1.67496e-10 1.22174e-10 8.73406e-11 6.14313e-11 4.2675e-11 2.93874e-11 2.0127e-11 1.37459e-11 9.37613e-12 6.38745e-12 4.33659e-12 2.91658e-12 1.9115e-12 1.17144e-12 6.2825e-13 
9.78756e-14 1.84845e-13 2.83071e-13 4.0591e-13 5.77747e-13 8.35912e-13 1.23346e-12 1.8555e-12 2.83273e-12 4.36681e-12 6.77801e-12 1.05707e-11 1.65373e-11 2.59119e-11 4.05509e-11 6.31083e-11 9.70811e-11 1.46529e-10 2.1525e-10 3.05281e-10 4.14984e-10 5.3747e-10 6.60522e-10 7.68835e-10 8.48241e-10 8.90165e-10 8.93843e-10 8.64947e-10 8.11588e-10 7.40736e-10 6.5737e-10 5.65909e-10 4.71555e-10 3.80117e-10 2.96799e-10 2.25088e-10 1.66398e-10 1.20385e-10 8.5583e-11 6.00239e-11 4.16918e-11 2.87785e-11 1.97973e-11 1.35979e-11 9.33028e-12 6.38745e-12 4.3443e-12 2.90489e-12 1.8614e-12 1.0699e-12 
1.77027e-13 2.91876e-13 4.24117e-13 5.97396e-13 8.45344e-13 1.21873e-12 1.79301e-12 2.68197e-12 4.06181e-12 6.20268e-12 9.53147e-12 1.47143e-11 2.2797e-11 3.53979e-11 5.49298e-11 8.4788e-11 1.29309e-10 1.93267e-10 2.80604e-10 3.92365e-10 5.24357e-10 6.6571e-10 7.99843e-10 9.08513e-10 9.77684e-10 1.00229e-09 9.86737e-10 9.40677e-10 8.73112e-10 7.8959e-10 6.93746e-10 5.90158e-10 4.85226e-10 3.85825e-10 2.97442e-10 2.23136e-10 1.63568e-10 1.17662e-10 8.3405e-11 5.84919e-11 4.073e-11 2.82456e-11 1.95512e-11 1.35181e-11 9.33028e-12 6.40972e-12 4.35315e-12 2.87484e-12 1.76943e-12 9.47439e-13 
1.56663e-13 2.958e-13 4.47245e-13 6.29479e-13 8.76182e-13 1.23346e-12 1.77198e-12 2.59408e-12 3.85328e-12 5.78301e-12 8.7423e-12 1.32888e-11 2.02952e-11 3.11253e-11 4.78667e-11 7.36029e-11 1.12577e-10 1.70016e-10 2.51269e-10 3.59968e-10 4.95314e-10 6.49426e-10 8.06503e-10 9.45509e-10 1.04655e-09 1.09818e-09 1.10134e-09 1.06646e-09 1.00562e-09 9.26132e-10 8.30737e-10 7.22262e-10 6.0661e-10 4.91959e-10 3.86091e-10 2.94306e-10 2.18857e-10 1.59487e-10 1.1439e-10 8.10847e-11 5.70179e-11 3.9902e-11 2.78554e-11 1.94198e-11 1.35181e-11 9.37613e-12 6.44853e-12 4.35132e-12 2.80559e-12 1.61714e-12 
2.85472e-13 4.68412e-13 6.70589e-13 9.25652e-13 1.27774e-12 1.79301e-12 2.56497e-12 3.73228e-12 5.49897e-12 8.17215e-12 1.2221e-11 1.83703e-11 2.77503e-11 4.21077e-11 6.40981e-11 9.75785e-11 1.47713e-10 2.2058e-10 3.21808e-10 4.5403e-10 6.13516e-10 7.87499e-10 9.54603e-10 1.09002e-09 1.17457e-09 1.20266e-09 1.18338e-09 1.13229e-09 1.06047e-09 9.70789e-10 8.63305e-10 7.4174e-10 6.14544e-10 4.91729e-10 3.81392e-10 2.88071e-10 2.12909e-10 1.54688e-10 1.10955e-10 7.88792e-11 5.57624e-11 3.92989e-11 2.76481e-11 1.94198e-11 1.35979e-11 9.45827e-12 6.4881e-12 4.31774e-12 2.67078e-12 1.43055e-12 
2.54782e-13 4.78935e-13 7.17528e-13 9.93176e-13 1.35167e-12 1.8555e-12 2.59408e-12 3.69257e-12 5.33512e-12 7.79005e-12 1.14574e-11 1.69456e-11 2.51883e-11 3.76277e-11 5.64728e-11 8.50286e-11 1.28e-10 1.91487e-10 2.82246e-10 4.057e-10 5.6257e-10 7.44939e-10 9.34055e-10 1.10288e-09 1.22463e-09 1.28445e-09 1.28624e-09 1.24775e-09 1.18598e-09 1.1065e-09 1.00662e-09 8.85886e-10 7.51088e-10 6.13756e-10 4.85075e-10 3.72608e-10 2.79624e-10 2.06023e-10 1.49707e-10 1.0772e-10 7.70138e-11 5.48523e-11 3.89809e-11 2.76481e-11 1.95512e-11 1.37459e-11 9.55984e-12 6.50708e-12 4.22129e-12 2.44047e-12 
4.65985e-13 7.59759e-13 1.07481e-12 1.45508e-12 1.96268e-12 2.68197e-12 3.73228e-12 5.2825e-12 7.57188e-12 1.09505e-11 1.59359e-11 2.33106e-11 3.42671e-11 5.06219e-11 7.511e-11 1.1175e-10 1.66109e-10 2.45137e-10 3.5596e-10 5.03124e-10 6.84315e-10 8.86091e-10 1.08286e-09 1.24279e-09 1.34048e-09 1.37019e-09 1.34791e-09 1.29726e-09 1.23042e-09 1.1441e-09 1.03211e-09 8.96888e-10 7.49783e-10 6.0479e-10 4.73095e-10 3.60913e-10 2.69959e-10 1.98941e-10 1.45048e-10 1.04998e-10 7.56667e-11 5.43746e-11 3.89809e-11 2.78554e-11 1.97973e-11 1.39397e-11 9.65369e-12 6.46953e-12 4.02099e-12 2.15416e-12 
4.17842e-13 7.82941e-13 1.16278e-12 1.58616e-12 2.11511e-12 2.83273e-12 3.85328e-12 5.33512e-12 7.50171e-12 1.06625e-11 1.52679e-11 2.19862e-11 3.1819e-11 4.62705e-11 6.75892e-11 9.90801e-11 1.4548e-10 2.13164e-10 3.09739e-10 4.42271e-10 6.13563e-10 8.16941e-10 1.03205e-09 1.2262e-09 1.36524e-09 1.43038e-09 1.4298e-09 1.39108e-09 1.33672e-09 1.2675e-09 1.17188e-09 1.04502e-09 8.95274e-10 7.38267e-10 5.88966e-10 4.57308e-10 3.47637e-10 2.60082e-10 1.92351e-10 1.41145e-10 1.03038e-10 7.49616e-11 5.43746e-11 3.92989e-11 2.82456e-11 2.0127e-11 1.41447e-11 9.70175e-12 6.32811e-12 3.67e-12 
7.65074e-13 1.2406e-12 1.73728e-12 2.3125e-12 3.05071e-12 4.06181e-12 5.49897e-12 7.57188e-12 1.05688e-11 1.4889e-11 2.11133e-11 3.00965e-11 4.31093e-11 6.2025e-11 8.95573e-11 1.29582e-10 1.87495e-10 2.70351e-10 3.86151e-10 5.41318e-10 7.35812e-10 9.56989e-10 1.17638e-09 1.35536e-09 1.4621e-09 1.49079e-09 1.46639e-09 1.42239e-09 1.37021e-09 1.29642e-09 1.18696e-09 1.04358e-09 8.81215e-10 7.18048e-10 5.68207e-10 4.3947e-10 3.3413e-10 2.5093e-10 1.86852e-10 1.38344e-10 1.02015e-10 7.49616e-11 5.48523e-11 3.9902e-11 2.87785e-11 2.04959e-11 1.43142e-11 9.64931e-12 6.02237e-12 3.23214e-12 
6.87299e-13 1.28523e-12 1.89449e-12 2.55216e-12 3.33959e-12 4.36681e-12 5.78301e-12 7.79005e-12 1.06625e-11 1.47662e-11 2.06179e-11 2.89588e-11 4.08796e-11 5.7973e-11 8.2518e-11 1.17696e-10 1.67897e-10 2.39065e-10 3.3876e-10 4.75014e-10 6.52819e-10 8.67796e-10 1.09958e-09 1.31136e-09 1.46169e-09 1.52781e-09 1.52323e-09 1.4877e-09 1.44874e-09 1.39833e-09 1.31376e-09 1.18649e-09 1.02739e-09 8.56297e-10 6.91482e-10 5.44772e-10 4.21363e-10 3.21649e-10 2.43312e-10 1.82913e-10 1.36882e-10 1.02015e-10 7.56667e-11 5.57624e-11 4.073e-11 2.93874e-11 2.08417e-11 1.43871e-11 9.42651e-12 5.48394e-12 
1.25892e-12 2.03207e-12 2.81905e-12 3.69929e-12 4.77854e-12 6.20268e-12 8.17215e-12 1.09505e-11 1.4889e-11 2.04576e-11 2.83122e-11 3.9401e-11 5.50971e-11 7.73581e-11 1.08878e-10 1.53268e-10 2.15333e-10 3.0143e-10 4.19381e-10 5.76724e-10 7.75838e-10 1.00617e-09 1.23833e-09 1.42834e-09 1.5375e-09 1.56108e-09 1.5352e-09 1.50363e-09 1.47321e-09 1.41753e-09 1.31527e-09 1.16907e-09 9.97884e-10 8.23287e-10 6.6142e-10 5.20989e-10 4.04654e-10 3.11278e-10 2.37865e-10 1.80861e-10 1.36882e-10 1.03038e-10 7.70138e-11 5.70179e-11 4.16918e-11 2.99925e-11 2.10916e-11 1.42859e-11 8.94715e-12 4.812e-12 
1.13244e-12 2.10958e-12 3.09134e-12 4.12039e-12 5.30227e-12 6.77801e-12 8.7423e-12 1.14574e-11 1.52679e-11 2.06179e-11 2.81027e-11 3.85569e-11 5.31758e-11 7.366e-11 1.02352e-10 1.42341e-10 1.97593e-10 2.7322e-10 3.758e-10 5.13054e-10 6.91171e-10 9.08367e-10 1.14611e-09 1.36513e-09 1.51766e-09 1.57787e-09 1.56745e-09 1.53899e-09 1.52091e-09 1.49302e-09 1.42195e-09 1.29799e-09 1.13563e-09 9.58144e-10 7.85686e-10 6.30839e-10 4.99034e-10 3.90776e-10 3.0387e-10 2.3503e-10 1.80861e-10 1.38344e-10 1.04998e-10 7.88792e-11 5.84919e-11 4.2675e-11 3.04968e-11 2.11546e-11 1.39089e-11 8.1169e-12 
2.06531e-12 3.32225e-12 4.57903e-12 5.93453e-12 7.52285e-12 9.53147e-12 1.2221e-11 1.59359e-11 2.11133e-11 2.83122e-11 3.82831e-11 5.20751e-11 7.11699e-11 9.76237e-11 1.34162e-10 1.84232e-10 2.52066e-10 3.42915e-10 4.63296e-10 6.20212e-10 8.17387e-10 1.04711e-09 1.28045e-09 1.469e-09 1.57079e-09 1.58488e-09 1.56005e-09 1.54561e-09 1.53892e-09 1.50079e-09 1.40644e-09 1.26177e-09 1.08932e-09 9.12335e-10 7.47233e-10 6.02546e-10 4.8079e-10 3.80868e-10 3.00015e-10 2.3503e-10 1.82913e-10 1.41145e-10 1.0772e-10 8.10847e-11 6.00239e-11 4.35472e-11 3.07874e-11 2.09219e-11 1.31414e-11 7.08711e-12 
1.85558e-12 3.44466e-12 5.03026e-12 6.65301e-12 8.44245e-12 1.05707e-11 1.32888e-11 1.69456e-11 2.19862e-11 2.89588e-11 3.85569e-11 5.17164e-11 6.97364e-11 9.44194e-11 1.28187e-10 1.74139e-10 2.3602e-10 3.18183e-10 4.25744e-10 5.64679e-10 7.40594e-10 9.53406e-10 1.18616e-09 1.39794e-09 1.53882e-09 1.58584e-09 1.57059e-09 1.55364e-09 1.55831e-09 1.54946e-09 1.48859e-09 1.36905e-09 1.20953e-09 1.03497e-09 8.65079e-10 7.11506e-10 5.78993e-10 4.67756e-10 3.75712e-10 3.00015e-10 2.37865e-10 1.86852e-10 1.45048e-10 1.10955e-10 8.3405e-11 6.14313e-11 4.41626e-11 3.07415e-11 2.02596e-11 1.18574e-11 
3.36234e-12 5.39968e-12 7.41272e-12 9.51961e-12 1.18776e-11 1.47143e-11 1.83703e-11 2.33106e-11 3.00965e-11 3.9401e-11 5.20751e-11 6.92696e-11 9.25702e-11 1.24125e-10 1.66737e-10 2.23849e-10 2.99364e-10 3.9747e-10 5.22701e-10 6.80114e-10 8.73215e-10 1.09465e-09 1.31523e-09 1.48677e-09 1.56942e-09 1.57202e-09 1.5513e-09 1.55654e-09 1.5695e-09 1.54156e-09 1.45193e-09 1.31203e-09 1.1467e-09 9.78199e-10 8.20882e-10 6.81658e-10 5.62137e-10 4.60971e-10 3.75712e-10 3.0387e-10 2.43312e-10 1.92351e-10 1.49707e-10 1.1439e-10 8.5583e-11 6.25137e-11 4.43667e-11 3.02139e-11 1.90196e-11 1.02887e-11 
3.0081e-12 5.57467e-12 8.13174e-12 1.07089e-11 1.3446e-11 1.65373e-11 2.02952e-11 2.51883e-11 3.1819e-11 4.08796e-11 5.31758e-11 6.97364e-11 9.19674e-11 1.21787e-10 1.61723e-10 2.14953e-10 2.85133e-10 3.76032e-10 4.91178e-10 6.34268e-10 8.09286e-10 1.01471e-09 1.23283e-09 1.42391e-09 1.53981e-09 1.56581e-09 1.5434e-09 1.54018e-09 1.56399e-09 1.56563e-09 1.50746e-09 1.39178e-09 1.24125e-09 1.08001e-09 9.24635e-10 7.83763e-10 6.60237e-10 5.53353e-10 4.60971e-10 3.80868e-10 3.11278e-10 2.5093e-10 1.98941e-10 1.54688e-10 1.17662e-10 8.73406e-11 6.30687e-11 4.39962e-11 2.90384e-11 1.70415e-11 
5.40783e-12 8.68564e-12 1.19178e-11 1.52272e-11 1.87694e-11 2.2797e-11 2.77503e-11 3.42671e-11 4.31093e-11 5.50971e-11 7.11699e-11 9.25702e-11 1.21027e-10 1.58862e-10 2.09e-10 2.74859e-10 3.60014e-10 4.67591e-10 6.00198e-10 7.60723e-10 9.49778e-10 1.15912e-09 1.36034e-09 1.50454e-09 1.55678e-09 1.53525e-09 1.5156e-09 1.53775e-09 1.56161e-09 1.53535e-09 1.44611e-09 1.31411e-09 1.16466e-09 1.01643e-09 8.79361e-10 7.57018e-10 6.49052e-10 5.53353e-10 4.67756e-10 3.90776e-10 3.21649e-10 2.60082e-10 2.06023e-10 1.59487e-10 1.20385e-10 8.84003e-11 6.28973e-11 4.28813e-11 2.70386e-11 1.46766e-11 
4.80253e-12 8.89822e-12 1.30047e-11 1.71174e-11 2.13624e-11 2.59119e-11 3.11253e-11 3.76277e-11 4.62705e-11 5.7973e-11 7.366e-11 9.44194e-11 1.21787e-10 1.57938e-10 2.05659e-10 2.68134e-10 3.48698e-10 4.50378e-10 5.75462e-10 7.25547e-10 9.00362e-10 1.09755e-09 1.30178e-09 1.46979e-09 1.55089e-09 1.53431e-09 1.49154e-09 1.49612e-09 1.53213e-09 1.53506e-09 1.47498e-09 1.36319e-09 1.22814e-09 1.09078e-09 9.62323e-10 8.46586e-10 7.43018e-10 6.49052e-10 5.62137e-10 4.8079e-10 4.04654e-10 3.3413e-10 2.69959e-10 2.12909e-10 1.63568e-10 1.22174e-10 8.85038e-11 6.18113e-11 4.08294e-11 2.40213e-11 
8.54717e-12 1.37679e-11 1.89482e-11 2.41942e-11 2.96028e-11 3.53979e-11 4.21077e-11 5.06219e-11 6.2025e-11 7.73581e-11 9.76237e-11 1.24125e-10 1.58862e-10 2.04596e-10 2.64468e-10 3.4153e-10 4.38568e-10 5.5808e-10 7.01432e-10 8.66155e-10 1.05042e-09 1.25016e-09 1.43589e-09 1.54855e-09 1.54579e-09 1.47899e-09 1.4486e-09 1.48015e-09 1.50778e-09 1.47781e-09 1.38935e-09 1.26909e-09 1.14421e-09 1.02752e-09 9.22974e-10 8.29376e-10 7.43018e-10 6.60237e-10 5.78993e-10 4.99034e-10 4.21363e-10 3.47637e-10 2.79624e-10 2.18857e-10 1.66398e-10 1.2268e-10 8.74254e-11 5.96294e-11 3.76486e-11 2.05073e-11 
7.51532e-12 1.39434e-11 2.04799e-11 2.70569e-11 3.3725e-11 4.05509e-11 4.78667e-11 5.64728e-11 6.75892e-11 8.2518e-11 1.02352e-10 1.28187e-10 1.61723e-10 2.05659e-10 2.63328e-10 3.37782e-10 4.31354e-10 5.46486e-10 6.85383e-10 8.44965e-10 1.02e-09 1.21019e-09 1.40156e-09 1.54273e-09 1.566e-09 1.48349e-09 1.40644e-09 1.41315e-09 1.45444e-09 1.45571e-09 1.39336e-09 1.28961e-09 1.17611e-09 1.07208e-09 9.81385e-10 9.02252e-10 8.29376e-10 7.57018e-10 6.81658e-10 6.02546e-10 5.20989e-10 4.3947e-10 3.60913e-10 2.88071e-10 2.23136e-10 1.67496e-10 1.21612e-10 8.49813e-11 5.61575e-11 3.31197e-11 
1.32183e-11 2.14038e-11 2.96532e-11 3.80126e-11 4.64159e-11 5.49298e-11 6.40981e-11 7.511e-11 8.95573e-11 1.08878e-10 1.34162e-10 1.66737e-10 2.09e-10 2.64468e-10 3.36656e-10 4.27737e-10 5.39494e-10 6.74738e-10 8.31867e-10 1.0044e-09 1.18772e-09 1.37464e-09 1.53063e-09 1.57954e-09 1.4972e-09 1.37326e-09 1.33908e-09 1.37972e-09 1.40867e-09 1.37789e-09 1.29292e-09 1.18988e-09 1.09627e-09 1.01956e-09 9.57059e-10 9.02252e-10 8.46586e-10 7.83763e-10 7.11506e-10 6.30839e-10 5.44772e-10 4.57308e-10 3.72608e-10 2.94306e-10 2.25088e-10 1.66477e-10 1.18764e-10 8.1015e-11 5.12109e-11 2.79915e-11 
1.14733e-11 2.13484e-11 3.16049e-11 4.20781e-11 5.26472e-11 6.31083e-11 7.36029e-11 8.50286e-11 9.90801e-11 1.17696e-10 1.42341e-10 1.74139e-10 2.14953e-10 2.68134e-10 3.37782e-10 4.26689e-10 5.35935e-10 6.67852e-10 8.22565e-10 9.96227e-10 1.1816e-09 1.36574e-09 1.52373e-09 1.5877e-09 1.50466e-09 1.34501e-09 1.25669e-09 1.2871e-09 1.33943e-09 1.344e-09 1.28487e-09 1.19127e-09 1.10469e-09 1.03873e-09 9.91953e-10 9.57059e-10 9.22974e-10 8.79361e-10 8.20882e-10 7.47233e-10 6.6142e-10 5.68207e-10 4.73095e-10 3.81392e-10 2.97442e-10 2.24199e-10 1.6309e-10 1.14011e-10 7.53704e-11 4.45539e-11 
1.99098e-11 3.24783e-11 4.54391e-11 5.87303e-11 7.19547e-11 8.4788e-11 9.75785e-11 1.1175e-10 1.29582e-10 1.53268e-10 1.84232e-10 2.23849e-10 2.74859e-10 3.4153e-10 4.27737e-10 5.34876e-10 6.63582e-10 8.15008e-10 9.89817e-10 1.18345e-09 1.37294e-09 1.53261e-09 1.61189e-09 1.52712e-09 1.32593e-09 1.17244e-09 1.17284e-09 1.25144e-09 1.29501e-09 1.26993e-09 1.18954e-09 1.10517e-09 1.04472e-09 1.00887e-09 9.91953e-10 9.81385e-10 9.62323e-10 9.24635e-10 8.65079e-10 7.85686e-10 6.91482e-10 5.88966e-10 4.85075e-10 3.86091e-10 2.96799e-10 2.2015e-10 1.57227e-10 1.07281e-10 6.78978e-11 3.72287e-11 
1.70218e-11 3.17977e-11 4.75572e-11 6.40208e-11 8.07746e-11 9.70811e-11 1.12577e-10 1.28e-10 1.4548e-10 1.67897e-10 1.97593e-10 2.3602e-10 2.85133e-10 3.48698e-10 4.31354e-10 5.35935e-10 6.62041e-10 8.08356e-10 9.82865e-10 1.18728e-09 1.39132e-09 1.55473e-09 1.65224e-09 1.58086e-09 1.34487e-09 1.10499e-09 1.05124e-09 1.14915e-09 1.239e-09 1.25522e-09 1.19406e-09 1.10906e-09 1.04694e-09 1.01456e-09 1.00887e-09 1.01956e-09 1.02752e-09 1.01643e-09 9.78199e-10 9.12335e-10 8.23287e-10 7.18048e-10 6.0479e-10 4.91729e-10 3.85825e-10 2.91977e-10 2.12842e-10 1.48903e-10 9.8498e-11 5.83546e-11 
2.90956e-11 4.78811e-11 6.78162e-11 8.86896e-11 1.09548e-10 1.29309e-10 1.47713e-10 1.66109e-10 1.87495e-10 2.15333e-10 2.52066e-10 2.99364e-10 3.60014e-10 4.38568e-10 5.39494e-10 6.63582e-10 8.0541e-10 9.74592e-10 1.18977e-09 1.41454e-09 1.60242e-09 1.70411e-09 1.65159e-09 1.4326e-09 1.09674e-09 9.48353e-10 1.05871e-09 1.19711e-09 1.25634e-09 1.21762e-09 1.1286e-09 1.05725e-09 1.0195e-09 1.01456e-09 1.03873e-09 1.07208e-09 1.09078e-09 1.08001e-09 1.03497e-09 9.58144e-10 8.56297e-10 7.38267e-10 6.13756e-10 4.91959e-10 3.80117e-10 2.82886e-10 2.02372e-10 1.38189e-10 8.75764e-11 4.81408e-11 
2.4455e-11 4.58857e-11 6.94364e-11 9.47489e-11 1.20984e-10 1.46529e-10 1.70016e-10 1.91487e-10 2.13164e-10 2.39065e-10 2.7322e-10 3.18183e-10 3.76032e-10 4.50378e-10 5.46486e-10 6.67852e-10 8.08356e-10 9.70434e-10 1.18846e-09 1.4367e-09 1.65434e-09 1.78602e-09 1.76561e-09 1.53846e-09 1.16337e-09 8.88379e-10 9.92591e-10 1.20286e-09 1.30962e-09 1.27717e-09 1.18161e-09 1.087e-09 1.03531e-09 1.0195e-09 1.04472e-09 1.09627e-09 1.14421e-09 1.16466e-09 1.1467e-09 1.08932e-09 9.97884e-10 8.81215e-10 7.49783e-10 6.14544e-10 4.85226e-10 3.68904e-10 2.69711e-10 1.88966e-10 1.25127e-10 7.42779e-11 
4.11124e-11 6.82972e-11 9.80652e-11 1.30081e-10 1.62591e-10 1.93267e-10 2.2058e-10 2.45137e-10 2.70351e-10 3.0143e-10 3.42915e-10 3.9747e-10 4.67591e-10 5.5808e-10 6.74738e-10 8.15008e-10 9.74592e-10 1.18612e-09 1.45572e-09 1.69413e-09 1.86094e-09 1.88323e-09 1.65388e-09 1.25507e-09 9.42834e-10 9.94296e-10 1.27985e-09 1.44303e-09 1.42015e-09 1.282e-09 1.15506e-09 1.07052e-09 1.03531e-09 1.04694e-09 1.10469e-09 1.17611e-09 1.22814e-09 1.24125e-09 1.20953e-09 1.13563e-09 1.02739e-09 8.95274e-10 7.51088e-10 6.0661e-10 4.71555e-10 3.52486e-10 2.52833e-10 1.72884e-10 1.0972e-10 6.041e-11 
3.39327e-11 6.39378e-11 9.7939e-11 1.35635e-10 1.75693e-10 2.1525e-10 2.51269e-10 2.82246e-10 3.09739e-10 3.3876e-10 3.758e-10 4.25744e-10 4.91178e-10 5.75462e-10 6.85383e-10 8.22565e-10 9.82865e-10 1.18846e-09 1.46067e-09 1.74001e-09 1.9086e-09 1.9931e-09 1.79052e-09 1.34909e-09 9.80966e-10 1.01548e-09 1.41793e-09 1.72501e-09 1.68345e-09 1.48104e-09 1.2745e-09 1.13933e-09 1.07052e-09 1.05725e-09 1.10517e-09 1.18988e-09 1.26909e-09 1.31411e-09 1.31203e-09 1.26177e-09 1.16907e-09 1.04358e-09 8.96888e-10 7.4174e-10 5.90158e-10 4.51408e-10 3.31407e-10 2.32731e-10 1.54312e-10 9.17424e-11 
5.60227e-11 9.39222e-11 1.3675e-10 1.84185e-10 2.33504e-10 2.80604e-10 3.21808e-10 3.5596e-10 3.86151e-10 4.19381e-10 4.63296e-10 5.22701e-10 6.00198e-10 7.01432e-10 8.31867e-10 9.89817e-10 1.18977e-09 1.45572e-09 1.763e-09 1.94515e-09 2.10679e-09 1.94365e-09 1.49817e-09 9.14979e-10 1.06286e-09 1.56391e-09 1.95512e-09 2.04923e-09 1.84255e-09 1.50214e-09 1.25144e-09 1.13933e-09 1.087e-09 1.10906e-09 1.19127e-09 1.28961e-09 1.36319e-09 1.39178e-09 1.36905e-09 1.29799e-09 1.18649e-09 1.04502e-09 8.85886e-10 7.22262e-10 5.65909e-10 4.25516e-10 3.0634e-10 2.09861e-10 1.3335e-10 7.34462e-11 
4.538e-11 8.57914e-11 1.32953e-10 1.86867e-10 2.45777e-10 3.05281e-10 3.59968e-10 4.057e-10 4.42271e-10 4.75014e-10 5.13054e-10 5.64679e-10 6.34268e-10 7.25547e-10 8.44965e-10 9.96227e-10 1.18728e-09 1.4367e-09 1.74001e-09 1.97334e-09 2.1387e-09 2.10808e-09 1.62623e-09 6.48406e-10 7.93237e-10 1.64162e-09 2.24105e-09 2.57053e-09 2.29667e-09 1.87823e-09 1.4762e-09 1.25144e-09 1.15506e-09 1.1286e-09 1.18954e-09 1.29292e-09 1.38935e-09 1.44611e-09 1.45193e-09 1.40644e-09 1.31527e-09 1.18696e-09 1.03211e-09 8.63305e-10 6.93746e-10 5.348e-10 3.94714e-10 2.77987e-10 1.84558e-10 1.09805e-10 
7.34746e-11 1.24178e-10 1.83178e-10 2.50439e-10 3.22263e-10 3.92365e-10 4.5403e-10 5.03124e-10 5.41318e-10 5.76724e-10 6.20212e-10 6.80114e-10 7.60723e-10 8.66155e-10 1.0044e-09 1.18345e-09 1.41454e-09 1.69413e-09 1.94515e-09 2.16288e-09 2.20665e-09 1.55131e-09 4.45453e-10 1.10008e-09 2.18608e-09 2.53933e-09 2.88824e-09 2.90173e-09 2.43619e-09 1.87032e-09 1.4762e-09 1.2745e-09 1.18161e-09 1.19406e-09 1.28487e-09 1.39336e-09 1.47498e-09 1.50746e-09 1.48859e-09 1.42195e-09 1.31376e-09 1.17188e-09 1.00662e-09 8.30737e-10 6.5737e-10 4.97791e-10 3.59879e-10 2.46995e-10 1.57044e-10 8.63987e-11 
5.84098e-11 1.10638e-10 1.7321e-10 2.46769e-10 3.29363e-10 4.14984e-10 4.95314e-10 5.6257e-10 6.13563e-10 6.52819e-10 6.91171e-10 7.40594e-10 8.09286e-10 9.00362e-10 1.02e-09 1.1816e-09 1.39132e-09 1.65434e-09 1.9086e-09 2.1387e-09 2.21815e-09 1.63643e-09 3.29303e-10 1.29933e-09 2.61988e-09 3.50239e-09 3.75858e-09 3.58911e-09 3.38016e-09 2.51839e-09 1.87032e-09 1.50214e-09 1.282e-09 1.21762e-09 1.26993e-09 1.37789e-09 1.47781e-09 1.53535e-09 1.54156e-09 1.50079e-09 1.41753e-09 1.29642e-09 1.1441e-09 9.70789e-10 7.8959e-10 6.14129e-10 4.55824e-10 3.21904e-10 2.13875e-10 1.27205e-10 
9.26307e-11 1.57542e-10 2.35006e-10 3.2563e-10 4.24945e-10 5.24357e-10 6.13516e-10 6.84315e-10 7.35812e-10 7.75838e-10 8.17387e-10 8.73215e-10 9.49778e-10 1.05042e-09 1.18772e-09 1.37294e-09 1.60242e-09 1.86094e-09 2.10679e-09 2.20665e-09 1.63235e-09 2.31642e-10 1.53018e-09 2.92313e-09 4.07608e-09 4.78677e-09 5.02446e-09 4.53896e-09 3.69563e-09 2.51839e-09 1.87823e-09 1.48104e-09 1.27717e-09 1.25522e-09 1.344e-09 1.45571e-09 1.53506e-09 1.56563e-09 1.54946e-09 1.49302e-09 1.39833e-09 1.2675e-09 1.1065e-09 9.26132e-10 7.40736e-10 5.64877e-10 4.0991e-10 2.81662e-10 1.79027e-10 9.82242e-11 
7.22967e-11 1.36969e-10 2.16146e-10 3.11438e-10 4.21021e-10 5.3747e-10 6.49426e-10 7.44939e-10 8.16941e-10 8.67796e-10 9.08367e-10 9.53406e-10 1.01471e-09 1.09755e-09 1.21019e-09 1.36574e-09 1.55473e-09 1.78602e-09 1.9931e-09 2.10808e-09 1.63643e-09 2.27156e-10 1.74021e-09 5.37827e-09 7.76409e-09 9.27093e-09 9.90249e-09 5.83631e-09 5.19705e-09 3.69563e-09 2.43619e-09 1.84255e-09 1.42015e-09 1.25634e-09 1.29501e-09 1.40867e-09 1.50778e-09 1.56161e-09 1.5695e-09 1.53892e-09 1.47321e-09 1.37021e-09 1.23042e-09 1.06047e-09 8.73112e-10 6.84704e-10 5.10575e-10 3.61199e-10 2.39921e-10 1.42473e-10 
1.1218e-10 1.91579e-10 2.88241e-10 4.03731e-10 5.33117e-10 6.6571e-10 7.87499e-10 8.86091e-10 9.56989e-10 1.00617e-09 1.04711e-09 1.09465e-09 1.15912e-09 1.25016e-09 1.37464e-09 1.53261e-09 1.70411e-09 1.88323e-09 1.94365e-09 1.55131e-09 2.31642e-10 1.8002e-09 5.79231e-09 8.77864e-09 1.11017e-08 1.20645e-08 1.1739e-08 6.29859e-09 5.19705e-09 3.38016e-09 2.29667e-09 1.68345e-09 1.30962e-09 1.239e-09 1.33943e-09 1.45444e-09 1.53213e-09 1.56399e-09 1.55831e-09 1.52091e-09 1.44874e-09 1.33672e-09 1.18598e-09 1.00562e-09 8.11588e-10 6.22183e-10 4.5251e-10 3.10923e-10 1.97333e-10 1.07807e-10 
8.60196e-11 1.62692e-10 2.58117e-10 3.75031e-10 5.12007e-10 6.60522e-10 8.06503e-10 9.34055e-10 1.03205e-09 1.09958e-09 1.14611e-09 1.18616e-09 1.23283e-09 1.30178e-09 1.40156e-09 1.52373e-09 1.65224e-09 1.76561e-09 1.79052e-09 1.62623e-09 3.29303e-10 1.74021e-09 5.94025e-09 9.13948e-09 1.19756e-08 1.39169e-08 1.39938e-08 1.2568e-08 6.29859e-09 4.53896e-09 2.90173e-09 2.04923e-09 1.44303e-09 1.19711e-09 1.25144e-09 1.37972e-09 1.48015e-09 1.53775e-09 1.55654e-09 1.54561e-09 1.50363e-09 1.42239e-09 1.29726e-09 1.13229e-09 9.40677e-10 7.41713e-10 5.54463e-10 3.92325e-10 2.60226e-10 1.54109e-10 
1.30479e-10 2.23235e-10 3.37756e-10 4.76674e-10 6.34836e-10 7.99843e-10 9.54603e-10 1.08286e-09 1.17638e-09 1.23833e-09 1.28045e-09 1.31523e-09 1.36034e-09 1.43589e-09 1.53063e-09 1.61189e-09 1.65159e-09 1.65388e-09 1.49817e-09 4.45453e-10 1.53018e-09 5.79231e-09 9.3565e-09 1.26411e-08 1.4912e-08 1.60057e-08 1.49717e-08 1.2568e-08 5.83631e-09 3.58911e-09 2.57053e-09 1.72501e-09 1.20286e-09 1.14915e-09 1.2871e-09 1.41315e-09 1.49612e-09 1.54018e-09 1.55364e-09 1.53899e-09 1.4877e-09 1.39108e-09 1.24775e-09 1.06646e-09 8.64947e-10 6.64641e-10 4.83524e-10 3.31797e-10 2.1006e-10 1.14128e-10 
9.83792e-11 1.85418e-10 2.94962e-10 4.30763e-10 5.91843e-10 7.68835e-10 9.45509e-10 1.10288e-09 1.2262e-09 1.31136e-09 1.36513e-09 1.39794e-09 1.42391e-09 1.46979e-09 1.54273e-09 1.5877e-09 1.58086e-09 1.53846e-09 1.34909e-09 6.48406e-10 1.29933e-09 5.37827e-09 9.13948e-09 1.28852e-08 1.57497e-08 1.70576e-08 1.69024e-08 1.49717e-08 1.1739e-08 5.02446e-09 2.88824e-09 1.95512e-09 1.27985e-09 1.05871e-09 1.17284e-09 1.33908e-09 1.4486e-09 1.5156e-09 1.5513e-09 1.56005e-09 1.5352e-09 1.46639e-09 1.34791e-09 1.18338e-09 9.86737e-10 7.79371e-10 5.82679e-10 4.1179e-10 2.72512e-10 1.60814e-10 
1.45789e-10 2.49338e-10 3.78258e-10 5.36056e-10 7.17391e-10 9.08513e-10 1.09002e-09 1.24279e-09 1.35536e-09 1.42834e-09 1.469e-09 1.48677e-09 1.50454e-09 1.54855e-09 1.57954e-09 1.52712e-09 1.4326e-09 1.25507e-09 9.14979e-10 1.10008e-09 2.92313e-09 8.77864e-09 1.26411e-08 1.60472e-08 1.76424e-08 1.78874e-08 1.69024e-08 1.39938e-08 9.90249e-09 3.75858e-09 2.24105e-09 1.41793e-09 9.92591e-10 1.05124e-09 1.25669e-09 1.40644e-09 1.49154e-09 1.5434e-09 1.57059e-09 1.56745e-09 1.52323e-09 1.4298e-09 1.28624e-09 1.10134e-09 8.93843e-10 6.86639e-10 4.9893e-10 3.41668e-10 2.15664e-10 1.1644e-10 
1.08174e-10 2.02868e-10 3.22798e-10 4.72388e-10 6.50907e-10 8.48241e-10 1.04655e-09 1.22463e-09 1.36524e-09 1.46169e-09 1.51766e-09 1.53882e-09 1.53981e-09 1.55089e-09 1.566e-09 1.50466e-09 1.34487e-09 1.16337e-09 9.80966e-10 7.93237e-10 2.61988e-09 7.76409e-09 1.19756e-08 1.57497e-08 1.79843e-08 1.87439e-08 1.78874e-08 1.60057e-08 1.20645e-08 4.78677e-09 2.53933e-09 1.56391e-09 9.94296e-10 9.48353e-10 1.17244e-09 1.37326e-09 1.47899e-09 1.53525e-09 1.57202e-09 1.58488e-09 1.56108e-09 1.49079e-09 1.37019e-09 1.20266e-09 1.00229e-09 7.90986e-10 5.90634e-10 4.16688e-10 2.75081e-10 1.61718e-10 
1.56563e-10 2.67194e-10 4.05403e-10 5.75183e-10 7.70885e-10 9.77684e-10 1.17457e-09 1.34048e-09 1.4621e-09 1.5375e-09 1.57079e-09 1.56942e-09 1.55678e-09 1.54579e-09 1.4972e-09 1.32593e-09 1.09674e-09 9.42834e-10 1.06286e-09 2.18608e-09 4.07608e-09 1.11017e-08 1.4912e-08 1.76424e-08 1.90372e-08 1.87439e-08 1.70576e-08 1.39169e-08 9.27093e-09 3.50239e-09 1.64162e-09 1.01548e-09 8.88379e-10 1.10499e-09 1.34501e-09 1.48349e-09 1.53431e-09 1.56581e-09 1.58584e-09 1.57787e-09 1.52781e-09 1.43038e-09 1.28445e-09 1.09818e-09 8.90165e-10 6.82992e-10 4.95616e-10 3.38792e-10 2.13267e-10 1.14405e-10 
1.14405e-10 2.13267e-10 3.38792e-10 4.95616e-10 6.82992e-10 8.90165e-10 1.09818e-09 1.28445e-09 1.43038e-09 1.52781e-09 1.57787e-09 1.58584e-09 1.56581e-09 1.53431e-09 1.48349e-09 1.34501e-09 1.10499e-09 8.88379e-10 1.01548e-09 1.64162e-09 3.50239e-09 9.27093e-09 1.39169e-08 1.70576e-08 1.87439e-08 1.90372e-08 1.76424e-08 1.4912e-08 1.11017e-08 4.07608e-09 2.18608e-09 1.06286e-09 9.42834e-10 1.09674e-09 1.32593e-09 1.4972e-09 1.54579e-09 1.55678e-09 1.56942e-09 1.57079e-09 1.5375e-09 1.4621e-09 1.34048e-09 1.17457e-09 9.77684e-10 7.70885e-10 5.75183e-10 4.05403e-10 2.67194e-10 1.56563e-10 
1.61718e-10 2.75081e-10 4.16688e-10 5.90634e-10 7.90986e-10 1.00229e-09 1.20266e-09 1.37019e-09 1.49079e-09 1.56108e-09 1.58488e-09 1.57202e-09 1.53525e-09 1.47899e-09 1.37326e-09 1.17244e-09 9.48353e-10 9.94296e-10 1.56391e-09 2.53933e-09 4.78677e-09 1.20645e-08 1.60057e-08 1.78874e-08 1.87439e-08 1.79843e-08 1.57497e-08 1.19756e-08 7.76409e-09 2.61988e-09 7.93237e-10 9.80966e-10 1.16337e-09 1.34487e-09 1.50466e-09 1.566e-09 1.55089e-09 1.53981e-09 1.53882e-09 1.51766e-09 1.46169e-09 1.36524e-09 1.22463e-09 1.04655e-09 8.48241e-10 6.50907e-10 4.72388e-10 3.22798e-10 2.02868e-10 1.08174e-10 
1.1644e-10 2.15664e-10 3.41668e-10 4.9893e-10 6.86639e-10 8.93843e-10 1.10134e-09 1.28624e-09 1.4298e-09 1.52323e-09 1.56745e-09 1.57059e-09 1.5434e-09 1.49154e-09 1.40644e-09 1.25669e-09 1.05124e-09 9.92591e-10 1.41793e-09 2.24105e-09 3.75858e-09 9.90249e-09 1.39938e-08 1.69024e-08 1.78874e-08 1.76424e-08 1.60472e-08 1.26411e-08 8.77864e-09 2.92313e-09 1.10008e-09 9.14979e-10 1.25507e-09 1.4326e-09 1.52712e-09 1.57954e-09 1.54855e-09 1.50454e-09 1.48677e-09 1.469e-09 1.42834e-09 1.35536e-09 1.24279e-09 1.09002e-09 9.08513e-10 7.17391e-10 5.36056e-10 3.78258e-10 2.49338e-10 1.45789e-10 
1.60814e-10 2.72512e-10 4.1179e-10 5.82679e-10 7.79371e-10 9.86737e-10 1.18338e-09 1.34791e-09 1.46639e-09 1.5352e-09 1.56005e-09 1.5513e-09 1.5156e-09 1.4486e-09 1.33908e-09 1.17284e-09 1.05871e-09 1.27985e-09 1.95512e-09 2.88824e-09 5.02446e-09 1.1739e-08 1.49717e-08 1.69024e-08 1.70576e-08 1.57497e-08 1.28852e-08 9.13948e-09 5.37827e-09 1.29933e-09 6.48406e-10 1.34909e-09 1.53846e-09 1.58086e-09 1.5877e-09 1.54273e-09 1.46979e-09 1.42391e-09 1.39794e-09 1.36513e-09 1.31136e-09 1.2262e-09 1.10288e-09 9.45509e-10 7.68835e-10 5.91843e-10 4.30763e-10 2.94962e-10 1.85418e-10 9.83792e-11 
1.14128e-10 2.1006e-10 3.31797e-10 4.83524e-10 6.64641e-10 8.64947e-10 1.06646e-09 1.24775e-09 1.39108e-09 1.4877e-09 1.53899e-09 1.55364e-09 1.54018e-09 1.49612e-09 1.41315e-09 1.2871e-09 1.14915e-09 1.20286e-09 1.72501e-09 2.57053e-09 3.58911e-09 5.83631e-09 1.2568e-08 1.49717e-08 1.60057e-08 1.4912e-08 1.26411e-08 9.3565e-09 5.79231e-09 1.53018e-09 4.45453e-10 1.49817e-09 1.65388e-09 1.65159e-09 1.61189e-09 1.53063e-09 1.43589e-09 1.36034e-09 1.31523e-09 1.28045e-09 1.23833e-09 1.17638e-09 1.08286e-09 9.54603e-10 7.99843e-10 6.34836e-10 4.76674e-10 3.37756e-10 2.23235e-10 1.30479e-10 
1.54109e-10 2.60226e-10 3.92325e-10 5.54463e-10 7.41713e-10 9.40677e-10 1.13229e-09 1.29726e-09 1.42239e-09 1.50363e-09 1.54561e-09 1.55654e-09 1.53775e-09 1.48015e-09 1.37972e-09 1.25144e-09 1.19711e-09 1.44303e-09 2.04923e-09 2.90173e-09 4.53896e-09 6.29859e-09 1.2568e-08 1.39938e-08 1.39169e-08 1.19756e-08 9.13948e-09 5.94025e-09 1.74021e-09 3.29303e-10 1.62623e-09 1.79052e-09 1.76561e-09 1.65224e-09 1.52373e-09 1.40156e-09 1.30178e-09 1.23283e-09 1.18616e-09 1.14611e-09 1.09958e-09 1.03205e-09 9.34055e-10 8.06503e-10 6.60522e-10 5.12007e-10 3.75031e-10 2.58117e-10 1.62692e-10 8.60196e-11 
1.07807e-10 1.97333e-10 3.10923e-10 4.5251e-10 6.22183e-10 8.11588e-10 1.00562e-09 1.18598e-09 1.33672e-09 1.44874e-09 1.52091e-09 1.55831e-09 1.56399e-09 1.53213e-09 1.45444e-09 1.33943e-09 1.239e-09 1.30962e-09 1.68345e-09 2.29667e-09 3.38016e-09 5.19705e-09 6.29859e-09 1.1739e-08 1.20645e-08 1.11017e-08 8.77864e-09 5.79231e-09 1.8002e-09 2.31642e-10 1.55131e-09 1.94365e-09 1.88323e-09 1.70411e-09 1.53261e-09 1.37464e-09 1.25016e-09 1.15912e-09 1.09465e-09 1.04711e-09 1.00617e-09 9.56989e-10 8.86091e-10 7.87499e-10 6.6571e-10 5.33117e-10 4.03731e-10 2.88241e-10 1.91579e-10 1.1218e-10 
1.42473e-10 2.39921e-10 3.61199e-10 5.10575e-10 6.84704e-10 8.73112e-10 1.06047e-09 1.23042e-09 1.37021e-09 1.47321e-09 1.53892e-09 1.5695e-09 1.56161e-09 1.50778e-09 1.40867e-09 1.29501e-09 1.25634e-09 1.42015e-09 1.84255e-09 2.43619e-09 3.69563e-09 5.19705e-09 5.83631e-09 9.90249e-09 9.27093e-09 7.76409e-09 5.37827e-09 1.74021e-09 2.27156e-10 1.63643e-09 2.10808e-09 1.9931e-09 1.78602e-09 1.55473e-09 1.36574e-09 1.21019e-09 1.09755e-09 1.01471e-09 9.53406e-10 9.08367e-10 8.67796e-10 8.16941e-10 7.44939e-10 6.49426e-10 5.3747e-10 4.21021e-10 3.11438e-10 2.16146e-10 1.36969e-10 7.22967e-11 
9.82242e-11 1.79027e-10 2.81662e-10 4.0991e-10 5.64877e-10 7.40736e-10 9.26132e-10 1.1065e-09 1.2675e-09 1.39833e-09 1.49302e-09 1.54946e-09 1.56563e-09 1.53506e-09 1.45571e-09 1.344e-09 1.25522e-09 1.27717e-09 1.48104e-09 1.87823e-09 2.51839e-09 3.69563e-09 4.53896e-09 5.02446e-09 4.78677e-09 4.07608e-09 2.92313e-09 1.53018e-09 2.31642e-10 1.63235e-09 2.20665e-09 2.10679e-09 1.86094e-09 1.60242e-09 1.37294e-09 1.18772e-09 1.05042e-09 9.49778e-10 8.73215e-10 8.17387e-10 7.75838e-10 7.35812e-10 6.84315e-10 6.13516e-10 5.24357e-10 4.24945e-10 3.2563e-10 2.35006e-10 1.57542e-10 9.26307e-11 
1.27205e-10 2.13875e-10 3.21904e-10 4.55824e-10 6.14129e-10 7.8959e-10 9.70789e-10 1.1441e-09 1.29642e-09 1.41753e-09 1.50079e-09 1.54156e-09 1.53535e-09 1.47781e-09 1.37789e-09 1.26993e-09 1.21762e-09 1.282e-09 1.50214e-09 1.87032e-09 2.51839e-09 3.38016e-09 3.58911e-09 3.75858e-09 3.50239e-09 2.61988e-09 1.29933e-09 3.29303e-10 1.63643e-09 2.21815e-09 2.1387e-09 1.9086e-09 1.65434e-09 1.39132e-09 1.1816e-09 1.02e-09 9.00362e-10 8.09286e-10 7.40594e-10 6.91171e-10 6.52819e-10 6.13563e-10 5.6257e-10 4.95314e-10 4.14984e-10 3.29363e-10 2.46769e-10 1.7321e-10 1.10638e-10 5.84098e-11 
8.63987e-11 1.57044e-10 2.46995e-10 3.59879e-10 4.97791e-10 6.5737e-10 8.30737e-10 1.00662e-09 1.17188e-09 1.31376e-09 1.42195e-09 1.48859e-09 1.50746e-09 1.47498e-09 1.39336e-09 1.28487e-09 1.19406e-09 1.18161e-09 1.2745e-09 1.4762e-09 1.87032e-09 2.43619e-09 2.90173e-09 2.88824e-09 2.53933e-09 2.18608e-09 1.10008e-09 4.45453e-10 1.55131e-09 2.20665e-09 2.16288e-09 1.94515e-09 1.69413e-09 1.41454e-09 1.18345e-09 1.0044e-09 8.66155e-10 7.60723e-10 6.80114e-10 6.20212e-10 5.76724e-10 5.41318e-10 5.03124e-10 4.5403e-10 3.92365e-10 3.22263e-10 2.50439e-10 1.83178e-10 1.24178e-10 7.34746e-11 
1.09805e-10 1.84558e-10 2.77987e-10 3.94714e-10 5.348e-10 6.93746e-10 8.63305e-10 1.03211e-09 1.18696e-09 1.31527e-09 1.40644e-09 1.45193e-09 1.44611e-09 1.38935e-09 1.29292e-09 1.18954e-09 1.1286e-09 1.15506e-09 1.25144e-09 1.4762e-09 1.87823e-09 2.29667e-09 2.57053e-09 2.24105e-09 1.64162e-09 7.93237e-10 6.48406e-10 1.62623e-09 2.10808e-09 2.1387e-09 1.97334e-09 1.74001e-09 1.4367e-09 1.18728e-09 9.96227e-10 8.44965e-10 7.25547e-10 6.34268e-10 5.64679e-10 5.13054e-10 4.75014e-10 4.42271e-10 4.057e-10 3.59968e-10 3.05281e-10 2.45777e-10 1.86867e-10 1.32953e-10 8.57914e-11 4.538e-11 
7.34462e-11 1.3335e-10 2.09861e-10 3.0634e-10 4.25516e-10 5.65909e-10 7.22262e-10 8.85886e-10 1.04502e-09 1.18649e-09 1.29799e-09 1.36905e-09 1.39178e-09 1.36319e-09 1.28961e-09 1.19127e-09 1.10906e-09 1.087e-09 1.13933e-09 1.25144e-09 1.50214e-09 1.84255e-09 2.04923e-09 1.95512e-09 1.56391e-09 1.06286e-09 9.14979e-10 1.49817e-09 1.94365e-09 2.10679e-09 1.94515e-09 1.763e-09 1.45572e-09 1.18977e-09 9.89817e-10 8.31867e-10 7.01432e-10 6.00198e-10 5.22701e-10 4.63296e-10 4.19381e-10 3.86151e-10 3.5596e-10 3.21808e-10 2.80604e-10 2.33504e-10 1.84185e-10 1.3675e-10 9.39222e-11 5.60227e-11 
9.17424e-11 1.54312e-10 2.32731e-10 3.31407e-10 4.51408e-10 5.90158e-10 7.4174e-10 8.96888e-10 1.04358e-09 1.16907e-09 1.26177e-09 1.31203e-09 1.31411e-09 1.26909e-09 1.18988e-09 1.10517e-09 1.05725e-09 1.07052e-09 1.13933e-09 1.2745e-09 1.48104e-09 1.68345e-09 1.72501e-09 1.41793e-09 1.01548e-09 9.80966e-10 1.34909e-09 1.79052e-09 1.9931e-09 1.9086e-09 1.74001e-09 1.46067e-09 1.18846e-09 9.82865e-10 8.22565e-10 6.85383e-10 5.75462e-10 4.91178e-10 4.25744e-10 3.758e-10 3.3876e-10 3.09739e-10 2.82246e-10 2.51269e-10 2.1525e-10 1.75693e-10 1.35635e-10 9.7939e-11 6.39378e-11 3.39327e-11 
6.041e-11 1.0972e-10 1.72884e-10 2.52833e-10 3.52486e-10 4.71555e-10 6.0661e-10 7.51088e-10 8.95274e-10 1.02739e-09 1.13563e-09 1.20953e-09 1.24125e-09 1.22814e-09 1.17611e-09 1.10469e-09 1.04694e-09 1.03531e-09 1.07052e-09 1.15506e-09 1.282e-09 1.42015e-09 1.44303e-09 1.27985e-09 9.94296e-10 9.42834e-10 1.25507e-09 1.65388e-09 1.88323e-09 1.86094e-09 1.69413e-09 1.45572e-09 1.18612e-09 9.74592e-10 8.15008e-10 6.74738e-10 5.5808e-10 4.67591e-10 3.9747e-10 3.42915e-10 3.0143e-10 2.70351e-10 2.45137e-10 2.2058e-10 1.93267e-10 1.62591e-10 1.30081e-10 9.80652e-11 6.82972e-11 4.11124e-11 
7.42779e-11 1.25127e-10 1.88966e-10 2.69711e-10 3.68904e-10 4.85226e-10 6.14544e-10 7.49783e-10 8.81215e-10 9.97884e-10 1.08932e-09 1.1467e-09 1.16466e-09 1.14421e-09 1.09627e-09 1.04472e-09 1.0195e-09 1.03531e-09 1.087e-09 1.18161e-09 1.27717e-09 1.30962e-09 1.20286e-09 9.92591e-10 8.88379e-10 1.16337e-09 1.53846e-09 1.76561e-09 1.78602e-09 1.65434e-09 1.4367e-09 1.18846e-09 9.70434e-10 8.08356e-10 6.67852e-10 5.46486e-10 4.50378e-10 3.76032e-10 3.18183e-10 2.7322e-10 2.39065e-10 2.13164e-10 1.91487e-10 1.70016e-10 1.46529e-10 1.20984e-10 9.47489e-11 6.94364e-11 4.58857e-11 2.4455e-11 
4.81408e-11 8.75764e-11 1.38189e-10 2.02372e-10 2.82886e-10 3.80117e-10 4.91959e-10 6.13756e-10 7.38267e-10 8.56297e-10 9.58144e-10 1.03497e-09 1.08001e-09 1.09078e-09 1.07208e-09 1.03873e-09 1.01456e-09 1.0195e-09 1.05725e-09 1.1286e-09 1.21762e-09 1.25634e-09 1.19711e-09 1.05871e-09 9.48353e-10 1.09674e-09 1.4326e-09 1.65159e-09 1.70411e-09 1.60242e-09 1.41454e-09 1.18977e-09 9.74592e-10 8.0541e-10 6.63582e-10 5.39494e-10 4.38568e-10 3.60014e-10 2.99364e-10 2.52066e-10 2.15333e-10 1.87495e-10 1.66109e-10 1.47713e-10 1.29309e-10 1.09548e-10 8.86896e-11 6.78162e-11 4.78811e-11 2.90956e-11 
5.83546e-11 9.8498e-11 1.48903e-10 2.12842e-10 2.91977e-10 3.85825e-10 4.91729e-10 6.0479e-10 7.18048e-10 8.23287e-10 9.12335e-10 9.78199e-10 1.01643e-09 1.02752e-09 1.01956e-09 1.00887e-09 1.01456e-09 1.04694e-09 1.10906e-09 1.19406e-09 1.25522e-09 1.239e-09 1.14915e-09 1.05124e-09 1.10499e-09 1.34487e-09 1.58086e-09 1.65224e-09 1.55473e-09 1.39132e-09 1.18728e-09 9.82865e-10 8.08356e-10 6.62041e-10 5.35935e-10 4.31354e-10 3.48698e-10 2.85133e-10 2.3602e-10 1.97593e-10 1.67897e-10 1.4548e-10 1.28e-10 1.12577e-10 9.70811e-11 8.07746e-11 6.40208e-11 4.75572e-11 3.17977e-11 1.70218e-11 
3.72287e-11 6.78978e-11 1.07281e-10 1.57227e-10 2.2015e-10 2.96799e-10 3.86091e-10 4.85075e-10 5.88966e-10 6.91482e-10 7.85686e-10 8.65079e-10 9.24635e-10 9.62323e-10 9.81385e-10 9.91953e-10 1.00887e-09 1.04472e-09 1.10517e-09 1.18954e-09 1.26993e-09 1.29501e-09 1.25144e-09 1.17284e-09 1.17244e-09 1.32593e-09 1.52712e-09 1.61189e-09 1.53261e-09 1.37294e-09 1.18345e-09 9.89817e-10 8.15008e-10 6.63582e-10 5.34876e-10 4.27737e-10 3.4153e-10 2.74859e-10 2.23849e-10 1.84232e-10 1.53268e-10 1.29582e-10 1.1175e-10 9.75785e-11 8.4788e-11 7.19547e-11 5.87303e-11 4.54391e-11 3.24783e-11 1.99098e-11 
4.45539e-11 7.53704e-11 1.14011e-10 1.6309e-10 2.24199e-10 2.97442e-10 3.81392e-10 4.73095e-10 5.68207e-10 6.6142e-10 7.47233e-10 8.20882e-10 8.79361e-10 9.22974e-10 9.57059e-10 9.91953e-10 1.03873e-09 1.10469e-09 1.19127e-09 1.28487e-09 1.344e-09 1.33943e-09 1.2871e-09 1.25669e-09 1.34501e-09 1.50466e-09 1.5877e-09 1.52373e-09 1.36574e-09 1.1816e-09 9.96227e-10 8.22565e-10 6.67852e-10 5.35935e-10 4.26689e-10 3.37782e-10 2.68134e-10 2.14953e-10 1.74139e-10 1.42341e-10 1.17696e-10 9.90801e-11 8.50286e-11 7.36029e-11 6.31083e-11 5.26472e-11 4.20781e-11 3.16049e-11 2.13484e-11 1.14733e-11 
2.79915e-11 5.12109e-11 8.1015e-11 1.18764e-10 1.66477e-10 2.25088e-10 2.94306e-10 3.72608e-10 4.57308e-10 5.44772e-10 6.30839e-10 7.11506e-10 7.83763e-10 8.46586e-10 9.02252e-10 9.57059e-10 1.01956e-09 1.09627e-09 1.18988e-09 1.29292e-09 1.37789e-09 1.40867e-09 1.37972e-09 1.33908e-09 1.37326e-09 1.4972e-09 1.57954e-09 1.53063e-09 1.37464e-09 1.18772e-09 1.0044e-09 8.31867e-10 6.74738e-10 5.39494e-10 4.27737e-10 3.36656e-10 2.64468e-10 2.09e-10 1.66737e-10 1.34162e-10 1.08878e-10 8.95573e-11 7.511e-11 6.40981e-11 5.49298e-11 4.64159e-11 3.80126e-11 2.96532e-11 2.14038e-11 1.32183e-11 
3.31197e-11 5.61575e-11 8.49813e-11 1.21612e-10 1.67496e-10 2.23136e-10 2.88071e-10 3.60913e-10 4.3947e-10 5.20989e-10 6.02546e-10 6.81658e-10 7.57018e-10 8.29376e-10 9.02252e-10 9.81385e-10 1.07208e-09 1.17611e-09 1.28961e-09 1.39336e-09 1.45571e-09 1.45444e-09 1.41315e-09 1.40644e-09 1.48349e-09 1.566e-09 1.54273e-09 1.40156e-09 1.21019e-09 1.02e-09 8.44965e-10 6.85383e-10 5.46486e-10 4.31354e-10 3.37782e-10 2.63328e-10 2.05659e-10 1.61723e-10 1.28187e-10 1.02352e-10 8.2518e-11 6.75892e-11 5.64728e-11 4.78667e-11 4.05509e-11 3.3725e-11 2.70569e-11 2.04799e-11 1.39434e-11 7.51532e-12 
2.05073e-11 3.76486e-11 5.96294e-11 8.74254e-11 1.2268e-10 1.66398e-10 2.18857e-10 2.79624e-10 3.47637e-10 4.21363e-10 4.99034e-10 5.78993e-10 6.60237e-10 7.43018e-10 8.29376e-10 9.22974e-10 1.02752e-09 1.14421e-09 1.26909e-09 1.38935e-09 1.47781e-09 1.50778e-09 1.48015e-09 1.4486e-09 1.47899e-09 1.54579e-09 1.54855e-09 1.43589e-09 1.25016e-09 1.05042e-09 8.66155e-10 7.01432e-10 5.5808e-10 4.38568e-10 3.4153e-10 2.64468e-10 2.04596e-10 1.58862e-10 1.24125e-10 9.76237e-11 7.73581e-11 6.2025e-11 5.06219e-11 4.21077e-11 3.53979e-11 2.96028e-11 2.41942e-11 1.89482e-11 1.37679e-11 8.54717e-12 
2.40213e-11 4.08294e-11 6.18113e-11 8.85038e-11 1.22174e-10 1.63568e-10 2.12909e-10 2.69959e-10 3.3413e-10 4.04654e-10 4.8079e-10 5.62137e-10 6.49052e-10 7.43018e-10 8.46586e-10 9.62323e-10 1.09078e-09 1.22814e-09 1.36319e-09 1.47498e-09 1.53506e-09 1.53213e-09 1.49612e-09 1.49154e-09 1.53431e-09 1.55089e-09 1.46979e-09 1.30178e-09 1.09755e-09 9.00362e-10 7.25547e-10 5.75462e-10 4.50378e-10 3.48698e-10 2.68134e-10 2.05659e-10 1.57938e-10 1.21787e-10 9.44194e-11 7.366e-11 5.7973e-11 4.62705e-11 3.76277e-11 3.11253e-11 2.59119e-11 2.13624e-11 1.71174e-11 1.30047e-11 8.89822e-12 4.80253e-12 
1.46766e-11 2.70386e-11 4.28813e-11 6.28973e-11 8.84003e-11 1.20385e-10 1.59487e-10 2.06023e-10 2.60082e-10 3.21649e-10 3.90776e-10 4.67756e-10 5.53353e-10 6.49052e-10 7.57018e-10 8.79361e-10 1.01643e-09 1.16466e-09 1.31411e-09 1.44611e-09 1.53535e-09 1.56161e-09 1.53775e-09 1.5156e-09 1.53525e-09 1.55678e-09 1.50454e-09 1.36034e-09 1.15912e-09 9.49778e-10 7.60723e-10 6.00198e-10 4.67591e-10 3.60014e-10 2.74859e-10 2.09e-10 1.58862e-10 1.21027e-10 9.25702e-11 7.11699e-11 5.50971e-11 4.31093e-11 3.42671e-11 2.77503e-11 2.2797e-11 1.87694e-11 1.52272e-11 1.19178e-11 8.68564e-12 5.40783e-12 
1.70415e-11 2.90384e-11 4.39962e-11 6.30687e-11 8.73406e-11 1.17662e-10 1.54688e-10 1.98941e-10 2.5093e-10 3.11278e-10 3.80868e-10 4.60971e-10 5.53353e-10 6.60237e-10 7.83763e-10 9.24635e-10 1.08001e-09 1.24125e-09 1.39178e-09 1.50746e-09 1.56563e-09 1.56399e-09 1.54018e-09 1.5434e-09 1.56581e-09 1.53981e-09 1.42391e-09 1.23283e-09 1.01471e-09 8.09286e-10 6.34268e-10 4.91178e-10 3.76032e-10 2.85133e-10 2.14953e-10 1.61723e-10 1.21787e-10 9.19674e-11 6.97364e-11 5.31758e-11 4.08796e-11 3.1819e-11 2.51883e-11 2.02952e-11 1.65373e-11 1.3446e-11 1.07089e-11 8.13174e-12 5.57467e-12 3.0081e-12 
1.02887e-11 1.90196e-11 3.02139e-11 4.43667e-11 6.25137e-11 8.5583e-11 1.1439e-10 1.49707e-10 1.92351e-10 2.43312e-10 3.0387e-10 3.75712e-10 4.60971e-10 5.62137e-10 6.81658e-10 8.20882e-10 9.78199e-10 1.1467e-09 1.31203e-09 1.45193e-09 1.54156e-09 1.5695e-09 1.55654e-09 1.5513e-09 1.57202e-09 1.56942e-09 1.48677e-09 1.31523e-09 1.09465e-09 8.73215e-10 6.80114e-10 5.22701e-10 3.9747e-10 2.99364e-10 2.23849e-10 1.66737e-10 1.24125e-10 9.25702e-11 6.92696e-11 5.20751e-11 3.9401e-11 3.00965e-11 2.33106e-11 1.83703e-11 1.47143e-11 1.18776e-11 9.51961e-12 7.41272e-12 5.39968e-12 3.36234e-12 
1.18574e-11 2.02596e-11 3.07415e-11 4.41626e-11 6.14313e-11 8.3405e-11 1.10955e-10 1.45048e-10 1.86852e-10 2.37865e-10 3.00015e-10 3.75712e-10 4.67756e-10 5.78993e-10 7.11506e-10 8.65079e-10 1.03497e-09 1.20953e-09 1.36905e-09 1.48859e-09 1.54946e-09 1.55831e-09 1.55364e-09 1.57059e-09 1.58584e-09 1.53882e-09 1.39794e-09 1.18616e-09 9.53406e-10 7.40594e-10 5.64679e-10 4.25744e-10 3.18183e-10 2.3602e-10 1.74139e-10 1.28187e-10 9.44194e-11 6.97364e-11 5.17164e-11 3.85569e-11 2.89588e-11 2.19862e-11 1.69456e-11 1.32888e-11 1.05707e-11 8.44245e-12 6.65301e-12 5.03026e-12 3.44466e-12 1.85558e-12 
7.08711e-12 1.31414e-11 2.09219e-11 3.07874e-11 4.35472e-11 6.00239e-11 8.10847e-11 1.0772e-10 1.41145e-10 1.82913e-10 2.3503e-10 3.00015e-10 3.80868e-10 4.8079e-10 6.02546e-10 7.47233e-10 9.12335e-10 1.08932e-09 1.26177e-09 1.40644e-09 1.50079e-09 1.53892e-09 1.54561e-09 1.56005e-09 1.58488e-09 1.57079e-09 1.469e-09 1.28045e-09 1.04711e-09 8.17387e-10 6.20212e-10 4.63296e-10 3.42915e-10 2.52066e-10 1.84232e-10 1.34162e-10 9.76237e-11 7.11699e-11 5.20751e-11 3.82831e-11 2.83122e-11 2.11133e-11 1.59359e-11 1.2221e-11 9.53147e-12 7.52285e-12 5.93453e-12 4.57903e-12 3.32225e-12 2.06531e-12 
8.1169e-12 1.39089e-11 2.11546e-11 3.04968e-11 4.2675e-11 5.84919e-11 7.88792e-11 1.04998e-10 1.38344e-10 1.80861e-10 2.3503e-10 3.0387e-10 3.90776e-10 4.99034e-10 6.30839e-10 7.85686e-10 9.58144e-10 1.13563e-09 1.29799e-09 1.42195e-09 1.49302e-09 1.52091e-09 1.53899e-09 1.56745e-09 1.57787e-09 1.51766e-09 1.36513e-09 1.14611e-09 9.08367e-10 6.91171e-10 5.13054e-10 3.758e-10 2.7322e-10 1.97593e-10 1.42341e-10 1.02352e-10 7.366e-11 5.31758e-11 3.85569e-11 2.81027e-11 2.06179e-11 1.52679e-11 1.14574e-11 8.7423e-12 6.77801e-12 5.30227e-12 4.12039e-12 3.09134e-12 2.10958e-12 1.13244e-12 
4.812e-12 8.94715e-12 1.42859e-11 2.10916e-11 2.99925e-11 4.16918e-11 5.70179e-11 7.70138e-11 1.03038e-10 1.36882e-10 1.80861e-10 2.37865e-10 3.11278e-10 4.04654e-10 5.20989e-10 6.6142e-10 8.23287e-10 9.97884e-10 1.16907e-09 1.31527e-09 1.41753e-09 1.47321e-09 1.50363e-09 1.5352e-09 1.56108e-09 1.5375e-09 1.42834e-09 1.23833e-09 1.00617e-09 7.75838e-10 5.76724e-10 4.19381e-10 3.0143e-10 2.15333e-10 1.53268e-10 1.08878e-10 7.73581e-11 5.50971e-11 3.9401e-11 2.83122e-11 2.04576e-11 1.4889e-11 1.09505e-11 8.17215e-12 6.20268e-12 4.77854e-12 3.69929e-12 2.81905e-12 2.03207e-12 1.25892e-12 
5.48394e-12 9.42651e-12 1.43871e-11 2.08417e-11 2.93874e-11 4.073e-11 5.57624e-11 7.56667e-11 1.02015e-10 1.36882e-10 1.82913e-10 2.43312e-10 3.21649e-10 4.21363e-10 5.44772e-10 6.91482e-10 8.56297e-10 1.02739e-09 1.18649e-09 1.31376e-09 1.39833e-09 1.44874e-09 1.4877e-09 1.52323e-09 1.52781e-09 1.46169e-09 1.31136e-09 1.09958e-09 8.67796e-10 6.52819e-10 4.75014e-10 3.3876e-10 2.39065e-10 1.67897e-10 1.17696e-10 8.2518e-11 5.7973e-11 4.08796e-11 2.89588e-11 2.06179e-11 1.47662e-11 1.06625e-11 7.79005e-12 5.78301e-12 4.36681e-12 3.33959e-12 2.55216e-12 1.89449e-12 1.28523e-12 6.87299e-13 
3.23214e-12 6.02237e-12 9.64931e-12 1.43142e-11 2.04959e-11 2.87785e-11 3.9902e-11 5.48523e-11 7.49616e-11 1.02015e-10 1.38344e-10 1.86852e-10 2.5093e-10 3.3413e-10 4.3947e-10 5.68207e-10 7.18048e-10 8.81215e-10 1.04358e-09 1.18696e-09 1.29642e-09 1.37021e-09 1.42239e-09 1.46639e-09 1.49079e-09 1.4621e-09 1.35536e-09 1.17638e-09 9.56989e-10 7.35812e-10 5.41318e-10 3.86151e-10 2.70351e-10 1.87495e-10 1.29582e-10 8.95573e-11 6.2025e-11 4.31093e-11 3.00965e-11 2.11133e-11 1.4889e-11 1.05688e-11 7.57188e-12 5.49897e-12 4.06181e-12 3.05071e-12 2.3125e-12 1.73728e-12 1.2406e-12 7.65074e-13 
3.67e-12 6.32811e-12 9.70175e-12 1.41447e-11 2.0127e-11 2.82456e-11 3.92989e-11 5.43746e-11 7.49616e-11 1.03038e-10 1.41145e-10 1.92351e-10 2.60082e-10 3.47637e-10 4.57308e-10 5.88966e-10 7.38267e-10 8.95274e-10 1.04502e-09 1.17188e-09 1.2675e-09 1.33672e-09 1.39108e-09 1.4298e-09 1.43038e-09 1.36524e-09 1.2262e-09 1.03205e-09 8.16941e-10 6.13563e-10 4.42271e-10 3.09739e-10 2.13164e-10 1.4548e-10 9.90801e-11 6.75892e-11 4.62705e-11 3.1819e-11 2.19862e-11 1.52679e-11 1.06625e-11 7.50171e-12 5.33512e-12 3.85328e-12 2.83273e-12 2.11511e-12 1.58616e-12 1.16278e-12 7.82941e-13 4.17842e-13 
2.15416e-12 4.02099e-12 6.46953e-12 9.65369e-12 1.39397e-11 1.97973e-11 2.78554e-11 3.89809e-11 5.43746e-11 7.56667e-11 1.04998e-10 1.45048e-10 1.98941e-10 2.69959e-10 3.60913e-10 4.73095e-10 6.0479e-10 7.49783e-10 8.96888e-10 1.03211e-09 1.1441e-09 1.23042e-09 1.29726e-09 1.34791e-09 1.37019e-09 1.34048e-09 1.24279e-09 1.08286e-09 8.86091e-10 6.84315e-10 5.03124e-10 3.5596e-10 2.45137e-10 1.66109e-10 1.1175e-10 7.511e-11 5.06219e-11 3.42671e-11 2.33106e-11 1.59359e-11 1.09505e-11 7.57188e-12 5.2825e-12 3.73228e-12 2.68197e-12 1.96268e-12 1.45508e-12 1.07481e-12 7.59759e-13 4.65985e-13 
2.44047e-12 4.22129e-12 6.50708e-12 9.55984e-12 1.37459e-11 1.95512e-11 2.76481e-11 3.89809e-11 5.48523e-11 7.70138e-11 1.0772e-10 1.49707e-10 2.06023e-10 2.79624e-10 3.72608e-10 4.85075e-10 6.13756e-10 7.51088e-10 8.85886e-10 1.00662e-09 1.1065e-09 1.18598e-09 1.24775e-09 1.28624e-09 1.28445e-09 1.22463e-09 1.10288e-09 9.34055e-10 7.44939e-10 5.6257e-10 4.057e-10 2.82246e-10 1.91487e-10 1.28e-10 8.50286e-11 5.64728e-11 3.76277e-11 2.51883e-11 1.69456e-11 1.14574e-11 7.79005e-12 5.33512e-12 3.69257e-12 2.59408e-12 1.8555e-12 1.35167e-12 9.93176e-13 7.17528e-13 4.78935e-13 2.54782e-13 
1.43055e-12 2.67078e-12 4.31774e-12 6.4881e-12 9.45827e-12 1.35979e-11 1.94198e-11 2.76481e-11 3.92989e-11 5.57624e-11 7.88792e-11 1.10955e-10 1.54688e-10 2.12909e-10 2.88071e-10 3.81392e-10 4.91729e-10 6.14544e-10 7.4174e-10 8.63305e-10 9.70789e-10 1.06047e-09 1.13229e-09 1.18338e-09 1.20266e-09 1.17457e-09 1.09002e-09 9.54603e-10 7.87499e-10 6.13516e-10 4.5403e-10 3.21808e-10 2.2058e-10 1.47713e-10 9.75785e-11 6.40981e-11 4.21077e-11 2.77503e-11 1.83703e-11 1.2221e-11 8.17215e-12 5.49897e-12 3.73228e-12 2.56497e-12 1.79301e-12 1.27774e-12 9.25652e-13 6.70589e-13 4.68412e-13 2.85472e-13 
1.61714e-12 2.80559e-12 4.35132e-12 6.44853e-12 9.37613e-12 1.35181e-11 1.94198e-11 2.78554e-11 3.9902e-11 5.70179e-11 8.10847e-11 1.1439e-10 1.59487e-10 2.18857e-10 2.94306e-10 3.86091e-10 4.91959e-10 6.0661e-10 7.22262e-10 8.30737e-10 9.26132e-10 1.00562e-09 1.06646e-09 1.10134e-09 1.09818e-09 1.04655e-09 9.45509e-10 8.06503e-10 6.49426e-10 4.95314e-10 3.59968e-10 2.51269e-10 1.70016e-10 1.12577e-10 7.36029e-11 4.78667e-11 3.11253e-11 2.02952e-11 1.32888e-11 8.7423e-12 5.78301e-12 3.85328e-12 2.59408e-12 1.77198e-12 1.23346e-12 8.76182e-13 6.29479e-13 4.47245e-13 2.958e-13 1.56663e-13 
9.47439e-13 1.76943e-12 2.87484e-12 4.35315e-12 6.40972e-12 9.33028e-12 1.35181e-11 1.95512e-11 2.82456e-11 4.073e-11 5.84919e-11 8.3405e-11 1.17662e-10 1.63568e-10 2.23136e-10 2.97442e-10 3.85825e-10 4.85226e-10 5.90158e-10 6.93746e-10 7.8959e-10 8.73112e-10 9.40677e-10 9.86737e-10 1.00229e-09 9.77684e-10 9.08513e-10 7.99843e-10 6.6571e-10 5.24357e-10 3.92365e-10 2.80604e-10 1.93267e-10 1.29309e-10 8.4788e-11 5.49298e-11 3.53979e-11 2.2797e-11 1.47143e-11 9.53147e-12 6.20268e-12 4.06181e-12 2.68197e-12 1.79301e-12 1.21873e-12 8.45344e-13 5.97396e-13 4.24117e-13 2.91876e-13 1.77027e-13 
1.0699e-12 1.8614e-12 2.90489e-12 4.3443e-12 6.38745e-12 9.33028e-12 1.35979e-11 1.97973e-11 2.87785e-11 4.16918e-11 6.00239e-11 8.5583e-11 1.20385e-10 1.66398e-10 2.25088e-10 2.96799e-10 3.80117e-10 4.71555e-10 5.65909e-10 6.5737e-10 7.40736e-10 8.11588e-10 8.64947e-10 8.93843e-10 8.90165e-10 8.48241e-10 7.68835e-10 6.60522e-10 5.3747e-10 4.14984e-10 3.05281e-10 2.1525e-10 1.46529e-10 9.70811e-11 6.31083e-11 4.05509e-11 2.59119e-11 1.65373e-11 1.05707e-11 6.77801e-12 4.36681e-12 2.83273e-12 1.8555e-12 1.23346e-12 8.35912e-13 5.77747e-13 4.0591e-13 2.83071e-13 1.84845e-13 9.78756e-14 
6.2825e-13 1.17144e-12 1.9115e-12 2.91658e-12 4.33659e-12 6.38745e-12 9.37613e-12 1.37459e-11 2.0127e-11 2.93874e-11 4.2675e-11 6.14313e-11 8.73406e-11 1.22174e-10 1.67496e-10 2.24199e-10 2.91977e-10 3.68904e-10 4.51408e-10 5.348e-10 6.14129e-10 6.84704e-10 7.41713e-10 7.79371e-10 7.90986e-10 7.70885e-10 7.17391e-10 6.34836e-10 5.33117e-10 4.24945e-10 3.22263e-10 2.33504e-10 1.62591e-10 1.09548e-10 7.19547e-11 4.64159e-11 2.96028e-11 1.87694e-11 1.18776e-11 7.52285e-12 4.77854e-12 3.05071e-12 1.96268e-12 1.27774e-12 8.45344e-13 5.70877e-13 3.93465e-13 2.73586e-13 1.85149e-13 1.10978e-13 
7.08648e-13 1.23308e-12 1.93579e-12 2.91876e-12 4.33659e-12 6.40972e-12 9.45827e-12 1.39397e-11 2.04959e-11 2.99925e-11 4.35472e-11 6.25137e-11 8.84003e-11 1.2268e-10 1.66477e-10 2.2015e-10 2.82886e-10 3.52486e-10 4.25516e-10 4.97791e-10 5.64877e-10 6.22183e-10 6.64641e-10 6.86639e-10 6.82992e-10 6.50907e-10 5.91843e-10 5.12007e-10 4.21021e-10 3.29363e-10 2.45777e-10 1.75693e-10 1.20984e-10 8.07746e-11 5.26472e-11 3.3725e-11 2.13624e-11 1.3446e-11 8.44245e-12 5.30227e-12 3.33959e-12 2.11511e-12 1.35167e-12 8.76182e-13 5.77747e-13 3.88984e-13 2.67035e-13 1.82077e-13 1.18102e-13 6.16926e-14 
4.17399e-13 7.75044e-13 1.26733e-12 1.94571e-12 2.91876e-12 4.3443e-12 6.44853e-12 9.55984e-12 1.41447e-11 2.08417e-11 3.04968e-11 4.41626e-11 6.30687e-11 8.85038e-11 1.21612e-10 1.6309e-10 2.12842e-10 2.69711e-10 3.31407e-10 3.94714e-10 4.55824e-10 5.10575e-10 5.54463e-10 5.82679e-10 5.90634e-10 5.75183e-10 5.36056e-10 4.76674e-10 4.03731e-10 3.2563e-10 2.50439e-10 1.84185e-10 1.30081e-10 8.86896e-11 5.87303e-11 3.80126e-11 2.41942e-11 1.52272e-11 9.51961e-12 5.93453e-12 3.69929e-12 2.3125e-12 1.45508e-12 9.25652e-13 5.97396e-13 3.93465e-13 2.64795e-13 1.79331e-13 1.19284e-13 7.14196e-14 
4.69153e-13 8.14608e-13 1.28273e-12 1.94571e-12 2.91658e-12 4.35315e-12 6.4881e-12 9.65369e-12 1.43142e-11 2.10916e-11 3.07874e-11 4.43667e-11 6.28973e-11 8.74254e-11 1.18764e-10 1.57227e-10 2.02372e-10 2.52833e-10 3.0634e-10 3.59879e-10 4.0991e-10 4.5251e-10 4.83524e-10 4.9893e-10 4.95616e-10 4.72388e-10 4.30763e-10 3.75031e-10 3.11438e-10 2.46769e-10 1.86867e-10 1.35635e-10 9.47489e-11 6.40208e-11 4.20781e-11 2.70569e-11 1.71174e-11 1.07089e-11 6.65301e-12 4.12039e-12 2.55216e-12 1.58616e-12 9.93176e-13 6.29479e-13 4.0591e-13 2.67035e-13 1.7835e-13 1.19217e-13 7.57256e-14 3.92385e-14 
2.78059e-13 5.11167e-13 8.33191e-13 1.28273e-12 1.93579e-12 2.90489e-12 4.35132e-12 6.50708e-12 9.70175e-12 1.43871e-11 2.11546e-11 3.07415e-11 4.39962e-11 6.18113e-11 8.49813e-11 1.14011e-10 1.48903e-10 1.88966e-10 2.32731e-10 2.77987e-10 3.21904e-10 3.61199e-10 3.92325e-10 4.1179e-10 4.16688e-10 4.05403e-10 3.78258e-10 3.37756e-10 2.88241e-10 2.35006e-10 1.83178e-10 1.3675e-10 9.80652e-11 6.78162e-11 4.54391e-11 2.96532e-11 1.89482e-11 1.19178e-11 7.41272e-12 4.57903e-12 2.81905e-12 1.73728e-12 1.07481e-12 6.70589e-13 4.24117e-13 2.73586e-13 1.79331e-13 1.19419e-13 7.82402e-14 4.55095e-14 
3.10031e-13 5.32384e-13 8.33191e-13 1.26733e-12 1.9115e-12 2.87484e-12 4.31774e-12 6.46953e-12 9.64931e-12 1.42859e-11 2.09219e-11 3.02139e-11 4.28813e-11 5.96294e-11 8.1015e-11 1.07281e-10 1.38189e-10 1.72884e-10 2.09861e-10 2.46995e-10 2.81662e-10 3.10923e-10 3.31797e-10 3.41668e-10 3.38792e-10 3.22798e-10 2.94962e-10 2.58117e-10 2.16146e-10 1.7321e-10 1.32953e-10 9.7939e-11 6.94364e-11 4.75572e-11 3.16049e-11 2.04799e-11 1.30047e-11 8.13174e-12 5.03026e-12 3.09134e-12 1.89449e-12 1.16278e-12 7.17528e-13 4.47245e-13 2.83071e-13 1.82077e-13 1.19217e-13 7.86702e-14 4.86683e-14 2.5573e-14 
1.84557e-13 3.31464e-13 5.32384e-13 8.14608e-13 1.23308e-12 1.8614e-12 2.80559e-12 4.22129e-12 6.32811e-12 9.42651e-12 1.39089e-11 2.02596e-11 2.90384e-11 4.08294e-11 5.61575e-11 7.53704e-11 9.8498e-11 1.25127e-10 1.54312e-10 1.84558e-10 2.13875e-10 2.39921e-10 2.60226e-10 2.72512e-10 2.75081e-10 2.67194e-10 2.49338e-10 2.23235e-10 1.91579e-10 1.57542e-10 1.24178e-10 9.39222e-11 6.82972e-11 4.78811e-11 3.24783e-11 2.14038e-11 1.37679e-11 8.68564e-12 5.39968e-12 3.32225e-12 2.03207e-12 1.2406e-12 7.59759e-13 4.68412e-13 2.91876e-13 1.85149e-13 1.19284e-13 7.82402e-14 5.02542e-14 2.92322e-14 
2.00782e-13 3.31464e-13 5.11167e-13 7.75044e-13 1.17144e-12 1.76943e-12 2.67078e-12 4.02099e-12 6.02237e-12 8.94715e-12 1.31414e-11 1.90196e-11 2.70386e-11 3.76486e-11 5.12109e-11 6.78978e-11 8.75764e-11 1.0972e-10 1.3335e-10 1.57044e-10 1.79027e-10 1.97333e-10 2.1006e-10 2.15664e-10 2.13267e-10 2.02868e-10 1.85418e-10 1.62692e-10 1.36969e-10 1.10638e-10 8.57914e-11 6.39378e-11 4.58857e-11 3.17977e-11 2.13484e-11 1.39434e-11 8.89822e-12 5.57467e-12 3.44466e-12 2.10958e-12 1.28523e-12 7.82941e-13 4.78935e-13 2.958e-13 1.84845e-13 1.18102e-13 7.57256e-14 4.86683e-14 3.00419e-14 1.57802e-14 
1.20562e-13 2.00782e-13 3.10031e-13 4.69153e-13 7.08648e-13 1.0699e-12 1.61714e-12 2.44047e-12 3.67e-12 5.48394e-12 8.1169e-12 1.18574e-11 1.70415e-11 2.40213e-11 3.31197e-11 4.45539e-11 5.83546e-11 7.42779e-11 9.17424e-11 1.09805e-10 1.27205e-10 1.42473e-10 1.54109e-10 1.60814e-10 1.61718e-10 1.56563e-10 1.45789e-10 1.30479e-10 1.1218e-10 9.26307e-11 7.34746e-11 5.60227e-11 4.11124e-11 2.90956e-11 1.99098e-11 1.32183e-11 8.54717e-12 5.40783e-12 3.36234e-12 2.06531e-12 1.25892e-12 7.65074e-13 4.65985e-13 2.85472e-13 1.77027e-13 1.10978e-13 7.14196e-14 4.55095e-14 2.92322e-14 1.67157e-14 
1.20562e-13 1.84557e-13 2.78059e-13 4.17399e-13 6.2825e-13 9.47439e-13 1.43055e-12 2.15416e-12 3.23214e-12 4.812e-12 7.08711e-12 1.02887e-11 1.46766e-11 2.05073e-11 2.79915e-11 3.72287e-11 4.81408e-11 6.041e-11 7.34462e-11 8.63987e-11 9.82242e-11 1.07807e-10 1.14128e-10 1.1644e-10 1.14405e-10 1.08174e-10 9.83792e-11 8.60196e-11 7.22967e-11 5.84098e-11 4.538e-11 3.39327e-11 2.4455e-11 1.70218e-11 1.14733e-11 7.51532e-12 4.80253e-12 3.0081e-12 1.85558e-12 1.13244e-12 6.87299e-13 4.17842e-13 2.54782e-13 1.56663e-13 9.78756e-14 6.16926e-14 3.92385e-14 2.5573e-14 1.57802e-14 7.92251e-15 
