1 101 51
1.36997e-13 2.8029e-13 4.55125e-13 7.26867e-13 1.18557e-12 1.9894e-12 3.42369e-12 5.99387e-12 1.05759e-11 1.86267e-11 3.2442e-11 5.53925e-11 9.19926e-11 1.4758e-10 2.27408e-10 3.35102e-10 4.70802e-10 6.29633e-10 8.01319e-10 9.71373e-10 1.12365e-09 1.24338e-09 1.3197e-09 1.34704e-09 1.32522e-09 1.25878e-09 1.15582e-09 1.0267e-09 8.82657e-10 7.34617e-10 5.92101e-10 4.6243e-10 3.50304e-10 2.57784e-10 1.84669e-10 1.29125e-10 8.8393e-11 5.94335e-11 3.93815e-11 2.58004e-11 1.67646e-11 1.0836e-11 6.98537e-12 4.50148e-12 2.90168e-12 1.8703e-12 1.20157e-12 7.6357e-13 4.73334e-13 2.82086e-13 1.71933e-13 
3.47253e-13 6.2598e-13 1.0055e-12 1.62033e-12 2.67959e-12 4.55288e-12 7.90277e-12 1.38918e-11 2.45086e-11 4.30209e-11 7.44967e-11 1.26236e-10 2.07791e-10 3.30148e-10 5.0368e-10 7.34915e-10 1.02281e-09 1.35591e-09 1.71194e-09 2.0605e-09 2.36838e-09 2.6057e-09 2.75091e-09 2.79346e-09 2.7342e-09 2.58385e-09 2.36053e-09 2.08684e-09 1.78673e-09 1.48274e-09 1.19371e-09 9.33317e-10 7.09627e-10 5.25478e-10 3.79596e-10 2.67979e-10 1.85236e-10 1.25634e-10 8.38094e-11 5.51402e-11 3.58895e-11 2.3185e-11 1.49149e-11 9.5822e-12 6.16088e-12 3.96441e-12 2.548e-12 1.62265e-12 9.98844e-13 4.8759e-13 4.8759e-13 
2.8029e-13 6.87919e-13 1.14999e-12 1.8375e-12 2.99188e-12 5.01055e-12 8.59981e-12 1.50073e-11 2.64113e-11 4.64965e-11 8.12426e-11 1.39795e-10 2.35151e-10 3.84099e-10 6.05703e-10 9.17712e-10 1.33093e-09 1.84274e-09 2.43203e-09 3.0584e-09 3.66699e-09 4.19802e-09 4.59813e-09 4.82971e-09 4.87595e-09 4.74138e-09 4.44882e-09 4.03416e-09 3.54012e-09 3.01012e-09 2.48306e-09 1.98956e-09 1.55034e-09 1.17626e-09 8.69929e-10 6.27855e-10 4.42773e-10 3.05577e-10 2.06793e-10 1.37563e-10 9.02266e-11 5.85491e-11 3.7728e-11 2.42297e-11 1.55585e-11 1.00109e-11 6.45589e-12 4.15508e-12 2.61798e-12 1.40479e-12 2.82086e-13 
6.2598e-13 1.19435e-12 1.92111e-12 3.06943e-12 5.04356e-12 8.5332e-12 1.47542e-11 2.58521e-11 4.55397e-11 8.00434e-11 1.39333e-10 2.38467e-10 3.98588e-10 6.46732e-10 1.01332e-09 1.5263e-09 2.20187e-09 3.03344e-09 3.98304e-09 4.98e-09 5.92997e-09 6.73255e-09 7.30158e-09 7.58131e-09 7.55416e-09 7.23969e-09 6.68718e-09 5.9645e-09 5.14609e-09 4.3021e-09 3.49044e-09 2.75248e-09 2.11249e-09 1.57981e-09 1.15244e-09 8.20972e-10 5.71895e-10 3.9025e-10 2.61456e-10 1.72471e-10 1.12397e-10 7.26334e-11 4.6722e-11 3.00256e-11 1.93337e-11 1.24937e-11 8.08937e-12 5.17956e-12 3.03255e-12 9.98844e-13 9.98844e-13 
4.55125e-13 1.14999e-12 1.94101e-12 3.05843e-12 4.90278e-12 8.12407e-12 1.38514e-11 2.40828e-11 4.23327e-11 7.465e-11 1.3107e-10 2.27472e-10 3.87558e-10 6.44254e-10 1.0393e-09 1.61929e-09 2.42625e-09 3.4823e-09 4.77128e-09 6.22454e-09 7.72035e-09 9.10178e-09 1.02091e-08 1.09148e-08 1.11491e-08 1.09086e-08 1.02495e-08 9.27027e-09 8.08993e-09 6.8269e-09 5.58278e-09 4.4328e-09 3.42344e-09 2.57541e-09 1.88964e-09 1.35386e-09 9.4841e-10 6.50666e-10 4.38103e-10 2.90275e-10 1.89872e-10 1.23061e-10 7.93372e-11 5.10704e-11 3.29324e-11 2.13224e-11 1.38617e-11 8.97768e-12 5.54332e-12 2.61798e-12 4.73334e-13 
1.0055e-12 1.92111e-12 3.04557e-12 4.75531e-12 7.65443e-12 1.27676e-11 2.1892e-11 3.82217e-11 6.73597e-11 1.1889e-10 2.08561e-10 3.61011e-10 6.12611e-10 1.0134e-09 1.62635e-09 2.521e-09 3.75824e-09 5.36486e-09 7.30327e-09 9.44998e-09 1.15994e-08 1.34995e-08 1.49099e-08 1.56586e-08 1.56777e-08 1.50074e-08 1.37751e-08 1.21592e-08 1.03506e-08 8.52047e-09 6.79998e-09 5.27338e-09 3.98147e-09 2.93131e-09 2.10739e-09 1.48147e-09 1.02001e-09 6.89202e-10 4.58173e-10 3.00608e-10 1.95352e-10 1.26231e-10 8.14182e-11 5.26012e-11 3.41312e-11 2.22627e-11 1.45371e-11 9.26943e-12 5.17956e-12 1.62265e-12 1.62265e-12 
7.26867e-13 1.8375e-12 3.05843e-12 4.69586e-12 7.30658e-12 1.18111e-11 1.97968e-11 3.4079e-11 5.96699e-11 1.05351e-10 1.86039e-10 3.26012e-10 5.62856e-10 9.51462e-10 1.56671e-09 2.50203e-09 3.85912e-09 5.72262e-09 8.11812e-09 1.09639e-08 1.40416e-08 1.70132e-08 1.94903e-08 2.11326e-08 2.17341e-08 2.12647e-08 1.98581e-08 1.77613e-08 1.52679e-08 1.26573e-08 1.01522e-08 7.90155e-09 5.9824e-09 4.41499e-09 3.18128e-09 2.24163e-09 1.54714e-09 1.048e-09 6.98436e-10 4.59344e-10 2.99179e-10 1.93727e-10 1.25207e-10 8.10615e-11 5.27218e-11 3.44995e-11 2.26683e-11 1.47473e-11 8.97768e-12 4.15508e-12 7.6357e-13 
1.62033e-12 3.06943e-12 4.75531e-12 7.18063e-12 1.11705e-11 1.81165e-11 3.04588e-11 5.25541e-11 9.2176e-11 1.62902e-10 2.87629e-10 5.03287e-10 8.66443e-10 1.45889e-09 2.3912e-09 3.79992e-09 5.83008e-09 8.59298e-09 1.20976e-08 1.61774e-08 2.04571e-08 2.44001e-08 2.74358e-08 2.91178e-08 2.92434e-08 2.78868e-08 2.53487e-08 2.20538e-08 1.84411e-08 1.48803e-08 1.16294e-08 8.83048e-09 6.53144e-09 4.71542e-09 3.32879e-09 2.3018e-09 1.56219e-09 1.04314e-09 6.87357e-10 4.4852e-10 2.90963e-10 1.88411e-10 1.2224e-10 7.97043e-11 5.23232e-11 3.45584e-11 2.27835e-11 1.45371e-11 8.08937e-12 2.548e-12 2.548e-12 
1.18557e-12 2.99188e-12 4.90278e-12 7.30658e-12 1.09464e-11 1.70431e-11 2.76955e-11 4.66237e-11 8.05144e-11 1.41294e-10 2.49708e-10 4.40489e-10 7.69117e-10 1.31968e-09 2.21252e-09 3.60861e-09 5.70366e-09 8.69777e-09 1.27249e-08 1.77443e-08 2.34371e-08 2.91818e-08 3.41626e-08 3.75904e-08 3.89395e-08 3.80906e-08 3.53271e-08 3.1208e-08 2.63884e-08 2.14615e-08 1.68645e-08 1.28545e-08 9.53441e-09 6.89882e-09 4.8797e-09 3.38047e-09 2.29836e-09 1.53735e-09 1.01469e-09 6.63174e-10 4.30906e-10 2.79516e-10 1.81722e-10 1.18793e-10 7.82396e-11 5.19195e-11 3.45556e-11 2.26683e-11 1.38617e-11 6.45589e-12 1.20157e-12 
2.67959e-12 5.04356e-12 7.65443e-12 1.11705e-11 1.66743e-11 2.59763e-11 4.22314e-11 7.10743e-11 1.22673e-10 2.15137e-10 3.79801e-10 6.68709e-10 1.16416e-09 1.9895e-09 3.31912e-09 5.38313e-09 8.45458e-09 1.27963e-08 1.85451e-08 2.55484e-08 3.32313e-08 4.0611e-08 4.65146e-08 4.9935e-08 5.0353e-08 4.78716e-08 4.31182e-08 3.69961e-08 3.04114e-08 2.40803e-08 1.84552e-08 1.37438e-08 9.97608e-09 7.07494e-09 4.91261e-09 3.34703e-09 2.24303e-09 1.48297e-09 9.70742e-10 6.31707e-10 4.10439e-10 2.67368e-10 1.75225e-10 1.15792e-10 7.71875e-11 5.17602e-11 3.45584e-11 2.22627e-11 1.24937e-11 3.96441e-12 3.96441e-12 
1.9894e-12 5.01055e-12 8.12407e-12 1.18111e-11 1.70431e-11 2.53945e-11 3.95486e-11 6.42232e-11 1.07897e-10 1.85874e-10 3.25342e-10 5.73047e-10 1.00593e-09 1.7443e-09 2.96612e-09 4.91933e-09 7.9245e-09 1.23478e-08 1.85088e-08 2.6498e-08 3.59458e-08 4.58804e-08 5.48352e-08 6.12426e-08 6.39575e-08 6.2639e-08 5.78006e-08 5.05436e-08 4.21512e-08 3.37371e-08 2.60641e-08 1.95286e-08 1.42429e-08 1.01406e-08 7.06483e-09 4.82722e-09 3.24298e-09 2.14859e-09 1.40897e-09 9.1837e-10 5.97678e-10 3.901e-10 2.56312e-10 1.6995e-10 1.13798e-10 7.68104e-11 5.19195e-11 3.44995e-11 2.13224e-11 1.00109e-11 1.8703e-12 
4.55288e-12 8.5332e-12 1.27676e-11 1.81165e-11 2.59763e-11 3.86482e-11 6.00977e-11 9.73391e-11 1.63006e-10 2.79883e-10 4.88249e-10 8.56841e-10 1.49761e-09 2.58329e-09 4.36531e-09 7.18686e-09 1.14782e-08 1.7702e-08 2.61988e-08 3.69156e-08 4.91114e-08 6.12579e-08 7.13249e-08 7.7417e-08 7.84556e-08 7.45304e-08 6.67502e-08 5.67406e-08 4.60989e-08 3.60315e-08 2.72443e-08 2.00159e-08 1.43364e-08 1.0038e-08 6.8877e-09 4.6436e-09 3.08551e-09 2.02819e-09 1.32461e-09 8.63674e-10 5.64881e-10 3.72127e-10 2.47601e-10 1.66549e-10 1.13104e-10 7.71875e-11 5.23232e-11 3.41312e-11 1.93337e-11 6.16088e-12 6.16088e-12 
3.42369e-12 8.59981e-12 1.38514e-11 1.97968e-11 2.76955e-11 3.95486e-11 5.87245e-11 9.10568e-11 1.46885e-10 2.44827e-10 4.18332e-10 7.26159e-10 1.26763e-09 2.20246e-09 3.77299e-09 6.32446e-09 1.03144e-08 1.62894e-08 2.47812e-08 3.60632e-08 4.97802e-08 6.46334e-08 7.842e-08 8.85988e-08 9.31898e-08 9.15148e-08 8.43501e-08 7.34662e-08 6.09051e-08 4.83981e-08 3.70918e-08 2.75524e-08 1.99142e-08 1.40489e-08 9.70041e-09 6.57385e-09 4.38653e-09 2.8931e-09 1.89463e-09 1.23825e-09 8.11808e-10 5.36322e-10 3.58164e-10 2.42061e-10 1.65378e-10 1.13798e-10 7.82396e-11 5.27218e-11 3.29324e-11 1.55585e-11 2.90168e-12 
7.90277e-12 1.47542e-11 2.1892e-11 3.04588e-11 4.22314e-11 6.00977e-11 8.89784e-11 1.37396e-10 2.20421e-10 3.65096e-10 6.19719e-10 1.06839e-09 1.85155e-09 3.19136e-09 5.41764e-09 8.98623e-09 1.44747e-08 2.25211e-08 3.36427e-08 4.78857e-08 6.43857e-08 8.11343e-08 9.52932e-08 1.04099e-07 1.05924e-07 1.00849e-07 9.04322e-08 7.69352e-08 6.25336e-08 4.88609e-08 3.68903e-08 2.70272e-08 1.92821e-08 1.34375e-08 9.17569e-09 6.16023e-09 4.08272e-09 2.68399e-09 1.75973e-09 1.15715e-09 7.66993e-10 5.1429e-10 3.49343e-10 2.40164e-10 1.66549e-10 1.15792e-10 7.97043e-11 5.26012e-11 3.00256e-11 9.5822e-12 9.5822e-12 
5.99387e-12 1.50073e-11 2.40828e-11 3.4079e-11 4.66237e-11 6.42232e-11 9.10568e-11 1.34275e-10 2.06198e-10 3.28483e-10 5.39712e-10 9.0818e-10 1.55141e-09 2.6626e-09 4.5408e-09 7.61674e-09 1.246e-08 1.97424e-08 3.01111e-08 4.39071e-08 6.07262e-08 7.90124e-08 9.60673e-08 1.08746e-07 1.14613e-07 1.12885e-07 1.04553e-07 9.17285e-08 7.67518e-08 6.15818e-08 4.75914e-08 3.55655e-08 2.57951e-08 1.82207e-08 1.25789e-08 8.51965e-09 5.68591e-09 3.75846e-09 2.47511e-09 1.63394e-09 1.08739e-09 7.32546e-10 5.00416e-10 3.4633e-10 2.42061e-10 1.6995e-10 1.18793e-10 8.10615e-11 5.10704e-11 2.42297e-11 4.50148e-12 
1.38918e-11 2.58521e-11 3.82217e-11 5.25541e-11 7.10743e-11 9.73391e-11 1.37396e-10 2.01548e-10 3.07354e-10 4.85356e-10 7.89373e-10 1.31345e-09 2.2169e-09 3.75609e-09 6.3164e-09 1.04294e-08 1.67515e-08 2.59687e-08 3.85768e-08 5.45098e-08 7.27058e-08 9.09124e-08 1.06088e-07 1.15421e-07 1.17425e-07 1.12393e-07 1.0197e-07 8.82838e-08 7.32739e-08 5.84557e-08 4.49287e-08 3.3367e-08 2.40309e-08 1.68513e-08 1.15565e-08 7.7889e-09 5.18844e-09 3.43789e-09 2.28146e-09 1.52609e-09 1.03388e-09 7.10885e-10 4.95682e-10 3.49343e-10 2.47601e-10 1.75225e-10 1.2224e-10 8.14182e-11 4.6722e-11 1.49149e-11 1.49149e-11 
1.05759e-11 2.64113e-11 4.23327e-11 5.96699e-11 8.05144e-11 1.07897e-10 1.46885e-10 2.06198e-10 3.00482e-10 4.54292e-10 7.09665e-10 1.13951e-09 1.86899e-09 3.10556e-09 5.17375e-09 8.54168e-09 1.38148e-08 2.16618e-08 3.26325e-08 4.68486e-08 6.36222e-08 8.12083e-08 9.69981e-08 1.08287e-07 1.13292e-07 1.11767e-07 1.04818e-07 9.41236e-08 8.12487e-08 6.74621e-08 5.3839e-08 4.13197e-08 3.05797e-08 2.19186e-08 1.5295e-08 1.04503e-08 7.03609e-09 4.70175e-09 3.14232e-09 2.11586e-09 1.44344e-09 1.00025e-09 7.03497e-10 5.00416e-10 3.58164e-10 2.56312e-10 1.81722e-10 1.25207e-10 7.93372e-11 3.7728e-11 6.98537e-12 
2.45086e-11 4.55397e-11 6.73597e-11 9.2176e-11 1.22673e-10 1.63006e-10 2.20421e-10 3.07354e-10 4.44243e-10 6.64559e-10 1.02435e-09 1.61863e-09 2.60658e-09 4.24443e-09 6.91761e-09 1.11503e-08 1.75557e-08 2.66845e-08 3.87545e-08 5.33169e-08 6.90321e-08 8.37905e-08 9.52908e-08 1.0186e-07 1.03043e-07 9.95484e-08 9.26114e-08 8.33076e-08 7.2374e-08 6.04776e-08 4.84397e-08 3.71875e-08 2.74638e-08 1.96247e-08 1.36603e-08 9.33175e-09 6.30753e-09 4.2555e-09 2.89015e-09 1.98901e-09 1.39149e-09 9.88776e-10 7.10885e-10 5.1429e-10 3.72127e-10 2.67368e-10 1.88411e-10 1.26231e-10 7.26334e-11 2.3185e-11 2.3185e-11 
1.86267e-11 4.64965e-11 7.465e-11 1.05351e-10 1.41294e-10 1.85874e-10 2.44827e-10 3.28483e-10 4.54292e-10 6.50046e-10 9.59827e-10 1.45518e-09 2.25367e-09 3.54564e-09 5.62554e-09 8.91305e-09 1.39315e-08 2.11972e-08 3.0988e-08 4.30359e-08 5.63096e-08 6.91086e-08 7.95597e-08 8.63008e-08 8.89521e-08 8.80698e-08 8.45812e-08 7.91547e-08 7.20162e-08 6.32552e-08 5.32534e-08 4.27955e-08 3.28576e-08 2.42277e-08 1.72863e-08 1.20385e-08 8.26124e-09 5.64319e-09 3.87547e-09 2.69696e-09 1.90924e-09 1.37376e-09 1.00025e-09 7.32546e-10 5.36322e-10 3.901e-10 2.79516e-10 1.93727e-10 1.23061e-10 5.85491e-11 1.0836e-11 
4.30209e-11 8.00434e-11 1.1889e-10 1.62902e-10 2.15137e-10 2.79883e-10 3.65096e-10 4.85356e-10 6.64559e-10 9.39179e-10 1.36456e-09 2.02671e-09 3.06084e-09 4.67586e-09 7.17804e-09 1.09727e-08 1.65025e-08 2.40772e-08 3.36032e-08 4.43449e-08 5.49509e-08 6.387e-08 6.99895e-08 7.30901e-08 7.37668e-08 7.28281e-08 7.06644e-08 6.7125e-08 6.18646e-08 5.47859e-08 4.62973e-08 3.7228e-08 2.85505e-08 2.10256e-08 1.50108e-08 1.05038e-08 7.29016e-09 5.07811e-09 3.58413e-09 2.57534e-09 1.882e-09 1.39149e-09 1.03388e-09 7.66993e-10 5.64881e-10 4.10439e-10 2.90963e-10 1.95352e-10 1.12397e-10 3.58895e-11 3.58895e-11 
3.2442e-11 8.12426e-11 1.3107e-10 1.86039e-10 2.49708e-10 3.25342e-10 4.18332e-10 5.39712e-10 7.09665e-10 9.59827e-10 1.33571e-09 1.90221e-09 2.75408e-09 4.03118e-09 5.93606e-09 8.74555e-09 1.27915e-08 1.83668e-08 2.55272e-08 3.38539e-08 4.23752e-08 4.98304e-08 5.52214e-08 5.83352e-08 5.97974e-08 6.04518e-08 6.05852e-08 5.97932e-08 5.74581e-08 5.32192e-08 4.71543e-08 3.97785e-08 3.19013e-08 2.44073e-08 1.79678e-08 1.28807e-08 9.11771e-09 6.46422e-09 4.64407e-09 3.40035e-09 2.53378e-09 1.90924e-09 1.44344e-09 1.08739e-09 8.11808e-10 5.97678e-10 4.30906e-10 2.99179e-10 1.89872e-10 9.02266e-11 1.67646e-11 
7.44967e-11 1.39333e-10 2.08561e-10 2.87629e-10 3.79801e-10 4.88249e-10 6.19719e-10 7.89373e-10 1.02435e-09 1.36456e-09 1.86279e-09 2.58766e-09 3.63036e-09 5.11347e-09 7.19982e-09 1.00949e-08 1.40187e-08 1.91048e-08 2.52166e-08 3.18015e-08 3.79688e-08 4.28487e-08 4.60772e-08 4.80631e-08 4.96183e-08 5.11043e-08 5.20683e-08 5.17376e-08 4.96261e-08 4.56958e-08 4.02202e-08 3.37173e-08 2.68985e-08 2.05183e-08 1.5133e-08 1.09623e-08 7.93639e-09 5.82725e-09 4.36937e-09 3.33746e-09 2.57534e-09 1.98901e-09 1.52609e-09 1.15715e-09 8.63674e-10 6.31707e-10 4.4852e-10 3.00608e-10 1.72471e-10 5.51402e-11 5.51402e-11 
5.53925e-11 1.39795e-10 2.27472e-10 3.26012e-10 4.40489e-10 5.73047e-10 7.26159e-10 9.0818e-10 1.13951e-09 1.45518e-09 1.90221e-09 2.53525e-09 3.41531e-09 4.61153e-09 6.20414e-09 8.2901e-09 1.09891e-08 1.44238e-08 1.86296e-08 2.34202e-08 2.83411e-08 3.28027e-08 3.63627e-08 3.90252e-08 4.12434e-08 4.33921e-08 4.52163e-08 4.60039e-08 4.52033e-08 4.27441e-08 3.88571e-08 3.38399e-08 2.81126e-08 2.22678e-08 1.69413e-08 1.25811e-08 9.31831e-09 7.01848e-09 5.42176e-09 4.27512e-09 3.40035e-09 2.69696e-09 2.11586e-09 1.63394e-09 1.23825e-09 9.1837e-10 6.63174e-10 4.59344e-10 2.90275e-10 1.37563e-10 2.58004e-11 
1.26236e-10 2.38467e-10 3.61011e-10 5.03287e-10 6.68709e-10 8.56841e-10 1.06839e-09 1.31345e-09 1.61863e-09 2.02671e-09 2.58766e-09 3.34791e-09 4.34507e-09 5.60806e-09 7.16242e-09 9.04512e-09 1.1322e-08 1.40722e-08 1.73247e-08 2.09965e-08 2.48855e-08 2.87006e-08 3.21626e-08 3.51658e-08 3.77639e-08 3.98643e-08 4.10521e-08 4.08631e-08 3.91965e-08 3.63185e-08 3.25163e-08 2.79712e-08 2.29748e-08 1.80349e-08 1.37144e-08 1.03716e-08 8.02378e-09 6.42818e-09 5.28204e-09 4.36937e-09 3.58413e-09 2.89015e-09 2.28146e-09 1.75973e-09 1.32461e-09 9.70742e-10 6.87357e-10 4.58173e-10 2.61456e-10 8.38094e-11 8.38094e-11 
9.19926e-11 2.35151e-10 3.87558e-10 5.62856e-10 7.69117e-10 1.00593e-09 1.26763e-09 1.55141e-09 1.86899e-09 2.25367e-09 2.75408e-09 3.41531e-09 4.26188e-09 5.29428e-09 6.49838e-09 7.86585e-09 9.41995e-09 1.12236e-08 1.33676e-08 1.59602e-08 1.9112e-08 2.28288e-08 2.68492e-08 3.06897e-08 3.3905e-08 3.62288e-08 3.7458e-08 3.73757e-08 3.59367e-08 3.34414e-08 3.03008e-08 2.66967e-08 2.26364e-08 1.83102e-08 1.42059e-08 1.08768e-08 8.59236e-09 7.17636e-09 6.22325e-09 5.42176e-09 4.64407e-09 3.87547e-09 3.14232e-09 2.47511e-09 1.89463e-09 1.40897e-09 1.01469e-09 6.98436e-10 4.38103e-10 2.06793e-10 3.93815e-11 
2.07791e-10 3.98588e-10 6.12611e-10 8.66443e-10 1.16416e-09 1.49761e-09 1.85155e-09 2.2169e-09 2.60658e-09 3.06084e-09 3.63036e-09 4.34507e-09 5.1965e-09 6.14974e-09 7.17581e-09 8.28525e-09 9.53657e-09 1.10292e-08 1.29132e-08 1.54154e-08 1.87588e-08 2.28903e-08 2.73104e-08 3.12731e-08 3.41483e-08 3.55919e-08 3.54931e-08 3.39358e-08 3.12854e-08 2.81215e-08 2.48572e-08 2.14913e-08 1.78583e-08 1.41021e-08 1.07795e-08 8.51062e-09 7.39039e-09 6.87814e-09 6.42818e-09 5.82725e-09 5.07811e-09 4.2555e-09 3.43789e-09 2.68399e-09 2.02819e-09 1.48297e-09 1.04314e-09 6.89202e-10 3.9025e-10 1.25634e-10 1.25634e-10 
1.4758e-10 3.84099e-10 6.44254e-10 9.51462e-10 1.31968e-09 1.7443e-09 2.20246e-09 2.6626e-09 3.10556e-09 3.54564e-09 4.03118e-09 4.61153e-09 5.29428e-09 6.04081e-09 6.80951e-09 7.60708e-09 8.50326e-09 9.61963e-09 1.1122e-08 1.32372e-08 1.62325e-08 2.02169e-08 2.48819e-08 2.95035e-08 3.32293e-08 3.5393e-08 3.56656e-08 3.40811e-08 3.1038e-08 2.72649e-08 2.35229e-08 2.01592e-08 1.69665e-08 1.36272e-08 1.03085e-08 7.78964e-09 6.82037e-09 6.95632e-09 7.17636e-09 7.01848e-09 6.46422e-09 5.64319e-09 4.70175e-09 3.75846e-09 2.8931e-09 2.14859e-09 1.53735e-09 1.048e-09 6.50666e-10 3.05577e-10 5.94335e-11 
3.30148e-10 6.46732e-10 1.0134e-09 1.45889e-09 1.9895e-09 2.58329e-09 3.19136e-09 3.75609e-09 4.24443e-09 4.67586e-09 5.11347e-09 5.60806e-09 6.14974e-09 6.69375e-09 7.23352e-09 7.83798e-09 8.65093e-09 9.87488e-09 1.17476e-08 1.45224e-08 1.83651e-08 2.31417e-08 2.83031e-08 3.29984e-08 3.6336e-08 3.7632e-08 3.65972e-08 3.34533e-08 2.89391e-08 2.40939e-08 1.9792e-08 1.62822e-08 1.31379e-08 9.90241e-09 6.8813e-09 5.44124e-09 6.17651e-09 7.39039e-09 8.02378e-09 7.93639e-09 7.29016e-09 6.30753e-09 5.18844e-09 4.08272e-09 3.08551e-09 2.24303e-09 1.56219e-09 1.02001e-09 5.71895e-10 1.85236e-10 1.85236e-10 
2.27408e-10 6.05703e-10 1.0393e-09 1.56671e-09 2.21252e-09 2.96612e-09 3.77299e-09 4.5408e-09 5.17375e-09 5.62554e-09 5.93606e-09 6.20414e-09 6.49838e-09 6.80951e-09 7.11249e-09 7.44494e-09 7.94105e-09 8.83355e-09 1.04075e-08 1.29388e-08 1.66329e-08 2.14842e-08 2.71244e-08 3.28147e-08 3.7585e-08 4.0464e-08 4.07351e-08 3.82118e-08 3.34154e-08 2.74653e-08 2.16441e-08 1.68594e-08 1.3207e-08 9.99699e-09 6.63761e-09 3.85572e-09 4.42949e-09 6.82037e-09 8.59236e-09 9.31831e-09 9.11771e-09 8.26124e-09 7.03609e-09 5.68591e-09 4.38653e-09 3.24298e-09 2.29836e-09 1.54714e-09 9.4841e-10 4.42773e-10 8.8393e-11 
5.0368e-10 1.01332e-09 1.62635e-09 2.3912e-09 3.31912e-09 4.36531e-09 5.41764e-09 6.3164e-09 6.91761e-09 7.17804e-09 7.19982e-09 7.16242e-09 7.17581e-09 7.23352e-09 7.31283e-09 7.48594e-09 7.9722e-09 9.10459e-09 1.12255e-08 1.4602e-08 1.93526e-08 2.53008e-08 3.18745e-08 3.81374e-08 4.29296e-08 4.51416e-08 4.40701e-08 3.97974e-08 3.3299e-08 2.60736e-08 1.9536e-08 1.45244e-08 1.08733e-08 7.55842e-09 3.88464e-09 2.1235e-09 5.44124e-09 8.51062e-09 1.03716e-08 1.09623e-08 1.05038e-08 9.33175e-09 7.7889e-09 6.16023e-09 4.6436e-09 3.34703e-09 2.3018e-09 1.48147e-09 8.20972e-10 2.67979e-10 2.67979e-10 
3.35102e-10 9.17712e-10 1.61929e-09 2.50203e-09 3.60861e-09 4.91933e-09 6.32446e-09 7.61674e-09 8.54168e-09 8.91305e-09 8.74555e-09 8.2901e-09 7.86585e-09 7.60708e-09 7.44494e-09 7.32756e-09 7.38903e-09 7.96663e-09 9.48253e-09 1.22903e-08 1.66152e-08 2.24835e-08 2.9563e-08 3.70693e-08 4.37972e-08 4.83169e-08 4.94061e-08 4.6559e-08 4.03639e-08 3.23268e-08 2.42051e-08 1.74127e-08 1.26108e-08 9.23216e-09 5.92522e-09 2.45053e-09 3.85572e-09 7.78964e-09 1.08768e-08 1.25811e-08 1.28807e-08 1.20385e-08 1.04503e-08 8.51965e-09 6.57385e-09 4.82722e-09 3.38047e-09 2.24163e-09 1.35386e-09 6.27855e-10 1.29125e-10 
7.34915e-10 1.5263e-09 2.521e-09 3.79992e-09 5.38313e-09 7.18686e-09 8.98623e-09 1.04294e-08 1.11503e-08 1.09727e-08 1.00949e-08 9.04512e-09 8.28525e-09 7.83798e-09 7.48594e-09 7.18194e-09 7.18099e-09 7.95554e-09 9.96971e-09 1.35363e-08 1.88317e-08 2.57971e-08 3.39265e-08 4.21519e-08 4.89161e-08 5.255e-08 5.19238e-08 4.70221e-08 3.90788e-08 2.99934e-08 2.15754e-08 1.51405e-08 1.10804e-08 8.26111e-09 5.32818e-09 3.88464e-09 6.8813e-09 1.07795e-08 1.37144e-08 1.5133e-08 1.50108e-08 1.36603e-08 1.15565e-08 9.17569e-09 6.8877e-09 4.91261e-09 3.32879e-09 2.10739e-09 1.15244e-09 3.79596e-10 3.79596e-10 
4.70802e-10 1.33093e-09 2.42625e-09 3.85912e-09 5.70366e-09 7.9245e-09 1.03144e-08 1.246e-08 1.38148e-08 1.39315e-08 1.27915e-08 1.09891e-08 9.41995e-09 8.50326e-09 7.94105e-09 7.38903e-09 6.89964e-09 6.89929e-09 7.97102e-09 1.05377e-08 1.48484e-08 2.10445e-08 2.89484e-08 3.77891e-08 4.61332e-08 5.21268e-08 5.41181e-08 5.14094e-08 4.46647e-08 3.56123e-08 2.62426e-08 1.82514e-08 1.28777e-08 1.00511e-08 7.94194e-09 5.92522e-09 6.63761e-09 1.03085e-08 1.42059e-08 1.69413e-08 1.79678e-08 1.72863e-08 1.5295e-08 1.25789e-08 9.70041e-09 7.06483e-09 4.8797e-09 3.18128e-09 1.88964e-09 8.69929e-10 1.84669e-10 
1.02281e-09 2.20187e-09 3.75824e-09 5.83008e-09 8.45458e-09 1.14782e-08 1.44747e-08 1.67515e-08 1.75557e-08 1.65025e-08 1.40187e-08 1.1322e-08 9.53657e-09 8.65093e-09 7.9722e-09 7.18099e-09 6.51918e-09 6.59497e-09 8.0185e-09 1.10997e-08 1.60502e-08 2.29419e-08 3.13511e-08 4.01485e-08 4.76191e-08 5.19272e-08 5.18291e-08 4.72771e-08 3.94693e-08 3.02552e-08 2.1433e-08 1.46373e-08 1.1092e-08 9.68512e-09 8.26111e-09 7.55842e-09 9.90241e-09 1.41021e-08 1.80349e-08 2.05183e-08 2.10256e-08 1.96247e-08 1.68513e-08 1.34375e-08 1.0038e-08 7.07494e-09 4.71542e-09 2.93131e-09 1.57981e-09 5.25478e-10 5.25478e-10 
6.29633e-10 1.84274e-09 3.4823e-09 5.72262e-09 8.69777e-09 1.23478e-08 1.62894e-08 1.97424e-08 2.16618e-08 2.11972e-08 1.83668e-08 1.44238e-08 1.12236e-08 9.61963e-09 8.83355e-09 7.96663e-09 6.89929e-09 6.09758e-09 6.30392e-09 8.04416e-09 1.1518e-08 1.68974e-08 2.40327e-08 3.21346e-08 3.98195e-08 4.54346e-08 4.75704e-08 4.56147e-08 4.00486e-08 3.22336e-08 2.3771e-08 1.6234e-08 1.15583e-08 1.03936e-08 1.00511e-08 9.23216e-09 9.99699e-09 1.36272e-08 1.83102e-08 2.22678e-08 2.44073e-08 2.42277e-08 2.19186e-08 1.82207e-08 1.40489e-08 1.01406e-08 6.89882e-09 4.41499e-09 2.57541e-09 1.17626e-09 2.57784e-10 
1.35591e-09 3.03344e-09 5.36486e-09 8.59298e-09 1.27963e-08 1.7702e-08 2.25211e-08 2.59687e-08 2.66845e-08 2.40772e-08 1.91048e-08 1.40722e-08 1.10292e-08 9.87488e-09 9.10459e-09 7.95554e-09 6.59497e-09 5.68365e-09 6.00851e-09 7.94962e-09 1.16299e-08 1.70499e-08 2.3691e-08 3.051e-08 3.62097e-08 3.95606e-08 3.97581e-08 3.6717e-08 3.11479e-08 2.42192e-08 1.71429e-08 1.17196e-08 1.02664e-08 1.1092e-08 1.10804e-08 1.08733e-08 1.31379e-08 1.78583e-08 2.29748e-08 2.68985e-08 2.85505e-08 2.74638e-08 2.40309e-08 1.92821e-08 1.43364e-08 9.97608e-09 6.53144e-09 3.98147e-09 2.11249e-09 7.09627e-10 7.09627e-10 
8.01319e-10 2.43203e-09 4.77128e-09 8.11812e-09 1.27249e-08 1.85088e-08 2.47812e-08 3.01111e-08 3.26325e-08 3.0988e-08 2.55272e-08 1.86296e-08 1.33676e-08 1.1122e-08 1.04075e-08 9.48253e-09 7.97102e-09 6.30392e-09 5.27798e-09 5.64528e-09 7.6416e-09 1.12544e-08 1.61518e-08 2.15451e-08 2.64601e-08 2.99683e-08 3.13598e-08 3.03182e-08 2.70573e-08 2.22528e-08 1.66982e-08 1.15653e-08 9.72609e-09 1.15583e-08 1.28777e-08 1.26108e-08 1.3207e-08 1.69665e-08 2.26364e-08 2.81126e-08 3.19013e-08 3.28576e-08 3.05797e-08 2.57951e-08 1.99142e-08 1.42429e-08 9.53441e-09 5.9824e-09 3.42344e-09 1.55034e-09 3.50304e-10 
1.71194e-09 3.98304e-09 7.30327e-09 1.20976e-08 1.85451e-08 2.61988e-08 3.36427e-08 3.85768e-08 3.87545e-08 3.36032e-08 2.52166e-08 1.73247e-08 1.29132e-08 1.17476e-08 1.12255e-08 9.96971e-09 8.0185e-09 6.00851e-09 4.83403e-09 5.16129e-09 7.05825e-09 1.02516e-08 1.41279e-08 1.79205e-08 2.09431e-08 2.2663e-08 2.27594e-08 2.1219e-08 1.8372e-08 1.47042e-08 1.08155e-08 9.07215e-09 1.17196e-08 1.46373e-08 1.51405e-08 1.45244e-08 1.62822e-08 2.14913e-08 2.79712e-08 3.37173e-08 3.7228e-08 3.71875e-08 3.3367e-08 2.70272e-08 2.00159e-08 1.37438e-08 8.83048e-09 5.27338e-09 2.75248e-09 9.33317e-10 9.33317e-10 
9.71373e-10 3.0584e-09 6.22454e-09 1.09639e-08 1.77443e-08 2.6498e-08 3.60632e-08 4.39071e-08 4.68486e-08 4.30359e-08 3.38539e-08 2.34202e-08 1.59602e-08 1.32372e-08 1.29388e-08 1.22903e-08 1.05377e-08 8.04416e-09 5.64528e-09 4.31175e-09 4.5529e-09 6.19e-09 8.68639e-09 1.13809e-08 1.37129e-08 1.52824e-08 1.58333e-08 1.52878e-08 1.3805e-08 1.17169e-08 9.36514e-09 8.28461e-09 1.15653e-08 1.6234e-08 1.82514e-08 1.74127e-08 1.68594e-08 2.01592e-08 2.66967e-08 3.38399e-08 3.97785e-08 4.27955e-08 4.13197e-08 3.55655e-08 2.75524e-08 1.95286e-08 1.28545e-08 7.90155e-09 4.4328e-09 1.98956e-09 4.6243e-10 
2.0605e-09 4.98e-09 9.44998e-09 1.61774e-08 2.55484e-08 3.69156e-08 4.78857e-08 5.45098e-08 5.33169e-08 4.43449e-08 3.18015e-08 2.09965e-08 1.54154e-08 1.45224e-08 1.4602e-08 1.35363e-08 1.10997e-08 7.94962e-09 5.16129e-09 3.72021e-09 3.86299e-09 5.13033e-09 6.87276e-09 8.5491e-09 9.80967e-09 1.04493e-08 1.03843e-08 9.69215e-09 8.62901e-09 7.50498e-09 7.24912e-09 1.08155e-08 1.71429e-08 2.1433e-08 2.15754e-08 1.9536e-08 1.9792e-08 2.48572e-08 3.25163e-08 4.02202e-08 4.62973e-08 4.84397e-08 4.49287e-08 3.68903e-08 2.72443e-08 1.84552e-08 1.16294e-08 6.79998e-09 3.49044e-09 1.19371e-09 1.19371e-09 
1.12365e-09 3.66699e-09 7.72035e-09 1.40416e-08 2.34371e-08 3.59458e-08 4.97802e-08 6.07262e-08 6.36222e-08 5.63096e-08 4.23752e-08 2.83411e-08 1.9112e-08 1.62325e-08 1.66329e-08 1.66152e-08 1.48484e-08 1.1518e-08 7.6416e-09 4.5529e-09 3.11052e-09 3.16847e-09 4.06066e-09 5.17248e-09 6.11911e-09 6.70258e-09 6.84228e-09 6.5728e-09 6.08432e-09 5.68817e-09 6.00641e-09 9.36514e-09 1.66982e-08 2.3771e-08 2.62426e-08 2.42051e-08 2.16441e-08 2.35229e-08 3.03008e-08 3.88571e-08 4.71543e-08 5.32534e-08 5.3839e-08 4.75914e-08 3.70918e-08 2.60641e-08 1.68645e-08 1.01522e-08 5.58278e-09 2.48306e-09 5.92101e-10 
2.36838e-09 5.92997e-09 1.15994e-08 2.04571e-08 3.32313e-08 4.91114e-08 6.43857e-08 7.27058e-08 6.90321e-08 5.49509e-08 3.79688e-08 2.48855e-08 1.87588e-08 1.83651e-08 1.93526e-08 1.88317e-08 1.60502e-08 1.16299e-08 7.05825e-09 3.86299e-09 2.54704e-09 2.55252e-09 3.13764e-09 3.79698e-09 4.28033e-09 4.49443e-09 4.44886e-09 4.27232e-09 4.22489e-09 4.75442e-09 7.50498e-09 1.47042e-08 2.42192e-08 3.02552e-08 2.99934e-08 2.60736e-08 2.40939e-08 2.81215e-08 3.63185e-08 4.56958e-08 5.47859e-08 6.04776e-08 5.84557e-08 4.88609e-08 3.60315e-08 2.40803e-08 1.48803e-08 8.52047e-09 4.3021e-09 1.48274e-09 1.48274e-09 
1.24338e-09 4.19802e-09 9.10178e-09 1.70132e-08 2.91818e-08 4.58804e-08 6.46334e-08 7.90124e-08 8.12083e-08 6.91086e-08 4.98304e-08 3.28027e-08 2.28288e-08 2.02169e-08 2.14842e-08 2.24835e-08 2.10445e-08 1.68974e-08 1.12544e-08 6.19e-09 3.16847e-09 2.07918e-09 2.05951e-09 2.41904e-09 2.78229e-09 3.00596e-09 3.0754e-09 3.07185e-09 3.17683e-09 3.69208e-09 5.68817e-09 1.17169e-08 2.22528e-08 3.22336e-08 3.56123e-08 3.23268e-08 2.74653e-08 2.72649e-08 3.34414e-08 4.27441e-08 5.32192e-08 6.32552e-08 6.74621e-08 6.15818e-08 4.83981e-08 3.37371e-08 2.14615e-08 1.26573e-08 6.8269e-09 3.01012e-09 7.34617e-10 
2.6057e-09 6.73255e-09 1.34995e-08 2.44001e-08 4.0611e-08 6.12579e-08 8.11343e-08 9.09124e-08 8.37905e-08 6.387e-08 4.28487e-08 2.87006e-08 2.28903e-08 2.31417e-08 2.53008e-08 2.57971e-08 2.29419e-08 1.70499e-08 1.02516e-08 5.13033e-09 2.55252e-09 1.71905e-09 1.68078e-09 1.88042e-09 2.06741e-09 2.18218e-09 2.26866e-09 2.4419e-09 2.88422e-09 4.22489e-09 8.62901e-09 1.8372e-08 3.11479e-08 3.94693e-08 3.90788e-08 3.3299e-08 2.89391e-08 3.12854e-08 3.91965e-08 4.96261e-08 6.18646e-08 7.2374e-08 7.32739e-08 6.25336e-08 4.60989e-08 3.04114e-08 1.84411e-08 1.03506e-08 5.14609e-09 1.78673e-09 1.78673e-09 
1.3197e-09 4.59813e-09 1.02091e-08 1.94903e-08 3.41626e-08 5.48352e-08 7.842e-08 9.60673e-08 9.69981e-08 7.95597e-08 5.52214e-08 3.63627e-08 2.68492e-08 2.48819e-08 2.71244e-08 2.9563e-08 2.89484e-08 2.40327e-08 1.61518e-08 8.68639e-09 4.06066e-09 2.05951e-09 1.44242e-09 1.37722e-09 1.46862e-09 1.57309e-09 1.69103e-09 1.89074e-09 2.27582e-09 3.17683e-09 6.08432e-09 1.3805e-08 2.70573e-08 4.00486e-08 4.46647e-08 4.03639e-08 3.34154e-08 3.1038e-08 3.59367e-08 4.52033e-08 5.74581e-08 7.20162e-08 8.12487e-08 7.67518e-08 6.09051e-08 4.21512e-08 2.63884e-08 1.52679e-08 8.08993e-09 3.54012e-09 8.82657e-10 
2.75091e-09 7.30158e-09 1.49099e-08 2.74358e-08 4.65146e-08 7.13249e-08 9.52932e-08 1.06088e-07 9.52908e-08 6.99895e-08 4.60772e-08 3.21626e-08 2.73104e-08 2.83031e-08 3.18745e-08 3.39265e-08 3.13511e-08 2.3691e-08 1.41279e-08 6.87276e-09 3.13764e-09 1.68078e-09 1.20879e-09 1.10971e-09 1.14156e-09 1.24245e-09 1.43917e-09 1.78609e-09 2.4419e-09 4.27232e-09 9.69215e-09 2.1219e-08 3.6717e-08 4.72771e-08 4.70221e-08 3.97974e-08 3.34533e-08 3.39358e-08 4.08631e-08 5.17376e-08 6.7125e-08 8.33076e-08 8.82838e-08 7.69352e-08 5.67406e-08 3.69961e-08 2.20538e-08 1.21592e-08 5.9645e-09 2.08684e-09 2.08684e-09 
1.34704e-09 4.82971e-09 1.09148e-08 2.11326e-08 3.75904e-08 6.12426e-08 8.85988e-08 1.08746e-07 1.08287e-07 8.63008e-08 5.83352e-08 3.90252e-08 3.06897e-08 2.95035e-08 3.28147e-08 3.70693e-08 3.77891e-08 3.21346e-08 2.15451e-08 1.13809e-08 5.17248e-09 2.41904e-09 1.37722e-09 9.83681e-10 8.56476e-10 8.82963e-10 1.04828e-09 1.36313e-09 1.89074e-09 3.07185e-09 6.5728e-09 1.52878e-08 3.03182e-08 4.56147e-08 5.14094e-08 4.6559e-08 3.82118e-08 3.40811e-08 3.73757e-08 4.60039e-08 5.97932e-08 7.91547e-08 9.41236e-08 9.17285e-08 7.34662e-08 5.05436e-08 3.1208e-08 1.77613e-08 9.27027e-09 4.03416e-09 1.0267e-09 
2.79346e-09 7.58131e-09 1.56586e-08 2.91178e-08 4.9935e-08 7.7417e-08 1.04099e-07 1.15421e-07 1.0186e-07 7.30901e-08 4.80631e-08 3.51658e-08 3.12731e-08 3.29984e-08 3.81374e-08 4.21519e-08 4.01485e-08 3.051e-08 1.79205e-08 8.5491e-09 3.79698e-09 1.88042e-09 1.10971e-09 7.49749e-10 6.15977e-10 7.03679e-10 9.8361e-10 1.43917e-09 2.26866e-09 4.44886e-09 1.03843e-08 2.27594e-08 3.97581e-08 5.18291e-08 5.19238e-08 4.40701e-08 3.65972e-08 3.54931e-08 4.10521e-08 5.20683e-08 7.06644e-08 9.26114e-08 1.0197e-07 9.04322e-08 6.67502e-08 4.31182e-08 2.53487e-08 1.37751e-08 6.68718e-09 2.36053e-09 2.36053e-09 
1.32522e-09 4.87595e-09 1.11491e-08 2.17341e-08 3.89395e-08 6.39575e-08 9.31898e-08 1.14613e-07 1.13292e-07 8.89521e-08 5.97974e-08 4.12434e-08 3.3905e-08 3.32293e-08 3.7585e-08 4.37972e-08 4.61332e-08 3.98195e-08 2.64601e-08 1.37129e-08 6.11911e-09 2.78229e-09 1.46862e-09 8.56476e-10 5.04929e-10 4.0979e-10 6.36528e-10 1.04828e-09 1.69103e-09 3.0754e-09 6.84228e-09 1.58333e-08 3.13598e-08 4.75704e-08 5.41181e-08 4.94061e-08 4.07351e-08 3.56656e-08 3.7458e-08 4.52163e-08 6.05852e-08 8.45812e-08 1.04818e-07 1.04553e-07 8.43501e-08 5.78006e-08 3.53271e-08 1.98581e-08 1.02495e-08 4.44882e-09 1.15582e-09 
2.7342e-09 7.55416e-09 1.56777e-08 2.92434e-08 5.0353e-08 7.84556e-08 1.05924e-07 1.17425e-07 1.03043e-07 7.37668e-08 4.96183e-08 3.77639e-08 3.41483e-08 3.6336e-08 4.29296e-08 4.89161e-08 4.76191e-08 3.62097e-08 2.09431e-08 9.80967e-09 4.28033e-09 2.06741e-09 1.14156e-09 6.15977e-10 2.54329e-10 3.12906e-10 7.03679e-10 1.24245e-09 2.18218e-09 4.49443e-09 1.04493e-08 2.2663e-08 3.95606e-08 5.19272e-08 5.255e-08 4.51416e-08 3.7632e-08 3.55919e-08 3.98643e-08 5.11043e-08 7.28281e-08 9.95484e-08 1.12393e-07 1.00849e-07 7.45304e-08 4.78716e-08 2.78868e-08 1.50074e-08 7.23969e-09 2.58385e-09 2.58385e-09 
1.25878e-09 4.74138e-09 1.09086e-08 2.12647e-08 3.80906e-08 6.2639e-08 9.15148e-08 1.12885e-07 1.11767e-07 8.80698e-08 6.04518e-08 4.33921e-08 3.62288e-08 3.5393e-08 4.0464e-08 4.83169e-08 5.21268e-08 4.54346e-08 2.99683e-08 1.52824e-08 6.70258e-09 3.00596e-09 1.57309e-09 8.82963e-10 4.0979e-10 2.53351e-11 4.0979e-10 8.82963e-10 1.57309e-09 3.00596e-09 6.70258e-09 1.52824e-08 2.99683e-08 4.54346e-08 5.21268e-08 4.83169e-08 4.0464e-08 3.5393e-08 3.62288e-08 4.33921e-08 6.04518e-08 8.80698e-08 1.11767e-07 1.12885e-07 9.15148e-08 6.2639e-08 3.80906e-08 2.12647e-08 1.09086e-08 4.74138e-09 1.25878e-09 
2.58385e-09 7.23969e-09 1.50074e-08 2.78868e-08 4.78716e-08 7.45304e-08 1.00849e-07 1.12393e-07 9.95484e-08 7.28281e-08 5.11043e-08 3.98643e-08 3.55919e-08 3.7632e-08 4.51416e-08 5.255e-08 5.19272e-08 3.95606e-08 2.2663e-08 1.04493e-08 4.49443e-09 2.18218e-09 1.24245e-09 7.03679e-10 3.12906e-10 2.54329e-10 6.15977e-10 1.14156e-09 2.06741e-09 4.28033e-09 9.80967e-09 2.09431e-08 3.62097e-08 4.76191e-08 4.89161e-08 4.29296e-08 3.6336e-08 3.41483e-08 3.77639e-08 4.96183e-08 7.37668e-08 1.03043e-07 1.17425e-07 1.05924e-07 7.84556e-08 5.0353e-08 2.92434e-08 1.56777e-08 7.55416e-09 2.7342e-09 2.7342e-09 
1.15582e-09 4.44882e-09 1.02495e-08 1.98581e-08 3.53271e-08 5.78006e-08 8.43501e-08 1.04553e-07 1.04818e-07 8.45812e-08 6.05852e-08 4.52163e-08 3.7458e-08 3.56656e-08 4.07351e-08 4.94061e-08 5.41181e-08 4.75704e-08 3.13598e-08 1.58333e-08 6.84228e-09 3.0754e-09 1.69103e-09 1.04828e-09 6.36528e-10 4.0979e-10 5.04929e-10 8.56476e-10 1.46862e-09 2.78229e-09 6.11911e-09 1.37129e-08 2.64601e-08 3.98195e-08 4.61332e-08 4.37972e-08 3.7585e-08 3.32293e-08 3.3905e-08 4.12434e-08 5.97974e-08 8.89521e-08 1.13292e-07 1.14613e-07 9.31898e-08 6.39575e-08 3.89395e-08 2.17341e-08 1.11491e-08 4.87595e-09 1.32522e-09 
2.36053e-09 6.68718e-09 1.37751e-08 2.53487e-08 4.31182e-08 6.67502e-08 9.04322e-08 1.0197e-07 9.26114e-08 7.06644e-08 5.20683e-08 4.10521e-08 3.54931e-08 3.65972e-08 4.40701e-08 5.19238e-08 5.18291e-08 3.97581e-08 2.27594e-08 1.03843e-08 4.44886e-09 2.26866e-09 1.43917e-09 9.8361e-10 7.03679e-10 6.15977e-10 7.49749e-10 1.10971e-09 1.88042e-09 3.79698e-09 8.5491e-09 1.79205e-08 3.051e-08 4.01485e-08 4.21519e-08 3.81374e-08 3.29984e-08 3.12731e-08 3.51658e-08 4.80631e-08 7.30901e-08 1.0186e-07 1.15421e-07 1.04099e-07 7.7417e-08 4.9935e-08 2.91178e-08 1.56586e-08 7.58131e-09 2.79346e-09 2.79346e-09 
1.0267e-09 4.03416e-09 9.27027e-09 1.77613e-08 3.1208e-08 5.05436e-08 7.34662e-08 9.17285e-08 9.41236e-08 7.91547e-08 5.97932e-08 4.60039e-08 3.73757e-08 3.40811e-08 3.82118e-08 4.6559e-08 5.14094e-08 4.56147e-08 3.03182e-08 1.52878e-08 6.5728e-09 3.07185e-09 1.89074e-09 1.36313e-09 1.04828e-09 8.82963e-10 8.56476e-10 9.83681e-10 1.37722e-09 2.41904e-09 5.17248e-09 1.13809e-08 2.15451e-08 3.21346e-08 3.77891e-08 3.70693e-08 3.28147e-08 2.95035e-08 3.06897e-08 3.90252e-08 5.83352e-08 8.63008e-08 1.08287e-07 1.08746e-07 8.85988e-08 6.12426e-08 3.75904e-08 2.11326e-08 1.09148e-08 4.82971e-09 1.34704e-09 
2.08684e-09 5.9645e-09 1.21592e-08 2.20538e-08 3.69961e-08 5.67406e-08 7.69352e-08 8.82838e-08 8.33076e-08 6.7125e-08 5.17376e-08 4.08631e-08 3.39358e-08 3.34533e-08 3.97974e-08 4.70221e-08 4.72771e-08 3.6717e-08 2.1219e-08 9.69215e-09 4.27232e-09 2.4419e-09 1.78609e-09 1.43917e-09 1.24245e-09 1.14156e-09 1.10971e-09 1.20879e-09 1.68078e-09 3.13764e-09 6.87276e-09 1.41279e-08 2.3691e-08 3.13511e-08 3.39265e-08 3.18745e-08 2.83031e-08 2.73104e-08 3.21626e-08 4.60772e-08 6.99895e-08 9.52908e-08 1.06088e-07 9.52932e-08 7.13249e-08 4.65146e-08 2.74358e-08 1.49099e-08 7.30158e-09 2.75091e-09 2.75091e-09 
8.82657e-10 3.54012e-09 8.08993e-09 1.52679e-08 2.63884e-08 4.21512e-08 6.09051e-08 7.67518e-08 8.12487e-08 7.20162e-08 5.74581e-08 4.52033e-08 3.59367e-08 3.1038e-08 3.34154e-08 4.03639e-08 4.46647e-08 4.00486e-08 2.70573e-08 1.3805e-08 6.08432e-09 3.17683e-09 2.27582e-09 1.89074e-09 1.69103e-09 1.57309e-09 1.46862e-09 1.37722e-09 1.44242e-09 2.05951e-09 4.06066e-09 8.68639e-09 1.61518e-08 2.40327e-08 2.89484e-08 2.9563e-08 2.71244e-08 2.48819e-08 2.68492e-08 3.63627e-08 5.52214e-08 7.95597e-08 9.69981e-08 9.60673e-08 7.842e-08 5.48352e-08 3.41626e-08 1.94903e-08 1.02091e-08 4.59813e-09 1.3197e-09 
1.78673e-09 5.14609e-09 1.03506e-08 1.84411e-08 3.04114e-08 4.60989e-08 6.25336e-08 7.32739e-08 7.2374e-08 6.18646e-08 4.96261e-08 3.91965e-08 3.12854e-08 2.89391e-08 3.3299e-08 3.90788e-08 3.94693e-08 3.11479e-08 1.8372e-08 8.62901e-09 4.22489e-09 2.88422e-09 2.4419e-09 2.26866e-09 2.18218e-09 2.06741e-09 1.88042e-09 1.68078e-09 1.71905e-09 2.55252e-09 5.13033e-09 1.02516e-08 1.70499e-08 2.29419e-08 2.57971e-08 2.53008e-08 2.31417e-08 2.28903e-08 2.87006e-08 4.28487e-08 6.387e-08 8.37905e-08 9.09124e-08 8.11343e-08 6.12579e-08 4.0611e-08 2.44001e-08 1.34995e-08 6.73255e-09 2.6057e-09 2.6057e-09 
7.34617e-10 3.01012e-09 6.8269e-09 1.26573e-08 2.14615e-08 3.37371e-08 4.83981e-08 6.15818e-08 6.74621e-08 6.32552e-08 5.32192e-08 4.27441e-08 3.34414e-08 2.72649e-08 2.74653e-08 3.23268e-08 3.56123e-08 3.22336e-08 2.22528e-08 1.17169e-08 5.68817e-09 3.69208e-09 3.17683e-09 3.07185e-09 3.0754e-09 3.00596e-09 2.78229e-09 2.41904e-09 2.05951e-09 2.07918e-09 3.16847e-09 6.19e-09 1.12544e-08 1.68974e-08 2.10445e-08 2.24835e-08 2.14842e-08 2.02169e-08 2.28288e-08 3.28027e-08 4.98304e-08 6.91086e-08 8.12083e-08 7.90124e-08 6.46334e-08 4.58804e-08 2.91818e-08 1.70132e-08 9.10178e-09 4.19802e-09 1.24338e-09 
1.48274e-09 4.3021e-09 8.52047e-09 1.48803e-08 2.40803e-08 3.60315e-08 4.88609e-08 5.84557e-08 6.04776e-08 5.47859e-08 4.56958e-08 3.63185e-08 2.81215e-08 2.40939e-08 2.60736e-08 2.99934e-08 3.02552e-08 2.42192e-08 1.47042e-08 7.50498e-09 4.75442e-09 4.22489e-09 4.27232e-09 4.44886e-09 4.49443e-09 4.28033e-09 3.79698e-09 3.13764e-09 2.55252e-09 2.54704e-09 3.86299e-09 7.05825e-09 1.16299e-08 1.60502e-08 1.88317e-08 1.93526e-08 1.83651e-08 1.87588e-08 2.48855e-08 3.79688e-08 5.49509e-08 6.90321e-08 7.27058e-08 6.43857e-08 4.91114e-08 3.32313e-08 2.04571e-08 1.15994e-08 5.92997e-09 2.36838e-09 2.36838e-09 
5.92101e-10 2.48306e-09 5.58278e-09 1.01522e-08 1.68645e-08 2.60641e-08 3.70918e-08 4.75914e-08 5.3839e-08 5.32534e-08 4.71543e-08 3.88571e-08 3.03008e-08 2.35229e-08 2.16441e-08 2.42051e-08 2.62426e-08 2.3771e-08 1.66982e-08 9.36514e-09 6.00641e-09 5.68817e-09 6.08432e-09 6.5728e-09 6.84228e-09 6.70258e-09 6.11911e-09 5.17248e-09 4.06066e-09 3.16847e-09 3.11052e-09 4.5529e-09 7.6416e-09 1.1518e-08 1.48484e-08 1.66152e-08 1.66329e-08 1.62325e-08 1.9112e-08 2.83411e-08 4.23752e-08 5.63096e-08 6.36222e-08 6.07262e-08 4.97802e-08 3.59458e-08 2.34371e-08 1.40416e-08 7.72035e-09 3.66699e-09 1.12365e-09 
1.19371e-09 3.49044e-09 6.79998e-09 1.16294e-08 1.84552e-08 2.72443e-08 3.68903e-08 4.49287e-08 4.84397e-08 4.62973e-08 4.02202e-08 3.25163e-08 2.48572e-08 1.9792e-08 1.9536e-08 2.15754e-08 2.1433e-08 1.71429e-08 1.08155e-08 7.24912e-09 7.50498e-09 8.62901e-09 9.69215e-09 1.03843e-08 1.04493e-08 9.80967e-09 8.5491e-09 6.87276e-09 5.13033e-09 3.86299e-09 3.72021e-09 5.16129e-09 7.94962e-09 1.10997e-08 1.35363e-08 1.4602e-08 1.45224e-08 1.54154e-08 2.09965e-08 3.18015e-08 4.43449e-08 5.33169e-08 5.45098e-08 4.78857e-08 3.69156e-08 2.55484e-08 1.61774e-08 9.44998e-09 4.98e-09 2.0605e-09 2.0605e-09 
4.6243e-10 1.98956e-09 4.4328e-09 7.90155e-09 1.28545e-08 1.95286e-08 2.75524e-08 3.55655e-08 4.13197e-08 4.27955e-08 3.97785e-08 3.38399e-08 2.66967e-08 2.01592e-08 1.68594e-08 1.74127e-08 1.82514e-08 1.6234e-08 1.15653e-08 8.28461e-09 9.36514e-09 1.17169e-08 1.3805e-08 1.52878e-08 1.58333e-08 1.52824e-08 1.37129e-08 1.13809e-08 8.68639e-09 6.19e-09 4.5529e-09 4.31175e-09 5.64528e-09 8.04416e-09 1.05377e-08 1.22903e-08 1.29388e-08 1.32372e-08 1.59602e-08 2.34202e-08 3.38539e-08 4.30359e-08 4.68486e-08 4.39071e-08 3.60632e-08 2.6498e-08 1.77443e-08 1.09639e-08 6.22454e-09 3.0584e-09 9.71373e-10 
9.33317e-10 2.75248e-09 5.27338e-09 8.83048e-09 1.37438e-08 2.00159e-08 2.70272e-08 3.3367e-08 3.71875e-08 3.7228e-08 3.37173e-08 2.79712e-08 2.14913e-08 1.62822e-08 1.45244e-08 1.51405e-08 1.46373e-08 1.17196e-08 9.07215e-09 1.08155e-08 1.47042e-08 1.8372e-08 2.1219e-08 2.27594e-08 2.2663e-08 2.09431e-08 1.79205e-08 1.41279e-08 1.02516e-08 7.05825e-09 5.16129e-09 4.83403e-09 6.00851e-09 8.0185e-09 9.96971e-09 1.12255e-08 1.17476e-08 1.29132e-08 1.73247e-08 2.52166e-08 3.36032e-08 3.87545e-08 3.85768e-08 3.36427e-08 2.61988e-08 1.85451e-08 1.20976e-08 7.30327e-09 3.98304e-09 1.71194e-09 1.71194e-09 
3.50304e-10 1.55034e-09 3.42344e-09 5.9824e-09 9.53441e-09 1.42429e-08 1.99142e-08 2.57951e-08 3.05797e-08 3.28576e-08 3.19013e-08 2.81126e-08 2.26364e-08 1.69665e-08 1.3207e-08 1.26108e-08 1.28777e-08 1.15583e-08 9.72609e-09 1.15653e-08 1.66982e-08 2.22528e-08 2.70573e-08 3.03182e-08 3.13598e-08 2.99683e-08 2.64601e-08 2.15451e-08 1.61518e-08 1.12544e-08 7.6416e-09 5.64528e-09 5.27798e-09 6.30392e-09 7.97102e-09 9.48253e-09 1.04075e-08 1.1122e-08 1.33676e-08 1.86296e-08 2.55272e-08 3.0988e-08 3.26325e-08 3.01111e-08 2.47812e-08 1.85088e-08 1.27249e-08 8.11812e-09 4.77128e-09 2.43203e-09 8.01319e-10 
7.09627e-10 2.11249e-09 3.98147e-09 6.53144e-09 9.97608e-09 1.43364e-08 1.92821e-08 2.40309e-08 2.74638e-08 2.85505e-08 2.68985e-08 2.29748e-08 1.78583e-08 1.31379e-08 1.08733e-08 1.10804e-08 1.1092e-08 1.02664e-08 1.17196e-08 1.71429e-08 2.42192e-08 3.11479e-08 3.6717e-08 3.97581e-08 3.95606e-08 3.62097e-08 3.051e-08 2.3691e-08 1.70499e-08 1.16299e-08 7.94962e-09 6.00851e-09 5.68365e-09 6.59497e-09 7.95554e-09 9.10459e-09 9.87488e-09 1.10292e-08 1.40722e-08 1.91048e-08 2.40772e-08 2.66845e-08 2.59687e-08 2.25211e-08 1.7702e-08 1.27963e-08 8.59298e-09 5.36486e-09 3.03344e-09 1.35591e-09 1.35591e-09 
2.57784e-10 1.17626e-09 2.57541e-09 4.41499e-09 6.89882e-09 1.01406e-08 1.40489e-08 1.82207e-08 2.19186e-08 2.42277e-08 2.44073e-08 2.22678e-08 1.83102e-08 1.36272e-08 9.99699e-09 9.23216e-09 1.00511e-08 1.03936e-08 1.15583e-08 1.6234e-08 2.3771e-08 3.22336e-08 4.00486e-08 4.56147e-08 4.75704e-08 4.54346e-08 3.98195e-08 3.21346e-08 2.40327e-08 1.68974e-08 1.1518e-08 8.04416e-09 6.30392e-09 6.09758e-09 6.89929e-09 7.96663e-09 8.83355e-09 9.61963e-09 1.12236e-08 1.44238e-08 1.83668e-08 2.11972e-08 2.16618e-08 1.97424e-08 1.62894e-08 1.23478e-08 8.69777e-09 5.72262e-09 3.4823e-09 1.84274e-09 6.29633e-10 
5.25478e-10 1.57981e-09 2.93131e-09 4.71542e-09 7.07494e-09 1.0038e-08 1.34375e-08 1.68513e-08 1.96247e-08 2.10256e-08 2.05183e-08 1.80349e-08 1.41021e-08 9.90241e-09 7.55842e-09 8.26111e-09 9.68512e-09 1.1092e-08 1.46373e-08 2.1433e-08 3.02552e-08 3.94693e-08 4.72771e-08 5.18291e-08 5.19272e-08 4.76191e-08 4.01485e-08 3.13511e-08 2.29419e-08 1.60502e-08 1.10997e-08 8.0185e-09 6.59497e-09 6.51918e-09 7.18099e-09 7.9722e-09 8.65093e-09 9.53657e-09 1.1322e-08 1.40187e-08 1.65025e-08 1.75557e-08 1.67515e-08 1.44747e-08 1.14782e-08 8.45458e-09 5.83008e-09 3.75824e-09 2.20187e-09 1.02281e-09 1.02281e-09 
1.84669e-10 8.69929e-10 1.88964e-09 3.18128e-09 4.8797e-09 7.06483e-09 9.70041e-09 1.25789e-08 1.5295e-08 1.72863e-08 1.79678e-08 1.69413e-08 1.42059e-08 1.03085e-08 6.63761e-09 5.92522e-09 7.94194e-09 1.00511e-08 1.28777e-08 1.82514e-08 2.62426e-08 3.56123e-08 4.46647e-08 5.14094e-08 5.41181e-08 5.21268e-08 4.61332e-08 3.77891e-08 2.89484e-08 2.10445e-08 1.48484e-08 1.05377e-08 7.97102e-09 6.89929e-09 6.89964e-09 7.38903e-09 7.94105e-09 8.50326e-09 9.41995e-09 1.09891e-08 1.27915e-08 1.39315e-08 1.38148e-08 1.246e-08 1.03144e-08 7.9245e-09 5.70366e-09 3.85912e-09 2.42625e-09 1.33093e-09 4.70802e-10 
3.79596e-10 1.15244e-09 2.10739e-09 3.32879e-09 4.91261e-09 6.8877e-09 9.17569e-09 1.15565e-08 1.36603e-08 1.50108e-08 1.5133e-08 1.37144e-08 1.07795e-08 6.8813e-09 3.88464e-09 5.32818e-09 8.26111e-09 1.10804e-08 1.51405e-08 2.15754e-08 2.99934e-08 3.90788e-08 4.70221e-08 5.19238e-08 5.255e-08 4.89161e-08 4.21519e-08 3.39265e-08 2.57971e-08 1.88317e-08 1.35363e-08 9.96971e-09 7.95554e-09 7.18099e-09 7.18194e-09 7.48594e-09 7.83798e-09 8.28525e-09 9.04512e-09 1.00949e-08 1.09727e-08 1.11503e-08 1.04294e-08 8.98623e-09 7.18686e-09 5.38313e-09 3.79992e-09 2.521e-09 1.5263e-09 7.34915e-10 7.34915e-10 
1.29125e-10 6.27855e-10 1.35386e-09 2.24163e-09 3.38047e-09 4.82722e-09 6.57385e-09 8.51965e-09 1.04503e-08 1.20385e-08 1.28807e-08 1.25811e-08 1.08768e-08 7.78964e-09 3.85572e-09 2.45053e-09 5.92522e-09 9.23216e-09 1.26108e-08 1.74127e-08 2.42051e-08 3.23268e-08 4.03639e-08 4.6559e-08 4.94061e-08 4.83169e-08 4.37972e-08 3.70693e-08 2.9563e-08 2.24835e-08 1.66152e-08 1.22903e-08 9.48253e-09 7.96663e-09 7.38903e-09 7.32756e-09 7.44494e-09 7.60708e-09 7.86585e-09 8.2901e-09 8.74555e-09 8.91305e-09 8.54168e-09 7.61674e-09 6.32446e-09 4.91933e-09 3.60861e-09 2.50203e-09 1.61929e-09 9.17712e-10 3.35102e-10 
2.67979e-10 8.20972e-10 1.48147e-09 2.3018e-09 3.34703e-09 4.6436e-09 6.16023e-09 7.7889e-09 9.33175e-09 1.05038e-08 1.09623e-08 1.03716e-08 8.51062e-09 5.44124e-09 2.1235e-09 3.88464e-09 7.55842e-09 1.08733e-08 1.45244e-08 1.9536e-08 2.60736e-08 3.3299e-08 3.97974e-08 4.40701e-08 4.51416e-08 4.29296e-08 3.81374e-08 3.18745e-08 2.53008e-08 1.93526e-08 1.4602e-08 1.12255e-08 9.10459e-09 7.9722e-09 7.48594e-09 7.31283e-09 7.23352e-09 7.17581e-09 7.16242e-09 7.19982e-09 7.17804e-09 6.91761e-09 6.3164e-09 5.41764e-09 4.36531e-09 3.31912e-09 2.3912e-09 1.62635e-09 1.01332e-09 5.0368e-10 5.0368e-10 
8.8393e-11 4.42773e-10 9.4841e-10 1.54714e-09 2.29836e-09 3.24298e-09 4.38653e-09 5.68591e-09 7.03609e-09 8.26124e-09 9.11771e-09 9.31831e-09 8.59236e-09 6.82037e-09 4.42949e-09 3.85572e-09 6.63761e-09 9.99699e-09 1.3207e-08 1.68594e-08 2.16441e-08 2.74653e-08 3.34154e-08 3.82118e-08 4.07351e-08 4.0464e-08 3.7585e-08 3.28147e-08 2.71244e-08 2.14842e-08 1.66329e-08 1.29388e-08 1.04075e-08 8.83355e-09 7.94105e-09 7.44494e-09 7.11249e-09 6.80951e-09 6.49838e-09 6.20414e-09 5.93606e-09 5.62554e-09 5.17375e-09 4.5408e-09 3.77299e-09 2.96612e-09 2.21252e-09 1.56671e-09 1.0393e-09 6.05703e-10 2.27408e-10 
1.85236e-10 5.71895e-10 1.02001e-09 1.56219e-09 2.24303e-09 3.08551e-09 4.08272e-09 5.18844e-09 6.30753e-09 7.29016e-09 7.93639e-09 8.02378e-09 7.39039e-09 6.17651e-09 5.44124e-09 6.8813e-09 9.90241e-09 1.31379e-08 1.62822e-08 1.9792e-08 2.40939e-08 2.89391e-08 3.34533e-08 3.65972e-08 3.7632e-08 3.6336e-08 3.29984e-08 2.83031e-08 2.31417e-08 1.83651e-08 1.45224e-08 1.17476e-08 9.87488e-09 8.65093e-09 7.83798e-09 7.23352e-09 6.69375e-09 6.14974e-09 5.60806e-09 5.11347e-09 4.67586e-09 4.24443e-09 3.75609e-09 3.19136e-09 2.58329e-09 1.9895e-09 1.45889e-09 1.0134e-09 6.46732e-10 3.30148e-10 3.30148e-10 
5.94335e-11 3.05577e-10 6.50666e-10 1.048e-09 1.53735e-09 2.14859e-09 2.8931e-09 3.75846e-09 4.70175e-09 5.64319e-09 6.46422e-09 7.01848e-09 7.17636e-09 6.95632e-09 6.82037e-09 7.78964e-09 1.03085e-08 1.36272e-08 1.69665e-08 2.01592e-08 2.35229e-08 2.72649e-08 3.1038e-08 3.40811e-08 3.56656e-08 3.5393e-08 3.32293e-08 2.95035e-08 2.48819e-08 2.02169e-08 1.62325e-08 1.32372e-08 1.1122e-08 9.61963e-09 8.50326e-09 7.60708e-09 6.80951e-09 6.04081e-09 5.29428e-09 4.61153e-09 4.03118e-09 3.54564e-09 3.10556e-09 2.6626e-09 2.20246e-09 1.7443e-09 1.31968e-09 9.51462e-10 6.44254e-10 3.84099e-10 1.4758e-10 
1.25634e-10 3.9025e-10 6.89202e-10 1.04314e-09 1.48297e-09 2.02819e-09 2.68399e-09 3.43789e-09 4.2555e-09 5.07811e-09 5.82725e-09 6.42818e-09 6.87814e-09 7.39039e-09 8.51062e-09 1.07795e-08 1.41021e-08 1.78583e-08 2.14913e-08 2.48572e-08 2.81215e-08 3.12854e-08 3.39358e-08 3.54931e-08 3.55919e-08 3.41483e-08 3.12731e-08 2.73104e-08 2.28903e-08 1.87588e-08 1.54154e-08 1.29132e-08 1.10292e-08 9.53657e-09 8.28525e-09 7.17581e-09 6.14974e-09 5.1965e-09 4.34507e-09 3.63036e-09 3.06084e-09 2.60658e-09 2.2169e-09 1.85155e-09 1.49761e-09 1.16416e-09 8.66443e-10 6.12611e-10 3.98588e-10 2.07791e-10 2.07791e-10 
3.93815e-11 2.06793e-10 4.38103e-10 6.98436e-10 1.01469e-09 1.40897e-09 1.89463e-09 2.47511e-09 3.14232e-09 3.87547e-09 4.64407e-09 5.42176e-09 6.22325e-09 7.17636e-09 8.59236e-09 1.08768e-08 1.42059e-08 1.83102e-08 2.26364e-08 2.66967e-08 3.03008e-08 3.34414e-08 3.59367e-08 3.73757e-08 3.7458e-08 3.62288e-08 3.3905e-08 3.06897e-08 2.68492e-08 2.28288e-08 1.9112e-08 1.59602e-08 1.33676e-08 1.12236e-08 9.41995e-09 7.86585e-09 6.49838e-09 5.29428e-09 4.26188e-09 3.41531e-09 2.75408e-09 2.25367e-09 1.86899e-09 1.55141e-09 1.26763e-09 1.00593e-09 7.69117e-10 5.62856e-10 3.87558e-10 2.35151e-10 9.19926e-11 
8.38094e-11 2.61456e-10 4.58173e-10 6.87357e-10 9.70742e-10 1.32461e-09 1.75973e-09 2.28146e-09 2.89015e-09 3.58413e-09 4.36937e-09 5.28204e-09 6.42818e-09 8.02378e-09 1.03716e-08 1.37144e-08 1.80349e-08 2.29748e-08 2.79712e-08 3.25163e-08 3.63185e-08 3.91965e-08 4.08631e-08 4.10521e-08 3.98643e-08 3.77639e-08 3.51658e-08 3.21626e-08 2.87006e-08 2.48855e-08 2.09965e-08 1.73247e-08 1.40722e-08 1.1322e-08 9.04512e-09 7.16242e-09 5.60806e-09 4.34507e-09 3.34791e-09 2.58766e-09 2.02671e-09 1.61863e-09 1.31345e-09 1.06839e-09 8.56841e-10 6.68709e-10 5.03287e-10 3.61011e-10 2.38467e-10 1.26236e-10 1.26236e-10 
2.58004e-11 1.37563e-10 2.90275e-10 4.59344e-10 6.63174e-10 9.1837e-10 1.23825e-09 1.63394e-09 2.11586e-09 2.69696e-09 3.40035e-09 4.27512e-09 5.42176e-09 7.01848e-09 9.31831e-09 1.25811e-08 1.69413e-08 2.22678e-08 2.81126e-08 3.38399e-08 3.88571e-08 4.27441e-08 4.52033e-08 4.60039e-08 4.52163e-08 4.33921e-08 4.12434e-08 3.90252e-08 3.63627e-08 3.28027e-08 2.83411e-08 2.34202e-08 1.86296e-08 1.44238e-08 1.09891e-08 8.2901e-09 6.20414e-09 4.61153e-09 3.41531e-09 2.53525e-09 1.90221e-09 1.45518e-09 1.13951e-09 9.0818e-10 7.26159e-10 5.73047e-10 4.40489e-10 3.26012e-10 2.27472e-10 1.39795e-10 5.53925e-11 
5.51402e-11 1.72471e-10 3.00608e-10 4.4852e-10 6.31707e-10 8.63674e-10 1.15715e-09 1.52609e-09 1.98901e-09 2.57534e-09 3.33746e-09 4.36937e-09 5.82725e-09 7.93639e-09 1.09623e-08 1.5133e-08 2.05183e-08 2.68985e-08 3.37173e-08 4.02202e-08 4.56958e-08 4.96261e-08 5.17376e-08 5.20683e-08 5.11043e-08 4.96183e-08 4.80631e-08 4.60772e-08 4.28487e-08 3.79688e-08 3.18015e-08 2.52166e-08 1.91048e-08 1.40187e-08 1.00949e-08 7.19982e-09 5.11347e-09 3.63036e-09 2.58766e-09 1.86279e-09 1.36456e-09 1.02435e-09 7.89373e-10 6.19719e-10 4.88249e-10 3.79801e-10 2.87629e-10 2.08561e-10 1.39333e-10 7.44967e-11 7.44967e-11 
1.67646e-11 9.02266e-11 1.89872e-10 2.99179e-10 4.30906e-10 5.97678e-10 8.11808e-10 1.08739e-09 1.44344e-09 1.90924e-09 2.53378e-09 3.40035e-09 4.64407e-09 6.46422e-09 9.11771e-09 1.28807e-08 1.79678e-08 2.44073e-08 3.19013e-08 3.97785e-08 4.71543e-08 5.32192e-08 5.74581e-08 5.97932e-08 6.05852e-08 6.04518e-08 5.97974e-08 5.83352e-08 5.52214e-08 4.98304e-08 4.23752e-08 3.38539e-08 2.55272e-08 1.83668e-08 1.27915e-08 8.74555e-09 5.93606e-09 4.03118e-09 2.75408e-09 1.90221e-09 1.33571e-09 9.59827e-10 7.09665e-10 5.39712e-10 4.18332e-10 3.25342e-10 2.49708e-10 1.86039e-10 1.3107e-10 8.12426e-11 3.2442e-11 
3.58895e-11 1.12397e-10 1.95352e-10 2.90963e-10 4.10439e-10 5.64881e-10 7.66993e-10 1.03388e-09 1.39149e-09 1.882e-09 2.57534e-09 3.58413e-09 5.07811e-09 7.29016e-09 1.05038e-08 1.50108e-08 2.10256e-08 2.85505e-08 3.7228e-08 4.62973e-08 5.47859e-08 6.18646e-08 6.7125e-08 7.06644e-08 7.28281e-08 7.37668e-08 7.30901e-08 6.99895e-08 6.387e-08 5.49509e-08 4.43449e-08 3.36032e-08 2.40772e-08 1.65025e-08 1.09727e-08 7.17804e-09 4.67586e-09 3.06084e-09 2.02671e-09 1.36456e-09 9.39179e-10 6.64559e-10 4.85356e-10 3.65096e-10 2.79883e-10 2.15137e-10 1.62902e-10 1.1889e-10 8.00434e-11 4.30209e-11 4.30209e-11 
1.0836e-11 5.85491e-11 1.23061e-10 1.93727e-10 2.79516e-10 3.901e-10 5.36322e-10 7.32546e-10 1.00025e-09 1.37376e-09 1.90924e-09 2.69696e-09 3.87547e-09 5.64319e-09 8.26124e-09 1.20385e-08 1.72863e-08 2.42277e-08 3.28576e-08 4.27955e-08 5.32534e-08 6.32552e-08 7.20162e-08 7.91547e-08 8.45812e-08 8.80698e-08 8.89521e-08 8.63008e-08 7.95597e-08 6.91086e-08 5.63096e-08 4.30359e-08 3.0988e-08 2.11972e-08 1.39315e-08 8.91305e-09 5.62554e-09 3.54564e-09 2.25367e-09 1.45518e-09 9.59827e-10 6.50046e-10 4.54292e-10 3.28483e-10 2.44827e-10 1.85874e-10 1.41294e-10 1.05351e-10 7.465e-11 4.64965e-11 1.86267e-11 
2.3185e-11 7.26334e-11 1.26231e-10 1.88411e-10 2.67368e-10 3.72127e-10 5.1429e-10 7.10885e-10 9.88776e-10 1.39149e-09 1.98901e-09 2.89015e-09 4.2555e-09 6.30753e-09 9.33175e-09 1.36603e-08 1.96247e-08 2.74638e-08 3.71875e-08 4.84397e-08 6.04776e-08 7.2374e-08 8.33076e-08 9.26114e-08 9.95484e-08 1.03043e-07 1.0186e-07 9.52908e-08 8.37905e-08 6.90321e-08 5.33169e-08 3.87545e-08 2.66845e-08 1.75557e-08 1.11503e-08 6.91761e-09 4.24443e-09 2.60658e-09 1.61863e-09 1.02435e-09 6.64559e-10 4.44243e-10 3.07354e-10 2.20421e-10 1.63006e-10 1.22673e-10 9.2176e-11 6.73597e-11 4.55397e-11 2.45086e-11 2.45086e-11 
6.98537e-12 3.7728e-11 7.93372e-11 1.25207e-10 1.81722e-10 2.56312e-10 3.58164e-10 5.00416e-10 7.03497e-10 1.00025e-09 1.44344e-09 2.11586e-09 3.14232e-09 4.70175e-09 7.03609e-09 1.04503e-08 1.5295e-08 2.19186e-08 3.05797e-08 4.13197e-08 5.3839e-08 6.74621e-08 8.12487e-08 9.41236e-08 1.04818e-07 1.11767e-07 1.13292e-07 1.08287e-07 9.69981e-08 8.12083e-08 6.36222e-08 4.68486e-08 3.26325e-08 2.16618e-08 1.38148e-08 8.54168e-09 5.17375e-09 3.10556e-09 1.86899e-09 1.13951e-09 7.09665e-10 4.54292e-10 3.00482e-10 2.06198e-10 1.46885e-10 1.07897e-10 8.05144e-11 5.96699e-11 4.23327e-11 2.64113e-11 1.05759e-11 
1.49149e-11 4.6722e-11 8.14182e-11 1.2224e-10 1.75225e-10 2.47601e-10 3.49343e-10 4.95682e-10 7.10885e-10 1.03388e-09 1.52609e-09 2.28146e-09 3.43789e-09 5.18844e-09 7.7889e-09 1.15565e-08 1.68513e-08 2.40309e-08 3.3367e-08 4.49287e-08 5.84557e-08 7.32739e-08 8.82838e-08 1.0197e-07 1.12393e-07 1.17425e-07 1.15421e-07 1.06088e-07 9.09124e-08 7.27058e-08 5.45098e-08 3.85768e-08 2.59687e-08 1.67515e-08 1.04294e-08 6.3164e-09 3.75609e-09 2.2169e-09 1.31345e-09 7.89373e-10 4.85356e-10 3.07354e-10 2.01548e-10 1.37396e-10 9.73391e-11 7.10743e-11 5.25541e-11 3.82217e-11 2.58521e-11 1.38918e-11 1.38918e-11 
4.50148e-12 2.42297e-11 5.10704e-11 8.10615e-11 1.18793e-10 1.6995e-10 2.42061e-10 3.4633e-10 5.00416e-10 7.32546e-10 1.08739e-09 1.63394e-09 2.47511e-09 3.75846e-09 5.68591e-09 8.51965e-09 1.25789e-08 1.82207e-08 2.57951e-08 3.55655e-08 4.75914e-08 6.15818e-08 7.67518e-08 9.17285e-08 1.04553e-07 1.12885e-07 1.14613e-07 1.08746e-07 9.60673e-08 7.90124e-08 6.07262e-08 4.39071e-08 3.01111e-08 1.97424e-08 1.246e-08 7.61674e-09 4.5408e-09 2.6626e-09 1.55141e-09 9.0818e-10 5.39712e-10 3.28483e-10 2.06198e-10 1.34275e-10 9.10568e-11 6.42232e-11 4.66237e-11 3.4079e-11 2.40828e-11 1.50073e-11 5.99387e-12 
9.5822e-12 3.00256e-11 5.26012e-11 7.97043e-11 1.15792e-10 1.66549e-10 2.40164e-10 3.49343e-10 5.1429e-10 7.66993e-10 1.15715e-09 1.75973e-09 2.68399e-09 4.08272e-09 6.16023e-09 9.17569e-09 1.34375e-08 1.92821e-08 2.70272e-08 3.68903e-08 4.88609e-08 6.25336e-08 7.69352e-08 9.04322e-08 1.00849e-07 1.05924e-07 1.04099e-07 9.52932e-08 8.11343e-08 6.43857e-08 4.78857e-08 3.36427e-08 2.25211e-08 1.44747e-08 8.98623e-09 5.41764e-09 3.19136e-09 1.85155e-09 1.06839e-09 6.19719e-10 3.65096e-10 2.20421e-10 1.37396e-10 8.89784e-11 6.00977e-11 4.22314e-11 3.04588e-11 2.1892e-11 1.47542e-11 7.90277e-12 7.90277e-12 
2.90168e-12 1.55585e-11 3.29324e-11 5.27218e-11 7.82396e-11 1.13798e-10 1.65378e-10 2.42061e-10 3.58164e-10 5.36322e-10 8.11808e-10 1.23825e-09 1.89463e-09 2.8931e-09 4.38653e-09 6.57385e-09 9.70041e-09 1.40489e-08 1.99142e-08 2.75524e-08 3.70918e-08 4.83981e-08 6.09051e-08 7.34662e-08 8.43501e-08 9.15148e-08 9.31898e-08 8.85988e-08 7.842e-08 6.46334e-08 4.97802e-08 3.60632e-08 2.47812e-08 1.62894e-08 1.03144e-08 6.32446e-09 3.77299e-09 2.20246e-09 1.26763e-09 7.26159e-10 4.18332e-10 2.44827e-10 1.46885e-10 9.10568e-11 5.87245e-11 3.95486e-11 2.76955e-11 1.97968e-11 1.38514e-11 8.59981e-12 3.42369e-12 
6.16088e-12 1.93337e-11 3.41312e-11 5.23232e-11 7.71875e-11 1.13104e-10 1.66549e-10 2.47601e-10 3.72127e-10 5.64881e-10 8.63674e-10 1.32461e-09 2.02819e-09 3.08551e-09 4.6436e-09 6.8877e-09 1.0038e-08 1.43364e-08 2.00159e-08 2.72443e-08 3.60315e-08 4.60989e-08 5.67406e-08 6.67502e-08 7.45304e-08 7.84556e-08 7.7417e-08 7.13249e-08 6.12579e-08 4.91114e-08 3.69156e-08 2.61988e-08 1.7702e-08 1.14782e-08 7.18686e-09 4.36531e-09 2.58329e-09 1.49761e-09 8.56841e-10 4.88249e-10 2.79883e-10 1.63006e-10 9.73391e-11 6.00977e-11 3.86482e-11 2.59763e-11 1.81165e-11 1.27676e-11 8.5332e-12 4.55288e-12 4.55288e-12 
1.8703e-12 1.00109e-11 2.13224e-11 3.44995e-11 5.19195e-11 7.68104e-11 1.13798e-10 1.6995e-10 2.56312e-10 3.901e-10 5.97678e-10 9.1837e-10 1.40897e-09 2.14859e-09 3.24298e-09 4.82722e-09 7.06483e-09 1.01406e-08 1.42429e-08 1.95286e-08 2.60641e-08 3.37371e-08 4.21512e-08 5.05436e-08 5.78006e-08 6.2639e-08 6.39575e-08 6.12426e-08 5.48352e-08 4.58804e-08 3.59458e-08 2.6498e-08 1.85088e-08 1.23478e-08 7.9245e-09 4.91933e-09 2.96612e-09 1.7443e-09 1.00593e-09 5.73047e-10 3.25342e-10 1.85874e-10 1.07897e-10 6.42232e-11 3.95486e-11 2.53945e-11 1.70431e-11 1.18111e-11 8.12407e-12 5.01055e-12 1.9894e-12 
3.96441e-12 1.24937e-11 2.22627e-11 3.45584e-11 5.17602e-11 7.71875e-11 1.15792e-10 1.75225e-10 2.67368e-10 4.10439e-10 6.31707e-10 9.70742e-10 1.48297e-09 2.24303e-09 3.34703e-09 4.91261e-09 7.07494e-09 9.97608e-09 1.37438e-08 1.84552e-08 2.40803e-08 3.04114e-08 3.69961e-08 4.31182e-08 4.78716e-08 5.0353e-08 4.9935e-08 4.65146e-08 4.0611e-08 3.32313e-08 2.55484e-08 1.85451e-08 1.27963e-08 8.45458e-09 5.38313e-09 3.31912e-09 1.9895e-09 1.16416e-09 6.68709e-10 3.79801e-10 2.15137e-10 1.22673e-10 7.10743e-11 4.22314e-11 2.59763e-11 1.66743e-11 1.11705e-11 7.65443e-12 5.04356e-12 2.67959e-12 2.67959e-12 
1.20157e-12 6.45589e-12 1.38617e-11 2.26683e-11 3.45556e-11 5.19195e-11 7.82396e-11 1.18793e-10 1.81722e-10 2.79516e-10 4.30906e-10 6.63174e-10 1.01469e-09 1.53735e-09 2.29836e-09 3.38047e-09 4.8797e-09 6.89882e-09 9.53441e-09 1.28545e-08 1.68645e-08 2.14615e-08 2.63884e-08 3.1208e-08 3.53271e-08 3.80906e-08 3.89395e-08 3.75904e-08 3.41626e-08 2.91818e-08 2.34371e-08 1.77443e-08 1.27249e-08 8.69777e-09 5.70366e-09 3.60861e-09 2.21252e-09 1.31968e-09 7.69117e-10 4.40489e-10 2.49708e-10 1.41294e-10 8.05144e-11 4.66237e-11 2.76955e-11 1.70431e-11 1.09464e-11 7.30658e-12 4.90278e-12 2.99188e-12 1.18557e-12 
2.548e-12 8.08937e-12 1.45371e-11 2.27835e-11 3.45584e-11 5.23232e-11 7.97043e-11 1.2224e-10 1.88411e-10 2.90963e-10 4.4852e-10 6.87357e-10 1.04314e-09 1.56219e-09 2.3018e-09 3.32879e-09 4.71542e-09 6.53144e-09 8.83048e-09 1.16294e-08 1.48803e-08 1.84411e-08 2.20538e-08 2.53487e-08 2.78868e-08 2.92434e-08 2.91178e-08 2.74358e-08 2.44001e-08 2.04571e-08 1.61774e-08 1.20976e-08 8.59298e-09 5.83008e-09 3.79992e-09 2.3912e-09 1.45889e-09 8.66443e-10 5.03287e-10 2.87629e-10 1.62902e-10 9.2176e-11 5.25541e-11 3.04588e-11 1.81165e-11 1.11705e-11 7.18063e-12 4.75531e-12 3.06943e-12 1.62033e-12 1.62033e-12 
7.6357e-13 4.15508e-12 8.97768e-12 1.47473e-11 2.26683e-11 3.44995e-11 5.27218e-11 8.10615e-11 1.25207e-10 1.93727e-10 2.99179e-10 4.59344e-10 6.98436e-10 1.048e-09 1.54714e-09 2.24163e-09 3.18128e-09 4.41499e-09 5.9824e-09 7.90155e-09 1.01522e-08 1.26573e-08 1.52679e-08 1.77613e-08 1.98581e-08 2.12647e-08 2.17341e-08 2.11326e-08 1.94903e-08 1.70132e-08 1.40416e-08 1.09639e-08 8.11812e-09 5.72262e-09 3.85912e-09 2.50203e-09 1.56671e-09 9.51462e-10 5.62856e-10 3.26012e-10 1.86039e-10 1.05351e-10 5.96699e-11 3.4079e-11 1.97968e-11 1.18111e-11 7.30658e-12 4.69586e-12 3.05843e-12 1.8375e-12 7.26867e-13 
1.62265e-12 5.17956e-12 9.26943e-12 1.45371e-11 2.22627e-11 3.41312e-11 5.26012e-11 8.14182e-11 1.26231e-10 1.95352e-10 3.00608e-10 4.58173e-10 6.89202e-10 1.02001e-09 1.48147e-09 2.10739e-09 2.93131e-09 3.98147e-09 5.27338e-09 6.79998e-09 8.52047e-09 1.03506e-08 1.21592e-08 1.37751e-08 1.50074e-08 1.56777e-08 1.56586e-08 1.49099e-08 1.34995e-08 1.15994e-08 9.44998e-09 7.30327e-09 5.36486e-09 3.75824e-09 2.521e-09 1.62635e-09 1.0134e-09 6.12611e-10 3.61011e-10 2.08561e-10 1.1889e-10 6.73597e-11 3.82217e-11 2.1892e-11 1.27676e-11 7.65443e-12 4.75531e-12 3.04557e-12 1.92111e-12 1.0055e-12 1.0055e-12 
4.73334e-13 2.61798e-12 5.54332e-12 8.97768e-12 1.38617e-11 2.13224e-11 3.29324e-11 5.10704e-11 7.93372e-11 1.23061e-10 1.89872e-10 2.90275e-10 4.38103e-10 6.50666e-10 9.4841e-10 1.35386e-09 1.88964e-09 2.57541e-09 3.42344e-09 4.4328e-09 5.58278e-09 6.8269e-09 8.08993e-09 9.27027e-09 1.02495e-08 1.09086e-08 1.11491e-08 1.09148e-08 1.02091e-08 9.10178e-09 7.72035e-09 6.22454e-09 4.77128e-09 3.4823e-09 2.42625e-09 1.61929e-09 1.0393e-09 6.44254e-10 3.87558e-10 2.27472e-10 1.3107e-10 7.465e-11 4.23327e-11 2.40828e-11 1.38514e-11 8.12407e-12 4.90278e-12 3.05843e-12 1.94101e-12 1.14999e-12 4.55125e-13 
9.98844e-13 3.03255e-12 5.17956e-12 8.08937e-12 1.24937e-11 1.93337e-11 3.00256e-11 4.6722e-11 7.26334e-11 1.12397e-10 1.72471e-10 2.61456e-10 3.9025e-10 5.71895e-10 8.20972e-10 1.15244e-09 1.57981e-09 2.11249e-09 2.75248e-09 3.49044e-09 4.3021e-09 5.14609e-09 5.9645e-09 6.68718e-09 7.23969e-09 7.55416e-09 7.58131e-09 7.30158e-09 6.73255e-09 5.92997e-09 4.98e-09 3.98304e-09 3.03344e-09 2.20187e-09 1.5263e-09 1.01332e-09 6.46732e-10 3.98588e-10 2.38467e-10 1.39333e-10 8.00434e-11 4.55397e-11 2.58521e-11 1.47542e-11 8.5332e-12 5.04356e-12 3.06943e-12 1.92111e-12 1.19435e-12 6.2598e-13 6.2598e-13 
2.82086e-13 1.40479e-12 2.61798e-12 4.15508e-12 6.45589e-12 1.00109e-11 1.55585e-11 2.42297e-11 3.7728e-11 5.85491e-11 9.02266e-11 1.37563e-10 2.06793e-10 3.05577e-10 4.42773e-10 6.27855e-10 8.69929e-10 1.17626e-09 1.55034e-09 1.98956e-09 2.48306e-09 3.01012e-09 3.54012e-09 4.03416e-09 4.44882e-09 4.74138e-09 4.87595e-09 4.82971e-09 4.59813e-09 4.19802e-09 3.66699e-09 3.0584e-09 2.43203e-09 1.84274e-09 1.33093e-09 9.17712e-10 6.05703e-10 3.84099e-10 2.35151e-10 1.39795e-10 8.12426e-11 4.64965e-11 2.64113e-11 1.50073e-11 8.59981e-12 5.01055e-12 2.99188e-12 1.8375e-12 1.14999e-12 6.87919e-13 2.8029e-13 
4.8759e-13 9.98844e-13 1.62265e-12 2.548e-12 3.96441e-12 6.16088e-12 9.5822e-12 1.49149e-11 2.3185e-11 3.58895e-11 5.51402e-11 8.38094e-11 1.25634e-10 1.85236e-10 2.67979e-10 3.79596e-10 5.25478e-10 7.09627e-10 9.33317e-10 1.19371e-09 1.48274e-09 1.78673e-09 2.08684e-09 2.36053e-09 2.58385e-09 2.7342e-09 2.79346e-09 2.75091e-09 2.6057e-09 2.36838e-09 2.0605e-09 1.71194e-09 1.35591e-09 1.02281e-09 7.34915e-10 5.0368e-10 3.30148e-10 2.07791e-10 1.26236e-10 7.44967e-11 4.30209e-11 2.45086e-11 1.38918e-11 7.90277e-12 4.55288e-12 2.67959e-12 1.62033e-12 1.0055e-12 6.2598e-13 3.47253e-13 3.47253e-13 
1.71933e-13 2.82086e-13 4.73334e-13 7.6357e-13 1.20157e-12 1.8703e-12 2.90168e-12 4.50148e-12 6.98537e-12 1.0836e-11 1.67646e-11 2.58004e-11 3.93815e-11 5.94335e-11 8.8393e-11 1.29125e-10 1.84669e-10 2.57784e-10 3.50304e-10 4.6243e-10 5.92101e-10 7.34617e-10 8.82657e-10 1.0267e-09 1.15582e-09 1.25878e-09 1.32522e-09 1.34704e-09 1.3197e-09 1.24338e-09 1.12365e-09 9.71373e-10 8.01319e-10 6.29633e-10 4.70802e-10 3.35102e-10 2.27408e-10 1.4758e-10 9.19926e-11 5.53925e-11 3.2442e-11 1.86267e-11 1.05759e-11 5.99387e-12 3.42369e-12 1.9894e-12 1.18557e-12 7.26867e-13 4.55125e-13 2.8029e-13 1.36997e-13 
