1 100 50
1.37285e-12 2.27804e-12 3.5985e-12 5.74436e-12 9.39002e-12 1.5668e-11 2.65866e-11 4.57945e-11 7.99301e-11 1.40812e-10 2.48461e-10 4.34193e-10 7.41677e-10 1.22267e-09 1.92466e-09 2.87151e-09 4.0445e-09 5.37544e-09 6.75993e-09 8.08733e-09 9.27205e-09 1.02709e-08 1.10822e-08 1.17315e-08 1.22524e-08 1.26674e-08 1.29757e-08 1.31492e-08 1.31385e-08 1.28867e-08 1.23448e-08 1.14893e-08 1.03354e-08 8.9442e-09 7.41815e-09 5.88279e-09 4.4587e-09 3.23472e-09 2.2538e-09 1.51529e-09 9.88674e-10 6.29999e-10 3.94698e-10 2.44724e-10 1.51031e-10 9.31704e-11 5.75856e-11 3.56696e-11 2.2081e-11 1.31991e-11 
2.47587e-12 4.31592e-12 7.03973e-12 1.15874e-11 1.9376e-11 3.281e-11 5.62123e-11 9.75013e-11 1.71078e-10 3.02316e-10 5.33368e-10 9.28275e-10 1.57263e-09 2.561e-09 3.96751e-09 5.80436e-09 7.98671e-09 1.03296e-08 1.25913e-08 1.45492e-08 1.60711e-08 1.71473e-08 1.78781e-08 1.84252e-08 1.89456e-08 1.95256e-08 2.01427e-08 2.06728e-08 2.09323e-08 2.07339e-08 1.9937e-08 1.84878e-08 1.64429e-08 1.39685e-08 1.13073e-08 8.71847e-09 6.4143e-09 4.51892e-09 3.06375e-09 2.01081e-09 1.286e-09 8.07031e-10 5.00418e-10 3.08493e-10 1.8994e-10 1.17051e-10 7.2106e-11 4.40998e-11 2.60145e-11 1.31991e-11 
2.27804e-12 4.75267e-12 8.19195e-12 1.35076e-11 2.24427e-11 3.76599e-11 6.38003e-11 1.09429e-10 1.90579e-10 3.36833e-10 6.00552e-10 1.06829e-09 1.8698e-09 3.17468e-09 5.16269e-09 7.95995e-09 1.15536e-08 1.57268e-08 2.00679e-08 2.40783e-08 2.73421e-08 2.96701e-08 3.11486e-08 3.20819e-08 3.28587e-08 3.37833e-08 3.49376e-08 3.61444e-08 3.70424e-08 3.72146e-08 3.63119e-08 3.41484e-08 3.07619e-08 2.64255e-08 2.15915e-08 1.67734e-08 1.24118e-08 8.78121e-09 5.97068e-09 3.92544e-09 2.51229e-09 1.57649e-09 9.76968e-10 6.01821e-10 3.70352e-10 2.28254e-10 1.40726e-10 8.61458e-11 5.09888e-11 2.60145e-11 
4.31592e-12 8.65023e-12 1.46706e-11 2.42755e-11 4.0314e-11 6.72833e-11 1.133e-10 1.93844e-10 3.38796e-10 6.04489e-10 1.09147e-09 1.96557e-09 3.47295e-09 5.92918e-09 9.65654e-09 1.48567e-08 2.14493e-08 2.89636e-08 3.65856e-08 4.33982e-08 4.87199e-08 5.23573e-08 5.46395e-08 5.62318e-08 5.78135e-08 5.97492e-08 6.19129e-08 6.37511e-08 6.45087e-08 6.34836e-08 6.02348e-08 5.47244e-08 4.73657e-08 3.89421e-08 3.03953e-08 2.25646e-08 1.59949e-08 1.08844e-08 7.15544e-09 4.57606e-09 2.86812e-09 1.77509e-09 1.09235e-09 6.72026e-10 4.1461e-10 2.56402e-10 1.57896e-10 9.46845e-11 5.09888e-11 2.2081e-11 
3.5985e-12 8.19195e-12 1.51015e-11 2.5351e-11 4.19223e-11 6.9156e-11 1.14217e-10 1.90494e-10 3.24545e-10 5.6952e-10 1.02775e-09 1.88289e-09 3.43633e-09 6.13012e-09 1.05195e-08 1.71483e-08 2.63106e-08 3.77659e-08 5.05772e-08 6.32556e-08 7.4251e-08 8.25732e-08 8.81768e-08 9.18829e-08 9.48919e-08 9.81316e-08 1.01765e-07 1.05113e-07 1.06967e-07 1.06054e-07 1.01457e-07 9.29258e-08 8.10189e-08 6.70097e-08 5.25331e-08 3.91071e-08 2.77565e-08 1.88889e-08 1.24061e-08 7.92083e-09 4.95425e-09 3.05979e-09 1.87978e-09 1.15562e-09 7.13577e-10 4.42753e-10 2.7463e-10 1.6731e-10 9.46845e-11 4.40998e-11 
7.03973e-12 1.46706e-11 2.57405e-11 4.29676e-11 7.07073e-11 1.15407e-10 1.88106e-10 3.10146e-10 5.2575e-10 9.26708e-10 1.69281e-09 3.14684e-09 5.8143e-09 1.0456e-08 1.80065e-08 2.93396e-08 4.48422e-08 6.39383e-08 8.4875e-08 1.05081e-07 1.22104e-07 1.34681e-07 1.4322e-07 1.49388e-07 1.55028e-07 1.61044e-07 1.66885e-07 1.70823e-07 1.7071e-07 1.64777e-07 1.52277e-07 1.33846e-07 1.11441e-07 8.77905e-08 6.55473e-08 4.6579e-08 3.16896e-08 2.07835e-08 1.32388e-08 8.25698e-09 5.08475e-09 3.1161e-09 1.91285e-09 1.18138e-09 7.35017e-10 4.59022e-10 2.83889e-10 1.6731e-10 8.61458e-11 3.56696e-11 
5.74436e-12 1.35076e-11 2.5351e-11 4.3366e-11 7.19869e-11 1.17468e-10 1.89338e-10 3.04295e-10 4.95703e-10 8.35845e-10 1.47997e-09 2.73584e-09 5.15398e-09 9.62249e-09 1.74104e-08 3.00418e-08 4.88702e-08 7.4345e-08 1.05245e-07 1.38443e-07 1.69687e-07 1.95317e-07 2.13975e-07 2.27049e-07 2.37448e-07 2.47516e-07 2.57457e-07 2.65168e-07 2.6727e-07 2.60546e-07 2.43213e-07 2.15748e-07 1.81e-07 1.43378e-07 1.07412e-07 7.643e-08 5.19778e-08 3.40283e-08 2.16133e-08 1.34321e-08 8.24086e-09 5.03349e-09 3.08266e-09 1.90257e-09 1.18588e-09 7.44824e-10 4.66666e-10 2.83889e-10 1.57896e-10 7.2106e-11 
1.15874e-11 2.42755e-11 4.29676e-11 7.25059e-11 1.19458e-10 1.92911e-10 3.06977e-10 4.86693e-10 7.83634e-10 1.31444e-09 2.33735e-09 4.36812e-09 8.3242e-09 1.56723e-08 2.84829e-08 4.91875e-08 7.98299e-08 1.20834e-07 1.69812e-07 2.21385e-07 2.68772e-07 3.06785e-07 3.34412e-07 3.54769e-07 3.72249e-07 3.88994e-07 4.03209e-07 4.10069e-07 4.04054e-07 3.81385e-07 3.41819e-07 2.89234e-07 2.30562e-07 1.73392e-07 1.2357e-07 8.4e-08 5.48791e-08 3.47401e-08 2.1499e-08 1.31303e-08 7.9863e-09 4.87524e-09 3.00406e-09 1.87395e-09 1.18218e-09 7.48607e-10 4.66666e-10 2.7463e-10 1.40726e-10 5.75856e-11 
9.39002e-12 2.24427e-11 4.19223e-11 7.19869e-11 1.20274e-10 1.96329e-10 3.13589e-10 4.93036e-10 7.72089e-10 1.22996e-09 2.05303e-09 3.66476e-09 6.9148e-09 1.33052e-08 2.52184e-08 4.59805e-08 7.94148e-08 1.28554e-07 1.93614e-07 2.70181e-07 3.49286e-07 4.20431e-07 4.76639e-07 5.18022e-07 5.50263e-07 5.78875e-07 6.04063e-07 6.19964e-07 6.17773e-07 5.90159e-07 5.34971e-07 4.57024e-07 3.66914e-07 2.77154e-07 1.97879e-07 1.34461e-07 8.7651e-08 5.52783e-08 3.4044e-08 2.06821e-08 1.2516e-08 7.60872e-09 4.67633e-09 2.91639e-09 1.84551e-09 1.17854e-09 7.48607e-10 4.59022e-10 2.56402e-10 1.17051e-10 
1.9376e-11 4.0314e-11 7.07073e-11 1.19458e-10 1.97695e-10 3.19462e-10 5.04882e-10 7.85286e-10 1.2166e-09 1.92004e-09 3.19103e-09 5.71557e-09 1.08741e-08 2.10928e-08 4.01944e-08 7.34669e-08 1.26866e-07 2.04849e-07 3.07089e-07 4.2578e-07 5.46353e-07 6.52961e-07 7.36663e-07 7.99778e-07 8.50974e-07 8.95101e-07 9.27177e-07 9.34594e-07 9.04238e-07 8.29839e-07 7.16457e-07 5.7979e-07 4.40158e-07 3.14949e-07 2.13956e-07 1.39151e-07 8.74045e-08 5.3542e-08 3.23326e-08 1.94516e-08 1.17654e-08 7.20549e-09 4.4879e-09 2.8452e-09 1.82872e-09 1.17854e-09 7.44824e-10 4.42753e-10 2.28254e-10 9.31704e-11 
1.5668e-11 3.76599e-11 6.9156e-11 1.17468e-10 1.96329e-10 3.21727e-10 5.14638e-10 8.05429e-10 1.24106e-09 1.90526e-09 2.98317e-09 4.93977e-09 8.87498e-09 1.70062e-08 3.32114e-08 6.35694e-08 1.16427e-07 2.0102e-07 3.23884e-07 4.83606e-07 6.66877e-07 8.50544e-07 1.01112e-06 1.13748e-06 1.23503e-06 1.31427e-06 1.37509e-06 1.40241e-06 1.37492e-06 1.27854e-06 1.11668e-06 9.11692e-07 6.96087e-07 4.99386e-07 3.39235e-07 2.20131e-07 1.3769e-07 8.38604e-08 5.03067e-08 3.00646e-08 1.80776e-08 1.1022e-08 6.84926e-09 4.34509e-09 2.80607e-09 1.82872e-09 1.18218e-09 7.35017e-10 4.1461e-10 1.8994e-10 
3.281e-11 6.72833e-11 1.15407e-10 1.92911e-10 3.19462e-10 5.18287e-10 8.21021e-10 1.27366e-09 1.94683e-09 2.96616e-09 4.61403e-09 7.61795e-09 1.37256e-08 2.64652e-08 5.19823e-08 9.9876e-08 1.83264e-07 3.16457e-07 5.09128e-07 7.5798e-07 1.04101e-06 1.32206e-06 1.56645e-06 1.75981e-06 1.90985e-06 2.02427e-06 2.09026e-06 2.07753e-06 1.95908e-06 1.73262e-06 1.42848e-06 1.09773e-06 7.90008e-07 5.36797e-07 3.47592e-07 2.1649e-07 1.31054e-07 7.80579e-08 4.63095e-08 2.76599e-08 1.67748e-08 1.03903e-08 6.58861e-09 4.26892e-09 2.80607e-09 1.84551e-09 1.18588e-09 7.13577e-10 3.70352e-10 1.51031e-10 
2.65866e-11 6.38003e-11 1.14217e-10 1.89338e-10 3.13589e-10 5.14638e-10 8.26704e-10 1.29768e-09 1.99731e-09 3.03208e-09 4.59088e-09 7.1038e-09 1.17028e-08 2.11426e-08 4.09899e-08 8.09115e-08 1.55981e-07 2.86771e-07 4.95548e-07 7.96956e-07 1.18482e-06 1.62366e-06 2.05742e-06 2.43375e-06 2.73077e-06 2.95309e-06 3.09515e-06 3.12145e-06 2.98731e-06 2.67796e-06 2.23179e-06 1.72761e-06 1.248e-06 8.48548e-07 5.48431e-07 3.40147e-07 2.04621e-07 1.20956e-07 7.11962e-08 4.22117e-08 2.54438e-08 1.56949e-08 9.938e-09 6.45193e-09 4.26892e-09 2.8452e-09 1.87395e-09 1.18138e-09 6.72026e-10 3.08493e-10 
5.62123e-11 1.133e-10 1.88106e-10 3.06977e-10 5.04882e-10 8.21021e-10 1.30625e-09 2.03304e-09 3.10712e-09 4.68925e-09 7.0637e-09 1.08841e-08 1.79022e-08 3.24272e-08 6.31725e-08 1.25238e-07 2.42187e-07 4.46305e-07 7.72577e-07 1.24403e-06 1.85062e-06 2.53596e-06 3.21232e-06 3.79568e-06 4.244e-06 4.54427e-06 4.66143e-06 4.53307e-06 4.12357e-06 3.4776e-06 2.7143e-06 1.96957e-06 1.34071e-06 8.65215e-07 5.34472e-07 3.19477e-07 1.87363e-07 1.09367e-07 6.4328e-08 3.85111e-08 2.36389e-08 1.49332e-08 9.70344e-09 6.45193e-09 4.34509e-09 2.91639e-09 1.90257e-09 1.15562e-09 6.01821e-10 2.44724e-10 
4.57945e-11 1.09429e-10 1.90494e-10 3.04295e-10 4.93036e-10 8.05429e-10 1.29768e-09 2.04555e-09 3.15842e-09 4.7963e-09 7.20176e-09 1.08021e-08 1.65875e-08 2.72531e-08 4.94884e-08 9.6823e-08 1.92681e-07 3.73768e-07 6.90975e-07 1.20016e-06 1.9394e-06 2.89408e-06 3.97398e-06 5.03667e-06 5.93469e-06 6.57572e-06 6.90281e-06 6.83888e-06 6.3228e-06 5.40307e-06 4.2569e-06 3.10548e-06 2.11768e-06 1.36525e-06 8.40257e-07 4.99073e-07 2.90318e-07 1.67992e-07 9.79781e-08 5.82221e-08 3.5538e-08 2.238e-08 1.45413e-08 9.70344e-09 6.58861e-09 4.4879e-09 3.00406e-09 1.91285e-09 1.09235e-09 5.00418e-10 
9.75013e-11 1.93844e-10 3.10146e-10 4.86693e-10 7.85286e-10 1.27366e-09 2.03304e-09 3.17605e-09 4.86706e-09 7.34749e-09 1.09824e-08 1.64118e-08 2.51278e-08 4.12494e-08 7.50753e-08 1.47432e-07 2.94402e-07 5.7306e-07 1.06439e-06 1.85965e-06 3.02488e-06 4.53993e-06 6.2542e-06 7.92165e-06 9.26165e-06 1.00743e-05 1.02302e-05 9.64101e-06 8.36324e-06 6.66063e-06 4.89045e-06 3.34339e-06 2.15469e-06 1.32192e-06 7.80291e-07 4.50164e-07 2.58157e-07 1.49239e-07 8.79824e-08 5.33713e-08 3.34832e-08 2.17366e-08 1.45413e-08 9.938e-09 6.84926e-09 4.67633e-09 3.08266e-09 1.87978e-09 9.76968e-10 3.94698e-10 
7.99301e-11 1.90579e-10 3.24545e-10 4.95703e-10 7.72089e-10 1.24106e-09 1.99731e-09 3.15842e-09 4.89093e-09 7.44046e-09 1.11694e-08 1.66242e-08 2.47568e-08 3.77984e-08 6.19928e-08 1.13043e-07 2.22699e-07 4.46158e-07 8.72299e-07 1.63209e-06 2.87858e-06 4.72962e-06 7.15287e-06 9.87604e-06 1.24451e-05 1.43083e-05 1.50773e-05 1.45737e-05 1.28744e-05 1.03857e-05 7.68599e-06 5.27337e-06 3.40028e-06 2.08099e-06 1.22109e-06 6.98637e-07 3.97008e-07 2.27424e-07 1.32962e-07 8.01186e-08 5.00454e-08 3.24387e-08 2.17366e-08 1.49332e-08 1.03903e-08 7.20549e-09 4.87524e-09 3.1161e-09 1.77509e-09 8.07031e-10 
1.71078e-10 3.38796e-10 5.2575e-10 7.83634e-10 1.2166e-09 1.94683e-09 3.10712e-09 4.86706e-09 7.47108e-09 1.12836e-08 1.68447e-08 2.49647e-08 3.70442e-08 5.63815e-08 9.23414e-08 1.68591e-07 3.33018e-07 6.69584e-07 1.31768e-06 2.49412e-06 4.46137e-06 7.42684e-06 1.13134e-05 1.55833e-05 1.93683e-05 2.161e-05 2.16935e-05 1.96412e-05 1.61041e-05 1.20386e-05 8.30102e-06 5.36173e-06 3.27675e-06 1.91235e-06 1.08517e-06 6.1105e-07 3.46803e-07 2.01011e-07 1.20269e-07 7.47665e-08 4.83631e-08 3.24387e-08 2.238e-08 1.56949e-08 1.1022e-08 7.60872e-09 5.03349e-09 3.05979e-09 1.57649e-09 6.29999e-10 
1.40812e-10 3.36833e-10 5.6952e-10 8.35845e-10 1.22996e-09 1.90526e-09 3.03208e-09 4.7963e-09 7.44046e-09 1.13199e-08 1.69703e-08 2.51882e-08 3.71599e-08 5.49095e-08 8.32329e-08 1.35981e-07 2.48322e-07 4.91697e-07 9.93653e-07 1.97637e-06 3.80861e-06 6.94223e-06 1.17157e-05 1.7893e-05 2.43581e-05 2.94737e-05 3.13679e-05 2.94813e-05 2.47338e-05 1.87461e-05 1.30191e-05 8.4379e-06 5.15699e-06 2.99579e-06 1.6865e-06 9.41173e-07 5.29225e-07 3.04046e-07 1.80587e-07 1.11691e-07 7.20714e-08 4.83631e-08 3.34832e-08 2.36389e-08 1.67748e-08 1.17654e-08 7.9863e-09 5.08475e-09 2.86812e-09 1.286e-09 
3.02316e-10 6.04489e-10 9.26708e-10 1.31444e-09 1.92004e-09 2.96616e-09 4.68925e-09 7.34749e-09 1.12836e-08 1.70078e-08 2.52979e-08 3.73124e-08 5.47536e-08 8.0471e-08 1.21267e-07 1.97255e-07 3.59826e-07 7.14726e-07 1.45746e-06 2.95177e-06 5.83732e-06 1.08662e-05 1.85022e-05 2.80432e-05 3.71905e-05 4.30562e-05 4.29016e-05 3.73262e-05 2.88898e-05 2.02856e-05 1.32264e-05 8.10148e-06 4.6903e-06 2.62089e-06 1.45018e-06 8.08046e-07 4.60125e-07 2.71251e-07 1.66879e-07 1.07391e-07 7.20714e-08 5.00454e-08 3.5538e-08 2.54438e-08 1.80776e-08 1.2516e-08 8.24086e-09 4.95425e-09 2.51229e-09 9.88674e-10 
2.48461e-10 6.00552e-10 1.02775e-09 1.47997e-09 2.05303e-09 2.98317e-09 4.59088e-09 7.20176e-09 1.11694e-08 1.69703e-08 2.53255e-08 3.73459e-08 5.46833e-08 7.97102e-08 1.16274e-07 1.73671e-07 2.80425e-07 5.10413e-07 1.02081e-06 2.11981e-06 4.42081e-06 9.02418e-06 1.70704e-05 2.89699e-05 4.28909e-05 5.43346e-05 5.90281e-05 5.44454e-05 4.36668e-05 3.12392e-05 2.05819e-05 1.26767e-05 7.32822e-06 4.06838e-06 2.23375e-06 1.23391e-06 6.965e-07 4.07539e-07 2.4939e-07 1.60036e-07 1.07391e-07 7.47665e-08 5.33713e-08 3.85111e-08 2.76599e-08 1.94516e-08 1.31303e-08 8.25698e-09 4.57606e-09 2.01081e-09 
5.33368e-10 1.09147e-09 1.69281e-09 2.33735e-09 3.19103e-09 4.61403e-09 7.0637e-09 1.09824e-08 1.68447e-08 2.52979e-08 3.73398e-08 5.45217e-08 7.91322e-08 1.14331e-07 1.64965e-07 2.43007e-07 3.87886e-07 7.05375e-07 1.43727e-06 3.09356e-06 6.71342e-06 1.40813e-05 2.66415e-05 4.41929e-05 6.25475e-05 7.39144e-05 7.46182e-05 6.35102e-05 4.70573e-05 3.16077e-05 1.96848e-05 1.13983e-05 6.29696e-06 3.43548e-06 1.88295e-06 1.05401e-06 6.12272e-07 3.72736e-07 2.38525e-07 1.60036e-07 1.11691e-07 8.01186e-08 5.82221e-08 4.22117e-08 3.00646e-08 2.06821e-08 1.34321e-08 7.92083e-09 3.92544e-09 1.51529e-09 
4.34193e-10 1.06829e-09 1.88289e-09 2.73584e-09 3.66476e-09 4.93977e-09 7.1038e-09 1.08021e-08 1.66242e-08 2.51882e-08 3.73459e-08 5.44363e-08 7.85572e-08 1.12747e-07 1.60903e-07 2.28369e-07 3.29156e-07 5.17299e-07 9.51206e-07 2.03351e-06 4.6387e-06 1.0417e-05 2.1944e-05 4.04615e-05 6.38223e-05 8.4073e-05 9.16053e-05 8.59348e-05 6.78006e-05 4.73353e-05 3.01347e-05 1.75757e-05 9.68959e-06 5.26543e-06 2.86756e-06 1.59308e-06 9.19215e-07 5.56934e-07 3.55512e-07 2.38525e-07 1.66879e-07 1.20269e-07 8.79824e-08 6.4328e-08 4.63095e-08 3.23326e-08 2.1499e-08 1.32388e-08 7.15544e-09 3.06375e-09 
9.28275e-10 1.96557e-09 3.14684e-09 4.36812e-09 5.71557e-09 7.61795e-09 1.08841e-08 1.64118e-08 2.49647e-08 3.73124e-08 5.45217e-08 7.83103e-08 1.1138e-07 1.5749e-07 2.20776e-07 3.05459e-07 4.25664e-07 6.62101e-07 1.29055e-06 3.02855e-06 7.30575e-06 1.63398e-05 3.31686e-05 5.72744e-05 8.27548e-05 0.000100806 0.000101777 8.96336e-05 6.73271e-05 4.48479e-05 2.66635e-05 1.47506e-05 8.01624e-06 4.34838e-06 2.40106e-06 1.37753e-06 8.31333e-07 5.29666e-07 3.55512e-07 2.4939e-07 1.80587e-07 1.32962e-07 9.79781e-08 7.11962e-08 5.03067e-08 3.4044e-08 2.16133e-08 1.24061e-08 5.97068e-09 2.2538e-09 
7.41677e-10 1.8698e-09 3.43633e-09 5.15398e-09 6.9148e-09 8.87498e-09 1.17028e-08 1.65875e-08 2.47568e-08 3.71599e-08 5.46833e-08 7.85572e-08 1.10831e-07 1.54708e-07 2.14267e-07 2.92383e-07 3.88669e-07 5.17394e-07 8.43681e-07 1.93624e-06 4.94072e-06 1.18755e-05 2.4632e-05 4.52465e-05 6.93133e-05 9.07295e-05 0.000103914 9.93172e-05 8.58702e-05 6.30782e-05 3.9174e-05 2.20176e-05 1.20566e-05 6.54142e-06 3.59916e-06 2.05677e-06 1.23814e-06 7.88211e-07 5.29666e-07 3.72736e-07 2.71251e-07 2.01011e-07 1.49239e-07 1.09367e-07 7.80579e-08 5.3542e-08 3.47401e-08 2.07835e-08 1.08844e-08 4.51892e-09 
1.57263e-09 3.47295e-09 5.8143e-09 8.3242e-09 1.08741e-08 1.37256e-08 1.79022e-08 2.51278e-08 3.70442e-08 5.47536e-08 7.91322e-08 1.1138e-07 1.53626e-07 2.09102e-07 2.80984e-07 3.67663e-07 4.60666e-07 6.06746e-07 1.26015e-06 3.42133e-06 8.33683e-06 1.81279e-05 3.15994e-05 4.93442e-05 6.65835e-05 8.02663e-05 8.85976e-05 8.48293e-05 7.56205e-05 5.36307e-05 3.16252e-05 1.77349e-05 9.70097e-06 5.34246e-06 3.05028e-06 1.83609e-06 1.17004e-06 7.88211e-07 5.56934e-07 4.07539e-07 3.04046e-07 2.27424e-07 1.67992e-07 1.20956e-07 8.38604e-08 5.52783e-08 3.40283e-08 1.88889e-08 8.78121e-09 3.23472e-09 
1.22267e-09 3.17468e-09 6.13012e-09 9.62249e-09 1.33052e-08 1.70062e-08 2.11426e-08 2.72531e-08 3.77984e-08 5.49095e-08 7.97102e-08 1.12747e-07 1.54708e-07 2.07132e-07 2.72053e-07 3.49168e-07 4.28485e-07 5.15122e-07 8.81838e-07 2.36256e-06 6.11273e-06 1.23016e-05 2.34144e-05 3.95366e-05 5.61815e-05 6.92802e-05 7.50011e-05 7.05968e-05 6.35641e-05 5.71141e-05 4.13346e-05 2.50515e-05 1.40235e-05 7.79466e-06 4.47042e-06 2.70182e-06 1.7287e-06 1.17004e-06 8.31333e-07 6.12272e-07 4.60125e-07 3.46803e-07 2.58157e-07 1.87363e-07 1.31054e-07 8.74045e-08 5.48791e-08 3.16896e-08 1.59949e-08 6.4143e-09 
2.561e-09 5.92918e-09 1.0456e-08 1.56723e-08 2.10928e-08 2.64652e-08 3.24272e-08 4.12494e-08 5.63815e-08 8.0471e-08 1.14331e-07 1.5749e-07 2.09102e-07 2.68693e-07 3.34779e-07 4.00827e-07 4.63384e-07 7.20911e-07 1.79223e-06 4.16721e-06 9.20817e-06 1.78182e-05 2.83793e-05 3.61944e-05 4.38094e-05 5.09356e-05 5.45398e-05 5.83449e-05 5.24986e-05 4.27099e-05 3.11439e-05 1.94179e-05 1.10399e-05 6.4183e-06 3.92278e-06 2.53293e-06 1.7287e-06 1.23814e-06 9.19215e-07 6.965e-07 5.29225e-07 3.97008e-07 2.90318e-07 2.04621e-07 1.3769e-07 8.7651e-08 5.19778e-08 2.77565e-08 1.24118e-08 4.4587e-09 
1.92466e-09 5.16269e-09 1.05195e-08 1.74104e-08 2.52184e-08 3.32114e-08 4.09899e-08 4.94884e-08 6.19928e-08 8.32329e-08 1.16274e-07 1.60903e-07 2.14267e-07 2.72053e-07 3.29412e-07 3.79678e-07 4.25714e-07 6.16739e-07 1.45725e-06 3.42001e-06 7.14446e-06 1.25978e-05 1.78592e-05 2.34417e-05 2.71052e-05 3.07997e-05 3.35869e-05 3.67298e-05 3.77791e-05 3.42863e-05 2.83017e-05 2.26868e-05 1.4786e-05 8.90253e-06 5.56489e-06 3.65827e-06 2.53293e-06 1.83609e-06 1.37753e-06 1.05401e-06 8.08046e-07 6.1105e-07 4.50164e-07 3.19477e-07 2.1649e-07 1.39151e-07 8.4e-08 4.6579e-08 2.25646e-08 8.71847e-09 
3.96751e-09 9.65654e-09 1.80065e-08 2.84829e-08 4.01944e-08 5.19823e-08 6.31725e-08 7.50753e-08 9.23414e-08 1.21267e-07 1.64965e-07 2.20776e-07 2.80984e-07 3.34779e-07 3.71833e-07 3.99046e-07 5.64914e-07 1.2048e-06 2.64559e-06 5.19052e-06 7.93649e-06 1.14526e-05 1.432e-05 1.82056e-05 2.04312e-05 2.18535e-05 2.27767e-05 2.25019e-05 2.26675e-05 2.27615e-05 2.03706e-05 1.67564e-05 1.14802e-05 7.59703e-06 5.15374e-06 3.65827e-06 2.70182e-06 2.05677e-06 1.59308e-06 1.23391e-06 9.41173e-07 6.98637e-07 4.99073e-07 3.40147e-07 2.20131e-07 1.34461e-07 7.643e-08 3.91071e-08 1.67734e-08 5.88279e-09 
2.87151e-09 7.95995e-09 1.71483e-08 3.00418e-08 4.59805e-08 6.35694e-08 8.09115e-08 9.6823e-08 1.13043e-07 1.35981e-07 1.73671e-07 2.28369e-07 2.92383e-07 3.49168e-07 3.79678e-07 3.89033e-07 5.30908e-07 1.10121e-06 2.27315e-06 3.96358e-06 5.27953e-06 7.13118e-06 9.66995e-06 1.1422e-05 1.35287e-05 1.44906e-05 1.50527e-05 1.49883e-05 1.47628e-05 1.48098e-05 1.41991e-05 1.33279e-05 1.24985e-05 9.54543e-06 6.97075e-06 5.15374e-06 3.92278e-06 3.05028e-06 2.40106e-06 1.88295e-06 1.45018e-06 1.08517e-06 7.80291e-07 5.34472e-07 3.47592e-07 2.13956e-07 1.2357e-07 6.55473e-08 3.03953e-08 1.13073e-08 
5.80436e-09 1.48567e-08 2.93396e-08 4.91875e-08 7.34669e-08 9.9876e-08 1.25238e-07 1.47432e-07 1.68591e-07 1.97255e-07 2.43007e-07 3.05459e-07 3.67663e-07 4.00827e-07 3.99046e-07 5.16906e-07 1.0324e-06 1.88754e-06 2.6471e-06 3.666e-06 5.01233e-06 6.25098e-06 7.89919e-06 8.90668e-06 9.82913e-06 1.02776e-05 1.04933e-05 1.04092e-05 1.01358e-05 9.84838e-06 9.49174e-06 9.50625e-06 1.01197e-05 8.69594e-06 6.97075e-06 5.56489e-06 4.47042e-06 3.59916e-06 2.86756e-06 2.23375e-06 1.6865e-06 1.22109e-06 8.40257e-07 5.48431e-07 3.39235e-07 1.97879e-07 1.07412e-07 5.25331e-08 2.15915e-08 7.41815e-09 
4.0445e-09 1.15536e-08 2.63106e-08 4.88702e-08 7.94148e-08 1.16427e-07 1.55981e-07 1.92681e-07 2.22699e-07 2.48322e-07 2.80425e-07 3.29156e-07 3.88669e-07 4.28485e-07 4.25714e-07 5.30908e-07 1.00898e-06 1.72678e-06 2.15833e-06 2.73114e-06 3.53113e-06 4.49026e-06 5.33105e-06 6.31662e-06 6.8737e-06 7.32864e-06 7.55104e-06 7.61582e-06 7.42253e-06 7.15513e-06 7.0182e-06 6.9428e-06 7.41734e-06 8.89474e-06 8.69594e-06 7.59703e-06 6.4183e-06 5.34246e-06 4.34838e-06 3.43548e-06 2.62089e-06 1.91235e-06 1.32192e-06 8.65215e-07 5.36797e-07 3.14949e-07 1.73392e-07 8.77905e-08 3.89421e-08 1.39685e-08 
7.98671e-09 2.14493e-08 4.48422e-08 7.98299e-08 1.26866e-07 1.83264e-07 2.42187e-07 2.94402e-07 3.33018e-07 3.59826e-07 3.87886e-07 4.25664e-07 4.60666e-07 4.63384e-07 5.64914e-07 1.0324e-06 1.67229e-06 1.8984e-06 2.24851e-06 2.72664e-06 3.26213e-06 3.90621e-06 4.4576e-06 5.02752e-06 5.37137e-06 5.61732e-06 5.69448e-06 5.63849e-06 5.48829e-06 5.35557e-06 5.29273e-06 5.48108e-06 6.33565e-06 8.89474e-06 9.54543e-06 8.90253e-06 7.79466e-06 6.54142e-06 5.26543e-06 4.06838e-06 2.99579e-06 2.08099e-06 1.36525e-06 8.48548e-07 4.99386e-07 2.77154e-07 1.43378e-07 6.70097e-08 2.64255e-08 8.9442e-09 
5.37544e-09 1.57268e-08 3.77659e-08 7.4345e-08 1.28554e-07 2.0102e-07 2.86771e-07 3.73768e-07 4.46158e-07 4.91697e-07 5.10413e-07 5.17299e-07 5.17394e-07 5.15122e-07 6.16739e-07 1.10121e-06 1.72678e-06 1.80662e-06 1.90819e-06 2.22741e-06 2.57302e-06 2.93444e-06 3.34921e-06 3.70395e-06 4.0487e-06 4.2674e-06 4.3848e-06 4.38404e-06 4.34111e-06 4.2762e-06 4.23958e-06 4.38443e-06 4.88921e-06 6.33565e-06 1.01197e-05 1.14802e-05 1.10399e-05 9.70097e-06 8.01624e-06 6.29696e-06 4.6903e-06 3.27675e-06 2.15469e-06 1.34071e-06 7.90008e-07 4.40158e-07 2.30562e-07 1.11441e-07 4.73657e-08 1.64429e-08 
1.03296e-08 2.89636e-08 6.39383e-08 1.20834e-07 2.04849e-07 3.16457e-07 4.46305e-07 5.7306e-07 6.69584e-07 7.14726e-07 7.05375e-07 6.62101e-07 6.06746e-07 7.20911e-07 1.2048e-06 1.88754e-06 1.8984e-06 1.77357e-06 1.9226e-06 2.13594e-06 2.36376e-06 2.59923e-06 2.8638e-06 3.09888e-06 3.31482e-06 3.44366e-06 3.49625e-06 3.50271e-06 3.50177e-06 3.5112e-06 3.62599e-06 4.02055e-06 4.88921e-06 7.41734e-06 1.24985e-05 1.4786e-05 1.40235e-05 1.20566e-05 9.68959e-06 7.32822e-06 5.15699e-06 3.40028e-06 2.11768e-06 1.248e-06 6.96087e-07 3.66914e-07 1.81e-07 8.10189e-08 3.07619e-08 1.03354e-08 
6.75993e-09 2.00679e-08 5.05772e-08 1.05245e-07 1.93614e-07 3.23884e-07 4.95548e-07 6.90975e-07 8.72299e-07 9.93653e-07 1.02081e-06 9.51206e-07 8.43681e-07 8.81838e-07 1.45725e-06 2.27315e-06 2.15833e-06 1.90819e-06 1.81723e-06 1.89289e-06 2.00307e-06 2.13921e-06 2.29157e-06 2.46489e-06 2.62382e-06 2.75766e-06 2.83625e-06 2.88117e-06 2.91461e-06 2.96276e-06 3.07179e-06 3.35866e-06 4.02055e-06 5.48108e-06 9.50625e-06 1.67564e-05 1.94179e-05 1.77349e-05 1.47506e-05 1.13983e-05 8.10148e-06 5.36173e-06 3.34339e-06 1.96957e-06 1.09773e-06 5.7979e-07 2.89234e-07 1.33846e-07 5.47244e-08 1.84878e-08 
1.25913e-08 3.65856e-08 8.4875e-08 1.69812e-07 3.07089e-07 5.09128e-07 7.72577e-07 1.06439e-06 1.31768e-06 1.45746e-06 1.43727e-06 1.29055e-06 1.26015e-06 1.79223e-06 2.64559e-06 2.6471e-06 2.24851e-06 1.9226e-06 1.81355e-06 1.80799e-06 1.84791e-06 1.92647e-06 2.02713e-06 2.14369e-06 2.25058e-06 2.33874e-06 2.40392e-06 2.46101e-06 2.52982e-06 2.64452e-06 2.87052e-06 3.35866e-06 4.38443e-06 6.9428e-06 1.33279e-05 2.26868e-05 2.50515e-05 2.20176e-05 1.75757e-05 1.26767e-05 8.4379e-06 5.27337e-06 3.10548e-06 1.72761e-06 9.11692e-07 4.57024e-07 2.15748e-07 9.29258e-08 3.41484e-08 1.14893e-08 
8.08733e-09 2.40783e-08 6.32556e-08 1.38443e-07 2.70181e-07 4.83606e-07 7.96956e-07 1.20016e-06 1.63209e-06 1.97637e-06 2.11981e-06 2.03351e-06 1.93624e-06 2.36256e-06 3.42001e-06 3.96358e-06 2.73114e-06 2.22741e-06 1.89289e-06 1.74521e-06 1.68984e-06 1.69315e-06 1.7384e-06 1.80647e-06 1.88616e-06 1.96217e-06 2.03343e-06 2.10229e-06 2.18209e-06 2.29822e-06 2.49567e-06 2.87052e-06 3.62599e-06 5.29273e-06 9.49174e-06 2.03706e-05 3.11439e-05 3.16252e-05 2.66635e-05 1.96848e-05 1.32264e-05 8.30102e-06 4.89045e-06 2.7143e-06 1.42848e-06 7.16457e-07 3.41819e-07 1.52277e-07 6.02348e-08 1.9937e-08 
1.45492e-08 4.33982e-08 1.05081e-07 2.21385e-07 4.2578e-07 7.5798e-07 1.24403e-06 1.85965e-06 2.49412e-06 2.95177e-06 3.09356e-06 3.02855e-06 3.42133e-06 4.16721e-06 5.19052e-06 3.666e-06 2.72664e-06 2.13594e-06 1.80799e-06 1.63897e-06 1.56471e-06 1.55172e-06 1.57792e-06 1.62499e-06 1.68315e-06 1.74637e-06 1.81635e-06 1.89924e-06 2.0122e-06 2.18882e-06 2.49567e-06 3.07179e-06 4.23958e-06 7.0182e-06 1.41991e-05 2.83017e-05 4.13346e-05 3.9174e-05 3.01347e-05 2.05819e-05 1.30191e-05 7.68599e-06 4.2569e-06 2.23179e-06 1.11668e-06 5.34971e-07 2.43213e-07 1.01457e-07 3.63119e-08 1.23448e-08 
9.27205e-09 2.73421e-08 7.4251e-08 1.69687e-07 3.49286e-07 6.66877e-07 1.18482e-06 1.9394e-06 2.87858e-06 3.80861e-06 4.42081e-06 4.6387e-06 4.94072e-06 6.11273e-06 7.14446e-06 5.27953e-06 3.53113e-06 2.57302e-06 2.00307e-06 1.68984e-06 1.52322e-06 1.44742e-06 1.42836e-06 1.44376e-06 1.47886e-06 1.52804e-06 1.58982e-06 1.6683e-06 1.77433e-06 1.93153e-06 2.18882e-06 2.64452e-06 3.5112e-06 5.35557e-06 9.84838e-06 2.27615e-05 4.27099e-05 5.36307e-05 4.48479e-05 3.16077e-05 2.02856e-05 1.20386e-05 6.66063e-06 3.4776e-06 1.73262e-06 8.29839e-07 3.81385e-07 1.64777e-07 6.34836e-08 2.07339e-08 
1.60711e-08 4.87199e-08 1.22104e-07 2.68772e-07 5.46353e-07 1.04101e-06 1.85062e-06 3.02488e-06 4.46137e-06 5.83732e-06 6.71342e-06 7.30575e-06 8.33683e-06 9.20817e-06 7.93649e-06 5.01233e-06 3.26213e-06 2.36376e-06 1.84791e-06 1.56471e-06 1.4136e-06 1.34375e-06 1.32368e-06 1.33414e-06 1.36503e-06 1.41366e-06 1.48159e-06 1.57641e-06 1.71476e-06 1.93153e-06 2.29822e-06 2.96276e-06 4.2762e-06 7.15513e-06 1.48098e-05 3.42863e-05 5.71141e-05 6.30782e-05 4.73353e-05 3.12392e-05 1.87461e-05 1.03857e-05 5.40307e-06 2.67796e-06 1.27854e-06 5.90159e-07 2.60546e-07 1.06054e-07 3.72146e-08 1.28867e-08 
1.02709e-08 2.96701e-08 8.25732e-08 1.95317e-07 4.20431e-07 8.50544e-07 1.62366e-06 2.89408e-06 4.72962e-06 6.94223e-06 9.02418e-06 1.0417e-05 1.18755e-05 1.23016e-05 1.25978e-05 7.13118e-06 4.49026e-06 2.93444e-06 2.13921e-06 1.69315e-06 1.44742e-06 1.31621e-06 1.255e-06 1.23708e-06 1.24755e-06 1.27984e-06 1.33365e-06 1.41379e-06 1.5324e-06 1.71476e-06 2.0122e-06 2.52982e-06 3.50177e-06 5.48829e-06 1.01358e-05 2.26675e-05 5.24986e-05 7.56205e-05 6.73271e-05 4.70573e-05 2.88898e-05 1.61041e-05 8.36324e-06 4.12357e-06 1.95908e-06 9.04238e-07 4.04054e-07 1.7071e-07 6.45087e-08 2.09323e-08 
1.71473e-08 5.23573e-08 1.34681e-07 3.06785e-07 6.52961e-07 1.32206e-06 2.53596e-06 4.53993e-06 7.42684e-06 1.08662e-05 1.40813e-05 1.63398e-05 1.81279e-05 1.78182e-05 1.14526e-05 6.25098e-06 3.90621e-06 2.59923e-06 1.92647e-06 1.55172e-06 1.34375e-06 1.23256e-06 1.18107e-06 1.16793e-06 1.18203e-06 1.21964e-06 1.28315e-06 1.38118e-06 1.5324e-06 1.77433e-06 2.18209e-06 2.91461e-06 4.34111e-06 7.42253e-06 1.47628e-05 3.77791e-05 6.35641e-05 8.58702e-05 6.78006e-05 4.36668e-05 2.47338e-05 1.28744e-05 6.3228e-06 2.98731e-06 1.37492e-06 6.17773e-07 2.6727e-07 1.06967e-07 3.70424e-08 1.31385e-08 
1.10822e-08 3.11486e-08 8.81768e-08 2.13975e-07 4.76639e-07 1.01112e-06 2.05742e-06 3.97398e-06 7.15287e-06 1.17157e-05 1.70704e-05 2.1944e-05 2.4632e-05 2.34144e-05 1.78592e-05 9.66995e-06 5.33105e-06 3.34921e-06 2.29157e-06 1.7384e-06 1.42836e-06 1.255e-06 1.16271e-06 1.12164e-06 1.11512e-06 1.13533e-06 1.18136e-06 1.25875e-06 1.38118e-06 1.57641e-06 1.89924e-06 2.46101e-06 3.50271e-06 5.63849e-06 1.04092e-05 2.25019e-05 5.83449e-05 8.48293e-05 8.96336e-05 6.35102e-05 3.73262e-05 1.96412e-05 9.64101e-06 4.53307e-06 2.07753e-06 9.34594e-07 4.10069e-07 1.70823e-07 6.37511e-08 2.06728e-08 
1.78781e-08 5.46395e-08 1.4322e-07 3.34412e-07 7.36663e-07 1.56645e-06 3.21232e-06 6.2542e-06 1.13134e-05 1.85022e-05 2.66415e-05 3.31686e-05 3.15994e-05 2.83793e-05 1.432e-05 7.89919e-06 4.4576e-06 2.8638e-06 2.02713e-06 1.57792e-06 1.32368e-06 1.18107e-06 1.10642e-06 1.076e-06 1.07722e-06 1.10546e-06 1.1628e-06 1.25875e-06 1.41379e-06 1.6683e-06 2.10229e-06 2.88117e-06 4.38404e-06 7.61582e-06 1.49883e-05 3.67298e-05 7.05968e-05 9.93172e-05 8.59348e-05 5.44454e-05 2.94813e-05 1.45737e-05 6.83888e-06 3.12145e-06 1.40241e-06 6.19964e-07 2.65168e-07 1.05113e-07 3.61444e-08 1.31492e-08 
1.17315e-08 3.20819e-08 9.18829e-08 2.27049e-07 5.18022e-07 1.13748e-06 2.43375e-06 5.03667e-06 9.87604e-06 1.7893e-05 2.89699e-05 4.04615e-05 4.52465e-05 3.95366e-05 2.34417e-05 1.1422e-05 6.31662e-06 3.70395e-06 2.46489e-06 1.80647e-06 1.44376e-06 1.23708e-06 1.12164e-06 1.0631e-06 1.04309e-06 1.05285e-06 1.09091e-06 1.1628e-06 1.28315e-06 1.48159e-06 1.81635e-06 2.40392e-06 3.49625e-06 5.69448e-06 1.04933e-05 2.27767e-05 5.45398e-05 8.85976e-05 0.000101777 7.46182e-05 4.29016e-05 2.16935e-05 1.02302e-05 4.66143e-06 2.09026e-06 9.27177e-07 4.03209e-07 1.66885e-07 6.19129e-08 2.01427e-08 
1.84252e-08 5.62318e-08 1.49388e-07 3.54769e-07 7.99778e-07 1.75981e-06 3.79568e-06 7.92165e-06 1.55833e-05 2.80432e-05 4.41929e-05 5.72744e-05 4.93442e-05 3.61944e-05 1.82056e-05 8.90668e-06 5.02752e-06 3.09888e-06 2.14369e-06 1.62499e-06 1.33414e-06 1.16793e-06 1.076e-06 1.03181e-06 1.02185e-06 1.04095e-06 1.09091e-06 1.18136e-06 1.33365e-06 1.58982e-06 2.03343e-06 2.83625e-06 4.3848e-06 7.55104e-06 1.50527e-05 3.35869e-05 7.50011e-05 0.000103914 9.16053e-05 5.90281e-05 3.13679e-05 1.50773e-05 6.90281e-06 3.09515e-06 1.37509e-06 6.04063e-07 2.57457e-07 1.01765e-07 3.49376e-08 1.29757e-08 
1.22524e-08 3.28587e-08 9.48919e-08 2.37448e-07 5.50263e-07 1.23503e-06 2.73077e-06 5.93469e-06 1.24451e-05 2.43581e-05 4.28909e-05 6.38223e-05 6.93133e-05 5.61815e-05 2.71052e-05 1.35287e-05 6.8737e-06 4.0487e-06 2.62382e-06 1.88616e-06 1.47886e-06 1.24755e-06 1.11512e-06 1.04309e-06 1.01159e-06 1.01145e-06 1.04095e-06 1.10546e-06 1.21964e-06 1.41366e-06 1.74637e-06 2.33874e-06 3.44366e-06 5.61732e-06 1.02776e-05 2.18535e-05 5.09356e-05 8.02663e-05 0.000100806 7.39144e-05 4.30562e-05 2.161e-05 1.00743e-05 4.54427e-06 2.02427e-06 8.95101e-07 3.88994e-07 1.61044e-07 5.97492e-08 1.95256e-08 
1.89456e-08 5.78135e-08 1.55028e-07 3.72249e-07 8.50974e-07 1.90985e-06 4.244e-06 9.26165e-06 1.93683e-05 3.71905e-05 6.25475e-05 8.27548e-05 6.65835e-05 4.38094e-05 2.04312e-05 9.82913e-06 5.37137e-06 3.31482e-06 2.25058e-06 1.68315e-06 1.36503e-06 1.18203e-06 1.07722e-06 1.02185e-06 1.00168e-06 1.01145e-06 1.05285e-06 1.13533e-06 1.27984e-06 1.52804e-06 1.96217e-06 2.75766e-06 4.2674e-06 7.32864e-06 1.44906e-05 3.07997e-05 6.92802e-05 9.07295e-05 8.4073e-05 5.43346e-05 2.94737e-05 1.43083e-05 6.57572e-06 2.95309e-06 1.31427e-06 5.78875e-07 2.47516e-07 9.81316e-08 3.37833e-08 1.26674e-08 
1.26674e-08 3.37833e-08 9.81316e-08 2.47516e-07 5.78875e-07 1.31427e-06 2.95309e-06 6.57572e-06 1.43083e-05 2.94737e-05 5.43346e-05 8.4073e-05 9.07295e-05 6.92802e-05 3.07997e-05 1.44906e-05 7.32864e-06 4.2674e-06 2.75766e-06 1.96217e-06 1.52804e-06 1.27984e-06 1.13533e-06 1.05285e-06 1.01145e-06 1.00168e-06 1.02185e-06 1.07722e-06 1.18203e-06 1.36503e-06 1.68315e-06 2.25058e-06 3.31482e-06 5.37137e-06 9.82913e-06 2.04312e-05 4.38094e-05 6.65835e-05 8.27548e-05 6.25475e-05 3.71905e-05 1.93683e-05 9.26165e-06 4.244e-06 1.90985e-06 8.50974e-07 3.72249e-07 1.55028e-07 5.78135e-08 1.89456e-08 
1.95256e-08 5.97492e-08 1.61044e-07 3.88994e-07 8.95101e-07 2.02427e-06 4.54427e-06 1.00743e-05 2.161e-05 4.30562e-05 7.39144e-05 0.000100806 8.02663e-05 5.09356e-05 2.18535e-05 1.02776e-05 5.61732e-06 3.44366e-06 2.33874e-06 1.74637e-06 1.41366e-06 1.21964e-06 1.10546e-06 1.04095e-06 1.01145e-06 1.01159e-06 1.04309e-06 1.11512e-06 1.24755e-06 1.47886e-06 1.88616e-06 2.62382e-06 4.0487e-06 6.8737e-06 1.35287e-05 2.71052e-05 5.61815e-05 6.93133e-05 6.38223e-05 4.28909e-05 2.43581e-05 1.24451e-05 5.93469e-06 2.73077e-06 1.23503e-06 5.50263e-07 2.37448e-07 9.48919e-08 3.28587e-08 1.22524e-08 
1.29757e-08 3.49376e-08 1.01765e-07 2.57457e-07 6.04063e-07 1.37509e-06 3.09515e-06 6.90281e-06 1.50773e-05 3.13679e-05 5.90281e-05 9.16053e-05 0.000103914 7.50011e-05 3.35869e-05 1.50527e-05 7.55104e-06 4.3848e-06 2.83625e-06 2.03343e-06 1.58982e-06 1.33365e-06 1.18136e-06 1.09091e-06 1.04095e-06 1.02185e-06 1.03181e-06 1.076e-06 1.16793e-06 1.33414e-06 1.62499e-06 2.14369e-06 3.09888e-06 5.02752e-06 8.90668e-06 1.82056e-05 3.61944e-05 4.93442e-05 5.72744e-05 4.41929e-05 2.80432e-05 1.55833e-05 7.92165e-06 3.79568e-06 1.75981e-06 7.99778e-07 3.54769e-07 1.49388e-07 5.62318e-08 1.84252e-08 
2.01427e-08 6.19129e-08 1.66885e-07 4.03209e-07 9.27177e-07 2.09026e-06 4.66143e-06 1.02302e-05 2.16935e-05 4.29016e-05 7.46182e-05 0.000101777 8.85976e-05 5.45398e-05 2.27767e-05 1.04933e-05 5.69448e-06 3.49625e-06 2.40392e-06 1.81635e-06 1.48159e-06 1.28315e-06 1.1628e-06 1.09091e-06 1.05285e-06 1.04309e-06 1.0631e-06 1.12164e-06 1.23708e-06 1.44376e-06 1.80647e-06 2.46489e-06 3.70395e-06 6.31662e-06 1.1422e-05 2.34417e-05 3.95366e-05 4.52465e-05 4.04615e-05 2.89699e-05 1.7893e-05 9.87604e-06 5.03667e-06 2.43375e-06 1.13748e-06 5.18022e-07 2.27049e-07 9.18829e-08 3.20819e-08 1.17315e-08 
1.31492e-08 3.61444e-08 1.05113e-07 2.65168e-07 6.19964e-07 1.40241e-06 3.12145e-06 6.83888e-06 1.45737e-05 2.94813e-05 5.44454e-05 8.59348e-05 9.93172e-05 7.05968e-05 3.67298e-05 1.49883e-05 7.61582e-06 4.38404e-06 2.88117e-06 2.10229e-06 1.6683e-06 1.41379e-06 1.25875e-06 1.1628e-06 1.10546e-06 1.07722e-06 1.076e-06 1.10642e-06 1.18107e-06 1.32368e-06 1.57792e-06 2.02713e-06 2.8638e-06 4.4576e-06 7.89919e-06 1.432e-05 2.83793e-05 3.15994e-05 3.31686e-05 2.66415e-05 1.85022e-05 1.13134e-05 6.2542e-06 3.21232e-06 1.56645e-06 7.36663e-07 3.34412e-07 1.4322e-07 5.46395e-08 1.78781e-08 
2.06728e-08 6.37511e-08 1.70823e-07 4.10069e-07 9.34594e-07 2.07753e-06 4.53307e-06 9.64101e-06 1.96412e-05 3.73262e-05 6.35102e-05 8.96336e-05 8.48293e-05 5.83449e-05 2.25019e-05 1.04092e-05 5.63849e-06 3.50271e-06 2.46101e-06 1.89924e-06 1.57641e-06 1.38118e-06 1.25875e-06 1.18136e-06 1.13533e-06 1.11512e-06 1.12164e-06 1.16271e-06 1.255e-06 1.42836e-06 1.7384e-06 2.29157e-06 3.34921e-06 5.33105e-06 9.66995e-06 1.78592e-05 2.34144e-05 2.4632e-05 2.1944e-05 1.70704e-05 1.17157e-05 7.15287e-06 3.97398e-06 2.05742e-06 1.01112e-06 4.76639e-07 2.13975e-07 8.81768e-08 3.11486e-08 1.10822e-08 
1.31385e-08 3.70424e-08 1.06967e-07 2.6727e-07 6.17773e-07 1.37492e-06 2.98731e-06 6.3228e-06 1.28744e-05 2.47338e-05 4.36668e-05 6.78006e-05 8.58702e-05 6.35641e-05 3.77791e-05 1.47628e-05 7.42253e-06 4.34111e-06 2.91461e-06 2.18209e-06 1.77433e-06 1.5324e-06 1.38118e-06 1.28315e-06 1.21964e-06 1.18203e-06 1.16793e-06 1.18107e-06 1.23256e-06 1.34375e-06 1.55172e-06 1.92647e-06 2.59923e-06 3.90621e-06 6.25098e-06 1.14526e-05 1.78182e-05 1.81279e-05 1.63398e-05 1.40813e-05 1.08662e-05 7.42684e-06 4.53993e-06 2.53596e-06 1.32206e-06 6.52961e-07 3.06785e-07 1.34681e-07 5.23573e-08 1.71473e-08 
2.09323e-08 6.45087e-08 1.7071e-07 4.04054e-07 9.04238e-07 1.95908e-06 4.12357e-06 8.36324e-06 1.61041e-05 2.88898e-05 4.70573e-05 6.73271e-05 7.56205e-05 5.24986e-05 2.26675e-05 1.01358e-05 5.48829e-06 3.50177e-06 2.52982e-06 2.0122e-06 1.71476e-06 1.5324e-06 1.41379e-06 1.33365e-06 1.27984e-06 1.24755e-06 1.23708e-06 1.255e-06 1.31621e-06 1.44742e-06 1.69315e-06 2.13921e-06 2.93444e-06 4.49026e-06 7.13118e-06 1.25978e-05 1.23016e-05 1.18755e-05 1.0417e-05 9.02418e-06 6.94223e-06 4.72962e-06 2.89408e-06 1.62366e-06 8.50544e-07 4.20431e-07 1.95317e-07 8.25732e-08 2.96701e-08 1.02709e-08 
1.28867e-08 3.72146e-08 1.06054e-07 2.60546e-07 5.90159e-07 1.27854e-06 2.67796e-06 5.40307e-06 1.03857e-05 1.87461e-05 3.12392e-05 4.73353e-05 6.30782e-05 5.71141e-05 3.42863e-05 1.48098e-05 7.15513e-06 4.2762e-06 2.96276e-06 2.29822e-06 1.93153e-06 1.71476e-06 1.57641e-06 1.48159e-06 1.41366e-06 1.36503e-06 1.33414e-06 1.32368e-06 1.34375e-06 1.4136e-06 1.56471e-06 1.84791e-06 2.36376e-06 3.26213e-06 5.01233e-06 7.93649e-06 9.20817e-06 8.33683e-06 7.30575e-06 6.71342e-06 5.83732e-06 4.46137e-06 3.02488e-06 1.85062e-06 1.04101e-06 5.46353e-07 2.68772e-07 1.22104e-07 4.87199e-08 1.60711e-08 
2.07339e-08 6.34836e-08 1.64777e-07 3.81385e-07 8.29839e-07 1.73262e-06 3.4776e-06 6.66063e-06 1.20386e-05 2.02856e-05 3.16077e-05 4.48479e-05 5.36307e-05 4.27099e-05 2.27615e-05 9.84838e-06 5.35557e-06 3.5112e-06 2.64452e-06 2.18882e-06 1.93153e-06 1.77433e-06 1.6683e-06 1.58982e-06 1.52804e-06 1.47886e-06 1.44376e-06 1.42836e-06 1.44742e-06 1.52322e-06 1.68984e-06 2.00307e-06 2.57302e-06 3.53113e-06 5.27953e-06 7.14446e-06 6.11273e-06 4.94072e-06 4.6387e-06 4.42081e-06 3.80861e-06 2.87858e-06 1.9394e-06 1.18482e-06 6.66877e-07 3.49286e-07 1.69687e-07 7.4251e-08 2.73421e-08 9.27205e-09 
1.23448e-08 3.63119e-08 1.01457e-07 2.43213e-07 5.34971e-07 1.11668e-06 2.23179e-06 4.2569e-06 7.68599e-06 1.30191e-05 2.05819e-05 3.01347e-05 3.9174e-05 4.13346e-05 2.83017e-05 1.41991e-05 7.0182e-06 4.23958e-06 3.07179e-06 2.49567e-06 2.18882e-06 2.0122e-06 1.89924e-06 1.81635e-06 1.74637e-06 1.68315e-06 1.62499e-06 1.57792e-06 1.55172e-06 1.56471e-06 1.63897e-06 1.80799e-06 2.13594e-06 2.72664e-06 3.666e-06 5.19052e-06 4.16721e-06 3.42133e-06 3.02855e-06 3.09356e-06 2.95177e-06 2.49412e-06 1.85965e-06 1.24403e-06 7.5798e-07 4.2578e-07 2.21385e-07 1.05081e-07 4.33982e-08 1.45492e-08 
1.9937e-08 6.02348e-08 1.52277e-07 3.41819e-07 7.16457e-07 1.42848e-06 2.7143e-06 4.89045e-06 8.30102e-06 1.32264e-05 1.96848e-05 2.66635e-05 3.16252e-05 3.11439e-05 2.03706e-05 9.49174e-06 5.29273e-06 3.62599e-06 2.87052e-06 2.49567e-06 2.29822e-06 2.18209e-06 2.10229e-06 2.03343e-06 1.96217e-06 1.88616e-06 1.80647e-06 1.7384e-06 1.69315e-06 1.68984e-06 1.74521e-06 1.89289e-06 2.22741e-06 2.73114e-06 3.96358e-06 3.42001e-06 2.36256e-06 1.93624e-06 2.03351e-06 2.11981e-06 1.97637e-06 1.63209e-06 1.20016e-06 7.96956e-07 4.83606e-07 2.70181e-07 1.38443e-07 6.32556e-08 2.40783e-08 8.08733e-09 
1.14893e-08 3.41484e-08 9.29258e-08 2.15748e-07 4.57024e-07 9.11692e-07 1.72761e-06 3.10548e-06 5.27337e-06 8.4379e-06 1.26767e-05 1.75757e-05 2.20176e-05 2.50515e-05 2.26868e-05 1.33279e-05 6.9428e-06 4.38443e-06 3.35866e-06 2.87052e-06 2.64452e-06 2.52982e-06 2.46101e-06 2.40392e-06 2.33874e-06 2.25058e-06 2.14369e-06 2.02713e-06 1.92647e-06 1.84791e-06 1.80799e-06 1.81355e-06 1.9226e-06 2.24851e-06 2.6471e-06 2.64559e-06 1.79223e-06 1.26015e-06 1.29055e-06 1.43727e-06 1.45746e-06 1.31768e-06 1.06439e-06 7.72577e-07 5.09128e-07 3.07089e-07 1.69812e-07 8.4875e-08 3.65856e-08 1.25913e-08 
1.84878e-08 5.47244e-08 1.33846e-07 2.89234e-07 5.7979e-07 1.09773e-06 1.96957e-06 3.34339e-06 5.36173e-06 8.10148e-06 1.13983e-05 1.47506e-05 1.77349e-05 1.94179e-05 1.67564e-05 9.50625e-06 5.48108e-06 4.02055e-06 3.35866e-06 3.07179e-06 2.96276e-06 2.91461e-06 2.88117e-06 2.83625e-06 2.75766e-06 2.62382e-06 2.46489e-06 2.29157e-06 2.13921e-06 2.00307e-06 1.89289e-06 1.81723e-06 1.90819e-06 2.15833e-06 2.27315e-06 1.45725e-06 8.81838e-07 8.43681e-07 9.51206e-07 1.02081e-06 9.93653e-07 8.72299e-07 6.90975e-07 4.95548e-07 3.23884e-07 1.93614e-07 1.05245e-07 5.05772e-08 2.00679e-08 6.75993e-09 
1.03354e-08 3.07619e-08 8.10189e-08 1.81e-07 3.66914e-07 6.96087e-07 1.248e-06 2.11768e-06 3.40028e-06 5.15699e-06 7.32822e-06 9.68959e-06 1.20566e-05 1.40235e-05 1.4786e-05 1.24985e-05 7.41734e-06 4.88921e-06 4.02055e-06 3.62599e-06 3.5112e-06 3.50177e-06 3.50271e-06 3.49625e-06 3.44366e-06 3.31482e-06 3.09888e-06 2.8638e-06 2.59923e-06 2.36376e-06 2.13594e-06 1.9226e-06 1.77357e-06 1.8984e-06 1.88754e-06 1.2048e-06 7.20911e-07 6.06746e-07 6.62101e-07 7.05375e-07 7.14726e-07 6.69584e-07 5.7306e-07 4.46305e-07 3.16457e-07 2.04849e-07 1.20834e-07 6.39383e-08 2.89636e-08 1.03296e-08 
1.64429e-08 4.73657e-08 1.11441e-07 2.30562e-07 4.40158e-07 7.90008e-07 1.34071e-06 2.15469e-06 3.27675e-06 4.6903e-06 6.29696e-06 8.01624e-06 9.70097e-06 1.10399e-05 1.14802e-05 1.01197e-05 6.33565e-06 4.88921e-06 4.38443e-06 4.23958e-06 4.2762e-06 4.34111e-06 4.38404e-06 4.3848e-06 4.2674e-06 4.0487e-06 3.70395e-06 3.34921e-06 2.93444e-06 2.57302e-06 2.22741e-06 1.90819e-06 1.80662e-06 1.72678e-06 1.10121e-06 6.16739e-07 5.15122e-07 5.17394e-07 5.17299e-07 5.10413e-07 4.91697e-07 4.46158e-07 3.73768e-07 2.86771e-07 2.0102e-07 1.28554e-07 7.4345e-08 3.77659e-08 1.57268e-08 5.37544e-09 
8.9442e-09 2.64255e-08 6.70097e-08 1.43378e-07 2.77154e-07 4.99386e-07 8.48548e-07 1.36525e-06 2.08099e-06 2.99579e-06 4.06838e-06 5.26543e-06 6.54142e-06 7.79466e-06 8.90253e-06 9.54543e-06 8.89474e-06 6.33565e-06 5.48108e-06 5.29273e-06 5.35557e-06 5.48829e-06 5.63849e-06 5.69448e-06 5.61732e-06 5.37137e-06 5.02752e-06 4.4576e-06 3.90621e-06 3.26213e-06 2.72664e-06 2.24851e-06 1.8984e-06 1.67229e-06 1.0324e-06 5.64914e-07 4.63384e-07 4.60666e-07 4.25664e-07 3.87886e-07 3.59826e-07 3.33018e-07 2.94402e-07 2.42187e-07 1.83264e-07 1.26866e-07 7.98299e-08 4.48422e-08 2.14493e-08 7.98671e-09 
1.39685e-08 3.89421e-08 8.77905e-08 1.73392e-07 3.14949e-07 5.36797e-07 8.65215e-07 1.32192e-06 1.91235e-06 2.62089e-06 3.43548e-06 4.34838e-06 5.34246e-06 6.4183e-06 7.59703e-06 8.69594e-06 8.89474e-06 7.41734e-06 6.9428e-06 7.0182e-06 7.15513e-06 7.42253e-06 7.61582e-06 7.55104e-06 7.32864e-06 6.8737e-06 6.31662e-06 5.33105e-06 4.49026e-06 3.53113e-06 2.73114e-06 2.15833e-06 1.72678e-06 1.00898e-06 5.30908e-07 4.25714e-07 4.28485e-07 3.88669e-07 3.29156e-07 2.80425e-07 2.48322e-07 2.22699e-07 1.92681e-07 1.55981e-07 1.16427e-07 7.94148e-08 4.88702e-08 2.63106e-08 1.15536e-08 4.0445e-09 
7.41815e-09 2.15915e-08 5.25331e-08 1.07412e-07 1.97879e-07 3.39235e-07 5.48431e-07 8.40257e-07 1.22109e-06 1.6865e-06 2.23375e-06 2.86756e-06 3.59916e-06 4.47042e-06 5.56489e-06 6.97075e-06 8.69594e-06 1.01197e-05 9.50625e-06 9.49174e-06 9.84838e-06 1.01358e-05 1.04092e-05 1.04933e-05 1.02776e-05 9.82913e-06 8.90668e-06 7.89919e-06 6.25098e-06 5.01233e-06 3.666e-06 2.6471e-06 1.88754e-06 1.0324e-06 5.16906e-07 3.99046e-07 4.00827e-07 3.67663e-07 3.05459e-07 2.43007e-07 1.97255e-07 1.68591e-07 1.47432e-07 1.25238e-07 9.9876e-08 7.34669e-08 4.91875e-08 2.93396e-08 1.48567e-08 5.80436e-09 
1.13073e-08 3.03953e-08 6.55473e-08 1.2357e-07 2.13956e-07 3.47592e-07 5.34472e-07 7.80291e-07 1.08517e-06 1.45018e-06 1.88295e-06 2.40106e-06 3.05028e-06 3.92278e-06 5.15374e-06 6.97075e-06 9.54543e-06 1.24985e-05 1.33279e-05 1.41991e-05 1.48098e-05 1.47628e-05 1.49883e-05 1.50527e-05 1.44906e-05 1.35287e-05 1.1422e-05 9.66995e-06 7.13118e-06 5.27953e-06 3.96358e-06 2.27315e-06 1.10121e-06 5.30908e-07 3.89033e-07 3.79678e-07 3.49168e-07 2.92383e-07 2.28369e-07 1.73671e-07 1.35981e-07 1.13043e-07 9.6823e-08 8.09115e-08 6.35694e-08 4.59805e-08 3.00418e-08 1.71483e-08 7.95995e-09 2.87151e-09 
5.88279e-09 1.67734e-08 3.91071e-08 7.643e-08 1.34461e-07 2.20131e-07 3.40147e-07 4.99073e-07 6.98637e-07 9.41173e-07 1.23391e-06 1.59308e-06 2.05677e-06 2.70182e-06 3.65827e-06 5.15374e-06 7.59703e-06 1.14802e-05 1.67564e-05 2.03706e-05 2.27615e-05 2.26675e-05 2.25019e-05 2.27767e-05 2.18535e-05 2.04312e-05 1.82056e-05 1.432e-05 1.14526e-05 7.93649e-06 5.19052e-06 2.64559e-06 1.2048e-06 5.64914e-07 3.99046e-07 3.71833e-07 3.34779e-07 2.80984e-07 2.20776e-07 1.64965e-07 1.21267e-07 9.23414e-08 7.50753e-08 6.31725e-08 5.19823e-08 4.01944e-08 2.84829e-08 1.80065e-08 9.65654e-09 3.96751e-09 
8.71847e-09 2.25646e-08 4.6579e-08 8.4e-08 1.39151e-07 2.1649e-07 3.19477e-07 4.50164e-07 6.1105e-07 8.08046e-07 1.05401e-06 1.37753e-06 1.83609e-06 2.53293e-06 3.65827e-06 5.56489e-06 8.90253e-06 1.4786e-05 2.26868e-05 2.83017e-05 3.42863e-05 3.77791e-05 3.67298e-05 3.35869e-05 3.07997e-05 2.71052e-05 2.34417e-05 1.78592e-05 1.25978e-05 7.14446e-06 3.42001e-06 1.45725e-06 6.16739e-07 4.25714e-07 3.79678e-07 3.29412e-07 2.72053e-07 2.14267e-07 1.60903e-07 1.16274e-07 8.32329e-08 6.19928e-08 4.94884e-08 4.09899e-08 3.32114e-08 2.52184e-08 1.74104e-08 1.05195e-08 5.16269e-09 1.92466e-09 
4.4587e-09 1.24118e-08 2.77565e-08 5.19778e-08 8.7651e-08 1.3769e-07 2.04621e-07 2.90318e-07 3.97008e-07 5.29225e-07 6.965e-07 9.19215e-07 1.23814e-06 1.7287e-06 2.53293e-06 3.92278e-06 6.4183e-06 1.10399e-05 1.94179e-05 3.11439e-05 4.27099e-05 5.24986e-05 5.83449e-05 5.45398e-05 5.09356e-05 4.38094e-05 3.61944e-05 2.83793e-05 1.78182e-05 9.20817e-06 4.16721e-06 1.79223e-06 7.20911e-07 4.63384e-07 4.00827e-07 3.34779e-07 2.68693e-07 2.09102e-07 1.5749e-07 1.14331e-07 8.0471e-08 5.63815e-08 4.12494e-08 3.24272e-08 2.64652e-08 2.10928e-08 1.56723e-08 1.0456e-08 5.92918e-09 2.561e-09 
6.4143e-09 1.59949e-08 3.16896e-08 5.48791e-08 8.74045e-08 1.31054e-07 1.87363e-07 2.58157e-07 3.46803e-07 4.60125e-07 6.12272e-07 8.31333e-07 1.17004e-06 1.7287e-06 2.70182e-06 4.47042e-06 7.79466e-06 1.40235e-05 2.50515e-05 4.13346e-05 5.71141e-05 6.35641e-05 7.05968e-05 7.50011e-05 6.92802e-05 5.61815e-05 3.95366e-05 2.34144e-05 1.23016e-05 6.11273e-06 2.36256e-06 8.81838e-07 5.15122e-07 4.28485e-07 3.49168e-07 2.72053e-07 2.07132e-07 1.54708e-07 1.12747e-07 7.97102e-08 5.49095e-08 3.77984e-08 2.72531e-08 2.11426e-08 1.70062e-08 1.33052e-08 9.62249e-09 6.13012e-09 3.17468e-09 1.22267e-09 
3.23472e-09 8.78121e-09 1.88889e-08 3.40283e-08 5.52783e-08 8.38604e-08 1.20956e-07 1.67992e-07 2.27424e-07 3.04046e-07 4.07539e-07 5.56934e-07 7.88211e-07 1.17004e-06 1.83609e-06 3.05028e-06 5.34246e-06 9.70097e-06 1.77349e-05 3.16252e-05 5.36307e-05 7.56205e-05 8.48293e-05 8.85976e-05 8.02663e-05 6.65835e-05 4.93442e-05 3.15994e-05 1.81279e-05 8.33683e-06 3.42133e-06 1.26015e-06 6.06746e-07 4.60666e-07 3.67663e-07 2.80984e-07 2.09102e-07 1.53626e-07 1.1138e-07 7.91322e-08 5.47536e-08 3.70442e-08 2.51278e-08 1.79022e-08 1.37256e-08 1.08741e-08 8.3242e-09 5.8143e-09 3.47295e-09 1.57263e-09 
4.51892e-09 1.08844e-08 2.07835e-08 3.47401e-08 5.3542e-08 7.80579e-08 1.09367e-07 1.49239e-07 2.01011e-07 2.71251e-07 3.72736e-07 5.29666e-07 7.88211e-07 1.23814e-06 2.05677e-06 3.59916e-06 6.54142e-06 1.20566e-05 2.20176e-05 3.9174e-05 6.30782e-05 8.58702e-05 9.93172e-05 0.000103914 9.07295e-05 6.93133e-05 4.52465e-05 2.4632e-05 1.18755e-05 4.94072e-06 1.93624e-06 8.43681e-07 5.17394e-07 3.88669e-07 2.92383e-07 2.14267e-07 1.54708e-07 1.10831e-07 7.85572e-08 5.46833e-08 3.71599e-08 2.47568e-08 1.65875e-08 1.17028e-08 8.87498e-09 6.9148e-09 5.15398e-09 3.43633e-09 1.8698e-09 7.41677e-10 
2.2538e-09 5.97068e-09 1.24061e-08 2.16133e-08 3.4044e-08 5.03067e-08 7.11962e-08 9.79781e-08 1.32962e-07 1.80587e-07 2.4939e-07 3.55512e-07 5.29666e-07 8.31333e-07 1.37753e-06 2.40106e-06 4.34838e-06 8.01624e-06 1.47506e-05 2.66635e-05 4.48479e-05 6.73271e-05 8.96336e-05 0.000101777 0.000100806 8.27548e-05 5.72744e-05 3.31686e-05 1.63398e-05 7.30575e-06 3.02855e-06 1.29055e-06 6.62101e-07 4.25664e-07 3.05459e-07 2.20776e-07 1.5749e-07 1.1138e-07 7.83103e-08 5.45217e-08 3.73124e-08 2.49647e-08 1.64118e-08 1.08841e-08 7.61795e-09 5.71557e-09 4.36812e-09 3.14684e-09 1.96557e-09 9.28275e-10 
3.06375e-09 7.15544e-09 1.32388e-08 2.1499e-08 3.23326e-08 4.63095e-08 6.4328e-08 8.79824e-08 1.20269e-07 1.66879e-07 2.38525e-07 3.55512e-07 5.56934e-07 9.19215e-07 1.59308e-06 2.86756e-06 5.26543e-06 9.68959e-06 1.75757e-05 3.01347e-05 4.73353e-05 6.78006e-05 8.59348e-05 9.16053e-05 8.4073e-05 6.38223e-05 4.04615e-05 2.1944e-05 1.0417e-05 4.6387e-06 2.03351e-06 9.51206e-07 5.17299e-07 3.29156e-07 2.28369e-07 1.60903e-07 1.12747e-07 7.85572e-08 5.44363e-08 3.73459e-08 2.51882e-08 1.66242e-08 1.08021e-08 7.1038e-09 4.93977e-09 3.66476e-09 2.73584e-09 1.88289e-09 1.06829e-09 4.34193e-10 
1.51529e-09 3.92544e-09 7.92083e-09 1.34321e-08 2.06821e-08 3.00646e-08 4.22117e-08 5.82221e-08 8.01186e-08 1.11691e-07 1.60036e-07 2.38525e-07 3.72736e-07 6.12272e-07 1.05401e-06 1.88295e-06 3.43548e-06 6.29696e-06 1.13983e-05 1.96848e-05 3.16077e-05 4.70573e-05 6.35102e-05 7.46182e-05 7.39144e-05 6.25475e-05 4.41929e-05 2.66415e-05 1.40813e-05 6.71342e-06 3.09356e-06 1.43727e-06 7.05375e-07 3.87886e-07 2.43007e-07 1.64965e-07 1.14331e-07 7.91322e-08 5.45217e-08 3.73398e-08 2.52979e-08 1.68447e-08 1.09824e-08 7.0637e-09 4.61403e-09 3.19103e-09 2.33735e-09 1.69281e-09 1.09147e-09 5.33368e-10 
2.01081e-09 4.57606e-09 8.25698e-09 1.31303e-08 1.94516e-08 2.76599e-08 3.85111e-08 5.33713e-08 7.47665e-08 1.07391e-07 1.60036e-07 2.4939e-07 4.07539e-07 6.965e-07 1.23391e-06 2.23375e-06 4.06838e-06 7.32822e-06 1.26767e-05 2.05819e-05 3.12392e-05 4.36668e-05 5.44454e-05 5.90281e-05 5.43346e-05 4.28909e-05 2.89699e-05 1.70704e-05 9.02418e-06 4.42081e-06 2.11981e-06 1.02081e-06 5.10413e-07 2.80425e-07 1.73671e-07 1.16274e-07 7.97102e-08 5.46833e-08 3.73459e-08 2.53255e-08 1.69703e-08 1.11694e-08 7.20176e-09 4.59088e-09 2.98317e-09 2.05303e-09 1.47997e-09 1.02775e-09 6.00552e-10 2.48461e-10 
9.88674e-10 2.51229e-09 4.95425e-09 8.24086e-09 1.2516e-08 1.80776e-08 2.54438e-08 3.5538e-08 5.00454e-08 7.20714e-08 1.07391e-07 1.66879e-07 2.71251e-07 4.60125e-07 8.08046e-07 1.45018e-06 2.62089e-06 4.6903e-06 8.10148e-06 1.32264e-05 2.02856e-05 2.88898e-05 3.73262e-05 4.29016e-05 4.30562e-05 3.71905e-05 2.80432e-05 1.85022e-05 1.08662e-05 5.83732e-06 2.95177e-06 1.45746e-06 7.14726e-07 3.59826e-07 1.97255e-07 1.21267e-07 8.0471e-08 5.47536e-08 3.73124e-08 2.52979e-08 1.70078e-08 1.12836e-08 7.34749e-09 4.68925e-09 2.96616e-09 1.92004e-09 1.31444e-09 9.26708e-10 6.04489e-10 3.02316e-10 
1.286e-09 2.86812e-09 5.08475e-09 7.9863e-09 1.17654e-08 1.67748e-08 2.36389e-08 3.34832e-08 4.83631e-08 7.20714e-08 1.11691e-07 1.80587e-07 3.04046e-07 5.29225e-07 9.41173e-07 1.6865e-06 2.99579e-06 5.15699e-06 8.4379e-06 1.30191e-05 1.87461e-05 2.47338e-05 2.94813e-05 3.13679e-05 2.94737e-05 2.43581e-05 1.7893e-05 1.17157e-05 6.94223e-06 3.80861e-06 1.97637e-06 9.93653e-07 4.91697e-07 2.48322e-07 1.35981e-07 8.32329e-08 5.49095e-08 3.71599e-08 2.51882e-08 1.69703e-08 1.13199e-08 7.44046e-09 4.7963e-09 3.03208e-09 1.90526e-09 1.22996e-09 8.35845e-10 5.6952e-10 3.36833e-10 1.40812e-10 
6.29999e-10 1.57649e-09 3.05979e-09 5.03349e-09 7.60872e-09 1.1022e-08 1.56949e-08 2.238e-08 3.24387e-08 4.83631e-08 7.47665e-08 1.20269e-07 2.01011e-07 3.46803e-07 6.1105e-07 1.08517e-06 1.91235e-06 3.27675e-06 5.36173e-06 8.30102e-06 1.20386e-05 1.61041e-05 1.96412e-05 2.16935e-05 2.161e-05 1.93683e-05 1.55833e-05 1.13134e-05 7.42684e-06 4.46137e-06 2.49412e-06 1.31768e-06 6.69584e-07 3.33018e-07 1.68591e-07 9.23414e-08 5.63815e-08 3.70442e-08 2.49647e-08 1.68447e-08 1.12836e-08 7.47108e-09 4.86706e-09 3.10712e-09 1.94683e-09 1.2166e-09 7.83634e-10 5.2575e-10 3.38796e-10 1.71078e-10 
8.07031e-10 1.77509e-09 3.1161e-09 4.87524e-09 7.20549e-09 1.03903e-08 1.49332e-08 2.17366e-08 3.24387e-08 5.00454e-08 8.01186e-08 1.32962e-07 2.27424e-07 3.97008e-07 6.98637e-07 1.22109e-06 2.08099e-06 3.40028e-06 5.27337e-06 7.68599e-06 1.03857e-05 1.28744e-05 1.45737e-05 1.50773e-05 1.43083e-05 1.24451e-05 9.87604e-06 7.15287e-06 4.72962e-06 2.87858e-06 1.63209e-06 8.72299e-07 4.46158e-07 2.22699e-07 1.13043e-07 6.19928e-08 3.77984e-08 2.47568e-08 1.66242e-08 1.11694e-08 7.44046e-09 4.89093e-09 3.15842e-09 1.99731e-09 1.24106e-09 7.72089e-10 4.95703e-10 3.24545e-10 1.90579e-10 7.99301e-11 
3.94698e-10 9.76968e-10 1.87978e-09 3.08266e-09 4.67633e-09 6.84926e-09 9.938e-09 1.45413e-08 2.17366e-08 3.34832e-08 5.33713e-08 8.79824e-08 1.49239e-07 2.58157e-07 4.50164e-07 7.80291e-07 1.32192e-06 2.15469e-06 3.34339e-06 4.89045e-06 6.66063e-06 8.36324e-06 9.64101e-06 1.02302e-05 1.00743e-05 9.26165e-06 7.92165e-06 6.2542e-06 4.53993e-06 3.02488e-06 1.85965e-06 1.06439e-06 5.7306e-07 2.94402e-07 1.47432e-07 7.50753e-08 4.12494e-08 2.51278e-08 1.64118e-08 1.09824e-08 7.34749e-09 4.86706e-09 3.17605e-09 2.03304e-09 1.27366e-09 7.85286e-10 4.86693e-10 3.10146e-10 1.93844e-10 9.75013e-11 
5.00418e-10 1.09235e-09 1.91285e-09 3.00406e-09 4.4879e-09 6.58861e-09 9.70344e-09 1.45413e-08 2.238e-08 3.5538e-08 5.82221e-08 9.79781e-08 1.67992e-07 2.90318e-07 4.99073e-07 8.40257e-07 1.36525e-06 2.11768e-06 3.10548e-06 4.2569e-06 5.40307e-06 6.3228e-06 6.83888e-06 6.90281e-06 6.57572e-06 5.93469e-06 5.03667e-06 3.97398e-06 2.89408e-06 1.9394e-06 1.20016e-06 6.90975e-07 3.73768e-07 1.92681e-07 9.6823e-08 4.94884e-08 2.72531e-08 1.65875e-08 1.08021e-08 7.20176e-09 4.7963e-09 3.15842e-09 2.04555e-09 1.29768e-09 8.05429e-10 4.93036e-10 3.04295e-10 1.90494e-10 1.09429e-10 4.57945e-11 
2.44724e-10 6.01821e-10 1.15562e-09 1.90257e-09 2.91639e-09 4.34509e-09 6.45193e-09 9.70344e-09 1.49332e-08 2.36389e-08 3.85111e-08 6.4328e-08 1.09367e-07 1.87363e-07 3.19477e-07 5.34472e-07 8.65215e-07 1.34071e-06 1.96957e-06 2.7143e-06 3.4776e-06 4.12357e-06 4.53307e-06 4.66143e-06 4.54427e-06 4.244e-06 3.79568e-06 3.21232e-06 2.53596e-06 1.85062e-06 1.24403e-06 7.72577e-07 4.46305e-07 2.42187e-07 1.25238e-07 6.31725e-08 3.24272e-08 1.79022e-08 1.08841e-08 7.0637e-09 4.68925e-09 3.10712e-09 2.03304e-09 1.30625e-09 8.21021e-10 5.04882e-10 3.06977e-10 1.88106e-10 1.133e-10 5.62123e-11 
3.08493e-10 6.72026e-10 1.18138e-09 1.87395e-09 2.8452e-09 4.26892e-09 6.45193e-09 9.938e-09 1.56949e-08 2.54438e-08 4.22117e-08 7.11962e-08 1.20956e-07 2.04621e-07 3.40147e-07 5.48431e-07 8.48548e-07 1.248e-06 1.72761e-06 2.23179e-06 2.67796e-06 2.98731e-06 3.12145e-06 3.09515e-06 2.95309e-06 2.73077e-06 2.43375e-06 2.05742e-06 1.62366e-06 1.18482e-06 7.96956e-07 4.95548e-07 2.86771e-07 1.55981e-07 8.09115e-08 4.09899e-08 2.11426e-08 1.17028e-08 7.1038e-09 4.59088e-09 3.03208e-09 1.99731e-09 1.29768e-09 8.26704e-10 5.14638e-10 3.13589e-10 1.89338e-10 1.14217e-10 6.38003e-11 2.65866e-11 
1.51031e-10 3.70352e-10 7.13577e-10 1.18588e-09 1.84551e-09 2.80607e-09 4.26892e-09 6.58861e-09 1.03903e-08 1.67748e-08 2.76599e-08 4.63095e-08 7.80579e-08 1.31054e-07 2.1649e-07 3.47592e-07 5.36797e-07 7.90008e-07 1.09773e-06 1.42848e-06 1.73262e-06 1.95908e-06 2.07753e-06 2.09026e-06 2.02427e-06 1.90985e-06 1.75981e-06 1.56645e-06 1.32206e-06 1.04101e-06 7.5798e-07 5.09128e-07 3.16457e-07 1.83264e-07 9.9876e-08 5.19823e-08 2.64652e-08 1.37256e-08 7.61795e-09 4.61403e-09 2.96616e-09 1.94683e-09 1.27366e-09 8.21021e-10 5.18287e-10 3.19462e-10 1.92911e-10 1.15407e-10 6.72833e-11 3.281e-11 
1.8994e-10 4.1461e-10 7.35017e-10 1.18218e-09 1.82872e-09 2.80607e-09 4.34509e-09 6.84926e-09 1.1022e-08 1.80776e-08 3.00646e-08 5.03067e-08 8.38604e-08 1.3769e-07 2.20131e-07 3.39235e-07 4.99386e-07 6.96087e-07 9.11692e-07 1.11668e-06 1.27854e-06 1.37492e-06 1.40241e-06 1.37509e-06 1.31427e-06 1.23503e-06 1.13748e-06 1.01112e-06 8.50544e-07 6.66877e-07 4.83606e-07 3.23884e-07 2.0102e-07 1.16427e-07 6.35694e-08 3.32114e-08 1.70062e-08 8.87498e-09 4.93977e-09 2.98317e-09 1.90526e-09 1.24106e-09 8.05429e-10 5.14638e-10 3.21727e-10 1.96329e-10 1.17468e-10 6.9156e-11 3.76599e-11 1.5668e-11 
9.31704e-11 2.28254e-10 4.42753e-10 7.44824e-10 1.17854e-09 1.82872e-09 2.8452e-09 4.4879e-09 7.20549e-09 1.17654e-08 1.94516e-08 3.23326e-08 5.3542e-08 8.74045e-08 1.39151e-07 2.13956e-07 3.14949e-07 4.40158e-07 5.7979e-07 7.16457e-07 8.29839e-07 9.04238e-07 9.34594e-07 9.27177e-07 8.95101e-07 8.50974e-07 7.99778e-07 7.36663e-07 6.52961e-07 5.46353e-07 4.2578e-07 3.07089e-07 2.04849e-07 1.26866e-07 7.34669e-08 4.01944e-08 2.10928e-08 1.08741e-08 5.71557e-09 3.19103e-09 1.92004e-09 1.2166e-09 7.85286e-10 5.04882e-10 3.19462e-10 1.97695e-10 1.19458e-10 7.07073e-11 4.0314e-11 1.9376e-11 
1.17051e-10 2.56402e-10 4.59022e-10 7.48607e-10 1.17854e-09 1.84551e-09 2.91639e-09 4.67633e-09 7.60872e-09 1.2516e-08 2.06821e-08 3.4044e-08 5.52783e-08 8.7651e-08 1.34461e-07 1.97879e-07 2.77154e-07 3.66914e-07 4.57024e-07 5.34971e-07 5.90159e-07 6.17773e-07 6.19964e-07 6.04063e-07 5.78875e-07 5.50263e-07 5.18022e-07 4.76639e-07 4.20431e-07 3.49286e-07 2.70181e-07 1.93614e-07 1.28554e-07 7.94148e-08 4.59805e-08 2.52184e-08 1.33052e-08 6.9148e-09 3.66476e-09 2.05303e-09 1.22996e-09 7.72089e-10 4.93036e-10 3.13589e-10 1.96329e-10 1.20274e-10 7.19869e-11 4.19223e-11 2.24427e-11 9.39002e-12 
5.75856e-11 1.40726e-10 2.7463e-10 4.66666e-10 7.48607e-10 1.18218e-09 1.87395e-09 3.00406e-09 4.87524e-09 7.9863e-09 1.31303e-08 2.1499e-08 3.47401e-08 5.48791e-08 8.4e-08 1.2357e-07 1.73392e-07 2.30562e-07 2.89234e-07 3.41819e-07 3.81385e-07 4.04054e-07 4.10069e-07 4.03209e-07 3.88994e-07 3.72249e-07 3.54769e-07 3.34412e-07 3.06785e-07 2.68772e-07 2.21385e-07 1.69812e-07 1.20834e-07 7.98299e-08 4.91875e-08 2.84829e-08 1.56723e-08 8.3242e-09 4.36812e-09 2.33735e-09 1.31444e-09 7.83634e-10 4.86693e-10 3.06977e-10 1.92911e-10 1.19458e-10 7.25059e-11 4.29676e-11 2.42755e-11 1.15874e-11 
7.2106e-11 1.57896e-10 2.83889e-10 4.66666e-10 7.44824e-10 1.18588e-09 1.90257e-09 3.08266e-09 5.03349e-09 8.24086e-09 1.34321e-08 2.16133e-08 3.40283e-08 5.19778e-08 7.643e-08 1.07412e-07 1.43378e-07 1.81e-07 2.15748e-07 2.43213e-07 2.60546e-07 2.6727e-07 2.65168e-07 2.57457e-07 2.47516e-07 2.37448e-07 2.27049e-07 2.13975e-07 1.95317e-07 1.69687e-07 1.38443e-07 1.05245e-07 7.4345e-08 4.88702e-08 3.00418e-08 1.74104e-08 9.62249e-09 5.15398e-09 2.73584e-09 1.47997e-09 8.35845e-10 4.95703e-10 3.04295e-10 1.89338e-10 1.17468e-10 7.19869e-11 4.3366e-11 2.5351e-11 1.35076e-11 5.74436e-12 
3.56696e-11 8.61458e-11 1.6731e-10 2.83889e-10 4.59022e-10 7.35017e-10 1.18138e-09 1.91285e-09 3.1161e-09 5.08475e-09 8.25698e-09 1.32388e-08 2.07835e-08 3.16896e-08 4.6579e-08 6.55473e-08 8.77905e-08 1.11441e-07 1.33846e-07 1.52277e-07 1.64777e-07 1.7071e-07 1.70823e-07 1.66885e-07 1.61044e-07 1.55028e-07 1.49388e-07 1.4322e-07 1.34681e-07 1.22104e-07 1.05081e-07 8.4875e-08 6.39383e-08 4.48422e-08 2.93396e-08 1.80065e-08 1.0456e-08 5.8143e-09 3.14684e-09 1.69281e-09 9.26708e-10 5.2575e-10 3.10146e-10 1.88106e-10 1.15407e-10 7.07073e-11 4.29676e-11 2.57405e-11 1.46706e-11 7.03973e-12 
4.40998e-11 9.46845e-11 1.6731e-10 2.7463e-10 4.42753e-10 7.13577e-10 1.15562e-09 1.87978e-09 3.05979e-09 4.95425e-09 7.92083e-09 1.24061e-08 1.88889e-08 2.77565e-08 3.91071e-08 5.25331e-08 6.70097e-08 8.10189e-08 9.29258e-08 1.01457e-07 1.06054e-07 1.06967e-07 1.05113e-07 1.01765e-07 9.81316e-08 9.48919e-08 9.18829e-08 8.81768e-08 8.25732e-08 7.4251e-08 6.32556e-08 5.05772e-08 3.77659e-08 2.63106e-08 1.71483e-08 1.05195e-08 6.13012e-09 3.43633e-09 1.88289e-09 1.02775e-09 5.6952e-10 3.24545e-10 1.90494e-10 1.14217e-10 6.9156e-11 4.19223e-11 2.5351e-11 1.51015e-11 8.19195e-12 3.5985e-12 
2.2081e-11 5.09888e-11 9.46845e-11 1.57896e-10 2.56402e-10 4.1461e-10 6.72026e-10 1.09235e-09 1.77509e-09 2.86812e-09 4.57606e-09 7.15544e-09 1.08844e-08 1.59949e-08 2.25646e-08 3.03953e-08 3.89421e-08 4.73657e-08 5.47244e-08 6.02348e-08 6.34836e-08 6.45087e-08 6.37511e-08 6.19129e-08 5.97492e-08 5.78135e-08 5.62318e-08 5.46395e-08 5.23573e-08 4.87199e-08 4.33982e-08 3.65856e-08 2.89636e-08 2.14493e-08 1.48567e-08 9.65654e-09 5.92918e-09 3.47295e-09 1.96557e-09 1.09147e-09 6.04489e-10 3.38796e-10 1.93844e-10 1.133e-10 6.72833e-11 4.0314e-11 2.42755e-11 1.46706e-11 8.65023e-12 4.31592e-12 
2.60145e-11 5.09888e-11 8.61458e-11 1.40726e-10 2.28254e-10 3.70352e-10 6.01821e-10 9.76968e-10 1.57649e-09 2.51229e-09 3.92544e-09 5.97068e-09 8.78121e-09 1.24118e-08 1.67734e-08 2.15915e-08 2.64255e-08 3.07619e-08 3.41484e-08 3.63119e-08 3.72146e-08 3.70424e-08 3.61444e-08 3.49376e-08 3.37833e-08 3.28587e-08 3.20819e-08 3.11486e-08 2.96701e-08 2.73421e-08 2.40783e-08 2.00679e-08 1.57268e-08 1.15536e-08 7.95995e-09 5.16269e-09 3.17468e-09 1.8698e-09 1.06829e-09 6.00552e-10 3.36833e-10 1.90579e-10 1.09429e-10 6.38003e-11 3.76599e-11 2.24427e-11 1.35076e-11 8.19195e-12 4.75267e-12 2.27804e-12 
1.31991e-11 2.60145e-11 4.40998e-11 7.2106e-11 1.17051e-10 1.8994e-10 3.08493e-10 5.00418e-10 8.07031e-10 1.286e-09 2.01081e-09 3.06375e-09 4.51892e-09 6.4143e-09 8.71847e-09 1.13073e-08 1.39685e-08 1.64429e-08 1.84878e-08 1.9937e-08 2.07339e-08 2.09323e-08 2.06728e-08 2.01427e-08 1.95256e-08 1.89456e-08 1.84252e-08 1.78781e-08 1.71473e-08 1.60711e-08 1.45492e-08 1.25913e-08 1.03296e-08 7.98671e-09 5.80436e-09 3.96751e-09 2.561e-09 1.57263e-09 9.28275e-10 5.33368e-10 3.02316e-10 1.71078e-10 9.75013e-11 5.62123e-11 3.281e-11 1.9376e-11 1.15874e-11 7.03973e-12 4.31592e-12 2.47587e-12 
1.31991e-11 2.2081e-11 3.56696e-11 5.75856e-11 9.31704e-11 1.51031e-10 2.44724e-10 3.94698e-10 6.29999e-10 9.88674e-10 1.51529e-09 2.2538e-09 3.23472e-09 4.4587e-09 5.88279e-09 7.41815e-09 8.9442e-09 1.03354e-08 1.14893e-08 1.23448e-08 1.28867e-08 1.31385e-08 1.31492e-08 1.29757e-08 1.26674e-08 1.22524e-08 1.17315e-08 1.10822e-08 1.02709e-08 9.27205e-09 8.08733e-09 6.75993e-09 5.37544e-09 4.0445e-09 2.87151e-09 1.92466e-09 1.22267e-09 7.41677e-10 4.34193e-10 2.48461e-10 1.40812e-10 7.99301e-11 4.57945e-11 2.65866e-11 1.5668e-11 9.39002e-12 5.74436e-12 3.5985e-12 2.27804e-12 1.37285e-12 
