1 101 51
0 9.14272e-16 8.81344e-16 8.58115e-16 1.68786e-15 2.52669e-15 4.27202e-15 7.02567e-15 1.0903e-14 1.69137e-14 2.70603e-14 4.33741e-14 6.87519e-14 1.06861e-13 1.6206e-13 2.42362e-13 3.56493e-13 5.12217e-13 7.21555e-13 9.92436e-13 1.33274e-12 1.74262e-12 2.2141e-12 2.72952e-12 3.25713e-12 3.76096e-12 4.19595e-12 4.52042e-12 4.70232e-12 4.72283e-12 4.57893e-12 4.28884e-12 3.88258e-12 3.40008e-12 2.88413e-12 2.37317e-12 1.89699e-12 1.47645e-12 1.12135e-12 8.33303e-13 6.06724e-13 4.34877e-13 3.07911e-13 2.14901e-13 1.48881e-13 1.02864e-13 7.08579e-14 4.78714e-14 3.19106e-14 1.79772e-14 1.79772e-14 
0 9.23042e-16 1.76078e-15 2.53588e-15 4.09062e-15 5.62476e-15 8.84775e-15 1.3933e-14 2.19787e-14 3.50556e-14 5.62876e-14 8.89186e-14 1.40869e-13 2.18076e-13 3.32745e-13 4.97336e-13 7.26204e-13 1.03559e-12 1.44012e-12 1.95271e-12 2.57818e-12 3.31447e-12 4.14849e-12 5.05027e-12 5.97529e-12 6.86256e-12 7.6446e-12 8.25264e-12 8.62669e-12 8.72584e-12 8.53849e-12 8.08177e-12 7.40036e-12 6.55997e-12 5.63314e-12 4.69196e-12 3.79658e-12 2.98939e-12 2.29531e-12 1.72329e-12 1.26713e-12 9.16193e-13 6.52618e-13 4.59212e-13 3.20552e-13 2.22067e-13 1.53042e-13 1.03697e-13 6.91665e-14 4.35902e-14 1.79772e-14 
9.23042e-16 2.67111e-15 4.2539e-15 6.54609e-15 9.56498e-15 1.42257e-14 2.23427e-14 3.51382e-14 5.4844e-14 8.7346e-14 1.38115e-13 2.17346e-13 3.37251e-13 5.17355e-13 7.75402e-13 1.13719e-12 1.62632e-12 2.26405e-12 3.06502e-12 4.03327e-12 5.15812e-12 6.41139e-12 7.74758e-12 9.10043e-12 1.03927e-11 1.15351e-11 1.2437e-11 1.30173e-11 1.32191e-11 1.30144e-11 1.24176e-11 1.14794e-11 1.02824e-11 8.92878e-12 7.5224e-12 6.15661e-12 4.90389e-12 3.80759e-12 2.88916e-12 2.14753e-12 1.56742e-12 1.12697e-12 7.9982e-13 5.61968e-13 3.90939e-13 2.70759e-13 1.86224e-13 1.25905e-13 8.12552e-14 4.35902e-14 4.35902e-14 
9.14272e-16 2.67111e-15 5.11155e-15 8.14242e-15 1.18027e-14 1.77817e-14 2.70855e-14 4.17249e-14 6.55954e-14 1.03873e-13 1.63067e-13 2.57181e-13 4.00939e-13 6.16497e-13 9.32157e-13 1.3805e-12 1.99329e-12 2.8025e-12 3.83135e-12 5.08589e-12 6.55306e-12 8.19564e-12 9.95407e-12 1.17435e-11 1.34661e-11 1.50114e-11 1.62697e-11 1.71418e-11 1.75476e-11 1.74427e-11 1.68249e-11 1.57416e-11 1.42814e-11 1.25663e-11 1.07284e-11 8.89791e-12 7.17878e-12 5.64419e-12 4.33408e-12 3.25735e-12 2.40322e-12 1.74467e-12 1.24982e-12 8.85804e-13 6.21833e-13 4.33204e-13 2.99565e-13 2.05092e-13 1.35753e-13 8.12552e-14 3.19106e-14 
1.76078e-15 5.11155e-15 8.92702e-15 1.40036e-14 1.96848e-14 3.00242e-14 4.54503e-14 6.97529e-14 1.08766e-13 1.70647e-13 2.66887e-13 4.1679e-13 6.44181e-13 9.80375e-13 1.46616e-12 2.14192e-12 3.05057e-12 4.22679e-12 5.68626e-12 7.42195e-12 9.39622e-12 1.15397e-11 1.37553e-11 1.59229e-11 1.7914e-11 1.95968e-11 2.08499e-11 2.1572e-11 2.1695e-11 2.11967e-11 2.01039e-11 1.85008e-11 1.65176e-11 1.43099e-11 1.20399e-11 9.85005e-12 7.84887e-12 6.10455e-12 4.64483e-12 3.46635e-12 2.54405e-12 1.84111e-12 1.31646e-12 9.32466e-13 6.55204e-13 4.56597e-13 3.15657e-13 2.12988e-13 1.35753e-13 6.91665e-14 6.91665e-14 
8.81344e-16 4.2539e-15 8.92702e-15 1.39205e-14 2.08781e-14 3.07341e-14 4.60944e-14 6.98591e-14 1.07626e-13 1.66483e-13 2.60041e-13 4.04163e-13 6.25346e-13 9.5757e-13 1.44326e-12 2.13186e-12 3.07782e-12 4.32603e-12 5.91013e-12 7.83364e-12 1.00694e-11 1.2546e-11 1.516e-11 1.77748e-11 2.02409e-11 2.24025e-11 2.41153e-11 2.52545e-11 2.57267e-11 2.54805e-11 2.45198e-11 2.29083e-11 2.07697e-11 1.82736e-11 1.56093e-11 1.29593e-11 1.04741e-11 8.2568e-12 6.364e-12 4.80691e-12 3.56819e-12 2.60944e-12 1.8848e-12 1.34756e-12 9.55067e-13 6.71917e-13 4.69353e-13 3.22772e-13 2.12988e-13 1.25905e-13 4.78714e-14 
2.53588e-15 8.14242e-15 1.39205e-14 2.14565e-14 3.09139e-14 4.55524e-14 6.81026e-14 1.03876e-13 1.58857e-13 2.44468e-13 3.78344e-13 5.84149e-13 8.95051e-13 1.35621e-12 2.02303e-12 2.95546e-12 4.21409e-12 5.84884e-12 7.88191e-12 1.03001e-11 1.30471e-11 1.60149e-11 1.90613e-11 2.20145e-11 2.4695e-11 2.69325e-11 2.85749e-11 2.95031e-11 2.96352e-11 2.89428e-11 2.74614e-11 2.52956e-11 2.2614e-11 1.96233e-11 1.65439e-11 1.35687e-11 1.08483e-11 8.47319e-12 6.48228e-12 4.86952e-12 3.60173e-12 2.62885e-12 1.89856e-12 1.35917e-12 9.65579e-13 6.80668e-13 4.7391e-13 3.22772e-13 2.05092e-13 1.03697e-13 1.03697e-13 
8.58115e-16 6.54609e-15 1.40036e-14 2.14565e-14 3.13517e-14 4.5406e-14 6.69433e-14 9.95956e-14 1.50333e-13 2.28462e-13 3.49115e-13 5.34882e-13 8.18204e-13 1.24091e-12 1.86134e-12 2.74535e-12 3.965e-12 5.58567e-12 7.65206e-12 1.01748e-11 1.31155e-11 1.63791e-11 1.98196e-11 2.32526e-11 2.6474e-11 2.92839e-11 3.15007e-11 3.29759e-11 3.35985e-11 3.33051e-11 3.20956e-11 3.00424e-11 2.72973e-11 2.40732e-11 2.06184e-11 1.71704e-11 1.39289e-11 1.10313e-11 8.55034e-12 6.50368e-12 4.86805e-12 3.59339e-12 2.62336e-12 1.89698e-12 1.36103e-12 9.68646e-13 6.83735e-13 4.7391e-13 3.15657e-13 1.86224e-13 7.08579e-14 
4.09062e-15 1.18027e-14 2.08781e-14 3.13517e-14 4.49834e-14 6.57308e-14 9.63724e-14 1.42806e-13 2.14379e-13 3.23038e-13 4.89154e-13 7.42013e-13 1.12149e-12 1.68325e-12 2.49664e-12 3.63981e-12 5.19489e-12 7.2269e-12 9.77423e-12 1.28254e-11 1.63073e-11 2.00848e-11 2.39671e-11 2.773e-11 3.11433e-11 3.39899e-11 3.60899e-11 3.73007e-11 3.75243e-11 3.67219e-11 3.49268e-11 3.22582e-11 2.892e-11 2.51722e-11 2.12944e-11 1.75357e-11 1.40885e-11 1.107e-11 8.53003e-12 6.46397e-12 4.82854e-12 3.56398e-12 2.60548e-12 1.88871e-12 1.35865e-12 9.70319e-13 6.83735e-13 4.69353e-13 2.99565e-13 1.53042e-13 1.53042e-13 
1.68786e-15 9.56498e-15 1.96848e-14 3.09139e-14 4.49834e-14 6.44647e-14 9.34459e-14 1.36919e-13 2.03033e-13 3.02126e-13 4.50894e-13 6.75776e-13 1.01291e-12 1.51304e-12 2.24438e-12 3.28923e-12 4.73901e-12 6.68037e-12 9.17709e-12 1.22517e-11 1.58628e-11 1.98978e-11 2.41731e-11 2.84534e-11 3.24773e-11 3.59927e-11 3.87799e-11 4.06617e-11 4.15065e-11 4.12381e-11 3.98448e-11 3.74033e-11 3.40888e-11 3.01616e-11 2.59258e-11 2.16816e-11 1.76788e-11 1.40884e-11 1.10037e-11 8.44527e-12 6.38729e-12 4.77078e-12 3.52689e-12 2.58479e-12 1.88023e-12 1.35713e-12 9.70319e-13 6.80668e-13 4.56597e-13 2.70759e-13 1.02864e-13 
5.62476e-15 1.77817e-14 3.07341e-14 4.5406e-14 6.44647e-14 9.27125e-14 1.3373e-13 1.95373e-13 2.8663e-13 4.22243e-13 6.24438e-13 9.23587e-13 1.36652e-12 2.01593e-12 2.953e-12 4.27412e-12 6.07974e-12 8.4614e-12 1.14734e-11 1.51164e-11 1.93118e-11 2.38982e-11 2.864e-11 3.32577e-11 3.74586e-11 4.0979e-11 4.36005e-11 4.51567e-11 4.55327e-11 4.46759e-11 4.26133e-11 3.9477e-11 3.55063e-11 3.10184e-11 2.63522e-11 2.18147e-11 1.76394e-11 1.39698e-11 1.08655e-11 8.32297e-12 6.29428e-12 4.70902e-12 3.49166e-12 2.56868e-12 1.87565e-12 1.35713e-12 9.68646e-13 6.71917e-13 4.33204e-13 2.22067e-13 2.22067e-13 
2.52669e-15 1.42257e-14 3.00242e-14 4.55524e-14 6.57308e-14 9.27125e-14 1.32228e-13 1.90061e-13 2.76224e-13 4.02583e-13 5.86873e-13 8.56748e-13 1.25162e-12 1.82698e-12 2.65846e-12 3.84208e-12 5.48613e-12 7.70172e-12 1.05778e-11 1.41543e-11 1.8399e-11 2.31901e-11 2.83091e-11 3.34685e-11 3.83449e-11 4.26259e-11 4.60413e-11 4.83832e-11 4.95013e-11 4.93e-11 4.77591e-11 4.49578e-11 4.1099e-11 3.64906e-11 3.14975e-11 2.6479e-11 2.17313e-11 1.74584e-11 1.37679e-11 1.06867e-11 8.18635e-12 6.20087e-12 4.6536e-12 3.46465e-12 2.55935e-12 1.87565e-12 1.35865e-12 9.65579e-13 6.55204e-13 3.90939e-13 1.48881e-13 
8.84775e-15 2.70855e-14 4.60944e-14 6.69433e-14 9.34459e-14 1.32228e-13 1.87901e-13 2.6979e-13 3.8938e-13 5.62015e-13 8.1045e-13 1.16844e-12 1.68293e-12 2.42179e-12 3.47382e-12 4.94942e-12 6.96984e-12 9.65002e-12 1.30718e-11 1.72556e-11 2.21271e-11 2.75095e-11 3.31246e-11 3.86322e-11 4.36718e-11 4.79179e-11 5.11074e-11 5.30473e-11 5.36048e-11 5.27134e-11 5.03987e-11 4.68117e-11 4.22332e-11 3.70368e-11 3.1622e-11 2.63462e-11 2.14771e-11 1.71782e-11 1.35184e-11 1.04939e-11 8.05285e-12 6.12087e-12 4.61357e-12 3.4499e-12 2.55935e-12 1.88023e-12 1.36103e-12 9.55067e-13 6.21833e-13 3.20552e-13 3.20552e-13 
4.27202e-15 2.23427e-14 4.54503e-14 6.81026e-14 9.63724e-14 1.3373e-13 1.87901e-13 2.67145e-13 3.81617e-13 5.46255e-13 7.80528e-13 1.1121e-12 1.58214e-12 2.24794e-12 3.18756e-12 4.5038e-12 6.32159e-12 8.77199e-12 1.19725e-11 1.59908e-11 2.08158e-11 2.63249e-11 3.22766e-11 3.83303e-11 4.40932e-11 4.91801e-11 5.32628e-11 5.60929e-11 5.74957e-11 5.73635e-11 5.56697e-11 5.25086e-11 4.81182e-11 4.28621e-11 3.71641e-11 3.14349e-11 2.6006e-11 2.11024e-11 1.6842e-11 1.32545e-11 1.03095e-11 7.93957e-12 6.06214e-12 4.59186e-12 3.4499e-12 2.56868e-12 1.88871e-12 1.35917e-12 9.32466e-13 5.61968e-13 2.14901e-13 
1.3933e-14 4.17249e-14 6.98591e-14 9.95956e-14 1.36919e-13 1.90061e-13 2.67145e-13 3.7805e-13 5.3713e-13 7.62052e-13 1.07702e-12 1.51665e-12 2.12935e-12 2.98184e-12 4.16596e-12 5.79699e-12 8.01215e-12 1.09505e-11 1.47255e-11 1.93857e-11 2.48767e-11 3.1017e-11 3.74937e-11 4.39025e-11 4.98066e-11 5.48041e-11 5.85779e-11 6.08994e-11 6.16174e-11 6.06598e-11 5.80631e-11 5.40149e-11 4.88486e-11 4.29998e-11 3.69185e-11 3.09956e-11 2.5518e-11 2.06598e-11 1.64904e-11 1.30061e-11 1.01546e-11 7.85767e-12 6.03115e-12 4.59186e-12 3.46465e-12 2.58479e-12 1.89698e-12 1.34756e-12 8.85804e-13 4.59212e-13 4.59212e-13 
7.02567e-15 3.51382e-14 6.97529e-14 1.03876e-13 1.42806e-13 1.95373e-13 2.6979e-13 3.7805e-13 5.32973e-13 7.51709e-13 1.05669e-12 1.47676e-12 2.05484e-12 2.84633e-12 3.93013e-12 5.40785e-12 7.41008e-12 1.0083e-11 1.35701e-11 1.79731e-11 2.3313e-11 2.94821e-11 3.62265e-11 4.31591e-11 4.98116e-11 5.57137e-11 6.04645e-11 6.37641e-11 6.54093e-11 6.5282e-11 6.33688e-11 5.97994e-11 5.48702e-11 4.90077e-11 4.26922e-11 3.63655e-11 3.0375e-11 2.49484e-11 2.02004e-11 1.61605e-11 1.2797e-11 1.00426e-11 7.81519e-12 6.03115e-12 4.61357e-12 3.49166e-12 2.60548e-12 1.89856e-12 1.31646e-12 7.9982e-13 3.07911e-13 
2.19787e-14 6.55954e-14 1.07626e-13 1.50333e-13 2.03033e-13 2.76224e-13 3.81617e-13 5.32973e-13 7.47394e-13 1.04544e-12 1.45422e-12 2.01084e-12 2.76341e-12 3.77863e-12 5.14429e-12 6.97511e-12 9.41203e-12 1.26081e-11 1.67061e-11 2.17895e-11 2.78379e-11 3.46779e-11 4.19748e-11 4.92622e-11 5.60151e-11 6.17455e-11 6.60638e-11 6.86969e-11 6.94788e-11 6.83453e-11 6.53722e-11 6.08089e-11 5.50671e-11 4.86401e-11 4.20158e-11 3.55928e-11 2.96539e-11 2.43587e-11 1.97715e-11 1.58849e-11 1.26462e-11 9.98375e-12 7.81519e-12 6.06214e-12 4.6536e-12 3.52689e-12 2.62336e-12 1.8848e-12 1.24982e-12 6.52618e-13 6.52618e-13 
1.0903e-14 5.4844e-14 1.08766e-13 1.58857e-13 2.14379e-13 2.8663e-13 3.8938e-13 5.3713e-13 7.47394e-13 1.04e-12 1.44172e-12 1.98581e-12 2.71536e-12 3.6889e-12 4.98046e-12 6.68941e-12 8.94003e-12 1.18828e-11 1.56741e-11 2.04476e-11 2.62589e-11 3.30325e-11 4.05153e-11 4.82809e-11 5.57847e-11 6.24569e-11 6.78067e-11 7.1472e-11 7.32214e-11 7.29422e-11 7.06591e-11 6.65722e-11 6.10662e-11 5.46438e-11 4.78293e-11 4.10693e-11 3.46953e-11 2.89093e-11 2.38095e-11 1.94126e-11 1.56862e-11 1.25682e-11 9.98375e-12 7.85767e-12 6.12087e-12 4.70902e-12 3.56398e-12 2.62885e-12 1.84111e-12 1.12697e-12 4.34877e-13 
3.50556e-14 1.03873e-13 1.66483e-13 2.28462e-13 3.02126e-13 4.02583e-13 5.46255e-13 7.51709e-13 1.04e-12 1.43643e-12 1.97245e-12 2.68896e-12 3.63741e-12 4.88368e-12 6.5145e-12 8.6381e-12 1.13875e-11 1.49178e-11 1.93826e-11 2.48986e-11 3.14802e-11 3.89778e-11 4.7045e-11 5.51548e-11 6.2688e-11 6.90479e-11 7.37617e-11 7.65176e-11 7.71458e-11 7.56209e-11 7.20948e-11 6.69187e-11 6.05995e-11 5.36914e-11 4.66898e-11 3.99691e-11 3.37694e-11 2.82168e-11 2.33505e-11 1.91559e-11 1.55835e-11 1.25682e-11 1.00426e-11 7.93957e-12 6.20087e-12 4.77078e-12 3.59339e-12 2.60944e-12 1.74467e-12 9.16193e-13 9.16193e-13 
1.69137e-14 8.7346e-14 1.70647e-13 2.44468e-13 3.23038e-13 4.22243e-13 5.62015e-13 7.62052e-13 1.04544e-12 1.43643e-12 1.96709e-12 2.675e-12 3.60805e-12 4.82944e-12 6.41423e-12 8.4587e-12 1.10803e-11 1.44184e-11 1.86287e-11 2.38554e-11 3.01833e-11 3.75662e-11 4.57639e-11 5.43142e-11 6.25858e-11 6.9893e-11 7.56444e-11 7.94202e-11 8.09837e-11 8.02597e-11 7.73508e-11 7.25732e-11 6.64285e-11 5.9503e-11 5.23406e-11 4.53595e-11 3.88325e-11 3.29072e-11 2.76382e-11 2.3022e-11 1.90222e-11 1.55835e-11 1.26462e-11 1.01546e-11 8.05285e-12 6.29428e-12 4.82854e-12 3.60173e-12 2.54405e-12 1.56742e-12 6.06724e-13 
5.62876e-14 1.63067e-13 2.60041e-13 3.49115e-13 4.50894e-13 5.86873e-13 7.80528e-13 1.05669e-12 1.44172e-12 1.96709e-12 2.66842e-12 3.59333e-12 4.79784e-12 6.35587e-12 8.35452e-12 1.08997e-11 1.41186e-11 1.81525e-11 2.31508e-11 2.92367e-11 3.64454e-11 4.46471e-11 5.34789e-11 6.23443e-11 7.05055e-11 7.72508e-11 8.20359e-11 8.45361e-11 8.46245e-11 8.23585e-11 7.80158e-11 7.2088e-11 6.51921e-11 5.79229e-11 5.07507e-11 4.39801e-11 3.77722e-11 3.21866e-11 2.72237e-11 2.28508e-11 1.90222e-11 1.56862e-11 1.2797e-11 1.03095e-11 8.18635e-12 6.38729e-12 4.86805e-12 3.56819e-12 2.40322e-12 1.26713e-12 1.26713e-12 
2.70603e-14 1.38115e-13 2.66887e-13 3.78344e-13 4.89154e-13 6.24438e-13 8.1045e-13 1.07702e-12 1.45422e-12 1.97245e-12 2.66842e-12 3.58652e-12 4.78072e-12 6.32147e-12 8.29187e-12 1.07943e-11 1.39455e-11 1.78778e-11 2.27332e-11 2.86462e-11 3.57005e-11 4.38561e-11 5.28585e-11 6.21851e-11 7.109e-11 7.8765e-11 8.45294e-11 8.79469e-11 8.8828e-11 8.71936e-11 8.32862e-11 7.75828e-11 7.07241e-11 6.33677e-11 5.60441e-11 4.90942e-11 4.26895e-11 3.6885e-11 3.16701e-11 2.70076e-11 2.28508e-11 1.91559e-11 1.58849e-11 1.30061e-11 1.04939e-11 8.32297e-12 6.46397e-12 4.86952e-12 3.46635e-12 2.14753e-12 8.33303e-13 
8.89186e-14 2.57181e-13 4.04163e-13 5.34882e-13 6.75776e-13 8.56748e-13 1.1121e-12 1.47676e-12 1.98581e-12 2.675e-12 3.58652e-12 4.77265e-12 6.30082e-12 8.25134e-12 1.0726e-11 1.38389e-11 1.77205e-11 2.25074e-11 2.8337e-11 3.5314e-11 4.34568e-11 5.2601e-11 6.23137e-11 7.18771e-11 8.04184e-11 8.71246e-11 9.14278e-11 9.30601e-11 9.20094e-11 8.84929e-11 8.29748e-11 7.61197e-11 6.86504e-11 6.11699e-11 5.40709e-11 4.75377e-11 4.16086e-11 3.62489e-11 3.14012e-11 2.70076e-11 2.3022e-11 1.94126e-11 1.61605e-11 1.32545e-11 1.06867e-11 8.44527e-12 6.50368e-12 4.80691e-12 3.25735e-12 1.72329e-12 1.72329e-12 
4.33741e-14 2.17346e-13 4.1679e-13 5.84149e-13 7.42013e-13 9.23587e-13 1.16844e-12 1.51665e-12 2.01084e-12 2.68896e-12 3.59333e-12 4.77265e-12 6.29071e-12 8.22536e-12 1.06768e-11 1.37617e-11 1.76141e-11 2.23779e-11 2.81942e-11 3.51854e-11 4.3403e-11 5.27471e-11 6.28602e-11 7.3069e-11 8.24613e-11 9.01008e-11 9.52701e-11 9.76011e-11 9.7051e-11 9.38324e-11 8.84071e-11 8.14658e-11 7.37994e-11 6.61031e-11 5.88367e-11 5.22062e-11 4.6229e-11 4.0832e-11 3.59176e-11 3.14012e-11 2.72237e-11 2.33505e-11 1.97715e-11 1.64904e-11 1.35184e-11 1.08655e-11 8.53003e-12 6.48228e-12 4.64483e-12 2.88916e-12 1.12135e-12 
1.40869e-13 4.00939e-13 6.25346e-13 8.18204e-13 1.01291e-12 1.25162e-12 1.58214e-12 2.05484e-12 2.71536e-12 3.60805e-12 4.78072e-12 6.29071e-12 8.21241e-12 1.06417e-11 1.36979e-11 1.75237e-11 2.22746e-11 2.81113e-11 3.51785e-11 4.35625e-11 5.32127e-11 6.38291e-11 7.47777e-11 8.51119e-11 9.37664e-11 9.98447e-11 1.02845e-10 1.0269e-10 9.96202e-11 9.41274e-11 8.6936e-11 7.89179e-11 7.0876e-11 6.33603e-11 5.66117e-11 5.063e-11 4.52871e-11 4.04272e-11 3.59176e-11 3.16701e-11 2.76382e-11 2.38095e-11 2.02004e-11 1.6842e-11 1.37679e-11 1.10037e-11 8.55034e-12 6.364e-12 4.33408e-12 2.29531e-12 2.29531e-12 
6.87519e-14 3.37251e-13 6.44181e-13 8.95051e-13 1.12149e-12 1.36652e-12 1.68293e-12 2.12935e-12 2.76341e-12 3.63741e-12 4.79784e-12 6.30082e-12 8.21241e-12 1.06224e-11 1.36492e-11 1.74388e-11 2.21664e-11 2.80184e-11 3.51779e-11 4.3779e-11 5.38289e-11 6.50883e-11 7.69593e-11 8.84597e-11 9.83714e-11 1.05555e-10 1.09297e-10 1.09454e-10 1.06336e-10 1.00529e-10 9.28316e-11 8.42096e-11 7.55984e-11 6.76664e-11 6.07108e-11 5.47167e-11 4.94905e-11 4.47949e-11 4.04272e-11 3.62489e-11 3.21866e-11 2.82168e-11 2.43587e-11 2.06598e-11 1.71782e-11 1.39698e-11 1.107e-11 8.47319e-12 6.10455e-12 3.80759e-12 1.47645e-12 
2.18076e-13 6.16497e-13 9.5757e-13 1.24091e-12 1.51304e-12 1.82698e-12 2.24794e-12 2.84633e-12 3.6889e-12 4.82944e-12 6.32147e-12 8.22536e-12 1.06224e-11 1.36221e-11 1.73708e-11 2.20555e-11 2.78939e-11 3.5117e-11 4.39263e-11 5.44111e-11 6.64211e-11 7.94185e-11 9.2403e-11 1.03991e-10 1.12717e-10 1.17504e-10 1.18024e-10 1.14664e-10 1.08207e-10 9.96237e-11 9.00171e-11 8.04863e-11 7.1857e-11 6.45129e-11 5.84305e-11 5.33391e-11 4.88945e-11 4.47949e-11 4.0832e-11 3.6885e-11 3.29072e-11 2.89093e-11 2.49484e-11 2.11024e-11 1.74584e-11 1.40884e-11 1.10313e-11 8.2568e-12 5.64419e-12 2.98939e-12 2.98939e-12 
1.06861e-13 5.17355e-13 9.80375e-13 1.35621e-12 1.68325e-12 2.01593e-12 2.42179e-12 2.98184e-12 3.77863e-12 4.88368e-12 6.35587e-12 8.25134e-12 1.06417e-11 1.36221e-11 1.73312e-11 2.19608e-11 2.77528e-11 3.49866e-11 4.39443e-11 5.4825e-11 6.76082e-11 8.1875e-11 9.66634e-11 1.10454e-10 1.214e-10 1.27882e-10 1.29131e-10 1.25479e-10 1.18004e-10 1.08019e-10 9.68828e-11 8.59128e-11 7.61461e-11 6.80992e-11 6.17568e-11 5.67569e-11 5.26142e-11 4.88945e-11 4.52871e-11 4.16086e-11 3.77722e-11 3.37694e-11 2.96539e-11 2.5518e-11 2.14771e-11 1.76394e-11 1.40885e-11 1.08483e-11 7.84887e-12 4.90389e-12 1.89699e-12 
3.32745e-13 9.32157e-13 1.44326e-12 1.86134e-12 2.24438e-12 2.65846e-12 3.18756e-12 3.93013e-12 4.98046e-12 6.41423e-12 8.29187e-12 1.06768e-11 1.36492e-11 1.73312e-11 2.19066e-11 2.76296e-11 3.48211e-11 4.38407e-11 5.50122e-11 6.8491e-11 8.40493e-11 1.00865e-10 1.17374e-10 1.31365e-10 1.40527e-10 1.43334e-10 1.39723e-10 1.30989e-10 1.19005e-10 1.05616e-10 9.24777e-11 8.09193e-11 7.16665e-11 6.4752e-11 5.97097e-11 5.58704e-11 5.26142e-11 4.94905e-11 4.6229e-11 4.26895e-11 3.88325e-11 3.46953e-11 3.0375e-11 2.6006e-11 2.17313e-11 1.76788e-11 1.39289e-11 1.04741e-11 7.17878e-12 3.79658e-12 3.79658e-12 
1.6206e-13 7.75402e-13 1.46616e-12 2.02303e-12 2.49664e-12 2.953e-12 3.47382e-12 4.16596e-12 5.14429e-12 6.5145e-12 8.35452e-12 1.0726e-11 1.36979e-11 1.73708e-11 2.19066e-11 2.75574e-11 3.46697e-11 4.36681e-11 5.49981e-11 6.9011e-11 8.57469e-11 1.04642e-10 1.24246e-10 1.42109e-10 1.55173e-10 1.60831e-10 1.58169e-10 1.48343e-10 1.33837e-10 1.17335e-10 1.01085e-10 8.68229e-11 7.56e-11 6.75876e-11 6.22288e-11 5.86169e-11 5.58704e-11 5.33391e-11 5.063e-11 4.75377e-11 4.39801e-11 3.99691e-11 3.55928e-11 3.09956e-11 2.63462e-11 2.18147e-11 1.75357e-11 1.35687e-11 9.85005e-12 6.15661e-12 2.37317e-12 
4.97336e-13 1.3805e-12 2.13186e-12 2.74535e-12 3.28923e-12 3.84208e-12 4.5038e-12 5.40785e-12 6.68941e-12 8.4587e-12 1.07943e-11 1.37617e-11 1.74388e-11 2.19608e-11 2.75574e-11 3.45802e-11 4.34987e-11 5.48577e-11 6.92044e-11 8.68878e-11 1.07725e-10 1.30573e-10 1.52964e-10 1.71213e-10 1.81415e-10 1.81232e-10 1.71132e-10 1.53959e-10 1.33477e-10 1.12981e-10 9.48477e-11 8.05773e-11 7.06369e-11 6.44595e-11 6.08681e-11 5.86169e-11 5.67569e-11 5.47167e-11 5.22062e-11 4.90942e-11 4.53595e-11 4.10693e-11 3.63655e-11 3.14349e-11 2.6479e-11 2.16816e-11 1.71704e-11 1.29593e-11 8.89791e-12 4.69196e-12 4.69196e-12 
2.42362e-13 1.13719e-12 2.14192e-12 2.95546e-12 3.63981e-12 4.27412e-12 4.94942e-12 5.79699e-12 6.97511e-12 8.6381e-12 1.08997e-11 1.38389e-11 1.75237e-11 2.20555e-11 2.76296e-11 3.45802e-11 4.33952e-11 5.46904e-11 6.91759e-11 8.75152e-11 1.0999e-10 1.35954e-10 1.63231e-10 1.87797e-10 2.04444e-10 2.08906e-10 2.00134e-10 1.80813e-10 1.55772e-10 1.29793e-10 1.06378e-10 8.7674e-11 7.45984e-11 6.67614e-11 6.2754e-11 6.08681e-11 5.97097e-11 5.84305e-11 5.66117e-11 5.40709e-11 5.07507e-11 4.66898e-11 4.20158e-11 3.69185e-11 3.1622e-11 2.63522e-11 2.12944e-11 1.65439e-11 1.20399e-11 7.5224e-12 2.88413e-12 
7.26204e-13 1.99329e-12 3.07782e-12 3.965e-12 4.73901e-12 5.48613e-12 6.32159e-12 7.41008e-12 8.94003e-12 1.10803e-11 1.39455e-11 1.76141e-11 2.21664e-11 2.77528e-11 3.46697e-11 4.33952e-11 5.4582e-11 6.90561e-11 8.77602e-11 1.11463e-10 1.4016e-10 1.72294e-10 2.03955e-10 2.28907e-10 2.40637e-10 2.35716e-10 2.15678e-10 1.86097e-10 1.53551e-10 1.23252e-10 9.84257e-11 8.06245e-11 6.98454e-11 6.46252e-11 6.2754e-11 6.22288e-11 6.17568e-11 6.07108e-11 5.88367e-11 5.60441e-11 5.23406e-11 4.78293e-11 4.26922e-11 3.71641e-11 3.14975e-11 2.59258e-11 2.06184e-11 1.56093e-11 1.07284e-11 5.63314e-12 5.63314e-12 
3.56493e-13 1.62632e-12 3.05057e-12 4.21409e-12 5.19489e-12 6.07974e-12 6.96984e-12 8.01215e-12 9.41203e-12 1.13875e-11 1.41186e-11 1.77205e-11 2.22746e-11 2.78939e-11 3.48211e-11 4.34987e-11 5.4582e-11 6.89632e-11 8.77942e-11 1.12293e-10 1.43162e-10 1.79727e-10 2.18743e-10 2.53518e-10 2.75374e-10 2.77628e-10 2.59461e-10 2.2629e-10 1.86557e-10 1.47776e-10 1.14884e-10 9.03975e-11 7.49188e-11 6.7196e-11 6.46252e-11 6.44595e-11 6.4752e-11 6.45129e-11 6.33603e-11 6.11699e-11 5.79229e-11 5.36914e-11 4.86401e-11 4.29998e-11 3.70368e-11 3.10184e-11 2.51722e-11 1.96233e-11 1.43099e-11 8.92878e-12 3.40008e-12 
1.03559e-12 2.8025e-12 4.32603e-12 5.58567e-12 6.68037e-12 7.70172e-12 8.77199e-12 1.0083e-11 1.18828e-11 1.44184e-11 1.78778e-11 2.23779e-11 2.80184e-11 3.49866e-11 4.36681e-11 5.46904e-11 6.89632e-11 8.77681e-11 1.12688e-10 1.45096e-10 1.85358e-10 2.31411e-10 2.7691e-10 3.11568e-10 3.25037e-10 3.12514e-10 2.77918e-10 2.31155e-10 1.82575e-10 1.3957e-10 1.06168e-10 8.37852e-11 7.17018e-11 6.7196e-11 6.67614e-11 6.75876e-11 6.80992e-11 6.76664e-11 6.61031e-11 6.33677e-11 5.9503e-11 5.46438e-11 4.90077e-11 4.28621e-11 3.64906e-11 3.01616e-11 2.40732e-11 1.82736e-11 1.25663e-11 6.55997e-12 6.55997e-12 
5.12217e-13 2.26405e-12 4.22679e-12 5.84884e-12 7.2269e-12 8.4614e-12 9.65002e-12 1.09505e-11 1.26081e-11 1.49178e-11 1.81525e-11 2.25074e-11 2.81113e-11 3.5117e-11 4.38407e-11 5.48577e-11 6.90561e-11 8.77681e-11 1.12831e-10 1.46193e-10 1.89256e-10 2.41493e-10 2.97817e-10 3.47362e-10 3.76274e-10 3.74513e-10 3.42155e-10 2.89578e-10 2.30371e-10 1.75284e-10 1.30584e-10 9.88528e-11 8.00172e-11 7.17018e-11 6.98454e-11 7.06369e-11 7.16665e-11 7.1857e-11 7.0876e-11 6.86504e-11 6.51921e-11 6.05995e-11 5.50671e-11 4.88486e-11 4.22332e-11 3.55063e-11 2.892e-11 2.2614e-11 1.65176e-11 1.02824e-11 3.88258e-12 
1.44012e-12 3.83135e-12 5.91013e-12 7.65206e-12 9.17709e-12 1.05778e-11 1.19725e-11 1.35701e-11 1.56741e-11 1.86287e-11 2.27332e-11 2.81942e-11 3.51779e-11 4.39443e-11 5.49981e-11 6.91759e-11 8.77942e-11 1.12831e-10 1.46673e-10 1.91634e-10 2.48847e-10 3.15236e-10 3.80758e-10 4.2894e-10 4.4384e-10 4.19396e-10 3.63865e-10 2.93992e-10 2.25011e-10 1.66493e-10 1.22827e-10 9.46412e-11 8.00172e-11 7.49188e-11 7.45984e-11 7.56e-11 7.61461e-11 7.55984e-11 7.37994e-11 7.07241e-11 6.64285e-11 6.10662e-11 5.48702e-11 4.81182e-11 4.1099e-11 3.40888e-11 2.72973e-11 2.07697e-11 1.42814e-11 7.40036e-12 7.40036e-12 
7.21555e-13 3.06502e-12 5.68626e-12 7.88191e-12 9.77423e-12 1.14734e-11 1.30718e-11 1.47255e-11 1.67061e-11 1.93826e-11 2.31508e-11 2.8337e-11 3.51785e-11 4.39263e-11 5.50122e-11 6.92044e-11 8.77602e-11 1.12688e-10 1.46673e-10 1.92739e-10 2.53565e-10 3.28526e-10 4.09841e-10 4.80119e-10 5.17699e-10 5.08494e-10 4.55335e-10 3.76237e-10 2.9208e-10 2.17086e-10 1.58528e-10 1.18298e-10 9.46412e-11 8.37852e-11 8.06245e-11 8.05773e-11 8.09193e-11 8.04863e-11 7.89179e-11 7.61197e-11 7.2088e-11 6.69187e-11 6.08089e-11 5.40149e-11 4.68117e-11 3.9477e-11 3.22582e-11 2.52956e-11 1.85008e-11 1.14794e-11 4.28884e-12 
1.95271e-12 5.08589e-12 7.83364e-12 1.01748e-11 1.22517e-11 1.41543e-11 1.59908e-11 1.79731e-11 2.04476e-11 2.38554e-11 2.86462e-11 3.51854e-11 4.3779e-11 5.4825e-11 6.9011e-11 8.75152e-11 1.12293e-10 1.46193e-10 1.92739e-10 2.55839e-10 3.37391e-10 4.32976e-10 5.26547e-10 5.92343e-10 6.06891e-10 5.64082e-10 4.79577e-10 3.79878e-10 2.86102e-10 2.09333e-10 1.53775e-10 1.18298e-10 9.88528e-11 9.03975e-11 8.7674e-11 8.68229e-11 8.59128e-11 8.42096e-11 8.14658e-11 7.75828e-11 7.25732e-11 6.65722e-11 5.97994e-11 5.25086e-11 4.49578e-11 3.74033e-11 3.00424e-11 2.29083e-11 1.57416e-11 8.08177e-12 8.08177e-12 
9.92436e-13 4.03327e-12 7.42195e-12 1.03001e-11 1.28254e-11 1.51164e-11 1.72556e-11 1.93857e-11 2.17895e-11 2.48986e-11 2.92367e-11 3.5314e-11 4.35625e-11 5.44111e-11 6.8491e-11 8.68878e-11 1.11463e-10 1.45096e-10 1.91634e-10 2.55839e-10 3.41784e-10 4.48949e-10 5.64884e-10 6.62803e-10 7.10317e-10 6.88496e-10 6.05907e-10 4.92064e-10 3.77325e-10 2.79265e-10 2.04566e-10 1.53775e-10 1.22827e-10 1.06168e-10 9.84257e-11 9.48477e-11 9.24777e-11 9.00171e-11 8.6936e-11 8.29748e-11 7.80158e-11 7.20948e-11 6.53722e-11 5.80631e-11 5.03987e-11 4.26133e-11 3.49268e-11 2.74614e-11 2.01039e-11 1.24176e-11 4.57893e-12 
2.57818e-12 6.55306e-12 1.00694e-11 1.31155e-11 1.58628e-11 1.8399e-11 2.08158e-11 2.3313e-11 2.62589e-11 3.01833e-11 3.57005e-11 4.3403e-11 5.38289e-11 6.76082e-11 8.57469e-11 1.0999e-10 1.43162e-10 1.89256e-10 2.53565e-10 3.41784e-10 4.57068e-10 5.92152e-10 7.23116e-10 8.11787e-10 8.23816e-10 7.54684e-10 6.32262e-10 4.95401e-10 3.72341e-10 2.7483e-10 2.04566e-10 1.58528e-10 1.30584e-10 1.14884e-10 1.06378e-10 1.01085e-10 9.68828e-11 9.28316e-11 8.84071e-11 8.32862e-11 7.73508e-11 7.06591e-11 6.33688e-11 5.56697e-11 4.77591e-11 3.98448e-11 3.20956e-11 2.45198e-11 1.68249e-11 8.53849e-12 8.53849e-12 
1.33274e-12 5.15812e-12 9.39622e-12 1.30471e-11 1.63073e-11 1.93118e-11 2.21271e-11 2.48767e-11 2.78379e-11 3.14802e-11 3.64454e-11 4.34568e-11 5.32127e-11 6.64211e-11 8.40493e-11 1.07725e-10 1.4016e-10 1.85358e-10 2.48847e-10 3.37391e-10 4.57068e-10 6.06331e-10 7.67257e-10 9.01665e-10 9.60901e-10 9.20562e-10 8.00643e-10 6.45161e-10 4.93874e-10 3.68686e-10 2.7483e-10 2.09333e-10 1.66493e-10 1.3957e-10 1.23252e-10 1.12981e-10 1.05616e-10 9.96237e-11 9.41274e-11 8.84929e-11 8.23585e-11 7.56209e-11 6.83453e-11 6.06598e-11 5.27134e-11 4.46759e-11 3.67219e-11 2.89428e-11 2.11967e-11 1.30144e-11 4.72283e-12 
3.31447e-12 8.19564e-12 1.2546e-11 1.63791e-11 1.98978e-11 2.31901e-11 2.63249e-11 2.94821e-11 3.30325e-11 3.75662e-11 4.38561e-11 5.27471e-11 6.50883e-11 8.1875e-11 1.04642e-10 1.35954e-10 1.79727e-10 2.41493e-10 3.28526e-10 4.48949e-10 6.06331e-10 7.90688e-10 9.69174e-10 1.08579e-09 1.09266e-09 9.91572e-10 8.27043e-10 6.49348e-10 4.91781e-10 3.68686e-10 2.79265e-10 2.17086e-10 1.75284e-10 1.47776e-10 1.29793e-10 1.17335e-10 1.08019e-10 1.00529e-10 9.38324e-11 8.71936e-11 8.02597e-11 7.29422e-11 6.5282e-11 5.73635e-11 4.93e-11 4.12381e-11 3.33051e-11 2.54805e-11 1.74427e-11 8.72584e-12 8.72584e-12 
1.74262e-12 6.41139e-12 1.15397e-11 1.60149e-11 2.00848e-11 2.38982e-11 2.75095e-11 3.1017e-11 3.46779e-11 3.89778e-11 4.46471e-11 5.2601e-11 6.38291e-11 7.94185e-11 1.00865e-10 1.30573e-10 1.72294e-10 2.31411e-10 3.15236e-10 4.32976e-10 5.92152e-10 7.90688e-10 1.00561e-09 1.18157e-09 1.25288e-09 1.19294e-09 1.03559e-09 8.39129e-10 6.49891e-10 4.91781e-10 3.72341e-10 2.86102e-10 2.25011e-10 1.82575e-10 1.53551e-10 1.33477e-10 1.19005e-10 1.08207e-10 9.96202e-11 9.20094e-11 8.46245e-11 7.71458e-11 6.94788e-11 6.16174e-11 5.36048e-11 4.55327e-11 3.75243e-11 2.96352e-11 2.1695e-11 1.32191e-11 4.70232e-12 
4.14849e-12 9.95407e-12 1.516e-11 1.98196e-11 2.41731e-11 2.83091e-11 3.22766e-11 3.62265e-11 4.05153e-11 4.57639e-11 5.28585e-11 6.28602e-11 7.69593e-11 9.66634e-11 1.24246e-10 1.63231e-10 2.18743e-10 2.97817e-10 4.09841e-10 5.64884e-10 7.67257e-10 1.00561e-09 1.23392e-09 1.37782e-09 1.3832e-09 1.25776e-09 1.05821e-09 8.43222e-10 6.49891e-10 4.93874e-10 3.77325e-10 2.9208e-10 2.30371e-10 1.86557e-10 1.55772e-10 1.33837e-10 1.18004e-10 1.06336e-10 9.7051e-11 8.8828e-11 8.09837e-11 7.32214e-11 6.54093e-11 5.74957e-11 4.95013e-11 4.15065e-11 3.35985e-11 2.57267e-11 1.75476e-11 8.62669e-12 8.62669e-12 
2.2141e-12 7.74758e-12 1.37553e-11 1.90613e-11 2.39671e-11 2.864e-11 3.31246e-11 3.74937e-11 4.19748e-11 4.7045e-11 5.34789e-11 6.23137e-11 7.47777e-11 9.2403e-11 1.17374e-10 1.52964e-10 2.03955e-10 2.7691e-10 3.80758e-10 5.26547e-10 7.23116e-10 9.69174e-10 1.23392e-09 1.44671e-09 1.53323e-09 1.46957e-09 1.29297e-09 1.06722e-09 8.43222e-10 6.49348e-10 4.95401e-10 3.79878e-10 2.93992e-10 2.31155e-10 1.86097e-10 1.53959e-10 1.30989e-10 1.14664e-10 1.0269e-10 9.30601e-11 8.45361e-11 7.65176e-11 6.86969e-11 6.08994e-11 5.30473e-11 4.51567e-11 3.73007e-11 2.95031e-11 2.1572e-11 1.30173e-11 4.52042e-12 
5.05027e-12 1.17435e-11 1.77748e-11 2.32526e-11 2.84534e-11 3.34685e-11 3.83303e-11 4.31591e-11 4.82809e-11 5.43142e-11 6.21851e-11 7.3069e-11 8.84597e-11 1.10454e-10 1.42109e-10 1.87797e-10 2.53518e-10 3.47362e-10 4.80119e-10 6.62803e-10 9.01665e-10 1.18157e-09 1.44671e-09 1.61619e-09 1.63761e-09 1.51808e-09 1.30816e-09 1.06722e-09 8.39129e-10 6.45161e-10 4.92064e-10 3.76237e-10 2.89578e-10 2.2629e-10 1.80813e-10 1.48343e-10 1.25479e-10 1.09454e-10 9.76011e-11 8.79469e-11 7.94202e-11 7.1472e-11 6.37641e-11 5.60929e-11 4.83832e-11 4.06617e-11 3.29759e-11 2.52545e-11 1.71418e-11 8.25264e-12 8.25264e-12 
2.72952e-12 9.10043e-12 1.59229e-11 2.20145e-11 2.773e-11 3.32577e-11 3.86322e-11 4.39025e-11 4.92622e-11 5.51548e-11 6.23443e-11 7.18771e-11 8.51119e-11 1.03991e-10 1.31365e-10 1.71213e-10 2.28907e-10 3.11568e-10 4.2894e-10 5.92343e-10 8.11787e-10 1.08579e-09 1.37782e-09 1.61619e-09 1.7303e-09 1.69725e-09 1.54005e-09 1.30816e-09 1.05821e-09 8.27043e-10 6.32262e-10 4.79577e-10 3.63865e-10 2.77918e-10 2.15678e-10 1.71132e-10 1.39723e-10 1.18024e-10 1.02845e-10 9.14278e-11 8.20359e-11 7.37617e-11 6.60638e-11 5.85779e-11 5.11074e-11 4.36005e-11 3.60899e-11 2.85749e-11 2.08499e-11 1.2437e-11 4.19595e-12 
5.97529e-12 1.34661e-11 2.02409e-11 2.6474e-11 3.24773e-11 3.83449e-11 4.40932e-11 4.98116e-11 5.57847e-11 6.25858e-11 7.109e-11 8.24613e-11 9.83714e-11 1.214e-10 1.55173e-10 2.04444e-10 2.75374e-10 3.76274e-10 5.17699e-10 7.10317e-10 9.60901e-10 1.25288e-09 1.53323e-09 1.7303e-09 1.7955e-09 1.72495e-09 1.54005e-09 1.29297e-09 1.03559e-09 8.00643e-10 6.05907e-10 4.55335e-10 3.42155e-10 2.59461e-10 2.00134e-10 1.58169e-10 1.29131e-10 1.09297e-10 9.52701e-11 8.45294e-11 7.56444e-11 6.78067e-11 6.04645e-11 5.32628e-11 4.60413e-11 3.87799e-11 3.15007e-11 2.41153e-11 1.62697e-11 7.6446e-12 7.6446e-12 
3.25713e-12 1.03927e-11 1.7914e-11 2.4695e-11 3.11433e-11 3.74586e-11 4.36718e-11 4.98066e-11 5.60151e-11 6.2688e-11 7.05055e-11 8.04184e-11 9.37664e-11 1.12717e-10 1.40527e-10 1.81415e-10 2.40637e-10 3.25037e-10 4.4384e-10 6.06891e-10 8.23816e-10 1.09266e-09 1.3832e-09 1.63761e-09 1.7955e-09 1.82578e-09 1.72495e-09 1.51808e-09 1.25776e-09 9.91572e-10 7.54684e-10 5.64082e-10 4.19396e-10 3.12514e-10 2.35716e-10 1.81232e-10 1.43334e-10 1.17504e-10 9.98447e-11 8.71246e-11 7.72508e-11 6.90479e-11 6.17455e-11 5.48041e-11 4.79179e-11 4.0979e-11 3.39899e-11 2.69325e-11 1.95968e-11 1.15351e-11 3.76096e-12 
6.86256e-12 1.50114e-11 2.24025e-11 2.92839e-11 3.59927e-11 4.26259e-11 4.91801e-11 5.57137e-11 6.24569e-11 6.9893e-11 7.8765e-11 9.01008e-11 1.05555e-10 1.27882e-10 1.60831e-10 2.08906e-10 2.77628e-10 3.74513e-10 5.08494e-10 6.88496e-10 9.20562e-10 1.19294e-09 1.46957e-09 1.69725e-09 1.82578e-09 1.82578e-09 1.69725e-09 1.46957e-09 1.19294e-09 9.20562e-10 6.88496e-10 5.08494e-10 3.74513e-10 2.77628e-10 2.08906e-10 1.60831e-10 1.27882e-10 1.05555e-10 9.01008e-11 7.8765e-11 6.9893e-11 6.24569e-11 5.57137e-11 4.91801e-11 4.26259e-11 3.59927e-11 2.92839e-11 2.24025e-11 1.50114e-11 6.86256e-12 6.86256e-12 
3.76096e-12 1.15351e-11 1.95968e-11 2.69325e-11 3.39899e-11 4.0979e-11 4.79179e-11 5.48041e-11 6.17455e-11 6.90479e-11 7.72508e-11 8.71246e-11 9.98447e-11 1.17504e-10 1.43334e-10 1.81232e-10 2.35716e-10 3.12514e-10 4.19396e-10 5.64082e-10 7.54684e-10 9.91572e-10 1.25776e-09 1.51808e-09 1.72495e-09 1.82578e-09 1.7955e-09 1.63761e-09 1.3832e-09 1.09266e-09 8.23816e-10 6.06891e-10 4.4384e-10 3.25037e-10 2.40637e-10 1.81415e-10 1.40527e-10 1.12717e-10 9.37664e-11 8.04184e-11 7.05055e-11 6.2688e-11 5.60151e-11 4.98066e-11 4.36718e-11 3.74586e-11 3.11433e-11 2.4695e-11 1.7914e-11 1.03927e-11 3.25713e-12 
7.6446e-12 1.62697e-11 2.41153e-11 3.15007e-11 3.87799e-11 4.60413e-11 5.32628e-11 6.04645e-11 6.78067e-11 7.56444e-11 8.45294e-11 9.52701e-11 1.09297e-10 1.29131e-10 1.58169e-10 2.00134e-10 2.59461e-10 3.42155e-10 4.55335e-10 6.05907e-10 8.00643e-10 1.03559e-09 1.29297e-09 1.54005e-09 1.72495e-09 1.7955e-09 1.7303e-09 1.53323e-09 1.25288e-09 9.60901e-10 7.10317e-10 5.17699e-10 3.76274e-10 2.75374e-10 2.04444e-10 1.55173e-10 1.214e-10 9.83714e-11 8.24613e-11 7.109e-11 6.25858e-11 5.57847e-11 4.98116e-11 4.40932e-11 3.83449e-11 3.24773e-11 2.6474e-11 2.02409e-11 1.34661e-11 5.97529e-12 5.97529e-12 
4.19595e-12 1.2437e-11 2.08499e-11 2.85749e-11 3.60899e-11 4.36005e-11 5.11074e-11 5.85779e-11 6.60638e-11 7.37617e-11 8.20359e-11 9.14278e-11 1.02845e-10 1.18024e-10 1.39723e-10 1.71132e-10 2.15678e-10 2.77918e-10 3.63865e-10 4.79577e-10 6.32262e-10 8.27043e-10 1.05821e-09 1.30816e-09 1.54005e-09 1.69725e-09 1.7303e-09 1.61619e-09 1.37782e-09 1.08579e-09 8.11787e-10 5.92343e-10 4.2894e-10 3.11568e-10 2.28907e-10 1.71213e-10 1.31365e-10 1.03991e-10 8.51119e-11 7.18771e-11 6.23443e-11 5.51548e-11 4.92622e-11 4.39025e-11 3.86322e-11 3.32577e-11 2.773e-11 2.20145e-11 1.59229e-11 9.10043e-12 2.72952e-12 
8.25264e-12 1.71418e-11 2.52545e-11 3.29759e-11 4.06617e-11 4.83832e-11 5.60929e-11 6.37641e-11 7.1472e-11 7.94202e-11 8.79469e-11 9.76011e-11 1.09454e-10 1.25479e-10 1.48343e-10 1.80813e-10 2.2629e-10 2.89578e-10 3.76237e-10 4.92064e-10 6.45161e-10 8.39129e-10 1.06722e-09 1.30816e-09 1.51808e-09 1.63761e-09 1.61619e-09 1.44671e-09 1.18157e-09 9.01665e-10 6.62803e-10 4.80119e-10 3.47362e-10 2.53518e-10 1.87797e-10 1.42109e-10 1.10454e-10 8.84597e-11 7.3069e-11 6.21851e-11 5.43142e-11 4.82809e-11 4.31591e-11 3.83303e-11 3.34685e-11 2.84534e-11 2.32526e-11 1.77748e-11 1.17435e-11 5.05027e-12 5.05027e-12 
4.52042e-12 1.30173e-11 2.1572e-11 2.95031e-11 3.73007e-11 4.51567e-11 5.30473e-11 6.08994e-11 6.86969e-11 7.65176e-11 8.45361e-11 9.30601e-11 1.0269e-10 1.14664e-10 1.30989e-10 1.53959e-10 1.86097e-10 2.31155e-10 2.93992e-10 3.79878e-10 4.95401e-10 6.49348e-10 8.43222e-10 1.06722e-09 1.29297e-09 1.46957e-09 1.53323e-09 1.44671e-09 1.23392e-09 9.69174e-10 7.23116e-10 5.26547e-10 3.80758e-10 2.7691e-10 2.03955e-10 1.52964e-10 1.17374e-10 9.2403e-11 7.47777e-11 6.23137e-11 5.34789e-11 4.7045e-11 4.19748e-11 3.74937e-11 3.31246e-11 2.864e-11 2.39671e-11 1.90613e-11 1.37553e-11 7.74758e-12 2.2141e-12 
8.62669e-12 1.75476e-11 2.57267e-11 3.35985e-11 4.15065e-11 4.95013e-11 5.74957e-11 6.54093e-11 7.32214e-11 8.09837e-11 8.8828e-11 9.7051e-11 1.06336e-10 1.18004e-10 1.33837e-10 1.55772e-10 1.86557e-10 2.30371e-10 2.9208e-10 3.77325e-10 4.93874e-10 6.49891e-10 8.43222e-10 1.05821e-09 1.25776e-09 1.3832e-09 1.37782e-09 1.23392e-09 1.00561e-09 7.67257e-10 5.64884e-10 4.09841e-10 2.97817e-10 2.18743e-10 1.63231e-10 1.24246e-10 9.66634e-11 7.69593e-11 6.28602e-11 5.28585e-11 4.57639e-11 4.05153e-11 3.62265e-11 3.22766e-11 2.83091e-11 2.41731e-11 1.98196e-11 1.516e-11 9.95407e-12 4.14849e-12 4.14849e-12 
4.70232e-12 1.32191e-11 2.1695e-11 2.96352e-11 3.75243e-11 4.55327e-11 5.36048e-11 6.16174e-11 6.94788e-11 7.71458e-11 8.46245e-11 9.20094e-11 9.96202e-11 1.08207e-10 1.19005e-10 1.33477e-10 1.53551e-10 1.82575e-10 2.25011e-10 2.86102e-10 3.72341e-10 4.91781e-10 6.49891e-10 8.39129e-10 1.03559e-09 1.19294e-09 1.25288e-09 1.18157e-09 1.00561e-09 7.90688e-10 5.92152e-10 4.32976e-10 3.15236e-10 2.31411e-10 1.72294e-10 1.30573e-10 1.00865e-10 7.94185e-11 6.38291e-11 5.2601e-11 4.46471e-11 3.89778e-11 3.46779e-11 3.1017e-11 2.75095e-11 2.38982e-11 2.00848e-11 1.60149e-11 1.15397e-11 6.41139e-12 1.74262e-12 
8.72584e-12 1.74427e-11 2.54805e-11 3.33051e-11 4.12381e-11 4.93e-11 5.73635e-11 6.5282e-11 7.29422e-11 8.02597e-11 8.71936e-11 9.38324e-11 1.00529e-10 1.08019e-10 1.17335e-10 1.29793e-10 1.47776e-10 1.75284e-10 2.17086e-10 2.79265e-10 3.68686e-10 4.91781e-10 6.49348e-10 8.27043e-10 9.91572e-10 1.09266e-09 1.08579e-09 9.69174e-10 7.90688e-10 6.06331e-10 4.48949e-10 3.28526e-10 2.41493e-10 1.79727e-10 1.35954e-10 1.04642e-10 8.1875e-11 6.50883e-11 5.27471e-11 4.38561e-11 3.75662e-11 3.30325e-11 2.94821e-11 2.63249e-11 2.31901e-11 1.98978e-11 1.63791e-11 1.2546e-11 8.19564e-12 3.31447e-12 3.31447e-12 
4.72283e-12 1.30144e-11 2.11967e-11 2.89428e-11 3.67219e-11 4.46759e-11 5.27134e-11 6.06598e-11 6.83453e-11 7.56209e-11 8.23585e-11 8.84929e-11 9.41274e-11 9.96237e-11 1.05616e-10 1.12981e-10 1.23252e-10 1.3957e-10 1.66493e-10 2.09333e-10 2.7483e-10 3.68686e-10 4.93874e-10 6.45161e-10 8.00643e-10 9.20562e-10 9.60901e-10 9.01665e-10 7.67257e-10 6.06331e-10 4.57068e-10 3.37391e-10 2.48847e-10 1.85358e-10 1.4016e-10 1.07725e-10 8.40493e-11 6.64211e-11 5.32127e-11 4.34568e-11 3.64454e-11 3.14802e-11 2.78379e-11 2.48767e-11 2.21271e-11 1.93118e-11 1.63073e-11 1.30471e-11 9.39622e-12 5.15812e-12 1.33274e-12 
8.53849e-12 1.68249e-11 2.45198e-11 3.20956e-11 3.98448e-11 4.77591e-11 5.56697e-11 6.33688e-11 7.06591e-11 7.73508e-11 8.32862e-11 8.84071e-11 9.28316e-11 9.68828e-11 1.01085e-10 1.06378e-10 1.14884e-10 1.30584e-10 1.58528e-10 2.04566e-10 2.7483e-10 3.72341e-10 4.95401e-10 6.32262e-10 7.54684e-10 8.23816e-10 8.11787e-10 7.23116e-10 5.92152e-10 4.57068e-10 3.41784e-10 2.53565e-10 1.89256e-10 1.43162e-10 1.0999e-10 8.57469e-11 6.76082e-11 5.38289e-11 4.3403e-11 3.57005e-11 3.01833e-11 2.62589e-11 2.3313e-11 2.08158e-11 1.8399e-11 1.58628e-11 1.31155e-11 1.00694e-11 6.55306e-12 2.57818e-12 2.57818e-12 
4.57893e-12 1.24176e-11 2.01039e-11 2.74614e-11 3.49268e-11 4.26133e-11 5.03987e-11 5.80631e-11 6.53722e-11 7.20948e-11 7.80158e-11 8.29748e-11 8.6936e-11 9.00171e-11 9.24777e-11 9.48477e-11 9.84257e-11 1.06168e-10 1.22827e-10 1.53775e-10 2.04566e-10 2.79265e-10 3.77325e-10 4.92064e-10 6.05907e-10 6.88496e-10 7.10317e-10 6.62803e-10 5.64884e-10 4.48949e-10 3.41784e-10 2.55839e-10 1.91634e-10 1.45096e-10 1.11463e-10 8.68878e-11 6.8491e-11 5.44111e-11 4.35625e-11 3.5314e-11 2.92367e-11 2.48986e-11 2.17895e-11 1.93857e-11 1.72556e-11 1.51164e-11 1.28254e-11 1.03001e-11 7.42195e-12 4.03327e-12 9.92436e-13 
8.08177e-12 1.57416e-11 2.29083e-11 3.00424e-11 3.74033e-11 4.49578e-11 5.25086e-11 5.97994e-11 6.65722e-11 7.25732e-11 7.75828e-11 8.14658e-11 8.42096e-11 8.59128e-11 8.68229e-11 8.7674e-11 9.03975e-11 9.88528e-11 1.18298e-10 1.53775e-10 2.09333e-10 2.86102e-10 3.79878e-10 4.79577e-10 5.64082e-10 6.06891e-10 5.92343e-10 5.26547e-10 4.32976e-10 3.37391e-10 2.55839e-10 1.92739e-10 1.46193e-10 1.12293e-10 8.75152e-11 6.9011e-11 5.4825e-11 4.3779e-11 3.51854e-11 2.86462e-11 2.38554e-11 2.04476e-11 1.79731e-11 1.59908e-11 1.41543e-11 1.22517e-11 1.01748e-11 7.83364e-12 5.08589e-12 1.95271e-12 1.95271e-12 
4.28884e-12 1.14794e-11 1.85008e-11 2.52956e-11 3.22582e-11 3.9477e-11 4.68117e-11 5.40149e-11 6.08089e-11 6.69187e-11 7.2088e-11 7.61197e-11 7.89179e-11 8.04863e-11 8.09193e-11 8.05773e-11 8.06245e-11 8.37852e-11 9.46412e-11 1.18298e-10 1.58528e-10 2.17086e-10 2.9208e-10 3.76237e-10 4.55335e-10 5.08494e-10 5.17699e-10 4.80119e-10 4.09841e-10 3.28526e-10 2.53565e-10 1.92739e-10 1.46673e-10 1.12688e-10 8.77602e-11 6.92044e-11 5.50122e-11 4.39263e-11 3.51785e-11 2.8337e-11 2.31508e-11 1.93826e-11 1.67061e-11 1.47255e-11 1.30718e-11 1.14734e-11 9.77423e-12 7.88191e-12 5.68626e-12 3.06502e-12 7.21555e-13 
7.40036e-12 1.42814e-11 2.07697e-11 2.72973e-11 3.40888e-11 4.1099e-11 4.81182e-11 5.48702e-11 6.10662e-11 6.64285e-11 7.07241e-11 7.37994e-11 7.55984e-11 7.61461e-11 7.56e-11 7.45984e-11 7.49188e-11 8.00172e-11 9.46412e-11 1.22827e-10 1.66493e-10 2.25011e-10 2.93992e-10 3.63865e-10 4.19396e-10 4.4384e-10 4.2894e-10 3.80758e-10 3.15236e-10 2.48847e-10 1.91634e-10 1.46673e-10 1.12831e-10 8.77942e-11 6.91759e-11 5.49981e-11 4.39443e-11 3.51779e-11 2.81942e-11 2.27332e-11 1.86287e-11 1.56741e-11 1.35701e-11 1.19725e-11 1.05778e-11 9.17709e-12 7.65206e-12 5.91013e-12 3.83135e-12 1.44012e-12 1.44012e-12 
3.88258e-12 1.02824e-11 1.65176e-11 2.2614e-11 2.892e-11 3.55063e-11 4.22332e-11 4.88486e-11 5.50671e-11 6.05995e-11 6.51921e-11 6.86504e-11 7.0876e-11 7.1857e-11 7.16665e-11 7.06369e-11 6.98454e-11 7.17018e-11 8.00172e-11 9.88528e-11 1.30584e-10 1.75284e-10 2.30371e-10 2.89578e-10 3.42155e-10 3.74513e-10 3.76274e-10 3.47362e-10 2.97817e-10 2.41493e-10 1.89256e-10 1.46193e-10 1.12831e-10 8.77681e-11 6.90561e-11 5.48577e-11 4.38407e-11 3.5117e-11 2.81113e-11 2.25074e-11 1.81525e-11 1.49178e-11 1.26081e-11 1.09505e-11 9.65002e-12 8.4614e-12 7.2269e-12 5.84884e-12 4.22679e-12 2.26405e-12 5.12217e-13 
6.55997e-12 1.25663e-11 1.82736e-11 2.40732e-11 3.01616e-11 3.64906e-11 4.28621e-11 4.90077e-11 5.46438e-11 5.9503e-11 6.33677e-11 6.61031e-11 6.76664e-11 6.80992e-11 6.75876e-11 6.67614e-11 6.7196e-11 7.17018e-11 8.37852e-11 1.06168e-10 1.3957e-10 1.82575e-10 2.31155e-10 2.77918e-10 3.12514e-10 3.25037e-10 3.11568e-10 2.7691e-10 2.31411e-10 1.85358e-10 1.45096e-10 1.12688e-10 8.77681e-11 6.89632e-11 5.46904e-11 4.36681e-11 3.49866e-11 2.80184e-11 2.23779e-11 1.78778e-11 1.44184e-11 1.18828e-11 1.0083e-11 8.77199e-12 7.70172e-12 6.68037e-12 5.58567e-12 4.32603e-12 2.8025e-12 1.03559e-12 1.03559e-12 
3.40008e-12 8.92878e-12 1.43099e-11 1.96233e-11 2.51722e-11 3.10184e-11 3.70368e-11 4.29998e-11 4.86401e-11 5.36914e-11 5.79229e-11 6.11699e-11 6.33603e-11 6.45129e-11 6.4752e-11 6.44595e-11 6.46252e-11 6.7196e-11 7.49188e-11 9.03975e-11 1.14884e-10 1.47776e-10 1.86557e-10 2.2629e-10 2.59461e-10 2.77628e-10 2.75374e-10 2.53518e-10 2.18743e-10 1.79727e-10 1.43162e-10 1.12293e-10 8.77942e-11 6.89632e-11 5.4582e-11 4.34987e-11 3.48211e-11 2.78939e-11 2.22746e-11 1.77205e-11 1.41186e-11 1.13875e-11 9.41203e-12 8.01215e-12 6.96984e-12 6.07974e-12 5.19489e-12 4.21409e-12 3.05057e-12 1.62632e-12 3.56493e-13 
5.63314e-12 1.07284e-11 1.56093e-11 2.06184e-11 2.59258e-11 3.14975e-11 3.71641e-11 4.26922e-11 4.78293e-11 5.23406e-11 5.60441e-11 5.88367e-11 6.07108e-11 6.17568e-11 6.22288e-11 6.2754e-11 6.46252e-11 6.98454e-11 8.06245e-11 9.84257e-11 1.23252e-10 1.53551e-10 1.86097e-10 2.15678e-10 2.35716e-10 2.40637e-10 2.28907e-10 2.03955e-10 1.72294e-10 1.4016e-10 1.11463e-10 8.77602e-11 6.90561e-11 5.4582e-11 4.33952e-11 3.46697e-11 2.77528e-11 2.21664e-11 1.76141e-11 1.39455e-11 1.10803e-11 8.94003e-12 7.41008e-12 6.32159e-12 5.48613e-12 4.73901e-12 3.965e-12 3.07782e-12 1.99329e-12 7.26204e-13 7.26204e-13 
2.88413e-12 7.5224e-12 1.20399e-11 1.65439e-11 2.12944e-11 2.63522e-11 3.1622e-11 3.69185e-11 4.20158e-11 4.66898e-11 5.07507e-11 5.40709e-11 5.66117e-11 5.84305e-11 5.97097e-11 6.08681e-11 6.2754e-11 6.67614e-11 7.45984e-11 8.7674e-11 1.06378e-10 1.29793e-10 1.55772e-10 1.80813e-10 2.00134e-10 2.08906e-10 2.04444e-10 1.87797e-10 1.63231e-10 1.35954e-10 1.0999e-10 8.75152e-11 6.91759e-11 5.46904e-11 4.33952e-11 3.45802e-11 2.76296e-11 2.20555e-11 1.75237e-11 1.38389e-11 1.08997e-11 8.6381e-12 6.97511e-12 5.79699e-12 4.94942e-12 4.27412e-12 3.63981e-12 2.95546e-12 2.14192e-12 1.13719e-12 2.42362e-13 
4.69196e-12 8.89791e-12 1.29593e-11 1.71704e-11 2.16816e-11 2.6479e-11 3.14349e-11 3.63655e-11 4.10693e-11 4.53595e-11 4.90942e-11 5.22062e-11 5.47167e-11 5.67569e-11 5.86169e-11 6.08681e-11 6.44595e-11 7.06369e-11 8.05773e-11 9.48477e-11 1.12981e-10 1.33477e-10 1.53959e-10 1.71132e-10 1.81232e-10 1.81415e-10 1.71213e-10 1.52964e-10 1.30573e-10 1.07725e-10 8.68878e-11 6.92044e-11 5.48577e-11 4.34987e-11 3.45802e-11 2.75574e-11 2.19608e-11 1.74388e-11 1.37617e-11 1.07943e-11 8.4587e-12 6.68941e-12 5.40785e-12 4.5038e-12 3.84208e-12 3.28923e-12 2.74535e-12 2.13186e-12 1.3805e-12 4.97336e-13 4.97336e-13 
2.37317e-12 6.15661e-12 9.85005e-12 1.35687e-11 1.75357e-11 2.18147e-11 2.63462e-11 3.09956e-11 3.55928e-11 3.99691e-11 4.39801e-11 4.75377e-11 5.063e-11 5.33391e-11 5.58704e-11 5.86169e-11 6.22288e-11 6.75876e-11 7.56e-11 8.68229e-11 1.01085e-10 1.17335e-10 1.33837e-10 1.48343e-10 1.58169e-10 1.60831e-10 1.55173e-10 1.42109e-10 1.24246e-10 1.04642e-10 8.57469e-11 6.9011e-11 5.49981e-11 4.36681e-11 3.46697e-11 2.75574e-11 2.19066e-11 1.73708e-11 1.36979e-11 1.0726e-11 8.35452e-12 6.5145e-12 5.14429e-12 4.16596e-12 3.47382e-12 2.953e-12 2.49664e-12 2.02303e-12 1.46616e-12 7.75402e-13 1.6206e-13 
3.79658e-12 7.17878e-12 1.04741e-11 1.39289e-11 1.76788e-11 2.17313e-11 2.6006e-11 3.0375e-11 3.46953e-11 3.88325e-11 4.26895e-11 4.6229e-11 4.94905e-11 5.26142e-11 5.58704e-11 5.97097e-11 6.4752e-11 7.16665e-11 8.09193e-11 9.24777e-11 1.05616e-10 1.19005e-10 1.30989e-10 1.39723e-10 1.43334e-10 1.40527e-10 1.31365e-10 1.17374e-10 1.00865e-10 8.40493e-11 6.8491e-11 5.50122e-11 4.38407e-11 3.48211e-11 2.76296e-11 2.19066e-11 1.73312e-11 1.36492e-11 1.06768e-11 8.29187e-12 6.41423e-12 4.98046e-12 3.93013e-12 3.18756e-12 2.65846e-12 2.24438e-12 1.86134e-12 1.44326e-12 9.32157e-13 3.32745e-13 3.32745e-13 
1.89699e-12 4.90389e-12 7.84887e-12 1.08483e-11 1.40885e-11 1.76394e-11 2.14771e-11 2.5518e-11 2.96539e-11 3.37694e-11 3.77722e-11 4.16086e-11 4.52871e-11 4.88945e-11 5.26142e-11 5.67569e-11 6.17568e-11 6.80992e-11 7.61461e-11 8.59128e-11 9.68828e-11 1.08019e-10 1.18004e-10 1.25479e-10 1.29131e-10 1.27882e-10 1.214e-10 1.10454e-10 9.66634e-11 8.1875e-11 6.76082e-11 5.4825e-11 4.39443e-11 3.49866e-11 2.77528e-11 2.19608e-11 1.73312e-11 1.36221e-11 1.06417e-11 8.25134e-12 6.35587e-12 4.88368e-12 3.77863e-12 2.98184e-12 2.42179e-12 2.01593e-12 1.68325e-12 1.35621e-12 9.80375e-13 5.17355e-13 1.06861e-13 
2.98939e-12 5.64419e-12 8.2568e-12 1.10313e-11 1.40884e-11 1.74584e-11 2.11024e-11 2.49484e-11 2.89093e-11 3.29072e-11 3.6885e-11 4.0832e-11 4.47949e-11 4.88945e-11 5.33391e-11 5.84305e-11 6.45129e-11 7.1857e-11 8.04863e-11 9.00171e-11 9.96237e-11 1.08207e-10 1.14664e-10 1.18024e-10 1.17504e-10 1.12717e-10 1.03991e-10 9.2403e-11 7.94185e-11 6.64211e-11 5.44111e-11 4.39263e-11 3.5117e-11 2.78939e-11 2.20555e-11 1.73708e-11 1.36221e-11 1.06224e-11 8.22536e-12 6.32147e-12 4.82944e-12 3.6889e-12 2.84633e-12 2.24794e-12 1.82698e-12 1.51304e-12 1.24091e-12 9.5757e-13 6.16497e-13 2.18076e-13 2.18076e-13 
1.47645e-12 3.80759e-12 6.10455e-12 8.47319e-12 1.107e-11 1.39698e-11 1.71782e-11 2.06598e-11 2.43587e-11 2.82168e-11 3.21866e-11 3.62489e-11 4.04272e-11 4.47949e-11 4.94905e-11 5.47167e-11 6.07108e-11 6.76664e-11 7.55984e-11 8.42096e-11 9.28316e-11 1.00529e-10 1.06336e-10 1.09454e-10 1.09297e-10 1.05555e-10 9.83714e-11 8.84597e-11 7.69593e-11 6.50883e-11 5.38289e-11 4.3779e-11 3.51779e-11 2.80184e-11 2.21664e-11 1.74388e-11 1.36492e-11 1.06224e-11 8.21241e-12 6.30082e-12 4.79784e-12 3.63741e-12 2.76341e-12 2.12935e-12 1.68293e-12 1.36652e-12 1.12149e-12 8.95051e-13 6.44181e-13 3.37251e-13 6.87519e-14 
2.29531e-12 4.33408e-12 6.364e-12 8.55034e-12 1.10037e-11 1.37679e-11 1.6842e-11 2.02004e-11 2.38095e-11 2.76382e-11 3.16701e-11 3.59176e-11 4.04272e-11 4.52871e-11 5.063e-11 5.66117e-11 6.33603e-11 7.0876e-11 7.89179e-11 8.6936e-11 9.41274e-11 9.96202e-11 1.0269e-10 1.02845e-10 9.98447e-11 9.37664e-11 8.51119e-11 7.47777e-11 6.38291e-11 5.32127e-11 4.35625e-11 3.51785e-11 2.81113e-11 2.22746e-11 1.75237e-11 1.36979e-11 1.06417e-11 8.21241e-12 6.29071e-12 4.78072e-12 3.60805e-12 2.71536e-12 2.05484e-12 1.58214e-12 1.25162e-12 1.01291e-12 8.18204e-13 6.25346e-13 4.00939e-13 1.40869e-13 1.40869e-13 
1.12135e-12 2.88916e-12 4.64483e-12 6.48228e-12 8.53003e-12 1.08655e-11 1.35184e-11 1.64904e-11 1.97715e-11 2.33505e-11 2.72237e-11 3.14012e-11 3.59176e-11 4.0832e-11 4.6229e-11 5.22062e-11 5.88367e-11 6.61031e-11 7.37994e-11 8.14658e-11 8.84071e-11 9.38324e-11 9.7051e-11 9.76011e-11 9.52701e-11 9.01008e-11 8.24613e-11 7.3069e-11 6.28602e-11 5.27471e-11 4.3403e-11 3.51854e-11 2.81942e-11 2.23779e-11 1.76141e-11 1.37617e-11 1.06768e-11 8.22536e-12 6.29071e-12 4.77265e-12 3.59333e-12 2.68896e-12 2.01084e-12 1.51665e-12 1.16844e-12 9.23587e-13 7.42013e-13 5.84149e-13 4.1679e-13 2.17346e-13 4.33741e-14 
1.72329e-12 3.25735e-12 4.80691e-12 6.50368e-12 8.44527e-12 1.06867e-11 1.32545e-11 1.61605e-11 1.94126e-11 2.3022e-11 2.70076e-11 3.14012e-11 3.62489e-11 4.16086e-11 4.75377e-11 5.40709e-11 6.11699e-11 6.86504e-11 7.61197e-11 8.29748e-11 8.84929e-11 9.20094e-11 9.30601e-11 9.14278e-11 8.71246e-11 8.04184e-11 7.18771e-11 6.23137e-11 5.2601e-11 4.34568e-11 3.5314e-11 2.8337e-11 2.25074e-11 1.77205e-11 1.38389e-11 1.0726e-11 8.25134e-12 6.30082e-12 4.77265e-12 3.58652e-12 2.675e-12 1.98581e-12 1.47676e-12 1.1121e-12 8.56748e-13 6.75776e-13 5.34882e-13 4.04163e-13 2.57181e-13 8.89186e-14 8.89186e-14 
8.33303e-13 2.14753e-12 3.46635e-12 4.86952e-12 6.46397e-12 8.32297e-12 1.04939e-11 1.30061e-11 1.58849e-11 1.91559e-11 2.28508e-11 2.70076e-11 3.16701e-11 3.6885e-11 4.26895e-11 4.90942e-11 5.60441e-11 6.33677e-11 7.07241e-11 7.75828e-11 8.32862e-11 8.71936e-11 8.8828e-11 8.79469e-11 8.45294e-11 7.8765e-11 7.109e-11 6.21851e-11 5.28585e-11 4.38561e-11 3.57005e-11 2.86462e-11 2.27332e-11 1.78778e-11 1.39455e-11 1.07943e-11 8.29187e-12 6.32147e-12 4.78072e-12 3.58652e-12 2.66842e-12 1.97245e-12 1.45422e-12 1.07702e-12 8.1045e-13 6.24438e-13 4.89154e-13 3.78344e-13 2.66887e-13 1.38115e-13 2.70603e-14 
1.26713e-12 2.40322e-12 3.56819e-12 4.86805e-12 6.38729e-12 8.18635e-12 1.03095e-11 1.2797e-11 1.56862e-11 1.90222e-11 2.28508e-11 2.72237e-11 3.21866e-11 3.77722e-11 4.39801e-11 5.07507e-11 5.79229e-11 6.51921e-11 7.2088e-11 7.80158e-11 8.23585e-11 8.46245e-11 8.45361e-11 8.20359e-11 7.72508e-11 7.05055e-11 6.23443e-11 5.34789e-11 4.46471e-11 3.64454e-11 2.92367e-11 2.31508e-11 1.81525e-11 1.41186e-11 1.08997e-11 8.35452e-12 6.35587e-12 4.79784e-12 3.59333e-12 2.66842e-12 1.96709e-12 1.44172e-12 1.05669e-12 7.80528e-13 5.86873e-13 4.50894e-13 3.49115e-13 2.60041e-13 1.63067e-13 5.62876e-14 5.62876e-14 
6.06724e-13 1.56742e-12 2.54405e-12 3.60173e-12 4.82854e-12 6.29428e-12 8.05285e-12 1.01546e-11 1.26462e-11 1.55835e-11 1.90222e-11 2.3022e-11 2.76382e-11 3.29072e-11 3.88325e-11 4.53595e-11 5.23406e-11 5.9503e-11 6.64285e-11 7.25732e-11 7.73508e-11 8.02597e-11 8.09837e-11 7.94202e-11 7.56444e-11 6.9893e-11 6.25858e-11 5.43142e-11 4.57639e-11 3.75662e-11 3.01833e-11 2.38554e-11 1.86287e-11 1.44184e-11 1.10803e-11 8.4587e-12 6.41423e-12 4.82944e-12 3.60805e-12 2.675e-12 1.96709e-12 1.43643e-12 1.04544e-12 7.62052e-13 5.62015e-13 4.22243e-13 3.23038e-13 2.44468e-13 1.70647e-13 8.7346e-14 1.69137e-14 
9.16193e-13 1.74467e-12 2.60944e-12 3.59339e-12 4.77078e-12 6.20087e-12 7.93957e-12 1.00426e-11 1.25682e-11 1.55835e-11 1.91559e-11 2.33505e-11 2.82168e-11 3.37694e-11 3.99691e-11 4.66898e-11 5.36914e-11 6.05995e-11 6.69187e-11 7.20948e-11 7.56209e-11 7.71458e-11 7.65176e-11 7.37617e-11 6.90479e-11 6.2688e-11 5.51548e-11 4.7045e-11 3.89778e-11 3.14802e-11 2.48986e-11 1.93826e-11 1.49178e-11 1.13875e-11 8.6381e-12 6.5145e-12 4.88368e-12 3.63741e-12 2.68896e-12 1.97245e-12 1.43643e-12 1.04e-12 7.51709e-13 5.46255e-13 4.02583e-13 3.02126e-13 2.28462e-13 1.66483e-13 1.03873e-13 3.50556e-14 3.50556e-14 
4.34877e-13 1.12697e-12 1.84111e-12 2.62885e-12 3.56398e-12 4.70902e-12 6.12087e-12 7.85767e-12 9.98375e-12 1.25682e-11 1.56862e-11 1.94126e-11 2.38095e-11 2.89093e-11 3.46953e-11 4.10693e-11 4.78293e-11 5.46438e-11 6.10662e-11 6.65722e-11 7.06591e-11 7.29422e-11 7.32214e-11 7.1472e-11 6.78067e-11 6.24569e-11 5.57847e-11 4.82809e-11 4.05153e-11 3.30325e-11 2.62589e-11 2.04476e-11 1.56741e-11 1.18828e-11 8.94003e-12 6.68941e-12 4.98046e-12 3.6889e-12 2.71536e-12 1.98581e-12 1.44172e-12 1.04e-12 7.47394e-13 5.3713e-13 3.8938e-13 2.8663e-13 2.14379e-13 1.58857e-13 1.08766e-13 5.4844e-14 1.0903e-14 
6.52618e-13 1.24982e-12 1.8848e-12 2.62336e-12 3.52689e-12 4.6536e-12 6.06214e-12 7.81519e-12 9.98375e-12 1.26462e-11 1.58849e-11 1.97715e-11 2.43587e-11 2.96539e-11 3.55928e-11 4.20158e-11 4.86401e-11 5.50671e-11 6.08089e-11 6.53722e-11 6.83453e-11 6.94788e-11 6.86969e-11 6.60638e-11 6.17455e-11 5.60151e-11 4.92622e-11 4.19748e-11 3.46779e-11 2.78379e-11 2.17895e-11 1.67061e-11 1.26081e-11 9.41203e-12 6.97511e-12 5.14429e-12 3.77863e-12 2.76341e-12 2.01084e-12 1.45422e-12 1.04544e-12 7.47394e-13 5.32973e-13 3.81617e-13 2.76224e-13 2.03033e-13 1.50333e-13 1.07626e-13 6.55954e-14 2.19787e-14 2.19787e-14 
3.07911e-13 7.9982e-13 1.31646e-12 1.89856e-12 2.60548e-12 3.49166e-12 4.61357e-12 6.03115e-12 7.81519e-12 1.00426e-11 1.2797e-11 1.61605e-11 2.02004e-11 2.49484e-11 3.0375e-11 3.63655e-11 4.26922e-11 4.90077e-11 5.48702e-11 5.97994e-11 6.33688e-11 6.5282e-11 6.54093e-11 6.37641e-11 6.04645e-11 5.57137e-11 4.98116e-11 4.31591e-11 3.62265e-11 2.94821e-11 2.3313e-11 1.79731e-11 1.35701e-11 1.0083e-11 7.41008e-12 5.40785e-12 3.93013e-12 2.84633e-12 2.05484e-12 1.47676e-12 1.05669e-12 7.51709e-13 5.32973e-13 3.7805e-13 2.6979e-13 1.95373e-13 1.42806e-13 1.03876e-13 6.97529e-14 3.51382e-14 7.02567e-15 
4.59212e-13 8.85804e-13 1.34756e-12 1.89698e-12 2.58479e-12 3.46465e-12 4.59186e-12 6.03115e-12 7.85767e-12 1.01546e-11 1.30061e-11 1.64904e-11 2.06598e-11 2.5518e-11 3.09956e-11 3.69185e-11 4.29998e-11 4.88486e-11 5.40149e-11 5.80631e-11 6.06598e-11 6.16174e-11 6.08994e-11 5.85779e-11 5.48041e-11 4.98066e-11 4.39025e-11 3.74937e-11 3.1017e-11 2.48767e-11 1.93857e-11 1.47255e-11 1.09505e-11 8.01215e-12 5.79699e-12 4.16596e-12 2.98184e-12 2.12935e-12 1.51665e-12 1.07702e-12 7.62052e-13 5.3713e-13 3.7805e-13 2.67145e-13 1.90061e-13 1.36919e-13 9.95956e-14 6.98591e-14 4.17249e-14 1.3933e-14 1.3933e-14 
2.14901e-13 5.61968e-13 9.32466e-13 1.35917e-12 1.88871e-12 2.56868e-12 3.4499e-12 4.59186e-12 6.06214e-12 7.93957e-12 1.03095e-11 1.32545e-11 1.6842e-11 2.11024e-11 2.6006e-11 3.14349e-11 3.71641e-11 4.28621e-11 4.81182e-11 5.25086e-11 5.56697e-11 5.73635e-11 5.74957e-11 5.60929e-11 5.32628e-11 4.91801e-11 4.40932e-11 3.83303e-11 3.22766e-11 2.63249e-11 2.08158e-11 1.59908e-11 1.19725e-11 8.77199e-12 6.32159e-12 4.5038e-12 3.18756e-12 2.24794e-12 1.58214e-12 1.1121e-12 7.80528e-13 5.46255e-13 3.81617e-13 2.67145e-13 1.87901e-13 1.3373e-13 9.63724e-14 6.81026e-14 4.54503e-14 2.23427e-14 4.27202e-15 
3.20552e-13 6.21833e-13 9.55067e-13 1.36103e-12 1.88023e-12 2.55935e-12 3.4499e-12 4.61357e-12 6.12087e-12 8.05285e-12 1.04939e-11 1.35184e-11 1.71782e-11 2.14771e-11 2.63462e-11 3.1622e-11 3.70368e-11 4.22332e-11 4.68117e-11 5.03987e-11 5.27134e-11 5.36048e-11 5.30473e-11 5.11074e-11 4.79179e-11 4.36718e-11 3.86322e-11 3.31246e-11 2.75095e-11 2.21271e-11 1.72556e-11 1.30718e-11 9.65002e-12 6.96984e-12 4.94942e-12 3.47382e-12 2.42179e-12 1.68293e-12 1.16844e-12 8.1045e-13 5.62015e-13 3.8938e-13 2.6979e-13 1.87901e-13 1.32228e-13 9.34459e-14 6.69433e-14 4.60944e-14 2.70855e-14 8.84775e-15 8.84775e-15 
1.48881e-13 3.90939e-13 6.55204e-13 9.65579e-13 1.35865e-12 1.87565e-12 2.55935e-12 3.46465e-12 4.6536e-12 6.20087e-12 8.18635e-12 1.06867e-11 1.37679e-11 1.74584e-11 2.17313e-11 2.6479e-11 3.14975e-11 3.64906e-11 4.1099e-11 4.49578e-11 4.77591e-11 4.93e-11 4.95013e-11 4.83832e-11 4.60413e-11 4.26259e-11 3.83449e-11 3.34685e-11 2.83091e-11 2.31901e-11 1.8399e-11 1.41543e-11 1.05778e-11 7.70172e-12 5.48613e-12 3.84208e-12 2.65846e-12 1.82698e-12 1.25162e-12 8.56748e-13 5.86873e-13 4.02583e-13 2.76224e-13 1.90061e-13 1.32228e-13 9.27125e-14 6.57308e-14 4.55524e-14 3.00242e-14 1.42257e-14 2.52669e-15 
2.22067e-13 4.33204e-13 6.71917e-13 9.68646e-13 1.35713e-12 1.87565e-12 2.56868e-12 3.49166e-12 4.70902e-12 6.29428e-12 8.32297e-12 1.08655e-11 1.39698e-11 1.76394e-11 2.18147e-11 2.63522e-11 3.10184e-11 3.55063e-11 3.9477e-11 4.26133e-11 4.46759e-11 4.55327e-11 4.51567e-11 4.36005e-11 4.0979e-11 3.74586e-11 3.32577e-11 2.864e-11 2.38982e-11 1.93118e-11 1.51164e-11 1.14734e-11 8.4614e-12 6.07974e-12 4.27412e-12 2.953e-12 2.01593e-12 1.36652e-12 9.23587e-13 6.24438e-13 4.22243e-13 2.8663e-13 1.95373e-13 1.3373e-13 9.27125e-14 6.44647e-14 4.5406e-14 3.07341e-14 1.77817e-14 5.62476e-15 5.62476e-15 
1.02864e-13 2.70759e-13 4.56597e-13 6.80668e-13 9.70319e-13 1.35713e-12 1.88023e-12 2.58479e-12 3.52689e-12 4.77078e-12 6.38729e-12 8.44527e-12 1.10037e-11 1.40884e-11 1.76788e-11 2.16816e-11 2.59258e-11 3.01616e-11 3.40888e-11 3.74033e-11 3.98448e-11 4.12381e-11 4.15065e-11 4.06617e-11 3.87799e-11 3.59927e-11 3.24773e-11 2.84534e-11 2.41731e-11 1.98978e-11 1.58628e-11 1.22517e-11 9.17709e-12 6.68037e-12 4.73901e-12 3.28923e-12 2.24438e-12 1.51304e-12 1.01291e-12 6.75776e-13 4.50894e-13 3.02126e-13 2.03033e-13 1.36919e-13 9.34459e-14 6.44647e-14 4.49834e-14 3.09139e-14 1.96848e-14 9.56498e-15 1.68786e-15 
1.53042e-13 2.99565e-13 4.69353e-13 6.83735e-13 9.70319e-13 1.35865e-12 1.88871e-12 2.60548e-12 3.56398e-12 4.82854e-12 6.46397e-12 8.53003e-12 1.107e-11 1.40885e-11 1.75357e-11 2.12944e-11 2.51722e-11 2.892e-11 3.22582e-11 3.49268e-11 3.67219e-11 3.75243e-11 3.73007e-11 3.60899e-11 3.39899e-11 3.11433e-11 2.773e-11 2.39671e-11 2.00848e-11 1.63073e-11 1.28254e-11 9.77423e-12 7.2269e-12 5.19489e-12 3.63981e-12 2.49664e-12 1.68325e-12 1.12149e-12 7.42013e-13 4.89154e-13 3.23038e-13 2.14379e-13 1.42806e-13 9.63724e-14 6.57308e-14 4.49834e-14 3.13517e-14 2.08781e-14 1.18027e-14 4.09062e-15 4.09062e-15 
7.08579e-14 1.86224e-13 3.15657e-13 4.7391e-13 6.83735e-13 9.68646e-13 1.36103e-12 1.89698e-12 2.62336e-12 3.59339e-12 4.86805e-12 6.50368e-12 8.55034e-12 1.10313e-11 1.39289e-11 1.71704e-11 2.06184e-11 2.40732e-11 2.72973e-11 3.00424e-11 3.20956e-11 3.33051e-11 3.35985e-11 3.29759e-11 3.15007e-11 2.92839e-11 2.6474e-11 2.32526e-11 1.98196e-11 1.63791e-11 1.31155e-11 1.01748e-11 7.65206e-12 5.58567e-12 3.965e-12 2.74535e-12 1.86134e-12 1.24091e-12 8.18204e-13 5.34882e-13 3.49115e-13 2.28462e-13 1.50333e-13 9.95956e-14 6.69433e-14 4.5406e-14 3.13517e-14 2.14565e-14 1.40036e-14 6.54609e-15 8.58115e-16 
1.03697e-13 2.05092e-13 3.22772e-13 4.7391e-13 6.80668e-13 9.65579e-13 1.35917e-12 1.89856e-12 2.62885e-12 3.60173e-12 4.86952e-12 6.48228e-12 8.47319e-12 1.08483e-11 1.35687e-11 1.65439e-11 1.96233e-11 2.2614e-11 2.52956e-11 2.74614e-11 2.89428e-11 2.96352e-11 2.95031e-11 2.85749e-11 2.69325e-11 2.4695e-11 2.20145e-11 1.90613e-11 1.60149e-11 1.30471e-11 1.03001e-11 7.88191e-12 5.84884e-12 4.21409e-12 2.95546e-12 2.02303e-12 1.35621e-12 8.95051e-13 5.84149e-13 3.78344e-13 2.44468e-13 1.58857e-13 1.03876e-13 6.81026e-14 4.55524e-14 3.09139e-14 2.14565e-14 1.39205e-14 8.14242e-15 2.53588e-15 2.53588e-15 
4.78714e-14 1.25905e-13 2.12988e-13 3.22772e-13 4.69353e-13 6.71917e-13 9.55067e-13 1.34756e-12 1.8848e-12 2.60944e-12 3.56819e-12 4.80691e-12 6.364e-12 8.2568e-12 1.04741e-11 1.29593e-11 1.56093e-11 1.82736e-11 2.07697e-11 2.29083e-11 2.45198e-11 2.54805e-11 2.57267e-11 2.52545e-11 2.41153e-11 2.24025e-11 2.02409e-11 1.77748e-11 1.516e-11 1.2546e-11 1.00694e-11 7.83364e-12 5.91013e-12 4.32603e-12 3.07782e-12 2.13186e-12 1.44326e-12 9.5757e-13 6.25346e-13 4.04163e-13 2.60041e-13 1.66483e-13 1.07626e-13 6.98591e-14 4.60944e-14 3.07341e-14 2.08781e-14 1.39205e-14 8.92702e-15 4.2539e-15 8.81344e-16 
6.91665e-14 1.35753e-13 2.12988e-13 3.15657e-13 4.56597e-13 6.55204e-13 9.32466e-13 1.31646e-12 1.84111e-12 2.54405e-12 3.46635e-12 4.64483e-12 6.10455e-12 7.84887e-12 9.85005e-12 1.20399e-11 1.43099e-11 1.65176e-11 1.85008e-11 2.01039e-11 2.11967e-11 2.1695e-11 2.1572e-11 2.08499e-11 1.95968e-11 1.7914e-11 1.59229e-11 1.37553e-11 1.15397e-11 9.39622e-12 7.42195e-12 5.68626e-12 4.22679e-12 3.05057e-12 2.14192e-12 1.46616e-12 9.80375e-13 6.44181e-13 4.1679e-13 2.66887e-13 1.70647e-13 1.08766e-13 6.97529e-14 4.54503e-14 3.00242e-14 1.96848e-14 1.40036e-14 8.92702e-15 5.11155e-15 1.76078e-15 1.76078e-15 
3.19106e-14 8.12552e-14 1.35753e-13 2.05092e-13 2.99565e-13 4.33204e-13 6.21833e-13 8.85804e-13 1.24982e-12 1.74467e-12 2.40322e-12 3.25735e-12 4.33408e-12 5.64419e-12 7.17878e-12 8.89791e-12 1.07284e-11 1.25663e-11 1.42814e-11 1.57416e-11 1.68249e-11 1.74427e-11 1.75476e-11 1.71418e-11 1.62697e-11 1.50114e-11 1.34661e-11 1.17435e-11 9.95407e-12 8.19564e-12 6.55306e-12 5.08589e-12 3.83135e-12 2.8025e-12 1.99329e-12 1.3805e-12 9.32157e-13 6.16497e-13 4.00939e-13 2.57181e-13 1.63067e-13 1.03873e-13 6.55954e-14 4.17249e-14 2.70855e-14 1.77817e-14 1.18027e-14 8.14242e-15 5.11155e-15 2.67111e-15 9.14272e-16 
4.35902e-14 8.12552e-14 1.25905e-13 1.86224e-13 2.70759e-13 3.90939e-13 5.61968e-13 7.9982e-13 1.12697e-12 1.56742e-12 2.14753e-12 2.88916e-12 3.80759e-12 4.90389e-12 6.15661e-12 7.5224e-12 8.92878e-12 1.02824e-11 1.14794e-11 1.24176e-11 1.30144e-11 1.32191e-11 1.30173e-11 1.2437e-11 1.15351e-11 1.03927e-11 9.10043e-12 7.74758e-12 6.41139e-12 5.15812e-12 4.03327e-12 3.06502e-12 2.26405e-12 1.62632e-12 1.13719e-12 7.75402e-13 5.17355e-13 3.37251e-13 2.17346e-13 1.38115e-13 8.7346e-14 5.4844e-14 3.51382e-14 2.23427e-14 1.42257e-14 9.56498e-15 6.54609e-15 4.2539e-15 2.67111e-15 9.23042e-16 9.23042e-16 
1.79772e-14 4.35902e-14 6.91665e-14 1.03697e-13 1.53042e-13 2.22067e-13 3.20552e-13 4.59212e-13 6.52618e-13 9.16193e-13 1.26713e-12 1.72329e-12 2.29531e-12 2.98939e-12 3.79658e-12 4.69196e-12 5.63314e-12 6.55997e-12 7.40036e-12 8.08177e-12 8.53849e-12 8.72584e-12 8.62669e-12 8.25264e-12 7.6446e-12 6.86256e-12 5.97529e-12 5.05027e-12 4.14849e-12 3.31447e-12 2.57818e-12 1.95271e-12 1.44012e-12 1.03559e-12 7.26204e-13 4.97336e-13 3.32745e-13 2.18076e-13 1.40869e-13 8.89186e-14 5.62876e-14 3.50556e-14 2.19787e-14 1.3933e-14 8.84775e-15 5.62476e-15 4.09062e-15 2.53588e-15 1.76078e-15 9.23042e-16 0 
1.79772e-14 3.19106e-14 4.78714e-14 7.08579e-14 1.02864e-13 1.48881e-13 2.14901e-13 3.07911e-13 4.34877e-13 6.06724e-13 8.33303e-13 1.12135e-12 1.47645e-12 1.89699e-12 2.37317e-12 2.88413e-12 3.40008e-12 3.88258e-12 4.28884e-12 4.57893e-12 4.72283e-12 4.70232e-12 4.52042e-12 4.19595e-12 3.76096e-12 3.25713e-12 2.72952e-12 2.2141e-12 1.74262e-12 1.33274e-12 9.92436e-13 7.21555e-13 5.12217e-13 3.56493e-13 2.42362e-13 1.6206e-13 1.06861e-13 6.87519e-14 4.33741e-14 2.70603e-14 1.69137e-14 1.0903e-14 7.02567e-15 4.27202e-15 2.52669e-15 1.68786e-15 8.58115e-16 8.81344e-16 9.14272e-16 0 0 
