1 101 51
3.78764e-15 7.53349e-15 1.17918e-14 1.82145e-14 2.86433e-14 4.64422e-14 7.75029e-14 1.32839e-13 2.28869e-13 3.9355e-13 6.72622e-13 1.13337e-12 1.87705e-12 3.0481e-12 4.84434e-12 7.52526e-12 1.14265e-11 1.69601e-11 2.46076e-11 3.48774e-11 4.82028e-11 6.47893e-11 8.44384e-11 1.06392e-10 1.29282e-10 1.5122e-10 1.70033e-10 1.83619e-10 1.90338e-10 1.89335e-10 1.80719e-10 1.65547e-10 1.45604e-10 1.23053e-10 1.00046e-10 7.83791e-11 5.92972e-11 4.34341e-11 3.08995e-11 2.14263e-11 1.45382e-11 9.69406e-12 6.37984e-12 4.16319e-12 2.70409e-12 1.75371e-12 1.13741e-12 7.35555e-13 4.66508e-13 2.67403e-13 2.67403e-13 
3.78764e-15 1.55087e-14 2.64447e-14 4.10649e-14 6.44356e-14 1.02233e-13 1.68093e-13 2.85013e-13 4.88649e-13 8.39097e-13 1.43341e-12 2.42419e-12 4.04e-12 6.60826e-12 1.05735e-11 1.64984e-11 2.50537e-11 3.69761e-11 5.30213e-11 7.38887e-11 1.00122e-10 1.31947e-10 1.69039e-10 2.10258e-10 2.53454e-10 2.95471e-10 3.32437e-10 3.60341e-10 3.75769e-10 3.76616e-10 3.62556e-10 3.35153e-10 2.97551e-10 2.53847e-10 2.08312e-10 1.64683e-10 1.25679e-10 9.28208e-11 6.65439e-11 4.64671e-11 3.17264e-11 2.12671e-11 1.40582e-11 9.2039e-12 5.99227e-12 3.8935e-12 2.52947e-12 1.64109e-12 1.05089e-12 6.3341e-13 2.67403e-13 
1.55087e-14 4.19862e-14 6.89702e-14 1.06521e-13 1.67032e-13 2.71593e-13 4.52625e-13 7.67524e-13 1.3103e-12 2.2322e-12 3.77462e-12 6.31243e-12 1.03941e-11 1.67848e-11 2.64771e-11 4.06601e-11 6.06243e-11 8.76066e-11 1.22609e-10 1.6621e-10 2.18388e-10 2.7834e-10 3.4425e-10 4.13059e-10 4.8035e-10 5.40547e-10 5.87545e-10 6.15738e-10 6.21177e-10 6.02533e-10 5.61524e-10 5.02653e-10 4.32319e-10 3.57558e-10 2.84786e-10 2.18875e-10 1.62735e-10 1.17405e-10 8.24704e-11 5.66184e-11 3.81448e-11 2.53276e-11 1.66457e-11 1.08739e-11 7.08531e-12 4.61645e-12 3.00618e-12 1.94465e-12 1.21292e-12 6.3341e-13 6.3341e-13 
7.53349e-15 4.19862e-14 8.47661e-14 1.33289e-13 2.06037e-13 3.27435e-13 5.38253e-13 9.02714e-13 1.53066e-12 2.60055e-12 4.40139e-12 7.38853e-12 1.22549e-11 2.00022e-11 3.19951e-11 4.99499e-11 7.58293e-11 1.11628e-10 1.59043e-10 2.19133e-10 2.92e-10 3.76572e-10 4.70424e-10 5.69596e-10 6.68431e-10 7.59622e-10 8.34719e-10 8.85282e-10 9.04497e-10 8.8881e-10 8.39017e-10 7.60361e-10 6.61546e-10 5.52962e-10 4.4466e-10 3.44709e-10 2.58294e-10 1.8766e-10 1.32665e-10 9.16095e-11 6.20443e-11 4.1391e-11 2.73168e-11 1.79105e-11 1.1709e-11 7.65371e-12 5.00433e-12 3.26206e-12 2.08378e-12 1.21292e-12 4.66508e-13 
2.64447e-14 8.47661e-14 1.46002e-13 2.2463e-13 3.49473e-13 5.6238e-13 9.3007e-13 1.56334e-12 2.64448e-12 4.47033e-12 7.51897e-12 1.25402e-11 2.06595e-11 3.34844e-11 5.3162e-11 8.23181e-11 1.23847e-10 1.80498e-10 2.54343e-10 3.46221e-10 4.5532e-10 5.78941e-10 7.12383e-10 8.48837e-10 9.79319e-10 1.09294e-09 1.17795e-09 1.22358e-09 1.22251e-09 1.17293e-09 1.07954e-09 9.52823e-10 8.06863e-10 6.56407e-10 5.14091e-10 3.88688e-10 2.84636e-10 2.02632e-10 1.40796e-10 9.58874e-11 6.42843e-11 4.26126e-11 2.80477e-11 1.84022e-11 1.20703e-11 7.92558e-12 5.2e-12 3.37532e-12 2.08378e-12 1.05089e-12 1.05089e-12 
1.17918e-14 6.89702e-14 1.46002e-13 2.32589e-13 3.55135e-13 5.56084e-13 9.01358e-13 1.49748e-12 2.51449e-12 4.23552e-12 7.1186e-12 1.18992e-11 1.97242e-11 3.23065e-11 5.20579e-11 8.2143e-11 1.26341e-10 1.8865e-10 2.72618e-10 3.80507e-10 5.12512e-10 6.66264e-10 8.36659e-10 1.01588e-09 1.19337e-09 1.35593e-09 1.48835e-09 1.57519e-09 1.60379e-09 1.56763e-09 1.46876e-09 1.31809e-09 1.1332e-09 9.34399e-10 7.40511e-10 5.65654e-10 4.1793e-10 2.99836e-10 2.09753e-10 1.43703e-10 9.68479e-11 6.44974e-11 4.26291e-11 2.80759e-11 1.84834e-11 1.21874e-11 8.04322e-12 5.28163e-12 3.37532e-12 1.94465e-12 7.35555e-13 
4.10649e-14 1.33289e-13 2.32589e-13 3.55089e-13 5.42258e-13 8.5635e-13 1.39598e-12 2.31836e-12 3.87835e-12 6.49274e-12 1.08392e-11 1.80048e-11 2.96738e-11 4.83477e-11 7.7515e-11 1.21672e-10 1.86049e-10 2.75939e-10 3.95648e-10 5.47273e-10 7.29685e-10 9.38027e-10 1.16375e-09 1.39483e-09 1.61593e-09 1.8086e-09 1.95253e-09 2.02862e-09 2.02339e-09 1.93345e-09 1.76766e-09 1.54588e-09 1.29434e-09 1.03967e-09 8.03498e-10 5.99667e-10 4.33974e-10 3.05884e-10 2.10942e-10 1.42984e-10 9.5705e-11 6.35422e-11 4.20213e-11 2.77752e-11 1.83909e-11 1.22022e-11 8.08544e-12 5.28163e-12 3.26206e-12 1.64109e-12 1.64109e-12 
1.82145e-14 1.06521e-13 2.2463e-13 3.55089e-13 5.3266e-13 8.15467e-13 1.29624e-12 2.11806e-12 3.50601e-12 5.82833e-12 9.68314e-12 1.60454e-11 2.64758e-11 4.33883e-11 7.03479e-11 1.12274e-10 1.75389e-10 2.6672e-10 3.93004e-10 5.59099e-10 7.66293e-10 1.01108e-09 1.28485e-09 1.5743e-09 1.862e-09 2.12659e-09 2.3433e-09 2.48625e-09 2.53325e-09 2.47231e-09 2.30666e-09 2.05576e-09 1.75101e-09 1.42798e-09 1.11829e-09 8.4419e-10 6.1697e-10 4.38576e-10 3.04686e-10 2.07861e-10 1.3992e-10 9.33665e-11 6.20266e-11 4.11754e-11 2.7385e-11 1.82645e-11 1.21936e-11 8.08544e-12 5.2e-12 3.00618e-12 1.13741e-12 
6.44356e-14 2.06037e-13 3.55135e-13 5.3266e-13 7.92575e-13 1.22068e-12 1.94813e-12 3.17604e-12 5.22518e-12 8.61155e-12 1.4178e-11 2.3298e-11 3.81688e-11 6.21889e-11 1.00343e-10 1.59432e-10 2.4788e-10 3.74854e-10 5.48553e-10 7.73897e-10 1.0503e-09 1.37041e-09 1.72025e-09 2.08033e-09 2.42647e-09 2.73004e-09 2.959e-09 3.08182e-09 3.07514e-09 2.93218e-09 2.66768e-09 2.31565e-09 1.92071e-09 1.52669e-09 1.16744e-09 8.6278e-10 6.19255e-10 4.33828e-10 2.9814e-10 2.01988e-10 1.35556e-10 9.0521e-11 6.03822e-11 4.03523e-11 2.70549e-11 1.81849e-11 1.21936e-11 8.04322e-12 5.00433e-12 2.52947e-12 2.52947e-12 
2.86433e-14 1.67032e-13 3.49473e-13 5.42258e-13 7.92575e-13 1.18017e-12 1.82707e-12 2.9157e-12 4.72836e-12 7.70787e-12 1.25704e-11 2.04817e-11 3.33431e-11 5.4203e-11 8.77678e-11 1.40898e-10 2.22818e-10 3.44672e-10 5.18047e-10 7.52372e-10 1.05171e-09 1.41202e-09 1.82021e-09 2.25516e-09 2.68964e-09 3.09143e-09 3.42342e-09 3.64556e-09 3.72174e-09 3.63094e-09 3.37736e-09 2.99287e-09 2.52929e-09 2.04399e-09 1.58578e-09 1.18677e-09 8.61159e-10 6.09085e-10 4.22104e-10 2.88097e-10 1.9462e-10 1.30736e-10 8.76892e-11 5.89143e-11 3.97198e-11 2.68709e-11 1.81849e-11 1.22022e-11 7.92558e-12 4.61645e-12 1.75371e-12 
1.02233e-13 3.27435e-13 5.56084e-13 8.15467e-13 1.18017e-12 1.76386e-12 2.7375e-12 4.35428e-12 7.00035e-12 1.12826e-11 1.81762e-11 2.92717e-11 4.71632e-11 7.60151e-11 1.22247e-10 1.95145e-10 3.06985e-10 4.72137e-10 7.04703e-10 1.01473e-09 1.40396e-09 1.86279e-09 2.37015e-09 2.89588e-09 3.4037e-09 3.85211e-09 4.19439e-09 4.38244e-09 4.37822e-09 4.16908e-09 3.77763e-09 3.25835e-09 2.68164e-09 2.11416e-09 1.60456e-09 1.17871e-09 8.42743e-10 5.89641e-10 4.05879e-10 2.76279e-10 1.8687e-10 1.26135e-10 8.52571e-11 5.78295e-11 3.93805e-11 2.68709e-11 1.82645e-11 1.21874e-11 7.65371e-12 3.8935e-12 3.8935e-12 
4.64422e-14 2.71593e-13 5.6238e-13 8.5635e-13 1.22068e-12 1.76386e-12 2.64741e-12 4.10621e-12 6.48649e-12 1.03119e-11 1.64032e-11 2.60718e-11 4.14519e-11 6.60315e-11 1.05415e-10 1.68224e-10 2.66806e-10 4.17144e-10 6.3725e-10 9.43537e-10 1.34553e-09 1.84056e-09 2.41084e-09 3.0249e-09 3.64195e-09 4.21562e-09 4.69404e-09 5.01988e-09 5.13813e-09 5.01413e-09 4.65252e-09 4.10258e-09 3.44435e-09 2.76375e-09 2.13031e-09 1.58643e-09 1.14804e-09 8.11966e-10 5.64359e-10 3.87529e-10 2.64207e-10 1.79646e-10 1.22265e-10 8.34939e-11 5.72566e-11 3.93805e-11 2.70549e-11 1.83909e-11 1.20703e-11 7.08531e-12 2.70409e-12 
1.68093e-13 5.38253e-13 9.01358e-13 1.29624e-12 1.82707e-12 2.64741e-12 3.98289e-12 6.15368e-12 9.6272e-12 1.51094e-11 2.36937e-11 3.71211e-11 5.82136e-11 9.15886e-11 1.44668e-10 2.28833e-10 3.6018e-10 5.5903e-10 8.4724e-10 1.24288e-09 1.75318e-09 2.36828e-09 3.05926e-09 3.78205e-09 4.48425e-09 5.10874e-09 5.59203e-09 5.86554e-09 5.87076e-09 5.58582e-09 5.04385e-09 4.32704e-09 3.5393e-09 2.77464e-09 2.09736e-09 1.53815e-09 1.10102e-09 7.73656e-10 5.3656e-10 3.69165e-10 2.53136e-10 1.73649e-10 1.19492e-10 8.25711e-11 5.72566e-11 3.97198e-11 2.7385e-11 1.84834e-11 1.1709e-11 5.99227e-12 5.99227e-12 
7.75029e-14 4.52625e-13 9.3007e-13 1.39598e-12 1.94813e-12 2.7375e-12 3.98289e-12 5.99042e-12 9.193e-12 1.42188e-11 2.20064e-11 3.4001e-11 5.24813e-11 8.11282e-11 1.25952e-10 1.96611e-10 3.07835e-10 4.80155e-10 7.38727e-10 1.10912e-09 1.60981e-09 2.24319e-09 2.98894e-09 3.80404e-09 4.6305e-09 5.40411e-09 6.05624e-09 6.50989e-09 6.68601e-09 6.5308e-09 6.04866e-09 5.31171e-09 4.43619e-09 3.54213e-09 2.7212e-09 2.02476e-09 1.46851e-09 1.04441e-09 7.32464e-10 5.09192e-10 3.52532e-10 2.44035e-10 1.69386e-10 1.18049e-10 8.25711e-11 5.78295e-11 4.03523e-11 2.77752e-11 1.84022e-11 1.08739e-11 4.16319e-12 
2.85013e-13 9.02714e-13 1.49748e-12 2.11806e-12 2.9157e-12 4.10621e-12 5.99042e-12 8.98278e-12 1.36635e-11 2.08681e-11 3.18394e-11 4.84668e-11 7.37017e-11 1.12276e-10 1.7188e-10 2.64828e-10 4.09764e-10 6.32234e-10 9.62466e-10 1.42909e-09 2.04907e-09 2.81678e-09 3.69794e-09 4.63327e-09 5.55057e-09 6.37393e-09 7.02147e-09 7.4009e-09 7.42777e-09 7.06705e-09 6.36454e-09 5.43724e-09 4.42863e-09 3.46212e-09 2.6164e-09 1.92464e-09 1.38688e-09 9.84663e-10 6.92468e-10 4.84663e-10 3.38969e-10 2.37601e-10 1.67175e-10 1.18049e-10 8.34939e-11 5.89143e-11 4.11754e-11 2.80759e-11 1.79105e-11 9.2039e-12 9.2039e-12 
1.32839e-13 7.67524e-13 1.56334e-12 2.31836e-12 3.17604e-12 4.35428e-12 6.15368e-12 8.98278e-12 1.33972e-11 2.01676e-11 3.04024e-11 4.5734e-11 6.86214e-11 1.02856e-10 1.54437e-10 2.33014e-10 3.53926e-10 5.40164e-10 8.2262e-10 1.23643e-09 1.81206e-09 2.5624e-09 3.47029e-09 4.48447e-09 5.52811e-09 6.51535e-09 7.35833e-09 7.95911e-09 8.21078e-09 8.03504e-09 7.4347e-09 6.50969e-09 5.41808e-09 4.31617e-09 3.31647e-09 2.4766e-09 1.80977e-09 1.30207e-09 9.27349e-10 6.56954e-10 4.64804e-10 3.2943e-10 2.34277e-10 1.67175e-10 1.19492e-10 8.52571e-11 6.03822e-11 4.20213e-11 2.80477e-11 1.66457e-11 6.37984e-12 
4.88649e-13 1.53066e-12 2.51449e-12 3.50601e-12 4.72836e-12 6.48649e-12 9.193e-12 1.33972e-11 1.98344e-11 2.9524e-11 4.3929e-11 6.51947e-11 9.65126e-11 1.42724e-10 2.11333e-10 3.14191e-10 4.69871e-10 7.05865e-10 1.05835e-09 1.56671e-09 2.26159e-09 3.14888e-09 4.19641e-09 5.3332e-09 6.46454e-09 7.49251e-09 8.31619e-09 8.81824e-09 8.88253e-09 8.45731e-09 7.60429e-09 6.47975e-09 5.26838e-09 4.12088e-09 3.12677e-09 2.31888e-09 1.692e-09 1.22157e-09 8.76887e-10 6.28387e-10 4.509e-10 3.24516e-10 2.34277e-10 1.69386e-10 1.22265e-10 8.76892e-11 6.20266e-11 4.26291e-11 2.73168e-11 1.40582e-11 1.40582e-11 
2.28869e-13 1.3103e-12 2.64448e-12 3.87835e-12 5.22518e-12 7.00035e-12 9.6272e-12 1.36635e-11 1.98344e-11 2.91064e-11 4.28243e-11 6.29196e-11 9.22148e-11 1.3486e-10 1.9701e-10 2.87918e-10 4.21769e-10 6.20313e-10 9.15274e-10 1.3476e-09 1.95995e-09 2.78119e-09 3.80703e-09 4.98617e-09 6.22556e-09 7.41487e-09 8.44701e-09 9.20355e-09 9.54466e-09 9.36179e-09 8.65874e-09 7.56789e-09 6.29049e-09 5.01551e-09 3.87059e-09 2.91541e-09 2.15889e-09 1.58123e-09 1.15123e-09 8.36532e-10 6.0847e-10 4.43756e-10 3.24516e-10 2.37601e-10 1.73649e-10 1.26135e-10 9.0521e-11 6.35422e-11 4.26126e-11 2.53276e-11 9.69406e-12 
8.39097e-13 2.60055e-12 4.23552e-12 5.82833e-12 7.70787e-12 1.03119e-11 1.42188e-11 2.01676e-11 2.91064e-11 4.22962e-11 6.15103e-11 8.93062e-11 1.29411e-10 1.87234e-10 2.7056e-10 3.90602e-10 5.6382e-10 8.14744e-10 1.17867e-09 1.70051e-09 2.42497e-09 3.37668e-09 4.53651e-09 5.82884e-09 7.1397e-09 8.35036e-09 9.34338e-09 9.97239e-09 1.00825e-08 9.60574e-09 8.62552e-09 7.34132e-09 5.97459e-09 4.69449e-09 3.59415e-09 2.70276e-09 2.00952e-09 1.48504e-09 1.09526e-09 8.08504e-10 5.98261e-10 4.43756e-10 3.2943e-10 2.44035e-10 1.79646e-10 1.30736e-10 9.33665e-11 6.44974e-11 4.1391e-11 2.12671e-11 2.12671e-11 
3.9355e-13 2.2322e-12 4.47033e-12 6.49274e-12 8.61155e-12 1.12826e-11 1.51094e-11 2.08681e-11 2.9524e-11 4.22962e-11 6.08309e-11 8.74621e-11 1.25591e-10 1.80159e-10 2.58211e-10 3.69485e-10 5.27267e-10 7.50043e-10 1.06451e-09 1.50872e-09 2.13056e-09 2.97485e-09 4.05714e-09 5.33601e-09 6.70928e-09 8.05173e-09 9.24219e-09 1.01411e-08 1.05679e-08 1.03819e-08 9.59172e-09 8.37088e-09 6.96196e-09 5.57505e-09 4.3418e-09 3.31762e-09 2.50537e-09 1.88049e-09 1.40884e-09 1.05652e-09 7.94167e-10 5.98261e-10 4.509e-10 3.38969e-10 2.53136e-10 1.8687e-10 1.35556e-10 9.5705e-11 6.42843e-11 3.81448e-11 1.45382e-11 
1.43341e-12 4.40139e-12 7.1186e-12 9.68314e-12 1.25704e-11 1.64032e-11 2.20064e-11 3.04024e-11 4.28243e-11 6.08309e-11 8.65578e-11 1.2309e-10 1.74956e-10 2.48703e-10 3.53406e-10 5.01048e-10 7.06995e-10 9.9148e-10 1.38289e-09 1.9213e-09 2.65587e-09 3.62656e-09 4.83033e-09 6.19706e-09 7.60581e-09 8.93406e-09 1.00555e-08 1.07895e-08 1.09355e-08 1.04089e-08 9.32674e-09 7.93512e-09 6.48085e-09 5.13689e-09 3.99022e-09 3.06197e-09 2.33551e-09 1.7786e-09 1.35622e-09 1.03673e-09 7.94167e-10 6.0847e-10 4.64804e-10 3.52532e-10 2.64207e-10 1.9462e-10 1.3992e-10 9.68479e-11 6.20443e-11 3.17264e-11 3.17264e-11 
6.72622e-13 3.77462e-12 7.51897e-12 1.08392e-11 1.4178e-11 1.81762e-11 2.36937e-11 3.18394e-11 4.3929e-11 6.15103e-11 8.65578e-11 1.21839e-10 1.71426e-10 2.41332e-10 3.40124e-10 4.79296e-10 6.73292e-10 9.39638e-10 1.30036e-09 1.78545e-09 2.43598e-09 3.29764e-09 4.39447e-09 5.69315e-09 7.09639e-09 8.48284e-09 9.75041e-09 1.07459e-08 1.12343e-08 1.10291e-08 1.01599e-08 8.85064e-09 7.37618e-09 5.9518e-09 4.70039e-09 3.66586e-09 2.84249e-09 2.20165e-09 1.70836e-09 1.32939e-09 1.03673e-09 8.08504e-10 6.28387e-10 4.84663e-10 3.69165e-10 2.76279e-10 2.01988e-10 1.42984e-10 9.58874e-11 5.66184e-11 2.14263e-11 
2.42419e-12 7.38853e-12 1.18992e-11 1.60454e-11 2.04817e-11 2.60718e-11 3.4001e-11 4.5734e-11 6.29196e-11 8.74621e-11 1.21839e-10 1.69625e-10 2.36167e-10 3.29341e-10 4.60143e-10 6.42828e-10 8.94615e-10 1.23565e-09 1.6904e-09 2.29053e-09 3.0745e-09 4.07338e-09 5.27898e-09 6.61706e-09 7.97918e-09 9.2902e-09 1.04619e-08 1.12688e-08 1.14204e-08 1.08305e-08 9.66931e-09 8.22553e-09 6.75591e-09 5.42301e-09 4.29751e-09 3.38754e-09 2.66961e-09 2.10941e-09 1.67255e-09 1.32939e-09 1.05652e-09 8.36532e-10 6.56954e-10 5.09192e-10 3.87529e-10 2.88097e-10 2.07861e-10 1.43703e-10 9.16095e-11 4.64671e-11 4.64671e-11 
1.13337e-12 6.31243e-12 1.25402e-11 1.80048e-11 2.3298e-11 2.92717e-11 3.71211e-11 4.84668e-11 6.51947e-11 8.93062e-11 1.2309e-10 1.69625e-10 2.33486e-10 3.216e-10 4.4408e-10 6.14743e-10 8.51051e-10 1.17369e-09 1.60653e-09 2.17756e-09 2.91826e-09 3.85508e-09 4.98598e-09 6.24508e-09 7.52047e-09 8.76706e-09 9.99045e-09 1.10465e-08 1.15681e-08 1.13122e-08 1.03615e-08 8.99861e-09 7.5194e-09 6.13054e-09 4.93308e-09 3.95121e-09 3.16806e-09 2.55039e-09 2.06238e-09 1.67255e-09 1.35622e-09 1.09526e-09 8.76887e-10 6.92468e-10 5.3656e-10 4.05879e-10 2.9814e-10 2.10942e-10 1.40796e-10 8.24704e-11 3.08995e-11 
4.04e-12 1.22549e-11 1.97242e-11 2.64758e-11 3.33431e-11 4.14519e-11 5.24813e-11 6.86214e-11 9.22148e-11 1.25591e-10 1.71426e-10 2.33486e-10 3.17539e-10 4.32387e-10 5.90775e-10 8.09877e-10 1.11115e-09 1.51997e-09 2.06565e-09 2.77952e-09 3.68637e-09 4.78319e-09 5.99619e-09 7.18599e-09 8.28852e-09 9.41613e-09 1.05989e-08 1.14622e-08 1.15916e-08 1.09102e-08 9.67633e-09 8.21897e-09 6.79666e-09 5.54665e-09 4.51011e-09 3.67725e-09 3.01633e-09 2.48953e-09 2.06238e-09 1.70836e-09 1.40884e-09 1.15123e-09 9.27349e-10 7.32464e-10 5.64359e-10 4.22104e-10 3.04686e-10 2.09753e-10 1.32665e-10 6.65439e-11 6.65439e-11 
1.87705e-12 1.03941e-11 2.06595e-11 2.96738e-11 3.81688e-11 4.71632e-11 5.82136e-11 7.37017e-11 9.65126e-11 1.29411e-10 1.74956e-10 2.36167e-10 3.17539e-10 4.26221e-10 5.73235e-10 7.7456e-10 1.05158e-09 1.43089e-09 1.94438e-09 2.62778e-09 3.51249e-09 4.6026e-09 5.81966e-09 6.9834e-09 7.9537e-09 8.86002e-09 9.98978e-09 1.11097e-08 1.16461e-08 1.13098e-08 1.02534e-08 8.84463e-09 7.40272e-09 6.11407e-09 5.0392e-09 4.17366e-09 3.487e-09 2.93867e-09 2.48953e-09 2.10941e-09 1.7786e-09 1.48504e-09 1.22157e-09 9.84663e-10 7.73656e-10 5.89641e-10 4.33828e-10 3.05884e-10 2.02632e-10 1.17405e-10 4.34341e-11 
6.60826e-12 2.00022e-11 3.23065e-11 4.33883e-11 5.4203e-11 6.60315e-11 8.11282e-11 1.02856e-10 1.3486e-10 1.80159e-10 2.41332e-10 3.216e-10 4.26221e-10 5.63973e-10 7.48726e-10 1.00062e-09 1.34629e-09 1.81901e-09 2.45852e-09 3.30684e-09 4.38599e-09 5.63181e-09 6.84353e-09 7.78021e-09 8.45854e-09 9.33903e-09 1.05382e-08 1.1462e-08 1.15308e-08 1.07357e-08 9.40238e-09 7.94501e-09 6.61996e-09 5.51619e-09 4.63277e-09 3.93851e-09 3.38923e-09 2.93867e-09 2.55039e-09 2.20165e-09 1.88049e-09 1.58123e-09 1.30207e-09 1.04441e-09 8.11966e-10 6.09085e-10 4.38576e-10 2.99836e-10 1.8766e-10 9.28208e-11 9.28208e-11 
3.0481e-12 1.67848e-11 3.34844e-11 4.83477e-11 6.21889e-11 7.60151e-11 9.15886e-11 1.12276e-10 1.42724e-10 1.87234e-10 2.48703e-10 3.29341e-10 4.32387e-10 5.63973e-10 7.35094e-10 9.63464e-10 1.2744e-09 1.70084e-09 2.28389e-09 3.07365e-09 4.11421e-09 5.37016e-09 6.66106e-09 7.68468e-09 8.26599e-09 8.81194e-09 9.84329e-09 1.10315e-08 1.15494e-08 1.10995e-08 9.91485e-09 8.43827e-09 7.06484e-09 5.929e-09 5.03402e-09 4.34643e-09 3.81697e-09 3.38923e-09 3.01633e-09 2.66961e-09 2.33551e-09 2.00952e-09 1.692e-09 1.38688e-09 1.10102e-09 8.42743e-10 6.19255e-10 4.33974e-10 2.84636e-10 1.62735e-10 5.92972e-11 
1.05735e-11 3.19951e-11 5.20579e-11 7.03479e-11 8.77678e-11 1.05415e-10 1.25952e-10 1.54437e-10 1.9701e-10 2.58211e-10 3.40124e-10 4.4408e-10 5.73235e-10 7.35094e-10 9.43887e-10 1.22218e-09 1.60111e-09 2.12051e-09 2.83352e-09 3.80264e-09 5.02487e-09 6.36295e-09 7.52539e-09 8.19223e-09 8.5149e-09 9.19199e-09 1.04217e-08 1.13356e-08 1.13273e-08 1.03809e-08 8.92175e-09 7.46922e-09 6.28292e-09 5.36884e-09 4.69131e-09 4.19734e-09 3.81697e-09 3.487e-09 3.16806e-09 2.84249e-09 2.50537e-09 2.15889e-09 1.80977e-09 1.46851e-09 1.14804e-09 8.61159e-10 6.1697e-10 4.1793e-10 2.58294e-10 1.25679e-10 1.25679e-10 
4.84434e-12 2.64771e-11 5.3162e-11 7.7515e-11 1.00343e-10 1.22247e-10 1.44668e-10 1.7188e-10 2.11333e-10 2.7056e-10 3.53406e-10 4.60143e-10 5.90775e-10 7.48726e-10 9.43887e-10 1.19469e-09 1.52889e-09 1.98318e-09 2.60905e-09 3.4793e-09 4.62428e-09 5.94456e-09 7.20471e-09 8.05605e-09 8.35833e-09 8.70389e-09 9.78572e-09 1.09473e-08 1.13859e-08 1.08151e-08 9.42698e-09 7.88368e-09 6.60496e-09 5.64859e-09 4.96713e-09 4.51125e-09 4.19734e-09 3.93851e-09 3.67725e-09 3.38754e-09 3.06197e-09 2.70276e-09 2.31888e-09 1.92464e-09 1.53815e-09 1.17871e-09 8.6278e-10 5.99667e-10 3.88688e-10 2.18875e-10 7.83791e-11 
1.64984e-11 4.99499e-11 8.2143e-11 1.12274e-10 1.40898e-10 1.68224e-10 1.96611e-10 2.33014e-10 2.87918e-10 3.69485e-10 4.79296e-10 6.14743e-10 7.7456e-10 9.63464e-10 1.19469e-09 1.49084e-09 1.88357e-09 2.41961e-09 3.17279e-09 4.2012e-09 5.44752e-09 6.72856e-09 7.70952e-09 8.14369e-09 8.35354e-09 9.20569e-09 1.05118e-08 1.13328e-08 1.12126e-08 1.00176e-08 8.36783e-09 6.95484e-09 5.90986e-09 5.19035e-09 4.7536e-09 4.51125e-09 4.34643e-09 4.17366e-09 3.95121e-09 3.66586e-09 3.31762e-09 2.91541e-09 2.4766e-09 2.02476e-09 1.58643e-09 1.18677e-09 8.4419e-10 5.65654e-10 3.44709e-10 1.64683e-10 1.64683e-10 
7.52526e-12 4.06601e-11 8.23181e-11 1.21672e-10 1.59432e-10 1.95145e-10 2.28833e-10 2.64828e-10 3.14191e-10 3.90602e-10 5.01048e-10 6.42828e-10 8.09877e-10 1.00062e-09 1.22218e-09 1.49084e-09 1.83082e-09 2.28065e-09 2.91012e-09 3.78552e-09 4.90901e-09 6.1407e-09 7.17492e-09 7.73049e-09 7.86295e-09 8.60731e-09 1.00682e-08 1.12975e-08 1.16318e-08 1.07418e-08 9.02634e-09 7.41316e-09 6.22501e-09 5.40691e-09 4.94303e-09 4.7536e-09 4.69131e-09 4.63277e-09 4.51011e-09 4.29751e-09 3.99022e-09 3.59415e-09 3.12677e-09 2.6164e-09 2.09736e-09 1.60456e-09 1.16744e-09 8.03498e-10 5.14091e-10 2.84786e-10 1.00046e-10 
2.50537e-11 7.58293e-11 1.26341e-10 1.75389e-10 2.22818e-10 2.66806e-10 3.07835e-10 3.53926e-10 4.21769e-10 5.27267e-10 6.73292e-10 8.51051e-10 1.05158e-09 1.2744e-09 1.52889e-09 1.83082e-09 2.20598e-09 2.7127e-09 3.41869e-09 4.35504e-09 5.48715e-09 6.54438e-09 7.09243e-09 7.22615e-09 7.84842e-09 9.65125e-09 1.13085e-08 1.21322e-08 1.1666e-08 9.96786e-09 8.11103e-09 6.69441e-09 5.70365e-09 5.12985e-09 4.94303e-09 4.96713e-09 5.03402e-09 5.0392e-09 4.93308e-09 4.70039e-09 4.3418e-09 3.87059e-09 3.31647e-09 2.7212e-09 2.13031e-09 1.58578e-09 1.11829e-09 7.40511e-10 4.4466e-10 2.08312e-10 2.08312e-10 
1.14265e-11 6.06243e-11 1.23847e-10 1.86049e-10 2.4788e-10 3.06985e-10 3.6018e-10 4.09764e-10 4.69871e-10 5.6382e-10 7.06995e-10 8.94615e-10 1.11115e-09 1.34629e-09 1.60111e-09 1.88357e-09 2.20598e-09 2.60233e-09 3.13328e-09 3.8598e-09 4.80233e-09 5.8063e-09 6.34164e-09 6.6487e-09 7.31857e-09 9.39079e-09 1.15477e-08 1.28309e-08 1.28334e-08 1.12934e-08 9.20013e-09 7.45574e-09 6.20412e-09 5.40847e-09 5.12985e-09 5.19035e-09 5.36884e-09 5.51619e-09 5.54665e-09 5.42301e-09 5.13689e-09 4.69449e-09 4.12088e-09 3.46212e-09 2.77464e-09 2.11416e-09 1.52669e-09 1.03967e-09 6.56407e-10 3.57558e-10 1.23053e-10 
3.69761e-11 1.11628e-10 1.8865e-10 2.6672e-10 3.44672e-10 4.17144e-10 4.80155e-10 5.40164e-10 6.20313e-10 7.50043e-10 9.39638e-10 1.17369e-09 1.43089e-09 1.70084e-09 1.98318e-09 2.28065e-09 2.60233e-09 2.96152e-09 3.47246e-09 4.21257e-09 5.05782e-09 5.57113e-09 6.03335e-09 7.28101e-09 9.87433e-09 1.23953e-08 1.41794e-08 1.44662e-08 1.2999e-08 1.08394e-08 8.64264e-09 7.05555e-09 5.91698e-09 5.40847e-09 5.40691e-09 5.64859e-09 5.929e-09 6.11407e-09 6.13054e-09 5.9518e-09 5.57505e-09 5.01551e-09 4.31617e-09 3.54213e-09 2.76375e-09 2.04399e-09 1.42798e-09 9.34399e-10 5.52962e-10 2.53847e-10 2.53847e-10 
1.69601e-11 8.76066e-11 1.80498e-10 2.75939e-10 3.74854e-10 4.72137e-10 5.5903e-10 6.32234e-10 7.05865e-10 8.14744e-10 9.9148e-10 1.23565e-09 1.51997e-09 1.81901e-09 2.12051e-09 2.41961e-09 2.7127e-09 2.96152e-09 3.22172e-09 3.79612e-09 4.47247e-09 5.31558e-09 5.85932e-09 8.11748e-09 1.17311e-08 1.44534e-08 1.6169e-08 1.70958e-08 1.53464e-08 1.32878e-08 1.0392e-08 8.35447e-09 6.81432e-09 5.91698e-09 5.70365e-09 5.90986e-09 6.28292e-09 6.61996e-09 6.79666e-09 6.75591e-09 6.48085e-09 5.97459e-09 5.26838e-09 4.42863e-09 3.5393e-09 2.68164e-09 1.92071e-09 1.29434e-09 8.06863e-10 4.32319e-10 1.45604e-10 
5.30213e-11 1.59043e-10 2.72618e-10 3.93004e-10 5.18047e-10 6.3725e-10 7.38727e-10 8.2262e-10 9.15274e-10 1.06451e-09 1.30036e-09 1.60653e-09 1.94438e-09 2.28389e-09 2.60905e-09 2.91012e-09 3.13328e-09 3.22172e-09 3.5018e-09 4.21253e-09 5.15282e-09 6.86107e-09 1.02775e-08 1.50979e-08 1.8301e-08 1.98582e-08 2.03761e-08 1.897e-08 1.66286e-08 1.30353e-08 1.01226e-08 8.185e-09 6.81432e-09 6.20412e-09 6.22501e-09 6.60496e-09 7.06484e-09 7.40272e-09 7.5194e-09 7.37618e-09 6.96196e-09 6.29049e-09 5.41808e-09 4.43619e-09 3.44435e-09 2.52929e-09 1.75101e-09 1.1332e-09 6.61546e-10 2.97551e-10 2.97551e-10 
2.46076e-11 1.22609e-10 2.54343e-10 3.95648e-10 5.48553e-10 7.04703e-10 8.4724e-10 9.62466e-10 1.05835e-09 1.17867e-09 1.38289e-09 1.6904e-09 2.06565e-09 2.45852e-09 2.83352e-09 3.17279e-09 3.41869e-09 3.47246e-09 3.5018e-09 4.01104e-09 5.44888e-09 8.33719e-09 1.35123e-08 1.94736e-08 2.52107e-08 2.91385e-08 2.78959e-08 2.34436e-08 2.07459e-08 1.71851e-08 1.26641e-08 1.00172e-08 8.185e-09 7.05555e-09 6.69441e-09 6.95484e-09 7.46922e-09 7.94501e-09 8.21897e-09 8.22553e-09 7.93512e-09 7.34132e-09 6.47975e-09 5.43724e-09 4.32704e-09 3.25835e-09 2.31565e-09 1.54588e-09 9.52823e-10 5.02653e-10 1.65547e-10 
7.38887e-11 2.19133e-10 3.80507e-10 5.59099e-10 7.52372e-10 9.43537e-10 1.10912e-09 1.23643e-09 1.3476e-09 1.50872e-09 1.78545e-09 2.17756e-09 2.62778e-09 3.07365e-09 3.4793e-09 3.78552e-09 3.8598e-09 3.79612e-09 4.01104e-09 5.70605e-09 9.88798e-09 1.76805e-08 2.66054e-08 3.58516e-08 4.10644e-08 3.85043e-08 3.35153e-08 2.87927e-08 2.17878e-08 1.69918e-08 1.24746e-08 1.00172e-08 8.35447e-09 7.45574e-09 7.41316e-09 7.88368e-09 8.43827e-09 8.84463e-09 8.99861e-09 8.85064e-09 8.37088e-09 7.56789e-09 6.50969e-09 5.31171e-09 4.10258e-09 2.99287e-09 2.05576e-09 1.31809e-09 7.60361e-10 3.35153e-10 3.35153e-10 
3.48774e-11 1.6621e-10 3.46221e-10 5.47273e-10 7.73897e-10 1.01473e-09 1.24288e-09 1.42909e-09 1.56671e-09 1.70051e-09 1.9213e-09 2.29053e-09 2.77952e-09 3.30684e-09 3.80264e-09 4.2012e-09 4.35504e-09 4.21257e-09 4.21253e-09 5.70605e-09 1.09223e-08 2.14514e-08 3.55676e-08 4.82958e-08 5.77759e-08 5.66369e-08 4.62607e-08 3.85332e-08 3.01418e-08 2.16064e-08 1.66757e-08 1.24746e-08 1.01226e-08 8.64264e-09 8.11103e-09 8.36783e-09 8.92175e-09 9.40238e-09 9.67633e-09 9.66931e-09 9.32674e-09 8.62552e-09 7.60429e-09 6.36454e-09 5.04385e-09 3.77763e-09 2.66768e-09 1.76766e-09 1.07954e-09 5.61524e-10 1.80719e-10 
1.00122e-10 2.92e-10 5.12512e-10 7.66293e-10 1.05171e-09 1.34553e-09 1.60981e-09 1.81206e-09 1.95995e-09 2.13056e-09 2.43598e-09 2.91826e-09 3.51249e-09 4.11421e-09 4.62428e-09 4.90901e-09 4.80233e-09 4.47247e-09 5.44888e-09 1.09223e-08 2.30385e-08 4.43446e-08 6.11444e-08 6.92236e-08 6.82725e-08 6.55378e-08 5.78614e-08 4.22207e-08 2.98555e-08 2.10592e-08 1.66757e-08 1.26641e-08 1.0392e-08 9.20013e-09 9.02634e-09 9.42698e-09 9.91485e-09 1.02534e-08 1.03615e-08 1.01599e-08 9.59172e-09 8.65874e-09 7.4347e-09 6.04866e-09 4.65252e-09 3.37736e-09 2.30666e-09 1.46876e-09 8.39017e-10 3.62556e-10 3.62556e-10 
4.82028e-11 2.18388e-10 4.5532e-10 7.29685e-10 1.0503e-09 1.40396e-09 1.75318e-09 2.04907e-09 2.26159e-09 2.42497e-09 2.65587e-09 3.0745e-09 3.68637e-09 4.38599e-09 5.02487e-09 5.44752e-09 5.48715e-09 5.05782e-09 5.15282e-09 9.88798e-09 2.30385e-08 4.85755e-08 6.76115e-08 7.46112e-08 8.25305e-08 8.37817e-08 7.7438e-08 6.34295e-08 4.63581e-08 2.89534e-08 2.10592e-08 1.69918e-08 1.30353e-08 1.08394e-08 9.96786e-09 1.00176e-08 1.03809e-08 1.07357e-08 1.09102e-08 1.08305e-08 1.04089e-08 9.60574e-09 8.45731e-09 7.06705e-09 5.58582e-09 4.16908e-09 2.93218e-09 1.93345e-09 1.17293e-09 6.02533e-10 1.89335e-10 
1.31947e-10 3.76572e-10 6.66264e-10 1.01108e-09 1.41202e-09 1.84056e-09 2.24319e-09 2.5624e-09 2.78119e-09 2.97485e-09 3.29764e-09 3.85508e-09 4.6026e-09 5.37016e-09 5.94456e-09 6.1407e-09 5.8063e-09 5.31558e-09 8.33719e-09 2.14514e-08 4.85755e-08 7.10186e-08 8.11232e-08 9.29136e-08 9.85447e-08 9.58744e-08 8.61612e-08 6.89552e-08 4.76818e-08 2.89534e-08 2.16064e-08 1.71851e-08 1.32878e-08 1.12934e-08 1.07418e-08 1.08151e-08 1.10995e-08 1.13098e-08 1.13122e-08 1.10291e-08 1.03819e-08 9.36179e-09 8.03504e-09 6.5308e-09 5.01413e-09 3.63094e-09 2.47231e-09 1.56763e-09 8.8881e-10 3.76616e-10 3.76616e-10 
6.47893e-11 2.7834e-10 5.78941e-10 9.38027e-10 1.37041e-09 1.86279e-09 2.36828e-09 2.81678e-09 3.14888e-09 3.37668e-09 3.62656e-09 4.07338e-09 4.78319e-09 5.63181e-09 6.36295e-09 6.72856e-09 6.54438e-09 5.57113e-09 6.86107e-09 1.76805e-08 4.43446e-08 7.10186e-08 8.50028e-08 1.00381e-07 1.07759e-07 1.09945e-07 1.03901e-07 9.09004e-08 7.21251e-08 4.76818e-08 2.98555e-08 2.17878e-08 1.66286e-08 1.2999e-08 1.1666e-08 1.12126e-08 1.13273e-08 1.15308e-08 1.15916e-08 1.14204e-08 1.09355e-08 1.00825e-08 8.88253e-09 7.42777e-09 5.87076e-09 4.37822e-09 3.07514e-09 2.02339e-09 1.22251e-09 6.21177e-10 1.90338e-10 
1.69039e-10 4.70424e-10 8.36659e-10 1.28485e-09 1.82021e-09 2.41084e-09 2.98894e-09 3.47029e-09 3.80703e-09 4.05714e-09 4.39447e-09 4.98598e-09 5.81966e-09 6.66106e-09 7.20471e-09 7.17492e-09 6.34164e-09 5.85932e-09 1.35123e-08 3.55676e-08 6.76115e-08 8.50028e-08 1.04705e-07 1.1338e-07 1.20117e-07 1.19597e-07 1.10563e-07 9.50892e-08 7.21251e-08 4.63581e-08 3.01418e-08 2.07459e-08 1.53464e-08 1.28334e-08 1.16318e-08 1.13859e-08 1.15494e-08 1.16461e-08 1.15681e-08 1.12343e-08 1.05679e-08 9.54466e-09 8.21078e-09 6.68601e-09 5.13813e-09 3.72174e-09 2.53325e-09 1.60379e-09 9.04497e-10 3.75769e-10 3.75769e-10 
8.44384e-11 3.4425e-10 7.12383e-10 1.16375e-09 1.72025e-09 2.37015e-09 3.05926e-09 3.69794e-09 4.19641e-09 4.53651e-09 4.83033e-09 5.27898e-09 5.99619e-09 6.84353e-09 7.52539e-09 7.70952e-09 7.09243e-09 6.03335e-09 1.02775e-08 2.66054e-08 6.11444e-08 8.11232e-08 1.04705e-07 1.17266e-07 1.27858e-07 1.31826e-07 1.2821e-07 1.15707e-07 9.50892e-08 6.89552e-08 4.22207e-08 2.87927e-08 1.897e-08 1.44662e-08 1.21322e-08 1.13328e-08 1.13356e-08 1.1462e-08 1.14622e-08 1.12688e-08 1.07895e-08 9.97239e-09 8.81824e-09 7.4009e-09 5.86554e-09 4.38244e-09 3.08182e-09 2.02862e-09 1.22358e-09 6.15738e-10 1.83619e-10 
2.10258e-10 5.69596e-10 1.01588e-09 1.5743e-09 2.25516e-09 3.0249e-09 3.80404e-09 4.48447e-09 4.98617e-09 5.33601e-09 5.69315e-09 6.24508e-09 6.9834e-09 7.68468e-09 8.05605e-09 7.73049e-09 6.6487e-09 8.11748e-09 1.94736e-08 4.82958e-08 7.46112e-08 1.00381e-07 1.17266e-07 1.31793e-07 1.38705e-07 1.3953e-07 1.32425e-07 1.15707e-07 9.09004e-08 6.34295e-08 3.85332e-08 2.34436e-08 1.70958e-08 1.28309e-08 1.12975e-08 1.09473e-08 1.10315e-08 1.11097e-08 1.10465e-08 1.07459e-08 1.01411e-08 9.20355e-09 7.95911e-09 6.50989e-09 5.01988e-09 3.64556e-09 2.48625e-09 1.57519e-09 8.85282e-10 3.60341e-10 3.60341e-10 
1.06392e-10 4.13059e-10 8.48837e-10 1.39483e-09 2.08033e-09 2.89588e-09 3.78205e-09 4.63327e-09 5.3332e-09 5.82884e-09 6.19706e-09 6.61706e-09 7.18599e-09 7.78021e-09 8.19223e-09 8.14369e-09 7.22615e-09 7.28101e-09 1.50979e-08 3.58516e-08 6.92236e-08 9.29136e-08 1.1338e-07 1.31793e-07 1.42208e-07 1.43841e-07 1.42722e-07 1.32425e-07 1.10563e-07 8.61612e-08 5.78614e-08 3.35153e-08 2.03761e-08 1.41794e-08 1.13085e-08 1.05118e-08 1.04217e-08 1.05382e-08 1.05989e-08 1.04619e-08 1.00555e-08 9.34338e-09 8.31619e-09 7.02147e-09 5.59203e-09 4.19439e-09 2.959e-09 1.95253e-09 1.17795e-09 5.87545e-10 1.70033e-10 
2.53454e-10 6.68431e-10 1.19337e-09 1.862e-09 2.68964e-09 3.64195e-09 4.6305e-09 5.52811e-09 6.22556e-09 6.70928e-09 7.09639e-09 7.52047e-09 7.9537e-09 8.26599e-09 8.35833e-09 7.86295e-09 7.31857e-09 1.17311e-08 2.52107e-08 5.77759e-08 8.25305e-08 1.07759e-07 1.27858e-07 1.42208e-07 1.46957e-07 1.47269e-07 1.42722e-07 1.2821e-07 1.03901e-07 7.7438e-08 4.62607e-08 2.78959e-08 1.6169e-08 1.15477e-08 1.00682e-08 9.78572e-09 9.84329e-09 9.98978e-09 9.99045e-09 9.75041e-09 9.24219e-09 8.44701e-09 7.35833e-09 6.05624e-09 4.69404e-09 3.42342e-09 2.3433e-09 1.48835e-09 8.34719e-10 3.32437e-10 3.32437e-10 
1.29282e-10 4.8035e-10 9.79319e-10 1.61593e-09 2.42647e-09 3.4037e-09 4.48425e-09 5.55057e-09 6.46454e-09 7.1397e-09 7.60581e-09 7.97918e-09 8.28852e-09 8.45854e-09 8.5149e-09 8.35354e-09 7.84842e-09 9.87433e-09 1.8301e-08 4.10644e-08 6.82725e-08 9.85447e-08 1.20117e-07 1.38705e-07 1.46957e-07 1.51557e-07 1.47269e-07 1.3953e-07 1.19597e-07 9.58744e-08 6.55378e-08 3.85043e-08 1.98582e-08 1.23953e-08 9.65125e-09 9.20569e-09 9.19199e-09 9.33903e-09 9.41613e-09 9.2902e-09 8.93406e-09 8.35036e-09 7.49251e-09 6.37393e-09 5.10874e-09 3.85211e-09 2.73004e-09 1.8086e-09 1.09294e-09 5.40547e-10 1.5122e-10 
2.95471e-10 7.59622e-10 1.35593e-09 2.12659e-09 3.09143e-09 4.21562e-09 5.40411e-09 6.51535e-09 7.41487e-09 8.05173e-09 8.48284e-09 8.76706e-09 8.86002e-09 8.81194e-09 8.70389e-09 8.60731e-09 9.39079e-09 1.44534e-08 2.91385e-08 5.66369e-08 8.37817e-08 1.09945e-07 1.31826e-07 1.43841e-07 1.51557e-07 1.51557e-07 1.43841e-07 1.31826e-07 1.09945e-07 8.37817e-08 5.66369e-08 2.91385e-08 1.44534e-08 9.39079e-09 8.60731e-09 8.70389e-09 8.81194e-09 8.86002e-09 8.76706e-09 8.48284e-09 8.05173e-09 7.41487e-09 6.51535e-09 5.40411e-09 4.21562e-09 3.09143e-09 2.12659e-09 1.35593e-09 7.59622e-10 2.95471e-10 2.95471e-10 
1.5122e-10 5.40547e-10 1.09294e-09 1.8086e-09 2.73004e-09 3.85211e-09 5.10874e-09 6.37393e-09 7.49251e-09 8.35036e-09 8.93406e-09 9.2902e-09 9.41613e-09 9.33903e-09 9.19199e-09 9.20569e-09 9.65125e-09 1.23953e-08 1.98582e-08 3.85043e-08 6.55378e-08 9.58744e-08 1.19597e-07 1.3953e-07 1.47269e-07 1.51557e-07 1.46957e-07 1.38705e-07 1.20117e-07 9.85447e-08 6.82725e-08 4.10644e-08 1.8301e-08 9.87433e-09 7.84842e-09 8.35354e-09 8.5149e-09 8.45854e-09 8.28852e-09 7.97918e-09 7.60581e-09 7.1397e-09 6.46454e-09 5.55057e-09 4.48425e-09 3.4037e-09 2.42647e-09 1.61593e-09 9.79319e-10 4.8035e-10 1.29282e-10 
3.32437e-10 8.34719e-10 1.48835e-09 2.3433e-09 3.42342e-09 4.69404e-09 6.05624e-09 7.35833e-09 8.44701e-09 9.24219e-09 9.75041e-09 9.99045e-09 9.98978e-09 9.84329e-09 9.78572e-09 1.00682e-08 1.15477e-08 1.6169e-08 2.78959e-08 4.62607e-08 7.7438e-08 1.03901e-07 1.2821e-07 1.42722e-07 1.47269e-07 1.46957e-07 1.42208e-07 1.27858e-07 1.07759e-07 8.25305e-08 5.77759e-08 2.52107e-08 1.17311e-08 7.31857e-09 7.86295e-09 8.35833e-09 8.26599e-09 7.9537e-09 7.52047e-09 7.09639e-09 6.70928e-09 6.22556e-09 5.52811e-09 4.6305e-09 3.64195e-09 2.68964e-09 1.862e-09 1.19337e-09 6.68431e-10 2.53454e-10 2.53454e-10 
1.70033e-10 5.87545e-10 1.17795e-09 1.95253e-09 2.959e-09 4.19439e-09 5.59203e-09 7.02147e-09 8.31619e-09 9.34338e-09 1.00555e-08 1.04619e-08 1.05989e-08 1.05382e-08 1.04217e-08 1.05118e-08 1.13085e-08 1.41794e-08 2.03761e-08 3.35153e-08 5.78614e-08 8.61612e-08 1.10563e-07 1.32425e-07 1.42722e-07 1.43841e-07 1.42208e-07 1.31793e-07 1.1338e-07 9.29136e-08 6.92236e-08 3.58516e-08 1.50979e-08 7.28101e-09 7.22615e-09 8.14369e-09 8.19223e-09 7.78021e-09 7.18599e-09 6.61706e-09 6.19706e-09 5.82884e-09 5.3332e-09 4.63327e-09 3.78205e-09 2.89588e-09 2.08033e-09 1.39483e-09 8.48837e-10 4.13059e-10 1.06392e-10 
3.60341e-10 8.85282e-10 1.57519e-09 2.48625e-09 3.64556e-09 5.01988e-09 6.50989e-09 7.95911e-09 9.20355e-09 1.01411e-08 1.07459e-08 1.10465e-08 1.11097e-08 1.10315e-08 1.09473e-08 1.12975e-08 1.28309e-08 1.70958e-08 2.34436e-08 3.85332e-08 6.34295e-08 9.09004e-08 1.15707e-07 1.32425e-07 1.3953e-07 1.38705e-07 1.31793e-07 1.17266e-07 1.00381e-07 7.46112e-08 4.82958e-08 1.94736e-08 8.11748e-09 6.6487e-09 7.73049e-09 8.05605e-09 7.68468e-09 6.9834e-09 6.24508e-09 5.69315e-09 5.33601e-09 4.98617e-09 4.48447e-09 3.80404e-09 3.0249e-09 2.25516e-09 1.5743e-09 1.01588e-09 5.69596e-10 2.10258e-10 2.10258e-10 
1.83619e-10 6.15738e-10 1.22358e-09 2.02862e-09 3.08182e-09 4.38244e-09 5.86554e-09 7.4009e-09 8.81824e-09 9.97239e-09 1.07895e-08 1.12688e-08 1.14622e-08 1.1462e-08 1.13356e-08 1.13328e-08 1.21322e-08 1.44662e-08 1.897e-08 2.87927e-08 4.22207e-08 6.89552e-08 9.50892e-08 1.15707e-07 1.2821e-07 1.31826e-07 1.27858e-07 1.17266e-07 1.04705e-07 8.11232e-08 6.11444e-08 2.66054e-08 1.02775e-08 6.03335e-09 7.09243e-09 7.70952e-09 7.52539e-09 6.84353e-09 5.99619e-09 5.27898e-09 4.83033e-09 4.53651e-09 4.19641e-09 3.69794e-09 3.05926e-09 2.37015e-09 1.72025e-09 1.16375e-09 7.12383e-10 3.4425e-10 8.44384e-11 
3.75769e-10 9.04497e-10 1.60379e-09 2.53325e-09 3.72174e-09 5.13813e-09 6.68601e-09 8.21078e-09 9.54466e-09 1.05679e-08 1.12343e-08 1.15681e-08 1.16461e-08 1.15494e-08 1.13859e-08 1.16318e-08 1.28334e-08 1.53464e-08 2.07459e-08 3.01418e-08 4.63581e-08 7.21251e-08 9.50892e-08 1.10563e-07 1.19597e-07 1.20117e-07 1.1338e-07 1.04705e-07 8.50028e-08 6.76115e-08 3.55676e-08 1.35123e-08 5.85932e-09 6.34164e-09 7.17492e-09 7.20471e-09 6.66106e-09 5.81966e-09 4.98598e-09 4.39447e-09 4.05714e-09 3.80703e-09 3.47029e-09 2.98894e-09 2.41084e-09 1.82021e-09 1.28485e-09 8.36659e-10 4.70424e-10 1.69039e-10 1.69039e-10 
1.90338e-10 6.21177e-10 1.22251e-09 2.02339e-09 3.07514e-09 4.37822e-09 5.87076e-09 7.42777e-09 8.88253e-09 1.00825e-08 1.09355e-08 1.14204e-08 1.15916e-08 1.15308e-08 1.13273e-08 1.12126e-08 1.1666e-08 1.2999e-08 1.66286e-08 2.17878e-08 2.98555e-08 4.76818e-08 7.21251e-08 9.09004e-08 1.03901e-07 1.09945e-07 1.07759e-07 1.00381e-07 8.50028e-08 7.10186e-08 4.43446e-08 1.76805e-08 6.86107e-09 5.57113e-09 6.54438e-09 6.72856e-09 6.36295e-09 5.63181e-09 4.78319e-09 4.07338e-09 3.62656e-09 3.37668e-09 3.14888e-09 2.81678e-09 2.36828e-09 1.86279e-09 1.37041e-09 9.38027e-10 5.78941e-10 2.7834e-10 6.47893e-11 
3.76616e-10 8.8881e-10 1.56763e-09 2.47231e-09 3.63094e-09 5.01413e-09 6.5308e-09 8.03504e-09 9.36179e-09 1.03819e-08 1.10291e-08 1.13122e-08 1.13098e-08 1.10995e-08 1.08151e-08 1.07418e-08 1.12934e-08 1.32878e-08 1.71851e-08 2.16064e-08 2.89534e-08 4.76818e-08 6.89552e-08 8.61612e-08 9.58744e-08 9.85447e-08 9.29136e-08 8.11232e-08 7.10186e-08 4.85755e-08 2.14514e-08 8.33719e-09 5.31558e-09 5.8063e-09 6.1407e-09 5.94456e-09 5.37016e-09 4.6026e-09 3.85508e-09 3.29764e-09 2.97485e-09 2.78119e-09 2.5624e-09 2.24319e-09 1.84056e-09 1.41202e-09 1.01108e-09 6.66264e-10 3.76572e-10 1.31947e-10 1.31947e-10 
1.89335e-10 6.02533e-10 1.17293e-09 1.93345e-09 2.93218e-09 4.16908e-09 5.58582e-09 7.06705e-09 8.45731e-09 9.60574e-09 1.04089e-08 1.08305e-08 1.09102e-08 1.07357e-08 1.03809e-08 1.00176e-08 9.96786e-09 1.08394e-08 1.30353e-08 1.69918e-08 2.10592e-08 2.89534e-08 4.63581e-08 6.34295e-08 7.7438e-08 8.37817e-08 8.25305e-08 7.46112e-08 6.76115e-08 4.85755e-08 2.30385e-08 9.88798e-09 5.15282e-09 5.05782e-09 5.48715e-09 5.44752e-09 5.02487e-09 4.38599e-09 3.68637e-09 3.0745e-09 2.65587e-09 2.42497e-09 2.26159e-09 2.04907e-09 1.75318e-09 1.40396e-09 1.0503e-09 7.29685e-10 4.5532e-10 2.18388e-10 4.82028e-11 
3.62556e-10 8.39017e-10 1.46876e-09 2.30666e-09 3.37736e-09 4.65252e-09 6.04866e-09 7.4347e-09 8.65874e-09 9.59172e-09 1.01599e-08 1.03615e-08 1.02534e-08 9.91485e-09 9.42698e-09 9.02634e-09 9.20013e-09 1.0392e-08 1.26641e-08 1.66757e-08 2.10592e-08 2.98555e-08 4.22207e-08 5.78614e-08 6.55378e-08 6.82725e-08 6.92236e-08 6.11444e-08 4.43446e-08 2.30385e-08 1.09223e-08 5.44888e-09 4.47247e-09 4.80233e-09 4.90901e-09 4.62428e-09 4.11421e-09 3.51249e-09 2.91826e-09 2.43598e-09 2.13056e-09 1.95995e-09 1.81206e-09 1.60981e-09 1.34553e-09 1.05171e-09 7.66293e-10 5.12512e-10 2.92e-10 1.00122e-10 1.00122e-10 
1.80719e-10 5.61524e-10 1.07954e-09 1.76766e-09 2.66768e-09 3.77763e-09 5.04385e-09 6.36454e-09 7.60429e-09 8.62552e-09 9.32674e-09 9.66931e-09 9.67633e-09 9.40238e-09 8.92175e-09 8.36783e-09 8.11103e-09 8.64264e-09 1.01226e-08 1.24746e-08 1.66757e-08 2.16064e-08 3.01418e-08 3.85332e-08 4.62607e-08 5.66369e-08 5.77759e-08 4.82958e-08 3.55676e-08 2.14514e-08 1.09223e-08 5.70605e-09 4.21253e-09 4.21257e-09 4.35504e-09 4.2012e-09 3.80264e-09 3.30684e-09 2.77952e-09 2.29053e-09 1.9213e-09 1.70051e-09 1.56671e-09 1.42909e-09 1.24288e-09 1.01473e-09 7.73897e-10 5.47273e-10 3.46221e-10 1.6621e-10 3.48774e-11 
3.35153e-10 7.60361e-10 1.31809e-09 2.05576e-09 2.99287e-09 4.10258e-09 5.31171e-09 6.50969e-09 7.56789e-09 8.37088e-09 8.85064e-09 8.99861e-09 8.84463e-09 8.43827e-09 7.88368e-09 7.41316e-09 7.45574e-09 8.35447e-09 1.00172e-08 1.24746e-08 1.69918e-08 2.17878e-08 2.87927e-08 3.35153e-08 3.85043e-08 4.10644e-08 3.58516e-08 2.66054e-08 1.76805e-08 9.88798e-09 5.70605e-09 4.01104e-09 3.79612e-09 3.8598e-09 3.78552e-09 3.4793e-09 3.07365e-09 2.62778e-09 2.17756e-09 1.78545e-09 1.50872e-09 1.3476e-09 1.23643e-09 1.10912e-09 9.43537e-10 7.52372e-10 5.59099e-10 3.80507e-10 2.19133e-10 7.38887e-11 7.38887e-11 
1.65547e-10 5.02653e-10 9.52823e-10 1.54588e-09 2.31565e-09 3.25835e-09 4.32704e-09 5.43724e-09 6.47975e-09 7.34132e-09 7.93512e-09 8.22553e-09 8.21897e-09 7.94501e-09 7.46922e-09 6.95484e-09 6.69441e-09 7.05555e-09 8.185e-09 1.00172e-08 1.26641e-08 1.71851e-08 2.07459e-08 2.34436e-08 2.78959e-08 2.91385e-08 2.52107e-08 1.94736e-08 1.35123e-08 8.33719e-09 5.44888e-09 4.01104e-09 3.5018e-09 3.47246e-09 3.41869e-09 3.17279e-09 2.83352e-09 2.45852e-09 2.06565e-09 1.6904e-09 1.38289e-09 1.17867e-09 1.05835e-09 9.62466e-10 8.4724e-10 7.04703e-10 5.48553e-10 3.95648e-10 2.54343e-10 1.22609e-10 2.46076e-11 
2.97551e-10 6.61546e-10 1.1332e-09 1.75101e-09 2.52929e-09 3.44435e-09 4.43619e-09 5.41808e-09 6.29049e-09 6.96196e-09 7.37618e-09 7.5194e-09 7.40272e-09 7.06484e-09 6.60496e-09 6.22501e-09 6.20412e-09 6.81432e-09 8.185e-09 1.01226e-08 1.30353e-08 1.66286e-08 1.897e-08 2.03761e-08 1.98582e-08 1.8301e-08 1.50979e-08 1.02775e-08 6.86107e-09 5.15282e-09 4.21253e-09 3.5018e-09 3.22172e-09 3.13328e-09 2.91012e-09 2.60905e-09 2.28389e-09 1.94438e-09 1.60653e-09 1.30036e-09 1.06451e-09 9.15274e-10 8.2262e-10 7.38727e-10 6.3725e-10 5.18047e-10 3.93004e-10 2.72618e-10 1.59043e-10 5.30213e-11 5.30213e-11 
1.45604e-10 4.32319e-10 8.06863e-10 1.29434e-09 1.92071e-09 2.68164e-09 3.5393e-09 4.42863e-09 5.26838e-09 5.97459e-09 6.48085e-09 6.75591e-09 6.79666e-09 6.61996e-09 6.28292e-09 5.90986e-09 5.70365e-09 5.91698e-09 6.81432e-09 8.35447e-09 1.0392e-08 1.32878e-08 1.53464e-08 1.70958e-08 1.6169e-08 1.44534e-08 1.17311e-08 8.11748e-09 5.85932e-09 5.31558e-09 4.47247e-09 3.79612e-09 3.22172e-09 2.96152e-09 2.7127e-09 2.41961e-09 2.12051e-09 1.81901e-09 1.51997e-09 1.23565e-09 9.9148e-10 8.14744e-10 7.05865e-10 6.32234e-10 5.5903e-10 4.72137e-10 3.74854e-10 2.75939e-10 1.80498e-10 8.76066e-11 1.69601e-11 
2.53847e-10 5.52962e-10 9.34399e-10 1.42798e-09 2.04399e-09 2.76375e-09 3.54213e-09 4.31617e-09 5.01551e-09 5.57505e-09 5.9518e-09 6.13054e-09 6.11407e-09 5.929e-09 5.64859e-09 5.40691e-09 5.40847e-09 5.91698e-09 7.05555e-09 8.64264e-09 1.08394e-08 1.2999e-08 1.44662e-08 1.41794e-08 1.23953e-08 9.87433e-09 7.28101e-09 6.03335e-09 5.57113e-09 5.05782e-09 4.21257e-09 3.47246e-09 2.96152e-09 2.60233e-09 2.28065e-09 1.98318e-09 1.70084e-09 1.43089e-09 1.17369e-09 9.39638e-10 7.50043e-10 6.20313e-10 5.40164e-10 4.80155e-10 4.17144e-10 3.44672e-10 2.6672e-10 1.8865e-10 1.11628e-10 3.69761e-11 3.69761e-11 
1.23053e-10 3.57558e-10 6.56407e-10 1.03967e-09 1.52669e-09 2.11416e-09 2.77464e-09 3.46212e-09 4.12088e-09 4.69449e-09 5.13689e-09 5.42301e-09 5.54665e-09 5.51619e-09 5.36884e-09 5.19035e-09 5.12985e-09 5.40847e-09 6.20412e-09 7.45574e-09 9.20013e-09 1.12934e-08 1.28334e-08 1.28309e-08 1.15477e-08 9.39079e-09 7.31857e-09 6.6487e-09 6.34164e-09 5.8063e-09 4.80233e-09 3.8598e-09 3.13328e-09 2.60233e-09 2.20598e-09 1.88357e-09 1.60111e-09 1.34629e-09 1.11115e-09 8.94615e-10 7.06995e-10 5.6382e-10 4.69871e-10 4.09764e-10 3.6018e-10 3.06985e-10 2.4788e-10 1.86049e-10 1.23847e-10 6.06243e-11 1.14265e-11 
2.08312e-10 4.4466e-10 7.40511e-10 1.11829e-09 1.58578e-09 2.13031e-09 2.7212e-09 3.31647e-09 3.87059e-09 4.3418e-09 4.70039e-09 4.93308e-09 5.0392e-09 5.03402e-09 4.96713e-09 4.94303e-09 5.12985e-09 5.70365e-09 6.69441e-09 8.11103e-09 9.96786e-09 1.1666e-08 1.21322e-08 1.13085e-08 9.65125e-09 7.84842e-09 7.22615e-09 7.09243e-09 6.54438e-09 5.48715e-09 4.35504e-09 3.41869e-09 2.7127e-09 2.20598e-09 1.83082e-09 1.52889e-09 1.2744e-09 1.05158e-09 8.51051e-10 6.73292e-10 5.27267e-10 4.21769e-10 3.53926e-10 3.07835e-10 2.66806e-10 2.22818e-10 1.75389e-10 1.26341e-10 7.58293e-11 2.50537e-11 2.50537e-11 
1.00046e-10 2.84786e-10 5.14091e-10 8.03498e-10 1.16744e-09 1.60456e-09 2.09736e-09 2.6164e-09 3.12677e-09 3.59415e-09 3.99022e-09 4.29751e-09 4.51011e-09 4.63277e-09 4.69131e-09 4.7536e-09 4.94303e-09 5.40691e-09 6.22501e-09 7.41316e-09 9.02634e-09 1.07418e-08 1.16318e-08 1.12975e-08 1.00682e-08 8.60731e-09 7.86295e-09 7.73049e-09 7.17492e-09 6.1407e-09 4.90901e-09 3.78552e-09 2.91012e-09 2.28065e-09 1.83082e-09 1.49084e-09 1.22218e-09 1.00062e-09 8.09877e-10 6.42828e-10 5.01048e-10 3.90602e-10 3.14191e-10 2.64828e-10 2.28833e-10 1.95145e-10 1.59432e-10 1.21672e-10 8.23181e-11 4.06601e-11 7.52526e-12 
1.64683e-10 3.44709e-10 5.65654e-10 8.4419e-10 1.18677e-09 1.58643e-09 2.02476e-09 2.4766e-09 2.91541e-09 3.31762e-09 3.66586e-09 3.95121e-09 4.17366e-09 4.34643e-09 4.51125e-09 4.7536e-09 5.19035e-09 5.90986e-09 6.95484e-09 8.36783e-09 1.00176e-08 1.12126e-08 1.13328e-08 1.05118e-08 9.20569e-09 8.35354e-09 8.14369e-09 7.70952e-09 6.72856e-09 5.44752e-09 4.2012e-09 3.17279e-09 2.41961e-09 1.88357e-09 1.49084e-09 1.19469e-09 9.63464e-10 7.7456e-10 6.14743e-10 4.79296e-10 3.69485e-10 2.87918e-10 2.33014e-10 1.96611e-10 1.68224e-10 1.40898e-10 1.12274e-10 8.2143e-11 4.99499e-11 1.64984e-11 1.64984e-11 
7.83791e-11 2.18875e-10 3.88688e-10 5.99667e-10 8.6278e-10 1.17871e-09 1.53815e-09 1.92464e-09 2.31888e-09 2.70276e-09 3.06197e-09 3.38754e-09 3.67725e-09 3.93851e-09 4.19734e-09 4.51125e-09 4.96713e-09 5.64859e-09 6.60496e-09 7.88368e-09 9.42698e-09 1.08151e-08 1.13859e-08 1.09473e-08 9.78572e-09 8.70389e-09 8.35833e-09 8.05605e-09 7.20471e-09 5.94456e-09 4.62428e-09 3.4793e-09 2.60905e-09 1.98318e-09 1.52889e-09 1.19469e-09 9.43887e-10 7.48726e-10 5.90775e-10 4.60143e-10 3.53406e-10 2.7056e-10 2.11333e-10 1.7188e-10 1.44668e-10 1.22247e-10 1.00343e-10 7.7515e-11 5.3162e-11 2.64771e-11 4.84434e-12 
1.25679e-10 2.58294e-10 4.1793e-10 6.1697e-10 8.61159e-10 1.14804e-09 1.46851e-09 1.80977e-09 2.15889e-09 2.50537e-09 2.84249e-09 3.16806e-09 3.487e-09 3.81697e-09 4.19734e-09 4.69131e-09 5.36884e-09 6.28292e-09 7.46922e-09 8.92175e-09 1.03809e-08 1.13273e-08 1.13356e-08 1.04217e-08 9.19199e-09 8.5149e-09 8.19223e-09 7.52539e-09 6.36295e-09 5.02487e-09 3.80264e-09 2.83352e-09 2.12051e-09 1.60111e-09 1.22218e-09 9.43887e-10 7.35094e-10 5.73235e-10 4.4408e-10 3.40124e-10 2.58211e-10 1.9701e-10 1.54437e-10 1.25952e-10 1.05415e-10 8.77678e-11 7.03479e-11 5.20579e-11 3.19951e-11 1.05735e-11 1.05735e-11 
5.92972e-11 1.62735e-10 2.84636e-10 4.33974e-10 6.19255e-10 8.42743e-10 1.10102e-09 1.38688e-09 1.692e-09 2.00952e-09 2.33551e-09 2.66961e-09 3.01633e-09 3.38923e-09 3.81697e-09 4.34643e-09 5.03402e-09 5.929e-09 7.06484e-09 8.43827e-09 9.91485e-09 1.10995e-08 1.15494e-08 1.10315e-08 9.84329e-09 8.81194e-09 8.26599e-09 7.68468e-09 6.66106e-09 5.37016e-09 4.11421e-09 3.07365e-09 2.28389e-09 1.70084e-09 1.2744e-09 9.63464e-10 7.35094e-10 5.63973e-10 4.32387e-10 3.29341e-10 2.48703e-10 1.87234e-10 1.42724e-10 1.12276e-10 9.15886e-11 7.60151e-11 6.21889e-11 4.83477e-11 3.34844e-11 1.67848e-11 3.0481e-12 
9.28208e-11 1.8766e-10 2.99836e-10 4.38576e-10 6.09085e-10 8.11966e-10 1.04441e-09 1.30207e-09 1.58123e-09 1.88049e-09 2.20165e-09 2.55039e-09 2.93867e-09 3.38923e-09 3.93851e-09 4.63277e-09 5.51619e-09 6.61996e-09 7.94501e-09 9.40238e-09 1.07357e-08 1.15308e-08 1.1462e-08 1.05382e-08 9.33903e-09 8.45854e-09 7.78021e-09 6.84353e-09 5.63181e-09 4.38599e-09 3.30684e-09 2.45852e-09 1.81901e-09 1.34629e-09 1.00062e-09 7.48726e-10 5.63973e-10 4.26221e-10 3.216e-10 2.41332e-10 1.80159e-10 1.3486e-10 1.02856e-10 8.11282e-11 6.60315e-11 5.4203e-11 4.33883e-11 3.23065e-11 2.00022e-11 6.60826e-12 6.60826e-12 
4.34341e-11 1.17405e-10 2.02632e-10 3.05884e-10 4.33828e-10 5.89641e-10 7.73656e-10 9.84663e-10 1.22157e-09 1.48504e-09 1.7786e-09 2.10941e-09 2.48953e-09 2.93867e-09 3.487e-09 4.17366e-09 5.0392e-09 6.11407e-09 7.40272e-09 8.84463e-09 1.02534e-08 1.13098e-08 1.16461e-08 1.11097e-08 9.98978e-09 8.86002e-09 7.9537e-09 6.9834e-09 5.81966e-09 4.6026e-09 3.51249e-09 2.62778e-09 1.94438e-09 1.43089e-09 1.05158e-09 7.7456e-10 5.73235e-10 4.26221e-10 3.17539e-10 2.36167e-10 1.74956e-10 1.29411e-10 9.65126e-11 7.37017e-11 5.82136e-11 4.71632e-11 3.81688e-11 2.96738e-11 2.06595e-11 1.03941e-11 1.87705e-12 
6.65439e-11 1.32665e-10 2.09753e-10 3.04686e-10 4.22104e-10 5.64359e-10 7.32464e-10 9.27349e-10 1.15123e-09 1.40884e-09 1.70836e-09 2.06238e-09 2.48953e-09 3.01633e-09 3.67725e-09 4.51011e-09 5.54665e-09 6.79666e-09 8.21897e-09 9.67633e-09 1.09102e-08 1.15916e-08 1.14622e-08 1.05989e-08 9.41613e-09 8.28852e-09 7.18599e-09 5.99619e-09 4.78319e-09 3.68637e-09 2.77952e-09 2.06565e-09 1.51997e-09 1.11115e-09 8.09877e-10 5.90775e-10 4.32387e-10 3.17539e-10 2.33486e-10 1.71426e-10 1.25591e-10 9.22148e-11 6.86214e-11 5.24813e-11 4.14519e-11 3.33431e-11 2.64758e-11 1.97242e-11 1.22549e-11 4.04e-12 4.04e-12 
3.08995e-11 8.24704e-11 1.40796e-10 2.10942e-10 2.9814e-10 4.05879e-10 5.3656e-10 6.92468e-10 8.76887e-10 1.09526e-09 1.35622e-09 1.67255e-09 2.06238e-09 2.55039e-09 3.16806e-09 3.95121e-09 4.93308e-09 6.13054e-09 7.5194e-09 8.99861e-09 1.03615e-08 1.13122e-08 1.15681e-08 1.10465e-08 9.99045e-09 8.76706e-09 7.52047e-09 6.24508e-09 4.98598e-09 3.85508e-09 2.91826e-09 2.17756e-09 1.60653e-09 1.17369e-09 8.51051e-10 6.14743e-10 4.4408e-10 3.216e-10 2.33486e-10 1.69625e-10 1.2309e-10 8.93062e-11 6.51947e-11 4.84668e-11 3.71211e-11 2.92717e-11 2.3298e-11 1.80048e-11 1.25402e-11 6.31243e-12 1.13337e-12 
4.64671e-11 9.16095e-11 1.43703e-10 2.07861e-10 2.88097e-10 3.87529e-10 5.09192e-10 6.56954e-10 8.36532e-10 1.05652e-09 1.32939e-09 1.67255e-09 2.10941e-09 2.66961e-09 3.38754e-09 4.29751e-09 5.42301e-09 6.75591e-09 8.22553e-09 9.66931e-09 1.08305e-08 1.14204e-08 1.12688e-08 1.04619e-08 9.2902e-09 7.97918e-09 6.61706e-09 5.27898e-09 4.07338e-09 3.0745e-09 2.29053e-09 1.6904e-09 1.23565e-09 8.94615e-10 6.42828e-10 4.60143e-10 3.29341e-10 2.36167e-10 1.69625e-10 1.21839e-10 8.74621e-11 6.29196e-11 4.5734e-11 3.4001e-11 2.60718e-11 2.04817e-11 1.60454e-11 1.18992e-11 7.38853e-12 2.42419e-12 2.42419e-12 
2.14263e-11 5.66184e-11 9.58874e-11 1.42984e-10 2.01988e-10 2.76279e-10 3.69165e-10 4.84663e-10 6.28387e-10 8.08504e-10 1.03673e-09 1.32939e-09 1.70836e-09 2.20165e-09 2.84249e-09 3.66586e-09 4.70039e-09 5.9518e-09 7.37618e-09 8.85064e-09 1.01599e-08 1.10291e-08 1.12343e-08 1.07459e-08 9.75041e-09 8.48284e-09 7.09639e-09 5.69315e-09 4.39447e-09 3.29764e-09 2.43598e-09 1.78545e-09 1.30036e-09 9.39638e-10 6.73292e-10 4.79296e-10 3.40124e-10 2.41332e-10 1.71426e-10 1.21839e-10 8.65578e-11 6.15103e-11 4.3929e-11 3.18394e-11 2.36937e-11 1.81762e-11 1.4178e-11 1.08392e-11 7.51897e-12 3.77462e-12 6.72622e-13 
3.17264e-11 6.20443e-11 9.68479e-11 1.3992e-10 1.9462e-10 2.64207e-10 3.52532e-10 4.64804e-10 6.0847e-10 7.94167e-10 1.03673e-09 1.35622e-09 1.7786e-09 2.33551e-09 3.06197e-09 3.99022e-09 5.13689e-09 6.48085e-09 7.93512e-09 9.32674e-09 1.04089e-08 1.09355e-08 1.07895e-08 1.00555e-08 8.93406e-09 7.60581e-09 6.19706e-09 4.83033e-09 3.62656e-09 2.65587e-09 1.9213e-09 1.38289e-09 9.9148e-10 7.06995e-10 5.01048e-10 3.53406e-10 2.48703e-10 1.74956e-10 1.2309e-10 8.65578e-11 6.08309e-11 4.28243e-11 3.04024e-11 2.20064e-11 1.64032e-11 1.25704e-11 9.68314e-12 7.1186e-12 4.40139e-12 1.43341e-12 1.43341e-12 
1.45382e-11 3.81448e-11 6.42843e-11 9.5705e-11 1.35556e-10 1.8687e-10 2.53136e-10 3.38969e-10 4.509e-10 5.98261e-10 7.94167e-10 1.05652e-09 1.40884e-09 1.88049e-09 2.50537e-09 3.31762e-09 4.3418e-09 5.57505e-09 6.96196e-09 8.37088e-09 9.59172e-09 1.03819e-08 1.05679e-08 1.01411e-08 9.24219e-09 8.05173e-09 6.70928e-09 5.33601e-09 4.05714e-09 2.97485e-09 2.13056e-09 1.50872e-09 1.06451e-09 7.50043e-10 5.27267e-10 3.69485e-10 2.58211e-10 1.80159e-10 1.25591e-10 8.74621e-11 6.08309e-11 4.22962e-11 2.9524e-11 2.08681e-11 1.51094e-11 1.12826e-11 8.61155e-12 6.49274e-12 4.47033e-12 2.2322e-12 3.9355e-13 
2.12671e-11 4.1391e-11 6.44974e-11 9.33665e-11 1.30736e-10 1.79646e-10 2.44035e-10 3.2943e-10 4.43756e-10 5.98261e-10 8.08504e-10 1.09526e-09 1.48504e-09 2.00952e-09 2.70276e-09 3.59415e-09 4.69449e-09 5.97459e-09 7.34132e-09 8.62552e-09 9.60574e-09 1.00825e-08 9.97239e-09 9.34338e-09 8.35036e-09 7.1397e-09 5.82884e-09 4.53651e-09 3.37668e-09 2.42497e-09 1.70051e-09 1.17867e-09 8.14744e-10 5.6382e-10 3.90602e-10 2.7056e-10 1.87234e-10 1.29411e-10 8.93062e-11 6.15103e-11 4.22962e-11 2.91064e-11 2.01676e-11 1.42188e-11 1.03119e-11 7.70787e-12 5.82833e-12 4.23552e-12 2.60055e-12 8.39097e-13 8.39097e-13 
9.69406e-12 2.53276e-11 4.26126e-11 6.35422e-11 9.0521e-11 1.26135e-10 1.73649e-10 2.37601e-10 3.24516e-10 4.43756e-10 6.0847e-10 8.36532e-10 1.15123e-09 1.58123e-09 2.15889e-09 2.91541e-09 3.87059e-09 5.01551e-09 6.29049e-09 7.56789e-09 8.65874e-09 9.36179e-09 9.54466e-09 9.20355e-09 8.44701e-09 7.41487e-09 6.22556e-09 4.98617e-09 3.80703e-09 2.78119e-09 1.95995e-09 1.3476e-09 9.15274e-10 6.20313e-10 4.21769e-10 2.87918e-10 1.9701e-10 1.3486e-10 9.22148e-11 6.29196e-11 4.28243e-11 2.91064e-11 1.98344e-11 1.36635e-11 9.6272e-12 7.00035e-12 5.22518e-12 3.87835e-12 2.64448e-12 1.3103e-12 2.28869e-13 
1.40582e-11 2.73168e-11 4.26291e-11 6.20266e-11 8.76892e-11 1.22265e-10 1.69386e-10 2.34277e-10 3.24516e-10 4.509e-10 6.28387e-10 8.76887e-10 1.22157e-09 1.692e-09 2.31888e-09 3.12677e-09 4.12088e-09 5.26838e-09 6.47975e-09 7.60429e-09 8.45731e-09 8.88253e-09 8.81824e-09 8.31619e-09 7.49251e-09 6.46454e-09 5.3332e-09 4.19641e-09 3.14888e-09 2.26159e-09 1.56671e-09 1.05835e-09 7.05865e-10 4.69871e-10 3.14191e-10 2.11333e-10 1.42724e-10 9.65126e-11 6.51947e-11 4.3929e-11 2.9524e-11 1.98344e-11 1.33972e-11 9.193e-12 6.48649e-12 4.72836e-12 3.50601e-12 2.51449e-12 1.53066e-12 4.88649e-13 4.88649e-13 
6.37984e-12 1.66457e-11 2.80477e-11 4.20213e-11 6.03822e-11 8.52571e-11 1.19492e-10 1.67175e-10 2.34277e-10 3.2943e-10 4.64804e-10 6.56954e-10 9.27349e-10 1.30207e-09 1.80977e-09 2.4766e-09 3.31647e-09 4.31617e-09 5.41808e-09 6.50969e-09 7.4347e-09 8.03504e-09 8.21078e-09 7.95911e-09 7.35833e-09 6.51535e-09 5.52811e-09 4.48447e-09 3.47029e-09 2.5624e-09 1.81206e-09 1.23643e-09 8.2262e-10 5.40164e-10 3.53926e-10 2.33014e-10 1.54437e-10 1.02856e-10 6.86214e-11 4.5734e-11 3.04024e-11 2.01676e-11 1.33972e-11 8.98278e-12 6.15368e-12 4.35428e-12 3.17604e-12 2.31836e-12 1.56334e-12 7.67524e-13 1.32839e-13 
9.2039e-12 1.79105e-11 2.80759e-11 4.11754e-11 5.89143e-11 8.34939e-11 1.18049e-10 1.67175e-10 2.37601e-10 3.38969e-10 4.84663e-10 6.92468e-10 9.84663e-10 1.38688e-09 1.92464e-09 2.6164e-09 3.46212e-09 4.42863e-09 5.43724e-09 6.36454e-09 7.06705e-09 7.42777e-09 7.4009e-09 7.02147e-09 6.37393e-09 5.55057e-09 4.63327e-09 3.69794e-09 2.81678e-09 2.04907e-09 1.42909e-09 9.62466e-10 6.32234e-10 4.09764e-10 2.64828e-10 1.7188e-10 1.12276e-10 7.37017e-11 4.84668e-11 3.18394e-11 2.08681e-11 1.36635e-11 8.98278e-12 5.99042e-12 4.10621e-12 2.9157e-12 2.11806e-12 1.49748e-12 9.02714e-13 2.85013e-13 2.85013e-13 
4.16319e-12 1.08739e-11 1.84022e-11 2.77752e-11 4.03523e-11 5.78295e-11 8.25711e-11 1.18049e-10 1.69386e-10 2.44035e-10 3.52532e-10 5.09192e-10 7.32464e-10 1.04441e-09 1.46851e-09 2.02476e-09 2.7212e-09 3.54213e-09 4.43619e-09 5.31171e-09 6.04866e-09 6.5308e-09 6.68601e-09 6.50989e-09 6.05624e-09 5.40411e-09 4.6305e-09 3.80404e-09 2.98894e-09 2.24319e-09 1.60981e-09 1.10912e-09 7.38727e-10 4.80155e-10 3.07835e-10 1.96611e-10 1.25952e-10 8.11282e-11 5.24813e-11 3.4001e-11 2.20064e-11 1.42188e-11 9.193e-12 5.99042e-12 3.98289e-12 2.7375e-12 1.94813e-12 1.39598e-12 9.3007e-13 4.52625e-13 7.75029e-14 
5.99227e-12 1.1709e-11 1.84834e-11 2.7385e-11 3.97198e-11 5.72566e-11 8.25711e-11 1.19492e-10 1.73649e-10 2.53136e-10 3.69165e-10 5.3656e-10 7.73656e-10 1.10102e-09 1.53815e-09 2.09736e-09 2.77464e-09 3.5393e-09 4.32704e-09 5.04385e-09 5.58582e-09 5.87076e-09 5.86554e-09 5.59203e-09 5.10874e-09 4.48425e-09 3.78205e-09 3.05926e-09 2.36828e-09 1.75318e-09 1.24288e-09 8.4724e-10 5.5903e-10 3.6018e-10 2.28833e-10 1.44668e-10 9.15886e-11 5.82136e-11 3.71211e-11 2.36937e-11 1.51094e-11 9.6272e-12 6.15368e-12 3.98289e-12 2.64741e-12 1.82707e-12 1.29624e-12 9.01358e-13 5.38253e-13 1.68093e-13 1.68093e-13 
2.70409e-12 7.08531e-12 1.20703e-11 1.83909e-11 2.70549e-11 3.93805e-11 5.72566e-11 8.34939e-11 1.22265e-10 1.79646e-10 2.64207e-10 3.87529e-10 5.64359e-10 8.11966e-10 1.14804e-09 1.58643e-09 2.13031e-09 2.76375e-09 3.44435e-09 4.10258e-09 4.65252e-09 5.01413e-09 5.13813e-09 5.01988e-09 4.69404e-09 4.21562e-09 3.64195e-09 3.0249e-09 2.41084e-09 1.84056e-09 1.34553e-09 9.43537e-10 6.3725e-10 4.17144e-10 2.66806e-10 1.68224e-10 1.05415e-10 6.60315e-11 4.14519e-11 2.60718e-11 1.64032e-11 1.03119e-11 6.48649e-12 4.10621e-12 2.64741e-12 1.76386e-12 1.22068e-12 8.5635e-13 5.6238e-13 2.71593e-13 4.64422e-14 
3.8935e-12 7.65371e-12 1.21874e-11 1.82645e-11 2.68709e-11 3.93805e-11 5.78295e-11 8.52571e-11 1.26135e-10 1.8687e-10 2.76279e-10 4.05879e-10 5.89641e-10 8.42743e-10 1.17871e-09 1.60456e-09 2.11416e-09 2.68164e-09 3.25835e-09 3.77763e-09 4.16908e-09 4.37822e-09 4.38244e-09 4.19439e-09 3.85211e-09 3.4037e-09 2.89588e-09 2.37015e-09 1.86279e-09 1.40396e-09 1.01473e-09 7.04703e-10 4.72137e-10 3.06985e-10 1.95145e-10 1.22247e-10 7.60151e-11 4.71632e-11 2.92717e-11 1.81762e-11 1.12826e-11 7.00035e-12 4.35428e-12 2.7375e-12 1.76386e-12 1.18017e-12 8.15467e-13 5.56084e-13 3.27435e-13 1.02233e-13 1.02233e-13 
1.75371e-12 4.61645e-12 7.92558e-12 1.22022e-11 1.81849e-11 2.68709e-11 3.97198e-11 5.89143e-11 8.76892e-11 1.30736e-10 1.9462e-10 2.88097e-10 4.22104e-10 6.09085e-10 8.61159e-10 1.18677e-09 1.58578e-09 2.04399e-09 2.52929e-09 2.99287e-09 3.37736e-09 3.63094e-09 3.72174e-09 3.64556e-09 3.42342e-09 3.09143e-09 2.68964e-09 2.25516e-09 1.82021e-09 1.41202e-09 1.05171e-09 7.52372e-10 5.18047e-10 3.44672e-10 2.22818e-10 1.40898e-10 8.77678e-11 5.4203e-11 3.33431e-11 2.04817e-11 1.25704e-11 7.70787e-12 4.72836e-12 2.9157e-12 1.82707e-12 1.18017e-12 7.92575e-13 5.42258e-13 3.49473e-13 1.67032e-13 2.86433e-14 
2.52947e-12 5.00433e-12 8.04322e-12 1.21936e-11 1.81849e-11 2.70549e-11 4.03523e-11 6.03822e-11 9.0521e-11 1.35556e-10 2.01988e-10 2.9814e-10 4.33828e-10 6.19255e-10 8.6278e-10 1.16744e-09 1.52669e-09 1.92071e-09 2.31565e-09 2.66768e-09 2.93218e-09 3.07514e-09 3.08182e-09 2.959e-09 2.73004e-09 2.42647e-09 2.08033e-09 1.72025e-09 1.37041e-09 1.0503e-09 7.73897e-10 5.48553e-10 3.74854e-10 2.4788e-10 1.59432e-10 1.00343e-10 6.21889e-11 3.81688e-11 2.3298e-11 1.4178e-11 8.61155e-12 5.22518e-12 3.17604e-12 1.94813e-12 1.22068e-12 7.92575e-13 5.3266e-13 3.55135e-13 2.06037e-13 6.44356e-14 6.44356e-14 
1.13741e-12 3.00618e-12 5.2e-12 8.08544e-12 1.21936e-11 1.82645e-11 2.7385e-11 4.11754e-11 6.20266e-11 9.33665e-11 1.3992e-10 2.07861e-10 3.04686e-10 4.38576e-10 6.1697e-10 8.4419e-10 1.11829e-09 1.42798e-09 1.75101e-09 2.05576e-09 2.30666e-09 2.47231e-09 2.53325e-09 2.48625e-09 2.3433e-09 2.12659e-09 1.862e-09 1.5743e-09 1.28485e-09 1.01108e-09 7.66293e-10 5.59099e-10 3.93004e-10 2.6672e-10 1.75389e-10 1.12274e-10 7.03479e-11 4.33883e-11 2.64758e-11 1.60454e-11 9.68314e-12 5.82833e-12 3.50601e-12 2.11806e-12 1.29624e-12 8.15467e-13 5.3266e-13 3.55089e-13 2.2463e-13 1.06521e-13 1.82145e-14 
1.64109e-12 3.26206e-12 5.28163e-12 8.08544e-12 1.22022e-11 1.83909e-11 2.77752e-11 4.20213e-11 6.35422e-11 9.5705e-11 1.42984e-10 2.10942e-10 3.05884e-10 4.33974e-10 5.99667e-10 8.03498e-10 1.03967e-09 1.29434e-09 1.54588e-09 1.76766e-09 1.93345e-09 2.02339e-09 2.02862e-09 1.95253e-09 1.8086e-09 1.61593e-09 1.39483e-09 1.16375e-09 9.38027e-10 7.29685e-10 5.47273e-10 3.95648e-10 2.75939e-10 1.86049e-10 1.21672e-10 7.7515e-11 4.83477e-11 2.96738e-11 1.80048e-11 1.08392e-11 6.49274e-12 3.87835e-12 2.31836e-12 1.39598e-12 8.5635e-13 5.42258e-13 3.55089e-13 2.32589e-13 1.33289e-13 4.10649e-14 4.10649e-14 
7.35555e-13 1.94465e-12 3.37532e-12 5.28163e-12 8.04322e-12 1.21874e-11 1.84834e-11 2.80759e-11 4.26291e-11 6.44974e-11 9.68479e-11 1.43703e-10 2.09753e-10 2.99836e-10 4.1793e-10 5.65654e-10 7.40511e-10 9.34399e-10 1.1332e-09 1.31809e-09 1.46876e-09 1.56763e-09 1.60379e-09 1.57519e-09 1.48835e-09 1.35593e-09 1.19337e-09 1.01588e-09 8.36659e-10 6.66264e-10 5.12512e-10 3.80507e-10 2.72618e-10 1.8865e-10 1.26341e-10 8.2143e-11 5.20579e-11 3.23065e-11 1.97242e-11 1.18992e-11 7.1186e-12 4.23552e-12 2.51449e-12 1.49748e-12 9.01358e-13 5.56084e-13 3.55135e-13 2.32589e-13 1.46002e-13 6.89702e-14 1.17918e-14 
1.05089e-12 2.08378e-12 3.37532e-12 5.2e-12 7.92558e-12 1.20703e-11 1.84022e-11 2.80477e-11 4.26126e-11 6.42843e-11 9.58874e-11 1.40796e-10 2.02632e-10 2.84636e-10 3.88688e-10 5.14091e-10 6.56407e-10 8.06863e-10 9.52823e-10 1.07954e-09 1.17293e-09 1.22251e-09 1.22358e-09 1.17795e-09 1.09294e-09 9.79319e-10 8.48837e-10 7.12383e-10 5.78941e-10 4.5532e-10 3.46221e-10 2.54343e-10 1.80498e-10 1.23847e-10 8.23181e-11 5.3162e-11 3.34844e-11 2.06595e-11 1.25402e-11 7.51897e-12 4.47033e-12 2.64448e-12 1.56334e-12 9.3007e-13 5.6238e-13 3.49473e-13 2.2463e-13 1.46002e-13 8.47661e-14 2.64447e-14 2.64447e-14 
4.66508e-13 1.21292e-12 2.08378e-12 3.26206e-12 5.00433e-12 7.65371e-12 1.1709e-11 1.79105e-11 2.73168e-11 4.1391e-11 6.20443e-11 9.16095e-11 1.32665e-10 1.8766e-10 2.58294e-10 3.44709e-10 4.4466e-10 5.52962e-10 6.61546e-10 7.60361e-10 8.39017e-10 8.8881e-10 9.04497e-10 8.85282e-10 8.34719e-10 7.59622e-10 6.68431e-10 5.69596e-10 4.70424e-10 3.76572e-10 2.92e-10 2.19133e-10 1.59043e-10 1.11628e-10 7.58293e-11 4.99499e-11 3.19951e-11 2.00022e-11 1.22549e-11 7.38853e-12 4.40139e-12 2.60055e-12 1.53066e-12 9.02714e-13 5.38253e-13 3.27435e-13 2.06037e-13 1.33289e-13 8.47661e-14 4.19862e-14 7.53349e-15 
6.3341e-13 1.21292e-12 1.94465e-12 3.00618e-12 4.61645e-12 7.08531e-12 1.08739e-11 1.66457e-11 2.53276e-11 3.81448e-11 5.66184e-11 8.24704e-11 1.17405e-10 1.62735e-10 2.18875e-10 2.84786e-10 3.57558e-10 4.32319e-10 5.02653e-10 5.61524e-10 6.02533e-10 6.21177e-10 6.15738e-10 5.87545e-10 5.40547e-10 4.8035e-10 4.13059e-10 3.4425e-10 2.7834e-10 2.18388e-10 1.6621e-10 1.22609e-10 8.76066e-11 6.06243e-11 4.06601e-11 2.64771e-11 1.67848e-11 1.03941e-11 6.31243e-12 3.77462e-12 2.2322e-12 1.3103e-12 7.67524e-13 4.52625e-13 2.71593e-13 1.67032e-13 1.06521e-13 6.89702e-14 4.19862e-14 1.55087e-14 1.55087e-14 
2.67403e-13 6.3341e-13 1.05089e-12 1.64109e-12 2.52947e-12 3.8935e-12 5.99227e-12 9.2039e-12 1.40582e-11 2.12671e-11 3.17264e-11 4.64671e-11 6.65439e-11 9.28208e-11 1.25679e-10 1.64683e-10 2.08312e-10 2.53847e-10 2.97551e-10 3.35153e-10 3.62556e-10 3.76616e-10 3.75769e-10 3.60341e-10 3.32437e-10 2.95471e-10 2.53454e-10 2.10258e-10 1.69039e-10 1.31947e-10 1.00122e-10 7.38887e-11 5.30213e-11 3.69761e-11 2.50537e-11 1.64984e-11 1.05735e-11 6.60826e-12 4.04e-12 2.42419e-12 1.43341e-12 8.39097e-13 4.88649e-13 2.85013e-13 1.68093e-13 1.02233e-13 6.44356e-14 4.10649e-14 2.64447e-14 1.55087e-14 3.78764e-15 
2.67403e-13 4.66508e-13 7.35555e-13 1.13741e-12 1.75371e-12 2.70409e-12 4.16319e-12 6.37984e-12 9.69406e-12 1.45382e-11 2.14263e-11 3.08995e-11 4.34341e-11 5.92972e-11 7.83791e-11 1.00046e-10 1.23053e-10 1.45604e-10 1.65547e-10 1.80719e-10 1.89335e-10 1.90338e-10 1.83619e-10 1.70033e-10 1.5122e-10 1.29282e-10 1.06392e-10 8.44384e-11 6.47893e-11 4.82028e-11 3.48774e-11 2.46076e-11 1.69601e-11 1.14265e-11 7.52526e-12 4.84434e-12 3.0481e-12 1.87705e-12 1.13337e-12 6.72622e-13 3.9355e-13 2.28869e-13 1.32839e-13 7.75029e-14 4.64422e-14 2.86433e-14 1.82145e-14 1.17918e-14 7.53349e-15 3.78764e-15 3.78764e-15 
