1 100 50
7.53975e-14 1.23407e-13 1.88794e-13 2.94077e-13 4.73211e-13 7.79517e-13 1.30744e-12 2.22468e-12 3.80717e-12 6.51679e-12 1.10796e-11 1.85901e-11 3.06083e-11 4.9201e-11 7.68971e-11 1.16462e-10 1.70459e-10 2.40609e-10 3.27018e-10 4.27501e-10 5.3723e-10 6.48942e-10 7.53741e-10 8.42367e-10 9.06619e-10 9.40614e-10 9.41588e-10 9.10165e-10 8.50097e-10 7.67559e-10 6.70207e-10 5.66116e-10 4.62785e-10 3.66346e-10 2.81082e-10 2.09294e-10 1.51504e-10 1.06853e-10 7.36241e-11 4.97136e-11 3.30108e-11 2.16368e-11 1.40502e-11 9.07131e-12 5.84063e-12 3.75664e-12 2.41315e-12 1.5428e-12 9.68649e-13 5.65786e-13 
1.28965e-13 2.02537e-13 3.15636e-13 5.04134e-13 8.28342e-13 1.39035e-12 2.3697e-12 4.06893e-12 6.99408e-12 1.1949e-11 2.0167e-11 3.34315e-11 5.41783e-11 8.55033e-11 1.31039e-10 1.94592e-10 2.79489e-10 3.87632e-10 5.18397e-10 6.6767e-10 8.2744e-10 9.86247e-10 1.13056e-09 1.24685e-09 1.32378e-09 1.35404e-09 1.33539e-09 1.27076e-09 1.16753e-09 1.0362e-09 8.88799e-10 7.37161e-10 5.91566e-10 4.59742e-10 3.46444e-10 2.53554e-10 1.8061e-10 1.25534e-10 8.53967e-11 5.70511e-11 3.75696e-11 2.44824e-11 1.58466e-11 1.02236e-11 6.59153e-12 4.25153e-12 2.74057e-12 1.75282e-12 1.07853e-12 5.65786e-13 
1.23407e-13 2.09605e-13 3.27713e-13 5.15507e-13 8.35493e-13 1.39295e-12 2.36964e-12 4.07845e-12 7.04544e-12 1.21263e-11 2.06561e-11 3.46127e-11 5.67742e-11 9.08204e-11 1.41326e-10 2.13553e-10 3.12901e-10 4.43868e-10 6.08527e-10 8.04766e-10 1.02488e-09 1.25517e-09 1.47711e-09 1.66988e-09 1.8139e-09 1.89426e-09 1.90326e-09 1.8414e-09 1.7169e-09 1.54391e-09 1.33997e-09 1.12329e-09 9.10276e-10 7.13837e-10 5.42433e-10 4.00082e-10 2.87027e-10 2.00803e-10 1.37399e-10 9.2264e-11 6.10267e-11 3.99147e-11 2.59155e-11 1.67649e-11 1.08396e-11 7.0182e-12 4.5521e-12 2.94557e-12 1.86849e-12 1.07853e-12 
2.02537e-13 3.31098e-13 5.13837e-13 8.1404e-13 1.33344e-12 2.24726e-12 3.85857e-12 6.68569e-12 1.15859e-11 1.99345e-11 3.38194e-11 5.62601e-11 9.13976e-11 1.44621e-10 2.22559e-10 3.32789e-10 4.82947e-10 6.79007e-10 9.22738e-10 1.20896e-09 1.52364e-09 1.84398e-09 2.1409e-09 2.38372e-09 2.54575e-09 2.6094e-09 2.56915e-09 2.43208e-09 2.21586e-09 1.94501e-09 1.64656e-09 1.34587e-09 1.06355e-09 8.13794e-10 6.04039e-10 4.35876e-10 3.06572e-10 2.108e-10 1.4218e-10 9.44154e-11 6.19707e-11 4.03638e-11 2.61874e-11 1.6981e-11 1.10322e-11 7.18932e-12 4.69213e-12 3.03522e-12 1.86849e-12 9.68649e-13 
1.88794e-13 3.27713e-13 5.12167e-13 7.89996e-13 1.25922e-12 2.07968e-12 3.53393e-12 6.10769e-12 1.06241e-11 1.84356e-11 3.16587e-11 5.34531e-11 8.82905e-11 1.4221e-10 2.23004e-10 3.40251e-10 5.04832e-10 7.27415e-10 1.01547e-09 1.36915e-09 1.77729e-09 2.2153e-09 2.64644e-09 3.02691e-09 3.31365e-09 3.47285e-09 3.48683e-09 3.35703e-09 3.10284e-09 2.75676e-09 2.35762e-09 1.9437e-09 1.54728e-09 1.19147e-09 8.89347e-10 6.44996e-10 4.55738e-10 3.14681e-10 2.13062e-10 1.41984e-10 9.34944e-11 6.10804e-11 3.9744e-11 2.58472e-11 1.68484e-11 1.10259e-11 7.24192e-12 4.74654e-12 3.03522e-12 1.75282e-12 
3.15636e-13 5.13837e-13 7.80699e-13 1.20129e-12 1.92468e-12 3.20074e-12 5.47033e-12 9.4932e-12 1.65457e-11 2.86946e-11 4.9127e-11 8.25114e-11 1.35359e-10 2.16383e-10 3.36809e-10 5.10423e-10 7.52668e-10 1.07788e-09 1.49426e-09 1.99756e-09 2.56585e-09 3.15794e-09 3.71722e-09 4.18073e-09 4.49149e-09 4.61066e-09 4.52587e-09 4.25307e-09 3.83165e-09 3.31493e-09 2.75909e-09 2.21376e-09 1.71598e-09 1.28808e-09 9.38746e-10 6.66166e-10 4.61771e-10 3.1376e-10 2.09769e-10 1.3855e-10 9.07785e-11 5.92372e-11 3.86384e-11 2.52678e-11 1.65992e-11 1.09596e-11 7.25149e-12 4.74654e-12 2.94557e-12 1.5428e-12 
2.94077e-13 5.15507e-13 7.89996e-13 1.18053e-12 1.81798e-12 2.92414e-12 4.88673e-12 8.38258e-12 1.45774e-11 2.54118e-11 4.39855e-11 7.50084e-11 1.25282e-10 2.04198e-10 3.24262e-10 5.0159e-10 7.5581e-10 1.10821e-09 1.57675e-09 2.16802e-09 2.86836e-09 3.63791e-09 4.41114e-09 5.10501e-09 5.63401e-09 5.9282e-09 5.94933e-09 5.69959e-09 5.21981e-09 4.57814e-09 3.85365e-09 3.12062e-09 2.4373e-09 1.84104e-09 1.34888e-09 9.61594e-10 6.69233e-10 4.56356e-10 3.06098e-10 2.02786e-10 1.33249e-10 8.72026e-11 5.70506e-11 3.74301e-11 2.46814e-11 1.63731e-11 1.0911e-11 7.25149e-12 4.69213e-12 2.74057e-12 
5.04134e-13 8.1404e-13 1.20129e-12 1.78048e-12 2.74514e-12 4.42991e-12 7.42407e-12 1.27581e-11 2.21899e-11 3.86239e-11 6.66396e-11 1.13109e-10 1.87841e-10 3.04289e-10 4.80323e-10 7.38854e-10 1.10721e-09 1.61326e-09 2.27692e-09 3.09812e-09 4.04564e-09 5.0522e-09 6.01925e-09 6.83209e-09 7.38246e-09 7.59311e-09 7.43702e-09 6.94399e-09 6.19155e-09 5.28389e-09 4.32747e-09 3.41131e-09 2.59645e-09 1.91441e-09 1.37207e-09 9.59313e-10 6.56805e-10 4.42132e-10 2.93864e-10 1.93691e-10 1.27143e-10 8.34443e-11 5.4933e-11 3.63604e-11 2.42285e-11 1.62434e-11 1.0911e-11 7.24192e-12 4.5521e-12 2.41315e-12 
4.73211e-13 8.35493e-13 1.25922e-12 1.81798e-12 2.68303e-12 4.1421e-12 6.69747e-12 1.12392e-11 1.93089e-11 3.35288e-11 5.81838e-11 9.99569e-11 1.6876e-10 2.7862e-10 4.48672e-10 7.04218e-10 1.07721e-09 1.60417e-09 2.31867e-09 3.23771e-09 4.34547e-09 5.58157e-09 6.84036e-09 7.98354e-09 8.86429e-09 9.35807e-09 9.39267e-09 8.96772e-09 8.15505e-09 7.07825e-09 5.87995e-09 4.68993e-09 3.60438e-09 2.67898e-09 1.93299e-09 1.35925e-09 9.35226e-10 6.32277e-10 4.21866e-10 2.79047e-10 1.83799e-10 1.21045e-10 7.99796e-11 5.31536e-11 3.55797e-11 2.39856e-11 1.62434e-11 1.09596e-11 7.18932e-12 4.25153e-12 
8.28342e-13 1.33344e-12 1.92468e-12 2.74514e-12 4.04384e-12 6.24826e-12 1.01119e-11 1.69565e-11 2.90698e-11 5.03075e-11 8.69124e-11 1.48516e-10 2.49263e-10 4.09017e-10 6.5471e-10 1.02155e-09 1.5526e-09 2.29349e-09 3.27908e-09 4.51338e-09 5.9506e-09 7.48719e-09 8.97061e-09 1.02233e-08 1.10761e-08 1.14044e-08 1.11594e-08 1.03833e-08 9.19966e-09 7.7802e-09 6.30047e-09 4.9039e-09 3.68348e-09 2.68132e-09 1.89957e-09 1.31536e-09 8.94192e-10 5.99516e-10 3.98284e-10 2.63406e-10 1.74168e-10 1.15557e-10 7.71381e-11 5.18847e-11 3.51702e-11 2.39856e-11 1.63731e-11 1.10259e-11 7.0182e-12 3.75664e-12 
7.79517e-13 1.39295e-12 2.07968e-12 2.92414e-12 4.1421e-12 6.09673e-12 9.42368e-12 1.52383e-11 2.54861e-11 4.35175e-11 7.493e-11 1.28695e-10 2.18517e-10 3.64328e-10 5.93905e-10 9.44497e-10 1.46362e-09 2.20614e-09 3.22295e-09 4.53943e-09 6.1295e-09 7.8989e-09 9.68908e-09 1.13022e-08 1.25376e-08 1.32284e-08 1.32742e-08 1.26668e-08 1.14984e-08 9.9428e-09 8.21091e-09 6.49878e-09 4.95077e-09 3.64673e-09 2.60942e-09 1.82229e-09 1.24786e-09 8.41932e-10 5.62457e-10 3.73873e-10 2.48408e-10 1.65614e-10 1.11111e-10 7.51368e-11 5.12277e-11 3.51702e-11 2.42285e-11 1.65992e-11 1.10322e-11 6.59153e-12 
1.39035e-12 2.24726e-12 3.20074e-12 4.42991e-12 6.24826e-12 9.19275e-12 1.42003e-11 2.29028e-11 3.81332e-11 6.47282e-11 1.10698e-10 1.88747e-10 3.18083e-10 5.26368e-10 8.51711e-10 1.3442e-09 2.06484e-09 3.07718e-09 4.42656e-09 6.10912e-09 8.04481e-09 1.00735e-08 1.19822e-08 1.35515e-08 1.45956e-08 1.49865e-08 1.46692e-08 1.36789e-08 1.21476e-08 1.02837e-08 8.32054e-09 6.45976e-09 4.83509e-09 3.5068e-09 2.47714e-09 1.71289e-09 1.16541e-09 7.8426e-10 5.24713e-10 3.50736e-10 2.35208e-10 1.58737e-10 1.08e-10 7.41051e-11 5.12277e-11 3.55797e-11 2.46814e-11 1.68484e-11 1.08396e-11 5.84063e-12 
1.30744e-12 2.36964e-12 3.53393e-12 4.88673e-12 6.69747e-12 9.42368e-12 1.38538e-11 2.13573e-11 3.42958e-11 5.67347e-11 9.55518e-11 1.62017e-10 2.73814e-10 4.57374e-10 7.50291e-10 1.2034e-09 1.88105e-09 2.85536e-09 4.18818e-09 5.89799e-09 7.92283e-09 1.01042e-08 1.22129e-08 1.40105e-08 1.53094e-08 1.59938e-08 1.60044e-08 1.53296e-08 1.40258e-08 1.22381e-08 1.01867e-08 8.11037e-09 6.20342e-09 4.58241e-09 3.28733e-09 2.30306e-09 1.58454e-09 1.07663e-09 7.26448e-10 4.8932e-10 3.30525e-10 2.24654e-10 1.53947e-10 1.06403e-10 7.41051e-11 5.18847e-11 3.63604e-11 2.52678e-11 1.6981e-11 1.02236e-11 
2.3697e-12 3.85857e-12 5.47033e-12 7.42407e-12 1.01119e-11 1.42003e-11 2.08442e-11 3.20211e-11 5.11011e-11 8.38224e-11 1.39787e-10 2.3454e-10 3.92178e-10 6.48222e-10 1.05229e-09 1.66934e-09 2.57613e-09 3.84644e-09 5.51896e-09 7.55312e-09 9.79804e-09 1.20081e-08 1.39157e-08 1.53242e-08 1.61519e-08 1.63955e-08 1.60596e-08 1.51389e-08 1.36702e-08 1.17837e-08 9.69335e-09 7.63109e-09 5.77765e-09 4.23182e-09 3.01713e-09 2.10686e-09 1.44982e-09 9.89116e-10 6.72838e-10 4.58633e-10 3.14448e-10 2.17327e-10 1.51492e-10 1.06403e-10 7.51368e-11 5.31536e-11 3.74301e-11 2.58472e-11 1.67649e-11 9.07131e-12 
2.22468e-12 4.07845e-12 6.10769e-12 8.38258e-12 1.12392e-11 1.52383e-11 2.13573e-11 3.12702e-11 4.77913e-11 7.56494e-11 1.22784e-10 2.02298e-10 3.3512e-10 5.53204e-10 9.02814e-10 1.44672e-09 2.26251e-09 3.43103e-09 5.00732e-09 6.97374e-09 9.19575e-09 1.14201e-08 1.33452e-08 1.47418e-08 1.55445e-08 1.58323e-08 1.57055e-08 1.51765e-08 1.41888e-08 1.27291e-08 1.0901e-08 8.90625e-09 6.96526e-09 5.24406e-09 3.82642e-09 2.72469e-09 1.90641e-09 1.31941e-09 9.08947e-10 6.26727e-10 4.34346e-10 3.0332e-10 2.13581e-10 1.51492e-10 1.08e-10 7.71381e-11 5.4933e-11 3.86384e-11 2.61874e-11 1.58466e-11 
4.06893e-12 6.68569e-12 9.4932e-12 1.27581e-11 1.69565e-11 2.29028e-11 3.20211e-11 4.67042e-11 7.08898e-11 1.11073e-10 1.77968e-10 2.88959e-10 4.71347e-10 7.66059e-10 1.2308e-09 1.94014e-09 2.97714e-09 4.40843e-09 6.2385e-09 8.35724e-09 1.05199e-08 1.24022e-08 1.37298e-08 1.44131e-08 1.45816e-08 1.44606e-08 1.41724e-08 1.36516e-08 1.27562e-08 1.14307e-08 9.7653e-09 7.95356e-09 6.20282e-09 4.66325e-09 3.4054e-09 2.43431e-09 1.71614e-09 1.20153e-09 8.40599e-10 5.9044e-10 4.17595e-10 2.97641e-10 2.13581e-10 1.53947e-10 1.11111e-10 7.99796e-11 5.70506e-11 3.9744e-11 2.59155e-11 1.40502e-11 
3.80717e-12 7.04544e-12 1.06241e-11 1.45774e-11 1.93089e-11 2.54861e-11 3.42958e-11 4.77913e-11 6.93349e-11 1.04321e-10 1.61428e-10 2.54649e-10 4.06222e-10 6.5036e-10 1.0371e-09 1.63417e-09 2.52195e-09 3.77347e-09 5.41266e-09 7.35895e-09 9.39277e-09 1.119e-08 1.24421e-08 1.30116e-08 1.30198e-08 1.27748e-08 1.25392e-08 1.23259e-08 1.19395e-08 1.11871e-08 1.00219e-08 8.54765e-09 6.95152e-09 5.4209e-09 4.08484e-09 2.99953e-09 2.16434e-09 1.5466e-09 1.102e-09 7.87147e-10 5.65505e-10 4.0906e-10 2.97641e-10 2.17327e-10 1.58737e-10 1.15557e-10 8.34443e-11 5.92372e-11 4.03638e-11 2.44824e-11 
6.99408e-12 1.15859e-11 1.65457e-11 2.21899e-11 2.90698e-11 3.81332e-11 5.11011e-11 7.08898e-11 1.02126e-10 1.51986e-10 2.31656e-10 3.58643e-10 5.60051e-10 8.76541e-10 1.36559e-09 2.09998e-09 3.15351e-09 4.56555e-09 6.28698e-09 8.13611e-09 9.81292e-09 1.09999e-08 1.15166e-08 1.14407e-08 1.10938e-08 1.08353e-08 1.07773e-08 1.07317e-08 1.04338e-08 9.74266e-09 8.67846e-09 7.36849e-09 5.98235e-09 4.67408e-09 3.54364e-09 2.63011e-09 1.92732e-09 1.40489e-09 1.02468e-09 7.50566e-10 5.52828e-10 4.0906e-10 3.0332e-10 2.24654e-10 1.65614e-10 1.21045e-10 8.72026e-11 6.10804e-11 3.99147e-11 2.16368e-11 
6.51679e-12 1.21263e-11 1.84356e-11 2.54118e-11 3.35288e-11 4.35175e-11 5.67347e-11 7.56494e-11 1.04321e-10 1.48936e-10 2.1868e-10 3.27262e-10 4.95339e-10 7.53872e-10 1.14791e-09 1.7381e-09 2.59296e-09 3.76184e-09 5.22611e-09 6.84995e-09 8.37653e-09 9.50559e-09 1.00351e-08 9.99439e-09 9.67359e-09 9.45868e-09 9.52004e-09 9.68492e-09 9.66005e-09 9.27153e-09 8.51019e-09 7.47104e-09 6.28691e-09 5.09175e-09 3.99474e-09 3.06099e-09 2.31043e-09 1.73118e-09 1.29553e-09 9.71982e-10 7.3201e-10 5.52828e-10 4.17595e-10 3.14448e-10 2.35208e-10 1.74168e-10 1.27143e-10 9.07785e-11 6.19707e-11 3.75696e-11 
1.1949e-11 1.99345e-11 2.86946e-11 3.86239e-11 5.03075e-11 6.47282e-11 8.38224e-11 1.11073e-10 1.51986e-10 2.14513e-10 3.0977e-10 4.5341e-10 6.67856e-10 9.85479e-10 1.45178e-09 2.12384e-09 3.05385e-09 4.24948e-09 5.62405e-09 6.97725e-09 8.04806e-09 8.63639e-09 8.73505e-09 8.58156e-09 8.52914e-09 8.74817e-09 9.07275e-09 9.20395e-09 8.96083e-09 8.33875e-09 7.44036e-09 6.39549e-09 5.31843e-09 4.29885e-09 3.3989e-09 2.64841e-09 2.04818e-09 1.58073e-09 1.2213e-09 9.45311e-10 7.3201e-10 5.65505e-10 4.34346e-10 3.30525e-10 2.48408e-10 1.83799e-10 1.33249e-10 9.34944e-11 6.10267e-11 3.30108e-11 
1.10796e-11 2.06561e-11 3.16587e-11 4.39855e-11 5.81838e-11 7.493e-11 9.55518e-11 1.22784e-10 1.61428e-10 2.1868e-10 3.04192e-10 4.30358e-10 6.1322e-10 8.7428e-10 1.2435e-09 1.76188e-09 2.47589e-09 3.41149e-09 4.52892e-09 5.69173e-09 6.69505e-09 7.36234e-09 7.66457e-09 7.776e-09 7.96981e-09 8.36908e-09 8.81967e-09 9.04946e-09 8.88354e-09 8.31558e-09 7.45704e-09 6.45223e-09 5.4247e-09 4.45998e-09 3.60871e-09 2.89315e-09 2.31181e-09 1.84785e-09 1.47891e-09 1.1838e-09 9.45311e-10 7.50566e-10 5.9044e-10 4.58633e-10 3.50736e-10 2.63406e-10 1.93691e-10 1.3855e-10 9.44154e-11 5.70511e-11 
2.0167e-11 3.38194e-11 4.9127e-11 6.66396e-11 8.69124e-11 1.10698e-10 1.39787e-10 1.77968e-10 2.31656e-10 3.0977e-10 4.23061e-10 5.83638e-10 8.05195e-10 1.10461e-09 1.50557e-09 2.04116e-09 2.74382e-09 3.61204e-09 4.57338e-09 5.48986e-09 6.22656e-09 6.74745e-09 7.15924e-09 7.6258e-09 8.19448e-09 8.72653e-09 9.00639e-09 8.88749e-09 8.35993e-09 7.52602e-09 6.53019e-09 5.50303e-09 4.54153e-09 3.70617e-09 3.02145e-09 2.48026e-09 2.05473e-09 1.71239e-09 1.42753e-09 1.1838e-09 9.71982e-10 7.87147e-10 6.26727e-10 4.8932e-10 3.73873e-10 2.79047e-10 2.02786e-10 1.41984e-10 9.2264e-11 4.97136e-11 
1.85901e-11 3.46127e-11 5.34531e-11 7.50084e-11 9.99569e-11 1.28695e-10 1.62017e-10 2.02298e-10 2.54649e-10 3.27262e-10 4.30358e-10 5.7435e-10 7.68425e-10 1.02043e-09 1.33945e-09 1.74174e-09 2.25378e-09 2.89687e-09 3.6541e-09 4.45709e-09 5.22457e-09 5.92797e-09 6.61399e-09 7.33598e-09 8.05612e-09 8.63812e-09 8.92535e-09 8.82046e-09 8.32526e-09 7.53142e-09 6.56914e-09 5.55916e-09 4.59431e-09 3.74428e-09 3.05492e-09 2.53734e-09 2.16292e-09 1.88039e-09 1.64402e-09 1.42753e-09 1.2213e-09 1.02468e-09 8.40599e-10 6.72838e-10 5.24713e-10 3.98284e-10 2.93864e-10 2.09769e-10 1.4218e-10 8.53967e-11 
3.34315e-11 5.62601e-11 8.25114e-11 1.13109e-10 1.48516e-10 1.88747e-10 2.3454e-10 2.88959e-10 3.58643e-10 4.5341e-10 5.83638e-10 7.56989e-10 9.76495e-10 1.24151e-09 1.55345e-09 1.92521e-09 2.38253e-09 2.94608e-09 3.60986e-09 4.35068e-09 5.16024e-09 6.04515e-09 6.97349e-09 7.83138e-09 8.46107e-09 8.73995e-09 8.62126e-09 8.13772e-09 7.38356e-09 6.47694e-09 5.52171e-09 4.59345e-09 3.74878e-09 3.03968e-09 2.50808e-09 2.15962e-09 1.94567e-09 1.79207e-09 1.64402e-09 1.47891e-09 1.29553e-09 1.102e-09 9.08947e-10 7.26448e-10 5.62457e-10 4.21866e-10 3.06098e-10 2.13062e-10 1.37399e-10 7.36241e-11 
3.06083e-11 5.67742e-11 8.82905e-11 1.25282e-10 1.6876e-10 2.18517e-10 2.73814e-10 3.3512e-10 4.06222e-10 4.95339e-10 6.1322e-10 7.68425e-10 9.6298e-10 1.19154e-09 1.44579e-09 1.72469e-09 2.04495e-09 2.44129e-09 2.95209e-09 3.6077e-09 4.42964e-09 5.41037e-09 6.4705e-09 7.44548e-09 8.14233e-09 8.43344e-09 8.30058e-09 7.81232e-09 7.08189e-09 6.22651e-09 5.33932e-09 4.48041e-09 3.68645e-09 2.99041e-09 2.43694e-09 2.07214e-09 1.89634e-09 1.83464e-09 1.79207e-09 1.71239e-09 1.58073e-09 1.40489e-09 1.20153e-09 9.89116e-10 7.8426e-10 5.99516e-10 4.42132e-10 3.1376e-10 2.108e-10 1.25534e-10 
5.41783e-11 9.13976e-11 1.35359e-10 1.87841e-10 2.49263e-10 3.18083e-10 3.92178e-10 4.71347e-10 5.60051e-10 6.67856e-10 8.05195e-10 9.76495e-10 1.17637e-09 1.3923e-09 1.61361e-09 1.84366e-09 2.11164e-09 2.47489e-09 3.00361e-09 3.75263e-09 4.72313e-09 5.82517e-09 6.87691e-09 7.65929e-09 8.01244e-09 7.90657e-09 7.42746e-09 6.71096e-09 5.88489e-09 5.04302e-09 4.24401e-09 3.51731e-09 2.87553e-09 2.3372e-09 1.94739e-09 1.76067e-09 1.75962e-09 1.83464e-09 1.88039e-09 1.84785e-09 1.73118e-09 1.5466e-09 1.31941e-09 1.07663e-09 8.41932e-10 6.32277e-10 4.56356e-10 3.14681e-10 2.00803e-10 1.06853e-10 
4.9201e-11 9.08204e-11 1.4221e-10 2.04198e-10 2.7862e-10 3.64328e-10 4.57374e-10 5.53204e-10 6.5036e-10 7.53872e-10 8.7428e-10 1.02043e-09 1.19154e-09 1.37632e-09 1.56001e-09 1.73487e-09 1.9153e-09 2.15421e-09 2.54048e-09 3.15914e-09 4.03352e-09 5.08969e-09 6.15975e-09 7.02532e-09 7.49684e-09 7.49982e-09 7.09538e-09 6.41974e-09 5.60876e-09 4.76543e-09 3.96626e-09 3.26229e-09 2.67022e-09 2.18207e-09 1.80366e-09 1.58956e-09 1.59516e-09 1.75962e-09 1.94567e-09 2.05473e-09 2.04818e-09 1.92732e-09 1.71614e-09 1.44982e-09 1.16541e-09 8.94192e-10 6.56805e-10 4.61771e-10 3.06572e-10 1.8061e-10 
8.55033e-11 1.44621e-10 2.16383e-10 3.04289e-10 4.09017e-10 5.26368e-10 6.48222e-10 7.66059e-10 8.76541e-10 9.85479e-10 1.10461e-09 1.24151e-09 1.3923e-09 1.54429e-09 1.68361e-09 1.809e-09 1.95509e-09 2.20736e-09 2.67138e-09 3.39853e-09 4.34312e-09 5.37177e-09 6.2958e-09 6.92384e-09 7.13348e-09 6.91996e-09 6.37156e-09 5.60365e-09 4.72203e-09 3.83269e-09 3.04088e-09 2.41496e-09 1.95483e-09 1.61996e-09 1.40955e-09 1.39468e-09 1.59516e-09 1.89634e-09 2.16292e-09 2.31181e-09 2.31043e-09 2.16434e-09 1.90641e-09 1.58454e-09 1.24786e-09 9.35226e-10 6.69233e-10 4.55738e-10 2.87027e-10 1.51504e-10 
7.68971e-11 1.41326e-10 2.23004e-10 3.24262e-10 4.48672e-10 5.93905e-10 7.50291e-10 9.02814e-10 1.0371e-09 1.14791e-09 1.2435e-09 1.33945e-09 1.44579e-09 1.56001e-09 1.66882e-09 1.75882e-09 1.84162e-09 1.98262e-09 2.29344e-09 2.85597e-09 3.65714e-09 4.60378e-09 5.5556e-09 6.35064e-09 6.84234e-09 6.94468e-09 6.64927e-09 6.00536e-09 5.09986e-09 4.06239e-09 3.0593e-09 2.24669e-09 1.70124e-09 1.38133e-09 1.20662e-09 1.19121e-09 1.39468e-09 1.76067e-09 2.15962e-09 2.48026e-09 2.64841e-09 2.63011e-09 2.43431e-09 2.10686e-09 1.71289e-09 1.31536e-09 9.59313e-10 6.66166e-10 4.35876e-10 2.53554e-10 
1.31039e-10 2.22559e-10 3.36809e-10 4.80323e-10 6.5471e-10 8.51711e-10 1.05229e-09 1.2308e-09 1.36559e-09 1.45178e-09 1.50557e-09 1.55345e-09 1.61361e-09 1.68361e-09 1.74433e-09 1.7853e-09 1.84221e-09 2.01556e-09 2.41562e-09 3.06912e-09 3.91996e-09 4.87883e-09 5.83133e-09 6.63224e-09 7.1259e-09 7.18748e-09 6.76408e-09 5.89816e-09 4.73006e-09 3.47332e-09 2.3563e-09 1.5559e-09 1.12669e-09 9.65174e-10 9.76703e-10 1.19121e-09 1.58956e-09 2.07214e-09 2.53734e-09 2.89315e-09 3.06099e-09 2.99953e-09 2.72469e-09 2.30306e-09 1.82229e-09 1.35925e-09 9.61594e-10 6.44996e-10 4.00082e-10 2.09294e-10 
1.16462e-10 2.13553e-10 3.40251e-10 5.0159e-10 7.04218e-10 9.44497e-10 1.2034e-09 1.44672e-09 1.63417e-09 1.7381e-09 1.76188e-09 1.74174e-09 1.72469e-09 1.73487e-09 1.75882e-09 1.76849e-09 1.7664e-09 1.82498e-09 2.07024e-09 2.57903e-09 3.33374e-09 4.28553e-09 5.36928e-09 6.4571e-09 7.3452e-09 7.80714e-09 7.67866e-09 6.93343e-09 5.70279e-09 4.23477e-09 2.81277e-09 1.67664e-09 9.74323e-10 7.12061e-10 7.35918e-10 9.76703e-10 1.40955e-09 1.94739e-09 2.50808e-09 3.02145e-09 3.3989e-09 3.54364e-09 3.4054e-09 3.01713e-09 2.47714e-09 1.89957e-09 1.37207e-09 9.38746e-10 6.04039e-10 3.46444e-10 
1.94592e-10 3.32789e-10 5.10423e-10 7.38854e-10 1.02155e-09 1.3442e-09 1.66934e-09 1.94014e-09 2.09998e-09 2.12384e-09 2.04116e-09 1.92521e-09 1.84366e-09 1.809e-09 1.7853e-09 1.74257e-09 1.71318e-09 1.81379e-09 2.1721e-09 2.82087e-09 3.73977e-09 4.90195e-09 6.20883e-09 7.43692e-09 8.28739e-09 8.49909e-09 7.95959e-09 6.76127e-09 5.16483e-09 3.50034e-09 2.06426e-09 1.05122e-09 5.42443e-10 4.87868e-10 7.35918e-10 1.20662e-09 1.80366e-09 2.43694e-09 3.05492e-09 3.60871e-09 3.99474e-09 4.08484e-09 3.82642e-09 3.28733e-09 2.60942e-09 1.93299e-09 1.34888e-09 8.89347e-10 5.42433e-10 2.81082e-10 
1.70459e-10 3.12901e-10 5.04832e-10 7.5581e-10 1.07721e-09 1.46362e-09 1.88105e-09 2.26251e-09 2.52195e-09 2.59296e-09 2.47589e-09 2.25378e-09 2.04495e-09 1.9153e-09 1.84162e-09 1.7664e-09 1.67623e-09 1.65153e-09 1.84627e-09 2.35954e-09 3.19712e-09 4.35345e-09 5.767e-09 7.23019e-09 8.41186e-09 8.97754e-09 8.726e-09 7.67776e-09 6.06975e-09 4.25605e-09 2.58744e-09 1.31784e-09 5.60805e-10 3.10114e-10 4.87868e-10 9.65174e-10 1.61996e-09 2.3372e-09 3.03968e-09 3.70617e-09 4.29885e-09 4.67408e-09 4.66325e-09 4.23182e-09 3.5068e-09 2.68132e-09 1.91441e-09 1.28808e-09 8.13794e-10 4.59742e-10 
2.79489e-10 4.82947e-10 7.52668e-10 1.10721e-09 1.5526e-09 2.06484e-09 2.57613e-09 2.97714e-09 3.15351e-09 3.05385e-09 2.74382e-09 2.38253e-09 2.11164e-09 1.95509e-09 1.84221e-09 1.71318e-09 1.59532e-09 1.62466e-09 1.9603e-09 2.65337e-09 3.70307e-09 5.08093e-09 6.626e-09 8.023e-09 8.90498e-09 8.99569e-09 8.2234e-09 6.75557e-09 4.92843e-09 3.12348e-09 1.65582e-09 7.03686e-10 2.89955e-10 3.10114e-10 7.12061e-10 1.38133e-09 2.18207e-09 2.99041e-09 3.74428e-09 4.45998e-09 5.09175e-09 5.4209e-09 5.24406e-09 4.58241e-09 3.64673e-09 2.67898e-09 1.84104e-09 1.19147e-09 7.13837e-10 3.66346e-10 
2.40609e-10 4.43868e-10 7.27415e-10 1.10821e-09 1.60417e-09 2.20614e-09 2.85536e-09 3.43103e-09 3.77347e-09 3.76184e-09 3.41149e-09 2.89687e-09 2.44129e-09 2.15421e-09 1.98262e-09 1.82498e-09 1.65153e-09 1.54426e-09 1.6722e-09 2.15493e-09 3.00572e-09 4.20956e-09 5.66249e-09 7.105e-09 8.18906e-09 8.6051e-09 8.19644e-09 7.02653e-09 5.36007e-09 3.56413e-09 1.99022e-09 8.7999e-10 3.36125e-10 2.89955e-10 5.42443e-10 1.12669e-09 1.95483e-09 2.87553e-09 3.74878e-09 4.54153e-09 5.31843e-09 5.98235e-09 6.20282e-09 5.77765e-09 4.83509e-09 3.68348e-09 2.59645e-09 1.71598e-09 1.06355e-09 5.91566e-10 
3.87632e-10 6.79007e-10 1.07788e-09 1.61326e-09 2.29349e-09 3.07718e-09 3.84644e-09 4.40843e-09 4.56555e-09 4.24948e-09 3.61204e-09 2.94608e-09 2.47489e-09 2.20736e-09 2.01556e-09 1.81379e-09 1.62466e-09 1.56394e-09 1.78635e-09 2.36413e-09 3.29122e-09 4.50449e-09 5.81561e-09 6.93344e-09 7.56574e-09 7.51367e-09 6.74075e-09 5.39921e-09 3.78776e-09 2.25068e-09 1.06871e-09 3.9292e-10 3.36125e-10 5.60805e-10 9.74323e-10 1.70124e-09 2.67022e-09 3.68645e-09 4.59431e-09 5.4247e-09 6.28691e-09 6.95152e-09 6.96526e-09 6.20342e-09 4.95077e-09 3.60438e-09 2.4373e-09 1.54728e-09 9.10276e-10 4.62785e-10 
3.27018e-10 6.08527e-10 1.01547e-09 1.57675e-09 2.31867e-09 3.22295e-09 4.18818e-09 5.00732e-09 5.41266e-09 5.22611e-09 4.52892e-09 3.6541e-09 2.95209e-09 2.54048e-09 2.29344e-09 2.07024e-09 1.84627e-09 1.6722e-09 1.64633e-09 1.89809e-09 2.48245e-09 3.36436e-09 4.41427e-09 5.40832e-09 6.1014e-09 6.29969e-09 5.90986e-09 4.97611e-09 3.69019e-09 2.34333e-09 1.22458e-09 5.13032e-10 3.9292e-10 7.03686e-10 1.05122e-09 1.5559e-09 2.41496e-09 3.51731e-09 4.59345e-09 5.50303e-09 6.39549e-09 7.36849e-09 7.95356e-09 7.63109e-09 6.45976e-09 4.9039e-09 3.41131e-09 2.21376e-09 1.34587e-09 7.37161e-10 
5.18397e-10 9.22738e-10 1.49426e-09 2.27692e-09 3.27908e-09 4.42656e-09 5.51896e-09 6.2385e-09 6.28698e-09 5.62405e-09 4.57338e-09 3.60986e-09 3.00361e-09 2.67138e-09 2.41562e-09 2.1721e-09 1.9603e-09 1.78635e-09 1.72342e-09 1.92052e-09 2.42341e-09 3.14587e-09 3.91714e-09 4.54012e-09 4.84825e-09 4.73485e-09 4.17747e-09 3.26532e-09 2.20368e-09 1.26041e-09 6.47213e-10 5.13032e-10 8.7999e-10 1.31784e-09 1.67664e-09 2.24669e-09 3.26229e-09 4.48041e-09 5.55916e-09 6.45223e-09 7.47104e-09 8.54765e-09 8.90625e-09 8.11037e-09 6.49878e-09 4.68993e-09 3.12062e-09 1.9437e-09 1.12329e-09 5.66116e-10 
4.27501e-10 8.04766e-10 1.36915e-09 2.16802e-09 3.23771e-09 4.53943e-09 5.89799e-09 6.97374e-09 7.35895e-09 6.84995e-09 5.69173e-09 4.45709e-09 3.6077e-09 3.15914e-09 2.85597e-09 2.57903e-09 2.35954e-09 2.15493e-09 1.89809e-09 1.71574e-09 1.80449e-09 2.17065e-09 2.67706e-09 3.15595e-09 3.46409e-09 3.50104e-09 3.21697e-09 2.6331e-09 1.86731e-09 1.13459e-09 6.78353e-10 6.47213e-10 1.06871e-09 1.65582e-09 2.06426e-09 2.3563e-09 3.04088e-09 4.24401e-09 5.52171e-09 6.53019e-09 7.44036e-09 8.67846e-09 9.7653e-09 9.69335e-09 8.32054e-09 6.30047e-09 4.32747e-09 2.75909e-09 1.64656e-09 8.88799e-10 
6.6767e-10 1.20896e-09 1.99756e-09 3.09812e-09 4.51338e-09 6.10912e-09 7.55312e-09 8.35724e-09 8.13611e-09 6.97725e-09 5.48986e-09 4.35068e-09 3.75263e-09 3.39853e-09 3.06912e-09 2.82087e-09 2.65337e-09 2.36413e-09 1.92052e-09 1.5865e-09 1.56488e-09 1.78738e-09 2.0909e-09 2.337e-09 2.42955e-09 2.31069e-09 1.96667e-09 1.45026e-09 9.06122e-10 5.72436e-10 6.78353e-10 1.22458e-09 1.99022e-09 2.58744e-09 2.81277e-09 3.0593e-09 3.96626e-09 5.33932e-09 6.56914e-09 7.45704e-09 8.51019e-09 1.00219e-08 1.0901e-08 1.01867e-08 8.21091e-09 5.87995e-09 3.85365e-09 2.35762e-09 1.33997e-09 6.70207e-10 
5.3723e-10 1.02488e-09 1.77729e-09 2.86836e-09 4.34547e-09 6.1295e-09 7.92283e-09 9.19575e-09 9.39277e-09 8.37653e-09 6.69505e-09 5.22457e-09 4.42964e-09 4.03352e-09 3.65714e-09 3.33374e-09 3.19712e-09 3.00572e-09 2.48245e-09 1.80449e-09 1.35914e-09 1.26447e-09 1.37278e-09 1.52522e-09 1.61637e-09 1.58258e-09 1.39411e-09 1.06439e-09 6.74545e-10 4.06904e-10 5.72436e-10 1.26041e-09 2.25068e-09 3.12348e-09 3.50034e-09 3.47332e-09 3.83269e-09 5.04302e-09 6.47694e-09 7.52602e-09 8.33875e-09 9.74266e-09 1.14307e-08 1.17837e-08 1.02837e-08 7.7802e-09 5.28389e-09 3.31493e-09 1.94501e-09 1.0362e-09 
8.2744e-10 1.52364e-09 2.56585e-09 4.04564e-09 5.9506e-09 8.04481e-09 9.79804e-09 1.05199e-08 9.81292e-09 8.04806e-09 6.22656e-09 5.16024e-09 4.72313e-09 4.34312e-09 3.91996e-09 3.73977e-09 3.70307e-09 3.29122e-09 2.42341e-09 1.56488e-09 1.09312e-09 9.70581e-10 1.00475e-09 1.06033e-09 1.0599e-09 9.63567e-10 7.64045e-10 4.99678e-10 2.81779e-10 4.06904e-10 1.13459e-09 2.34333e-09 3.56413e-09 4.25605e-09 4.23477e-09 4.06239e-09 4.76543e-09 6.22651e-09 7.53142e-09 8.31558e-09 9.27153e-09 1.11871e-08 1.27291e-08 1.22381e-08 9.9428e-09 7.07825e-09 4.57814e-09 2.75676e-09 1.54391e-09 7.67559e-10 
6.48942e-10 1.25517e-09 2.2153e-09 3.63791e-09 5.58157e-09 7.8989e-09 1.01042e-08 1.14201e-08 1.119e-08 9.50559e-09 7.36234e-09 5.92797e-09 5.41037e-09 5.08969e-09 4.60378e-09 4.28553e-09 4.35345e-09 4.20956e-09 3.36436e-09 2.17065e-09 1.26447e-09 8.42767e-10 7.23426e-10 7.16007e-10 7.14873e-10 6.66568e-10 5.51695e-10 3.85076e-10 2.30911e-10 2.81779e-10 9.06122e-10 2.20368e-09 3.78776e-09 4.92843e-09 5.16483e-09 4.73006e-09 4.72203e-09 5.88489e-09 7.38356e-09 8.35993e-09 8.96083e-09 1.04338e-08 1.27562e-08 1.36702e-08 1.21476e-08 9.19966e-09 6.19155e-09 3.83165e-09 2.21586e-09 1.16753e-09 
9.86247e-10 1.84398e-09 3.15794e-09 5.0522e-09 7.48719e-09 1.00735e-08 1.20081e-08 1.24022e-08 1.09999e-08 8.63639e-09 6.74745e-09 6.04515e-09 5.82517e-09 5.37177e-09 4.87883e-09 4.90195e-09 5.08093e-09 4.50449e-09 3.14587e-09 1.78738e-09 9.70581e-10 6.35721e-10 5.32968e-10 5.04009e-10 4.72559e-10 4.0699e-10 3.08311e-10 2.15302e-10 2.30911e-10 6.74545e-10 1.86731e-09 3.69019e-09 5.36007e-09 6.06975e-09 5.70279e-09 5.09986e-09 5.60876e-09 7.08189e-09 8.32526e-09 8.88354e-09 9.66005e-09 1.19395e-08 1.41888e-08 1.40258e-08 1.14984e-08 8.15505e-09 5.21981e-09 3.10284e-09 1.7169e-09 8.50097e-10 
7.53741e-10 1.47711e-09 2.64644e-09 4.41114e-09 6.84036e-09 9.68908e-09 1.22129e-08 1.33452e-08 1.24421e-08 1.00351e-08 7.66457e-09 6.61399e-09 6.4705e-09 6.15975e-09 5.5556e-09 5.36928e-09 5.767e-09 5.66249e-09 4.41427e-09 2.67706e-09 1.37278e-09 7.23426e-10 4.76036e-10 3.9095e-10 3.51548e-10 3.08467e-10 2.50497e-10 1.99573e-10 2.15302e-10 4.99678e-10 1.45026e-09 3.26532e-09 5.39921e-09 6.75557e-09 6.76127e-09 5.89816e-09 5.60365e-09 6.71096e-09 8.13772e-09 8.88749e-09 9.20395e-09 1.07317e-08 1.36516e-08 1.51389e-08 1.36789e-08 1.03833e-08 6.94399e-09 4.25307e-09 2.43208e-09 1.27076e-09 
1.13056e-09 2.1409e-09 3.71722e-09 6.01925e-09 8.97061e-09 1.19822e-08 1.39157e-08 1.37298e-08 1.15166e-08 8.73505e-09 7.15924e-09 6.97349e-09 6.87691e-09 6.2958e-09 5.83133e-09 6.20883e-09 6.626e-09 5.81561e-09 3.91714e-09 2.0909e-09 1.00475e-09 5.32968e-10 3.55213e-10 2.84014e-10 2.42133e-10 2.03647e-10 1.76667e-10 1.99573e-10 3.85076e-10 1.06439e-09 2.6331e-09 4.97611e-09 7.02653e-09 7.67776e-09 6.93343e-09 6.00536e-09 6.41974e-09 7.81232e-09 8.82046e-09 9.04946e-09 9.68492e-09 1.23259e-08 1.51765e-08 1.53296e-08 1.26668e-08 8.96772e-09 5.69959e-09 3.35703e-09 1.8414e-09 9.10165e-10 
8.42367e-10 1.66988e-09 3.02691e-09 5.10501e-09 7.98354e-09 1.13022e-08 1.40105e-08 1.47418e-08 1.30116e-08 9.99439e-09 7.776e-09 7.33598e-09 7.44548e-09 7.02532e-09 6.35064e-09 6.4571e-09 7.23019e-09 7.105e-09 5.40832e-09 3.15595e-09 1.52522e-09 7.16007e-10 3.9095e-10 2.61962e-10 2.02191e-10 1.66719e-10 1.5022e-10 1.76667e-10 3.08311e-10 7.64045e-10 1.96667e-09 4.17747e-09 6.74075e-09 8.2234e-09 7.95959e-09 6.76408e-09 6.37156e-09 7.42746e-09 8.62126e-09 9.00639e-09 9.07275e-09 1.07773e-08 1.41724e-08 1.60596e-08 1.46692e-08 1.11594e-08 7.43702e-09 4.52587e-09 2.56915e-09 1.33539e-09 
1.24685e-09 2.38372e-09 4.18073e-09 6.83209e-09 1.02233e-08 1.35515e-08 1.53242e-08 1.44131e-08 1.14407e-08 8.58156e-09 7.6258e-09 7.83138e-09 7.65929e-09 6.92384e-09 6.63224e-09 7.43692e-09 8.023e-09 6.93344e-09 4.54012e-09 2.337e-09 1.06033e-09 5.04009e-10 2.84014e-10 1.8855e-10 1.42006e-10 1.25402e-10 1.5022e-10 2.50497e-10 5.51695e-10 1.39411e-09 3.21697e-09 5.90986e-09 8.19644e-09 8.726e-09 7.67866e-09 6.64927e-09 7.09538e-09 8.30058e-09 8.92535e-09 8.81967e-09 9.52004e-09 1.25392e-08 1.57055e-08 1.60044e-08 1.32742e-08 9.39267e-09 5.94933e-09 3.48683e-09 1.90326e-09 9.41588e-10 
9.06619e-10 1.8139e-09 3.31365e-09 5.63401e-09 8.86429e-09 1.25376e-08 1.53094e-08 1.55445e-08 1.30198e-08 9.67359e-09 7.96981e-09 8.05612e-09 8.14233e-09 7.49684e-09 6.84234e-09 7.3452e-09 8.41186e-09 8.18906e-09 6.1014e-09 3.46409e-09 1.61637e-09 7.14873e-10 3.51548e-10 2.02191e-10 1.33121e-10 1.07242e-10 1.25402e-10 2.03647e-10 4.0699e-10 9.63567e-10 2.31069e-09 4.73485e-09 7.51367e-09 8.99569e-09 8.49909e-09 7.18748e-09 6.91996e-09 7.90657e-09 8.73995e-09 8.72653e-09 8.74817e-09 1.08353e-08 1.44606e-08 1.63955e-08 1.49865e-08 1.14044e-08 7.59311e-09 4.61066e-09 2.6094e-09 1.35404e-09 
1.32378e-09 2.54575e-09 4.49149e-09 7.38246e-09 1.10761e-08 1.45956e-08 1.61519e-08 1.45816e-08 1.10938e-08 8.52914e-09 8.19448e-09 8.46107e-09 8.01244e-09 7.13348e-09 7.1259e-09 8.28739e-09 8.90498e-09 7.56574e-09 4.84825e-09 2.42955e-09 1.0599e-09 4.72559e-10 2.42133e-10 1.42006e-10 1.00438e-10 1.07242e-10 1.66719e-10 3.08467e-10 6.66568e-10 1.58258e-09 3.50104e-09 6.29969e-09 8.6051e-09 8.97754e-09 7.80714e-09 6.94468e-09 7.49982e-09 8.43344e-09 8.63812e-09 8.36908e-09 9.45868e-09 1.27748e-08 1.58323e-08 1.59938e-08 1.32284e-08 9.35807e-09 5.9282e-09 3.47285e-09 1.89426e-09 9.40614e-10 
9.40614e-10 1.89426e-09 3.47285e-09 5.9282e-09 9.35807e-09 1.32284e-08 1.59938e-08 1.58323e-08 1.27748e-08 9.45868e-09 8.36908e-09 8.63812e-09 8.43344e-09 7.49982e-09 6.94468e-09 7.80714e-09 8.97754e-09 8.6051e-09 6.29969e-09 3.50104e-09 1.58258e-09 6.66568e-10 3.08467e-10 1.66719e-10 1.07242e-10 1.00438e-10 1.42006e-10 2.42133e-10 4.72559e-10 1.0599e-09 2.42955e-09 4.84825e-09 7.56574e-09 8.90498e-09 8.28739e-09 7.1259e-09 7.13348e-09 8.01244e-09 8.46107e-09 8.19448e-09 8.52914e-09 1.10938e-08 1.45816e-08 1.61519e-08 1.45956e-08 1.10761e-08 7.38246e-09 4.49149e-09 2.54575e-09 1.32378e-09 
1.35404e-09 2.6094e-09 4.61066e-09 7.59311e-09 1.14044e-08 1.49865e-08 1.63955e-08 1.44606e-08 1.08353e-08 8.74817e-09 8.72653e-09 8.73995e-09 7.90657e-09 6.91996e-09 7.18748e-09 8.49909e-09 8.99569e-09 7.51367e-09 4.73485e-09 2.31069e-09 9.63567e-10 4.0699e-10 2.03647e-10 1.25402e-10 1.07242e-10 1.33121e-10 2.02191e-10 3.51548e-10 7.14873e-10 1.61637e-09 3.46409e-09 6.1014e-09 8.18906e-09 8.41186e-09 7.3452e-09 6.84234e-09 7.49684e-09 8.14233e-09 8.05612e-09 7.96981e-09 9.67359e-09 1.30198e-08 1.55445e-08 1.53094e-08 1.25376e-08 8.86429e-09 5.63401e-09 3.31365e-09 1.8139e-09 9.06619e-10 
9.41588e-10 1.90326e-09 3.48683e-09 5.94933e-09 9.39267e-09 1.32742e-08 1.60044e-08 1.57055e-08 1.25392e-08 9.52004e-09 8.81967e-09 8.92535e-09 8.30058e-09 7.09538e-09 6.64927e-09 7.67866e-09 8.726e-09 8.19644e-09 5.90986e-09 3.21697e-09 1.39411e-09 5.51695e-10 2.50497e-10 1.5022e-10 1.25402e-10 1.42006e-10 1.8855e-10 2.84014e-10 5.04009e-10 1.06033e-09 2.337e-09 4.54012e-09 6.93344e-09 8.023e-09 7.43692e-09 6.63224e-09 6.92384e-09 7.65929e-09 7.83138e-09 7.6258e-09 8.58156e-09 1.14407e-08 1.44131e-08 1.53242e-08 1.35515e-08 1.02233e-08 6.83209e-09 4.18073e-09 2.38372e-09 1.24685e-09 
1.33539e-09 2.56915e-09 4.52587e-09 7.43702e-09 1.11594e-08 1.46692e-08 1.60596e-08 1.41724e-08 1.07773e-08 9.07275e-09 9.00639e-09 8.62126e-09 7.42746e-09 6.37156e-09 6.76408e-09 7.95959e-09 8.2234e-09 6.74075e-09 4.17747e-09 1.96667e-09 7.64045e-10 3.08311e-10 1.76667e-10 1.5022e-10 1.66719e-10 2.02191e-10 2.61962e-10 3.9095e-10 7.16007e-10 1.52522e-09 3.15595e-09 5.40832e-09 7.105e-09 7.23019e-09 6.4571e-09 6.35064e-09 7.02532e-09 7.44548e-09 7.33598e-09 7.776e-09 9.99439e-09 1.30116e-08 1.47418e-08 1.40105e-08 1.13022e-08 7.98354e-09 5.10501e-09 3.02691e-09 1.66988e-09 8.42367e-10 
9.10165e-10 1.8414e-09 3.35703e-09 5.69959e-09 8.96772e-09 1.26668e-08 1.53296e-08 1.51765e-08 1.23259e-08 9.68492e-09 9.04946e-09 8.82046e-09 7.81232e-09 6.41974e-09 6.00536e-09 6.93343e-09 7.67776e-09 7.02653e-09 4.97611e-09 2.6331e-09 1.06439e-09 3.85076e-10 1.99573e-10 1.76667e-10 2.03647e-10 2.42133e-10 2.84014e-10 3.55213e-10 5.32968e-10 1.00475e-09 2.0909e-09 3.91714e-09 5.81561e-09 6.626e-09 6.20883e-09 5.83133e-09 6.2958e-09 6.87691e-09 6.97349e-09 7.15924e-09 8.73505e-09 1.15166e-08 1.37298e-08 1.39157e-08 1.19822e-08 8.97061e-09 6.01925e-09 3.71722e-09 2.1409e-09 1.13056e-09 
1.27076e-09 2.43208e-09 4.25307e-09 6.94399e-09 1.03833e-08 1.36789e-08 1.51389e-08 1.36516e-08 1.07317e-08 9.20395e-09 8.88749e-09 8.13772e-09 6.71096e-09 5.60365e-09 5.89816e-09 6.76127e-09 6.75557e-09 5.39921e-09 3.26532e-09 1.45026e-09 4.99678e-10 2.15302e-10 1.99573e-10 2.50497e-10 3.08467e-10 3.51548e-10 3.9095e-10 4.76036e-10 7.23426e-10 1.37278e-09 2.67706e-09 4.41427e-09 5.66249e-09 5.767e-09 5.36928e-09 5.5556e-09 6.15975e-09 6.4705e-09 6.61399e-09 7.66457e-09 1.00351e-08 1.24421e-08 1.33452e-08 1.22129e-08 9.68908e-09 6.84036e-09 4.41114e-09 2.64644e-09 1.47711e-09 7.53741e-10 
8.50097e-10 1.7169e-09 3.10284e-09 5.21981e-09 8.15505e-09 1.14984e-08 1.40258e-08 1.41888e-08 1.19395e-08 9.66005e-09 8.88354e-09 8.32526e-09 7.08189e-09 5.60876e-09 5.09986e-09 5.70279e-09 6.06975e-09 5.36007e-09 3.69019e-09 1.86731e-09 6.74545e-10 2.30911e-10 2.15302e-10 3.08311e-10 4.0699e-10 4.72559e-10 5.04009e-10 5.32968e-10 6.35721e-10 9.70581e-10 1.78738e-09 3.14587e-09 4.50449e-09 5.08093e-09 4.90195e-09 4.87883e-09 5.37177e-09 5.82517e-09 6.04515e-09 6.74745e-09 8.63639e-09 1.09999e-08 1.24022e-08 1.20081e-08 1.00735e-08 7.48719e-09 5.0522e-09 3.15794e-09 1.84398e-09 9.86247e-10 
1.16753e-09 2.21586e-09 3.83165e-09 6.19155e-09 9.19966e-09 1.21476e-08 1.36702e-08 1.27562e-08 1.04338e-08 8.96083e-09 8.35993e-09 7.38356e-09 5.88489e-09 4.72203e-09 4.73006e-09 5.16483e-09 4.92843e-09 3.78776e-09 2.20368e-09 9.06122e-10 2.81779e-10 2.30911e-10 3.85076e-10 5.51695e-10 6.66568e-10 7.14873e-10 7.16007e-10 7.23426e-10 8.42767e-10 1.26447e-09 2.17065e-09 3.36436e-09 4.20956e-09 4.35345e-09 4.28553e-09 4.60378e-09 5.08969e-09 5.41037e-09 5.92797e-09 7.36234e-09 9.50559e-09 1.119e-08 1.14201e-08 1.01042e-08 7.8989e-09 5.58157e-09 3.63791e-09 2.2153e-09 1.25517e-09 6.48942e-10 
7.67559e-10 1.54391e-09 2.75676e-09 4.57814e-09 7.07825e-09 9.9428e-09 1.22381e-08 1.27291e-08 1.11871e-08 9.27153e-09 8.31558e-09 7.53142e-09 6.22651e-09 4.76543e-09 4.06239e-09 4.23477e-09 4.25605e-09 3.56413e-09 2.34333e-09 1.13459e-09 4.06904e-10 2.81779e-10 4.99678e-10 7.64045e-10 9.63567e-10 1.0599e-09 1.06033e-09 1.00475e-09 9.70581e-10 1.09312e-09 1.56488e-09 2.42341e-09 3.29122e-09 3.70307e-09 3.73977e-09 3.91996e-09 4.34312e-09 4.72313e-09 5.16024e-09 6.22656e-09 8.04806e-09 9.81292e-09 1.05199e-08 9.79804e-09 8.04481e-09 5.9506e-09 4.04564e-09 2.56585e-09 1.52364e-09 8.2744e-10 
1.0362e-09 1.94501e-09 3.31493e-09 5.28389e-09 7.7802e-09 1.02837e-08 1.17837e-08 1.14307e-08 9.74266e-09 8.33875e-09 7.52602e-09 6.47694e-09 5.04302e-09 3.83269e-09 3.47332e-09 3.50034e-09 3.12348e-09 2.25068e-09 1.26041e-09 5.72436e-10 4.06904e-10 6.74545e-10 1.06439e-09 1.39411e-09 1.58258e-09 1.61637e-09 1.52522e-09 1.37278e-09 1.26447e-09 1.35914e-09 1.80449e-09 2.48245e-09 3.00572e-09 3.19712e-09 3.33374e-09 3.65714e-09 4.03352e-09 4.42964e-09 5.22457e-09 6.69505e-09 8.37653e-09 9.39277e-09 9.19575e-09 7.92283e-09 6.1295e-09 4.34547e-09 2.86836e-09 1.77729e-09 1.02488e-09 5.3723e-10 
6.70207e-10 1.33997e-09 2.35762e-09 3.85365e-09 5.87995e-09 8.21091e-09 1.01867e-08 1.0901e-08 1.00219e-08 8.51019e-09 7.45704e-09 6.56914e-09 5.33932e-09 3.96626e-09 3.0593e-09 2.81277e-09 2.58744e-09 1.99022e-09 1.22458e-09 6.78353e-10 5.72436e-10 9.06122e-10 1.45026e-09 1.96667e-09 2.31069e-09 2.42955e-09 2.337e-09 2.0909e-09 1.78738e-09 1.56488e-09 1.5865e-09 1.92052e-09 2.36413e-09 2.65337e-09 2.82087e-09 3.06912e-09 3.39853e-09 3.75263e-09 4.35068e-09 5.48986e-09 6.97725e-09 8.13611e-09 8.35724e-09 7.55312e-09 6.10912e-09 4.51338e-09 3.09812e-09 1.99756e-09 1.20896e-09 6.6767e-10 
8.88799e-10 1.64656e-09 2.75909e-09 4.32747e-09 6.30047e-09 8.32054e-09 9.69335e-09 9.7653e-09 8.67846e-09 7.44036e-09 6.53019e-09 5.52171e-09 4.24401e-09 3.04088e-09 2.3563e-09 2.06426e-09 1.65582e-09 1.06871e-09 6.47213e-10 6.78353e-10 1.13459e-09 1.86731e-09 2.6331e-09 3.21697e-09 3.50104e-09 3.46409e-09 3.15595e-09 2.67706e-09 2.17065e-09 1.80449e-09 1.71574e-09 1.89809e-09 2.15493e-09 2.35954e-09 2.57903e-09 2.85597e-09 3.15914e-09 3.6077e-09 4.45709e-09 5.69173e-09 6.84995e-09 7.35895e-09 6.97374e-09 5.89799e-09 4.53943e-09 3.23771e-09 2.16802e-09 1.36915e-09 8.04766e-10 4.27501e-10 
5.66116e-10 1.12329e-09 1.9437e-09 3.12062e-09 4.68993e-09 6.49878e-09 8.11037e-09 8.90625e-09 8.54765e-09 7.47104e-09 6.45223e-09 5.55916e-09 4.48041e-09 3.26229e-09 2.24669e-09 1.67664e-09 1.31784e-09 8.7999e-10 5.13032e-10 6.47213e-10 1.26041e-09 2.20368e-09 3.26532e-09 4.17747e-09 4.73485e-09 4.84825e-09 4.54012e-09 3.91714e-09 3.14587e-09 2.42341e-09 1.92052e-09 1.72342e-09 1.78635e-09 1.9603e-09 2.1721e-09 2.41562e-09 2.67138e-09 3.00361e-09 3.60986e-09 4.57338e-09 5.62405e-09 6.28698e-09 6.2385e-09 5.51896e-09 4.42656e-09 3.27908e-09 2.27692e-09 1.49426e-09 9.22738e-10 5.18397e-10 
7.37161e-10 1.34587e-09 2.21376e-09 3.41131e-09 4.9039e-09 6.45976e-09 7.63109e-09 7.95356e-09 7.36849e-09 6.39549e-09 5.50303e-09 4.59345e-09 3.51731e-09 2.41496e-09 1.5559e-09 1.05122e-09 7.03686e-10 3.9292e-10 5.13032e-10 1.22458e-09 2.34333e-09 3.69019e-09 4.97611e-09 5.90986e-09 6.29969e-09 6.1014e-09 5.40832e-09 4.41427e-09 3.36436e-09 2.48245e-09 1.89809e-09 1.64633e-09 1.6722e-09 1.84627e-09 2.07024e-09 2.29344e-09 2.54048e-09 2.95209e-09 3.6541e-09 4.52892e-09 5.22611e-09 5.41266e-09 5.00732e-09 4.18818e-09 3.22295e-09 2.31867e-09 1.57675e-09 1.01547e-09 6.08527e-10 3.27018e-10 
4.62785e-10 9.10276e-10 1.54728e-09 2.4373e-09 3.60438e-09 4.95077e-09 6.20342e-09 6.96526e-09 6.95152e-09 6.28691e-09 5.4247e-09 4.59431e-09 3.68645e-09 2.67022e-09 1.70124e-09 9.74323e-10 5.60805e-10 3.36125e-10 3.9292e-10 1.06871e-09 2.25068e-09 3.78776e-09 5.39921e-09 6.74075e-09 7.51367e-09 7.56574e-09 6.93344e-09 5.81561e-09 4.50449e-09 3.29122e-09 2.36413e-09 1.78635e-09 1.56394e-09 1.62466e-09 1.81379e-09 2.01556e-09 2.20736e-09 2.47489e-09 2.94608e-09 3.61204e-09 4.24948e-09 4.56555e-09 4.40843e-09 3.84644e-09 3.07718e-09 2.29349e-09 1.61326e-09 1.07788e-09 6.79007e-10 3.87632e-10 
5.91566e-10 1.06355e-09 1.71598e-09 2.59645e-09 3.68348e-09 4.83509e-09 5.77765e-09 6.20282e-09 5.98235e-09 5.31843e-09 4.54153e-09 3.74878e-09 2.87553e-09 1.95483e-09 1.12669e-09 5.42443e-10 2.89955e-10 3.36125e-10 8.7999e-10 1.99022e-09 3.56413e-09 5.36007e-09 7.02653e-09 8.19644e-09 8.6051e-09 8.18906e-09 7.105e-09 5.66249e-09 4.20956e-09 3.00572e-09 2.15493e-09 1.6722e-09 1.54426e-09 1.65153e-09 1.82498e-09 1.98262e-09 2.15421e-09 2.44129e-09 2.89687e-09 3.41149e-09 3.76184e-09 3.77347e-09 3.43103e-09 2.85536e-09 2.20614e-09 1.60417e-09 1.10821e-09 7.27415e-10 4.43868e-10 2.40609e-10 
3.66346e-10 7.13837e-10 1.19147e-09 1.84104e-09 2.67898e-09 3.64673e-09 4.58241e-09 5.24406e-09 5.4209e-09 5.09175e-09 4.45998e-09 3.74428e-09 2.99041e-09 2.18207e-09 1.38133e-09 7.12061e-10 3.10114e-10 2.89955e-10 7.03686e-10 1.65582e-09 3.12348e-09 4.92843e-09 6.75557e-09 8.2234e-09 8.99569e-09 8.90498e-09 8.023e-09 6.626e-09 5.08093e-09 3.70307e-09 2.65337e-09 1.9603e-09 1.62466e-09 1.59532e-09 1.71318e-09 1.84221e-09 1.95509e-09 2.11164e-09 2.38253e-09 2.74382e-09 3.05385e-09 3.15351e-09 2.97714e-09 2.57613e-09 2.06484e-09 1.5526e-09 1.10721e-09 7.52668e-10 4.82947e-10 2.79489e-10 
4.59742e-10 8.13794e-10 1.28808e-09 1.91441e-09 2.68132e-09 3.5068e-09 4.23182e-09 4.66325e-09 4.67408e-09 4.29885e-09 3.70617e-09 3.03968e-09 2.3372e-09 1.61996e-09 9.65174e-10 4.87868e-10 3.10114e-10 5.60805e-10 1.31784e-09 2.58744e-09 4.25605e-09 6.06975e-09 7.67776e-09 8.726e-09 8.97754e-09 8.41186e-09 7.23019e-09 5.767e-09 4.35345e-09 3.19712e-09 2.35954e-09 1.84627e-09 1.65153e-09 1.67623e-09 1.7664e-09 1.84162e-09 1.9153e-09 2.04495e-09 2.25378e-09 2.47589e-09 2.59296e-09 2.52195e-09 2.26251e-09 1.88105e-09 1.46362e-09 1.07721e-09 7.5581e-10 5.04832e-10 3.12901e-10 1.70459e-10 
2.81082e-10 5.42433e-10 8.89347e-10 1.34888e-09 1.93299e-09 2.60942e-09 3.28733e-09 3.82642e-09 4.08484e-09 3.99474e-09 3.60871e-09 3.05492e-09 2.43694e-09 1.80366e-09 1.20662e-09 7.35918e-10 4.87868e-10 5.42443e-10 1.05122e-09 2.06426e-09 3.50034e-09 5.16483e-09 6.76127e-09 7.95959e-09 8.49909e-09 8.28739e-09 7.43692e-09 6.20883e-09 4.90195e-09 3.73977e-09 2.82087e-09 2.1721e-09 1.81379e-09 1.71318e-09 1.74257e-09 1.7853e-09 1.809e-09 1.84366e-09 1.92521e-09 2.04116e-09 2.12384e-09 2.09998e-09 1.94014e-09 1.66934e-09 1.3442e-09 1.02155e-09 7.38854e-10 5.10423e-10 3.32789e-10 1.94592e-10 
3.46444e-10 6.04039e-10 9.38746e-10 1.37207e-09 1.89957e-09 2.47714e-09 3.01713e-09 3.4054e-09 3.54364e-09 3.3989e-09 3.02145e-09 2.50808e-09 1.94739e-09 1.40955e-09 9.76703e-10 7.35918e-10 7.12061e-10 9.74323e-10 1.67664e-09 2.81277e-09 4.23477e-09 5.70279e-09 6.93343e-09 7.67866e-09 7.80714e-09 7.3452e-09 6.4571e-09 5.36928e-09 4.28553e-09 3.33374e-09 2.57903e-09 2.07024e-09 1.82498e-09 1.7664e-09 1.76849e-09 1.75882e-09 1.73487e-09 1.72469e-09 1.74174e-09 1.76188e-09 1.7381e-09 1.63417e-09 1.44672e-09 1.2034e-09 9.44497e-10 7.04218e-10 5.0159e-10 3.40251e-10 2.13553e-10 1.16462e-10 
2.09294e-10 4.00082e-10 6.44996e-10 9.61594e-10 1.35925e-09 1.82229e-09 2.30306e-09 2.72469e-09 2.99953e-09 3.06099e-09 2.89315e-09 2.53734e-09 2.07214e-09 1.58956e-09 1.19121e-09 9.76703e-10 9.65174e-10 1.12669e-09 1.5559e-09 2.3563e-09 3.47332e-09 4.73006e-09 5.89816e-09 6.76408e-09 7.18748e-09 7.1259e-09 6.63224e-09 5.83133e-09 4.87883e-09 3.91996e-09 3.06912e-09 2.41562e-09 2.01556e-09 1.84221e-09 1.7853e-09 1.74433e-09 1.68361e-09 1.61361e-09 1.55345e-09 1.50557e-09 1.45178e-09 1.36559e-09 1.2308e-09 1.05229e-09 8.51711e-10 6.5471e-10 4.80323e-10 3.36809e-10 2.22559e-10 1.31039e-10 
2.53554e-10 4.35876e-10 6.66166e-10 9.59313e-10 1.31536e-09 1.71289e-09 2.10686e-09 2.43431e-09 2.63011e-09 2.64841e-09 2.48026e-09 2.15962e-09 1.76067e-09 1.39468e-09 1.19121e-09 1.20662e-09 1.38133e-09 1.70124e-09 2.24669e-09 3.0593e-09 4.06239e-09 5.09986e-09 6.00536e-09 6.64927e-09 6.94468e-09 6.84234e-09 6.35064e-09 5.5556e-09 4.60378e-09 3.65714e-09 2.85597e-09 2.29344e-09 1.98262e-09 1.84162e-09 1.75882e-09 1.66882e-09 1.56001e-09 1.44579e-09 1.33945e-09 1.2435e-09 1.14791e-09 1.0371e-09 9.02814e-10 7.50291e-10 5.93905e-10 4.48672e-10 3.24262e-10 2.23004e-10 1.41326e-10 7.68971e-11 
1.51504e-10 2.87027e-10 4.55738e-10 6.69233e-10 9.35226e-10 1.24786e-09 1.58454e-09 1.90641e-09 2.16434e-09 2.31043e-09 2.31181e-09 2.16292e-09 1.89634e-09 1.59516e-09 1.39468e-09 1.40955e-09 1.61996e-09 1.95483e-09 2.41496e-09 3.04088e-09 3.83269e-09 4.72203e-09 5.60365e-09 6.37156e-09 6.91996e-09 7.13348e-09 6.92384e-09 6.2958e-09 5.37177e-09 4.34312e-09 3.39853e-09 2.67138e-09 2.20736e-09 1.95509e-09 1.809e-09 1.68361e-09 1.54429e-09 1.3923e-09 1.24151e-09 1.10461e-09 9.85479e-10 8.76541e-10 7.66059e-10 6.48222e-10 5.26368e-10 4.09017e-10 3.04289e-10 2.16383e-10 1.44621e-10 8.55033e-11 
1.8061e-10 3.06572e-10 4.61771e-10 6.56805e-10 8.94192e-10 1.16541e-09 1.44982e-09 1.71614e-09 1.92732e-09 2.04818e-09 2.05473e-09 1.94567e-09 1.75962e-09 1.59516e-09 1.58956e-09 1.80366e-09 2.18207e-09 2.67022e-09 3.26229e-09 3.96626e-09 4.76543e-09 5.60876e-09 6.41974e-09 7.09538e-09 7.49982e-09 7.49684e-09 7.02532e-09 6.15975e-09 5.08969e-09 4.03352e-09 3.15914e-09 2.54048e-09 2.15421e-09 1.9153e-09 1.73487e-09 1.56001e-09 1.37632e-09 1.19154e-09 1.02043e-09 8.7428e-10 7.53872e-10 6.5036e-10 5.53204e-10 4.57374e-10 3.64328e-10 2.7862e-10 2.04198e-10 1.4221e-10 9.08204e-11 4.9201e-11 
1.06853e-10 2.00803e-10 3.14681e-10 4.56356e-10 6.32277e-10 8.41932e-10 1.07663e-09 1.31941e-09 1.5466e-09 1.73118e-09 1.84785e-09 1.88039e-09 1.83464e-09 1.75962e-09 1.76067e-09 1.94739e-09 2.3372e-09 2.87553e-09 3.51731e-09 4.24401e-09 5.04302e-09 5.88489e-09 6.71096e-09 7.42746e-09 7.90657e-09 8.01244e-09 7.65929e-09 6.87691e-09 5.82517e-09 4.72313e-09 3.75263e-09 3.00361e-09 2.47489e-09 2.11164e-09 1.84366e-09 1.61361e-09 1.3923e-09 1.17637e-09 9.76495e-10 8.05195e-10 6.67856e-10 5.60051e-10 4.71347e-10 3.92178e-10 3.18083e-10 2.49263e-10 1.87841e-10 1.35359e-10 9.13976e-11 5.41783e-11 
1.25534e-10 2.108e-10 3.1376e-10 4.42132e-10 5.99516e-10 7.8426e-10 9.89116e-10 1.20153e-09 1.40489e-09 1.58073e-09 1.71239e-09 1.79207e-09 1.83464e-09 1.89634e-09 2.07214e-09 2.43694e-09 2.99041e-09 3.68645e-09 4.48041e-09 5.33932e-09 6.22651e-09 7.08189e-09 7.81232e-09 8.30058e-09 8.43344e-09 8.14233e-09 7.44548e-09 6.4705e-09 5.41037e-09 4.42964e-09 3.6077e-09 2.95209e-09 2.44129e-09 2.04495e-09 1.72469e-09 1.44579e-09 1.19154e-09 9.6298e-10 7.68425e-10 6.1322e-10 4.95339e-10 4.06222e-10 3.3512e-10 2.73814e-10 2.18517e-10 1.6876e-10 1.25282e-10 8.82905e-11 5.67742e-11 3.06083e-11 
7.36241e-11 1.37399e-10 2.13062e-10 3.06098e-10 4.21866e-10 5.62457e-10 7.26448e-10 9.08947e-10 1.102e-09 1.29553e-09 1.47891e-09 1.64402e-09 1.79207e-09 1.94567e-09 2.15962e-09 2.50808e-09 3.03968e-09 3.74878e-09 4.59345e-09 5.52171e-09 6.47694e-09 7.38356e-09 8.13772e-09 8.62126e-09 8.73995e-09 8.46107e-09 7.83138e-09 6.97349e-09 6.04515e-09 5.16024e-09 4.35068e-09 3.60986e-09 2.94608e-09 2.38253e-09 1.92521e-09 1.55345e-09 1.24151e-09 9.76495e-10 7.56989e-10 5.83638e-10 4.5341e-10 3.58643e-10 2.88959e-10 2.3454e-10 1.88747e-10 1.48516e-10 1.13109e-10 8.25114e-11 5.62601e-11 3.34315e-11 
8.53967e-11 1.4218e-10 2.09769e-10 2.93864e-10 3.98284e-10 5.24713e-10 6.72838e-10 8.40599e-10 1.02468e-09 1.2213e-09 1.42753e-09 1.64402e-09 1.88039e-09 2.16292e-09 2.53734e-09 3.05492e-09 3.74428e-09 4.59431e-09 5.55916e-09 6.56914e-09 7.53142e-09 8.32526e-09 8.82046e-09 8.92535e-09 8.63812e-09 8.05612e-09 7.33598e-09 6.61399e-09 5.92797e-09 5.22457e-09 4.45709e-09 3.6541e-09 2.89687e-09 2.25378e-09 1.74174e-09 1.33945e-09 1.02043e-09 7.68425e-10 5.7435e-10 4.30358e-10 3.27262e-10 2.54649e-10 2.02298e-10 1.62017e-10 1.28695e-10 9.99569e-11 7.50084e-11 5.34531e-11 3.46127e-11 1.85901e-11 
4.97136e-11 9.2264e-11 1.41984e-10 2.02786e-10 2.79047e-10 3.73873e-10 4.8932e-10 6.26727e-10 7.87147e-10 9.71982e-10 1.1838e-09 1.42753e-09 1.71239e-09 2.05473e-09 2.48026e-09 3.02145e-09 3.70617e-09 4.54153e-09 5.50303e-09 6.53019e-09 7.52602e-09 8.35993e-09 8.88749e-09 9.00639e-09 8.72653e-09 8.19448e-09 7.6258e-09 7.15924e-09 6.74745e-09 6.22656e-09 5.48986e-09 4.57338e-09 3.61204e-09 2.74382e-09 2.04116e-09 1.50557e-09 1.10461e-09 8.05195e-10 5.83638e-10 4.23061e-10 3.0977e-10 2.31656e-10 1.77968e-10 1.39787e-10 1.10698e-10 8.69124e-11 6.66396e-11 4.9127e-11 3.38194e-11 2.0167e-11 
5.70511e-11 9.44154e-11 1.3855e-10 1.93691e-10 2.63406e-10 3.50736e-10 4.58633e-10 5.9044e-10 7.50566e-10 9.45311e-10 1.1838e-09 1.47891e-09 1.84785e-09 2.31181e-09 2.89315e-09 3.60871e-09 4.45998e-09 5.4247e-09 6.45223e-09 7.45704e-09 8.31558e-09 8.88354e-09 9.04946e-09 8.81967e-09 8.36908e-09 7.96981e-09 7.776e-09 7.66457e-09 7.36234e-09 6.69505e-09 5.69173e-09 4.52892e-09 3.41149e-09 2.47589e-09 1.76188e-09 1.2435e-09 8.7428e-10 6.1322e-10 4.30358e-10 3.04192e-10 2.1868e-10 1.61428e-10 1.22784e-10 9.55518e-11 7.493e-11 5.81838e-11 4.39855e-11 3.16587e-11 2.06561e-11 1.10796e-11 
3.30108e-11 6.10267e-11 9.34944e-11 1.33249e-10 1.83799e-10 2.48408e-10 3.30525e-10 4.34346e-10 5.65505e-10 7.3201e-10 9.45311e-10 1.2213e-09 1.58073e-09 2.04818e-09 2.64841e-09 3.3989e-09 4.29885e-09 5.31843e-09 6.39549e-09 7.44036e-09 8.33875e-09 8.96083e-09 9.20395e-09 9.07275e-09 8.74817e-09 8.52914e-09 8.58156e-09 8.73505e-09 8.63639e-09 8.04806e-09 6.97725e-09 5.62405e-09 4.24948e-09 3.05385e-09 2.12384e-09 1.45178e-09 9.85479e-10 6.67856e-10 4.5341e-10 3.0977e-10 2.14513e-10 1.51986e-10 1.11073e-10 8.38224e-11 6.47282e-11 5.03075e-11 3.86239e-11 2.86946e-11 1.99345e-11 1.1949e-11 
3.75696e-11 6.19707e-11 9.07785e-11 1.27143e-10 1.74168e-10 2.35208e-10 3.14448e-10 4.17595e-10 5.52828e-10 7.3201e-10 9.71982e-10 1.29553e-09 1.73118e-09 2.31043e-09 3.06099e-09 3.99474e-09 5.09175e-09 6.28691e-09 7.47104e-09 8.51019e-09 9.27153e-09 9.66005e-09 9.68492e-09 9.52004e-09 9.45868e-09 9.67359e-09 9.99439e-09 1.00351e-08 9.50559e-09 8.37653e-09 6.84995e-09 5.22611e-09 3.76184e-09 2.59296e-09 1.7381e-09 1.14791e-09 7.53872e-10 4.95339e-10 3.27262e-10 2.1868e-10 1.48936e-10 1.04321e-10 7.56494e-11 5.67347e-11 4.35175e-11 3.35288e-11 2.54118e-11 1.84356e-11 1.21263e-11 6.51679e-12 
2.16368e-11 3.99147e-11 6.10804e-11 8.72026e-11 1.21045e-10 1.65614e-10 2.24654e-10 3.0332e-10 4.0906e-10 5.52828e-10 7.50566e-10 1.02468e-09 1.40489e-09 1.92732e-09 2.63011e-09 3.54364e-09 4.67408e-09 5.98235e-09 7.36849e-09 8.67846e-09 9.74266e-09 1.04338e-08 1.07317e-08 1.07773e-08 1.08353e-08 1.10938e-08 1.14407e-08 1.15166e-08 1.09999e-08 9.81292e-09 8.13611e-09 6.28698e-09 4.56555e-09 3.15351e-09 2.09998e-09 1.36559e-09 8.76541e-10 5.60051e-10 3.58643e-10 2.31656e-10 1.51986e-10 1.02126e-10 7.08898e-11 5.11011e-11 3.81332e-11 2.90698e-11 2.21899e-11 1.65457e-11 1.15859e-11 6.99408e-12 
2.44824e-11 4.03638e-11 5.92372e-11 8.34443e-11 1.15557e-10 1.58737e-10 2.17327e-10 2.97641e-10 4.0906e-10 5.65505e-10 7.87147e-10 1.102e-09 1.5466e-09 2.16434e-09 2.99953e-09 4.08484e-09 5.4209e-09 6.95152e-09 8.54765e-09 1.00219e-08 1.11871e-08 1.19395e-08 1.23259e-08 1.25392e-08 1.27748e-08 1.30198e-08 1.30116e-08 1.24421e-08 1.119e-08 9.39277e-09 7.35895e-09 5.41266e-09 3.77347e-09 2.52195e-09 1.63417e-09 1.0371e-09 6.5036e-10 4.06222e-10 2.54649e-10 1.61428e-10 1.04321e-10 6.93349e-11 4.77913e-11 3.42958e-11 2.54861e-11 1.93089e-11 1.45774e-11 1.06241e-11 7.04544e-12 3.80717e-12 
1.40502e-11 2.59155e-11 3.9744e-11 5.70506e-11 7.99796e-11 1.11111e-10 1.53947e-10 2.13581e-10 2.97641e-10 4.17595e-10 5.9044e-10 8.40599e-10 1.20153e-09 1.71614e-09 2.43431e-09 3.4054e-09 4.66325e-09 6.20282e-09 7.95356e-09 9.7653e-09 1.14307e-08 1.27562e-08 1.36516e-08 1.41724e-08 1.44606e-08 1.45816e-08 1.44131e-08 1.37298e-08 1.24022e-08 1.05199e-08 8.35724e-09 6.2385e-09 4.40843e-09 2.97714e-09 1.94014e-09 1.2308e-09 7.66059e-10 4.71347e-10 2.88959e-10 1.77968e-10 1.11073e-10 7.08898e-11 4.67042e-11 3.20211e-11 2.29028e-11 1.69565e-11 1.27581e-11 9.4932e-12 6.68569e-12 4.06893e-12 
1.58466e-11 2.61874e-11 3.86384e-11 5.4933e-11 7.71381e-11 1.08e-10 1.51492e-10 2.13581e-10 3.0332e-10 4.34346e-10 6.26727e-10 9.08947e-10 1.31941e-09 1.90641e-09 2.72469e-09 3.82642e-09 5.24406e-09 6.96526e-09 8.90625e-09 1.0901e-08 1.27291e-08 1.41888e-08 1.51765e-08 1.57055e-08 1.58323e-08 1.55445e-08 1.47418e-08 1.33452e-08 1.14201e-08 9.19575e-09 6.97374e-09 5.00732e-09 3.43103e-09 2.26251e-09 1.44672e-09 9.02814e-10 5.53204e-10 3.3512e-10 2.02298e-10 1.22784e-10 7.56494e-11 4.77913e-11 3.12702e-11 2.13573e-11 1.52383e-11 1.12392e-11 8.38258e-12 6.10769e-12 4.07845e-12 2.22468e-12 
9.07131e-12 1.67649e-11 2.58472e-11 3.74301e-11 5.31536e-11 7.51368e-11 1.06403e-10 1.51492e-10 2.17327e-10 3.14448e-10 4.58633e-10 6.72838e-10 9.89116e-10 1.44982e-09 2.10686e-09 3.01713e-09 4.23182e-09 5.77765e-09 7.63109e-09 9.69335e-09 1.17837e-08 1.36702e-08 1.51389e-08 1.60596e-08 1.63955e-08 1.61519e-08 1.53242e-08 1.39157e-08 1.20081e-08 9.79804e-09 7.55312e-09 5.51896e-09 3.84644e-09 2.57613e-09 1.66934e-09 1.05229e-09 6.48222e-10 3.92178e-10 2.3454e-10 1.39787e-10 8.38224e-11 5.11011e-11 3.20211e-11 2.08442e-11 1.42003e-11 1.01119e-11 7.42407e-12 5.47033e-12 3.85857e-12 2.3697e-12 
1.02236e-11 1.6981e-11 2.52678e-11 3.63604e-11 5.18847e-11 7.41051e-11 1.06403e-10 1.53947e-10 2.24654e-10 3.30525e-10 4.8932e-10 7.26448e-10 1.07663e-09 1.58454e-09 2.30306e-09 3.28733e-09 4.58241e-09 6.20342e-09 8.11037e-09 1.01867e-08 1.22381e-08 1.40258e-08 1.53296e-08 1.60044e-08 1.59938e-08 1.53094e-08 1.40105e-08 1.22129e-08 1.01042e-08 7.92283e-09 5.89799e-09 4.18818e-09 2.85536e-09 1.88105e-09 1.2034e-09 7.50291e-10 4.57374e-10 2.73814e-10 1.62017e-10 9.55518e-11 5.67347e-11 3.42958e-11 2.13573e-11 1.38538e-11 9.42368e-12 6.69747e-12 4.88673e-12 3.53393e-12 2.36964e-12 1.30744e-12 
5.84063e-12 1.08396e-11 1.68484e-11 2.46814e-11 3.55797e-11 5.12277e-11 7.41051e-11 1.08e-10 1.58737e-10 2.35208e-10 3.50736e-10 5.24713e-10 7.8426e-10 1.16541e-09 1.71289e-09 2.47714e-09 3.5068e-09 4.83509e-09 6.45976e-09 8.32054e-09 1.02837e-08 1.21476e-08 1.36789e-08 1.46692e-08 1.49865e-08 1.45956e-08 1.35515e-08 1.19822e-08 1.00735e-08 8.04481e-09 6.10912e-09 4.42656e-09 3.07718e-09 2.06484e-09 1.3442e-09 8.51711e-10 5.26368e-10 3.18083e-10 1.88747e-10 1.10698e-10 6.47282e-11 3.81332e-11 2.29028e-11 1.42003e-11 9.19275e-12 6.24826e-12 4.42991e-12 3.20074e-12 2.24726e-12 1.39035e-12 
6.59153e-12 1.10322e-11 1.65992e-11 2.42285e-11 3.51702e-11 5.12277e-11 7.51368e-11 1.11111e-10 1.65614e-10 2.48408e-10 3.73873e-10 5.62457e-10 8.41932e-10 1.24786e-09 1.82229e-09 2.60942e-09 3.64673e-09 4.95077e-09 6.49878e-09 8.21091e-09 9.9428e-09 1.14984e-08 1.26668e-08 1.32742e-08 1.32284e-08 1.25376e-08 1.13022e-08 9.68908e-09 7.8989e-09 6.1295e-09 4.53943e-09 3.22295e-09 2.20614e-09 1.46362e-09 9.44497e-10 5.93905e-10 3.64328e-10 2.18517e-10 1.28695e-10 7.493e-11 4.35175e-11 2.54861e-11 1.52383e-11 9.42368e-12 6.09673e-12 4.1421e-12 2.92414e-12 2.07968e-12 1.39295e-12 7.79517e-13 
3.75664e-12 7.0182e-12 1.10259e-11 1.63731e-11 2.39856e-11 3.51702e-11 5.18847e-11 7.71381e-11 1.15557e-10 1.74168e-10 2.63406e-10 3.98284e-10 5.99516e-10 8.94192e-10 1.31536e-09 1.89957e-09 2.68132e-09 3.68348e-09 4.9039e-09 6.30047e-09 7.7802e-09 9.19966e-09 1.03833e-08 1.11594e-08 1.14044e-08 1.10761e-08 1.02233e-08 8.97061e-09 7.48719e-09 5.9506e-09 4.51338e-09 3.27908e-09 2.29349e-09 1.5526e-09 1.02155e-09 6.5471e-10 4.09017e-10 2.49263e-10 1.48516e-10 8.69124e-11 5.03075e-11 2.90698e-11 1.69565e-11 1.01119e-11 6.24826e-12 4.04384e-12 2.74514e-12 1.92468e-12 1.33344e-12 8.28342e-13 
4.25153e-12 7.18932e-12 1.09596e-11 1.62434e-11 2.39856e-11 3.55797e-11 5.31536e-11 7.99796e-11 1.21045e-10 1.83799e-10 2.79047e-10 4.21866e-10 6.32277e-10 9.35226e-10 1.35925e-09 1.93299e-09 2.67898e-09 3.60438e-09 4.68993e-09 5.87995e-09 7.07825e-09 8.15505e-09 8.96772e-09 9.39267e-09 9.35807e-09 8.86429e-09 7.98354e-09 6.84036e-09 5.58157e-09 4.34547e-09 3.23771e-09 2.31867e-09 1.60417e-09 1.07721e-09 7.04218e-10 4.48672e-10 2.7862e-10 1.6876e-10 9.99569e-11 5.81838e-11 3.35288e-11 1.93089e-11 1.12392e-11 6.69747e-12 4.1421e-12 2.68303e-12 1.81798e-12 1.25922e-12 8.35493e-13 4.73211e-13 
2.41315e-12 4.5521e-12 7.24192e-12 1.0911e-11 1.62434e-11 2.42285e-11 3.63604e-11 5.4933e-11 8.34443e-11 1.27143e-10 1.93691e-10 2.93864e-10 4.42132e-10 6.56805e-10 9.59313e-10 1.37207e-09 1.91441e-09 2.59645e-09 3.41131e-09 4.32747e-09 5.28389e-09 6.19155e-09 6.94399e-09 7.43702e-09 7.59311e-09 7.38246e-09 6.83209e-09 6.01925e-09 5.0522e-09 4.04564e-09 3.09812e-09 2.27692e-09 1.61326e-09 1.10721e-09 7.38854e-10 4.80323e-10 3.04289e-10 1.87841e-10 1.13109e-10 6.66396e-11 3.86239e-11 2.21899e-11 1.27581e-11 7.42407e-12 4.42991e-12 2.74514e-12 1.78048e-12 1.20129e-12 8.1404e-13 5.04134e-13 
2.74057e-12 4.69213e-12 7.25149e-12 1.0911e-11 1.63731e-11 2.46814e-11 3.74301e-11 5.70506e-11 8.72026e-11 1.33249e-10 2.02786e-10 3.06098e-10 4.56356e-10 6.69233e-10 9.61594e-10 1.34888e-09 1.84104e-09 2.4373e-09 3.12062e-09 3.85365e-09 4.57814e-09 5.21981e-09 5.69959e-09 5.94933e-09 5.9282e-09 5.63401e-09 5.10501e-09 4.41114e-09 3.63791e-09 2.86836e-09 2.16802e-09 1.57675e-09 1.10821e-09 7.5581e-10 5.0159e-10 3.24262e-10 2.04198e-10 1.25282e-10 7.50084e-11 4.39855e-11 2.54118e-11 1.45774e-11 8.38258e-12 4.88673e-12 2.92414e-12 1.81798e-12 1.18053e-12 7.89996e-13 5.15507e-13 2.94077e-13 
1.5428e-12 2.94557e-12 4.74654e-12 7.25149e-12 1.09596e-11 1.65992e-11 2.52678e-11 3.86384e-11 5.92372e-11 9.07785e-11 1.3855e-10 2.09769e-10 3.1376e-10 4.61771e-10 6.66166e-10 9.38746e-10 1.28808e-09 1.71598e-09 2.21376e-09 2.75909e-09 3.31493e-09 3.83165e-09 4.25307e-09 4.52587e-09 4.61066e-09 4.49149e-09 4.18073e-09 3.71722e-09 3.15794e-09 2.56585e-09 1.99756e-09 1.49426e-09 1.07788e-09 7.52668e-10 5.10423e-10 3.36809e-10 2.16383e-10 1.35359e-10 8.25114e-11 4.9127e-11 2.86946e-11 1.65457e-11 9.4932e-12 5.47033e-12 3.20074e-12 1.92468e-12 1.20129e-12 7.80699e-13 5.13837e-13 3.15636e-13 
1.75282e-12 3.03522e-12 4.74654e-12 7.24192e-12 1.10259e-11 1.68484e-11 2.58472e-11 3.9744e-11 6.10804e-11 9.34944e-11 1.41984e-10 2.13062e-10 3.14681e-10 4.55738e-10 6.44996e-10 8.89347e-10 1.19147e-09 1.54728e-09 1.9437e-09 2.35762e-09 2.75676e-09 3.10284e-09 3.35703e-09 3.48683e-09 3.47285e-09 3.31365e-09 3.02691e-09 2.64644e-09 2.2153e-09 1.77729e-09 1.36915e-09 1.01547e-09 7.27415e-10 5.04832e-10 3.40251e-10 2.23004e-10 1.4221e-10 8.82905e-11 5.34531e-11 3.16587e-11 1.84356e-11 1.06241e-11 6.10769e-12 3.53393e-12 2.07968e-12 1.25922e-12 7.89996e-13 5.12167e-13 3.27713e-13 1.88794e-13 
9.68649e-13 1.86849e-12 3.03522e-12 4.69213e-12 7.18932e-12 1.10322e-11 1.6981e-11 2.61874e-11 4.03638e-11 6.19707e-11 9.44154e-11 1.4218e-10 2.108e-10 3.06572e-10 4.35876e-10 6.04039e-10 8.13794e-10 1.06355e-09 1.34587e-09 1.64656e-09 1.94501e-09 2.21586e-09 2.43208e-09 2.56915e-09 2.6094e-09 2.54575e-09 2.38372e-09 2.1409e-09 1.84398e-09 1.52364e-09 1.20896e-09 9.22738e-10 6.79007e-10 4.82947e-10 3.32789e-10 2.22559e-10 1.44621e-10 9.13976e-11 5.62601e-11 3.38194e-11 1.99345e-11 1.15859e-11 6.68569e-12 3.85857e-12 2.24726e-12 1.33344e-12 8.1404e-13 5.13837e-13 3.31098e-13 2.02537e-13 
1.07853e-12 1.86849e-12 2.94557e-12 4.5521e-12 7.0182e-12 1.08396e-11 1.67649e-11 2.59155e-11 3.99147e-11 6.10267e-11 9.2264e-11 1.37399e-10 2.00803e-10 2.87027e-10 4.00082e-10 5.42433e-10 7.13837e-10 9.10276e-10 1.12329e-09 1.33997e-09 1.54391e-09 1.7169e-09 1.8414e-09 1.90326e-09 1.89426e-09 1.8139e-09 1.66988e-09 1.47711e-09 1.25517e-09 1.02488e-09 8.04766e-10 6.08527e-10 4.43868e-10 3.12901e-10 2.13553e-10 1.41326e-10 9.08204e-11 5.67742e-11 3.46127e-11 2.06561e-11 1.21263e-11 7.04544e-12 4.07845e-12 2.36964e-12 1.39295e-12 8.35493e-13 5.15507e-13 3.27713e-13 2.09605e-13 1.23407e-13 
5.65786e-13 1.07853e-12 1.75282e-12 2.74057e-12 4.25153e-12 6.59153e-12 1.02236e-11 1.58466e-11 2.44824e-11 3.75696e-11 5.70511e-11 8.53967e-11 1.25534e-10 1.8061e-10 2.53554e-10 3.46444e-10 4.59742e-10 5.91566e-10 7.37161e-10 8.88799e-10 1.0362e-09 1.16753e-09 1.27076e-09 1.33539e-09 1.35404e-09 1.32378e-09 1.24685e-09 1.13056e-09 9.86247e-10 8.2744e-10 6.6767e-10 5.18397e-10 3.87632e-10 2.79489e-10 1.94592e-10 1.31039e-10 8.55033e-11 5.41783e-11 3.34315e-11 2.0167e-11 1.1949e-11 6.99408e-12 4.06893e-12 2.3697e-12 1.39035e-12 8.28342e-13 5.04134e-13 3.15636e-13 2.02537e-13 1.28965e-13 
5.65786e-13 9.68649e-13 1.5428e-12 2.41315e-12 3.75664e-12 5.84063e-12 9.07131e-12 1.40502e-11 2.16368e-11 3.30108e-11 4.97136e-11 7.36241e-11 1.06853e-10 1.51504e-10 2.09294e-10 2.81082e-10 3.66346e-10 4.62785e-10 5.66116e-10 6.70207e-10 7.67559e-10 8.50097e-10 9.10165e-10 9.41588e-10 9.40614e-10 9.06619e-10 8.42367e-10 7.53741e-10 6.48942e-10 5.3723e-10 4.27501e-10 3.27018e-10 2.40609e-10 1.70459e-10 1.16462e-10 7.68971e-11 4.9201e-11 3.06083e-11 1.85901e-11 1.10796e-11 6.51679e-12 3.80717e-12 2.22468e-12 1.30744e-12 7.79517e-13 4.73211e-13 2.94077e-13 1.88794e-13 1.23407e-13 7.53975e-14 
