1 100 50
1.26858e-13 1.95474e-13 3.01524e-13 4.77311e-13 7.76321e-13 1.29093e-12 2.18379e-12 3.7326e-12 6.40723e-12 1.09735e-11 1.86287e-11 3.11407e-11 5.09596e-11 8.12239e-11 1.25578e-10 1.87711e-10 2.70579e-10 3.75402e-10 5.00655e-10 6.41392e-10 7.89246e-10 9.33232e-10 1.06125e-09 1.16192e-09 1.22627e-09 1.24895e-09 1.22878e-09 1.16868e-09 1.07501e-09 9.56624e-10 8.2361e-10 6.86105e-10 5.53138e-10 4.31768e-10 3.26598e-10 2.39721e-10 1.71064e-10 1.18969e-10 8.08795e-11 5.39342e-11 3.5414e-11 2.29865e-11 1.48075e-11 9.49989e-12 6.08654e-12 3.89896e-12 2.49369e-12 1.57991e-12 9.67976e-13 5.11515e-13 
1.26858e-13 2.09714e-13 3.24904e-13 5.10984e-13 8.27761e-13 1.3758e-12 2.33055e-12 3.9955e-12 6.88046e-12 1.18276e-11 2.01673e-11 3.38925e-11 5.58299e-11 8.97275e-11 1.40195e-10 2.12383e-10 3.11279e-10 4.40581e-10 6.01217e-10 7.8988e-10 9.98093e-10 1.21235e-09 1.41556e-09 1.58954e-09 1.71797e-09 1.78891e-09 1.79648e-09 1.74139e-09 1.63041e-09 1.47509e-09 1.28998e-09 1.09063e-09 8.9168e-10 7.05312e-10 5.40183e-10 4.01081e-10 2.8922e-10 2.03018e-10 1.39126e-10 9.33911e-11 6.16396e-11 4.01631e-11 2.59404e-11 1.66714e-11 1.06981e-11 6.87027e-12 4.41602e-12 2.83019e-12 1.78391e-12 1.03628e-12 
2.09714e-13 3.38815e-13 5.27181e-13 8.41035e-13 1.38349e-12 2.33509e-12 4.00564e-12 6.92503e-12 1.19773e-11 2.0586e-11 3.49291e-11 5.81705e-11 9.46516e-11 1.4998e-10 2.30937e-10 3.45001e-10 4.9929e-10 6.98714e-10 9.43536e-10 1.227e-09 1.53404e-09 1.84205e-09 2.12373e-09 2.35159e-09 2.50274e-09 2.56261e-09 2.52701e-09 2.40206e-09 2.20259e-09 1.94942e-09 1.66608e-09 1.37567e-09 1.09807e-09 8.48081e-10 6.34602e-10 4.60895e-10 3.25641e-10 2.24463e-10 1.51447e-10 1.00394e-10 6.56519e-11 4.2529e-11 2.74003e-11 1.76225e-11 1.13467e-11 7.3235e-12 4.73133e-12 3.03406e-12 1.86528e-12 9.67976e-13 
1.95474e-13 3.38815e-13 5.30935e-13 8.28517e-13 1.33424e-12 2.2225e-12 3.79274e-12 6.56211e-12 1.1411e-11 1.97848e-11 3.39518e-11 5.72996e-11 9.46163e-11 1.52326e-10 2.38635e-10 3.63442e-10 5.37681e-10 7.71566e-10 1.07143e-09 1.4356e-09 1.85076e-09 2.29061e-09 2.71809e-09 3.09098e-09 3.3696e-09 3.52415e-09 3.53981e-09 3.41849e-09 3.17737e-09 2.84493e-09 2.45581e-09 2.0454e-09 1.64516e-09 1.27929e-09 9.63167e-10 7.03434e-10 4.99531e-10 3.45908e-10 2.3435e-10 1.55918e-10 1.02287e-10 6.64459e-11 4.29172e-11 2.76677e-11 1.786e-11 1.15677e-11 7.51745e-12 4.87919e-12 3.09925e-12 1.78391e-12 
3.24904e-13 5.30935e-13 8.15804e-13 1.27514e-12 2.07269e-12 3.48422e-12 5.99401e-12 1.04373e-11 1.82177e-11 3.16065e-11 5.4099e-11 9.0794e-11 1.48754e-10 2.37346e-10 3.68531e-10 5.56844e-10 8.18324e-10 1.16741e-09 1.61141e-09 2.14386e-09 2.7395e-09 3.35362e-09 3.9274e-09 4.39811e-09 4.71148e-09 4.83235e-09 4.75087e-09 4.4827e-09 4.06435e-09 3.54516e-09 2.97839e-09 2.41304e-09 1.88801e-09 1.42903e-09 1.04854e-09 7.47678e-10 5.19652e-10 3.53222e-10 2.35704e-10 1.55043e-10 1.00963e-10 6.53648e-11 4.2238e-11 2.73341e-11 1.77602e-11 1.15952e-11 7.58902e-12 4.92165e-12 3.03406e-12 1.57991e-12 
3.01524e-13 5.27181e-13 8.15804e-13 1.23881e-12 1.9429e-12 3.17847e-12 5.38272e-12 9.31644e-12 1.62909e-11 2.84911e-11 4.93969e-11 8.42675e-11 1.40628e-10 2.28772e-10 3.62299e-10 5.5869e-10 8.39315e-10 1.22741e-09 1.74242e-09 2.39071e-09 3.15561e-09 3.99132e-09 4.82469e-09 5.56601e-09 6.12631e-09 6.43615e-09 6.46024e-09 6.20333e-09 5.70668e-09 5.03714e-09 4.27277e-09 3.48883e-09 2.74713e-09 2.09024e-09 1.54044e-09 1.10255e-09 7.68775e-10 5.24041e-10 3.50571e-10 2.31127e-10 1.50831e-10 9.78555e-11 6.33732e-11 4.11137e-11 2.67902e-11 1.75607e-11 1.1568e-11 7.60724e-12 4.87919e-12 2.83019e-12 
5.10984e-13 8.28517e-13 1.23881e-12 1.86984e-12 2.9428e-12 4.84226e-12 8.24233e-12 1.43263e-11 2.51142e-11 4.39421e-11 7.60477e-11 1.29218e-10 2.14446e-10 3.4665e-10 5.45583e-10 8.3682e-10 1.25149e-09 1.82219e-09 2.57294e-09 3.50454e-09 4.5808e-09 5.72285e-09 6.81604e-09 7.72956e-09 8.34403e-09 8.57857e-09 8.40885e-09 7.87014e-09 7.04556e-09 6.04482e-09 4.98079e-09 3.95041e-09 3.02327e-09 2.23854e-09 1.60841e-09 1.12512e-09 7.6905e-10 5.15694e-10 3.40706e-10 2.22778e-10 1.44817e-10 9.39849e-11 6.11189e-11 3.99393e-11 2.62728e-11 1.73976e-11 1.15522e-11 7.58902e-12 4.73133e-12 2.49369e-12 
4.77311e-13 8.41035e-13 1.27514e-12 1.86984e-12 2.8161e-12 4.44633e-12 7.34802e-12 1.25532e-11 2.18685e-11 3.83681e-11 6.70702e-11 1.1575e-10 1.95816e-10 3.23212e-10 5.19505e-10 8.1338e-10 1.242e-09 1.84966e-09 2.67967e-09 3.75748e-09 5.06913e-09 6.54448e-09 8.05474e-09 9.42864e-09 1.04855e-08 1.10762e-08 1.11198e-08 1.06227e-08 9.67324e-09 8.41516e-09 7.01126e-09 5.60998e-09 4.3234e-09 3.21908e-09 2.32335e-09 1.63123e-09 1.11839e-09 7.5187e-10 4.97842e-10 3.26177e-10 2.1245e-10 1.38168e-10 9.00679e-11 5.90257e-11 3.89624e-11 2.5917e-11 1.73359e-11 1.1568e-11 7.51745e-12 4.41602e-12 
8.27761e-13 1.33424e-12 1.9429e-12 2.8161e-12 4.239e-12 6.71303e-12 1.11259e-11 1.9041e-11 3.31902e-11 5.81879e-11 1.01487e-10 1.74508e-10 2.93813e-10 4.82398e-10 7.71352e-10 1.20209e-09 1.82766e-09 2.70858e-09 3.89758e-09 5.41315e-09 7.21073e-09 9.16588e-09 1.10801e-08 1.2712e-08 1.38285e-08 1.42616e-08 1.39531e-08 1.29689e-08 1.14763e-08 9.69534e-09 7.84435e-09 6.09906e-09 4.57332e-09 3.31953e-09 2.34142e-09 1.6114e-09 1.08673e-09 7.21486e-10 4.73812e-10 3.09289e-10 2.01606e-10 1.31758e-10 8.66043e-11 5.73687e-11 3.83261e-11 2.57921e-11 1.73976e-11 1.15952e-11 7.3235e-12 3.89896e-12 
7.76321e-13 1.38349e-12 2.07269e-12 2.9428e-12 4.239e-12 6.38559e-12 1.01345e-11 1.68172e-11 2.8781e-11 5.01095e-11 8.76452e-11 1.52337e-10 2.60773e-10 4.36805e-10 7.13389e-10 1.13504e-09 1.76069e-09 2.66361e-09 3.92116e-09 5.58838e-09 7.65982e-09 1.00361e-08 1.25138e-08 1.4807e-08 1.66007e-08 1.76211e-08 1.77075e-08 1.68586e-08 1.5232e-08 1.3095e-08 1.07477e-08 8.4536e-09 6.39802e-09 4.67896e-09 3.32055e-09 2.2968e-09 1.55547e-09 1.03631e-09 6.82617e-10 4.46806e-10 2.92026e-10 1.91399e-10 1.26218e-10 8.39259e-11 5.63155e-11 3.8106e-11 2.5917e-11 1.75607e-11 1.15677e-11 6.87027e-12 
1.3758e-12 2.2225e-12 3.17847e-12 4.44633e-12 6.38559e-12 9.62925e-12 1.5298e-11 2.53721e-11 4.33439e-11 7.52413e-11 1.31099e-10 2.26803e-10 3.86193e-10 6.4329e-10 1.04489e-09 1.65385e-09 2.55172e-09 3.83432e-09 5.59022e-09 7.85894e-09 1.05823e-08 1.35746e-08 1.6531e-08 1.90759e-08 2.08385e-08 2.1539e-08 2.10651e-08 1.95081e-08 1.71397e-08 1.43299e-08 1.14452e-08 8.77119e-09 6.48021e-09 4.63744e-09 3.22994e-09 2.20004e-09 1.47283e-09 9.74138e-10 6.39925e-10 4.19663e-10 2.76002e-10 1.82692e-10 1.21988e-10 8.22438e-11 5.59547e-11 3.83261e-11 2.62728e-11 1.77602e-11 1.13467e-11 6.08654e-12 
1.29093e-12 2.33509e-12 3.48422e-12 4.84226e-12 6.71303e-12 9.62925e-12 1.45305e-11 2.30765e-11 3.81864e-11 6.49913e-11 1.12292e-10 1.94601e-10 3.3468e-10 5.66361e-10 9.37566e-10 1.51373e-09 2.38145e-09 3.64832e-09 5.42872e-09 7.80448e-09 1.07659e-08 1.41609e-08 1.7687e-08 2.09359e-08 2.34733e-08 2.49263e-08 2.50643e-08 2.38626e-08 2.15218e-08 1.84223e-08 1.50154e-08 1.17044e-08 8.76942e-09 6.34866e-09 4.46439e-09 3.0653e-09 2.0659e-09 1.37418e-09 9.07163e-10 5.97573e-10 3.9471e-10 2.62441e-10 1.7609e-10 1.19349e-10 8.16706e-11 5.63155e-11 3.89624e-11 2.67902e-11 1.786e-11 1.06981e-11 
2.33055e-12 3.79274e-12 5.38272e-12 7.34802e-12 1.01345e-11 1.45305e-11 2.19275e-11 3.47531e-11 5.72742e-11 9.69306e-11 1.6639e-10 2.86336e-10 4.88881e-10 8.21297e-10 1.34989e-09 2.16396e-09 3.37777e-09 5.12252e-09 7.51391e-09 1.05896e-08 1.42389e-08 1.81723e-08 2.19631e-08 2.51447e-08 2.7308e-08 2.81627e-08 2.75763e-08 2.56173e-08 2.25713e-08 1.88899e-08 1.50668e-08 1.15093e-08 8.46728e-09 6.03423e-09 4.18954e-09 2.85007e-09 1.91076e-09 1.26992e-09 8.41543e-10 5.58967e-10 3.73718e-10 2.52206e-10 1.71986e-10 1.18453e-10 8.22438e-11 5.73687e-11 3.99393e-11 2.73341e-11 1.76225e-11 9.49989e-12 
2.18379e-12 4.00564e-12 5.99401e-12 8.24233e-12 1.11259e-11 1.5298e-11 2.19275e-11 3.30497e-11 5.2192e-11 8.54988e-11 1.43608e-10 2.44444e-10 4.16969e-10 7.05641e-10 1.17515e-09 1.91488e-09 3.04189e-09 4.69667e-09 7.01832e-09 1.00851e-08 1.38302e-08 1.79831e-08 2.20976e-08 2.56754e-08 2.83083e-08 2.97396e-08 2.98329e-08 2.85502e-08 2.60008e-08 2.24919e-08 1.84945e-08 1.45068e-08 1.09135e-08 7.92329e-09 5.58666e-09 3.84978e-09 2.6091e-09 1.75011e-09 1.16911e-09 7.8224e-10 5.26672e-10 3.57935e-10 2.45858e-10 1.70594e-10 1.19349e-10 8.39259e-11 5.90257e-11 4.11137e-11 2.76677e-11 1.66714e-11 
3.9955e-12 6.56211e-12 9.31644e-12 1.25532e-11 1.68172e-11 2.30765e-11 3.30497e-11 4.96889e-11 7.8048e-11 1.26847e-10 2.11014e-10 3.55405e-10 5.99687e-10 1.00394e-09 1.65417e-09 2.66623e-09 4.1839e-09 6.36007e-09 9.30407e-09 1.29922e-08 1.71823e-08 2.14112e-08 2.51287e-08 2.79067e-08 2.95633e-08 3.0096e-08 2.95143e-08 2.77895e-08 2.49786e-08 2.13474e-08 1.73474e-08 1.34554e-08 1.00222e-08 7.21835e-09 5.06274e-09 3.48217e-09 2.36508e-09 1.59705e-09 1.07889e-09 7.32941e-10 5.02485e-10 3.4817e-10 2.4371e-10 1.71986e-10 1.21988e-10 8.66043e-11 6.11189e-11 4.2238e-11 2.74003e-11 1.48075e-11 
3.7326e-12 6.92503e-12 1.04373e-11 1.43263e-11 1.9041e-11 2.53721e-11 3.47531e-11 4.96889e-11 7.44058e-11 1.16038e-10 1.86717e-10 3.06918e-10 5.10244e-10 8.49514e-10 1.40335e-09 2.28156e-09 3.62538e-09 5.59324e-09 8.31577e-09 1.18087e-08 1.58697e-08 2.00392e-08 2.3713e-08 2.63938e-08 2.79205e-08 2.84634e-08 2.82584e-08 2.73366e-08 2.55505e-08 2.28409e-08 1.94105e-08 1.56773e-08 1.20881e-08 8.96071e-09 6.43645e-09 4.51575e-09 3.11877e-09 2.13635e-09 1.46154e-09 1.00441e-09 6.96178e-10 4.87554e-10 3.44867e-10 2.45858e-10 1.7609e-10 1.26218e-10 9.00679e-11 6.33732e-11 4.29172e-11 2.59404e-11 
6.88046e-12 1.1411e-11 1.62909e-11 2.18685e-11 2.8781e-11 3.81864e-11 5.2192e-11 7.44058e-11 1.10792e-10 1.71216e-10 2.7214e-10 4.40835e-10 7.2127e-10 1.18124e-09 1.91924e-09 3.06738e-09 4.78176e-09 7.20517e-09 1.0387e-08 1.41739e-08 1.81399e-08 2.16594e-08 2.41552e-08 2.5399e-08 2.56339e-08 2.53529e-08 2.48531e-08 2.40003e-08 2.24629e-08 2.00916e-08 1.70565e-08 1.37494e-08 1.05843e-08 7.84542e-09 5.65009e-09 3.98888e-09 2.78418e-09 1.93631e-09 1.35058e-09 9.49151e-10 6.73548e-10 4.82511e-10 3.4817e-10 2.52206e-10 1.82692e-10 1.31758e-10 9.39849e-11 6.53648e-11 4.2529e-11 2.29865e-11 
6.40723e-12 1.19773e-11 1.82177e-11 2.51142e-11 3.31902e-11 4.33439e-11 5.72742e-11 7.8048e-11 1.10792e-10 1.63751e-10 2.50204e-10 3.91764e-10 6.23398e-10 1.0002e-09 1.60503e-09 2.55406e-09 3.99251e-09 6.06614e-09 8.85135e-09 1.22478e-08 1.58903e-08 1.91808e-08 2.15012e-08 2.25278e-08 2.24469e-08 2.18692e-08 2.13776e-08 2.10482e-08 2.04816e-08 1.92527e-08 1.72376e-08 1.46271e-08 1.17892e-08 9.08914e-09 6.76657e-09 4.91316e-09 3.51301e-09 2.49538e-09 1.77392e-09 1.2687e-09 9.15239e-10 6.65914e-10 4.87554e-10 3.57935e-10 2.62441e-10 1.91399e-10 1.38168e-10 9.78555e-11 6.64459e-11 4.01631e-11 
1.18276e-11 1.97848e-11 2.84911e-11 3.83681e-11 5.01095e-11 6.49913e-11 8.54988e-11 1.16038e-10 1.63751e-10 2.39723e-10 3.6119e-10 5.55291e-10 8.64598e-10 1.35426e-09 2.11911e-09 3.28478e-09 4.98971e-09 7.32897e-09 1.02557e-08 1.34834e-08 1.64845e-08 1.86576e-08 1.96169e-08 1.94447e-08 1.87122e-08 1.81317e-08 1.79884e-08 1.79608e-08 1.75336e-08 1.64098e-08 1.46043e-08 1.23439e-08 9.94566e-09 7.69888e-09 5.7836e-09 4.26062e-09 3.10784e-09 2.26309e-09 1.6548e-09 1.21862e-09 9.03816e-10 6.73548e-10 5.02485e-10 3.73718e-10 2.76002e-10 2.01606e-10 1.44817e-10 1.00963e-10 6.56519e-11 3.5414e-11 
1.09735e-11 2.0586e-11 3.16065e-11 4.39421e-11 5.81879e-11 7.52413e-11 9.69306e-11 1.26847e-10 1.71216e-10 2.39723e-10 3.46699e-10 5.13409e-10 7.7186e-10 1.17029e-09 1.77991e-09 2.69989e-09 4.05026e-09 5.9335e-09 8.35168e-09 1.11072e-08 1.37727e-08 1.58116e-08 1.68292e-08 1.68217e-08 1.62528e-08 1.57972e-08 1.58031e-08 1.60226e-08 1.59627e-08 1.53133e-08 1.40407e-08 1.22958e-08 1.03018e-08 8.29351e-09 6.46571e-09 4.92971e-09 3.71239e-09 2.78488e-09 2.09369e-09 1.58221e-09 1.20178e-09 9.15239e-10 6.96178e-10 5.26672e-10 3.9471e-10 2.92026e-10 2.1245e-10 1.50831e-10 1.02287e-10 6.16396e-11 
2.01673e-11 3.39518e-11 4.93969e-11 6.70702e-11 8.76452e-11 1.12292e-10 1.43608e-10 1.86717e-10 2.50204e-10 3.46699e-10 4.93725e-10 7.15621e-10 1.04682e-09 1.53663e-09 2.25496e-09 3.29397e-09 4.7494e-09 6.66095e-09 8.92049e-09 1.12191e-08 1.31206e-08 1.42653e-08 1.45978e-08 1.4457e-08 1.43768e-08 1.46364e-08 1.50186e-08 1.50923e-08 1.45909e-08 1.35102e-08 1.20066e-08 1.02809e-08 8.5154e-09 6.85785e-09 5.41124e-09 4.22038e-09 3.27879e-09 2.55059e-09 1.9908e-09 1.55784e-09 1.21862e-09 9.49151e-10 7.32941e-10 5.58967e-10 4.19663e-10 3.09289e-10 2.22778e-10 1.55043e-10 1.00394e-10 5.39342e-11 
1.86287e-11 3.49291e-11 5.4099e-11 7.60477e-11 1.01487e-10 1.31099e-10 1.6639e-10 2.11014e-10 2.7214e-10 3.6119e-10 4.93725e-10 6.89422e-10 9.73059e-10 1.37667e-09 1.9435e-09 2.73343e-09 3.82138e-09 5.26632e-09 7.03832e-09 8.95199e-09 1.06949e-08 1.19779e-08 1.27218e-08 1.31333e-08 1.35452e-08 1.40984e-08 1.46027e-08 1.47259e-08 1.42621e-08 1.32273e-08 1.17889e-08 1.01522e-08 8.50062e-09 6.96927e-09 5.63907e-09 4.54073e-09 3.66191e-09 2.96529e-09 2.40864e-09 1.95631e-09 1.58221e-09 1.2687e-09 1.00441e-09 7.8224e-10 5.97573e-10 4.46806e-10 3.26177e-10 2.31127e-10 1.55918e-10 9.33911e-11 
3.38925e-11 5.72996e-11 8.42675e-11 1.1575e-10 1.52337e-10 1.94601e-10 2.44444e-10 3.06918e-10 3.91764e-10 5.13409e-10 6.89422e-10 9.39018e-10 1.28264e-09 1.7432e-09 2.35097e-09 3.15151e-09 4.20151e-09 5.52574e-09 7.05132e-09 8.5983e-09 9.97265e-09 1.10971e-08 1.2052e-08 1.29521e-08 1.37765e-08 1.43496e-08 1.44617e-08 1.39961e-08 1.29922e-08 1.16061e-08 1.00243e-08 8.41532e-09 6.92176e-09 5.64577e-09 4.62984e-09 3.85422e-09 3.25791e-09 2.77546e-09 2.36109e-09 1.9908e-09 1.6548e-09 1.35058e-09 1.07889e-09 8.41543e-10 6.39925e-10 4.73812e-10 3.40706e-10 2.35704e-10 1.51447e-10 8.08795e-11 
3.11407e-11 5.81705e-11 9.0794e-11 1.29218e-10 1.74508e-10 2.26803e-10 2.86336e-10 3.55405e-10 4.40835e-10 5.55291e-10 7.15621e-10 9.39018e-10 1.23968e-09 1.62751e-09 2.11079e-09 2.70626e-09 3.45193e-09 4.39626e-09 5.55158e-09 6.86063e-09 8.23477e-09 9.62182e-09 1.10066e-08 1.2323e-08 1.33957e-08 1.40225e-08 1.40846e-08 1.35751e-08 1.25846e-08 1.12686e-08 9.78394e-09 8.26009e-09 6.80815e-09 5.53675e-09 4.53336e-09 3.82501e-09 3.35381e-09 3.01248e-09 2.71186e-09 2.40864e-09 2.09369e-09 1.77392e-09 1.46154e-09 1.16911e-09 9.07163e-10 6.82617e-10 4.97842e-10 3.50571e-10 2.3435e-10 1.39126e-10 
5.58299e-11 9.46163e-11 1.40628e-10 1.95816e-10 2.60773e-10 3.3468e-10 4.16969e-10 5.10244e-10 6.23398e-10 7.7186e-10 9.73059e-10 1.23968e-09 1.57526e-09 1.97473e-09 2.43343e-09 2.96554e-09 3.61593e-09 4.4437e-09 5.48689e-09 6.75483e-09 8.23877e-09 9.87589e-09 1.14897e-08 1.27939e-08 1.35175e-08 1.35592e-08 1.29943e-08 1.19874e-08 1.07191e-08 9.33723e-09 7.93858e-09 6.59156e-09 5.36562e-09 4.34862e-09 3.62835e-09 3.22791e-09 3.04672e-09 2.93001e-09 2.77546e-09 2.55059e-09 2.26309e-09 1.93631e-09 1.59705e-09 1.26992e-09 9.74138e-10 7.21486e-10 5.15694e-10 3.53222e-10 2.24463e-10 1.18969e-10 
5.09596e-11 9.46516e-11 1.48754e-10 2.14446e-10 2.93813e-10 3.86193e-10 4.88881e-10 5.99687e-10 7.2127e-10 8.64598e-10 1.04682e-09 1.28264e-09 1.57526e-09 1.91406e-09 2.28206e-09 2.674e-09 3.11688e-09 3.67944e-09 4.45613e-09 5.53306e-09 6.95126e-09 8.64858e-09 1.04107e-08 1.19045e-08 1.27967e-08 1.29276e-08 1.23804e-08 1.13702e-08 1.01161e-08 8.78033e-09 7.4633e-09 6.22207e-09 5.0923e-09 4.11483e-09 3.3633e-09 2.93905e-09 2.85388e-09 2.94276e-09 3.01248e-09 2.96529e-09 2.78488e-09 2.49538e-09 2.13635e-09 1.75011e-09 1.37418e-09 1.03631e-09 7.5187e-10 5.24041e-10 3.45908e-10 2.03018e-10 
8.97275e-11 1.52326e-10 2.28772e-10 3.23212e-10 4.36805e-10 5.66361e-10 7.05641e-10 8.49514e-10 1.0002e-09 1.17029e-09 1.37667e-09 1.62751e-09 1.91406e-09 2.21552e-09 2.51525e-09 2.82057e-09 3.18555e-09 3.72149e-09 4.56387e-09 5.79962e-09 7.39535e-09 9.15855e-09 1.07685e-08 1.18783e-08 1.2255e-08 1.19003e-08 1.10028e-08 9.78477e-09 8.42399e-09 7.05922e-09 5.80008e-09 4.70948e-09 3.79873e-09 3.07104e-09 2.59434e-09 2.49345e-09 2.72534e-09 3.04672e-09 3.25791e-09 3.27879e-09 3.10784e-09 2.78418e-09 2.36508e-09 1.91076e-09 1.47283e-09 1.08673e-09 7.6905e-10 5.19652e-10 3.25641e-10 1.71064e-10 
8.12239e-11 1.4998e-10 2.37346e-10 3.4665e-10 4.82398e-10 6.4329e-10 8.21297e-10 1.00394e-09 1.18124e-09 1.35426e-09 1.53663e-09 1.7432e-09 1.97473e-09 2.21552e-09 2.44641e-09 2.66016e-09 2.8859e-09 3.2215e-09 3.8238e-09 4.82043e-09 6.21555e-09 7.86785e-09 9.51743e-09 1.08546e-08 1.16165e-08 1.16851e-08 1.11199e-08 1.00643e-08 8.67276e-09 7.12474e-09 5.63118e-09 4.37166e-09 3.4171e-09 2.72513e-09 2.24834e-09 2.07986e-09 2.33645e-09 2.85388e-09 3.35381e-09 3.66191e-09 3.71239e-09 3.51301e-09 3.11877e-09 2.6091e-09 2.0659e-09 1.55547e-09 1.11839e-09 7.68775e-10 4.99531e-10 2.8922e-10 
1.40195e-10 2.38635e-10 3.62299e-10 5.19505e-10 7.13389e-10 9.37566e-10 1.17515e-09 1.40335e-09 1.60503e-09 1.77991e-09 1.9435e-09 2.11079e-09 2.28206e-09 2.44641e-09 2.59088e-09 2.71944e-09 2.89747e-09 3.27685e-09 4.02153e-09 5.18095e-09 6.66826e-09 8.30744e-09 9.86562e-09 1.10921e-08 1.17696e-08 1.17667e-08 1.10598e-08 9.72759e-09 7.96695e-09 6.08237e-09 4.3981e-09 3.14057e-09 2.34565e-09 1.88216e-09 1.68474e-09 1.8926e-09 2.49345e-09 3.22791e-09 3.85422e-09 4.22038e-09 4.26062e-09 3.98888e-09 3.48217e-09 2.85007e-09 2.20004e-09 1.6114e-09 1.12512e-09 7.47678e-10 4.60895e-10 2.39721e-10 
1.25578e-10 2.30937e-10 3.68531e-10 5.45583e-10 7.71352e-10 1.04489e-09 1.34989e-09 1.65417e-09 1.91924e-09 2.11911e-09 2.25496e-09 2.35097e-09 2.43343e-09 2.51525e-09 2.59088e-09 2.64606e-09 2.70518e-09 2.88903e-09 3.38732e-09 4.30952e-09 5.62394e-09 7.23297e-09 8.99853e-09 1.07064e-08 1.20623e-08 1.27528e-08 1.2548e-08 1.14058e-08 9.51317e-09 7.24327e-09 5.03307e-09 3.24931e-09 2.08877e-09 1.50632e-09 1.30016e-09 1.47294e-09 2.07986e-09 2.93905e-09 3.82501e-09 4.54073e-09 4.92971e-09 4.91316e-09 4.51575e-09 3.84978e-09 3.0653e-09 2.2968e-09 1.63123e-09 1.10255e-09 7.03434e-10 4.01081e-10 
2.12383e-10 3.63442e-10 5.5869e-10 8.1338e-10 1.13504e-09 1.51373e-09 1.91488e-09 2.28156e-09 2.55406e-09 2.69989e-09 2.73343e-09 2.70626e-09 2.674e-09 2.66016e-09 2.64606e-09 2.61612e-09 2.63868e-09 2.90049e-09 3.58341e-09 4.72231e-09 6.28036e-09 8.20481e-09 1.03357e-08 1.23308e-08 1.37294e-08 1.41169e-08 1.32998e-08 1.14116e-08 8.86458e-09 6.18737e-09 3.8551e-09 2.17621e-09 1.24701e-09 9.27822e-10 1.07562e-09 1.68474e-09 2.59434e-09 3.62835e-09 4.62984e-09 5.41124e-09 5.7836e-09 5.65009e-09 5.06274e-09 4.18954e-09 3.22994e-09 2.34142e-09 1.60841e-09 1.04854e-09 6.34602e-10 3.26598e-10 
1.87711e-10 3.45001e-10 5.56844e-10 8.3682e-10 1.20209e-09 1.65385e-09 2.16396e-09 2.66623e-09 3.06738e-09 3.28478e-09 3.29397e-09 3.15151e-09 2.96554e-09 2.82057e-09 2.71944e-09 2.61612e-09 2.5154e-09 2.56039e-09 2.98759e-09 3.92345e-09 5.37417e-09 7.34517e-09 9.74427e-09 1.22362e-08 1.42738e-08 1.52917e-08 1.49403e-08 1.32415e-08 1.05917e-08 7.58151e-09 4.788e-09 2.6238e-09 1.26998e-09 6.71908e-10 6.99363e-10 1.30016e-09 2.24834e-09 3.3633e-09 4.53336e-09 5.63907e-09 6.46571e-09 6.76657e-09 6.43645e-09 5.58666e-09 4.46439e-09 3.32055e-09 2.32335e-09 1.54044e-09 9.63167e-10 5.40183e-10 
3.11279e-10 5.37681e-10 8.39315e-10 1.242e-09 1.76069e-09 2.38145e-09 3.04189e-09 3.62538e-09 3.99251e-09 4.05026e-09 3.82138e-09 3.45193e-09 3.11688e-09 2.8859e-09 2.70518e-09 2.5154e-09 2.38223e-09 2.53979e-09 3.21716e-09 4.47217e-09 6.3274e-09 8.75727e-09 1.14934e-08 1.3991e-08 1.5603e-08 1.58344e-08 1.45531e-08 1.20541e-08 8.92546e-09 5.81722e-09 3.25327e-09 1.52621e-09 6.58125e-10 4.46969e-10 9.27822e-10 1.88216e-09 3.07104e-09 4.34862e-09 5.64577e-09 6.85785e-09 7.69888e-09 7.84542e-09 7.21835e-09 6.03423e-09 4.63744e-09 3.31953e-09 2.23854e-09 1.42903e-09 8.48081e-10 4.31768e-10 
2.70579e-10 4.9929e-10 8.18324e-10 1.25149e-09 1.82766e-09 2.55172e-09 3.37777e-09 4.1839e-09 4.78176e-09 4.98971e-09 4.7494e-09 4.20151e-09 3.61593e-09 3.18555e-09 2.89747e-09 2.63868e-09 2.38223e-09 2.29045e-09 2.65057e-09 3.61008e-09 5.18938e-09 7.395e-09 1.00559e-08 1.27122e-08 1.47356e-08 1.55578e-08 1.4889e-08 1.2846e-08 9.90992e-09 6.73046e-09 3.91178e-09 1.86715e-09 7.61031e-10 4.405e-10 6.71908e-10 1.50632e-09 2.72513e-09 4.11483e-09 5.53675e-09 6.96927e-09 8.29351e-09 9.08914e-09 8.96071e-09 7.92329e-09 6.34866e-09 4.67896e-09 3.21908e-09 2.09024e-09 1.27929e-09 7.05312e-10 
4.40581e-10 7.71566e-10 1.22741e-09 1.84966e-09 2.66361e-09 3.64832e-09 4.69667e-09 5.59324e-09 6.06614e-09 5.9335e-09 5.26632e-09 4.39626e-09 3.67944e-09 3.2215e-09 2.88903e-09 2.56039e-09 2.29045e-09 2.31943e-09 2.89298e-09 4.0705e-09 5.8554e-09 8.15338e-09 1.06274e-08 1.27501e-08 1.39842e-08 1.39588e-08 1.2604e-08 1.0198e-08 7.28081e-09 4.46014e-09 2.23272e-09 8.76795e-10 4.76935e-10 6.58125e-10 1.24701e-09 2.34565e-09 3.79873e-09 5.36562e-09 6.92176e-09 8.5154e-09 9.94566e-09 1.05843e-08 1.00222e-08 8.46728e-09 6.48021e-09 4.57332e-09 3.02327e-09 1.88801e-09 1.09807e-09 5.53138e-10 
3.75402e-10 6.98714e-10 1.16741e-09 1.82219e-09 2.70858e-09 3.83432e-09 5.12252e-09 6.36007e-09 7.20517e-09 7.32897e-09 6.66095e-09 5.52574e-09 4.4437e-09 3.72149e-09 3.27685e-09 2.90049e-09 2.53979e-09 2.31943e-09 2.46701e-09 3.15163e-09 4.39915e-09 6.15484e-09 8.18903e-09 1.0101e-08 1.14516e-08 1.18881e-08 1.12357e-08 9.56637e-09 7.21841e-09 4.70573e-09 2.54153e-09 1.07121e-09 4.72169e-10 7.61031e-10 1.26998e-09 2.08877e-09 3.4171e-09 5.0923e-09 6.80815e-09 8.50062e-09 1.03018e-08 1.17892e-08 1.20881e-08 1.09135e-08 8.76942e-09 6.39802e-09 4.3234e-09 2.74713e-09 1.64516e-09 8.9168e-10 
6.01217e-10 1.07143e-09 1.74242e-09 2.67967e-09 3.92116e-09 5.42872e-09 7.01832e-09 8.31577e-09 8.85135e-09 8.35168e-09 7.03832e-09 5.55158e-09 4.45613e-09 3.8238e-09 3.38732e-09 2.98759e-09 2.65057e-09 2.46701e-09 2.61634e-09 3.26104e-09 4.398e-09 5.87066e-09 7.38103e-09 8.5933e-09 9.22201e-09 9.0781e-09 8.11207e-09 6.46558e-09 4.48361e-09 2.62715e-09 1.28892e-09 6.26445e-10 8.76795e-10 1.52621e-09 2.17621e-09 3.14057e-09 4.70948e-09 6.59156e-09 8.41532e-09 1.02809e-08 1.23439e-08 1.37494e-08 1.34554e-08 1.15093e-08 8.77119e-09 6.09906e-09 3.95041e-09 2.41304e-09 1.37567e-09 6.86105e-10 
5.00655e-10 9.43536e-10 1.61141e-09 2.57294e-09 3.89758e-09 5.59022e-09 7.51391e-09 9.30407e-09 1.0387e-08 1.02557e-08 8.92049e-09 7.05132e-09 5.48689e-09 4.56387e-09 4.02153e-09 3.58341e-09 3.21716e-09 2.89298e-09 2.61634e-09 2.62437e-09 3.11076e-09 3.99497e-09 5.04202e-09 5.98361e-09 6.59566e-09 6.71572e-09 6.25396e-09 5.23107e-09 3.82605e-09 2.38517e-09 1.32717e-09 8.61918e-10 1.07121e-09 1.86715e-09 2.6238e-09 3.24931e-09 4.37166e-09 6.22207e-09 8.26009e-09 1.01522e-08 1.22958e-08 1.46271e-08 1.56773e-08 1.45068e-08 1.17044e-08 8.4536e-09 5.60998e-09 3.48883e-09 2.0454e-09 1.09063e-09 
7.8988e-10 1.4356e-09 2.39071e-09 3.75748e-09 5.58838e-09 7.80448e-09 1.00851e-08 1.18087e-08 1.22478e-08 1.11072e-08 8.95199e-09 6.86063e-09 5.53306e-09 4.82043e-09 4.30952e-09 3.92345e-09 3.61008e-09 3.15163e-09 2.62437e-09 2.42462e-09 2.71097e-09 3.29702e-09 3.93395e-09 4.42458e-09 4.631e-09 4.46149e-09 3.88316e-09 2.96266e-09 1.91308e-09 1.10949e-09 9.05532e-10 1.28892e-09 2.23272e-09 3.25327e-09 3.8551e-09 4.3981e-09 5.80008e-09 7.93858e-09 1.00243e-08 1.20066e-08 1.46043e-08 1.70565e-08 1.73474e-08 1.50668e-08 1.14452e-08 7.84435e-09 4.98079e-09 2.97839e-09 1.66608e-09 8.2361e-10 
6.41392e-10 1.227e-09 2.14386e-09 3.50454e-09 5.41315e-09 7.85894e-09 1.05896e-08 1.29922e-08 1.41739e-08 1.34834e-08 1.12191e-08 8.5983e-09 6.75483e-09 5.79962e-09 5.18095e-09 4.72231e-09 4.47217e-09 4.0705e-09 3.26104e-09 2.42462e-09 2.06026e-09 2.17803e-09 2.51099e-09 2.8439e-09 3.04069e-09 3.01368e-09 2.7124e-09 2.14302e-09 1.41124e-09 7.78661e-10 6.93533e-10 1.32717e-09 2.54153e-09 3.91178e-09 4.788e-09 5.03307e-09 5.63118e-09 7.4633e-09 9.78394e-09 1.17889e-08 1.40407e-08 1.72376e-08 1.94105e-08 1.84945e-08 1.50154e-08 1.07477e-08 7.01126e-09 4.27277e-09 2.45581e-09 1.28998e-09 
9.98093e-10 1.85076e-09 3.15561e-09 5.06913e-09 7.65982e-09 1.07659e-08 1.38302e-08 1.58697e-08 1.58903e-08 1.37727e-08 1.06949e-08 8.23477e-09 6.95126e-09 6.21555e-09 5.62394e-09 5.37417e-09 5.18938e-09 4.39915e-09 3.11076e-09 2.06026e-09 1.63838e-09 1.64934e-09 1.80883e-09 1.94948e-09 1.97617e-09 1.83271e-09 1.49874e-09 1.0139e-09 5.21351e-10 3.89676e-10 1.10949e-09 2.62715e-09 4.46014e-09 5.81722e-09 6.18737e-09 6.08237e-09 7.05922e-09 9.33723e-09 1.16061e-08 1.35102e-08 1.64098e-08 2.00916e-08 2.13474e-08 1.88899e-08 1.43299e-08 9.69534e-09 6.04482e-09 3.54516e-09 1.94942e-09 9.56624e-10 
7.89246e-10 1.53404e-09 2.7395e-09 4.5808e-09 7.21073e-09 1.05823e-08 1.42389e-08 1.71823e-08 1.81399e-08 1.64845e-08 1.31206e-08 9.97265e-09 8.23877e-09 7.39535e-09 6.66826e-09 6.28036e-09 6.3274e-09 5.8554e-09 4.398e-09 2.71097e-09 1.63838e-09 1.2517e-09 1.20947e-09 1.26477e-09 1.29365e-09 1.23065e-09 1.04478e-09 7.44224e-10 4.03256e-10 2.07729e-10 7.78661e-10 2.38517e-09 4.70573e-09 6.73046e-09 7.58151e-09 7.24327e-09 7.12474e-09 8.78033e-09 1.12686e-08 1.32273e-08 1.53133e-08 1.92527e-08 2.28409e-08 2.24919e-08 1.84223e-08 1.3095e-08 8.41516e-09 5.03714e-09 2.84493e-09 1.47509e-09 
1.21235e-09 2.29061e-09 3.99132e-09 6.54448e-09 1.00361e-08 1.41609e-08 1.79831e-08 2.00392e-08 1.91808e-08 1.58116e-08 1.19779e-08 9.62182e-09 8.64858e-09 7.86785e-09 7.23297e-09 7.34517e-09 7.395e-09 6.15484e-09 3.99497e-09 2.17803e-09 1.2517e-09 9.41511e-10 8.79005e-10 8.75235e-10 8.42766e-10 7.41681e-10 5.66494e-10 3.60445e-10 2.23451e-10 5.21351e-10 1.91308e-09 4.48361e-09 7.28081e-09 8.92546e-09 8.86458e-09 7.96695e-09 8.42399e-09 1.07191e-08 1.29922e-08 1.45909e-08 1.75336e-08 2.24629e-08 2.49786e-08 2.25713e-08 1.71397e-08 1.14763e-08 7.04556e-09 4.06435e-09 2.20259e-09 1.07501e-09 
9.33232e-10 1.84205e-09 3.35362e-09 5.72285e-09 9.16588e-09 1.35746e-08 1.81723e-08 2.14112e-08 2.16594e-08 1.86576e-08 1.42653e-08 1.10971e-08 9.87589e-09 9.15855e-09 8.30744e-09 8.20481e-09 8.75727e-09 8.15338e-09 5.87066e-09 3.29702e-09 1.64934e-09 9.41511e-10 7.08629e-10 6.40232e-10 6.03502e-10 5.42562e-10 4.42052e-10 3.26146e-10 2.60209e-10 4.03256e-10 1.41124e-09 3.82605e-09 7.21841e-09 9.90992e-09 1.05917e-08 9.51317e-09 8.67276e-09 1.01161e-08 1.25846e-08 1.42621e-08 1.59627e-08 2.04816e-08 2.55505e-08 2.60008e-08 2.15218e-08 1.5232e-08 9.67324e-09 5.70668e-09 3.17737e-09 1.63041e-09 
1.41556e-09 2.71809e-09 4.82469e-09 8.05474e-09 1.25138e-08 1.7687e-08 2.20976e-08 2.3713e-08 2.15012e-08 1.68292e-08 1.27218e-08 1.10066e-08 1.04107e-08 9.51743e-09 8.99853e-09 9.74427e-09 1.00559e-08 8.18903e-09 5.04202e-09 2.51099e-09 1.20947e-09 7.08629e-10 5.35116e-10 4.64936e-10 4.12409e-10 3.48918e-10 2.83619e-10 2.60507e-10 3.60445e-10 1.0139e-09 2.96266e-09 6.46558e-09 1.0198e-08 1.20541e-08 1.14116e-08 9.72759e-09 9.78477e-09 1.19874e-08 1.39961e-08 1.50923e-08 1.79608e-08 2.40003e-08 2.77895e-08 2.56173e-08 1.95081e-08 1.29689e-08 7.87014e-09 4.4827e-09 2.40206e-09 1.16868e-09 
1.06125e-09 2.12373e-09 3.9274e-09 6.81604e-09 1.10801e-08 1.6531e-08 2.19631e-08 2.51287e-08 2.41552e-08 1.96169e-08 1.45978e-08 1.2052e-08 1.14897e-08 1.07685e-08 9.86562e-09 1.03357e-08 1.14934e-08 1.06274e-08 7.38103e-09 3.93395e-09 1.80883e-09 8.79005e-10 5.35116e-10 4.0056e-10 3.31293e-10 2.78467e-10 2.37048e-10 2.35497e-10 3.26146e-10 7.44224e-10 2.14302e-09 5.23107e-09 9.56637e-09 1.2846e-08 1.32415e-08 1.14058e-08 1.00643e-08 1.13702e-08 1.35751e-08 1.47259e-08 1.60226e-08 2.10482e-08 2.73366e-08 2.85502e-08 2.38626e-08 1.68586e-08 1.06227e-08 6.20333e-09 3.41849e-09 1.74139e-09 
1.58954e-09 3.09098e-09 5.56601e-09 9.42864e-09 1.4807e-08 2.09359e-08 2.56754e-08 2.63938e-08 2.25278e-08 1.68217e-08 1.31333e-08 1.2323e-08 1.19045e-08 1.08546e-08 1.07064e-08 1.22362e-08 1.27122e-08 1.0101e-08 5.98361e-09 2.8439e-09 1.26477e-09 6.40232e-10 4.0056e-10 2.91335e-10 2.29127e-10 1.93442e-10 1.99536e-10 2.83619e-10 5.66494e-10 1.49874e-09 3.88316e-09 8.11207e-09 1.2604e-08 1.45531e-08 1.32998e-08 1.10598e-08 1.10028e-08 1.29943e-08 1.44617e-08 1.50186e-08 1.79884e-08 2.48531e-08 2.95143e-08 2.75763e-08 2.10651e-08 1.39531e-08 8.40885e-09 4.75087e-09 2.52701e-09 1.22878e-09 
1.16192e-09 2.35159e-09 4.39811e-09 7.72956e-09 1.2712e-08 1.90759e-08 2.51447e-08 2.79067e-08 2.5399e-08 1.94447e-08 1.4457e-08 1.29521e-08 1.27939e-08 1.18783e-08 1.10921e-08 1.23308e-08 1.3991e-08 1.27501e-08 8.5933e-09 4.42458e-09 1.94948e-09 8.75235e-10 4.64936e-10 2.91335e-10 2.03003e-10 1.58904e-10 1.62651e-10 2.37048e-10 4.42052e-10 1.04478e-09 2.7124e-09 6.25396e-09 1.12357e-08 1.4889e-08 1.49403e-08 1.2548e-08 1.11199e-08 1.23804e-08 1.40846e-08 1.46027e-08 1.58031e-08 2.13776e-08 2.82584e-08 2.98329e-08 2.50643e-08 1.77075e-08 1.11198e-08 6.46024e-09 3.53981e-09 1.79648e-09 
1.71797e-09 3.3696e-09 6.12631e-09 1.04855e-08 1.66007e-08 2.34733e-08 2.83083e-08 2.79205e-08 2.24469e-08 1.62528e-08 1.35452e-08 1.33957e-08 1.27967e-08 1.16165e-08 1.20623e-08 1.42738e-08 1.47356e-08 1.14516e-08 6.59566e-09 3.04069e-09 1.29365e-09 6.03502e-10 3.31293e-10 2.03003e-10 1.3925e-10 1.31898e-10 1.93442e-10 3.48918e-10 7.41681e-10 1.83271e-09 4.46149e-09 9.0781e-09 1.39588e-08 1.58344e-08 1.41169e-08 1.17667e-08 1.19003e-08 1.35592e-08 1.43496e-08 1.46364e-08 1.81317e-08 2.53529e-08 3.0096e-08 2.81627e-08 2.1539e-08 1.42616e-08 8.57857e-09 4.83235e-09 2.56261e-09 1.24895e-09 
1.22627e-09 2.50274e-09 4.71148e-09 8.34403e-09 1.38285e-08 2.08385e-08 2.7308e-08 2.95633e-08 2.56339e-08 1.87122e-08 1.43768e-08 1.37765e-08 1.35175e-08 1.2255e-08 1.17696e-08 1.37294e-08 1.5603e-08 1.39842e-08 9.22201e-09 4.631e-09 1.97617e-09 8.42766e-10 4.12409e-10 2.29127e-10 1.3925e-10 1.13741e-10 1.58904e-10 2.78467e-10 5.42562e-10 1.23065e-09 3.01368e-09 6.71572e-09 1.18881e-08 1.55578e-08 1.52917e-08 1.27528e-08 1.16851e-08 1.29276e-08 1.40225e-08 1.40984e-08 1.57972e-08 2.18692e-08 2.84634e-08 2.97396e-08 2.49263e-08 1.76211e-08 1.10762e-08 6.43615e-09 3.52415e-09 1.78891e-09 
1.78891e-09 3.52415e-09 6.43615e-09 1.10762e-08 1.76211e-08 2.49263e-08 2.97396e-08 2.84634e-08 2.18692e-08 1.57972e-08 1.40984e-08 1.40225e-08 1.29276e-08 1.16851e-08 1.27528e-08 1.52917e-08 1.55578e-08 1.18881e-08 6.71572e-09 3.01368e-09 1.23065e-09 5.42562e-10 2.78467e-10 1.58904e-10 1.13741e-10 1.3925e-10 2.29127e-10 4.12409e-10 8.42766e-10 1.97617e-09 4.631e-09 9.22201e-09 1.39842e-08 1.5603e-08 1.37294e-08 1.17696e-08 1.2255e-08 1.35175e-08 1.37765e-08 1.43768e-08 1.87122e-08 2.56339e-08 2.95633e-08 2.7308e-08 2.08385e-08 1.38285e-08 8.34403e-09 4.71148e-09 2.50274e-09 1.22627e-09 
1.24895e-09 2.56261e-09 4.83235e-09 8.57857e-09 1.42616e-08 2.1539e-08 2.81627e-08 3.0096e-08 2.53529e-08 1.81317e-08 1.46364e-08 1.43496e-08 1.35592e-08 1.19003e-08 1.17667e-08 1.41169e-08 1.58344e-08 1.39588e-08 9.0781e-09 4.46149e-09 1.83271e-09 7.41681e-10 3.48918e-10 1.93442e-10 1.31898e-10 1.3925e-10 2.03003e-10 3.31293e-10 6.03502e-10 1.29365e-09 3.04069e-09 6.59566e-09 1.14516e-08 1.47356e-08 1.42738e-08 1.20623e-08 1.16165e-08 1.27967e-08 1.33957e-08 1.35452e-08 1.62528e-08 2.24469e-08 2.79205e-08 2.83083e-08 2.34733e-08 1.66007e-08 1.04855e-08 6.12631e-09 3.3696e-09 1.71797e-09 
1.79648e-09 3.53981e-09 6.46024e-09 1.11198e-08 1.77075e-08 2.50643e-08 2.98329e-08 2.82584e-08 2.13776e-08 1.58031e-08 1.46027e-08 1.40846e-08 1.23804e-08 1.11199e-08 1.2548e-08 1.49403e-08 1.4889e-08 1.12357e-08 6.25396e-09 2.7124e-09 1.04478e-09 4.42052e-10 2.37048e-10 1.62651e-10 1.58904e-10 2.03003e-10 2.91335e-10 4.64936e-10 8.75235e-10 1.94948e-09 4.42458e-09 8.5933e-09 1.27501e-08 1.3991e-08 1.23308e-08 1.10921e-08 1.18783e-08 1.27939e-08 1.29521e-08 1.4457e-08 1.94447e-08 2.5399e-08 2.79067e-08 2.51447e-08 1.90759e-08 1.2712e-08 7.72956e-09 4.39811e-09 2.35159e-09 1.16192e-09 
1.22878e-09 2.52701e-09 4.75087e-09 8.40885e-09 1.39531e-08 2.10651e-08 2.75763e-08 2.95143e-08 2.48531e-08 1.79884e-08 1.50186e-08 1.44617e-08 1.29943e-08 1.10028e-08 1.10598e-08 1.32998e-08 1.45531e-08 1.2604e-08 8.11207e-09 3.88316e-09 1.49874e-09 5.66494e-10 2.83619e-10 1.99536e-10 1.93442e-10 2.29127e-10 2.91335e-10 4.0056e-10 6.40232e-10 1.26477e-09 2.8439e-09 5.98361e-09 1.0101e-08 1.27122e-08 1.22362e-08 1.07064e-08 1.08546e-08 1.19045e-08 1.2323e-08 1.31333e-08 1.68217e-08 2.25278e-08 2.63938e-08 2.56754e-08 2.09359e-08 1.4807e-08 9.42864e-09 5.56601e-09 3.09098e-09 1.58954e-09 
1.74139e-09 3.41849e-09 6.20333e-09 1.06227e-08 1.68586e-08 2.38626e-08 2.85502e-08 2.73366e-08 2.10482e-08 1.60226e-08 1.47259e-08 1.35751e-08 1.13702e-08 1.00643e-08 1.14058e-08 1.32415e-08 1.2846e-08 9.56637e-09 5.23107e-09 2.14302e-09 7.44224e-10 3.26146e-10 2.35497e-10 2.37048e-10 2.78467e-10 3.31293e-10 4.0056e-10 5.35116e-10 8.79005e-10 1.80883e-09 3.93395e-09 7.38103e-09 1.06274e-08 1.14934e-08 1.03357e-08 9.86562e-09 1.07685e-08 1.14897e-08 1.2052e-08 1.45978e-08 1.96169e-08 2.41552e-08 2.51287e-08 2.19631e-08 1.6531e-08 1.10801e-08 6.81604e-09 3.9274e-09 2.12373e-09 1.06125e-09 
1.16868e-09 2.40206e-09 4.4827e-09 7.87014e-09 1.29689e-08 1.95081e-08 2.56173e-08 2.77895e-08 2.40003e-08 1.79608e-08 1.50923e-08 1.39961e-08 1.19874e-08 9.78477e-09 9.72759e-09 1.14116e-08 1.20541e-08 1.0198e-08 6.46558e-09 2.96266e-09 1.0139e-09 3.60445e-10 2.60507e-10 2.83619e-10 3.48918e-10 4.12409e-10 4.64936e-10 5.35116e-10 7.08629e-10 1.20947e-09 2.51099e-09 5.04202e-09 8.18903e-09 1.00559e-08 9.74427e-09 8.99853e-09 9.51743e-09 1.04107e-08 1.10066e-08 1.27218e-08 1.68292e-08 2.15012e-08 2.3713e-08 2.20976e-08 1.7687e-08 1.25138e-08 8.05474e-09 4.82469e-09 2.71809e-09 1.41556e-09 
1.63041e-09 3.17737e-09 5.70668e-09 9.67324e-09 1.5232e-08 2.15218e-08 2.60008e-08 2.55505e-08 2.04816e-08 1.59627e-08 1.42621e-08 1.25846e-08 1.01161e-08 8.67276e-09 9.51317e-09 1.05917e-08 9.90992e-09 7.21841e-09 3.82605e-09 1.41124e-09 4.03256e-10 2.60209e-10 3.26146e-10 4.42052e-10 5.42562e-10 6.03502e-10 6.40232e-10 7.08629e-10 9.41511e-10 1.64934e-09 3.29702e-09 5.87066e-09 8.15338e-09 8.75727e-09 8.20481e-09 8.30744e-09 9.15855e-09 9.87589e-09 1.10971e-08 1.42653e-08 1.86576e-08 2.16594e-08 2.14112e-08 1.81723e-08 1.35746e-08 9.16588e-09 5.72285e-09 3.35362e-09 1.84205e-09 9.33232e-10 
1.07501e-09 2.20259e-09 4.06435e-09 7.04556e-09 1.14763e-08 1.71397e-08 2.25713e-08 2.49786e-08 2.24629e-08 1.75336e-08 1.45909e-08 1.29922e-08 1.07191e-08 8.42399e-09 7.96695e-09 8.86458e-09 8.92546e-09 7.28081e-09 4.48361e-09 1.91308e-09 5.21351e-10 2.23451e-10 3.60445e-10 5.66494e-10 7.41681e-10 8.42766e-10 8.75235e-10 8.79005e-10 9.41511e-10 1.2517e-09 2.17803e-09 3.99497e-09 6.15484e-09 7.395e-09 7.34517e-09 7.23297e-09 7.86785e-09 8.64858e-09 9.62182e-09 1.19779e-08 1.58116e-08 1.91808e-08 2.00392e-08 1.79831e-08 1.41609e-08 1.00361e-08 6.54448e-09 3.99132e-09 2.29061e-09 1.21235e-09 
1.47509e-09 2.84493e-09 5.03714e-09 8.41516e-09 1.3095e-08 1.84223e-08 2.24919e-08 2.28409e-08 1.92527e-08 1.53133e-08 1.32273e-08 1.12686e-08 8.78033e-09 7.12474e-09 7.24327e-09 7.58151e-09 6.73046e-09 4.70573e-09 2.38517e-09 7.78661e-10 2.07729e-10 4.03256e-10 7.44224e-10 1.04478e-09 1.23065e-09 1.29365e-09 1.26477e-09 1.20947e-09 1.2517e-09 1.63838e-09 2.71097e-09 4.398e-09 5.8554e-09 6.3274e-09 6.28036e-09 6.66826e-09 7.39535e-09 8.23877e-09 9.97265e-09 1.31206e-08 1.64845e-08 1.81399e-08 1.71823e-08 1.42389e-08 1.05823e-08 7.21073e-09 4.5808e-09 2.7395e-09 1.53404e-09 7.89246e-10 
9.56624e-10 1.94942e-09 3.54516e-09 6.04482e-09 9.69534e-09 1.43299e-08 1.88899e-08 2.13474e-08 2.00916e-08 1.64098e-08 1.35102e-08 1.16061e-08 9.33723e-09 7.05922e-09 6.08237e-09 6.18737e-09 5.81722e-09 4.46014e-09 2.62715e-09 1.10949e-09 3.89676e-10 5.21351e-10 1.0139e-09 1.49874e-09 1.83271e-09 1.97617e-09 1.94948e-09 1.80883e-09 1.64934e-09 1.63838e-09 2.06026e-09 3.11076e-09 4.39915e-09 5.18938e-09 5.37417e-09 5.62394e-09 6.21555e-09 6.95126e-09 8.23477e-09 1.06949e-08 1.37727e-08 1.58903e-08 1.58697e-08 1.38302e-08 1.07659e-08 7.65982e-09 5.06913e-09 3.15561e-09 1.85076e-09 9.98093e-10 
1.28998e-09 2.45581e-09 4.27277e-09 7.01126e-09 1.07477e-08 1.50154e-08 1.84945e-08 1.94105e-08 1.72376e-08 1.40407e-08 1.17889e-08 9.78394e-09 7.4633e-09 5.63118e-09 5.03307e-09 4.788e-09 3.91178e-09 2.54153e-09 1.32717e-09 6.93533e-10 7.78661e-10 1.41124e-09 2.14302e-09 2.7124e-09 3.01368e-09 3.04069e-09 2.8439e-09 2.51099e-09 2.17803e-09 2.06026e-09 2.42462e-09 3.26104e-09 4.0705e-09 4.47217e-09 4.72231e-09 5.18095e-09 5.79962e-09 6.75483e-09 8.5983e-09 1.12191e-08 1.34834e-08 1.41739e-08 1.29922e-08 1.05896e-08 7.85894e-09 5.41315e-09 3.50454e-09 2.14386e-09 1.227e-09 6.41392e-10 
8.2361e-10 1.66608e-09 2.97839e-09 4.98079e-09 7.84435e-09 1.14452e-08 1.50668e-08 1.73474e-08 1.70565e-08 1.46043e-08 1.20066e-08 1.00243e-08 7.93858e-09 5.80008e-09 4.3981e-09 3.8551e-09 3.25327e-09 2.23272e-09 1.28892e-09 9.05532e-10 1.10949e-09 1.91308e-09 2.96266e-09 3.88316e-09 4.46149e-09 4.631e-09 4.42458e-09 3.93395e-09 3.29702e-09 2.71097e-09 2.42462e-09 2.62437e-09 3.15163e-09 3.61008e-09 3.92345e-09 4.30952e-09 4.82043e-09 5.53306e-09 6.86063e-09 8.95199e-09 1.11072e-08 1.22478e-08 1.18087e-08 1.00851e-08 7.80448e-09 5.58838e-09 3.75748e-09 2.39071e-09 1.4356e-09 7.8988e-10 
1.09063e-09 2.0454e-09 3.48883e-09 5.60998e-09 8.4536e-09 1.17044e-08 1.45068e-08 1.56773e-08 1.46271e-08 1.22958e-08 1.01522e-08 8.26009e-09 6.22207e-09 4.37166e-09 3.24931e-09 2.6238e-09 1.86715e-09 1.07121e-09 8.61918e-10 1.32717e-09 2.38517e-09 3.82605e-09 5.23107e-09 6.25396e-09 6.71572e-09 6.59566e-09 5.98361e-09 5.04202e-09 3.99497e-09 3.11076e-09 2.62437e-09 2.61634e-09 2.89298e-09 3.21716e-09 3.58341e-09 4.02153e-09 4.56387e-09 5.48689e-09 7.05132e-09 8.92049e-09 1.02557e-08 1.0387e-08 9.30407e-09 7.51391e-09 5.59022e-09 3.89758e-09 2.57294e-09 1.61141e-09 9.43536e-10 5.00655e-10 
6.86105e-10 1.37567e-09 2.41304e-09 3.95041e-09 6.09906e-09 8.77119e-09 1.15093e-08 1.34554e-08 1.37494e-08 1.23439e-08 1.02809e-08 8.41532e-09 6.59156e-09 4.70948e-09 3.14057e-09 2.17621e-09 1.52621e-09 8.76795e-10 6.26445e-10 1.28892e-09 2.62715e-09 4.48361e-09 6.46558e-09 8.11207e-09 9.0781e-09 9.22201e-09 8.5933e-09 7.38103e-09 5.87066e-09 4.398e-09 3.26104e-09 2.61634e-09 2.46701e-09 2.65057e-09 2.98759e-09 3.38732e-09 3.8238e-09 4.45613e-09 5.55158e-09 7.03832e-09 8.35168e-09 8.85135e-09 8.31577e-09 7.01832e-09 5.42872e-09 3.92116e-09 2.67967e-09 1.74242e-09 1.07143e-09 6.01217e-10 
8.9168e-10 1.64516e-09 2.74713e-09 4.3234e-09 6.39802e-09 8.76942e-09 1.09135e-08 1.20881e-08 1.17892e-08 1.03018e-08 8.50062e-09 6.80815e-09 5.0923e-09 3.4171e-09 2.08877e-09 1.26998e-09 7.61031e-10 4.72169e-10 1.07121e-09 2.54153e-09 4.70573e-09 7.21841e-09 9.56637e-09 1.12357e-08 1.18881e-08 1.14516e-08 1.0101e-08 8.18903e-09 6.15484e-09 4.39915e-09 3.15163e-09 2.46701e-09 2.31943e-09 2.53979e-09 2.90049e-09 3.27685e-09 3.72149e-09 4.4437e-09 5.52574e-09 6.66095e-09 7.32897e-09 7.20517e-09 6.36007e-09 5.12252e-09 3.83432e-09 2.70858e-09 1.82219e-09 1.16741e-09 6.98714e-10 3.75402e-10 
5.53138e-10 1.09807e-09 1.88801e-09 3.02327e-09 4.57332e-09 6.48021e-09 8.46728e-09 1.00222e-08 1.05843e-08 9.94566e-09 8.5154e-09 6.92176e-09 5.36562e-09 3.79873e-09 2.34565e-09 1.24701e-09 6.58125e-10 4.76935e-10 8.76795e-10 2.23272e-09 4.46014e-09 7.28081e-09 1.0198e-08 1.2604e-08 1.39588e-08 1.39842e-08 1.27501e-08 1.06274e-08 8.15338e-09 5.8554e-09 4.0705e-09 2.89298e-09 2.31943e-09 2.29045e-09 2.56039e-09 2.88903e-09 3.2215e-09 3.67944e-09 4.39626e-09 5.26632e-09 5.9335e-09 6.06614e-09 5.59324e-09 4.69667e-09 3.64832e-09 2.66361e-09 1.84966e-09 1.22741e-09 7.71566e-10 4.40581e-10 
7.05312e-10 1.27929e-09 2.09024e-09 3.21908e-09 4.67896e-09 6.34866e-09 7.92329e-09 8.96071e-09 9.08914e-09 8.29351e-09 6.96927e-09 5.53675e-09 4.11483e-09 2.72513e-09 1.50632e-09 6.71908e-10 4.405e-10 7.61031e-10 1.86715e-09 3.91178e-09 6.73046e-09 9.90992e-09 1.2846e-08 1.4889e-08 1.55578e-08 1.47356e-08 1.27122e-08 1.00559e-08 7.395e-09 5.18938e-09 3.61008e-09 2.65057e-09 2.29045e-09 2.38223e-09 2.63868e-09 2.89747e-09 3.18555e-09 3.61593e-09 4.20151e-09 4.7494e-09 4.98971e-09 4.78176e-09 4.1839e-09 3.37777e-09 2.55172e-09 1.82766e-09 1.25149e-09 8.18324e-10 4.9929e-10 2.70579e-10 
4.31768e-10 8.48081e-10 1.42903e-09 2.23854e-09 3.31953e-09 4.63744e-09 6.03423e-09 7.21835e-09 7.84542e-09 7.69888e-09 6.85785e-09 5.64577e-09 4.34862e-09 3.07104e-09 1.88216e-09 9.27822e-10 4.46969e-10 6.58125e-10 1.52621e-09 3.25327e-09 5.81722e-09 8.92546e-09 1.20541e-08 1.45531e-08 1.58344e-08 1.5603e-08 1.3991e-08 1.14934e-08 8.75727e-09 6.3274e-09 4.47217e-09 3.21716e-09 2.53979e-09 2.38223e-09 2.5154e-09 2.70518e-09 2.8859e-09 3.11688e-09 3.45193e-09 3.82138e-09 4.05026e-09 3.99251e-09 3.62538e-09 3.04189e-09 2.38145e-09 1.76069e-09 1.242e-09 8.39315e-10 5.37681e-10 3.11279e-10 
5.40183e-10 9.63167e-10 1.54044e-09 2.32335e-09 3.32055e-09 4.46439e-09 5.58666e-09 6.43645e-09 6.76657e-09 6.46571e-09 5.63907e-09 4.53336e-09 3.3633e-09 2.24834e-09 1.30016e-09 6.99363e-10 6.71908e-10 1.26998e-09 2.6238e-09 4.788e-09 7.58151e-09 1.05917e-08 1.32415e-08 1.49403e-08 1.52917e-08 1.42738e-08 1.22362e-08 9.74427e-09 7.34517e-09 5.37417e-09 3.92345e-09 2.98759e-09 2.56039e-09 2.5154e-09 2.61612e-09 2.71944e-09 2.82057e-09 2.96554e-09 3.15151e-09 3.29397e-09 3.28478e-09 3.06738e-09 2.66623e-09 2.16396e-09 1.65385e-09 1.20209e-09 8.3682e-10 5.56844e-10 3.45001e-10 1.87711e-10 
3.26598e-10 6.34602e-10 1.04854e-09 1.60841e-09 2.34142e-09 3.22994e-09 4.18954e-09 5.06274e-09 5.65009e-09 5.7836e-09 5.41124e-09 4.62984e-09 3.62835e-09 2.59434e-09 1.68474e-09 1.07562e-09 9.27822e-10 1.24701e-09 2.17621e-09 3.8551e-09 6.18737e-09 8.86458e-09 1.14116e-08 1.32998e-08 1.41169e-08 1.37294e-08 1.23308e-08 1.03357e-08 8.20481e-09 6.28036e-09 4.72231e-09 3.58341e-09 2.90049e-09 2.63868e-09 2.61612e-09 2.64606e-09 2.66016e-09 2.674e-09 2.70626e-09 2.73343e-09 2.69989e-09 2.55406e-09 2.28156e-09 1.91488e-09 1.51373e-09 1.13504e-09 8.1338e-10 5.5869e-10 3.63442e-10 2.12383e-10 
4.01081e-10 7.03434e-10 1.10255e-09 1.63123e-09 2.2968e-09 3.0653e-09 3.84978e-09 4.51575e-09 4.91316e-09 4.92971e-09 4.54073e-09 3.82501e-09 2.93905e-09 2.07986e-09 1.47294e-09 1.30016e-09 1.50632e-09 2.08877e-09 3.24931e-09 5.03307e-09 7.24327e-09 9.51317e-09 1.14058e-08 1.2548e-08 1.27528e-08 1.20623e-08 1.07064e-08 8.99853e-09 7.23297e-09 5.62394e-09 4.30952e-09 3.38732e-09 2.88903e-09 2.70518e-09 2.64606e-09 2.59088e-09 2.51525e-09 2.43343e-09 2.35097e-09 2.25496e-09 2.11911e-09 1.91924e-09 1.65417e-09 1.34989e-09 1.04489e-09 7.71352e-10 5.45583e-10 3.68531e-10 2.30937e-10 1.25578e-10 
2.39721e-10 4.60895e-10 7.47678e-10 1.12512e-09 1.6114e-09 2.20004e-09 2.85007e-09 3.48217e-09 3.98888e-09 4.26062e-09 4.22038e-09 3.85422e-09 3.22791e-09 2.49345e-09 1.8926e-09 1.68474e-09 1.88216e-09 2.34565e-09 3.14057e-09 4.3981e-09 6.08237e-09 7.96695e-09 9.72759e-09 1.10598e-08 1.17667e-08 1.17696e-08 1.10921e-08 9.86562e-09 8.30744e-09 6.66826e-09 5.18095e-09 4.02153e-09 3.27685e-09 2.89747e-09 2.71944e-09 2.59088e-09 2.44641e-09 2.28206e-09 2.11079e-09 1.9435e-09 1.77991e-09 1.60503e-09 1.40335e-09 1.17515e-09 9.37566e-10 7.13389e-10 5.19505e-10 3.62299e-10 2.38635e-10 1.40195e-10 
2.8922e-10 4.99531e-10 7.68775e-10 1.11839e-09 1.55547e-09 2.0659e-09 2.6091e-09 3.11877e-09 3.51301e-09 3.71239e-09 3.66191e-09 3.35381e-09 2.85388e-09 2.33645e-09 2.07986e-09 2.24834e-09 2.72513e-09 3.4171e-09 4.37166e-09 5.63118e-09 7.12474e-09 8.67276e-09 1.00643e-08 1.11199e-08 1.16851e-08 1.16165e-08 1.08546e-08 9.51743e-09 7.86785e-09 6.21555e-09 4.82043e-09 3.8238e-09 3.2215e-09 2.8859e-09 2.66016e-09 2.44641e-09 2.21552e-09 1.97473e-09 1.7432e-09 1.53663e-09 1.35426e-09 1.18124e-09 1.00394e-09 8.21297e-10 6.4329e-10 4.82398e-10 3.4665e-10 2.37346e-10 1.4998e-10 8.12239e-11 
1.71064e-10 3.25641e-10 5.19652e-10 7.6905e-10 1.08673e-09 1.47283e-09 1.91076e-09 2.36508e-09 2.78418e-09 3.10784e-09 3.27879e-09 3.25791e-09 3.04672e-09 2.72534e-09 2.49345e-09 2.59434e-09 3.07104e-09 3.79873e-09 4.70948e-09 5.80008e-09 7.05922e-09 8.42399e-09 9.78477e-09 1.10028e-08 1.19003e-08 1.2255e-08 1.18783e-08 1.07685e-08 9.15855e-09 7.39535e-09 5.79962e-09 4.56387e-09 3.72149e-09 3.18555e-09 2.82057e-09 2.51525e-09 2.21552e-09 1.91406e-09 1.62751e-09 1.37667e-09 1.17029e-09 1.0002e-09 8.49514e-10 7.05641e-10 5.66361e-10 4.36805e-10 3.23212e-10 2.28772e-10 1.52326e-10 8.97275e-11 
2.03018e-10 3.45908e-10 5.24041e-10 7.5187e-10 1.03631e-09 1.37418e-09 1.75011e-09 2.13635e-09 2.49538e-09 2.78488e-09 2.96529e-09 3.01248e-09 2.94276e-09 2.85388e-09 2.93905e-09 3.3633e-09 4.11483e-09 5.0923e-09 6.22207e-09 7.4633e-09 8.78033e-09 1.01161e-08 1.13702e-08 1.23804e-08 1.29276e-08 1.27967e-08 1.19045e-08 1.04107e-08 8.64858e-09 6.95126e-09 5.53306e-09 4.45613e-09 3.67944e-09 3.11688e-09 2.674e-09 2.28206e-09 1.91406e-09 1.57526e-09 1.28264e-09 1.04682e-09 8.64598e-10 7.2127e-10 5.99687e-10 4.88881e-10 3.86193e-10 2.93813e-10 2.14446e-10 1.48754e-10 9.46516e-11 5.09596e-11 
1.18969e-10 2.24463e-10 3.53222e-10 5.15694e-10 7.21486e-10 9.74138e-10 1.26992e-09 1.59705e-09 1.93631e-09 2.26309e-09 2.55059e-09 2.77546e-09 2.93001e-09 3.04672e-09 3.22791e-09 3.62835e-09 4.34862e-09 5.36562e-09 6.59156e-09 7.93858e-09 9.33723e-09 1.07191e-08 1.19874e-08 1.29943e-08 1.35592e-08 1.35175e-08 1.27939e-08 1.14897e-08 9.87589e-09 8.23877e-09 6.75483e-09 5.48689e-09 4.4437e-09 3.61593e-09 2.96554e-09 2.43343e-09 1.97473e-09 1.57526e-09 1.23968e-09 9.73059e-10 7.7186e-10 6.23398e-10 5.10244e-10 4.16969e-10 3.3468e-10 2.60773e-10 1.95816e-10 1.40628e-10 9.46163e-11 5.58299e-11 
1.39126e-10 2.3435e-10 3.50571e-10 4.97842e-10 6.82617e-10 9.07163e-10 1.16911e-09 1.46154e-09 1.77392e-09 2.09369e-09 2.40864e-09 2.71186e-09 3.01248e-09 3.35381e-09 3.82501e-09 4.53336e-09 5.53675e-09 6.80815e-09 8.26009e-09 9.78394e-09 1.12686e-08 1.25846e-08 1.35751e-08 1.40846e-08 1.40225e-08 1.33957e-08 1.2323e-08 1.10066e-08 9.62182e-09 8.23477e-09 6.86063e-09 5.55158e-09 4.39626e-09 3.45193e-09 2.70626e-09 2.11079e-09 1.62751e-09 1.23968e-09 9.39018e-10 7.15621e-10 5.55291e-10 4.40835e-10 3.55405e-10 2.86336e-10 2.26803e-10 1.74508e-10 1.29218e-10 9.0794e-11 5.81705e-11 3.11407e-11 
8.08795e-11 1.51447e-10 2.35704e-10 3.40706e-10 4.73812e-10 6.39925e-10 8.41543e-10 1.07889e-09 1.35058e-09 1.6548e-09 1.9908e-09 2.36109e-09 2.77546e-09 3.25791e-09 3.85422e-09 4.62984e-09 5.64577e-09 6.92176e-09 8.41532e-09 1.00243e-08 1.16061e-08 1.29922e-08 1.39961e-08 1.44617e-08 1.43496e-08 1.37765e-08 1.29521e-08 1.2052e-08 1.10971e-08 9.97265e-09 8.5983e-09 7.05132e-09 5.52574e-09 4.20151e-09 3.15151e-09 2.35097e-09 1.7432e-09 1.28264e-09 9.39018e-10 6.89422e-10 5.13409e-10 3.91764e-10 3.06918e-10 2.44444e-10 1.94601e-10 1.52337e-10 1.1575e-10 8.42675e-11 5.72996e-11 3.38925e-11 
9.33911e-11 1.55918e-10 2.31127e-10 3.26177e-10 4.46806e-10 5.97573e-10 7.8224e-10 1.00441e-09 1.2687e-09 1.58221e-09 1.95631e-09 2.40864e-09 2.96529e-09 3.66191e-09 4.54073e-09 5.63907e-09 6.96927e-09 8.50062e-09 1.01522e-08 1.17889e-08 1.32273e-08 1.42621e-08 1.47259e-08 1.46027e-08 1.40984e-08 1.35452e-08 1.31333e-08 1.27218e-08 1.19779e-08 1.06949e-08 8.95199e-09 7.03832e-09 5.26632e-09 3.82138e-09 2.73343e-09 1.9435e-09 1.37667e-09 9.73059e-10 6.89422e-10 4.93725e-10 3.6119e-10 2.7214e-10 2.11014e-10 1.6639e-10 1.31099e-10 1.01487e-10 7.60477e-11 5.4099e-11 3.49291e-11 1.86287e-11 
5.39342e-11 1.00394e-10 1.55043e-10 2.22778e-10 3.09289e-10 4.19663e-10 5.58967e-10 7.32941e-10 9.49151e-10 1.21862e-09 1.55784e-09 1.9908e-09 2.55059e-09 3.27879e-09 4.22038e-09 5.41124e-09 6.85785e-09 8.5154e-09 1.02809e-08 1.20066e-08 1.35102e-08 1.45909e-08 1.50923e-08 1.50186e-08 1.46364e-08 1.43768e-08 1.4457e-08 1.45978e-08 1.42653e-08 1.31206e-08 1.12191e-08 8.92049e-09 6.66095e-09 4.7494e-09 3.29397e-09 2.25496e-09 1.53663e-09 1.04682e-09 7.15621e-10 4.93725e-10 3.46699e-10 2.50204e-10 1.86717e-10 1.43608e-10 1.12292e-10 8.76452e-11 6.70702e-11 4.93969e-11 3.39518e-11 2.01673e-11 
6.16396e-11 1.02287e-10 1.50831e-10 2.1245e-10 2.92026e-10 3.9471e-10 5.26672e-10 6.96178e-10 9.15239e-10 1.20178e-09 1.58221e-09 2.09369e-09 2.78488e-09 3.71239e-09 4.92971e-09 6.46571e-09 8.29351e-09 1.03018e-08 1.22958e-08 1.40407e-08 1.53133e-08 1.59627e-08 1.60226e-08 1.58031e-08 1.57972e-08 1.62528e-08 1.68217e-08 1.68292e-08 1.58116e-08 1.37727e-08 1.11072e-08 8.35168e-09 5.9335e-09 4.05026e-09 2.69989e-09 1.77991e-09 1.17029e-09 7.7186e-10 5.13409e-10 3.46699e-10 2.39723e-10 1.71216e-10 1.26847e-10 9.69306e-11 7.52413e-11 5.81879e-11 4.39421e-11 3.16065e-11 2.0586e-11 1.09735e-11 
3.5414e-11 6.56519e-11 1.00963e-10 1.44817e-10 2.01606e-10 2.76002e-10 3.73718e-10 5.02485e-10 6.73548e-10 9.03816e-10 1.21862e-09 1.6548e-09 2.26309e-09 3.10784e-09 4.26062e-09 5.7836e-09 7.69888e-09 9.94566e-09 1.23439e-08 1.46043e-08 1.64098e-08 1.75336e-08 1.79608e-08 1.79884e-08 1.81317e-08 1.87122e-08 1.94447e-08 1.96169e-08 1.86576e-08 1.64845e-08 1.34834e-08 1.02557e-08 7.32897e-09 4.98971e-09 3.28478e-09 2.11911e-09 1.35426e-09 8.64598e-10 5.55291e-10 3.6119e-10 2.39723e-10 1.63751e-10 1.16038e-10 8.54988e-11 6.49913e-11 5.01095e-11 3.83681e-11 2.84911e-11 1.97848e-11 1.18276e-11 
4.01631e-11 6.64459e-11 9.78555e-11 1.38168e-10 1.91399e-10 2.62441e-10 3.57935e-10 4.87554e-10 6.65914e-10 9.15239e-10 1.2687e-09 1.77392e-09 2.49538e-09 3.51301e-09 4.91316e-09 6.76657e-09 9.08914e-09 1.17892e-08 1.46271e-08 1.72376e-08 1.92527e-08 2.04816e-08 2.10482e-08 2.13776e-08 2.18692e-08 2.24469e-08 2.25278e-08 2.15012e-08 1.91808e-08 1.58903e-08 1.22478e-08 8.85135e-09 6.06614e-09 3.99251e-09 2.55406e-09 1.60503e-09 1.0002e-09 6.23398e-10 3.91764e-10 2.50204e-10 1.63751e-10 1.10792e-10 7.8048e-11 5.72742e-11 4.33439e-11 3.31902e-11 2.51142e-11 1.82177e-11 1.19773e-11 6.40723e-12 
2.29865e-11 4.2529e-11 6.53648e-11 9.39849e-11 1.31758e-10 1.82692e-10 2.52206e-10 3.4817e-10 4.82511e-10 6.73548e-10 9.49151e-10 1.35058e-09 1.93631e-09 2.78418e-09 3.98888e-09 5.65009e-09 7.84542e-09 1.05843e-08 1.37494e-08 1.70565e-08 2.00916e-08 2.24629e-08 2.40003e-08 2.48531e-08 2.53529e-08 2.56339e-08 2.5399e-08 2.41552e-08 2.16594e-08 1.81399e-08 1.41739e-08 1.0387e-08 7.20517e-09 4.78176e-09 3.06738e-09 1.91924e-09 1.18124e-09 7.2127e-10 4.40835e-10 2.7214e-10 1.71216e-10 1.10792e-10 7.44058e-11 5.2192e-11 3.81864e-11 2.8781e-11 2.18685e-11 1.62909e-11 1.1411e-11 6.88046e-12 
2.59404e-11 4.29172e-11 6.33732e-11 9.00679e-11 1.26218e-10 1.7609e-10 2.45858e-10 3.44867e-10 4.87554e-10 6.96178e-10 1.00441e-09 1.46154e-09 2.13635e-09 3.11877e-09 4.51575e-09 6.43645e-09 8.96071e-09 1.20881e-08 1.56773e-08 1.94105e-08 2.28409e-08 2.55505e-08 2.73366e-08 2.82584e-08 2.84634e-08 2.79205e-08 2.63938e-08 2.3713e-08 2.00392e-08 1.58697e-08 1.18087e-08 8.31577e-09 5.59324e-09 3.62538e-09 2.28156e-09 1.40335e-09 8.49514e-10 5.10244e-10 3.06918e-10 1.86717e-10 1.16038e-10 7.44058e-11 4.96889e-11 3.47531e-11 2.53721e-11 1.9041e-11 1.43263e-11 1.04373e-11 6.92503e-12 3.7326e-12 
1.48075e-11 2.74003e-11 4.2238e-11 6.11189e-11 8.66043e-11 1.21988e-10 1.71986e-10 2.4371e-10 3.4817e-10 5.02485e-10 7.32941e-10 1.07889e-09 1.59705e-09 2.36508e-09 3.48217e-09 5.06274e-09 7.21835e-09 1.00222e-08 1.34554e-08 1.73474e-08 2.13474e-08 2.49786e-08 2.77895e-08 2.95143e-08 3.0096e-08 2.95633e-08 2.79067e-08 2.51287e-08 2.14112e-08 1.71823e-08 1.29922e-08 9.30407e-09 6.36007e-09 4.1839e-09 2.66623e-09 1.65417e-09 1.00394e-09 5.99687e-10 3.55405e-10 2.11014e-10 1.26847e-10 7.8048e-11 4.96889e-11 3.30497e-11 2.30765e-11 1.68172e-11 1.25532e-11 9.31644e-12 6.56211e-12 3.9955e-12 
1.66714e-11 2.76677e-11 4.11137e-11 5.90257e-11 8.39259e-11 1.19349e-10 1.70594e-10 2.45858e-10 3.57935e-10 5.26672e-10 7.8224e-10 1.16911e-09 1.75011e-09 2.6091e-09 3.84978e-09 5.58666e-09 7.92329e-09 1.09135e-08 1.45068e-08 1.84945e-08 2.24919e-08 2.60008e-08 2.85502e-08 2.98329e-08 2.97396e-08 2.83083e-08 2.56754e-08 2.20976e-08 1.79831e-08 1.38302e-08 1.00851e-08 7.01832e-09 4.69667e-09 3.04189e-09 1.91488e-09 1.17515e-09 7.05641e-10 4.16969e-10 2.44444e-10 1.43608e-10 8.54988e-11 5.2192e-11 3.30497e-11 2.19275e-11 1.5298e-11 1.11259e-11 8.24233e-12 5.99401e-12 4.00564e-12 2.18379e-12 
9.49989e-12 1.76225e-11 2.73341e-11 3.99393e-11 5.73687e-11 8.22438e-11 1.18453e-10 1.71986e-10 2.52206e-10 3.73718e-10 5.58967e-10 8.41543e-10 1.26992e-09 1.91076e-09 2.85007e-09 4.18954e-09 6.03423e-09 8.46728e-09 1.15093e-08 1.50668e-08 1.88899e-08 2.25713e-08 2.56173e-08 2.75763e-08 2.81627e-08 2.7308e-08 2.51447e-08 2.19631e-08 1.81723e-08 1.42389e-08 1.05896e-08 7.51391e-09 5.12252e-09 3.37777e-09 2.16396e-09 1.34989e-09 8.21297e-10 4.88881e-10 2.86336e-10 1.6639e-10 9.69306e-11 5.72742e-11 3.47531e-11 2.19275e-11 1.45305e-11 1.01345e-11 7.34802e-12 5.38272e-12 3.79274e-12 2.33055e-12 
1.06981e-11 1.786e-11 2.67902e-11 3.89624e-11 5.63155e-11 8.16706e-11 1.19349e-10 1.7609e-10 2.62441e-10 3.9471e-10 5.97573e-10 9.07163e-10 1.37418e-09 2.0659e-09 3.0653e-09 4.46439e-09 6.34866e-09 8.76942e-09 1.17044e-08 1.50154e-08 1.84223e-08 2.15218e-08 2.38626e-08 2.50643e-08 2.49263e-08 2.34733e-08 2.09359e-08 1.7687e-08 1.41609e-08 1.07659e-08 7.80448e-09 5.42872e-09 3.64832e-09 2.38145e-09 1.51373e-09 9.37566e-10 5.66361e-10 3.3468e-10 1.94601e-10 1.12292e-10 6.49913e-11 3.81864e-11 2.30765e-11 1.45305e-11 9.62925e-12 6.71303e-12 4.84226e-12 3.48422e-12 2.33509e-12 1.29093e-12 
6.08654e-12 1.13467e-11 1.77602e-11 2.62728e-11 3.83261e-11 5.59547e-11 8.22438e-11 1.21988e-10 1.82692e-10 2.76002e-10 4.19663e-10 6.39925e-10 9.74138e-10 1.47283e-09 2.20004e-09 3.22994e-09 4.63744e-09 6.48021e-09 8.77119e-09 1.14452e-08 1.43299e-08 1.71397e-08 1.95081e-08 2.10651e-08 2.1539e-08 2.08385e-08 1.90759e-08 1.6531e-08 1.35746e-08 1.05823e-08 7.85894e-09 5.59022e-09 3.83432e-09 2.55172e-09 1.65385e-09 1.04489e-09 6.4329e-10 3.86193e-10 2.26803e-10 1.31099e-10 7.52413e-11 4.33439e-11 2.53721e-11 1.5298e-11 9.62925e-12 6.38559e-12 4.44633e-12 3.17847e-12 2.2225e-12 1.3758e-12 
6.87027e-12 1.15677e-11 1.75607e-11 2.5917e-11 3.8106e-11 5.63155e-11 8.39259e-11 1.26218e-10 1.91399e-10 2.92026e-10 4.46806e-10 6.82617e-10 1.03631e-09 1.55547e-09 2.2968e-09 3.32055e-09 4.67896e-09 6.39802e-09 8.4536e-09 1.07477e-08 1.3095e-08 1.5232e-08 1.68586e-08 1.77075e-08 1.76211e-08 1.66007e-08 1.4807e-08 1.25138e-08 1.00361e-08 7.65982e-09 5.58838e-09 3.92116e-09 2.66361e-09 1.76069e-09 1.13504e-09 7.13389e-10 4.36805e-10 2.60773e-10 1.52337e-10 8.76452e-11 5.01095e-11 2.8781e-11 1.68172e-11 1.01345e-11 6.38559e-12 4.239e-12 2.9428e-12 2.07269e-12 1.38349e-12 7.76321e-13 
3.89896e-12 7.3235e-12 1.15952e-11 1.73976e-11 2.57921e-11 3.83261e-11 5.73687e-11 8.66043e-11 1.31758e-10 2.01606e-10 3.09289e-10 4.73812e-10 7.21486e-10 1.08673e-09 1.6114e-09 2.34142e-09 3.31953e-09 4.57332e-09 6.09906e-09 7.84435e-09 9.69534e-09 1.14763e-08 1.29689e-08 1.39531e-08 1.42616e-08 1.38285e-08 1.2712e-08 1.10801e-08 9.16588e-09 7.21073e-09 5.41315e-09 3.89758e-09 2.70858e-09 1.82766e-09 1.20209e-09 7.71352e-10 4.82398e-10 2.93813e-10 1.74508e-10 1.01487e-10 5.81879e-11 3.31902e-11 1.9041e-11 1.11259e-11 6.71303e-12 4.239e-12 2.8161e-12 1.9429e-12 1.33424e-12 8.27761e-13 
4.41602e-12 7.51745e-12 1.1568e-11 1.73359e-11 2.5917e-11 3.89624e-11 5.90257e-11 9.00679e-11 1.38168e-10 2.1245e-10 3.26177e-10 4.97842e-10 7.5187e-10 1.11839e-09 1.63123e-09 2.32335e-09 3.21908e-09 4.3234e-09 5.60998e-09 7.01126e-09 8.41516e-09 9.67324e-09 1.06227e-08 1.11198e-08 1.10762e-08 1.04855e-08 9.42864e-09 8.05474e-09 6.54448e-09 5.06913e-09 3.75748e-09 2.67967e-09 1.84966e-09 1.242e-09 8.1338e-10 5.19505e-10 3.23212e-10 1.95816e-10 1.1575e-10 6.70702e-11 3.83681e-11 2.18685e-11 1.25532e-11 7.34802e-12 4.44633e-12 2.8161e-12 1.86984e-12 1.27514e-12 8.41035e-13 4.77311e-13 
2.49369e-12 4.73133e-12 7.58902e-12 1.15522e-11 1.73976e-11 2.62728e-11 3.99393e-11 6.11189e-11 9.39849e-11 1.44817e-10 2.22778e-10 3.40706e-10 5.15694e-10 7.6905e-10 1.12512e-09 1.60841e-09 2.23854e-09 3.02327e-09 3.95041e-09 4.98079e-09 6.04482e-09 7.04556e-09 7.87014e-09 8.40885e-09 8.57857e-09 8.34403e-09 7.72956e-09 6.81604e-09 5.72285e-09 4.5808e-09 3.50454e-09 2.57294e-09 1.82219e-09 1.25149e-09 8.3682e-10 5.45583e-10 3.4665e-10 2.14446e-10 1.29218e-10 7.60477e-11 4.39421e-11 2.51142e-11 1.43263e-11 8.24233e-12 4.84226e-12 2.9428e-12 1.86984e-12 1.23881e-12 8.28517e-13 5.10984e-13 
2.83019e-12 4.87919e-12 7.60724e-12 1.1568e-11 1.75607e-11 2.67902e-11 4.11137e-11 6.33732e-11 9.78555e-11 1.50831e-10 2.31127e-10 3.50571e-10 5.24041e-10 7.68775e-10 1.10255e-09 1.54044e-09 2.09024e-09 2.74713e-09 3.48883e-09 4.27277e-09 5.03714e-09 5.70668e-09 6.20333e-09 6.46024e-09 6.43615e-09 6.12631e-09 5.56601e-09 4.82469e-09 3.99132e-09 3.15561e-09 2.39071e-09 1.74242e-09 1.22741e-09 8.39315e-10 5.5869e-10 3.62299e-10 2.28772e-10 1.40628e-10 8.42675e-11 4.93969e-11 2.84911e-11 1.62909e-11 9.31644e-12 5.38272e-12 3.17847e-12 1.9429e-12 1.23881e-12 8.15804e-13 5.27181e-13 3.01524e-13 
1.57991e-12 3.03406e-12 4.92165e-12 7.58902e-12 1.15952e-11 1.77602e-11 2.73341e-11 4.2238e-11 6.53648e-11 1.00963e-10 1.55043e-10 2.35704e-10 3.53222e-10 5.19652e-10 7.47678e-10 1.04854e-09 1.42903e-09 1.88801e-09 2.41304e-09 2.97839e-09 3.54516e-09 4.06435e-09 4.4827e-09 4.75087e-09 4.83235e-09 4.71148e-09 4.39811e-09 3.9274e-09 3.35362e-09 2.7395e-09 2.14386e-09 1.61141e-09 1.16741e-09 8.18324e-10 5.56844e-10 3.68531e-10 2.37346e-10 1.48754e-10 9.0794e-11 5.4099e-11 3.16065e-11 1.82177e-11 1.04373e-11 5.99401e-12 3.48422e-12 2.07269e-12 1.27514e-12 8.15804e-13 5.30935e-13 3.24904e-13 
1.78391e-12 3.09925e-12 4.87919e-12 7.51745e-12 1.15677e-11 1.786e-11 2.76677e-11 4.29172e-11 6.64459e-11 1.02287e-10 1.55918e-10 2.3435e-10 3.45908e-10 4.99531e-10 7.03434e-10 9.63167e-10 1.27929e-09 1.64516e-09 2.0454e-09 2.45581e-09 2.84493e-09 3.17737e-09 3.41849e-09 3.53981e-09 3.52415e-09 3.3696e-09 3.09098e-09 2.71809e-09 2.29061e-09 1.85076e-09 1.4356e-09 1.07143e-09 7.71566e-10 5.37681e-10 3.63442e-10 2.38635e-10 1.52326e-10 9.46163e-11 5.72996e-11 3.39518e-11 1.97848e-11 1.1411e-11 6.56211e-12 3.79274e-12 2.2225e-12 1.33424e-12 8.28517e-13 5.30935e-13 3.38815e-13 1.95474e-13 
9.67976e-13 1.86528e-12 3.03406e-12 4.73133e-12 7.3235e-12 1.13467e-11 1.76225e-11 2.74003e-11 4.2529e-11 6.56519e-11 1.00394e-10 1.51447e-10 2.24463e-10 3.25641e-10 4.60895e-10 6.34602e-10 8.48081e-10 1.09807e-09 1.37567e-09 1.66608e-09 1.94942e-09 2.20259e-09 2.40206e-09 2.52701e-09 2.56261e-09 2.50274e-09 2.35159e-09 2.12373e-09 1.84205e-09 1.53404e-09 1.227e-09 9.43536e-10 6.98714e-10 4.9929e-10 3.45001e-10 2.30937e-10 1.4998e-10 9.46516e-11 5.81705e-11 3.49291e-11 2.0586e-11 1.19773e-11 6.92503e-12 4.00564e-12 2.33509e-12 1.38349e-12 8.41035e-13 5.27181e-13 3.38815e-13 2.09714e-13 
1.03628e-12 1.78391e-12 2.83019e-12 4.41602e-12 6.87027e-12 1.06981e-11 1.66714e-11 2.59404e-11 4.01631e-11 6.16396e-11 9.33911e-11 1.39126e-10 2.03018e-10 2.8922e-10 4.01081e-10 5.40183e-10 7.05312e-10 8.9168e-10 1.09063e-09 1.28998e-09 1.47509e-09 1.63041e-09 1.74139e-09 1.79648e-09 1.78891e-09 1.71797e-09 1.58954e-09 1.41556e-09 1.21235e-09 9.98093e-10 7.8988e-10 6.01217e-10 4.40581e-10 3.11279e-10 2.12383e-10 1.40195e-10 8.97275e-11 5.58299e-11 3.38925e-11 2.01673e-11 1.18276e-11 6.88046e-12 3.9955e-12 2.33055e-12 1.3758e-12 8.27761e-13 5.10984e-13 3.24904e-13 2.09714e-13 1.26858e-13 
5.11515e-13 9.67976e-13 1.57991e-12 2.49369e-12 3.89896e-12 6.08654e-12 9.49989e-12 1.48075e-11 2.29865e-11 3.5414e-11 5.39342e-11 8.08795e-11 1.18969e-10 1.71064e-10 2.39721e-10 3.26598e-10 4.31768e-10 5.53138e-10 6.86105e-10 8.2361e-10 9.56624e-10 1.07501e-09 1.16868e-09 1.22878e-09 1.24895e-09 1.22627e-09 1.16192e-09 1.06125e-09 9.33232e-10 7.89246e-10 6.41392e-10 5.00655e-10 3.75402e-10 2.70579e-10 1.87711e-10 1.25578e-10 8.12239e-11 5.09596e-11 3.11407e-11 1.86287e-11 1.09735e-11 6.40723e-12 3.7326e-12 2.18379e-12 1.29093e-12 7.76321e-13 4.77311e-13 3.01524e-13 1.95474e-13 1.26858e-13 
