1 101 51
4.89995e-14 1.00871e-13 1.63665e-13 2.62455e-13 4.29274e-13 7.2118e-13 1.23224e-12 2.12949e-12 3.68583e-12 6.34291e-12 1.07659e-11 1.79012e-11 2.8984e-11 4.54676e-11 6.88107e-11 1.00128e-10 1.39744e-10 1.86747e-10 2.38748e-10 2.91946e-10 3.416e-10 3.82783e-10 4.11259e-10 4.24216e-10 4.20705e-10 4.01688e-10 3.69742e-10 3.28526e-10 2.82134e-10 2.34491e-10 1.88886e-10 1.47695e-10 1.12301e-10 8.31991e-11 6.01873e-11 4.26153e-11 2.96057e-11 2.02333e-11 1.36383e-11 9.09134e-12 6.0093e-12 3.94737e-12 2.58241e-12 1.68576e-12 1.09716e-12 7.11465e-13 4.56846e-13 2.87743e-13 1.73313e-13 9.61035e-14 5.29927e-14 
1.2469e-13 2.23647e-13 3.58567e-13 5.7864e-13 9.58018e-13 1.62372e-12 2.79235e-12 4.83645e-12 8.36361e-12 1.4334e-11 2.41727e-11 3.98613e-11 6.39222e-11 9.92208e-11 1.4851e-10 2.137e-10 2.94983e-10 3.90037e-10 4.93643e-10 5.97952e-10 6.9349e-10 7.70697e-10 8.2162e-10 8.41311e-10 8.2859e-10 7.8605e-10 7.19346e-10 6.3603e-10 5.44218e-10 4.51396e-10 3.63568e-10 2.84854e-10 2.17487e-10 1.62092e-10 1.18127e-10 8.43206e-11 5.90605e-11 4.06704e-11 2.75937e-11 1.84894e-11 1.2267e-11 8.07995e-12 5.29675e-12 3.46285e-12 2.26019e-12 1.47196e-12 9.55172e-13 6.1224e-13 3.75387e-13 1.72312e-13 1.72312e-13 
1.00871e-13 2.45876e-13 4.07808e-13 6.50076e-13 1.0574e-12 1.76731e-12 3.01377e-12 5.19886e-12 9.00055e-12 1.55167e-11 2.64482e-11 4.42836e-11 7.2422e-11 1.15105e-10 1.77045e-10 2.62619e-10 3.74642e-10 5.12915e-10 6.72956e-10 8.45438e-10 1.01676e-09 1.17087e-09 1.29193e-09 1.36728e-09 1.38968e-09 1.35848e-09 1.27933e-09 1.16273e-09 1.02177e-09 8.69841e-10 7.18725e-10 5.77436e-10 4.51834e-10 3.4485e-10 2.57065e-10 1.8741e-10 1.33807e-10 9.37121e-11 6.45007e-11 4.37272e-11 2.92738e-11 1.94076e-11 1.27796e-11 8.38044e-12 5.48698e-12 3.59182e-12 2.35241e-12 1.53913e-12 9.89963e-13 5.31671e-13 9.61035e-14 
2.23647e-13 4.23392e-13 6.7501e-13 1.07566e-12 1.76401e-12 2.96642e-12 5.07795e-12 8.76966e-12 1.51579e-11 2.60296e-11 4.41093e-11 7.33252e-11 1.1894e-10 1.87401e-10 2.85684e-10 4.19999e-10 5.93846e-10 8.0578e-10 1.04752e-09 1.3033e-09 1.55117e-09 1.76619e-09 1.92502e-09 2.01048e-09 2.01481e-09 1.94077e-09 1.80035e-09 1.61178e-09 1.3957e-09 1.17158e-09 9.55336e-10 7.58153e-10 5.86509e-10 4.42906e-10 3.26902e-10 2.36129e-10 1.6716e-10 1.16177e-10 7.94339e-11 5.35633e-11 3.5721e-11 2.36322e-11 1.55559e-11 1.02171e-11 6.71073e-12 4.41489e-12 2.90934e-12 1.90962e-12 1.14954e-12 3.75387e-13 3.75387e-13 
1.63665e-13 4.07808e-13 6.80635e-13 1.06667e-12 1.70438e-12 2.80866e-12 4.74305e-12 8.13307e-12 1.40381e-11 2.41979e-11 4.13651e-11 6.96733e-11 1.14982e-10 1.85e-10 2.88965e-10 4.36565e-10 6.35899e-10 8.90505e-10 1.19604e-09 1.53773e-09 1.88999e-09 2.21916e-09 2.48925e-09 2.66913e-09 2.73904e-09 2.6944e-09 2.54587e-09 2.31598e-09 2.03357e-09 1.72795e-09 1.42442e-09 1.14172e-09 8.91515e-10 6.79279e-10 5.0573e-10 3.68388e-10 2.6291e-10 1.8413e-10 1.26795e-10 8.60502e-11 5.77117e-11 3.83652e-11 2.53597e-11 1.67175e-11 1.10187e-11 7.27558e-12 4.81817e-12 3.19272e-12 2.03961e-12 9.89963e-13 1.73313e-13 
3.58567e-13 6.7501e-13 1.05978e-12 1.64718e-12 2.63994e-12 4.3652e-12 7.38181e-12 1.26525e-11 2.17928e-11 3.74284e-11 6.36542e-11 1.0653e-10 1.745e-10 2.78449e-10 4.3109e-10 6.4521e-10 9.30511e-10 1.28918e-09 1.71118e-09 2.17128e-09 2.62968e-09 3.03763e-09 3.34684e-09 3.52004e-09 3.53916e-09 3.40846e-09 3.15195e-09 2.8065e-09 2.41318e-09 2.00963e-09 1.6252e-09 1.27931e-09 9.82104e-10 7.36471e-10 5.40241e-10 3.8821e-10 2.73699e-10 1.89677e-10 1.29496e-10 8.73267e-11 5.83407e-11 3.87353e-11 2.56391e-11 1.69643e-11 1.12457e-11 7.47888e-12 4.98664e-12 3.27949e-12 1.90962e-12 6.1224e-13 6.1224e-13 
2.62455e-13 6.50076e-13 1.06667e-12 1.625e-12 2.51952e-12 4.04372e-12 6.69036e-12 1.13057e-11 1.93357e-11 3.31899e-11 5.67361e-11 9.59271e-11 1.59437e-10 2.59117e-10 4.09909e-10 6.28685e-10 9.31452e-10 1.3285e-09 1.81803e-09 2.38001e-09 2.97339e-09 3.5394e-09 4.01173e-09 4.33095e-09 4.45836e-09 4.38443e-09 4.12912e-09 3.73477e-09 3.25466e-09 2.74148e-09 2.23888e-09 1.77756e-09 1.37517e-09 1.03862e-09 7.67061e-10 5.54803e-10 3.93626e-10 2.74448e-10 1.88458e-10 1.2778e-10 8.57995e-11 5.72343e-11 3.80512e-11 2.52858e-11 1.6834e-11 1.1245e-11 7.53744e-12 5.03321e-12 3.19272e-12 1.53913e-12 2.87743e-13 
5.7864e-13 1.07566e-12 1.64718e-12 2.47612e-12 3.83531e-12 6.15372e-12 1.01648e-11 1.71282e-11 2.91812e-11 4.98465e-11 8.47223e-11 1.4229e-10 2.34698e-10 3.7819e-10 5.92659e-10 8.99588e-10 1.31757e-09 1.85514e-09 2.50201e-09 3.22206e-09 3.95233e-09 4.61136e-09 5.11583e-09 5.40047e-09 5.43361e-09 5.223e-09 4.81057e-09 4.25929e-09 3.63761e-09 3.00652e-09 2.41204e-09 1.88323e-09 1.43407e-09 1.06709e-09 7.77205e-10 5.55048e-10 3.89412e-10 2.68983e-10 1.83396e-10 1.23791e-10 8.29857e-11 5.54332e-11 3.7009e-11 2.47551e-11 1.66166e-11 1.11971e-11 7.54954e-12 4.98664e-12 2.90934e-12 9.55172e-13 9.55172e-13 
4.29274e-13 1.0574e-12 1.70438e-12 2.51952e-12 3.7625e-12 5.81877e-12 9.31596e-12 1.53329e-11 2.57158e-11 4.35711e-11 7.39674e-11 1.24851e-10 2.08073e-10 3.40258e-10 5.43053e-10 8.41964e-10 1.26277e-09 1.82457e-09 2.52961e-09 3.35242e-09 4.23342e-09 5.08266e-09 5.79594e-09 6.27921e-09 6.4721e-09 6.36138e-09 5.98005e-09 5.39435e-09 4.68523e-09 3.93114e-09 3.19617e-09 2.52492e-09 1.94269e-09 1.45885e-09 1.07131e-09 7.70822e-10 5.44521e-10 3.78526e-10 2.59621e-10 1.76219e-10 1.18757e-10 7.97313e-11 5.34991e-11 3.597e-11 2.42734e-11 1.64507e-11 1.11764e-11 7.53744e-12 4.81817e-12 2.35241e-12 4.56846e-13 
9.58018e-13 1.76401e-12 2.63994e-12 3.83531e-12 5.70506e-12 8.79727e-12 1.40269e-11 2.29618e-11 3.82634e-11 6.43741e-11 1.08451e-10 1.81555e-10 2.99858e-10 4.85492e-10 7.66274e-10 1.17322e-09 1.73455e-09 2.46537e-09 3.35443e-09 4.35249e-09 5.36995e-09 6.28915e-09 6.99047e-09 7.38295e-09 7.42634e-09 7.13646e-09 6.57399e-09 5.82465e-09 4.97906e-09 4.11786e-09 3.30325e-09 2.57613e-09 1.95754e-09 1.45244e-09 1.05458e-09 7.51009e-10 5.25873e-10 3.63079e-10 2.47951e-10 1.68059e-10 1.13455e-10 7.65435e-11 5.17513e-11 3.51276e-11 2.39526e-11 1.63902e-11 1.11971e-11 7.47888e-12 4.41489e-12 1.47196e-12 1.47196e-12 
7.2118e-13 1.76731e-12 2.80866e-12 4.04372e-12 5.81877e-12 8.62314e-12 1.32415e-11 2.09904e-11 3.41107e-11 5.63829e-11 9.40318e-11 1.56962e-10 2.60196e-10 4.25194e-10 6.80379e-10 1.05976e-09 1.59819e-09 2.32193e-09 3.23449e-09 4.30145e-09 5.44166e-09 6.53371e-09 7.44039e-09 8.04397e-09 8.27664e-09 8.13283e-09 7.6606e-09 6.94083e-09 6.06595e-09 5.12465e-09 4.19288e-09 3.32845e-09 2.56879e-09 1.93168e-09 1.41877e-09 1.02045e-09 7.20765e-10 5.01477e-10 3.44845e-10 2.35231e-10 1.59769e-10 1.08435e-10 7.37592e-11 5.03841e-11 3.45864e-11 2.38414e-11 1.64507e-11 1.1245e-11 7.27558e-12 3.59182e-12 7.11465e-13 
1.62372e-12 2.96642e-12 4.3652e-12 6.15372e-12 8.79727e-12 1.29796e-11 1.98146e-11 3.11732e-11 5.02058e-11 8.21664e-11 1.35596e-10 2.23849e-10 3.66748e-10 5.91758e-10 9.33665e-10 1.43118e-09 2.11879e-09 3.01303e-09 4.09536e-09 5.2985e-09 6.50621e-09 7.5737e-09 8.36453e-09 8.7881e-09 8.81922e-09 8.49198e-09 7.87673e-09 7.05669e-09 6.11456e-09 5.12762e-09 4.16449e-09 3.27988e-09 2.50995e-09 1.87109e-09 1.36278e-09 9.72888e-10 6.8315e-10 4.7359e-10 3.25419e-10 2.22536e-10 1.52037e-10 1.04112e-10 7.16129e-11 4.95192e-11 3.44013e-11 2.39526e-11 1.66166e-11 1.12457e-11 6.71073e-12 2.26019e-12 2.26019e-12 
1.23224e-12 3.01377e-12 4.74305e-12 6.69036e-12 9.31596e-12 1.32415e-11 1.94257e-11 2.94358e-11 4.58805e-11 7.3098e-11 1.18218e-10 1.9264e-10 3.13827e-10 5.0698e-10 8.05633e-10 1.24962e-09 1.87846e-09 2.71876e-09 3.76656e-09 4.97044e-09 6.22563e-09 7.38879e-09 8.31397e-09 8.89517e-09 9.09324e-09 8.93296e-09 8.47628e-09 7.79285e-09 6.94654e-09 5.9982e-09 5.01135e-09 4.0502e-09 3.17025e-09 2.40904e-09 1.78292e-09 1.28995e-09 9.16039e-10 6.41198e-10 4.44352e-10 3.06244e-10 2.10792e-10 1.45425e-10 1.00801e-10 7.02637e-11 4.92246e-11 3.45864e-11 2.42734e-11 1.6834e-11 1.10187e-11 5.48698e-12 1.09716e-12 
2.79235e-12 5.07795e-12 7.38181e-12 1.01648e-11 1.40269e-11 1.98146e-11 2.88626e-11 4.33435e-11 6.68123e-11 1.0509e-10 1.67567e-10 2.68956e-10 4.3122e-10 6.84915e-10 1.06848e-09 1.62336e-09 2.38298e-09 3.35565e-09 4.50575e-09 5.74323e-09 6.93284e-09 7.92697e-09 8.61093e-09 8.93714e-09 8.92751e-09 8.6436e-09 8.14725e-09 7.48035e-09 6.67302e-09 5.76341e-09 4.80729e-09 3.87075e-09 3.01364e-09 2.27614e-09 1.67467e-09 1.20588e-09 8.53982e-10 5.978e-10 4.15735e-10 2.88602e-10 2.00786e-10 1.40375e-10 9.87247e-11 6.9804e-11 4.95192e-11 3.51276e-11 2.47551e-11 1.69643e-11 1.02171e-11 3.46285e-12 3.46285e-12 
2.12949e-12 5.19886e-12 8.13307e-12 1.13057e-11 1.53329e-11 2.09904e-11 2.94358e-11 4.25099e-11 6.31529e-11 9.60862e-11 1.48862e-10 2.33397e-10 3.67891e-10 5.78632e-10 9.00454e-10 1.37375e-09 2.03562e-09 2.90403e-09 3.95835e-09 5.12514e-09 6.28171e-09 7.28444e-09 8.01453e-09 8.41845e-09 8.51834e-09 8.38304e-09 8.07827e-09 7.63278e-09 7.04389e-09 6.30988e-09 5.4574e-09 4.54476e-09 3.64503e-09 2.8232e-09 2.12092e-09 1.55358e-09 1.1159e-09 7.90566e-10 5.55629e-10 3.89515e-10 2.73604e-10 1.93154e-10 1.37212e-10 9.80175e-11 7.02637e-11 5.03841e-11 3.597e-11 2.52858e-11 1.67175e-11 8.38044e-12 1.68576e-12 
4.83645e-12 8.76966e-12 1.26525e-11 1.71282e-11 2.29618e-11 3.11732e-11 4.33435e-11 6.19564e-11 9.08901e-11 1.36188e-10 2.0725e-10 3.18487e-10 4.91226e-10 7.54996e-10 1.14641e-09 1.70291e-09 2.4494e-09 3.37919e-09 4.43696e-09 5.51649e-09 6.48288e-09 7.21593e-09 7.65541e-09 7.82128e-09 7.79139e-09 7.64551e-09 7.41415e-09 7.07237e-09 6.57764e-09 5.91443e-09 5.11406e-09 4.24505e-09 3.38795e-09 2.61018e-09 1.95211e-09 1.42629e-09 1.02497e-09 7.29331e-10 5.17113e-10 3.67254e-10 2.62171e-10 1.88376e-10 1.36136e-10 9.87247e-11 7.16129e-11 5.17513e-11 3.7009e-11 2.56391e-11 1.55559e-11 5.29675e-12 5.29675e-12 
3.68583e-12 9.00055e-12 1.40381e-11 1.93357e-11 2.57158e-11 3.41107e-11 4.58805e-11 6.31529e-11 8.91976e-11 1.28943e-10 1.89774e-10 2.82761e-10 4.24273e-10 6.37607e-10 9.53331e-10 1.40592e-09 2.02381e-09 2.81241e-09 3.73566e-09 4.70799e-09 5.60855e-09 6.319e-09 6.77044e-09 6.97375e-09 7.00984e-09 6.97541e-09 6.91628e-09 6.80191e-09 6.55999e-09 6.13305e-09 5.51432e-09 4.75056e-09 3.92131e-09 3.11071e-09 2.38416e-09 1.7775e-09 1.29891e-09 9.37625e-10 6.73529e-10 4.84429e-10 3.5028e-10 2.5501e-10 1.86749e-10 1.37212e-10 1.00801e-10 7.37592e-11 5.34991e-11 3.80512e-11 2.53597e-11 1.27796e-11 2.58241e-12 
8.36361e-12 1.51579e-11 2.17928e-11 2.91812e-11 3.82634e-11 5.02058e-11 6.68123e-11 9.08901e-11 1.26597e-10 1.79895e-10 2.59264e-10 3.76797e-10 5.4959e-10 8.00869e-10 1.15911e-09 1.65221e-09 2.29435e-09 3.06825e-09 3.9125e-09 4.72673e-09 5.40035e-09 5.85634e-09 6.08889e-09 6.16963e-09 6.20547e-09 6.26432e-09 6.32699e-09 6.30842e-09 6.11964e-09 5.71613e-09 5.11277e-09 4.37261e-09 3.58167e-09 2.82222e-09 2.15341e-09 1.60413e-09 1.17702e-09 8.581e-10 6.26143e-10 4.59481e-10 3.3964e-10 2.52571e-10 1.88376e-10 1.40375e-10 1.04112e-10 7.65435e-11 5.54332e-11 3.87353e-11 2.36322e-11 8.07995e-12 8.07995e-12 
6.34291e-12 1.55167e-11 2.41979e-11 3.31899e-11 4.35711e-11 5.63829e-11 7.3098e-11 9.60862e-11 1.28943e-10 1.76716e-10 2.46151e-10 3.46156e-10 4.88604e-10 6.894e-10 9.69088e-10 1.35085e-09 1.85265e-09 2.47277e-09 3.17488e-09 3.88491e-09 4.50851e-09 4.96645e-09 5.23346e-09 5.35833e-09 5.44205e-09 5.57068e-09 5.749e-09 5.89865e-09 5.91514e-09 5.72437e-09 5.30812e-09 4.70272e-09 3.98202e-09 3.23257e-09 2.53033e-09 1.92549e-09 1.43851e-09 1.06594e-09 7.90413e-10 5.89883e-10 4.43814e-10 3.36014e-10 2.5501e-10 1.93154e-10 1.45425e-10 1.08435e-10 7.97313e-11 5.72343e-11 3.83652e-11 1.94076e-11 3.94737e-12 
1.4334e-11 2.60296e-11 3.74284e-11 4.98465e-11 6.43741e-11 8.21664e-11 1.0509e-10 1.36188e-10 1.79895e-10 2.41962e-10 3.29312e-10 4.50116e-10 6.14267e-10 8.34257e-10 1.12561e-09 1.50428e-09 1.97788e-09 2.53203e-09 3.12146e-09 3.67635e-09 4.12602e-09 4.43159e-09 4.61216e-09 4.74335e-09 4.91232e-09 5.15003e-09 5.40305e-09 5.57097e-09 5.56333e-09 5.33382e-09 4.88861e-09 4.27859e-09 3.58172e-09 2.8806e-09 2.24255e-09 1.70759e-09 1.28709e-09 9.70967e-10 7.38397e-10 5.67048e-10 4.38468e-10 3.3964e-10 2.62171e-10 2.00786e-10 1.52037e-10 1.13455e-10 8.29857e-11 5.83407e-11 3.5721e-11 1.2267e-11 1.2267e-11 
1.07659e-11 2.64482e-11 4.13651e-11 5.67361e-11 7.39674e-11 9.40318e-11 1.18218e-10 1.48862e-10 1.89774e-10 2.46151e-10 3.23974e-10 4.29329e-10 5.68097e-10 7.46346e-10 9.71472e-10 1.25301e-09 1.60001e-09 2.01247e-09 2.47097e-09 2.93462e-09 3.35275e-09 3.68627e-09 3.92979e-09 4.12167e-09 4.32619e-09 4.58627e-09 4.88234e-09 5.13865e-09 5.26598e-09 5.20021e-09 4.91987e-09 4.44749e-09 3.84085e-09 3.17715e-09 2.53296e-09 1.96642e-09 1.50715e-09 1.15666e-09 8.97484e-10 7.05492e-10 5.59242e-10 4.43814e-10 3.5028e-10 2.73604e-10 2.10792e-10 1.59769e-10 1.18757e-10 8.57995e-11 5.77117e-11 2.92738e-11 6.0093e-12 
2.41727e-11 4.41093e-11 6.36542e-11 8.47223e-11 1.08451e-10 1.35596e-10 1.67567e-10 2.0725e-10 2.59264e-10 3.29312e-10 4.22808e-10 5.43681e-10 6.9402e-10 8.74956e-10 1.08858e-09 1.33928e-09 1.6313e-09 1.96211e-09 2.31717e-09 2.67269e-09 3.00469e-09 3.29928e-09 3.56093e-09 3.814e-09 4.0875e-09 4.38578e-09 4.67063e-09 4.87434e-09 4.93049e-09 4.79843e-09 4.47335e-09 3.98597e-09 3.39535e-09 2.77562e-09 2.19739e-09 1.71017e-09 1.33261e-09 1.05471e-09 8.50675e-10 6.9421e-10 5.67048e-10 4.59481e-10 3.67254e-10 2.88602e-10 2.22536e-10 1.68059e-10 1.23791e-10 8.73267e-11 5.35633e-11 1.84894e-11 1.84894e-11 
1.79012e-11 4.42836e-11 6.96733e-11 9.59271e-11 1.24851e-10 1.56962e-10 1.9264e-10 2.33397e-10 2.82761e-10 3.46156e-10 4.29329e-10 5.36109e-10 6.67029e-10 8.19675e-10 9.90625e-10 1.17807e-09 1.3831e-09 1.6081e-09 1.85439e-09 2.1225e-09 2.41344e-09 2.72461e-09 3.04454e-09 3.35811e-09 3.65879e-09 3.94857e-09 4.2202e-09 4.44215e-09 4.5653e-09 4.54417e-09 4.35433e-09 3.99957e-09 3.51252e-09 2.95069e-09 2.38535e-09 1.88265e-09 1.48385e-09 1.19422e-09 9.89097e-10 8.34557e-10 7.05492e-10 5.89883e-10 4.84429e-10 3.89515e-10 3.06244e-10 2.35231e-10 1.76219e-10 1.2778e-10 8.60502e-11 4.37272e-11 9.09134e-12 
3.98613e-11 7.33252e-11 1.0653e-10 1.4229e-10 1.81555e-10 2.23849e-10 2.68956e-10 3.18487e-10 3.76797e-10 4.50116e-10 5.43681e-10 6.5877e-10 7.91979e-10 9.3703e-10 1.08776e-09 1.24055e-09 1.39526e-09 1.55611e-09 1.73507e-09 1.95467e-09 2.23713e-09 2.57974e-09 2.94637e-09 3.29129e-09 3.58834e-09 3.83518e-09 4.03266e-09 4.16485e-09 4.2008e-09 4.11062e-09 3.8789e-09 3.51127e-09 3.0384e-09 2.51622e-09 2.01557e-09 1.60014e-09 1.30097e-09 1.10383e-09 9.66353e-10 8.50675e-10 7.38397e-10 6.26143e-10 5.17113e-10 4.15735e-10 3.25419e-10 2.47951e-10 1.83396e-10 1.29496e-10 7.94339e-11 2.75937e-11 2.75937e-11 
2.8984e-11 7.2422e-11 1.14982e-10 1.59437e-10 2.08073e-10 2.60196e-10 3.13827e-10 3.67891e-10 4.24273e-10 4.88604e-10 5.68097e-10 6.67029e-10 7.83633e-10 9.11045e-10 1.04086e-09 1.16635e-09 1.28422e-09 1.39589e-09 1.51185e-09 1.65978e-09 1.88172e-09 2.20153e-09 2.59062e-09 2.98074e-09 3.30896e-09 3.54906e-09 3.70915e-09 3.80508e-09 3.83756e-09 3.7911e-09 3.64614e-09 3.38946e-09 3.02316e-09 2.5749e-09 2.10187e-09 1.67851e-09 1.36668e-09 1.17908e-09 1.07218e-09 9.89097e-10 8.97484e-10 7.90413e-10 6.73529e-10 5.55629e-10 4.44352e-10 3.44845e-10 2.59621e-10 1.88458e-10 1.26795e-10 6.45007e-11 1.36383e-11 
6.39222e-11 1.1894e-10 1.745e-10 2.34698e-10 2.99858e-10 3.66748e-10 4.3122e-10 4.91226e-10 5.4959e-10 6.14267e-10 6.9402e-10 7.91979e-10 9.03341e-10 1.01884e-09 1.12967e-09 1.23063e-09 1.32143e-09 1.40872e-09 1.51336e-09 1.67765e-09 1.94662e-09 2.32053e-09 2.73722e-09 3.10972e-09 3.37521e-09 3.51888e-09 3.56434e-09 3.54402e-09 3.47527e-09 3.35608e-09 3.17168e-09 2.90428e-09 2.54912e-09 2.13305e-09 1.72026e-09 1.39361e-09 1.20701e-09 1.1358e-09 1.10383e-09 1.05471e-09 9.70967e-10 8.581e-10 7.29331e-10 5.978e-10 4.7359e-10 3.63079e-10 2.68983e-10 1.89677e-10 1.16177e-10 4.06704e-11 4.06704e-11 
4.54676e-11 1.15105e-10 1.85e-10 2.59117e-10 3.40258e-10 4.25194e-10 5.0698e-10 5.78632e-10 6.37607e-10 6.894e-10 7.46346e-10 8.19675e-10 9.11045e-10 1.01239e-09 1.11267e-09 1.20429e-09 1.28617e-09 1.36428e-09 1.45405e-09 1.58764e-09 1.81147e-09 2.15105e-09 2.57143e-09 2.98642e-09 3.30517e-09 3.4748e-09 3.49622e-09 3.40987e-09 3.26575e-09 3.09884e-09 2.9185e-09 2.70845e-09 2.44021e-09 2.10197e-09 1.7259e-09 1.39217e-09 1.19312e-09 1.14923e-09 1.17908e-09 1.19422e-09 1.15666e-09 1.06594e-09 9.37625e-10 7.90566e-10 6.41198e-10 5.01477e-10 3.78526e-10 2.74448e-10 1.8413e-10 9.37121e-11 2.02333e-11 
9.92208e-11 1.87401e-10 2.78449e-10 3.7819e-10 4.85492e-10 5.91758e-10 6.84915e-10 7.54996e-10 8.00869e-10 8.34257e-10 8.74956e-10 9.3703e-10 1.01884e-09 1.10767e-09 1.19128e-09 1.2658e-09 1.33742e-09 1.42141e-09 1.54381e-09 1.74339e-09 2.05453e-09 2.46899e-09 2.91968e-09 3.30759e-09 3.54673e-09 3.59895e-09 3.48269e-09 3.25594e-09 2.98729e-09 2.72971e-09 2.50086e-09 2.27621e-09 2.01264e-09 1.69567e-09 1.37439e-09 1.15548e-09 1.11885e-09 1.20701e-09 1.30097e-09 1.33261e-09 1.28709e-09 1.17702e-09 1.02497e-09 8.53982e-10 6.8315e-10 5.25873e-10 3.89412e-10 2.73699e-10 1.6716e-10 5.90605e-11 5.90605e-11 
6.88107e-11 1.77045e-10 2.88965e-10 4.09909e-10 5.43053e-10 6.80379e-10 8.05633e-10 9.00454e-10 9.53331e-10 9.69088e-10 9.71472e-10 9.90625e-10 1.04086e-09 1.11267e-09 1.18721e-09 1.25331e-09 1.31431e-09 1.38687e-09 1.4977e-09 1.68206e-09 1.97518e-09 2.38519e-09 2.86736e-09 3.33033e-09 3.67029e-09 3.81141e-09 3.73331e-09 3.47344e-09 3.10773e-09 2.72267e-09 2.38752e-09 2.12392e-09 1.89295e-09 1.63708e-09 1.35072e-09 1.11824e-09 1.06579e-09 1.19312e-09 1.36668e-09 1.48385e-09 1.50715e-09 1.43851e-09 1.29891e-09 1.1159e-09 9.16039e-10 7.20765e-10 5.44521e-10 3.93626e-10 2.6291e-10 1.33807e-10 2.96057e-11 
1.4851e-10 2.85684e-10 4.3109e-10 5.92659e-10 7.66274e-10 9.33665e-10 1.06848e-09 1.14641e-09 1.15911e-09 1.12561e-09 1.08858e-09 1.08776e-09 1.12967e-09 1.19128e-09 1.24889e-09 1.29671e-09 1.34925e-09 1.43636e-09 1.59658e-09 1.86833e-09 2.27037e-09 2.7771e-09 3.31186e-09 3.76723e-09 4.04069e-09 4.07057e-09 3.8568e-09 3.45713e-09 2.96454e-09 2.48074e-09 2.08763e-09 1.80507e-09 1.57483e-09 1.3325e-09 1.10373e-09 1.02003e-09 1.15548e-09 1.39361e-09 1.60014e-09 1.71017e-09 1.70759e-09 1.60413e-09 1.42629e-09 1.20588e-09 9.72888e-10 7.51009e-10 5.55048e-10 3.8821e-10 2.36129e-10 8.43206e-11 8.43206e-11 
1.00128e-10 2.62619e-10 4.36565e-10 6.28685e-10 8.41964e-10 1.05976e-09 1.24962e-09 1.37375e-09 1.40592e-09 1.35085e-09 1.25301e-09 1.17807e-09 1.16635e-09 1.20429e-09 1.25331e-09 1.29002e-09 1.31935e-09 1.37083e-09 1.48923e-09 1.72152e-09 2.098e-09 2.61042e-09 3.20015e-09 3.7665e-09 4.19321e-09 4.38381e-09 4.294e-09 3.94619e-09 3.41857e-09 2.81909e-09 2.26203e-09 1.83807e-09 1.55614e-09 1.33585e-09 1.12603e-09 1.01026e-09 1.11824e-09 1.39217e-09 1.67851e-09 1.88265e-09 1.96642e-09 1.92549e-09 1.7775e-09 1.55358e-09 1.28995e-09 1.02045e-09 7.70822e-10 5.54803e-10 3.68388e-10 1.8741e-10 4.26153e-11 
2.137e-10 4.19999e-10 6.4521e-10 8.99588e-10 1.17322e-09 1.43118e-09 1.62336e-09 1.70291e-09 1.65221e-09 1.50428e-09 1.33928e-09 1.24055e-09 1.23063e-09 1.2658e-09 1.29671e-09 1.30797e-09 1.32054e-09 1.38211e-09 1.55122e-09 1.87362e-09 2.35923e-09 2.97008e-09 3.62117e-09 4.19546e-09 4.573e-09 4.66686e-09 4.45298e-09 3.97758e-09 3.33798e-09 2.65562e-09 2.05805e-09 1.63921e-09 1.38161e-09 1.18729e-09 1.05128e-09 1.10373e-09 1.37439e-09 1.72026e-09 2.01557e-09 2.19739e-09 2.24255e-09 2.15341e-09 1.95211e-09 1.67467e-09 1.36278e-09 1.05458e-09 7.77205e-10 5.40241e-10 3.26902e-10 1.18127e-10 1.18127e-10 
1.39744e-10 3.74642e-10 6.35899e-10 9.31452e-10 1.26277e-09 1.59819e-09 1.87846e-09 2.03562e-09 2.02381e-09 1.85265e-09 1.60001e-09 1.3831e-09 1.28422e-09 1.28617e-09 1.31431e-09 1.31935e-09 1.30171e-09 1.30291e-09 1.38991e-09 1.62755e-09 2.04675e-09 2.63157e-09 3.31973e-09 4.00713e-09 4.56508e-09 4.8731e-09 4.85734e-09 4.5172e-09 3.92296e-09 3.18928e-09 2.45317e-09 1.85885e-09 1.48936e-09 1.27966e-09 1.13684e-09 1.12603e-09 1.35072e-09 1.7259e-09 2.10187e-09 2.38535e-09 2.53296e-09 2.53033e-09 2.38416e-09 2.12092e-09 1.78292e-09 1.41877e-09 1.07131e-09 7.67061e-10 5.0573e-10 2.57065e-10 6.01873e-11 
2.94983e-10 5.93846e-10 9.30511e-10 1.31757e-09 1.73455e-09 2.11879e-09 2.38298e-09 2.4494e-09 2.29435e-09 1.97788e-09 1.6313e-09 1.39526e-09 1.32143e-09 1.33742e-09 1.34925e-09 1.32054e-09 1.2737e-09 1.27354e-09 1.40237e-09 1.71734e-09 2.22538e-09 2.88927e-09 3.62937e-09 4.3258e-09 4.84021e-09 5.05555e-09 4.91687e-09 4.45064e-09 3.74992e-09 2.94626e-09 2.19917e-09 1.66867e-09 1.39237e-09 1.2463e-09 1.18729e-09 1.3325e-09 1.69567e-09 2.13305e-09 2.51622e-09 2.77562e-09 2.8806e-09 2.82222e-09 2.61018e-09 2.27614e-09 1.87109e-09 1.45244e-09 1.06709e-09 7.36471e-10 4.42906e-10 1.62092e-10 1.62092e-10 
1.86747e-10 5.12915e-10 8.90505e-10 1.3285e-09 1.82457e-09 2.32193e-09 2.71876e-09 2.90403e-09 2.81241e-09 2.47277e-09 2.01247e-09 1.6081e-09 1.39589e-09 1.36428e-09 1.38687e-09 1.37083e-09 1.30291e-09 1.23096e-09 1.24233e-09 1.42353e-09 1.81023e-09 2.38785e-09 3.10557e-09 3.86812e-09 4.53962e-09 4.97594e-09 5.07229e-09 4.80107e-09 4.21721e-09 3.43286e-09 2.59988e-09 1.91099e-09 1.51888e-09 1.35812e-09 1.27966e-09 1.33585e-09 1.63708e-09 2.10197e-09 2.5749e-09 2.95069e-09 3.17715e-09 3.23257e-09 3.11071e-09 2.8232e-09 2.40904e-09 1.93168e-09 1.45885e-09 1.03862e-09 6.79279e-10 3.4485e-10 8.31991e-11 
3.90037e-10 8.0578e-10 1.28918e-09 1.85514e-09 2.46537e-09 3.01303e-09 3.35565e-09 3.37919e-09 3.06825e-09 2.53203e-09 1.96211e-09 1.55611e-09 1.40872e-09 1.42141e-09 1.43636e-09 1.38211e-09 1.27354e-09 1.18395e-09 1.2171e-09 1.44848e-09 1.88877e-09 2.51102e-09 3.25212e-09 3.99768e-09 4.59875e-09 4.91721e-09 4.87426e-09 4.47565e-09 3.79955e-09 2.97325e-09 2.18253e-09 1.65688e-09 1.45984e-09 1.39237e-09 1.38161e-09 1.57483e-09 2.01264e-09 2.54912e-09 3.0384e-09 3.39535e-09 3.58172e-09 3.58167e-09 3.38795e-09 3.01364e-09 2.50995e-09 1.95754e-09 1.43407e-09 9.82104e-10 5.86509e-10 2.17487e-10 2.17487e-10 
2.38748e-10 6.72956e-10 1.19604e-09 1.81803e-09 2.52961e-09 3.23449e-09 3.76656e-09 3.95835e-09 3.73566e-09 3.17488e-09 2.47097e-09 1.85439e-09 1.51185e-09 1.45405e-09 1.4977e-09 1.48923e-09 1.38991e-09 1.24233e-09 1.14194e-09 1.19785e-09 1.46399e-09 1.93354e-09 2.57094e-09 3.29406e-09 3.96968e-09 4.44955e-09 4.62009e-09 4.43944e-09 3.94247e-09 3.21975e-09 2.42205e-09 1.79735e-09 1.54994e-09 1.51888e-09 1.48936e-09 1.55614e-09 1.89295e-09 2.44021e-09 3.02316e-09 3.51252e-09 3.84085e-09 3.98202e-09 3.92131e-09 3.64503e-09 3.17025e-09 2.56879e-09 1.94269e-09 1.37517e-09 8.91515e-10 4.51834e-10 1.12301e-10 
4.93643e-10 1.04752e-09 1.71118e-09 2.50201e-09 3.35443e-09 4.09536e-09 4.50575e-09 4.43696e-09 3.9125e-09 3.12146e-09 2.31717e-09 1.73507e-09 1.51336e-09 1.54381e-09 1.59658e-09 1.55122e-09 1.40237e-09 1.2171e-09 1.10703e-09 1.17521e-09 1.45387e-09 1.92609e-09 2.54074e-09 3.1925e-09 3.74279e-09 4.06578e-09 4.08704e-09 3.79998e-09 3.25443e-09 2.55287e-09 1.91091e-09 1.62871e-09 1.65688e-09 1.66867e-09 1.63921e-09 1.80507e-09 2.27621e-09 2.90428e-09 3.51127e-09 3.98597e-09 4.27859e-09 4.37261e-09 4.24505e-09 3.87075e-09 3.27988e-09 2.57613e-09 1.88323e-09 1.27931e-09 7.58153e-10 2.84854e-10 2.84854e-10 
2.91946e-10 8.45438e-10 1.53773e-09 2.38001e-09 3.35242e-09 4.30145e-09 4.97044e-09 5.12514e-09 4.70799e-09 3.88491e-09 2.93462e-09 2.1225e-09 1.65978e-09 1.58764e-09 1.68206e-09 1.72152e-09 1.62755e-09 1.42353e-09 1.19785e-09 1.07166e-09 1.13526e-09 1.40431e-09 1.84969e-09 2.39617e-09 2.92526e-09 3.31575e-09 3.48047e-09 3.38456e-09 3.04294e-09 2.5127e-09 1.95016e-09 1.68302e-09 1.79735e-09 1.91099e-09 1.85885e-09 1.83807e-09 2.12392e-09 2.70845e-09 3.38946e-09 3.99957e-09 4.44749e-09 4.70272e-09 4.75056e-09 4.54476e-09 4.0502e-09 3.32845e-09 2.52492e-09 1.77756e-09 1.14172e-09 5.77436e-10 1.47695e-10 
5.97952e-10 1.3033e-09 2.17128e-09 3.22206e-09 4.35249e-09 5.2985e-09 5.74323e-09 5.51649e-09 4.72673e-09 3.67635e-09 2.67269e-09 1.95467e-09 1.67765e-09 1.74339e-09 1.86833e-09 1.87362e-09 1.71734e-09 1.44848e-09 1.17521e-09 1.02279e-09 1.0666e-09 1.30716e-09 1.6947e-09 2.13342e-09 2.51286e-09 2.74586e-09 2.78531e-09 2.62418e-09 2.28793e-09 1.8747e-09 1.68244e-09 1.91091e-09 2.18253e-09 2.19917e-09 2.05805e-09 2.08763e-09 2.50086e-09 3.17168e-09 3.8789e-09 4.47335e-09 4.88861e-09 5.11277e-09 5.11406e-09 4.80729e-09 4.16449e-09 3.30325e-09 2.41204e-09 1.6252e-09 9.55336e-10 3.63568e-10 3.63568e-10 
3.416e-10 1.01676e-09 1.88999e-09 2.97339e-09 4.23342e-09 5.44166e-09 6.22563e-09 6.28171e-09 5.60855e-09 4.50851e-09 3.35275e-09 2.41344e-09 1.88172e-09 1.81147e-09 1.97518e-09 2.098e-09 2.04675e-09 1.81023e-09 1.46399e-09 1.13526e-09 9.49607e-10 9.65533e-10 1.16325e-09 1.46928e-09 1.78352e-09 2.02069e-09 2.13015e-09 2.09525e-09 1.92573e-09 1.68013e-09 1.59813e-09 1.95016e-09 2.42205e-09 2.59988e-09 2.45317e-09 2.26203e-09 2.38752e-09 2.9185e-09 3.64614e-09 4.35433e-09 4.91987e-09 5.30812e-09 5.51432e-09 5.4574e-09 5.01135e-09 4.19288e-09 3.19617e-09 2.23888e-09 1.42442e-09 7.18725e-10 1.88886e-10 
6.9349e-10 1.55117e-09 2.62968e-09 3.95233e-09 5.36995e-09 6.50621e-09 6.93284e-09 6.48288e-09 5.40035e-09 4.12602e-09 3.00469e-09 2.23713e-09 1.94662e-09 2.05453e-09 2.27037e-09 2.35923e-09 2.22538e-09 1.88877e-09 1.45387e-09 1.0666e-09 8.49428e-10 8.37816e-10 9.8552e-10 1.20329e-09 1.40359e-09 1.53135e-09 1.56537e-09 1.50997e-09 1.40416e-09 1.42736e-09 1.8747e-09 2.55287e-09 2.97325e-09 2.94626e-09 2.65562e-09 2.48074e-09 2.72971e-09 3.35608e-09 4.11062e-09 4.79843e-09 5.33382e-09 5.71613e-09 5.91443e-09 5.76341e-09 5.12762e-09 4.11786e-09 3.00652e-09 2.00963e-09 1.17158e-09 4.51396e-10 4.51396e-10 
3.82783e-10 1.17087e-09 2.21916e-09 3.5394e-09 5.08266e-09 6.53371e-09 7.38879e-09 7.28444e-09 6.319e-09 4.96645e-09 3.68627e-09 2.72461e-09 2.20153e-09 2.15105e-09 2.38519e-09 2.61042e-09 2.63157e-09 2.38785e-09 1.93354e-09 1.40431e-09 9.65533e-10 7.29018e-10 6.96743e-10 7.96472e-10 9.36699e-10 1.05131e-09 1.11196e-09 1.11957e-09 1.1049e-09 1.19855e-09 1.68013e-09 2.5127e-09 3.21975e-09 3.43286e-09 3.18928e-09 2.81909e-09 2.72267e-09 3.09884e-09 3.7911e-09 4.54417e-09 5.20021e-09 5.72437e-09 6.13305e-09 6.30988e-09 5.9982e-09 5.12465e-09 3.93114e-09 2.74148e-09 1.72795e-09 8.69841e-10 2.34491e-10 
7.70697e-10 1.76619e-09 3.03763e-09 4.61136e-09 6.28915e-09 7.5737e-09 7.92697e-09 7.21593e-09 5.85634e-09 4.43159e-09 3.29928e-09 2.57974e-09 2.32053e-09 2.46899e-09 2.7771e-09 2.97008e-09 2.88927e-09 2.51102e-09 1.92609e-09 1.30716e-09 8.37816e-10 6.01171e-10 5.57832e-10 6.1892e-10 7.0238e-10 7.64943e-10 8.00032e-10 8.31814e-10 9.54284e-10 1.40416e-09 2.28793e-09 3.25443e-09 3.79955e-09 3.74992e-09 3.33798e-09 2.96454e-09 2.98729e-09 3.47527e-09 4.2008e-09 4.93049e-09 5.56333e-09 6.11964e-09 6.57764e-09 6.67302e-09 6.11456e-09 4.97906e-09 3.63761e-09 2.41318e-09 1.3957e-09 5.44218e-10 5.44218e-10 
4.11259e-10 1.29193e-09 2.48925e-09 4.01173e-09 5.79594e-09 7.44039e-09 8.31397e-09 8.01453e-09 6.77044e-09 5.23346e-09 3.9298e-09 3.04454e-09 2.59062e-09 2.57143e-09 2.86736e-09 3.20015e-09 3.31973e-09 3.10557e-09 2.57094e-09 1.84969e-09 1.16325e-09 6.96743e-10 4.7876e-10 4.3278e-10 4.67623e-10 5.17568e-10 5.60305e-10 6.09625e-10 7.30587e-10 1.1049e-09 1.92573e-09 3.04294e-09 3.94247e-09 4.21721e-09 3.92296e-09 3.41857e-09 3.10773e-09 3.26575e-09 3.83756e-09 4.5653e-09 5.26598e-09 5.91514e-09 6.55999e-09 7.04389e-09 6.94654e-09 6.06595e-09 4.68523e-09 3.25466e-09 2.03357e-09 1.02177e-09 2.82134e-10 
8.2162e-10 1.92502e-09 3.34684e-09 5.11583e-09 6.99047e-09 8.36453e-09 8.61093e-09 7.65541e-09 6.08889e-09 4.61216e-09 3.56093e-09 2.94637e-09 2.73722e-09 2.91968e-09 3.31186e-09 3.62117e-09 3.62937e-09 3.25212e-09 2.54074e-09 1.6947e-09 9.8552e-10 5.57832e-10 3.69982e-10 3.26662e-10 3.4778e-10 3.86484e-10 4.39138e-10 5.45474e-10 8.31814e-10 1.50997e-09 2.62418e-09 3.79998e-09 4.47565e-09 4.45064e-09 3.97758e-09 3.45713e-09 3.25594e-09 3.54402e-09 4.16485e-09 4.87434e-09 5.57097e-09 6.30842e-09 7.07237e-09 7.48035e-09 7.05669e-09 5.82465e-09 4.25929e-09 2.8065e-09 1.61178e-09 6.3603e-10 6.3603e-10 
4.24216e-10 1.36728e-09 2.66913e-09 4.33095e-09 6.27921e-09 8.04397e-09 8.89517e-09 8.41845e-09 6.97375e-09 5.35833e-09 4.12167e-09 3.35811e-09 2.98074e-09 2.98642e-09 3.33033e-09 3.7665e-09 4.00713e-09 3.86812e-09 3.29406e-09 2.39617e-09 1.46928e-09 7.96472e-10 4.3278e-10 2.77128e-10 2.39194e-10 2.59204e-10 3.07983e-10 3.99105e-10 6.09625e-10 1.11957e-09 2.09525e-09 3.38456e-09 4.43944e-09 4.80107e-09 4.5172e-09 3.94619e-09 3.47344e-09 3.40987e-09 3.80508e-09 4.44215e-09 5.13865e-09 5.89865e-09 6.80191e-09 7.63278e-09 7.79285e-09 6.94083e-09 5.39435e-09 3.73477e-09 2.31598e-09 1.16273e-09 3.28526e-10 
8.41311e-10 2.01048e-09 3.52004e-09 5.40047e-09 7.38295e-09 8.7881e-09 8.93714e-09 7.82128e-09 6.16963e-09 4.74335e-09 3.814e-09 3.29129e-09 3.10972e-09 3.30759e-09 3.76723e-09 4.19546e-09 4.3258e-09 3.99768e-09 3.1925e-09 2.13342e-09 1.20329e-09 6.1892e-10 3.26662e-10 1.98187e-10 1.68305e-10 2.02304e-10 2.81639e-10 4.39138e-10 8.00032e-10 1.56537e-09 2.78531e-09 4.08704e-09 4.87426e-09 4.91687e-09 4.45298e-09 3.8568e-09 3.48269e-09 3.56434e-09 4.03266e-09 4.67063e-09 5.40305e-09 6.32699e-09 7.41415e-09 8.14725e-09 7.87673e-09 6.57399e-09 4.81057e-09 3.15195e-09 1.80035e-09 7.19346e-10 7.19346e-10 
4.20705e-10 1.38968e-09 2.73904e-09 4.45836e-09 6.4721e-09 8.27664e-09 9.09324e-09 8.51834e-09 7.00984e-09 5.44205e-09 4.32619e-09 3.65879e-09 3.30896e-09 3.30517e-09 3.67029e-09 4.19321e-09 4.56508e-09 4.53962e-09 3.96968e-09 2.92526e-09 1.78352e-09 9.36699e-10 4.67623e-10 2.39194e-10 1.29476e-10 1.15269e-10 1.81966e-10 3.07983e-10 5.60305e-10 1.11196e-09 2.13015e-09 3.48047e-09 4.62009e-09 5.07229e-09 4.85734e-09 4.294e-09 3.73331e-09 3.49622e-09 3.70915e-09 4.2202e-09 4.88234e-09 5.749e-09 6.91628e-09 8.07827e-09 8.47628e-09 7.6606e-09 5.98005e-09 4.12912e-09 2.54587e-09 1.27933e-09 3.69742e-10 
8.2859e-10 2.01481e-09 3.53916e-09 5.43361e-09 7.42634e-09 8.81922e-09 8.92751e-09 7.79139e-09 6.20547e-09 4.91232e-09 4.0875e-09 3.58834e-09 3.37521e-09 3.54673e-09 4.04069e-09 4.573e-09 4.84021e-09 4.59875e-09 3.74279e-09 2.51286e-09 1.40359e-09 7.0238e-10 3.4778e-10 1.68305e-10 6.85702e-11 9.2846e-11 2.02304e-10 3.86484e-10 7.64943e-10 1.53135e-09 2.74586e-09 4.06578e-09 4.91721e-09 5.05555e-09 4.66686e-09 4.07057e-09 3.59895e-09 3.51888e-09 3.83518e-09 4.38578e-09 5.15003e-09 6.26432e-09 7.64551e-09 8.6436e-09 8.49198e-09 7.13646e-09 5.223e-09 3.40846e-09 1.94077e-09 7.8605e-10 7.8605e-10 
4.01688e-10 1.35848e-09 2.6944e-09 4.38443e-09 6.36138e-09 8.13283e-09 8.93296e-09 8.38304e-09 6.97541e-09 5.57068e-09 4.58627e-09 3.94857e-09 3.54906e-09 3.4748e-09 3.81141e-09 4.38381e-09 4.8731e-09 4.97594e-09 4.44955e-09 3.31575e-09 2.02069e-09 1.05131e-09 5.17568e-10 2.59204e-10 1.15269e-10 2.98536e-11 1.15269e-10 2.59204e-10 5.17568e-10 1.05131e-09 2.02069e-09 3.31575e-09 4.44955e-09 4.97594e-09 4.8731e-09 4.38381e-09 3.81141e-09 3.4748e-09 3.54906e-09 3.94857e-09 4.58627e-09 5.57068e-09 6.97541e-09 8.38304e-09 8.93296e-09 8.13283e-09 6.36138e-09 4.38443e-09 2.6944e-09 1.35848e-09 4.01688e-10 
7.8605e-10 1.94077e-09 3.40846e-09 5.223e-09 7.13646e-09 8.49198e-09 8.6436e-09 7.64551e-09 6.26432e-09 5.15003e-09 4.38578e-09 3.83518e-09 3.51888e-09 3.59895e-09 4.07057e-09 4.66686e-09 5.05555e-09 4.91721e-09 4.06578e-09 2.74586e-09 1.53135e-09 7.64943e-10 3.86484e-10 2.02304e-10 9.2846e-11 6.85702e-11 1.68305e-10 3.4778e-10 7.0238e-10 1.40359e-09 2.51286e-09 3.74279e-09 4.59875e-09 4.84021e-09 4.573e-09 4.04069e-09 3.54673e-09 3.37521e-09 3.58834e-09 4.0875e-09 4.91232e-09 6.20547e-09 7.79139e-09 8.92751e-09 8.81922e-09 7.42634e-09 5.43361e-09 3.53916e-09 2.01481e-09 8.2859e-10 8.2859e-10 
3.69742e-10 1.27933e-09 2.54587e-09 4.12912e-09 5.98005e-09 7.6606e-09 8.47628e-09 8.07827e-09 6.91628e-09 5.749e-09 4.88234e-09 4.2202e-09 3.70915e-09 3.49622e-09 3.73331e-09 4.294e-09 4.85734e-09 5.07229e-09 4.62009e-09 3.48047e-09 2.13015e-09 1.11196e-09 5.60305e-10 3.07983e-10 1.81966e-10 1.15269e-10 1.29476e-10 2.39194e-10 4.67623e-10 9.36699e-10 1.78352e-09 2.92526e-09 3.96968e-09 4.53962e-09 4.56508e-09 4.19321e-09 3.67029e-09 3.30517e-09 3.30896e-09 3.65879e-09 4.32619e-09 5.44205e-09 7.00984e-09 8.51834e-09 9.09324e-09 8.27664e-09 6.4721e-09 4.45836e-09 2.73904e-09 1.38968e-09 4.20705e-10 
7.19346e-10 1.80035e-09 3.15195e-09 4.81057e-09 6.57399e-09 7.87673e-09 8.14725e-09 7.41415e-09 6.32699e-09 5.40305e-09 4.67063e-09 4.03266e-09 3.56434e-09 3.48269e-09 3.8568e-09 4.45298e-09 4.91687e-09 4.87426e-09 4.08704e-09 2.78531e-09 1.56537e-09 8.00032e-10 4.39138e-10 2.81639e-10 2.02304e-10 1.68305e-10 1.98187e-10 3.26662e-10 6.1892e-10 1.20329e-09 2.13342e-09 3.1925e-09 3.99768e-09 4.3258e-09 4.19546e-09 3.76723e-09 3.30759e-09 3.10972e-09 3.29129e-09 3.814e-09 4.74335e-09 6.16963e-09 7.82128e-09 8.93714e-09 8.7881e-09 7.38295e-09 5.40047e-09 3.52004e-09 2.01048e-09 8.41311e-10 8.41311e-10 
3.28526e-10 1.16273e-09 2.31598e-09 3.73477e-09 5.39435e-09 6.94083e-09 7.79285e-09 7.63278e-09 6.80191e-09 5.89865e-09 5.13865e-09 4.44215e-09 3.80508e-09 3.40987e-09 3.47344e-09 3.94619e-09 4.5172e-09 4.80107e-09 4.43944e-09 3.38456e-09 2.09525e-09 1.11957e-09 6.09625e-10 3.99105e-10 3.07983e-10 2.59204e-10 2.39194e-10 2.77128e-10 4.3278e-10 7.96472e-10 1.46928e-09 2.39617e-09 3.29406e-09 3.86812e-09 4.00713e-09 3.7665e-09 3.33033e-09 2.98642e-09 2.98074e-09 3.35811e-09 4.12167e-09 5.35833e-09 6.97375e-09 8.41845e-09 8.89517e-09 8.04397e-09 6.27921e-09 4.33095e-09 2.66913e-09 1.36728e-09 4.24216e-10 
6.3603e-10 1.61178e-09 2.8065e-09 4.25929e-09 5.82465e-09 7.05669e-09 7.48035e-09 7.07237e-09 6.30842e-09 5.57097e-09 4.87434e-09 4.16485e-09 3.54402e-09 3.25594e-09 3.45713e-09 3.97758e-09 4.45064e-09 4.47565e-09 3.79998e-09 2.62418e-09 1.50997e-09 8.31814e-10 5.45474e-10 4.39138e-10 3.86484e-10 3.4778e-10 3.26662e-10 3.69982e-10 5.57832e-10 9.8552e-10 1.6947e-09 2.54074e-09 3.25212e-09 3.62937e-09 3.62117e-09 3.31186e-09 2.91968e-09 2.73722e-09 2.94637e-09 3.56093e-09 4.61216e-09 6.08889e-09 7.65541e-09 8.61093e-09 8.36453e-09 6.99047e-09 5.11583e-09 3.34684e-09 1.92502e-09 8.2162e-10 8.2162e-10 
2.82134e-10 1.02177e-09 2.03357e-09 3.25466e-09 4.68523e-09 6.06595e-09 6.94654e-09 7.04389e-09 6.55999e-09 5.91514e-09 5.26598e-09 4.5653e-09 3.83756e-09 3.26575e-09 3.10773e-09 3.41857e-09 3.92296e-09 4.21721e-09 3.94247e-09 3.04294e-09 1.92573e-09 1.1049e-09 7.30587e-10 6.09625e-10 5.60305e-10 5.17568e-10 4.67623e-10 4.3278e-10 4.7876e-10 6.96743e-10 1.16325e-09 1.84969e-09 2.57094e-09 3.10557e-09 3.31973e-09 3.20015e-09 2.86736e-09 2.57143e-09 2.59062e-09 3.04454e-09 3.92979e-09 5.23346e-09 6.77044e-09 8.01453e-09 8.31397e-09 7.44039e-09 5.79594e-09 4.01173e-09 2.48925e-09 1.29193e-09 4.11259e-10 
5.44218e-10 1.3957e-09 2.41318e-09 3.63761e-09 4.97906e-09 6.11456e-09 6.67302e-09 6.57764e-09 6.11964e-09 5.56333e-09 4.93049e-09 4.2008e-09 3.47527e-09 2.98729e-09 2.96454e-09 3.33798e-09 3.74992e-09 3.79955e-09 3.25443e-09 2.28793e-09 1.40416e-09 9.54284e-10 8.31814e-10 8.00032e-10 7.64943e-10 7.0238e-10 6.1892e-10 5.57832e-10 6.01171e-10 8.37816e-10 1.30716e-09 1.92609e-09 2.51102e-09 2.88927e-09 2.97008e-09 2.7771e-09 2.46899e-09 2.32053e-09 2.57974e-09 3.29928e-09 4.43159e-09 5.85634e-09 7.21593e-09 7.92697e-09 7.5737e-09 6.28915e-09 4.61136e-09 3.03763e-09 1.76619e-09 7.70697e-10 7.70697e-10 
2.34491e-10 8.69841e-10 1.72795e-09 2.74148e-09 3.93114e-09 5.12465e-09 5.9982e-09 6.30988e-09 6.13305e-09 5.72437e-09 5.20021e-09 4.54417e-09 3.7911e-09 3.09884e-09 2.72267e-09 2.81909e-09 3.18928e-09 3.43286e-09 3.21975e-09 2.5127e-09 1.68013e-09 1.19855e-09 1.1049e-09 1.11957e-09 1.11196e-09 1.05131e-09 9.36699e-10 7.96472e-10 6.96743e-10 7.29018e-10 9.65533e-10 1.40431e-09 1.93354e-09 2.38785e-09 2.63157e-09 2.61042e-09 2.38519e-09 2.15105e-09 2.20153e-09 2.72461e-09 3.68627e-09 4.96645e-09 6.319e-09 7.28444e-09 7.38879e-09 6.53371e-09 5.08266e-09 3.5394e-09 2.21916e-09 1.17087e-09 3.82783e-10 
4.51396e-10 1.17158e-09 2.00963e-09 3.00652e-09 4.11786e-09 5.12762e-09 5.76341e-09 5.91443e-09 5.71613e-09 5.33382e-09 4.79843e-09 4.11062e-09 3.35608e-09 2.72971e-09 2.48074e-09 2.65562e-09 2.94626e-09 2.97325e-09 2.55287e-09 1.8747e-09 1.42736e-09 1.40416e-09 1.50997e-09 1.56537e-09 1.53135e-09 1.40359e-09 1.20329e-09 9.8552e-10 8.37816e-10 8.49428e-10 1.0666e-09 1.45387e-09 1.88877e-09 2.22538e-09 2.35923e-09 2.27037e-09 2.05453e-09 1.94662e-09 2.23713e-09 3.00469e-09 4.12602e-09 5.40035e-09 6.48288e-09 6.93284e-09 6.50621e-09 5.36995e-09 3.95233e-09 2.62968e-09 1.55117e-09 6.9349e-10 6.9349e-10 
1.88886e-10 7.18725e-10 1.42442e-09 2.23888e-09 3.19617e-09 4.19288e-09 5.01135e-09 5.4574e-09 5.51432e-09 5.30812e-09 4.91987e-09 4.35433e-09 3.64614e-09 2.9185e-09 2.38752e-09 2.26203e-09 2.45317e-09 2.59988e-09 2.42205e-09 1.95016e-09 1.59813e-09 1.68013e-09 1.92573e-09 2.09525e-09 2.13015e-09 2.02069e-09 1.78352e-09 1.46928e-09 1.16325e-09 9.65533e-10 9.49607e-10 1.13526e-09 1.46399e-09 1.81023e-09 2.04675e-09 2.098e-09 1.97518e-09 1.81147e-09 1.88172e-09 2.41344e-09 3.35275e-09 4.50851e-09 5.60855e-09 6.28171e-09 6.22563e-09 5.44166e-09 4.23342e-09 2.97339e-09 1.88999e-09 1.01676e-09 3.416e-10 
3.63568e-10 9.55336e-10 1.6252e-09 2.41204e-09 3.30325e-09 4.16449e-09 4.80729e-09 5.11406e-09 5.11277e-09 4.88861e-09 4.47335e-09 3.8789e-09 3.17168e-09 2.50086e-09 2.08763e-09 2.05805e-09 2.19917e-09 2.18253e-09 1.91091e-09 1.68244e-09 1.8747e-09 2.28793e-09 2.62418e-09 2.78531e-09 2.74586e-09 2.51286e-09 2.13342e-09 1.6947e-09 1.30716e-09 1.0666e-09 1.02279e-09 1.17521e-09 1.44848e-09 1.71734e-09 1.87362e-09 1.86833e-09 1.74339e-09 1.67765e-09 1.95467e-09 2.67269e-09 3.67635e-09 4.72673e-09 5.51649e-09 5.74323e-09 5.2985e-09 4.35249e-09 3.22206e-09 2.17128e-09 1.3033e-09 5.97952e-10 5.97952e-10 
1.47695e-10 5.77436e-10 1.14172e-09 1.77756e-09 2.52492e-09 3.32845e-09 4.0502e-09 4.54476e-09 4.75056e-09 4.70272e-09 4.44749e-09 3.99957e-09 3.38946e-09 2.70845e-09 2.12392e-09 1.83807e-09 1.85885e-09 1.91099e-09 1.79735e-09 1.68302e-09 1.95016e-09 2.5127e-09 3.04294e-09 3.38456e-09 3.48047e-09 3.31575e-09 2.92526e-09 2.39617e-09 1.84969e-09 1.40431e-09 1.13526e-09 1.07166e-09 1.19785e-09 1.42353e-09 1.62755e-09 1.72152e-09 1.68206e-09 1.58764e-09 1.65978e-09 2.1225e-09 2.93462e-09 3.88491e-09 4.70799e-09 5.12514e-09 4.97044e-09 4.30145e-09 3.35242e-09 2.38001e-09 1.53773e-09 8.45438e-10 2.91946e-10 
2.84854e-10 7.58153e-10 1.27931e-09 1.88323e-09 2.57613e-09 3.27988e-09 3.87075e-09 4.24505e-09 4.37261e-09 4.27859e-09 3.98597e-09 3.51127e-09 2.90428e-09 2.27621e-09 1.80507e-09 1.63921e-09 1.66867e-09 1.65688e-09 1.62871e-09 1.91091e-09 2.55287e-09 3.25443e-09 3.79998e-09 4.08704e-09 4.06578e-09 3.74279e-09 3.1925e-09 2.54074e-09 1.92609e-09 1.45387e-09 1.17521e-09 1.10703e-09 1.2171e-09 1.40237e-09 1.55122e-09 1.59658e-09 1.54381e-09 1.51336e-09 1.73507e-09 2.31717e-09 3.12146e-09 3.9125e-09 4.43696e-09 4.50575e-09 4.09536e-09 3.35443e-09 2.50201e-09 1.71118e-09 1.04752e-09 4.93643e-10 4.93643e-10 
1.12301e-10 4.51834e-10 8.91515e-10 1.37517e-09 1.94269e-09 2.56879e-09 3.17025e-09 3.64503e-09 3.92131e-09 3.98202e-09 3.84085e-09 3.51252e-09 3.02316e-09 2.44021e-09 1.89295e-09 1.55614e-09 1.48936e-09 1.51888e-09 1.54994e-09 1.79735e-09 2.42205e-09 3.21975e-09 3.94247e-09 4.43944e-09 4.62009e-09 4.44955e-09 3.96968e-09 3.29406e-09 2.57094e-09 1.93354e-09 1.46399e-09 1.19785e-09 1.14194e-09 1.24233e-09 1.38991e-09 1.48923e-09 1.4977e-09 1.45405e-09 1.51185e-09 1.85439e-09 2.47097e-09 3.17488e-09 3.73566e-09 3.95835e-09 3.76656e-09 3.23449e-09 2.52961e-09 1.81803e-09 1.19604e-09 6.72956e-10 2.38748e-10 
2.17487e-10 5.86509e-10 9.82104e-10 1.43407e-09 1.95754e-09 2.50995e-09 3.01364e-09 3.38795e-09 3.58167e-09 3.58172e-09 3.39535e-09 3.0384e-09 2.54912e-09 2.01264e-09 1.57483e-09 1.38161e-09 1.39237e-09 1.45984e-09 1.65688e-09 2.18253e-09 2.97325e-09 3.79955e-09 4.47565e-09 4.87426e-09 4.91721e-09 4.59875e-09 3.99768e-09 3.25212e-09 2.51102e-09 1.88877e-09 1.44848e-09 1.2171e-09 1.18395e-09 1.27354e-09 1.38211e-09 1.43636e-09 1.42141e-09 1.40872e-09 1.55611e-09 1.96211e-09 2.53203e-09 3.06825e-09 3.37919e-09 3.35565e-09 3.01303e-09 2.46537e-09 1.85514e-09 1.28918e-09 8.0578e-10 3.90037e-10 3.90037e-10 
8.31991e-11 3.4485e-10 6.79279e-10 1.03862e-09 1.45885e-09 1.93168e-09 2.40904e-09 2.8232e-09 3.11071e-09 3.23257e-09 3.17715e-09 2.95069e-09 2.5749e-09 2.10197e-09 1.63708e-09 1.33585e-09 1.27966e-09 1.35812e-09 1.51888e-09 1.91099e-09 2.59988e-09 3.43286e-09 4.21721e-09 4.80107e-09 5.07229e-09 4.97594e-09 4.53962e-09 3.86812e-09 3.10557e-09 2.38785e-09 1.81023e-09 1.42353e-09 1.24233e-09 1.23096e-09 1.30291e-09 1.37083e-09 1.38687e-09 1.36428e-09 1.39589e-09 1.6081e-09 2.01247e-09 2.47277e-09 2.81241e-09 2.90403e-09 2.71876e-09 2.32193e-09 1.82457e-09 1.3285e-09 8.90505e-10 5.12915e-10 1.86747e-10 
1.62092e-10 4.42906e-10 7.36471e-10 1.06709e-09 1.45244e-09 1.87109e-09 2.27614e-09 2.61018e-09 2.82222e-09 2.8806e-09 2.77562e-09 2.51622e-09 2.13305e-09 1.69567e-09 1.3325e-09 1.18729e-09 1.2463e-09 1.39237e-09 1.66867e-09 2.19917e-09 2.94626e-09 3.74992e-09 4.45064e-09 4.91687e-09 5.05555e-09 4.84021e-09 4.3258e-09 3.62937e-09 2.88927e-09 2.22538e-09 1.71734e-09 1.40237e-09 1.27354e-09 1.2737e-09 1.32054e-09 1.34925e-09 1.33742e-09 1.32143e-09 1.39526e-09 1.6313e-09 1.97788e-09 2.29435e-09 2.4494e-09 2.38298e-09 2.11879e-09 1.73455e-09 1.31757e-09 9.30511e-10 5.93846e-10 2.94983e-10 2.94983e-10 
6.01873e-11 2.57065e-10 5.0573e-10 7.67061e-10 1.07131e-09 1.41877e-09 1.78292e-09 2.12092e-09 2.38416e-09 2.53033e-09 2.53296e-09 2.38535e-09 2.10187e-09 1.7259e-09 1.35072e-09 1.12603e-09 1.13684e-09 1.27966e-09 1.48936e-09 1.85885e-09 2.45317e-09 3.18928e-09 3.92296e-09 4.5172e-09 4.85734e-09 4.8731e-09 4.56508e-09 4.00713e-09 3.31973e-09 2.63157e-09 2.04675e-09 1.62755e-09 1.38991e-09 1.30291e-09 1.30171e-09 1.31935e-09 1.31431e-09 1.28617e-09 1.28422e-09 1.3831e-09 1.60001e-09 1.85265e-09 2.02381e-09 2.03562e-09 1.87846e-09 1.59819e-09 1.26277e-09 9.31452e-10 6.35899e-10 3.74642e-10 1.39744e-10 
1.18127e-10 3.26902e-10 5.40241e-10 7.77205e-10 1.05458e-09 1.36278e-09 1.67467e-09 1.95211e-09 2.15341e-09 2.24255e-09 2.19739e-09 2.01557e-09 1.72026e-09 1.37439e-09 1.10373e-09 1.05128e-09 1.18729e-09 1.38161e-09 1.63921e-09 2.05805e-09 2.65562e-09 3.33798e-09 3.97758e-09 4.45298e-09 4.66686e-09 4.573e-09 4.19546e-09 3.62117e-09 2.97008e-09 2.35923e-09 1.87362e-09 1.55122e-09 1.38211e-09 1.32054e-09 1.30797e-09 1.29671e-09 1.2658e-09 1.23063e-09 1.24055e-09 1.33928e-09 1.50428e-09 1.65221e-09 1.70291e-09 1.62336e-09 1.43118e-09 1.17322e-09 8.99588e-10 6.4521e-10 4.19999e-10 2.137e-10 2.137e-10 
4.26153e-11 1.8741e-10 3.68388e-10 5.54803e-10 7.70822e-10 1.02045e-09 1.28995e-09 1.55358e-09 1.7775e-09 1.92549e-09 1.96642e-09 1.88265e-09 1.67851e-09 1.39217e-09 1.11824e-09 1.01026e-09 1.12603e-09 1.33585e-09 1.55614e-09 1.83807e-09 2.26203e-09 2.81909e-09 3.41857e-09 3.94619e-09 4.294e-09 4.38381e-09 4.19321e-09 3.7665e-09 3.20015e-09 2.61042e-09 2.098e-09 1.72152e-09 1.48923e-09 1.37083e-09 1.31935e-09 1.29002e-09 1.25331e-09 1.20429e-09 1.16635e-09 1.17807e-09 1.25301e-09 1.35085e-09 1.40592e-09 1.37375e-09 1.24962e-09 1.05976e-09 8.41964e-10 6.28685e-10 4.36565e-10 2.62619e-10 1.00128e-10 
8.43206e-11 2.36129e-10 3.8821e-10 5.55048e-10 7.51009e-10 9.72888e-10 1.20588e-09 1.42629e-09 1.60413e-09 1.70759e-09 1.71017e-09 1.60014e-09 1.39361e-09 1.15548e-09 1.02003e-09 1.10373e-09 1.3325e-09 1.57483e-09 1.80507e-09 2.08763e-09 2.48074e-09 2.96454e-09 3.45713e-09 3.8568e-09 4.07057e-09 4.04069e-09 3.76723e-09 3.31186e-09 2.7771e-09 2.27037e-09 1.86833e-09 1.59658e-09 1.43636e-09 1.34925e-09 1.29671e-09 1.24889e-09 1.19128e-09 1.12967e-09 1.08776e-09 1.08858e-09 1.12561e-09 1.15911e-09 1.14641e-09 1.06848e-09 9.33665e-10 7.66274e-10 5.92659e-10 4.3109e-10 2.85684e-10 1.4851e-10 1.4851e-10 
2.96057e-11 1.33807e-10 2.6291e-10 3.93626e-10 5.44521e-10 7.20765e-10 9.16039e-10 1.1159e-09 1.29891e-09 1.43851e-09 1.50715e-09 1.48385e-09 1.36668e-09 1.19312e-09 1.06579e-09 1.11824e-09 1.35072e-09 1.63708e-09 1.89295e-09 2.12392e-09 2.38752e-09 2.72267e-09 3.10773e-09 3.47344e-09 3.73331e-09 3.81141e-09 3.67029e-09 3.33033e-09 2.86736e-09 2.38519e-09 1.97518e-09 1.68206e-09 1.4977e-09 1.38687e-09 1.31431e-09 1.25331e-09 1.18721e-09 1.11267e-09 1.04086e-09 9.90625e-10 9.71472e-10 9.69088e-10 9.53331e-10 9.00454e-10 8.05633e-10 6.80379e-10 5.43053e-10 4.09909e-10 2.88965e-10 1.77045e-10 6.88107e-11 
5.90605e-11 1.6716e-10 2.73699e-10 3.89412e-10 5.25873e-10 6.8315e-10 8.53982e-10 1.02497e-09 1.17702e-09 1.28709e-09 1.33261e-09 1.30097e-09 1.20701e-09 1.11885e-09 1.15548e-09 1.37439e-09 1.69567e-09 2.01264e-09 2.27621e-09 2.50086e-09 2.72971e-09 2.98729e-09 3.25594e-09 3.48269e-09 3.59895e-09 3.54673e-09 3.30759e-09 2.91968e-09 2.46899e-09 2.05453e-09 1.74339e-09 1.54381e-09 1.42141e-09 1.33742e-09 1.2658e-09 1.19128e-09 1.10767e-09 1.01884e-09 9.3703e-10 8.74956e-10 8.34257e-10 8.00869e-10 7.54996e-10 6.84915e-10 5.91758e-10 4.85492e-10 3.7819e-10 2.78449e-10 1.87401e-10 9.92208e-11 9.92208e-11 
2.02333e-11 9.37121e-11 1.8413e-10 2.74448e-10 3.78526e-10 5.01477e-10 6.41198e-10 7.90566e-10 9.37625e-10 1.06594e-09 1.15666e-09 1.19422e-09 1.17908e-09 1.14923e-09 1.19312e-09 1.39217e-09 1.7259e-09 2.10197e-09 2.44021e-09 2.70845e-09 2.9185e-09 3.09884e-09 3.26575e-09 3.40987e-09 3.49622e-09 3.4748e-09 3.30517e-09 2.98642e-09 2.57143e-09 2.15105e-09 1.81147e-09 1.58764e-09 1.45405e-09 1.36428e-09 1.28617e-09 1.20429e-09 1.11267e-09 1.01239e-09 9.11045e-10 8.19675e-10 7.46346e-10 6.894e-10 6.37607e-10 5.78632e-10 5.0698e-10 4.25194e-10 3.40258e-10 2.59117e-10 1.85e-10 1.15105e-10 4.54676e-11 
4.06704e-11 1.16177e-10 1.89677e-10 2.68983e-10 3.63079e-10 4.7359e-10 5.978e-10 7.29331e-10 8.581e-10 9.70967e-10 1.05471e-09 1.10383e-09 1.1358e-09 1.20701e-09 1.39361e-09 1.72026e-09 2.13305e-09 2.54912e-09 2.90428e-09 3.17168e-09 3.35608e-09 3.47527e-09 3.54402e-09 3.56434e-09 3.51888e-09 3.37521e-09 3.10972e-09 2.73722e-09 2.32053e-09 1.94662e-09 1.67765e-09 1.51336e-09 1.40872e-09 1.32143e-09 1.23063e-09 1.12967e-09 1.01884e-09 9.03341e-10 7.91979e-10 6.9402e-10 6.14267e-10 5.4959e-10 4.91226e-10 4.3122e-10 3.66748e-10 2.99858e-10 2.34698e-10 1.745e-10 1.1894e-10 6.39222e-11 6.39222e-11 
1.36383e-11 6.45007e-11 1.26795e-10 1.88458e-10 2.59621e-10 3.44845e-10 4.44352e-10 5.55629e-10 6.73529e-10 7.90413e-10 8.97484e-10 9.89097e-10 1.07218e-09 1.17908e-09 1.36668e-09 1.67851e-09 2.10187e-09 2.5749e-09 3.02316e-09 3.38946e-09 3.64614e-09 3.7911e-09 3.83756e-09 3.80508e-09 3.70915e-09 3.54906e-09 3.30896e-09 2.98074e-09 2.59062e-09 2.20153e-09 1.88172e-09 1.65978e-09 1.51185e-09 1.39589e-09 1.28422e-09 1.16635e-09 1.04086e-09 9.11045e-10 7.83633e-10 6.67029e-10 5.68097e-10 4.88604e-10 4.24273e-10 3.67891e-10 3.13827e-10 2.60196e-10 2.08073e-10 1.59437e-10 1.14982e-10 7.2422e-11 2.8984e-11 
2.75937e-11 7.94339e-11 1.29496e-10 1.83396e-10 2.47951e-10 3.25419e-10 4.15735e-10 5.17113e-10 6.26143e-10 7.38397e-10 8.50675e-10 9.66353e-10 1.10383e-09 1.30097e-09 1.60014e-09 2.01557e-09 2.51622e-09 3.0384e-09 3.51127e-09 3.8789e-09 4.11062e-09 4.2008e-09 4.16485e-09 4.03266e-09 3.83518e-09 3.58834e-09 3.29129e-09 2.94637e-09 2.57974e-09 2.23713e-09 1.95467e-09 1.73507e-09 1.55611e-09 1.39526e-09 1.24055e-09 1.08776e-09 9.3703e-10 7.91979e-10 6.5877e-10 5.43681e-10 4.50116e-10 3.76797e-10 3.18487e-10 2.68956e-10 2.23849e-10 1.81555e-10 1.4229e-10 1.0653e-10 7.33252e-11 3.98613e-11 3.98613e-11 
9.09134e-12 4.37272e-11 8.60502e-11 1.2778e-10 1.76219e-10 2.35231e-10 3.06244e-10 3.89515e-10 4.84429e-10 5.89883e-10 7.05492e-10 8.34557e-10 9.89097e-10 1.19422e-09 1.48385e-09 1.88265e-09 2.38535e-09 2.95069e-09 3.51252e-09 3.99957e-09 4.35433e-09 4.54417e-09 4.5653e-09 4.44215e-09 4.2202e-09 3.94857e-09 3.65879e-09 3.35811e-09 3.04454e-09 2.72461e-09 2.41344e-09 2.1225e-09 1.85439e-09 1.6081e-09 1.3831e-09 1.17807e-09 9.90625e-10 8.19675e-10 6.67029e-10 5.36109e-10 4.29329e-10 3.46156e-10 2.82761e-10 2.33397e-10 1.9264e-10 1.56962e-10 1.24851e-10 9.59271e-11 6.96733e-11 4.42836e-11 1.79012e-11 
1.84894e-11 5.35633e-11 8.73267e-11 1.23791e-10 1.68059e-10 2.22536e-10 2.88602e-10 3.67254e-10 4.59481e-10 5.67048e-10 6.9421e-10 8.50675e-10 1.05471e-09 1.33261e-09 1.71017e-09 2.19739e-09 2.77562e-09 3.39535e-09 3.98597e-09 4.47335e-09 4.79843e-09 4.93049e-09 4.87434e-09 4.67063e-09 4.38578e-09 4.0875e-09 3.814e-09 3.56093e-09 3.29928e-09 3.00469e-09 2.67269e-09 2.31717e-09 1.96211e-09 1.6313e-09 1.33928e-09 1.08858e-09 8.74956e-10 6.9402e-10 5.43681e-10 4.22808e-10 3.29312e-10 2.59264e-10 2.0725e-10 1.67567e-10 1.35596e-10 1.08451e-10 8.47223e-11 6.36542e-11 4.41093e-11 2.41727e-11 2.41727e-11 
6.0093e-12 2.92738e-11 5.77117e-11 8.57995e-11 1.18757e-10 1.59769e-10 2.10792e-10 2.73604e-10 3.5028e-10 4.43814e-10 5.59242e-10 7.05492e-10 8.97484e-10 1.15666e-09 1.50715e-09 1.96642e-09 2.53296e-09 3.17715e-09 3.84085e-09 4.44749e-09 4.91987e-09 5.20021e-09 5.26598e-09 5.13865e-09 4.88234e-09 4.58627e-09 4.32619e-09 4.12167e-09 3.92979e-09 3.68627e-09 3.35275e-09 2.93462e-09 2.47097e-09 2.01247e-09 1.60001e-09 1.25301e-09 9.71472e-10 7.46346e-10 5.68097e-10 4.29329e-10 3.23974e-10 2.46151e-10 1.89774e-10 1.48862e-10 1.18218e-10 9.40318e-11 7.39674e-11 5.67361e-11 4.13651e-11 2.64482e-11 1.07659e-11 
1.2267e-11 3.5721e-11 5.83407e-11 8.29857e-11 1.13455e-10 1.52037e-10 2.00786e-10 2.62171e-10 3.3964e-10 4.38468e-10 5.67048e-10 7.38397e-10 9.70967e-10 1.28709e-09 1.70759e-09 2.24255e-09 2.8806e-09 3.58172e-09 4.27859e-09 4.88861e-09 5.33382e-09 5.56333e-09 5.57097e-09 5.40305e-09 5.15003e-09 4.91232e-09 4.74335e-09 4.61216e-09 4.43159e-09 4.12602e-09 3.67635e-09 3.12146e-09 2.53203e-09 1.97788e-09 1.50428e-09 1.12561e-09 8.34257e-10 6.14267e-10 4.50116e-10 3.29312e-10 2.41962e-10 1.79895e-10 1.36188e-10 1.0509e-10 8.21664e-11 6.43741e-11 4.98465e-11 3.74284e-11 2.60296e-11 1.4334e-11 1.4334e-11 
3.94737e-12 1.94076e-11 3.83652e-11 5.72343e-11 7.97313e-11 1.08435e-10 1.45425e-10 1.93154e-10 2.5501e-10 3.36014e-10 4.43814e-10 5.89883e-10 7.90413e-10 1.06594e-09 1.43851e-09 1.92549e-09 2.53033e-09 3.23257e-09 3.98202e-09 4.70272e-09 5.30812e-09 5.72437e-09 5.91514e-09 5.89865e-09 5.749e-09 5.57068e-09 5.44205e-09 5.35833e-09 5.23346e-09 4.96645e-09 4.50851e-09 3.88491e-09 3.17488e-09 2.47277e-09 1.85265e-09 1.35085e-09 9.69088e-10 6.894e-10 4.88604e-10 3.46156e-10 2.46151e-10 1.76716e-10 1.28943e-10 9.60862e-11 7.3098e-11 5.63829e-11 4.35711e-11 3.31899e-11 2.41979e-11 1.55167e-11 6.34291e-12 
8.07995e-12 2.36322e-11 3.87353e-11 5.54332e-11 7.65435e-11 1.04112e-10 1.40375e-10 1.88376e-10 2.52571e-10 3.3964e-10 4.59481e-10 6.26143e-10 8.581e-10 1.17702e-09 1.60413e-09 2.15341e-09 2.82222e-09 3.58167e-09 4.37261e-09 5.11277e-09 5.71613e-09 6.11964e-09 6.30842e-09 6.32699e-09 6.26432e-09 6.20547e-09 6.16963e-09 6.08889e-09 5.85634e-09 5.40035e-09 4.72673e-09 3.9125e-09 3.06825e-09 2.29435e-09 1.65221e-09 1.15911e-09 8.00869e-10 5.4959e-10 3.76797e-10 2.59264e-10 1.79895e-10 1.26597e-10 9.08901e-11 6.68123e-11 5.02058e-11 3.82634e-11 2.91812e-11 2.17928e-11 1.51579e-11 8.36361e-12 8.36361e-12 
2.58241e-12 1.27796e-11 2.53597e-11 3.80512e-11 5.34991e-11 7.37592e-11 1.00801e-10 1.37212e-10 1.86749e-10 2.5501e-10 3.5028e-10 4.84429e-10 6.73529e-10 9.37625e-10 1.29891e-09 1.7775e-09 2.38416e-09 3.11071e-09 3.92131e-09 4.75056e-09 5.51432e-09 6.13305e-09 6.55999e-09 6.80191e-09 6.91628e-09 6.97541e-09 7.00984e-09 6.97375e-09 6.77044e-09 6.319e-09 5.60855e-09 4.70799e-09 3.73566e-09 2.81241e-09 2.02381e-09 1.40592e-09 9.53331e-10 6.37607e-10 4.24273e-10 2.82761e-10 1.89774e-10 1.28943e-10 8.91976e-11 6.31529e-11 4.58805e-11 3.41107e-11 2.57158e-11 1.93357e-11 1.40381e-11 9.00055e-12 3.68583e-12 
5.29675e-12 1.55559e-11 2.56391e-11 3.7009e-11 5.17513e-11 7.16129e-11 9.87247e-11 1.36136e-10 1.88376e-10 2.62171e-10 3.67254e-10 5.17113e-10 7.29331e-10 1.02497e-09 1.42629e-09 1.95211e-09 2.61018e-09 3.38795e-09 4.24505e-09 5.11406e-09 5.91443e-09 6.57764e-09 7.07237e-09 7.41415e-09 7.64551e-09 7.79139e-09 7.82128e-09 7.65541e-09 7.21593e-09 6.48288e-09 5.51649e-09 4.43696e-09 3.37919e-09 2.4494e-09 1.70291e-09 1.14641e-09 7.54996e-10 4.91226e-10 3.18487e-10 2.0725e-10 1.36188e-10 9.08901e-11 6.19564e-11 4.33435e-11 3.11732e-11 2.29618e-11 1.71282e-11 1.26525e-11 8.76966e-12 4.83645e-12 4.83645e-12 
1.68576e-12 8.38044e-12 1.67175e-11 2.52858e-11 3.597e-11 5.03841e-11 7.02637e-11 9.80175e-11 1.37212e-10 1.93154e-10 2.73604e-10 3.89515e-10 5.55629e-10 7.90566e-10 1.1159e-09 1.55358e-09 2.12092e-09 2.8232e-09 3.64503e-09 4.54476e-09 5.4574e-09 6.30988e-09 7.04389e-09 7.63278e-09 8.07827e-09 8.38304e-09 8.51834e-09 8.41845e-09 8.01453e-09 7.28444e-09 6.28171e-09 5.12514e-09 3.95835e-09 2.90403e-09 2.03562e-09 1.37375e-09 9.00454e-10 5.78632e-10 3.67891e-10 2.33397e-10 1.48862e-10 9.60862e-11 6.31529e-11 4.25099e-11 2.94358e-11 2.09904e-11 1.53329e-11 1.13057e-11 8.13307e-12 5.19886e-12 2.12949e-12 
3.46285e-12 1.02171e-11 1.69643e-11 2.47551e-11 3.51276e-11 4.95192e-11 6.9804e-11 9.87247e-11 1.40375e-10 2.00786e-10 2.88602e-10 4.15735e-10 5.978e-10 8.53982e-10 1.20588e-09 1.67467e-09 2.27614e-09 3.01364e-09 3.87075e-09 4.80729e-09 5.76341e-09 6.67302e-09 7.48035e-09 8.14725e-09 8.6436e-09 8.92751e-09 8.93714e-09 8.61093e-09 7.92697e-09 6.93284e-09 5.74323e-09 4.50575e-09 3.35565e-09 2.38298e-09 1.62336e-09 1.06848e-09 6.84915e-10 4.3122e-10 2.68956e-10 1.67567e-10 1.0509e-10 6.68123e-11 4.33435e-11 2.88626e-11 1.98146e-11 1.40269e-11 1.01648e-11 7.38181e-12 5.07795e-12 2.79235e-12 2.79235e-12 
1.09716e-12 5.48698e-12 1.10187e-11 1.6834e-11 2.42734e-11 3.45864e-11 4.92246e-11 7.02637e-11 1.00801e-10 1.45425e-10 2.10792e-10 3.06244e-10 4.44352e-10 6.41198e-10 9.16039e-10 1.28995e-09 1.78292e-09 2.40904e-09 3.17025e-09 4.0502e-09 5.01135e-09 5.9982e-09 6.94654e-09 7.79285e-09 8.47628e-09 8.93296e-09 9.09324e-09 8.89517e-09 8.31397e-09 7.38879e-09 6.22563e-09 4.97044e-09 3.76656e-09 2.71876e-09 1.87846e-09 1.24962e-09 8.05633e-10 5.0698e-10 3.13827e-10 1.9264e-10 1.18218e-10 7.3098e-11 4.58805e-11 2.94358e-11 1.94257e-11 1.32415e-11 9.31596e-12 6.69036e-12 4.74305e-12 3.01377e-12 1.23224e-12 
2.26019e-12 6.71073e-12 1.12457e-11 1.66166e-11 2.39526e-11 3.44013e-11 4.95192e-11 7.16129e-11 1.04112e-10 1.52037e-10 2.22536e-10 3.25419e-10 4.7359e-10 6.8315e-10 9.72888e-10 1.36278e-09 1.87109e-09 2.50995e-09 3.27988e-09 4.16449e-09 5.12762e-09 6.11456e-09 7.05669e-09 7.87673e-09 8.49198e-09 8.81922e-09 8.7881e-09 8.36453e-09 7.5737e-09 6.50621e-09 5.2985e-09 4.09536e-09 3.01303e-09 2.11879e-09 1.43118e-09 9.33665e-10 5.91758e-10 3.66748e-10 2.23849e-10 1.35596e-10 8.21664e-11 5.02058e-11 3.11732e-11 1.98146e-11 1.29796e-11 8.79727e-12 6.15372e-12 4.3652e-12 2.96642e-12 1.62372e-12 1.62372e-12 
7.11465e-13 3.59182e-12 7.27558e-12 1.1245e-11 1.64507e-11 2.38414e-11 3.45864e-11 5.03841e-11 7.37592e-11 1.08435e-10 1.59769e-10 2.35231e-10 3.44845e-10 5.01477e-10 7.20765e-10 1.02045e-09 1.41877e-09 1.93168e-09 2.56879e-09 3.32845e-09 4.19288e-09 5.12465e-09 6.06595e-09 6.94083e-09 7.6606e-09 8.13283e-09 8.27664e-09 8.04397e-09 7.44039e-09 6.53371e-09 5.44166e-09 4.30145e-09 3.23449e-09 2.32193e-09 1.59819e-09 1.05976e-09 6.80379e-10 4.25194e-10 2.60196e-10 1.56962e-10 9.40318e-11 5.63829e-11 3.41107e-11 2.09904e-11 1.32415e-11 8.62314e-12 5.81877e-12 4.04372e-12 2.80866e-12 1.76731e-12 7.2118e-13 
1.47196e-12 4.41489e-12 7.47888e-12 1.11971e-11 1.63902e-11 2.39526e-11 3.51276e-11 5.17513e-11 7.65435e-11 1.13455e-10 1.68059e-10 2.47951e-10 3.63079e-10 5.25873e-10 7.51009e-10 1.05458e-09 1.45244e-09 1.95754e-09 2.57613e-09 3.30325e-09 4.11786e-09 4.97906e-09 5.82465e-09 6.57399e-09 7.13646e-09 7.42634e-09 7.38295e-09 6.99047e-09 6.28915e-09 5.36995e-09 4.35249e-09 3.35443e-09 2.46537e-09 1.73455e-09 1.17322e-09 7.66274e-10 4.85492e-10 2.99858e-10 1.81555e-10 1.08451e-10 6.43741e-11 3.82634e-11 2.29618e-11 1.40269e-11 8.79727e-12 5.70506e-12 3.83531e-12 2.63994e-12 1.76401e-12 9.58018e-13 9.58018e-13 
4.56846e-13 2.35241e-12 4.81817e-12 7.53744e-12 1.11764e-11 1.64507e-11 2.42734e-11 3.597e-11 5.34991e-11 7.97313e-11 1.18757e-10 1.76219e-10 2.59621e-10 3.78526e-10 5.44521e-10 7.70822e-10 1.07131e-09 1.45885e-09 1.94269e-09 2.52492e-09 3.19617e-09 3.93114e-09 4.68523e-09 5.39435e-09 5.98005e-09 6.36138e-09 6.4721e-09 6.27921e-09 5.79594e-09 5.08266e-09 4.23342e-09 3.35242e-09 2.52961e-09 1.82457e-09 1.26277e-09 8.41964e-10 5.43053e-10 3.40258e-10 2.08073e-10 1.24851e-10 7.39674e-11 4.35711e-11 2.57158e-11 1.53329e-11 9.31596e-12 5.81877e-12 3.7625e-12 2.51952e-12 1.70438e-12 1.0574e-12 4.29274e-13 
9.55172e-13 2.90934e-12 4.98664e-12 7.54954e-12 1.11971e-11 1.66166e-11 2.47551e-11 3.7009e-11 5.54332e-11 8.29857e-11 1.23791e-10 1.83396e-10 2.68983e-10 3.89412e-10 5.55048e-10 7.77205e-10 1.06709e-09 1.43407e-09 1.88323e-09 2.41204e-09 3.00652e-09 3.63761e-09 4.25929e-09 4.81057e-09 5.223e-09 5.43361e-09 5.40047e-09 5.11583e-09 4.61136e-09 3.95233e-09 3.22206e-09 2.50201e-09 1.85514e-09 1.31757e-09 8.99588e-10 5.92659e-10 3.7819e-10 2.34698e-10 1.4229e-10 8.47223e-11 4.98465e-11 2.91812e-11 1.71282e-11 1.01648e-11 6.15372e-12 3.83531e-12 2.47612e-12 1.64718e-12 1.07566e-12 5.7864e-13 5.7864e-13 
2.87743e-13 1.53913e-12 3.19272e-12 5.03321e-12 7.53744e-12 1.1245e-11 1.6834e-11 2.52858e-11 3.80512e-11 5.72343e-11 8.57995e-11 1.2778e-10 1.88458e-10 2.74448e-10 3.93626e-10 5.54803e-10 7.67061e-10 1.03862e-09 1.37517e-09 1.77756e-09 2.23888e-09 2.74148e-09 3.25466e-09 3.73477e-09 4.12912e-09 4.38443e-09 4.45836e-09 4.33095e-09 4.01173e-09 3.5394e-09 2.97339e-09 2.38001e-09 1.81803e-09 1.3285e-09 9.31452e-10 6.28685e-10 4.09909e-10 2.59117e-10 1.59437e-10 9.59271e-11 5.67361e-11 3.31899e-11 1.93357e-11 1.13057e-11 6.69036e-12 4.04372e-12 2.51952e-12 1.625e-12 1.06667e-12 6.50076e-13 2.62455e-13 
6.1224e-13 1.90962e-12 3.27949e-12 4.98664e-12 7.47888e-12 1.12457e-11 1.69643e-11 2.56391e-11 3.87353e-11 5.83407e-11 8.73267e-11 1.29496e-10 1.89677e-10 2.73699e-10 3.8821e-10 5.40241e-10 7.36471e-10 9.82104e-10 1.27931e-09 1.6252e-09 2.00963e-09 2.41318e-09 2.8065e-09 3.15195e-09 3.40846e-09 3.53916e-09 3.52004e-09 3.34684e-09 3.03763e-09 2.62968e-09 2.17128e-09 1.71118e-09 1.28918e-09 9.30511e-10 6.4521e-10 4.3109e-10 2.78449e-10 1.745e-10 1.0653e-10 6.36542e-11 3.74284e-11 2.17928e-11 1.26525e-11 7.38181e-12 4.3652e-12 2.63994e-12 1.64718e-12 1.05978e-12 6.7501e-13 3.58567e-13 3.58567e-13 
1.73313e-13 9.89963e-13 2.03961e-12 3.19272e-12 4.81817e-12 7.27558e-12 1.10187e-11 1.67175e-11 2.53597e-11 3.83652e-11 5.77117e-11 8.60502e-11 1.26795e-10 1.8413e-10 2.6291e-10 3.68388e-10 5.0573e-10 6.79279e-10 8.91515e-10 1.14172e-09 1.42442e-09 1.72795e-09 2.03357e-09 2.31598e-09 2.54587e-09 2.6944e-09 2.73904e-09 2.66913e-09 2.48925e-09 2.21916e-09 1.88999e-09 1.53773e-09 1.19604e-09 8.90505e-10 6.35899e-10 4.36565e-10 2.88965e-10 1.85e-10 1.14982e-10 6.96733e-11 4.13651e-11 2.41979e-11 1.40381e-11 8.13307e-12 4.74305e-12 2.80866e-12 1.70438e-12 1.06667e-12 6.80635e-13 4.07808e-13 1.63665e-13 
3.75387e-13 1.14954e-12 1.90962e-12 2.90934e-12 4.41489e-12 6.71073e-12 1.02171e-11 1.55559e-11 2.36322e-11 3.5721e-11 5.35633e-11 7.94339e-11 1.16177e-10 1.6716e-10 2.36129e-10 3.26902e-10 4.42906e-10 5.86509e-10 7.58153e-10 9.55336e-10 1.17158e-09 1.3957e-09 1.61178e-09 1.80035e-09 1.94077e-09 2.01481e-09 2.01048e-09 1.92502e-09 1.76619e-09 1.55117e-09 1.3033e-09 1.04752e-09 8.0578e-10 5.93846e-10 4.19999e-10 2.85684e-10 1.87401e-10 1.1894e-10 7.33252e-11 4.41093e-11 2.60296e-11 1.51579e-11 8.76966e-12 5.07795e-12 2.96642e-12 1.76401e-12 1.07566e-12 6.7501e-13 4.23392e-13 2.23647e-13 2.23647e-13 
9.61035e-14 5.31671e-13 9.89963e-13 1.53913e-12 2.35241e-12 3.59182e-12 5.48698e-12 8.38044e-12 1.27796e-11 1.94076e-11 2.92738e-11 4.37272e-11 6.45007e-11 9.37121e-11 1.33807e-10 1.8741e-10 2.57065e-10 3.4485e-10 4.51834e-10 5.77436e-10 7.18725e-10 8.69841e-10 1.02177e-09 1.16273e-09 1.27933e-09 1.35848e-09 1.38968e-09 1.36728e-09 1.29193e-09 1.17087e-09 1.01676e-09 8.45438e-10 6.72956e-10 5.12915e-10 3.74642e-10 2.62619e-10 1.77045e-10 1.15105e-10 7.2422e-11 4.42836e-11 2.64482e-11 1.55167e-11 9.00055e-12 5.19886e-12 3.01377e-12 1.76731e-12 1.0574e-12 6.50076e-13 4.07808e-13 2.45876e-13 1.00871e-13 
1.72312e-13 3.75387e-13 6.1224e-13 9.55172e-13 1.47196e-12 2.26019e-12 3.46285e-12 5.29675e-12 8.07995e-12 1.2267e-11 1.84894e-11 2.75937e-11 4.06704e-11 5.90605e-11 8.43206e-11 1.18127e-10 1.62092e-10 2.17487e-10 2.84854e-10 3.63568e-10 4.51396e-10 5.44218e-10 6.3603e-10 7.19346e-10 7.8605e-10 8.2859e-10 8.41311e-10 8.2162e-10 7.70697e-10 6.9349e-10 5.97952e-10 4.93643e-10 3.90037e-10 2.94983e-10 2.137e-10 1.4851e-10 9.92208e-11 6.39222e-11 3.98613e-11 2.41727e-11 1.4334e-11 8.36361e-12 4.83645e-12 2.79235e-12 1.62372e-12 9.58018e-13 5.7864e-13 3.58567e-13 2.23647e-13 1.2469e-13 1.2469e-13 
5.29927e-14 9.61035e-14 1.73313e-13 2.87743e-13 4.56846e-13 7.11465e-13 1.09716e-12 1.68576e-12 2.58241e-12 3.94737e-12 6.0093e-12 9.09134e-12 1.36383e-11 2.02333e-11 2.96057e-11 4.26153e-11 6.01873e-11 8.31991e-11 1.12301e-10 1.47695e-10 1.88886e-10 2.34491e-10 2.82134e-10 3.28526e-10 3.69742e-10 4.01688e-10 4.20705e-10 4.24216e-10 4.11259e-10 3.82783e-10 3.416e-10 2.91946e-10 2.38748e-10 1.86747e-10 1.39744e-10 1.00128e-10 6.88107e-11 4.54676e-11 2.8984e-11 1.79012e-11 1.07659e-11 6.34291e-12 3.68583e-12 2.12949e-12 1.23224e-12 7.2118e-13 4.29274e-13 2.62455e-13 1.63665e-13 1.00871e-13 4.89995e-14 
