1 101 51
0 0 9.13588e-16 8.87761e-16 8.68003e-16 1.71469e-15 2.57656e-15 4.36415e-15 6.27468e-15 1.01703e-14 1.52346e-14 2.43743e-14 3.86301e-14 5.98831e-14 9.18415e-14 1.38009e-13 2.02699e-13 2.93098e-13 4.15476e-13 5.74515e-13 7.76369e-13 1.02387e-12 1.31359e-12 1.63742e-12 1.98036e-12 2.31915e-12 2.62779e-12 2.87946e-12 3.05045e-12 3.12245e-12 3.08774e-12 2.95247e-12 2.73016e-12 2.44379e-12 2.11786e-12 1.78132e-12 1.45449e-12 1.15583e-12 8.95841e-13 6.77969e-13 5.0355e-13 3.6682e-13 2.62927e-13 1.86956e-13 1.30952e-13 9.09393e-14 6.29272e-14 4.29233e-14 2.8934e-14 1.89644e-14 8.99969e-15 
0 9.15238e-16 1.7578e-15 2.54089e-15 3.29372e-15 5.69042e-15 8.17073e-15 1.25128e-14 1.97848e-14 3.11596e-14 4.96761e-14 7.84983e-14 1.21667e-13 1.86892e-13 2.79572e-13 4.11368e-13 5.89328e-13 8.25809e-13 1.12808e-12 1.50195e-12 1.94779e-12 2.46014e-12 3.02599e-12 3.62062e-12 4.21039e-12 4.75521e-12 5.2112e-12 5.53757e-12 5.70048e-12 5.68404e-12 5.48781e-12 5.13071e-12 4.64539e-12 4.07669e-12 3.47023e-12 2.87003e-12 2.30837e-12 1.80912e-12 1.38543e-12 1.03854e-12 7.63511e-13 5.53198e-13 3.94318e-13 2.78339e-13 1.95622e-13 1.3545e-13 9.39649e-14 6.43115e-14 4.15986e-14 2.38839e-14 2.38839e-14 
0 1.84555e-15 2.65509e-15 4.24438e-15 5.73962e-15 8.83038e-15 1.27931e-14 2.02402e-14 3.15374e-14 4.88249e-14 7.7048e-14 1.20605e-13 1.87645e-13 2.88229e-13 4.33965e-13 6.39514e-13 9.2027e-13 1.2911e-12 1.76254e-12 2.3406e-12 3.02226e-12 3.79535e-12 4.63353e-12 5.50284e-12 6.35749e-12 7.14465e-12 7.80821e-12 8.29348e-12 8.55721e-12 8.57195e-12 8.33094e-12 7.85405e-12 7.18196e-12 6.37075e-12 5.48435e-12 4.58797e-12 3.73334e-12 2.96043e-12 2.29275e-12 1.7367e-12 1.29069e-12 9.43087e-13 6.79872e-13 4.83713e-13 3.40809e-13 2.39048e-13 1.66119e-13 1.13475e-13 7.6419e-14 4.63084e-14 1.89644e-14 
9.15238e-16 2.66102e-15 5.08776e-15 7.32677e-15 1.10716e-14 1.63994e-14 2.43182e-14 3.75716e-14 5.83975e-14 9.18259e-14 1.43335e-13 2.22242e-13 3.42746e-13 5.19067e-13 7.71342e-13 1.12033e-12 1.58663e-12 2.18744e-12 2.92994e-12 3.81259e-12 4.81775e-12 5.91455e-12 7.05502e-12 8.18208e-12 9.22983e-12 1.01307e-11 1.08176e-11 1.12369e-11 1.13488e-11 1.11381e-11 1.06165e-11 9.82455e-12 8.82666e-12 7.70006e-12 6.52606e-12 5.38137e-12 4.32303e-12 3.38864e-12 2.59883e-12 1.95356e-12 1.44285e-12 1.05042e-12 7.5456e-13 5.36742e-13 3.77936e-13 2.64479e-13 1.83379e-13 1.24372e-13 8.00303e-14 4.15986e-14 4.15986e-14 
9.13588e-16 2.65509e-15 5.08577e-15 8.09628e-15 1.24859e-14 1.75651e-14 2.66146e-14 4.00002e-14 6.14334e-14 9.5877e-14 1.48854e-13 2.31502e-13 3.56565e-13 5.4341e-13 8.14107e-13 1.19534e-12 1.71367e-12 2.39255e-12 3.24709e-12 4.27877e-12 5.47262e-12 6.79291e-12 8.18639e-12 9.58504e-12 1.09098e-11 1.20784e-11 1.30144e-11 1.36495e-11 1.39314e-11 1.38318e-11 1.33519e-11 1.25243e-11 1.14101e-11 1.00972e-11 8.68297e-12 7.26168e-12 5.91427e-12 4.69918e-12 3.64943e-12 2.77655e-12 2.07516e-12 1.52606e-12 1.10827e-12 7.95134e-13 5.65855e-13 3.98919e-13 2.79004e-13 1.92362e-13 1.27958e-13 7.6419e-14 2.8934e-14 
1.7578e-15 5.08776e-15 8.89018e-15 1.31551e-14 1.87671e-14 2.74024e-14 4.08584e-14 6.19505e-14 9.46634e-14 1.45099e-13 2.24174e-13 3.45551e-13 5.28956e-13 7.97318e-13 1.18233e-12 1.71523e-12 2.42708e-12 3.34186e-12 4.4702e-12 5.80178e-12 7.30535e-12 8.92485e-12 1.05841e-11 1.21914e-11 1.36536e-11 1.48767e-11 1.57808e-11 1.62983e-11 1.63871e-11 1.60325e-11 1.52531e-11 1.41034e-11 1.26701e-11 1.1061e-11 9.38872e-12 7.75807e-12 6.24988e-12 4.91925e-12 3.79046e-12 2.86709e-12 2.13288e-12 1.56499e-12 1.13475e-12 8.15152e-13 5.80053e-13 4.10098e-13 2.86287e-13 1.95993e-13 1.24372e-13 6.43115e-14 6.43115e-14 
8.87761e-16 4.24438e-15 8.09628e-15 1.31187e-14 1.9314e-14 2.76028e-14 4.04491e-14 6.04972e-14 9.07544e-14 1.3773e-13 2.11145e-13 3.23507e-13 4.93512e-13 7.47944e-13 1.1161e-12 1.63658e-12 2.34499e-12 3.27655e-12 4.45147e-12 5.87161e-12 7.51262e-12 9.32232e-12 1.12205e-11 1.31087e-11 1.48772e-11 1.64192e-11 1.76354e-11 1.84461e-11 1.87909e-11 1.86389e-11 1.7991e-11 1.68879e-11 1.54074e-11 1.36607e-11 1.17745e-11 9.87629e-12 8.07217e-12 6.44191e-12 5.02959e-12 3.85188e-12 2.89997e-12 2.15221e-12 1.57731e-12 1.14438e-12 8.22985e-13 5.87184e-13 4.14864e-13 2.88087e-13 1.92362e-13 1.13475e-13 4.29233e-14 
2.54089e-15 7.32677e-15 1.31551e-14 1.92471e-14 2.72855e-14 3.96546e-14 5.81439e-14 8.6958e-14 1.3006e-13 1.96531e-13 2.98214e-13 4.5242e-13 6.83942e-13 1.02427e-12 1.51345e-12 2.19257e-12 3.10503e-12 4.2833e-12 5.74325e-12 7.47266e-12 9.42993e-12 1.15366e-11 1.36906e-11 1.57699e-11 1.76504e-11 1.92158e-11 2.03665e-11 2.10268e-11 2.11468e-11 2.07096e-11 1.9735e-11 1.82869e-11 1.64703e-11 1.44206e-11 1.22827e-11 1.01892e-11 8.24845e-12 6.52892e-12 5.0658e-12 3.86194e-12 2.89971e-12 2.14924e-12 1.57615e-12 1.14525e-12 8.25329e-13 5.89549e-13 4.15836e-13 2.86287e-13 1.83379e-13 9.39649e-14 9.39649e-14 
8.68003e-16 5.73962e-15 1.24859e-14 1.9314e-14 2.78973e-14 3.92005e-14 5.70714e-14 8.34037e-14 1.23221e-13 1.83572e-13 2.747e-13 4.12895e-13 6.20473e-13 9.2769e-13 1.37427e-12 2.00594e-12 2.87149e-12 4.0164e-12 5.47085e-12 7.24006e-12 9.29519e-12 1.15706e-11 1.39631e-11 1.63431e-11 1.85722e-11 2.05118e-11 2.20426e-11 2.30691e-11 2.35236e-11 2.33682e-11 2.26028e-11 2.12702e-11 1.94613e-11 1.73109e-11 1.49756e-11 1.26133e-11 1.03614e-11 8.31767e-12 6.54059e-12 5.05024e-12 3.83927e-12 2.87939e-12 2.13503e-12 1.56855e-12 1.14208e-12 8.25406e-13 5.89726e-13 4.14864e-13 2.79004e-13 1.66119e-13 6.29272e-14 
3.29372e-15 1.10716e-14 1.87671e-14 2.72855e-14 3.90544e-14 5.64791e-14 8.13906e-14 1.18563e-13 1.73841e-13 2.56632e-13 3.79813e-13 5.64966e-13 8.38002e-13 1.23795e-12 1.81218e-12 2.61312e-12 3.69541e-12 5.10453e-12 6.86307e-12 8.96293e-12 1.13551e-11 1.39461e-11 1.6604e-11 1.91761e-11 2.15055e-11 2.34479e-11 2.48843e-11 2.57267e-11 2.5919e-11 2.54377e-11 2.43026e-11 2.25857e-11 2.04098e-11 1.79357e-11 1.53415e-11 1.27917e-11 1.04176e-11 8.30605e-12 6.50023e-12 5.00428e-12 3.79969e-12 2.85095e-12 2.11848e-12 1.56016e-12 1.14001e-12 8.24822e-13 5.89549e-13 4.10098e-13 2.64479e-13 1.3545e-13 1.3545e-13 
1.71469e-15 8.83038e-15 1.75651e-14 2.76028e-14 3.92005e-14 5.6292e-14 8.00163e-14 1.1504e-13 1.66894e-13 2.42921e-13 3.55594e-13 5.20458e-13 7.63671e-13 1.11946e-12 1.632e-12 2.35801e-12 3.35753e-12 4.68753e-12 6.39113e-12 8.48168e-12 1.09322e-11 1.36665e-11 1.65609e-11 1.94566e-11 2.21761e-11 2.45505e-11 2.64332e-11 2.7712e-11 2.83091e-11 2.81801e-11 2.7322e-11 2.57824e-11 2.36637e-11 2.11233e-11 1.83506e-11 1.55339e-11 1.28387e-11 1.03826e-11 8.23706e-12 6.42561e-12 4.94186e-12 3.75417e-12 2.82231e-12 2.10335e-12 1.55419e-12 1.13871e-12 8.25406e-13 5.87184e-13 3.98919e-13 2.39048e-13 9.09393e-14 
5.69042e-15 1.63994e-14 2.74024e-14 3.96546e-14 5.64791e-14 7.91242e-14 1.12977e-13 1.62771e-13 2.34078e-13 3.37785e-13 4.88693e-13 7.07165e-13 1.02404e-12 1.47968e-12 2.12897e-12 3.03513e-12 4.26332e-12 5.87332e-12 7.90186e-12 1.03493e-11 1.31633e-11 1.62374e-11 1.94154e-11 2.25087e-11 2.53212e-11 2.7677e-11 2.94327e-11 3.04851e-11 3.07704e-11 3.02615e-11 2.89801e-11 2.70062e-11 2.44817e-11 2.15985e-11 1.85641e-11 1.55718e-11 1.2777e-11 1.02792e-11 8.12849e-12 6.3342e-12 4.87381e-12 3.71048e-12 2.79808e-12 2.09278e-12 1.55224e-12 1.14001e-12 8.25329e-13 5.80053e-13 3.77936e-13 1.95622e-13 1.95622e-13 
2.57656e-15 1.27931e-14 2.66146e-14 4.04491e-14 5.70714e-14 8.00163e-14 1.12778e-13 1.6016e-13 2.28301e-13 3.26939e-13 4.67708e-13 6.67645e-13 9.54069e-13 1.36178e-12 1.94037e-12 2.7526e-12 3.86741e-12 5.35749e-12 7.28015e-12 9.66304e-12 1.24862e-11 1.56701e-11 1.90717e-11 2.25003e-11 2.57408e-11 2.85827e-11 3.08473e-11 3.24002e-11 3.31538e-11 3.30583e-11 3.21111e-11 3.03656e-11 2.79436e-11 2.50284e-11 2.18388e-11 1.85933e-11 1.548e-11 1.2632e-11 1.01295e-11 8.0012e-12 6.23843e-12 4.8114e-12 3.67497e-12 2.78229e-12 2.08929e-12 1.55419e-12 1.14208e-12 8.22985e-13 5.65855e-13 3.40809e-13 1.30952e-13 
8.17073e-15 2.43182e-14 4.08584e-14 5.81439e-14 8.13906e-14 1.12977e-13 1.59339e-13 2.26067e-13 3.2069e-13 4.54268e-13 6.42608e-13 9.06373e-13 1.27762e-12 1.79877e-12 2.52575e-12 3.52917e-12 4.88618e-12 6.67206e-12 8.93935e-12 1.1703e-11 1.49162e-11 1.8466e-11 2.21707e-11 2.58043e-11 2.9128e-11 3.19224e-11 3.40147e-11 3.5285e-11 3.56596e-11 3.51129e-11 3.36729e-11 3.14373e-11 2.85729e-11 2.53021e-11 2.18609e-11 1.84665e-11 1.52874e-11 1.2433e-11 9.95771e-12 7.8709e-12 6.15201e-12 4.76075e-12 3.65154e-12 2.77739e-12 2.09278e-12 1.56016e-12 1.14525e-12 8.15152e-13 5.36742e-13 2.78339e-13 2.78339e-13 
4.36415e-15 2.02402e-14 4.00002e-14 6.04972e-14 8.34037e-14 1.1504e-13 1.6016e-13 2.24689e-13 3.17035e-13 4.4677e-13 6.27669e-13 8.77488e-13 1.22335e-12 1.70048e-12 2.35957e-12 3.26357e-12 4.4918e-12 6.12567e-12 8.24271e-12 1.08858e-11 1.40516e-11 1.76624e-11 2.15632e-11 2.55322e-11 2.93105e-11 3.26387e-11 3.52982e-11 3.71265e-11 3.80224e-11 3.79341e-11 3.68677e-11 3.48938e-11 3.21616e-11 2.88871e-11 2.53173e-11 2.16944e-11 1.82174e-11 1.50274e-11 1.22061e-11 9.78435e-12 7.75353e-12 6.08253e-12 4.72833e-12 3.64347e-12 2.78229e-12 2.10335e-12 1.56855e-12 1.14438e-12 7.95134e-13 4.83713e-13 1.86956e-13 
1.25128e-14 3.75716e-14 6.19505e-14 8.6958e-14 1.18563e-13 1.62771e-13 2.26067e-13 3.15902e-13 4.42782e-13 6.18985e-13 8.60925e-13 1.19042e-12 1.63877e-12 2.24869e-12 3.07457e-12 4.19002e-12 5.67838e-12 7.6282e-12 1.01108e-11 1.31606e-11 1.67445e-11 2.07485e-11 2.49725e-11 2.91514e-11 3.29943e-11 3.62331e-11 3.8654e-11 4.01146e-11 4.0537e-11 3.99011e-11 3.82561e-11 3.57302e-11 3.25265e-11 2.88994e-11 2.5108e-11 2.13796e-11 1.78856e-11 1.47354e-11 1.19793e-11 9.62835e-12 7.65989e-12 6.03803e-12 4.71728e-12 3.65154e-12 2.79808e-12 2.11848e-12 1.57615e-12 1.13475e-12 7.5456e-13 3.94318e-13 3.94318e-13 
6.27468e-15 3.15374e-14 6.14334e-14 9.07544e-14 1.23221e-13 1.66894e-13 2.28301e-13 3.17035e-13 4.42044e-13 6.1515e-13 8.51982e-13 1.17225e-12 1.60329e-12 2.1805e-12 2.95248e-12 3.98086e-12 5.34521e-12 7.13561e-12 9.44037e-12 1.23268e-11 1.58081e-11 1.98194e-11 2.42013e-11 2.87025e-11 3.30151e-11 3.68236e-11 3.9858e-11 4.19208e-11 4.28974e-11 4.27422e-11 4.14813e-11 3.92225e-11 3.61565e-11 3.25385e-11 2.86422e-11 2.47188e-11 2.09647e-11 1.75157e-11 1.44436e-11 1.17761e-11 9.50533e-12 7.60033e-12 6.02329e-12 4.72833e-12 3.67497e-12 2.82231e-12 2.13503e-12 1.57731e-12 1.10827e-12 6.79872e-13 2.62927e-13 
1.97848e-14 5.83975e-14 9.46634e-14 1.3006e-13 1.73841e-13 2.34078e-13 3.2069e-13 4.42782e-13 6.13499e-13 8.47345e-13 1.16331e-12 1.58435e-12 2.14256e-12 2.87967e-12 3.84925e-12 5.12078e-12 6.77863e-12 8.91688e-12 1.16212e-11 1.49471e-11 1.88823e-11 2.33208e-11 2.80476e-11 3.27573e-11 3.71026e-11 4.07505e-11 4.34415e-11 4.50082e-11 4.53737e-11 4.45415e-11 4.26001e-11 3.97268e-11 3.61754e-11 3.22326e-11 2.81694e-11 2.42069e-11 2.05018e-11 1.71467e-11 1.41835e-11 1.16167e-11 9.42692e-12 7.58029e-12 6.03803e-12 4.76075e-12 3.71048e-12 2.85095e-12 2.14924e-12 1.56499e-12 1.05042e-12 5.53198e-13 5.53198e-13 
1.01703e-14 4.88249e-14 9.5877e-14 1.3773e-13 1.83572e-13 2.42921e-13 3.26939e-13 4.4677e-13 6.1515e-13 8.46439e-13 1.1584e-12 1.57485e-12 2.12278e-12 2.84068e-12 3.77427e-12 4.98438e-12 6.54648e-12 8.5485e-12 1.10846e-11 1.42366e-11 1.80393e-11 2.24454e-11 2.72945e-11 3.23111e-11 3.71315e-11 4.13717e-11 4.46993e-11 4.68836e-11 4.78017e-11 4.74323e-11 4.58443e-11 4.32038e-11 3.97631e-11 3.58199e-11 3.16668e-11 2.75481e-11 2.36367e-11 2.00415e-11 1.6817e-11 1.39789e-11 1.15147e-11 9.40002e-12 7.60033e-12 6.08253e-12 4.8114e-12 3.75417e-12 2.87939e-12 2.15221e-12 1.52606e-12 9.43087e-13 3.6682e-13 
3.11596e-14 9.18259e-14 1.45099e-13 1.96531e-13 2.56632e-13 3.37785e-13 4.54268e-13 6.18985e-13 8.47345e-13 1.15768e-12 1.57019e-12 2.11354e-12 2.82044e-12 3.73437e-12 4.90833e-12 6.40954e-12 8.31761e-12 1.07226e-11 1.3717e-11 1.7368e-11 2.16826e-11 2.65654e-11 3.17888e-11 3.70038e-11 4.17913e-11 4.57478e-11 4.85625e-11 5.0056e-11 5.01709e-11 4.896e-11 4.65769e-11 4.32728e-11 3.93605e-11 3.51538e-11 3.09199e-11 2.68524e-11 2.30688e-11 1.96309e-11 1.65587e-11 1.38478e-11 1.14795e-11 9.42692e-12 7.65989e-12 6.15201e-12 4.87381e-12 3.79969e-12 2.89971e-12 2.13288e-12 1.44285e-12 7.63511e-13 7.63511e-13 
1.52346e-14 7.7048e-14 1.48854e-13 2.11145e-13 2.747e-13 3.55594e-13 4.67708e-13 6.27669e-13 8.51982e-13 1.1584e-12 1.56901e-12 2.10869e-12 2.8103e-12 3.71416e-12 4.86907e-12 6.33555e-12 8.18728e-12 1.05068e-11 1.33849e-11 1.69049e-11 2.11121e-11 2.59709e-11 3.13169e-11 3.68405e-11 4.21116e-11 4.66678e-11 5.01147e-11 5.21959e-11 5.28088e-11 5.19821e-11 4.98634e-11 4.67034e-11 4.283e-11 3.85858e-11 3.42656e-11 3.00808e-11 2.61589e-11 2.25613e-11 1.93074e-11 1.63936e-11 1.38035e-11 1.15147e-11 9.50533e-12 7.75353e-12 6.23843e-12 4.94186e-12 3.83927e-12 2.89997e-12 2.07516e-12 1.29069e-12 5.0355e-13 
4.96761e-14 1.43335e-13 2.24174e-13 2.98214e-13 3.79813e-13 4.88693e-13 6.42608e-13 8.60925e-13 1.16331e-12 1.57019e-12 2.10796e-12 2.80618e-12 3.70377e-12 4.84758e-12 6.29714e-12 8.11851e-12 1.03911e-11 1.32011e-11 1.66345e-11 2.07595e-11 2.55833e-11 3.10044e-11 3.67656e-11 4.24564e-11 4.75744e-11 5.16446e-11 5.43197e-11 5.54333e-11 5.49864e-11 5.31173e-11 5.00851e-11 4.62356e-11 4.19439e-11 3.75406e-11 3.32611e-11 2.92408e-11 2.55385e-11 2.21622e-11 1.9102e-11 1.63368e-11 1.38478e-11 1.16167e-11 9.62835e-12 7.8709e-12 6.3342e-12 5.00428e-12 3.86194e-12 2.86709e-12 1.95356e-12 1.03854e-12 1.03854e-12 
2.43743e-14 1.20605e-13 2.31502e-13 3.23507e-13 4.12895e-13 5.20458e-13 6.67645e-13 8.77488e-13 1.17225e-12 1.57485e-12 2.10869e-12 2.80508e-12 3.69841e-12 4.83668e-12 6.27488e-12 8.08085e-12 1.03318e-11 1.31116e-11 1.65079e-11 2.05983e-11 2.54177e-11 3.09139e-11 3.68851e-11 4.2955e-11 4.86056e-11 5.32907e-11 5.65653e-11 5.81794e-11 5.8094e-11 5.64422e-11 5.34938e-11 4.96218e-11 4.52402e-11 4.0725e-11 3.63452e-11 3.22493e-11 2.84863e-11 2.50492e-11 2.19078e-11 1.90309e-11 1.63936e-11 1.39789e-11 1.17761e-11 9.78435e-12 8.0012e-12 6.42561e-12 5.05024e-12 3.85188e-12 2.77655e-12 1.7367e-12 6.77969e-13 
7.84983e-14 2.22242e-13 3.45551e-13 4.5242e-13 5.64966e-13 7.07165e-13 9.06373e-13 1.19042e-12 1.58435e-12 2.11354e-12 2.80618e-12 3.69678e-12 4.82996e-12 6.26038e-12 8.05564e-12 1.02948e-11 1.30665e-11 1.64613e-11 2.05644e-11 2.54316e-11 3.1044e-11 3.72484e-11 4.37047e-11 4.98967e-11 5.52168e-11 5.91152e-11 6.12405e-11 6.14946e-11 6.00045e-11 5.7064e-11 5.30824e-11 4.85276e-11 4.38312e-11 3.93106e-11 3.51321e-11 3.13362e-11 2.78908e-11 2.47375e-11 2.18205e-11 1.9102e-11 1.65587e-11 1.41835e-11 1.19793e-11 9.95771e-12 8.12849e-12 6.50023e-12 5.0658e-12 3.79046e-12 2.59883e-12 1.38543e-12 1.38543e-12 
3.86301e-14 1.87645e-13 3.56565e-13 4.93512e-13 6.20473e-13 7.63671e-13 9.54069e-13 1.22335e-12 1.60329e-12 2.12278e-12 2.8103e-12 3.69841e-12 4.82827e-12 6.25219e-12 8.03702e-12 1.02655e-11 1.30323e-11 1.64397e-11 2.05857e-11 2.55464e-11 3.13327e-11 3.78295e-11 4.47354e-11 5.15395e-11 5.7578e-11 6.21833e-11 6.48684e-11 6.54536e-11 6.40566e-11 6.10109e-11 5.67866e-11 5.19189e-11 4.69183e-11 4.21658e-11 3.7857e-11 3.40277e-11 3.06113e-11 2.75094e-11 2.46298e-11 2.19078e-11 1.93074e-11 1.6817e-11 1.44436e-11 1.22061e-11 1.01295e-11 8.23706e-12 6.54059e-12 5.02959e-12 3.64943e-12 2.29275e-12 8.95841e-13 
1.21667e-13 3.42746e-13 5.28956e-13 6.83942e-13 8.38002e-13 1.02404e-12 1.27762e-12 1.63877e-12 2.14256e-12 2.82044e-12 3.70377e-12 4.82996e-12 6.24894e-12 8.02373e-12 1.02395e-11 1.29967e-11 1.64128e-11 2.06062e-11 2.56811e-11 3.16832e-11 3.85405e-11 4.59923e-11 5.35384e-11 6.0461e-11 6.59536e-11 6.93461e-11 7.03164e-11 6.8955e-11 6.56588e-11 6.09971e-11 5.56092e-11 5.01083e-11 4.49649e-11 4.04246e-11 3.65202e-11 3.31458e-11 3.0147e-11 2.73789e-11 2.47375e-11 2.21622e-11 1.96309e-11 1.71467e-11 1.47354e-11 1.2433e-11 1.02792e-11 8.30605e-12 6.52892e-12 4.91925e-12 3.38864e-12 1.80912e-12 1.80912e-12 
5.98831e-14 2.88229e-13 5.4341e-13 7.47944e-13 9.2769e-13 1.11946e-12 1.36178e-12 1.70048e-12 2.1805e-12 2.84068e-12 3.71416e-12 4.83668e-12 6.25219e-12 8.01958e-12 1.02205e-11 1.29612e-11 1.63722e-11 2.05975e-11 2.57765e-11 3.20037e-11 3.92637e-11 4.73518e-11 5.57948e-11 6.38361e-11 7.05137e-11 7.49104e-11 7.64617e-11 7.51565e-11 7.14635e-11 6.61121e-11 5.99088e-11 5.36151e-11 4.78293e-11 4.28769e-11 3.8799e-11 3.54429e-11 3.25783e-11 2.99872e-11 2.75094e-11 2.50492e-11 2.25613e-11 2.00415e-11 1.75157e-11 1.50274e-11 1.2632e-11 1.03826e-11 8.31767e-12 6.44191e-12 4.69918e-12 2.96043e-12 1.15583e-12 
1.86892e-13 5.19067e-13 7.97318e-13 1.02427e-12 1.23795e-12 1.47968e-12 1.79877e-12 2.24869e-12 2.87967e-12 3.73437e-12 4.84758e-12 6.26038e-12 8.02373e-12 1.02131e-11 1.29342e-11 1.63266e-11 2.05578e-11 2.58088e-11 3.22325e-11 3.98914e-11 4.86633e-11 5.8139e-11 6.75532e-11 7.58e-11 8.16596e-11 8.42012e-11 8.3158e-11 7.90041e-11 7.26877e-11 6.52845e-11 5.77892e-11 5.09855e-11 4.53271e-11 4.08915e-11 3.74736e-11 3.47437e-11 3.23819e-11 3.0147e-11 2.78908e-11 2.55385e-11 2.30688e-11 2.05018e-11 1.78856e-11 1.52874e-11 1.2777e-11 1.04176e-11 8.24845e-12 6.24988e-12 4.32303e-12 2.30837e-12 2.30837e-12 
9.18415e-14 4.33965e-13 8.14107e-13 1.1161e-12 1.37427e-12 1.632e-12 1.94037e-12 2.35957e-12 2.95248e-12 3.77427e-12 4.86907e-12 6.27488e-12 8.03702e-12 1.02205e-11 1.29243e-11 1.62911e-11 2.05049e-11 2.57857e-11 3.23489e-11 4.03536e-11 4.97933e-11 6.03724e-11 7.13757e-11 8.16006e-11 8.951e-11 9.36786e-11 9.33828e-11 8.89199e-11 8.14298e-11 7.23875e-11 6.31587e-11 5.4811e-11 4.79992e-11 4.2893e-11 3.9247e-11 3.66056e-11 3.45012e-11 3.25783e-11 3.06113e-11 2.84863e-11 2.61589e-11 2.36367e-11 2.09647e-11 1.82174e-11 1.548e-11 1.28387e-11 1.03614e-11 8.07217e-12 5.91427e-12 3.73334e-12 1.45449e-12 
2.79572e-13 7.71342e-13 1.18233e-12 1.51345e-12 1.81218e-12 2.12897e-12 2.52575e-12 3.07457e-12 3.84925e-12 4.90833e-12 6.29714e-12 8.05564e-12 1.02395e-11 1.29342e-11 1.62776e-11 2.04615e-11 2.57335e-11 3.23708e-11 4.06312e-11 5.06563e-11 6.23196e-11 7.50351e-11 8.75944e-11 9.81907e-11 1.04822e-10 1.06074e-10 1.01794e-10 9.31456e-11 8.20566e-11 7.04699e-11 5.98937e-11 5.12915e-11 4.50192e-11 4.08423e-11 3.81588e-11 3.63028e-11 3.47437e-11 3.31458e-11 3.13362e-11 2.92408e-11 2.68524e-11 2.42069e-11 2.13796e-11 1.84665e-11 1.55718e-11 1.27917e-11 1.01892e-11 7.75807e-12 5.38137e-12 2.87003e-12 2.87003e-12 
1.38009e-13 6.39514e-13 1.19534e-12 1.63658e-12 2.00594e-12 2.35801e-12 2.7526e-12 3.26357e-12 3.98086e-12 4.98438e-12 6.33555e-12 8.08085e-12 1.02655e-11 1.29612e-11 1.62911e-11 2.04444e-11 2.56856e-11 3.23362e-11 4.07508e-11 5.12306e-11 6.38625e-11 7.82851e-11 9.34116e-11 1.07283e-10 1.17327e-10 1.21238e-10 1.18046e-10 1.08633e-10 9.52907e-11 8.07009e-11 6.70732e-11 5.58442e-11 4.76768e-11 4.24579e-11 3.94671e-11 3.77781e-11 3.66056e-11 3.54429e-11 3.40277e-11 3.22493e-11 3.00808e-11 2.75481e-11 2.47188e-11 2.16944e-11 1.85933e-11 1.55339e-11 1.26133e-11 9.87629e-12 7.26168e-12 4.58797e-12 1.78132e-12 
4.11368e-13 1.12033e-12 1.71523e-12 2.19257e-12 2.61312e-12 3.03513e-12 3.52917e-12 4.19002e-12 5.12078e-12 6.40954e-12 8.11851e-12 1.02948e-11 1.29967e-11 1.63266e-11 2.04615e-11 2.56664e-11 3.22919e-11 4.07682e-11 5.15491e-11 6.49645e-11 8.0952e-11 9.86962e-11 1.16278e-10 1.30679e-10 1.3859e-10 1.3785e-10 1.28573e-10 1.1315e-10 9.50548e-11 7.74723e-11 6.25927e-11 5.15507e-11 4.45024e-11 4.0717e-11 3.89824e-11 3.81588e-11 3.74736e-11 3.65202e-11 3.51321e-11 3.32611e-11 3.09199e-11 2.81694e-11 2.5108e-11 2.18609e-11 1.85641e-11 1.53415e-11 1.22827e-11 9.38872e-12 6.52606e-12 3.47023e-12 3.47023e-12 
2.02699e-13 9.2027e-13 1.71367e-12 2.34499e-12 2.87149e-12 3.35753e-12 3.86741e-12 4.4918e-12 5.34521e-12 6.54648e-12 8.18728e-12 1.03318e-11 1.30323e-11 1.63722e-11 2.05049e-11 2.56856e-11 3.22732e-11 4.07467e-11 5.16877e-11 6.56632e-11 8.29589e-11 1.0317e-10 1.24661e-10 1.44211e-10 1.57563e-10 1.61042e-10 1.53413e-10 1.36638e-10 1.14869e-10 9.24942e-11 7.28069e-11 5.76711e-11 4.76917e-11 4.23107e-11 4.00986e-11 3.94671e-11 3.9247e-11 3.8799e-11 3.7857e-11 3.63452e-11 3.42656e-11 3.16668e-11 2.86422e-11 2.53173e-11 2.18388e-11 1.83506e-11 1.49756e-11 1.17745e-11 8.68297e-12 5.48435e-12 2.11786e-12 
5.89328e-13 1.58663e-12 2.42708e-12 3.10503e-12 3.69541e-12 4.26332e-12 4.88618e-12 5.67838e-12 6.77863e-12 8.31761e-12 1.03911e-11 1.30665e-11 1.64128e-11 2.05578e-11 2.57335e-11 3.22919e-11 4.07337e-11 5.17277e-11 6.60481e-11 8.43308e-11 1.06677e-10 1.31984e-10 1.57184e-10 1.7733e-10 1.87098e-10 1.83248e-10 1.66569e-10 1.41486e-10 1.13725e-10 8.80628e-11 6.74468e-11 5.31386e-11 4.4982e-11 4.15258e-11 4.0717e-11 4.08423e-11 4.08915e-11 4.04246e-11 3.93106e-11 3.75406e-11 3.51538e-11 3.22326e-11 2.88994e-11 2.53021e-11 2.15985e-11 1.79357e-11 1.44206e-11 1.1061e-11 7.70006e-12 4.07669e-12 4.07669e-12 
2.93098e-13 1.2911e-12 2.39255e-12 3.27655e-12 4.0164e-12 4.68753e-12 5.35749e-12 6.12567e-12 7.13561e-12 8.5485e-12 1.05068e-11 1.31116e-11 1.64397e-11 2.05975e-11 2.57857e-11 3.23362e-11 4.07467e-11 5.17333e-11 6.62241e-11 8.51697e-11 1.09203e-10 1.37947e-10 1.68899e-10 1.9689e-10 2.15082e-10 2.17745e-10 2.03444e-10 1.76137e-10 1.4281e-10 1.1013e-10 8.25866e-11 6.23755e-11 4.9902e-11 4.40024e-11 4.23107e-11 4.24579e-11 4.2893e-11 4.28769e-11 4.21658e-11 4.0725e-11 3.85858e-11 3.58199e-11 3.25385e-11 2.88871e-11 2.50284e-11 2.11233e-11 1.73109e-11 1.36607e-11 1.00972e-11 6.37075e-12 2.44379e-12 
8.25809e-13 2.18744e-12 3.34186e-12 4.2833e-12 5.10453e-12 5.87332e-12 6.67206e-12 7.6282e-12 8.91688e-12 1.07226e-11 1.32011e-11 1.64613e-11 2.06062e-11 2.58088e-11 3.23708e-11 4.07682e-11 5.17277e-11 6.62725e-11 8.56013e-11 1.10839e-10 1.42425e-10 1.78794e-10 2.15177e-10 2.4369e-10 2.55937e-10 2.47263e-10 2.19823e-10 1.81391e-10 1.40891e-10 1.04975e-10 7.72061e-11 5.8694e-11 4.87208e-11 4.4982e-11 4.45024e-11 4.50192e-11 4.53271e-11 4.49649e-11 4.38312e-11 4.19439e-11 3.93605e-11 3.61754e-11 3.25265e-11 2.85729e-11 2.44817e-11 2.04098e-11 1.64703e-11 1.26701e-11 8.82666e-12 4.64539e-12 4.64539e-12 
4.15476e-13 1.76254e-12 3.24709e-12 4.45147e-12 5.47085e-12 6.39113e-12 7.28015e-12 8.24271e-12 9.44037e-12 1.10846e-11 1.33849e-11 1.65079e-11 2.05857e-11 2.57765e-11 3.23489e-11 4.07508e-11 5.16877e-11 6.62241e-11 8.57322e-11 1.11731e-10 1.45458e-10 1.86521e-10 2.31201e-10 2.71377e-10 2.96255e-10 2.97223e-10 2.7305e-10 2.31007e-10 1.82369e-10 1.36677e-10 9.95735e-11 7.32223e-11 5.73399e-11 4.9902e-11 4.76917e-11 4.76768e-11 4.79992e-11 4.78293e-11 4.69183e-11 4.52402e-11 4.283e-11 3.97631e-11 3.61565e-11 3.21616e-11 2.79436e-11 2.36637e-11 1.94613e-11 1.54074e-11 1.14101e-11 7.18196e-12 2.73016e-12 
1.12808e-12 2.92994e-12 4.4702e-12 5.74325e-12 6.86307e-12 7.90186e-12 8.93935e-12 1.01108e-11 1.16212e-11 1.3717e-11 1.66345e-11 2.05644e-11 2.56811e-11 3.22325e-11 4.06312e-11 5.15491e-11 6.60481e-11 8.56013e-11 1.12011e-10 1.47177e-10 1.9195e-10 2.44178e-10 2.96511e-10 3.36646e-10 3.51718e-10 3.35526e-10 2.92851e-10 2.36607e-10 1.80028e-10 1.31683e-10 9.5455e-11 7.1745e-11 5.8694e-11 5.31386e-11 5.15507e-11 5.12915e-11 5.09855e-11 5.01083e-11 4.85276e-11 4.62356e-11 4.32728e-11 3.97268e-11 3.57302e-11 3.14373e-11 2.70062e-11 2.25857e-11 1.82869e-11 1.41034e-11 9.82455e-12 5.13071e-12 5.13071e-12 
5.74515e-13 2.3406e-12 4.27877e-12 5.87161e-12 7.24006e-12 8.48168e-12 9.66304e-12 1.08858e-11 1.23268e-11 1.42366e-11 1.69049e-11 2.05983e-11 2.55464e-11 3.20037e-11 4.03536e-11 5.12306e-11 6.56632e-11 8.51697e-11 1.11731e-10 1.47729e-10 1.95126e-10 2.53605e-10 3.17564e-10 3.74631e-10 4.08292e-10 4.05963e-10 3.67495e-10 3.05576e-10 2.37488e-10 1.76096e-10 1.27687e-10 9.3911e-11 7.32223e-11 6.23755e-11 5.76711e-11 5.58442e-11 5.4811e-11 5.36151e-11 5.19189e-11 4.96218e-11 4.67034e-11 4.32038e-11 3.92225e-11 3.48938e-11 3.03656e-11 2.57824e-11 2.12702e-11 1.68879e-11 1.25243e-11 7.85405e-12 2.95247e-12 
1.50195e-12 3.81259e-12 5.80178e-12 7.47266e-12 8.96293e-12 1.03493e-11 1.1703e-11 1.31606e-11 1.49471e-11 1.7368e-11 2.07595e-11 2.54316e-11 3.16832e-11 3.98914e-11 5.06563e-11 6.49645e-11 8.43308e-11 1.10839e-10 1.47177e-10 1.96165e-10 2.59274e-10 3.33315e-10 4.07525e-10 4.63435e-10 4.81595e-10 4.54196e-10 3.90859e-10 3.11755e-10 2.35565e-10 1.7261e-10 1.26161e-10 9.5455e-11 7.72061e-11 6.74468e-11 6.25927e-11 5.98937e-11 5.77892e-11 5.56092e-11 5.30824e-11 5.00851e-11 4.65769e-11 4.26001e-11 3.82561e-11 3.36729e-11 2.89801e-11 2.43026e-11 1.9735e-11 1.52531e-11 1.06165e-11 5.48781e-12 5.48781e-12 
7.76369e-13 3.02226e-12 5.47262e-12 7.51262e-12 9.29519e-12 1.09322e-11 1.24862e-11 1.40516e-11 1.58081e-11 1.80393e-11 2.11121e-11 2.54177e-11 3.13327e-11 3.92637e-11 4.97933e-11 6.38625e-11 8.29589e-11 1.09203e-10 1.45458e-10 1.95126e-10 2.61161e-10 3.43018e-10 4.32846e-10 5.12785e-10 5.57757e-10 5.49957e-10 4.9231e-10 4.05317e-10 3.13346e-10 2.33142e-10 1.71231e-10 1.27687e-10 9.95735e-11 8.25866e-11 7.28069e-11 6.70732e-11 6.31587e-11 5.99088e-11 5.67866e-11 5.34938e-11 4.98634e-11 4.58443e-11 4.14813e-11 3.68677e-11 3.21111e-11 2.7322e-11 2.26028e-11 1.7991e-11 1.33519e-11 8.33094e-12 3.08774e-12 
1.94779e-12 4.81775e-12 7.30535e-12 9.42993e-12 1.13551e-11 1.31633e-11 1.49162e-11 1.67445e-11 1.88823e-11 2.16826e-11 2.55833e-11 3.1044e-11 3.85405e-11 4.86633e-11 6.23196e-11 8.0952e-11 1.06677e-10 1.42425e-10 1.9195e-10 2.59274e-10 3.46292e-10 4.48799e-10 5.51826e-10 6.27969e-10 6.49056e-10 6.06867e-10 5.18555e-10 4.12585e-10 3.12883e-10 2.3209e-10 1.7261e-10 1.31683e-10 1.04975e-10 8.80628e-11 7.74723e-11 7.04699e-11 6.52845e-11 6.09971e-11 5.7064e-11 5.31173e-11 4.896e-11 4.45415e-11 3.99011e-11 3.51129e-11 3.02615e-11 2.54377e-11 2.07096e-11 1.60325e-11 1.11381e-11 5.68404e-12 5.68404e-12 
1.02387e-12 3.79535e-12 6.79291e-12 9.32232e-12 1.15706e-11 1.36665e-11 1.56701e-11 1.76624e-11 1.98194e-11 2.24454e-11 2.59709e-11 3.09139e-11 3.78295e-11 4.73518e-11 6.03724e-11 7.82851e-11 1.0317e-10 1.37947e-10 1.86521e-10 2.53605e-10 3.43018e-10 4.54248e-10 5.76925e-10 6.84871e-10 7.4276e-10 7.28034e-10 6.48572e-10 5.34042e-10 4.15359e-10 3.12455e-10 2.33142e-10 1.76096e-10 1.36677e-10 1.1013e-10 9.24942e-11 8.07009e-11 7.23875e-11 6.61121e-11 6.10109e-11 5.64422e-11 5.19821e-11 4.74323e-11 4.27422e-11 3.79341e-11 3.30583e-11 2.81801e-11 2.33682e-11 1.86389e-11 1.38318e-11 8.57195e-12 3.12245e-12 
2.46014e-12 5.91455e-12 8.92485e-12 1.15366e-11 1.39461e-11 1.62374e-11 1.8466e-11 2.07485e-11 2.33208e-11 2.65654e-11 3.10044e-11 3.72484e-11 4.59923e-11 5.8139e-11 7.50351e-11 9.86962e-11 1.31984e-10 1.78794e-10 2.44178e-10 3.33315e-10 4.48799e-10 5.85593e-10 7.22094e-10 8.20316e-10 8.44965e-10 7.88333e-10 6.75141e-10 5.41545e-10 4.1598e-10 3.12883e-10 2.35565e-10 1.80028e-10 1.40891e-10 1.13725e-10 9.50548e-11 8.20566e-11 7.26877e-11 6.56588e-11 6.00045e-11 5.49864e-11 5.01709e-11 4.53737e-11 4.0537e-11 3.56596e-11 3.07704e-11 2.5919e-11 2.11468e-11 1.63871e-11 1.13488e-11 5.70048e-12 5.70048e-12 
1.31359e-12 4.63353e-12 8.18639e-12 1.12205e-11 1.39631e-11 1.65609e-11 1.90717e-11 2.15632e-11 2.42013e-11 2.72945e-11 3.13169e-11 3.68851e-11 4.47354e-11 5.57948e-11 7.13757e-11 9.34116e-11 1.24661e-10 1.68899e-10 2.31201e-10 3.17564e-10 4.32846e-10 5.76925e-10 7.35069e-10 8.71788e-10 9.43359e-10 9.25195e-10 8.28455e-10 6.89177e-10 5.43708e-10 4.15359e-10 3.13346e-10 2.37488e-10 1.82369e-10 1.4281e-10 1.14869e-10 9.52907e-11 8.14298e-11 7.14635e-11 6.40566e-11 5.8094e-11 5.28088e-11 4.78017e-11 4.28974e-11 3.80224e-11 3.31538e-11 2.83091e-11 2.35236e-11 1.87909e-11 1.39314e-11 8.55721e-12 3.05045e-12 
3.02599e-12 7.05502e-12 1.05841e-11 1.36906e-11 1.6604e-11 1.94154e-11 2.21707e-11 2.49725e-11 2.80476e-11 3.17888e-11 3.67656e-11 4.37047e-11 5.35384e-11 6.75532e-11 8.75944e-11 1.16278e-10 1.57184e-10 2.15177e-10 2.96511e-10 4.07525e-10 5.51826e-10 7.22094e-10 8.89872e-10 1.00929e-09 1.04163e-09 9.79973e-10 8.50576e-10 6.9351e-10 5.41545e-10 4.12585e-10 3.11755e-10 2.36607e-10 1.81391e-10 1.41486e-10 1.1315e-10 9.31456e-11 7.90041e-11 6.8955e-11 6.14946e-11 5.54333e-11 5.0056e-11 4.50082e-11 4.01146e-11 3.5285e-11 3.04851e-11 2.57267e-11 2.10268e-11 1.62983e-11 1.12369e-11 5.53757e-12 5.53757e-12 
1.63742e-12 5.50284e-12 9.58504e-12 1.31087e-11 1.63431e-11 1.94566e-11 2.25003e-11 2.55322e-11 2.87025e-11 3.23111e-11 3.68405e-11 4.2955e-11 5.15395e-11 6.38361e-11 8.16006e-11 1.07283e-10 1.44211e-10 1.9689e-10 2.71377e-10 3.74631e-10 5.12785e-10 6.84871e-10 8.71788e-10 1.03258e-09 1.11996e-09 1.10962e-09 1.01084e-09 8.57617e-10 6.89177e-10 5.34042e-10 4.05317e-10 3.05576e-10 2.31007e-10 1.76137e-10 1.36638e-10 1.08633e-10 8.89199e-11 7.51565e-11 6.54536e-11 5.81794e-11 5.21959e-11 4.68836e-11 4.19208e-11 3.71265e-11 3.24002e-11 2.7712e-11 2.30691e-11 1.84461e-11 1.36495e-11 8.29348e-12 2.87946e-12 
3.62062e-12 8.18208e-12 1.21914e-11 1.57699e-11 1.91761e-11 2.25087e-11 2.58043e-11 2.91514e-11 3.27573e-11 3.70038e-11 4.24564e-11 4.98967e-11 6.0461e-11 7.58e-11 9.81907e-11 1.30679e-10 1.7733e-10 2.4369e-10 3.36646e-10 4.63435e-10 6.27969e-10 8.20316e-10 1.00929e-09 1.14771e-09 1.19678e-09 1.14823e-09 1.02079e-09 8.50576e-10 6.75141e-10 5.18555e-10 3.90859e-10 2.92851e-10 2.19823e-10 1.66569e-10 1.28573e-10 1.01794e-10 8.3158e-11 7.03164e-11 6.12405e-11 5.43197e-11 4.85625e-11 4.34415e-11 3.8654e-11 3.40147e-11 2.94327e-11 2.48843e-11 2.03665e-11 1.57808e-11 1.08176e-11 5.2112e-12 5.2112e-12 
1.98036e-12 6.35749e-12 1.09098e-11 1.48772e-11 1.85722e-11 2.21761e-11 2.57408e-11 2.93105e-11 3.30151e-11 3.71315e-11 4.21116e-11 4.86056e-11 5.7578e-11 7.05137e-11 8.951e-11 1.17327e-10 1.57563e-10 2.15082e-10 2.96255e-10 4.08292e-10 5.57757e-10 7.4276e-10 9.43359e-10 1.11996e-09 1.22769e-09 1.2403e-09 1.16067e-09 1.01084e-09 8.28455e-10 6.48572e-10 4.9231e-10 3.67495e-10 2.7305e-10 2.03444e-10 1.53413e-10 1.18046e-10 9.33828e-11 7.64617e-11 6.48684e-11 5.65653e-11 5.01147e-11 4.46993e-11 3.9858e-11 3.52982e-11 3.08473e-11 2.64332e-11 2.20426e-11 1.76354e-11 1.30144e-11 7.80821e-12 2.62779e-12 
4.21039e-12 9.22983e-12 1.36536e-11 1.76504e-11 2.15055e-11 2.53212e-11 2.9128e-11 3.29943e-11 3.71026e-11 4.17913e-11 4.75744e-11 5.52168e-11 6.59536e-11 8.16596e-11 1.04822e-10 1.3859e-10 1.87098e-10 2.55937e-10 3.51718e-10 4.81595e-10 6.49056e-10 8.44965e-10 1.04163e-09 1.19678e-09 1.27295e-09 1.25423e-09 1.14823e-09 9.79973e-10 7.88333e-10 6.06867e-10 4.54196e-10 3.35526e-10 2.47263e-10 1.83248e-10 1.3785e-10 1.06074e-10 8.42012e-11 6.93461e-11 5.91152e-11 5.16446e-11 4.57478e-11 4.07505e-11 3.62331e-11 3.19224e-11 2.7677e-11 2.34479e-11 1.92158e-11 1.48767e-11 1.01307e-11 4.75521e-12 4.75521e-12 
2.31915e-12 7.14465e-12 1.20784e-11 1.64192e-11 2.05118e-11 2.45505e-11 2.85827e-11 3.26387e-11 3.68236e-11 4.13717e-11 4.66678e-11 5.32907e-11 6.21833e-11 7.49104e-11 9.36786e-11 1.21238e-10 1.61042e-10 2.17745e-10 2.97223e-10 4.05963e-10 5.49957e-10 7.28034e-10 9.25195e-10 1.10962e-09 1.2403e-09 1.28737e-09 1.2403e-09 1.10962e-09 9.25195e-10 7.28034e-10 5.49957e-10 4.05963e-10 2.97223e-10 2.17745e-10 1.61042e-10 1.21238e-10 9.36786e-11 7.49104e-11 6.21833e-11 5.32907e-11 4.66678e-11 4.13717e-11 3.68236e-11 3.26387e-11 2.85827e-11 2.45505e-11 2.05118e-11 1.64192e-11 1.20784e-11 7.14465e-12 2.31915e-12 
4.75521e-12 1.01307e-11 1.48767e-11 1.92158e-11 2.34479e-11 2.7677e-11 3.19224e-11 3.62331e-11 4.07505e-11 4.57478e-11 5.16446e-11 5.91152e-11 6.93461e-11 8.42012e-11 1.06074e-10 1.3785e-10 1.83248e-10 2.47263e-10 3.35526e-10 4.54196e-10 6.06867e-10 7.88333e-10 9.79973e-10 1.14823e-09 1.25423e-09 1.27295e-09 1.19678e-09 1.04163e-09 8.44965e-10 6.49056e-10 4.81595e-10 3.51718e-10 2.55937e-10 1.87098e-10 1.3859e-10 1.04822e-10 8.16596e-11 6.59536e-11 5.52168e-11 4.75744e-11 4.17913e-11 3.71026e-11 3.29943e-11 2.9128e-11 2.53212e-11 2.15055e-11 1.76504e-11 1.36536e-11 9.22983e-12 4.21039e-12 4.21039e-12 
2.62779e-12 7.80821e-12 1.30144e-11 1.76354e-11 2.20426e-11 2.64332e-11 3.08473e-11 3.52982e-11 3.9858e-11 4.46993e-11 5.01147e-11 5.65653e-11 6.48684e-11 7.64617e-11 9.33828e-11 1.18046e-10 1.53413e-10 2.03444e-10 2.7305e-10 3.67495e-10 4.9231e-10 6.48572e-10 8.28455e-10 1.01084e-09 1.16067e-09 1.2403e-09 1.22769e-09 1.11996e-09 9.43359e-10 7.4276e-10 5.57757e-10 4.08292e-10 2.96255e-10 2.15082e-10 1.57563e-10 1.17327e-10 8.951e-11 7.05137e-11 5.7578e-11 4.86056e-11 4.21116e-11 3.71315e-11 3.30151e-11 2.93105e-11 2.57408e-11 2.21761e-11 1.85722e-11 1.48772e-11 1.09098e-11 6.35749e-12 1.98036e-12 
5.2112e-12 1.08176e-11 1.57808e-11 2.03665e-11 2.48843e-11 2.94327e-11 3.40147e-11 3.8654e-11 4.34415e-11 4.85625e-11 5.43197e-11 6.12405e-11 7.03164e-11 8.3158e-11 1.01794e-10 1.28573e-10 1.66569e-10 2.19823e-10 2.92851e-10 3.90859e-10 5.18555e-10 6.75141e-10 8.50576e-10 1.02079e-09 1.14823e-09 1.19678e-09 1.14771e-09 1.00929e-09 8.20316e-10 6.27969e-10 4.63435e-10 3.36646e-10 2.4369e-10 1.7733e-10 1.30679e-10 9.81907e-11 7.58e-11 6.0461e-11 4.98967e-11 4.24564e-11 3.70038e-11 3.27573e-11 2.91514e-11 2.58043e-11 2.25087e-11 1.91761e-11 1.57699e-11 1.21914e-11 8.18208e-12 3.62062e-12 3.62062e-12 
2.87946e-12 8.29348e-12 1.36495e-11 1.84461e-11 2.30691e-11 2.7712e-11 3.24002e-11 3.71265e-11 4.19208e-11 4.68836e-11 5.21959e-11 5.81794e-11 6.54536e-11 7.51565e-11 8.89199e-11 1.08633e-10 1.36638e-10 1.76137e-10 2.31007e-10 3.05576e-10 4.05317e-10 5.34042e-10 6.89177e-10 8.57617e-10 1.01084e-09 1.10962e-09 1.11996e-09 1.03258e-09 8.71788e-10 6.84871e-10 5.12785e-10 3.74631e-10 2.71377e-10 1.9689e-10 1.44211e-10 1.07283e-10 8.16006e-11 6.38361e-11 5.15395e-11 4.2955e-11 3.68405e-11 3.23111e-11 2.87025e-11 2.55322e-11 2.25003e-11 1.94566e-11 1.63431e-11 1.31087e-11 9.58504e-12 5.50284e-12 1.63742e-12 
5.53757e-12 1.12369e-11 1.62983e-11 2.10268e-11 2.57267e-11 3.04851e-11 3.5285e-11 4.01146e-11 4.50082e-11 5.0056e-11 5.54333e-11 6.14946e-11 6.8955e-11 7.90041e-11 9.31456e-11 1.1315e-10 1.41486e-10 1.81391e-10 2.36607e-10 3.11755e-10 4.12585e-10 5.41545e-10 6.9351e-10 8.50576e-10 9.79973e-10 1.04163e-09 1.00929e-09 8.89872e-10 7.22094e-10 5.51826e-10 4.07525e-10 2.96511e-10 2.15177e-10 1.57184e-10 1.16278e-10 8.75944e-11 6.75532e-11 5.35384e-11 4.37047e-11 3.67656e-11 3.17888e-11 2.80476e-11 2.49725e-11 2.21707e-11 1.94154e-11 1.6604e-11 1.36906e-11 1.05841e-11 7.05502e-12 3.02599e-12 3.02599e-12 
3.05045e-12 8.55721e-12 1.39314e-11 1.87909e-11 2.35236e-11 2.83091e-11 3.31538e-11 3.80224e-11 4.28974e-11 4.78017e-11 5.28088e-11 5.8094e-11 6.40566e-11 7.14635e-11 8.14298e-11 9.52907e-11 1.14869e-10 1.4281e-10 1.82369e-10 2.37488e-10 3.13346e-10 4.15359e-10 5.43708e-10 6.89177e-10 8.28455e-10 9.25195e-10 9.43359e-10 8.71788e-10 7.35069e-10 5.76925e-10 4.32846e-10 3.17564e-10 2.31201e-10 1.68899e-10 1.24661e-10 9.34116e-11 7.13757e-11 5.57948e-11 4.47354e-11 3.68851e-11 3.13169e-11 2.72945e-11 2.42013e-11 2.15632e-11 1.90717e-11 1.65609e-11 1.39631e-11 1.12205e-11 8.18639e-12 4.63353e-12 1.31359e-12 
5.70048e-12 1.13488e-11 1.63871e-11 2.11468e-11 2.5919e-11 3.07704e-11 3.56596e-11 4.0537e-11 4.53737e-11 5.01709e-11 5.49864e-11 6.00045e-11 6.56588e-11 7.26877e-11 8.20566e-11 9.50548e-11 1.13725e-10 1.40891e-10 1.80028e-10 2.35565e-10 3.12883e-10 4.1598e-10 5.41545e-10 6.75141e-10 7.88333e-10 8.44965e-10 8.20316e-10 7.22094e-10 5.85593e-10 4.48799e-10 3.33315e-10 2.44178e-10 1.78794e-10 1.31984e-10 9.86962e-11 7.50351e-11 5.8139e-11 4.59923e-11 3.72484e-11 3.10044e-11 2.65654e-11 2.33208e-11 2.07485e-11 1.8466e-11 1.62374e-11 1.39461e-11 1.15366e-11 8.92485e-12 5.91455e-12 2.46014e-12 2.46014e-12 
3.12245e-12 8.57195e-12 1.38318e-11 1.86389e-11 2.33682e-11 2.81801e-11 3.30583e-11 3.79341e-11 4.27422e-11 4.74323e-11 5.19821e-11 5.64422e-11 6.10109e-11 6.61121e-11 7.23875e-11 8.07009e-11 9.24942e-11 1.1013e-10 1.36677e-10 1.76096e-10 2.33142e-10 3.12455e-10 4.15359e-10 5.34042e-10 6.48572e-10 7.28034e-10 7.4276e-10 6.84871e-10 5.76925e-10 4.54248e-10 3.43018e-10 2.53605e-10 1.86521e-10 1.37947e-10 1.0317e-10 7.82851e-11 6.03724e-11 4.73518e-11 3.78295e-11 3.09139e-11 2.59709e-11 2.24454e-11 1.98194e-11 1.76624e-11 1.56701e-11 1.36665e-11 1.15706e-11 9.32232e-12 6.79291e-12 3.79535e-12 1.02387e-12 
5.68404e-12 1.11381e-11 1.60325e-11 2.07096e-11 2.54377e-11 3.02615e-11 3.51129e-11 3.99011e-11 4.45415e-11 4.896e-11 5.31173e-11 5.7064e-11 6.09971e-11 6.52845e-11 7.04699e-11 7.74723e-11 8.80628e-11 1.04975e-10 1.31683e-10 1.7261e-10 2.3209e-10 3.12883e-10 4.12585e-10 5.18555e-10 6.06867e-10 6.49056e-10 6.27969e-10 5.51826e-10 4.48799e-10 3.46292e-10 2.59274e-10 1.9195e-10 1.42425e-10 1.06677e-10 8.0952e-11 6.23196e-11 4.86633e-11 3.85405e-11 3.1044e-11 2.55833e-11 2.16826e-11 1.88823e-11 1.67445e-11 1.49162e-11 1.31633e-11 1.13551e-11 9.42993e-12 7.30535e-12 4.81775e-12 1.94779e-12 1.94779e-12 
3.08774e-12 8.33094e-12 1.33519e-11 1.7991e-11 2.26028e-11 2.7322e-11 3.21111e-11 3.68677e-11 4.14813e-11 4.58443e-11 4.98634e-11 5.34938e-11 5.67866e-11 5.99088e-11 6.31587e-11 6.70732e-11 7.28069e-11 8.25866e-11 9.95735e-11 1.27687e-10 1.71231e-10 2.33142e-10 3.13346e-10 4.05317e-10 4.9231e-10 5.49957e-10 5.57757e-10 5.12785e-10 4.32846e-10 3.43018e-10 2.61161e-10 1.95126e-10 1.45458e-10 1.09203e-10 8.29589e-11 6.38625e-11 4.97933e-11 3.92637e-11 3.13327e-11 2.54177e-11 2.11121e-11 1.80393e-11 1.58081e-11 1.40516e-11 1.24862e-11 1.09322e-11 9.29519e-12 7.51262e-12 5.47262e-12 3.02226e-12 7.76369e-13 
5.48781e-12 1.06165e-11 1.52531e-11 1.9735e-11 2.43026e-11 2.89801e-11 3.36729e-11 3.82561e-11 4.26001e-11 4.65769e-11 5.00851e-11 5.30824e-11 5.56092e-11 5.77892e-11 5.98937e-11 6.25927e-11 6.74468e-11 7.72061e-11 9.5455e-11 1.26161e-10 1.7261e-10 2.35565e-10 3.11755e-10 3.90859e-10 4.54196e-10 4.81595e-10 4.63435e-10 4.07525e-10 3.33315e-10 2.59274e-10 1.96165e-10 1.47177e-10 1.10839e-10 8.43308e-11 6.49645e-11 5.06563e-11 3.98914e-11 3.16832e-11 2.54316e-11 2.07595e-11 1.7368e-11 1.49471e-11 1.31606e-11 1.1703e-11 1.03493e-11 8.96293e-12 7.47266e-12 5.80178e-12 3.81259e-12 1.50195e-12 1.50195e-12 
2.95247e-12 7.85405e-12 1.25243e-11 1.68879e-11 2.12702e-11 2.57824e-11 3.03656e-11 3.48938e-11 3.92225e-11 4.32038e-11 4.67034e-11 4.96218e-11 5.19189e-11 5.36151e-11 5.4811e-11 5.58442e-11 5.76711e-11 6.23755e-11 7.32223e-11 9.3911e-11 1.27687e-10 1.76096e-10 2.37488e-10 3.05576e-10 3.67495e-10 4.05963e-10 4.08292e-10 3.74631e-10 3.17564e-10 2.53605e-10 1.95126e-10 1.47729e-10 1.11731e-10 8.51697e-11 6.56632e-11 5.12306e-11 4.03536e-11 3.20037e-11 2.55464e-11 2.05983e-11 1.69049e-11 1.42366e-11 1.23268e-11 1.08858e-11 9.66304e-12 8.48168e-12 7.24006e-12 5.87161e-12 4.27877e-12 2.3406e-12 5.74515e-13 
5.13071e-12 9.82455e-12 1.41034e-11 1.82869e-11 2.25857e-11 2.70062e-11 3.14373e-11 3.57302e-11 3.97268e-11 4.32728e-11 4.62356e-11 4.85276e-11 5.01083e-11 5.09855e-11 5.12915e-11 5.15507e-11 5.31386e-11 5.8694e-11 7.1745e-11 9.5455e-11 1.31683e-10 1.80028e-10 2.36607e-10 2.92851e-10 3.35526e-10 3.51718e-10 3.36646e-10 2.96511e-10 2.44178e-10 1.9195e-10 1.47177e-10 1.12011e-10 8.56013e-11 6.60481e-11 5.15491e-11 4.06312e-11 3.22325e-11 2.56811e-11 2.05644e-11 1.66345e-11 1.3717e-11 1.16212e-11 1.01108e-11 8.93935e-12 7.90186e-12 6.86307e-12 5.74325e-12 4.4702e-12 2.92994e-12 1.12808e-12 1.12808e-12 
2.73016e-12 7.18196e-12 1.14101e-11 1.54074e-11 1.94613e-11 2.36637e-11 2.79436e-11 3.21616e-11 3.61565e-11 3.97631e-11 4.283e-11 4.52402e-11 4.69183e-11 4.78293e-11 4.79992e-11 4.76768e-11 4.76917e-11 4.9902e-11 5.73399e-11 7.32223e-11 9.95735e-11 1.36677e-10 1.82369e-10 2.31007e-10 2.7305e-10 2.97223e-10 2.96255e-10 2.71377e-10 2.31201e-10 1.86521e-10 1.45458e-10 1.11731e-10 8.57322e-11 6.62241e-11 5.16877e-11 4.07508e-11 3.23489e-11 2.57765e-11 2.05857e-11 1.65079e-11 1.33849e-11 1.10846e-11 9.44037e-12 8.24271e-12 7.28015e-12 6.39113e-12 5.47085e-12 4.45147e-12 3.24709e-12 1.76254e-12 4.15476e-13 
4.64539e-12 8.82666e-12 1.26701e-11 1.64703e-11 2.04098e-11 2.44817e-11 2.85729e-11 3.25265e-11 3.61754e-11 3.93605e-11 4.19439e-11 4.38312e-11 4.49649e-11 4.53271e-11 4.50192e-11 4.45024e-11 4.4982e-11 4.87208e-11 5.8694e-11 7.72061e-11 1.04975e-10 1.40891e-10 1.81391e-10 2.19823e-10 2.47263e-10 2.55937e-10 2.4369e-10 2.15177e-10 1.78794e-10 1.42425e-10 1.10839e-10 8.56013e-11 6.62725e-11 5.17277e-11 4.07682e-11 3.23708e-11 2.58088e-11 2.06062e-11 1.64613e-11 1.32011e-11 1.07226e-11 8.91688e-12 7.6282e-12 6.67206e-12 5.87332e-12 5.10453e-12 4.2833e-12 3.34186e-12 2.18744e-12 8.25809e-13 8.25809e-13 
2.44379e-12 6.37075e-12 1.00972e-11 1.36607e-11 1.73109e-11 2.11233e-11 2.50284e-11 2.88871e-11 3.25385e-11 3.58199e-11 3.85858e-11 4.0725e-11 4.21658e-11 4.28769e-11 4.2893e-11 4.24579e-11 4.23107e-11 4.40024e-11 4.9902e-11 6.23755e-11 8.25866e-11 1.1013e-10 1.4281e-10 1.76137e-10 2.03444e-10 2.17745e-10 2.15082e-10 1.9689e-10 1.68899e-10 1.37947e-10 1.09203e-10 8.51697e-11 6.62241e-11 5.17333e-11 4.07467e-11 3.23362e-11 2.57857e-11 2.05975e-11 1.64397e-11 1.31116e-11 1.05068e-11 8.5485e-12 7.13561e-12 6.12567e-12 5.35749e-12 4.68753e-12 4.0164e-12 3.27655e-12 2.39255e-12 1.2911e-12 2.93098e-13 
4.07669e-12 7.70006e-12 1.1061e-11 1.44206e-11 1.79357e-11 2.15985e-11 2.53021e-11 2.88994e-11 3.22326e-11 3.51538e-11 3.75406e-11 3.93106e-11 4.04246e-11 4.08915e-11 4.08423e-11 4.0717e-11 4.15258e-11 4.4982e-11 5.31386e-11 6.74468e-11 8.80628e-11 1.13725e-10 1.41486e-10 1.66569e-10 1.83248e-10 1.87098e-10 1.7733e-10 1.57184e-10 1.31984e-10 1.06677e-10 8.43308e-11 6.60481e-11 5.17277e-11 4.07337e-11 3.22919e-11 2.57335e-11 2.05578e-11 1.64128e-11 1.30665e-11 1.03911e-11 8.31761e-12 6.77863e-12 5.67838e-12 4.88618e-12 4.26332e-12 3.69541e-12 3.10503e-12 2.42708e-12 1.58663e-12 5.89328e-13 5.89328e-13 
2.11786e-12 5.48435e-12 8.68297e-12 1.17745e-11 1.49756e-11 1.83506e-11 2.18388e-11 2.53173e-11 2.86422e-11 3.16668e-11 3.42656e-11 3.63452e-11 3.7857e-11 3.8799e-11 3.9247e-11 3.94671e-11 4.00986e-11 4.23107e-11 4.76917e-11 5.76711e-11 7.28069e-11 9.24942e-11 1.14869e-10 1.36638e-10 1.53413e-10 1.61042e-10 1.57563e-10 1.44211e-10 1.24661e-10 1.0317e-10 8.29589e-11 6.56632e-11 5.16877e-11 4.07467e-11 3.22732e-11 2.56856e-11 2.05049e-11 1.63722e-11 1.30323e-11 1.03318e-11 8.18728e-12 6.54648e-12 5.34521e-12 4.4918e-12 3.86741e-12 3.35753e-12 2.87149e-12 2.34499e-12 1.71367e-12 9.2027e-13 2.02699e-13 
3.47023e-12 6.52606e-12 9.38872e-12 1.22827e-11 1.53415e-11 1.85641e-11 2.18609e-11 2.5108e-11 2.81694e-11 3.09199e-11 3.32611e-11 3.51321e-11 3.65202e-11 3.74736e-11 3.81588e-11 3.89824e-11 4.0717e-11 4.45024e-11 5.15507e-11 6.25927e-11 7.74723e-11 9.50548e-11 1.1315e-10 1.28573e-10 1.3785e-10 1.3859e-10 1.30679e-10 1.16278e-10 9.86962e-11 8.0952e-11 6.49645e-11 5.15491e-11 4.07682e-11 3.22919e-11 2.56664e-11 2.04615e-11 1.63266e-11 1.29967e-11 1.02948e-11 8.11851e-12 6.40954e-12 5.12078e-12 4.19002e-12 3.52917e-12 3.03513e-12 2.61312e-12 2.19257e-12 1.71523e-12 1.12033e-12 4.11368e-13 4.11368e-13 
1.78132e-12 4.58797e-12 7.26168e-12 9.87629e-12 1.26133e-11 1.55339e-11 1.85933e-11 2.16944e-11 2.47188e-11 2.75481e-11 3.00808e-11 3.22493e-11 3.40277e-11 3.54429e-11 3.66056e-11 3.77781e-11 3.94671e-11 4.24579e-11 4.76768e-11 5.58442e-11 6.70732e-11 8.07009e-11 9.52907e-11 1.08633e-10 1.18046e-10 1.21238e-10 1.17327e-10 1.07283e-10 9.34116e-11 7.82851e-11 6.38625e-11 5.12306e-11 4.07508e-11 3.23362e-11 2.56856e-11 2.04444e-11 1.62911e-11 1.29612e-11 1.02655e-11 8.08085e-12 6.33555e-12 4.98438e-12 3.98086e-12 3.26357e-12 2.7526e-12 2.35801e-12 2.00594e-12 1.63658e-12 1.19534e-12 6.39514e-13 1.38009e-13 
2.87003e-12 5.38137e-12 7.75807e-12 1.01892e-11 1.27917e-11 1.55718e-11 1.84665e-11 2.13796e-11 2.42069e-11 2.68524e-11 2.92408e-11 3.13362e-11 3.31458e-11 3.47437e-11 3.63028e-11 3.81588e-11 4.08423e-11 4.50192e-11 5.12915e-11 5.98937e-11 7.04699e-11 8.20566e-11 9.31456e-11 1.01794e-10 1.06074e-10 1.04822e-10 9.81907e-11 8.75944e-11 7.50351e-11 6.23196e-11 5.06563e-11 4.06312e-11 3.23708e-11 2.57335e-11 2.04615e-11 1.62776e-11 1.29342e-11 1.02395e-11 8.05564e-12 6.29714e-12 4.90833e-12 3.84925e-12 3.07457e-12 2.52575e-12 2.12897e-12 1.81218e-12 1.51345e-12 1.18233e-12 7.71342e-13 2.79572e-13 2.79572e-13 
1.45449e-12 3.73334e-12 5.91427e-12 8.07217e-12 1.03614e-11 1.28387e-11 1.548e-11 1.82174e-11 2.09647e-11 2.36367e-11 2.61589e-11 2.84863e-11 3.06113e-11 3.25783e-11 3.45012e-11 3.66056e-11 3.9247e-11 4.2893e-11 4.79992e-11 5.4811e-11 6.31587e-11 7.23875e-11 8.14298e-11 8.89199e-11 9.33828e-11 9.36786e-11 8.951e-11 8.16006e-11 7.13757e-11 6.03724e-11 4.97933e-11 4.03536e-11 3.23489e-11 2.57857e-11 2.05049e-11 1.62911e-11 1.29243e-11 1.02205e-11 8.03702e-12 6.27488e-12 4.86907e-12 3.77427e-12 2.95248e-12 2.35957e-12 1.94037e-12 1.632e-12 1.37427e-12 1.1161e-12 8.14107e-13 4.33965e-13 9.18415e-14 
2.30837e-12 4.32303e-12 6.24988e-12 8.24845e-12 1.04176e-11 1.2777e-11 1.52874e-11 1.78856e-11 2.05018e-11 2.30688e-11 2.55385e-11 2.78908e-11 3.0147e-11 3.23819e-11 3.47437e-11 3.74736e-11 4.08915e-11 4.53271e-11 5.09855e-11 5.77892e-11 6.52845e-11 7.26877e-11 7.90041e-11 8.3158e-11 8.42012e-11 8.16596e-11 7.58e-11 6.75532e-11 5.8139e-11 4.86633e-11 3.98914e-11 3.22325e-11 2.58088e-11 2.05578e-11 1.63266e-11 1.29342e-11 1.02131e-11 8.02373e-12 6.26038e-12 4.84758e-12 3.73437e-12 2.87967e-12 2.24869e-12 1.79877e-12 1.47968e-12 1.23795e-12 1.02427e-12 7.97318e-13 5.19067e-13 1.86892e-13 1.86892e-13 
1.15583e-12 2.96043e-12 4.69918e-12 6.44191e-12 8.31767e-12 1.03826e-11 1.2632e-11 1.50274e-11 1.75157e-11 2.00415e-11 2.25613e-11 2.50492e-11 2.75094e-11 2.99872e-11 3.25783e-11 3.54429e-11 3.8799e-11 4.28769e-11 4.78293e-11 5.36151e-11 5.99088e-11 6.61121e-11 7.14635e-11 7.51565e-11 7.64617e-11 7.49104e-11 7.05137e-11 6.38361e-11 5.57948e-11 4.73518e-11 3.92637e-11 3.20037e-11 2.57765e-11 2.05975e-11 1.63722e-11 1.29612e-11 1.02205e-11 8.01958e-12 6.25219e-12 4.83668e-12 3.71416e-12 2.84068e-12 2.1805e-12 1.70048e-12 1.36178e-12 1.11946e-12 9.2769e-13 7.47944e-13 5.4341e-13 2.88229e-13 5.98831e-14 
1.80912e-12 3.38864e-12 4.91925e-12 6.52892e-12 8.30605e-12 1.02792e-11 1.2433e-11 1.47354e-11 1.71467e-11 1.96309e-11 2.21622e-11 2.47375e-11 2.73789e-11 3.0147e-11 3.31458e-11 3.65202e-11 4.04246e-11 4.49649e-11 5.01083e-11 5.56092e-11 6.09971e-11 6.56588e-11 6.8955e-11 7.03164e-11 6.93461e-11 6.59536e-11 6.0461e-11 5.35384e-11 4.59923e-11 3.85405e-11 3.16832e-11 2.56811e-11 2.06062e-11 1.64128e-11 1.29967e-11 1.02395e-11 8.02373e-12 6.24894e-12 4.82996e-12 3.70377e-12 2.82044e-12 2.14256e-12 1.63877e-12 1.27762e-12 1.02404e-12 8.38002e-13 6.83942e-13 5.28956e-13 3.42746e-13 1.21667e-13 1.21667e-13 
8.95841e-13 2.29275e-12 3.64943e-12 5.02959e-12 6.54059e-12 8.23706e-12 1.01295e-11 1.22061e-11 1.44436e-11 1.6817e-11 1.93074e-11 2.19078e-11 2.46298e-11 2.75094e-11 3.06113e-11 3.40277e-11 3.7857e-11 4.21658e-11 4.69183e-11 5.19189e-11 5.67866e-11 6.10109e-11 6.40566e-11 6.54536e-11 6.48684e-11 6.21833e-11 5.7578e-11 5.15395e-11 4.47354e-11 3.78295e-11 3.13327e-11 2.55464e-11 2.05857e-11 1.64397e-11 1.30323e-11 1.02655e-11 8.03702e-12 6.25219e-12 4.82827e-12 3.69841e-12 2.8103e-12 2.12278e-12 1.60329e-12 1.22335e-12 9.54069e-13 7.63671e-13 6.20473e-13 4.93512e-13 3.56565e-13 1.87645e-13 3.86301e-14 
1.38543e-12 2.59883e-12 3.79046e-12 5.0658e-12 6.50023e-12 8.12849e-12 9.95771e-12 1.19793e-11 1.41835e-11 1.65587e-11 1.9102e-11 2.18205e-11 2.47375e-11 2.78908e-11 3.13362e-11 3.51321e-11 3.93106e-11 4.38312e-11 4.85276e-11 5.30824e-11 5.7064e-11 6.00045e-11 6.14946e-11 6.12405e-11 5.91152e-11 5.52168e-11 4.98967e-11 4.37047e-11 3.72484e-11 3.1044e-11 2.54316e-11 2.05644e-11 1.64613e-11 1.30665e-11 1.02948e-11 8.05564e-12 6.26038e-12 4.82996e-12 3.69678e-12 2.80618e-12 2.11354e-12 1.58435e-12 1.19042e-12 9.06373e-13 7.07165e-13 5.64966e-13 4.5242e-13 3.45551e-13 2.22242e-13 7.84983e-14 7.84983e-14 
6.77969e-13 1.7367e-12 2.77655e-12 3.85188e-12 5.05024e-12 6.42561e-12 8.0012e-12 9.78435e-12 1.17761e-11 1.39789e-11 1.63936e-11 1.90309e-11 2.19078e-11 2.50492e-11 2.84863e-11 3.22493e-11 3.63452e-11 4.0725e-11 4.52402e-11 4.96218e-11 5.34938e-11 5.64422e-11 5.8094e-11 5.81794e-11 5.65653e-11 5.32907e-11 4.86056e-11 4.2955e-11 3.68851e-11 3.09139e-11 2.54177e-11 2.05983e-11 1.65079e-11 1.31116e-11 1.03318e-11 8.08085e-12 6.27488e-12 4.83668e-12 3.69841e-12 2.80508e-12 2.10869e-12 1.57485e-12 1.17225e-12 8.77488e-13 6.67645e-13 5.20458e-13 4.12895e-13 3.23507e-13 2.31502e-13 1.20605e-13 2.43743e-14 
1.03854e-12 1.95356e-12 2.86709e-12 3.86194e-12 5.00428e-12 6.3342e-12 7.8709e-12 9.62835e-12 1.16167e-11 1.38478e-11 1.63368e-11 1.9102e-11 2.21622e-11 2.55385e-11 2.92408e-11 3.32611e-11 3.75406e-11 4.19439e-11 4.62356e-11 5.00851e-11 5.31173e-11 5.49864e-11 5.54333e-11 5.43197e-11 5.16446e-11 4.75744e-11 4.24564e-11 3.67656e-11 3.10044e-11 2.55833e-11 2.07595e-11 1.66345e-11 1.32011e-11 1.03911e-11 8.11851e-12 6.29714e-12 4.84758e-12 3.70377e-12 2.80618e-12 2.10796e-12 1.57019e-12 1.16331e-12 8.60925e-13 6.42608e-13 4.88693e-13 3.79813e-13 2.98214e-13 2.24174e-13 1.43335e-13 4.96761e-14 4.96761e-14 
5.0355e-13 1.29069e-12 2.07516e-12 2.89997e-12 3.83927e-12 4.94186e-12 6.23843e-12 7.75353e-12 9.50533e-12 1.15147e-11 1.38035e-11 1.63936e-11 1.93074e-11 2.25613e-11 2.61589e-11 3.00808e-11 3.42656e-11 3.85858e-11 4.283e-11 4.67034e-11 4.98634e-11 5.19821e-11 5.28088e-11 5.21959e-11 5.01147e-11 4.66678e-11 4.21116e-11 3.68405e-11 3.13169e-11 2.59709e-11 2.11121e-11 1.69049e-11 1.33849e-11 1.05068e-11 8.18728e-12 6.33555e-12 4.86907e-12 3.71416e-12 2.8103e-12 2.10869e-12 1.56901e-12 1.1584e-12 8.51982e-13 6.27669e-13 4.67708e-13 3.55594e-13 2.747e-13 2.11145e-13 1.48854e-13 7.7048e-14 1.52346e-14 
7.63511e-13 1.44285e-12 2.13288e-12 2.89971e-12 3.79969e-12 4.87381e-12 6.15201e-12 7.65989e-12 9.42692e-12 1.14795e-11 1.38478e-11 1.65587e-11 1.96309e-11 2.30688e-11 2.68524e-11 3.09199e-11 3.51538e-11 3.93605e-11 4.32728e-11 4.65769e-11 4.896e-11 5.01709e-11 5.0056e-11 4.85625e-11 4.57478e-11 4.17913e-11 3.70038e-11 3.17888e-11 2.65654e-11 2.16826e-11 1.7368e-11 1.3717e-11 1.07226e-11 8.31761e-12 6.40954e-12 4.90833e-12 3.73437e-12 2.82044e-12 2.11354e-12 1.57019e-12 1.15768e-12 8.47345e-13 6.18985e-13 4.54268e-13 3.37785e-13 2.56632e-13 1.96531e-13 1.45099e-13 9.18259e-14 3.11596e-14 3.11596e-14 
3.6682e-13 9.43087e-13 1.52606e-12 2.15221e-12 2.87939e-12 3.75417e-12 4.8114e-12 6.08253e-12 7.60033e-12 9.40002e-12 1.15147e-11 1.39789e-11 1.6817e-11 2.00415e-11 2.36367e-11 2.75481e-11 3.16668e-11 3.58199e-11 3.97631e-11 4.32038e-11 4.58443e-11 4.74323e-11 4.78017e-11 4.68836e-11 4.46993e-11 4.13717e-11 3.71315e-11 3.23111e-11 2.72945e-11 2.24454e-11 1.80393e-11 1.42366e-11 1.10846e-11 8.5485e-12 6.54648e-12 4.98438e-12 3.77427e-12 2.84068e-12 2.12278e-12 1.57485e-12 1.1584e-12 8.46439e-13 6.1515e-13 4.4677e-13 3.26939e-13 2.42921e-13 1.83572e-13 1.3773e-13 9.5877e-14 4.88249e-14 1.01703e-14 
5.53198e-13 1.05042e-12 1.56499e-12 2.14924e-12 2.85095e-12 3.71048e-12 4.76075e-12 6.03803e-12 7.58029e-12 9.42692e-12 1.16167e-11 1.41835e-11 1.71467e-11 2.05018e-11 2.42069e-11 2.81694e-11 3.22326e-11 3.61754e-11 3.97268e-11 4.26001e-11 4.45415e-11 4.53737e-11 4.50082e-11 4.34415e-11 4.07505e-11 3.71026e-11 3.27573e-11 2.80476e-11 2.33208e-11 1.88823e-11 1.49471e-11 1.16212e-11 8.91688e-12 6.77863e-12 5.12078e-12 3.84925e-12 2.87967e-12 2.14256e-12 1.58435e-12 1.16331e-12 8.47345e-13 6.13499e-13 4.42782e-13 3.2069e-13 2.34078e-13 1.73841e-13 1.3006e-13 9.46634e-14 5.83975e-14 1.97848e-14 1.97848e-14 
2.62927e-13 6.79872e-13 1.10827e-12 1.57731e-12 2.13503e-12 2.82231e-12 3.67497e-12 4.72833e-12 6.02329e-12 7.60033e-12 9.50533e-12 1.17761e-11 1.44436e-11 1.75157e-11 2.09647e-11 2.47188e-11 2.86422e-11 3.25385e-11 3.61565e-11 3.92225e-11 4.14813e-11 4.27422e-11 4.28974e-11 4.19208e-11 3.9858e-11 3.68236e-11 3.30151e-11 2.87025e-11 2.42013e-11 1.98194e-11 1.58081e-11 1.23268e-11 9.44037e-12 7.13561e-12 5.34521e-12 3.98086e-12 2.95248e-12 2.1805e-12 1.60329e-12 1.17225e-12 8.51982e-13 6.1515e-13 4.42044e-13 3.17035e-13 2.28301e-13 1.66894e-13 1.23221e-13 9.07544e-14 6.14334e-14 3.15374e-14 6.27468e-15 
3.94318e-13 7.5456e-13 1.13475e-12 1.57615e-12 2.11848e-12 2.79808e-12 3.65154e-12 4.71728e-12 6.03803e-12 7.65989e-12 9.62835e-12 1.19793e-11 1.47354e-11 1.78856e-11 2.13796e-11 2.5108e-11 2.88994e-11 3.25265e-11 3.57302e-11 3.82561e-11 3.99011e-11 4.0537e-11 4.01146e-11 3.8654e-11 3.62331e-11 3.29943e-11 2.91514e-11 2.49725e-11 2.07485e-11 1.67445e-11 1.31606e-11 1.01108e-11 7.6282e-12 5.67838e-12 4.19002e-12 3.07457e-12 2.24869e-12 1.63877e-12 1.19042e-12 8.60925e-13 6.18985e-13 4.42782e-13 3.15902e-13 2.26067e-13 1.62771e-13 1.18563e-13 8.6958e-14 6.19505e-14 3.75716e-14 1.25128e-14 1.25128e-14 
1.86956e-13 4.83713e-13 7.95134e-13 1.14438e-12 1.56855e-12 2.10335e-12 2.78229e-12 3.64347e-12 4.72833e-12 6.08253e-12 7.75353e-12 9.78435e-12 1.22061e-11 1.50274e-11 1.82174e-11 2.16944e-11 2.53173e-11 2.88871e-11 3.21616e-11 3.48938e-11 3.68677e-11 3.79341e-11 3.80224e-11 3.71265e-11 3.52982e-11 3.26387e-11 2.93105e-11 2.55322e-11 2.15632e-11 1.76624e-11 1.40516e-11 1.08858e-11 8.24271e-12 6.12567e-12 4.4918e-12 3.26357e-12 2.35957e-12 1.70048e-12 1.22335e-12 8.77488e-13 6.27669e-13 4.4677e-13 3.17035e-13 2.24689e-13 1.6016e-13 1.1504e-13 8.34037e-14 6.04972e-14 4.00002e-14 2.02402e-14 4.36415e-15 
2.78339e-13 5.36742e-13 8.15152e-13 1.14525e-12 1.56016e-12 2.09278e-12 2.77739e-12 3.65154e-12 4.76075e-12 6.15201e-12 7.8709e-12 9.95771e-12 1.2433e-11 1.52874e-11 1.84665e-11 2.18609e-11 2.53021e-11 2.85729e-11 3.14373e-11 3.36729e-11 3.51129e-11 3.56596e-11 3.5285e-11 3.40147e-11 3.19224e-11 2.9128e-11 2.58043e-11 2.21707e-11 1.8466e-11 1.49162e-11 1.1703e-11 8.93935e-12 6.67206e-12 4.88618e-12 3.52917e-12 2.52575e-12 1.79877e-12 1.27762e-12 9.06373e-13 6.42608e-13 4.54268e-13 3.2069e-13 2.26067e-13 1.59339e-13 1.12977e-13 8.13906e-14 5.81439e-14 4.08584e-14 2.43182e-14 8.17073e-15 8.17073e-15 
1.30952e-13 3.40809e-13 5.65855e-13 8.22985e-13 1.14208e-12 1.55419e-12 2.08929e-12 2.78229e-12 3.67497e-12 4.8114e-12 6.23843e-12 8.0012e-12 1.01295e-11 1.2632e-11 1.548e-11 1.85933e-11 2.18388e-11 2.50284e-11 2.79436e-11 3.03656e-11 3.21111e-11 3.30583e-11 3.31538e-11 3.24002e-11 3.08473e-11 2.85827e-11 2.57408e-11 2.25003e-11 1.90717e-11 1.56701e-11 1.24862e-11 9.66304e-12 7.28015e-12 5.35749e-12 3.86741e-12 2.7526e-12 1.94037e-12 1.36178e-12 9.54069e-13 6.67645e-13 4.67708e-13 3.26939e-13 2.28301e-13 1.6016e-13 1.12778e-13 8.00163e-14 5.70714e-14 4.04491e-14 2.66146e-14 1.27931e-14 2.57656e-15 
1.95622e-13 3.77936e-13 5.80053e-13 8.25329e-13 1.14001e-12 1.55224e-12 2.09278e-12 2.79808e-12 3.71048e-12 4.87381e-12 6.3342e-12 8.12849e-12 1.02792e-11 1.2777e-11 1.55718e-11 1.85641e-11 2.15985e-11 2.44817e-11 2.70062e-11 2.89801e-11 3.02615e-11 3.07704e-11 3.04851e-11 2.94327e-11 2.7677e-11 2.53212e-11 2.25087e-11 1.94154e-11 1.62374e-11 1.31633e-11 1.03493e-11 7.90186e-12 5.87332e-12 4.26332e-12 3.03513e-12 2.12897e-12 1.47968e-12 1.02404e-12 7.07165e-13 4.88693e-13 3.37785e-13 2.34078e-13 1.62771e-13 1.12977e-13 7.91242e-14 5.64791e-14 3.96546e-14 2.74024e-14 1.63994e-14 5.69042e-15 5.69042e-15 
9.09393e-14 2.39048e-13 3.98919e-13 5.87184e-13 8.25406e-13 1.13871e-12 1.55419e-12 2.10335e-12 2.82231e-12 3.75417e-12 4.94186e-12 6.42561e-12 8.23706e-12 1.03826e-11 1.28387e-11 1.55339e-11 1.83506e-11 2.11233e-11 2.36637e-11 2.57824e-11 2.7322e-11 2.81801e-11 2.83091e-11 2.7712e-11 2.64332e-11 2.45505e-11 2.21761e-11 1.94566e-11 1.65609e-11 1.36665e-11 1.09322e-11 8.48168e-12 6.39113e-12 4.68753e-12 3.35753e-12 2.35801e-12 1.632e-12 1.11946e-12 7.63671e-13 5.20458e-13 3.55594e-13 2.42921e-13 1.66894e-13 1.1504e-13 8.00163e-14 5.6292e-14 3.92005e-14 2.76028e-14 1.75651e-14 8.83038e-15 1.71469e-15 
1.3545e-13 2.64479e-13 4.10098e-13 5.89549e-13 8.24822e-13 1.14001e-12 1.56016e-12 2.11848e-12 2.85095e-12 3.79969e-12 5.00428e-12 6.50023e-12 8.30605e-12 1.04176e-11 1.27917e-11 1.53415e-11 1.79357e-11 2.04098e-11 2.25857e-11 2.43026e-11 2.54377e-11 2.5919e-11 2.57267e-11 2.48843e-11 2.34479e-11 2.15055e-11 1.91761e-11 1.6604e-11 1.39461e-11 1.13551e-11 8.96293e-12 6.86307e-12 5.10453e-12 3.69541e-12 2.61312e-12 1.81218e-12 1.23795e-12 8.38002e-13 5.64966e-13 3.79813e-13 2.56632e-13 1.73841e-13 1.18563e-13 8.13906e-14 5.64791e-14 3.90544e-14 2.72855e-14 1.87671e-14 1.10716e-14 3.29372e-15 3.29372e-15 
6.29272e-14 1.66119e-13 2.79004e-13 4.14864e-13 5.89726e-13 8.25406e-13 1.14208e-12 1.56855e-12 2.13503e-12 2.87939e-12 3.83927e-12 5.05024e-12 6.54059e-12 8.31767e-12 1.03614e-11 1.26133e-11 1.49756e-11 1.73109e-11 1.94613e-11 2.12702e-11 2.26028e-11 2.33682e-11 2.35236e-11 2.30691e-11 2.20426e-11 2.05118e-11 1.85722e-11 1.63431e-11 1.39631e-11 1.15706e-11 9.29519e-12 7.24006e-12 5.47085e-12 4.0164e-12 2.87149e-12 2.00594e-12 1.37427e-12 9.2769e-13 6.20473e-13 4.12895e-13 2.747e-13 1.83572e-13 1.23221e-13 8.34037e-14 5.70714e-14 3.92005e-14 2.78973e-14 1.9314e-14 1.24859e-14 5.73962e-15 8.68003e-16 
9.39649e-14 1.83379e-13 2.86287e-13 4.15836e-13 5.89549e-13 8.25329e-13 1.14525e-12 1.57615e-12 2.14924e-12 2.89971e-12 3.86194e-12 5.0658e-12 6.52892e-12 8.24845e-12 1.01892e-11 1.22827e-11 1.44206e-11 1.64703e-11 1.82869e-11 1.9735e-11 2.07096e-11 2.11468e-11 2.10268e-11 2.03665e-11 1.92158e-11 1.76504e-11 1.57699e-11 1.36906e-11 1.15366e-11 9.42993e-12 7.47266e-12 5.74325e-12 4.2833e-12 3.10503e-12 2.19257e-12 1.51345e-12 1.02427e-12 6.83942e-13 4.5242e-13 2.98214e-13 1.96531e-13 1.3006e-13 8.6958e-14 5.81439e-14 3.96546e-14 2.72855e-14 1.92471e-14 1.31551e-14 7.32677e-15 2.54089e-15 2.54089e-15 
4.29233e-14 1.13475e-13 1.92362e-13 2.88087e-13 4.14864e-13 5.87184e-13 8.22985e-13 1.14438e-12 1.57731e-12 2.15221e-12 2.89997e-12 3.85188e-12 5.02959e-12 6.44191e-12 8.07217e-12 9.87629e-12 1.17745e-11 1.36607e-11 1.54074e-11 1.68879e-11 1.7991e-11 1.86389e-11 1.87909e-11 1.84461e-11 1.76354e-11 1.64192e-11 1.48772e-11 1.31087e-11 1.12205e-11 9.32232e-12 7.51262e-12 5.87161e-12 4.45147e-12 3.27655e-12 2.34499e-12 1.63658e-12 1.1161e-12 7.47944e-13 4.93512e-13 3.23507e-13 2.11145e-13 1.3773e-13 9.07544e-14 6.04972e-14 4.04491e-14 2.76028e-14 1.9314e-14 1.31187e-14 8.09628e-15 4.24438e-15 8.87761e-16 
6.43115e-14 1.24372e-13 1.95993e-13 2.86287e-13 4.10098e-13 5.80053e-13 8.15152e-13 1.13475e-12 1.56499e-12 2.13288e-12 2.86709e-12 3.79046e-12 4.91925e-12 6.24988e-12 7.75807e-12 9.38872e-12 1.1061e-11 1.26701e-11 1.41034e-11 1.52531e-11 1.60325e-11 1.63871e-11 1.62983e-11 1.57808e-11 1.48767e-11 1.36536e-11 1.21914e-11 1.05841e-11 8.92485e-12 7.30535e-12 5.80178e-12 4.4702e-12 3.34186e-12 2.42708e-12 1.71523e-12 1.18233e-12 7.97318e-13 5.28956e-13 3.45551e-13 2.24174e-13 1.45099e-13 9.46634e-14 6.19505e-14 4.08584e-14 2.74024e-14 1.87671e-14 1.31551e-14 8.89018e-15 5.08776e-15 1.7578e-15 1.7578e-15 
2.8934e-14 7.6419e-14 1.27958e-13 1.92362e-13 2.79004e-13 3.98919e-13 5.65855e-13 7.95134e-13 1.10827e-12 1.52606e-12 2.07516e-12 2.77655e-12 3.64943e-12 4.69918e-12 5.91427e-12 7.26168e-12 8.68297e-12 1.00972e-11 1.14101e-11 1.25243e-11 1.33519e-11 1.38318e-11 1.39314e-11 1.36495e-11 1.30144e-11 1.20784e-11 1.09098e-11 9.58504e-12 8.18639e-12 6.79291e-12 5.47262e-12 4.27877e-12 3.24709e-12 2.39255e-12 1.71367e-12 1.19534e-12 8.14107e-13 5.4341e-13 3.56565e-13 2.31502e-13 1.48854e-13 9.5877e-14 6.14334e-14 4.00002e-14 2.66146e-14 1.75651e-14 1.24859e-14 8.09628e-15 5.08577e-15 2.65509e-15 9.13588e-16 
4.15986e-14 8.00303e-14 1.24372e-13 1.83379e-13 2.64479e-13 3.77936e-13 5.36742e-13 7.5456e-13 1.05042e-12 1.44285e-12 1.95356e-12 2.59883e-12 3.38864e-12 4.32303e-12 5.38137e-12 6.52606e-12 7.70006e-12 8.82666e-12 9.82455e-12 1.06165e-11 1.11381e-11 1.13488e-11 1.12369e-11 1.08176e-11 1.01307e-11 9.22983e-12 8.18208e-12 7.05502e-12 5.91455e-12 4.81775e-12 3.81259e-12 2.92994e-12 2.18744e-12 1.58663e-12 1.12033e-12 7.71342e-13 5.19067e-13 3.42746e-13 2.22242e-13 1.43335e-13 9.18259e-14 5.83975e-14 3.75716e-14 2.43182e-14 1.63994e-14 1.10716e-14 7.32677e-15 5.08776e-15 2.66102e-15 9.15238e-16 9.15238e-16 
1.89644e-14 4.63084e-14 7.6419e-14 1.13475e-13 1.66119e-13 2.39048e-13 3.40809e-13 4.83713e-13 6.79872e-13 9.43087e-13 1.29069e-12 1.7367e-12 2.29275e-12 2.96043e-12 3.73334e-12 4.58797e-12 5.48435e-12 6.37075e-12 7.18196e-12 7.85405e-12 8.33094e-12 8.57195e-12 8.55721e-12 8.29348e-12 7.80821e-12 7.14465e-12 6.35749e-12 5.50284e-12 4.63353e-12 3.79535e-12 3.02226e-12 2.3406e-12 1.76254e-12 1.2911e-12 9.2027e-13 6.39514e-13 4.33965e-13 2.88229e-13 1.87645e-13 1.20605e-13 7.7048e-14 4.88249e-14 3.15374e-14 2.02402e-14 1.27931e-14 8.83038e-15 5.73962e-15 4.24438e-15 2.65509e-15 1.84555e-15 0 
2.38839e-14 4.15986e-14 6.43115e-14 9.39649e-14 1.3545e-13 1.95622e-13 2.78339e-13 3.94318e-13 5.53198e-13 7.63511e-13 1.03854e-12 1.38543e-12 1.80912e-12 2.30837e-12 2.87003e-12 3.47023e-12 4.07669e-12 4.64539e-12 5.13071e-12 5.48781e-12 5.68404e-12 5.70048e-12 5.53757e-12 5.2112e-12 4.75521e-12 4.21039e-12 3.62062e-12 3.02599e-12 2.46014e-12 1.94779e-12 1.50195e-12 1.12808e-12 8.25809e-13 5.89328e-13 4.11368e-13 2.79572e-13 1.86892e-13 1.21667e-13 7.84983e-14 4.96761e-14 3.11596e-14 1.97848e-14 1.25128e-14 8.17073e-15 5.69042e-15 3.29372e-15 2.54089e-15 1.7578e-15 9.15238e-16 0 0 
8.99969e-15 1.89644e-14 2.8934e-14 4.29233e-14 6.29272e-14 9.09393e-14 1.30952e-13 1.86956e-13 2.62927e-13 3.6682e-13 5.0355e-13 6.77969e-13 8.95841e-13 1.15583e-12 1.45449e-12 1.78132e-12 2.11786e-12 2.44379e-12 2.73016e-12 2.95247e-12 3.08774e-12 3.12245e-12 3.05045e-12 2.87946e-12 2.62779e-12 2.31915e-12 1.98036e-12 1.63742e-12 1.31359e-12 1.02387e-12 7.76369e-13 5.74515e-13 4.15476e-13 2.93098e-13 2.02699e-13 1.38009e-13 9.18415e-14 5.98831e-14 3.86301e-14 2.43743e-14 1.52346e-14 1.01703e-14 6.27468e-15 4.36415e-15 2.57656e-15 1.71469e-15 8.68003e-16 8.87761e-16 9.13588e-16 0 0 
