1 100 50
2.10822e-13 3.24463e-13 4.98334e-13 7.86574e-13 1.27567e-12 2.11887e-12 3.58289e-12 6.13189e-12 1.05627e-11 1.82027e-11 3.11662e-11 5.26246e-11 8.70115e-11 1.40005e-10 2.18123e-10 3.27772e-10 4.73734e-10 6.57342e-10 8.74813e-10 1.11643e-09 1.36701e-09 1.60781e-09 1.81923e-09 1.98373e-09 2.0881e-09 2.12483e-09 2.09261e-09 1.99592e-09 1.84418e-09 1.65052e-09 1.43029e-09 1.19947e-09 9.73032e-10 7.63425e-10 5.79502e-10 4.2601e-10 3.03815e-10 2.10713e-10 1.42574e-10 9.4466e-11 6.15479e-11 3.96064e-11 2.52818e-11 1.60731e-11 1.02113e-11 6.49489e-12 4.13126e-12 2.60769e-12 1.59356e-12 8.4163e-13 
2.10822e-13 3.47496e-13 5.38559e-13 8.4415e-13 1.36556e-12 2.26845e-12 3.84365e-12 6.59127e-12 1.13679e-11 1.96122e-11 3.36377e-11 5.69733e-11 9.46796e-11 1.53507e-10 2.4174e-10 3.68541e-10 5.42566e-10 7.69816e-10 1.05095e-09 1.37882e-09 1.73724e-09 2.102e-09 2.444e-09 2.73381e-09 2.94627e-09 3.06384e-09 3.07836e-09 2.99126e-09 2.81258e-09 2.55933e-09 2.25328e-09 1.91859e-09 1.5792e-09 1.25627e-09 9.6608e-10 7.18774e-10 5.18198e-10 3.6285e-10 2.47511e-10 1.65078e-10 1.08096e-10 6.98058e-11 4.46595e-11 2.84286e-11 1.8074e-11 1.15084e-11 7.34528e-12 4.68229e-12 2.93933e-12 1.70567e-12 
3.47496e-13 5.6162e-13 8.73295e-13 1.39132e-12 2.28789e-12 3.86403e-12 6.63096e-12 1.14743e-11 1.98946e-11 3.4343e-11 5.86375e-11 9.83912e-11 1.61365e-10 2.57632e-10 3.99382e-10 6.00079e-10 8.72453e-10 1.22497e-09 1.65718e-09 2.15541e-09 2.69116e-09 3.22352e-09 3.70547e-09 4.09204e-09 4.34767e-09 4.45104e-09 4.39675e-09 4.19448e-09 3.86649e-09 3.44417e-09 2.96413e-09 2.46394e-09 1.97801e-09 1.53393e-09 1.15008e-09 8.34958e-10 5.88307e-10 4.03497e-10 2.70362e-10 1.77713e-10 1.15112e-10 7.38169e-11 4.70751e-11 2.99749e-11 1.91196e-11 1.22397e-11 7.85543e-12 5.01352e-12 3.07206e-12 1.59356e-12 
3.24463e-13 5.6162e-13 8.80774e-13 1.37153e-12 2.20839e-12 3.68082e-12 6.28946e-12 1.08968e-11 1.89871e-11 3.30424e-11 5.70229e-11 9.69088e-11 1.61218e-10 2.61426e-10 4.12253e-10 6.31663e-10 9.39897e-10 1.35627e-09 1.89287e-09 2.54609e-09 3.28975e-09 4.07355e-09 4.82921e-09 5.48258e-09 5.96763e-09 6.23763e-09 6.27122e-09 6.07293e-09 5.66988e-09 5.10623e-09 4.43652e-09 3.71873e-09 3.00736e-09 2.34742e-09 1.77019e-09 1.29173e-09 9.14231e-10 6.29482e-10 4.23191e-10 2.7895e-10 1.81107e-10 1.16363e-10 7.43322e-11 4.74083e-11 3.0294e-11 1.94426e-11 1.25379e-11 8.08865e-12 5.1169e-12 2.93933e-12 
5.38559e-13 8.80774e-13 1.35079e-12 2.10954e-12 3.42879e-12 5.77544e-12 9.9572e-12 1.73795e-11 3.04489e-11 5.31231e-11 9.15817e-11 1.54906e-10 2.55699e-10 4.10682e-10 6.41401e-10 9.74778e-10 1.44189e-09 2.07222e-09 2.88191e-09 3.8592e-09 4.95418e-09 6.07953e-09 7.12405e-09 7.97464e-09 8.53898e-09 8.76152e-09 8.62959e-09 8.17076e-09 7.44444e-09 6.53066e-09 5.51814e-09 4.49258e-09 3.52647e-09 2.67184e-09 1.95736e-09 1.38989e-09 9.59599e-10 6.46572e-10 4.26981e-10 2.77642e-10 1.78629e-10 1.14256e-10 7.29737e-11 4.67097e-11 3.00459e-11 1.94468e-11 1.2639e-11 8.15528e-12 5.01352e-12 2.60769e-12 
4.98334e-13 8.73295e-13 1.35079e-12 2.04689e-12 3.20623e-12 5.25482e-12 8.92505e-12 1.54977e-11 2.72129e-11 4.78764e-11 8.36572e-11 1.43978e-10 2.42374e-10 3.97267e-10 6.32979e-10 9.81379e-10 1.48346e-09 2.18717e-09 3.13637e-09 4.34957e-09 5.79636e-09 7.38437e-09 8.96619e-09 1.03663e-08 1.14189e-08 1.20027e-08 1.2062e-08 1.16102e-08 1.07202e-08 9.506e-09 8.10179e-09 6.64178e-09 5.24227e-09 3.98919e-09 2.93246e-09 2.08783e-09 1.44439e-09 9.747e-10 6.44399e-10 4.19383e-10 2.70029e-10 1.72862e-10 1.10523e-10 7.08499e-11 4.56676e-11 2.96467e-11 1.93741e-11 1.26627e-11 8.08865e-12 4.68229e-12 
8.4415e-13 1.37153e-12 2.04689e-12 3.07948e-12 4.8453e-12 7.99665e-12 1.36705e-11 2.38733e-11 4.212e-11 7.43305e-11 1.29957e-10 2.2316e-10 3.73893e-10 6.08975e-10 9.63975e-10 1.48664e-09 2.23983e-09 3.29666e-09 4.71913e-09 6.52173e-09 8.63606e-09 1.08974e-08 1.30651e-08 1.48715e-08 1.60845e-08 1.65579e-08 1.62564e-08 1.52517e-08 1.36966e-08 1.179e-08 9.74039e-09 7.73399e-09 5.91215e-09 4.36089e-09 3.11256e-09 2.15707e-09 1.45731e-09 9.64149e-10 6.27744e-10 4.04313e-10 2.5893e-10 1.65671e-10 1.06331e-10 6.86656e-11 4.46957e-11 2.93316e-11 1.9338e-11 1.2639e-11 7.85543e-12 4.13126e-12 
7.86574e-13 1.39132e-12 2.10954e-12 3.07948e-12 4.62168e-12 7.30601e-12 1.21262e-11 2.08302e-11 3.6538e-11 6.46966e-11 1.14391e-10 1.99921e-10 3.42363e-10 5.70952e-10 9.24755e-10 1.45622e-09 2.2375e-09 3.36465e-09 4.94595e-09 7.06255e-09 9.7096e-09 1.27477e-08 1.58947e-08 1.87712e-08 2.09855e-08 2.22303e-08 2.23539e-08 2.13834e-08 1.95007e-08 1.69882e-08 1.41642e-08 1.13249e-08 8.70233e-09 6.44353e-09 4.6116e-09 3.20184e-09 2.16562e-09 1.43361e-09 9.33618e-10 6.01353e-10 3.85166e-10 2.46547e-10 1.58393e-10 1.02457e-10 6.68572e-11 4.40337e-11 2.92153e-11 1.93741e-11 1.25379e-11 7.34528e-12 
1.36556e-12 2.20839e-12 3.20623e-12 4.62168e-12 6.93929e-12 1.10178e-11 1.83582e-11 3.1645e-11 5.56838e-11 9.88225e-11 1.74855e-10 3.05207e-10 5.21014e-10 8.64982e-10 1.39418e-09 2.18652e-09 3.35118e-09 5.03239e-09 7.38339e-09 1.04979e-08 1.4321e-08 1.85897e-08 2.28406e-08 2.64989e-08 2.90184e-08 3.00248e-08 2.94084e-08 2.73322e-08 2.4165e-08 2.03768e-08 1.64312e-08 1.27062e-08 9.45201e-09 6.7874e-09 4.72339e-09 3.19946e-09 2.11972e-09 1.38089e-09 8.89491e-10 5.69738e-10 3.648e-10 2.34556e-10 1.51958e-10 9.9397e-11 6.56842e-11 4.38005e-11 2.93316e-11 1.94468e-11 1.22397e-11 6.49489e-12 
1.27567e-12 2.28789e-12 3.42879e-12 4.8453e-12 6.93929e-12 1.04401e-11 1.66305e-11 2.77789e-11 4.79816e-11 8.45783e-11 1.50239e-10 2.65701e-10 4.62807e-10 7.87281e-10 1.30139e-09 2.08877e-09 3.26546e-09 4.99513e-09 7.48741e-09 1.09449e-08 1.54514e-08 2.08475e-08 2.66681e-08 3.21873e-08 3.6575e-08 3.9117e-08 3.94162e-08 3.74976e-08 3.37715e-08 2.88864e-08 2.35455e-08 1.83549e-08 1.37358e-08 9.90689e-09 6.91601e-09 4.69482e-09 3.1147e-09 2.03058e-09 1.30843e-09 8.38243e-10 5.36913e-10 3.45502e-10 2.24178e-10 1.46989e-10 9.74561e-11 6.52791e-11 4.40337e-11 2.96467e-11 1.94426e-11 1.15084e-11 
2.26845e-12 3.68082e-12 5.25482e-12 7.30601e-12 1.04401e-11 1.57449e-11 2.51314e-11 4.20207e-11 7.26242e-11 1.28045e-10 2.2733e-10 4.01373e-10 6.97108e-10 1.1813e-09 1.94455e-09 3.10948e-09 4.84806e-09 7.39991e-09 1.10545e-08 1.60523e-08 2.24162e-08 2.97948e-08 3.74172e-08 4.42071e-08 4.90402e-08 5.10658e-08 4.99684e-08 4.60551e-08 4.01188e-08 3.31631e-08 2.6128e-08 1.97091e-08 1.43002e-08 1.00275e-08 6.82931e-09 4.54122e-09 2.96508e-09 1.91241e-09 1.22597e-09 7.85785e-10 5.06167e-10 3.28979e-10 2.16252e-10 1.43872e-10 9.67926e-11 6.56842e-11 4.46957e-11 3.00459e-11 1.91196e-11 1.02113e-11 
2.11887e-12 3.86403e-12 5.77544e-12 7.99665e-12 1.10178e-11 1.57449e-11 2.37931e-11 3.80063e-11 6.3518e-11 1.09672e-10 1.93105e-10 3.42155e-10 6.02389e-10 1.04238e-09 1.75895e-09 2.88333e-09 4.59438e-09 7.1426e-09 1.08645e-08 1.61286e-08 2.31686e-08 3.18512e-08 4.15095e-08 5.09556e-08 5.87047e-08 6.33628e-08 6.4058e-08 6.07323e-08 5.41508e-08 4.55975e-08 3.6442e-08 2.77911e-08 2.03329e-08 1.43491e-08 9.82039e-09 6.55432e-09 4.29107e-09 2.773e-09 1.78022e-09 1.14249e-09 7.37033e-10 4.80007e-10 3.16427e-10 2.11306e-10 1.42811e-10 9.74561e-11 6.68572e-11 4.56676e-11 3.0294e-11 1.8074e-11 
3.84365e-12 6.28946e-12 8.92505e-12 1.21262e-11 1.66305e-11 2.37931e-11 3.59989e-11 5.74687e-11 9.58596e-11 1.65092e-10 2.89815e-10 5.11717e-10 8.9725e-10 1.54553e-09 2.59559e-09 4.23588e-09 6.72335e-09 1.04105e-08 1.57381e-08 2.31159e-08 3.26677e-08 4.39548e-08 5.58553e-08 6.66988e-08 7.46363e-08 7.81525e-08 7.65649e-08 7.02733e-08 6.06257e-08 4.9406e-08 3.82572e-08 2.83238e-08 2.01735e-08 1.3907e-08 9.3347e-09 6.13837e-09 3.98017e-09 2.56193e-09 1.64784e-09 1.06545e-09 6.9575e-10 4.60201e-10 3.08615e-10 2.09626e-10 1.43872e-10 9.9397e-11 6.86656e-11 4.67097e-11 2.99749e-11 1.60731e-11 
3.58289e-12 6.63096e-12 9.9572e-12 1.36705e-11 1.83582e-11 2.51314e-11 3.59989e-11 5.44733e-11 8.67915e-11 1.44276e-10 2.47427e-10 4.32313e-10 7.59446e-10 1.32439e-09 2.26842e-09 3.78848e-09 6.15053e-09 9.71261e-09 1.49412e-08 2.23504e-08 3.22818e-08 4.45662e-08 5.8274e-08 7.17451e-08 8.29175e-08 8.98192e-08 9.1102e-08 8.64964e-08 7.69599e-08 6.43927e-08 5.09447e-08 3.83654e-08 2.76956e-08 1.92975e-08 1.3064e-08 8.64936e-09 5.63869e-09 3.64518e-09 2.35314e-09 1.52667e-09 1.00055e-09 6.64595e-10 4.47897e-10 3.05966e-10 2.11306e-10 1.46989e-10 1.02457e-10 7.08499e-11 4.74083e-11 2.84286e-11 
6.59127e-12 1.08968e-11 1.54977e-11 2.08302e-11 2.77789e-11 3.80063e-11 5.44733e-11 8.23382e-11 1.30755e-10 2.16278e-10 3.68697e-10 6.40003e-10 1.1166e-09 1.93354e-09 3.28848e-09 5.45454e-09 8.79594e-09 1.37847e-08 2.0976e-08 3.08476e-08 4.34595e-08 5.8099e-08 7.32104e-08 8.67215e-08 9.65657e-08 1.01104e-07 9.94421e-08 9.17745e-08 7.94804e-08 6.47906e-08 5.00071e-08 3.68185e-08 2.60613e-08 1.78674e-08 1.19506e-08 7.85505e-09 5.11193e-09 3.31848e-09 2.1638e-09 1.4252e-09 9.51751e-10 6.45276e-10 4.43728e-10 3.08615e-10 2.16252e-10 1.51958e-10 1.06331e-10 7.29737e-11 4.70751e-11 2.52818e-11 
6.13189e-12 1.14743e-11 1.73795e-11 2.38733e-11 3.1645e-11 4.20207e-11 5.74687e-11 8.23382e-11 1.24166e-10 1.9625e-10 3.22468e-10 5.45405e-10 9.38623e-10 1.62298e-09 2.78507e-09 4.69443e-09 7.71764e-09 1.2328e-08 1.90899e-08 2.85434e-08 4.09016e-08 5.56343e-08 7.12727e-08 8.5749e-08 9.70945e-08 1.03918e-07 1.0535e-07 1.0097e-07 9.11553e-08 7.73457e-08 6.18233e-08 4.68505e-08 3.39409e-08 2.37062e-08 1.60949e-08 1.07078e-08 7.03762e-09 4.60639e-09 3.02539e-09 2.00637e-09 1.34924e-09 9.21566e-10 6.38737e-10 4.47897e-10 3.16427e-10 2.24178e-10 1.58393e-10 1.10523e-10 7.43322e-11 4.46595e-11 
1.13679e-11 1.89871e-11 2.72129e-11 3.6538e-11 4.79816e-11 6.3518e-11 8.67915e-11 1.24166e-10 1.86558e-10 2.93032e-10 4.77444e-10 7.99437e-10 1.36068e-09 2.32579e-09 3.94487e-09 6.57229e-09 1.0675e-08 1.68148e-08 2.55533e-08 3.71914e-08 5.13417e-08 6.66119e-08 8.08529e-08 9.20639e-08 9.92293e-08 1.02232e-07 1.01006e-07 9.51861e-08 8.48301e-08 7.11142e-08 5.6171e-08 4.20985e-08 3.02141e-08 2.09638e-08 1.41931e-08 9.4621e-09 6.26704e-09 4.15836e-09 2.78368e-09 1.88914e-09 1.30239e-09 9.11361e-10 6.45276e-10 4.60201e-10 3.28979e-10 2.34556e-10 1.65671e-10 1.14256e-10 7.38169e-11 3.96064e-11 
1.05627e-11 1.98946e-11 3.04489e-11 4.212e-11 5.56838e-11 7.26242e-11 9.58596e-11 1.30755e-10 1.86558e-10 2.78884e-10 4.34585e-10 7.00618e-10 1.15835e-09 1.94405e-09 3.27417e-09 5.47029e-09 8.97356e-09 1.43299e-08 2.21038e-08 3.26484e-08 4.56985e-08 5.99798e-08 7.33023e-08 8.34487e-08 8.93999e-08 9.17442e-08 9.16486e-08 8.92905e-08 8.37317e-08 7.44322e-08 6.22013e-08 4.89281e-08 3.65178e-08 2.61388e-08 1.81424e-08 1.23409e-08 8.31087e-09 5.59337e-09 3.79225e-09 2.60474e-09 1.81708e-09 1.28657e-09 9.21566e-10 6.64595e-10 4.80007e-10 3.45502e-10 2.46547e-10 1.72862e-10 1.16363e-10 6.98058e-11 
1.96122e-11 3.30424e-11 4.78764e-11 6.46966e-11 8.45783e-11 1.09672e-10 1.44276e-10 1.9625e-10 2.78884e-10 4.14115e-10 6.38887e-10 1.01646e-09 1.65401e-09 2.72683e-09 4.50615e-09 7.3816e-09 1.18578e-08 1.84838e-08 2.76489e-08 3.92071e-08 5.20672e-08 6.41544e-08 7.31282e-08 7.7637e-08 7.825e-08 7.70578e-08 7.57415e-08 7.38863e-08 6.9755e-08 6.23727e-08 5.22991e-08 4.12018e-08 3.08016e-08 2.21312e-08 1.54795e-08 1.06662e-08 7.31942e-09 5.04842e-09 3.52296e-09 2.49516e-09 1.79279e-09 1.30239e-09 9.51751e-10 6.9575e-10 5.06167e-10 3.648e-10 2.5893e-10 1.78629e-10 1.15112e-10 6.15479e-11 
1.82027e-11 3.4343e-11 5.31231e-11 7.43305e-11 9.88225e-11 1.28045e-10 1.65092e-10 2.16278e-10 2.93032e-10 4.14115e-10 6.09574e-10 9.28631e-10 1.45317e-09 2.31774e-09 3.73535e-09 6.02359e-09 9.61482e-09 1.50117e-08 2.26217e-08 3.24227e-08 4.35618e-08 5.42382e-08 6.22316e-08 6.59699e-08 6.5531e-08 6.28822e-08 6.06534e-08 5.98746e-08 5.91586e-08 5.64242e-08 5.07714e-08 4.27512e-08 3.38242e-08 2.54487e-08 1.84762e-08 1.31287e-08 9.24734e-09 6.5261e-09 4.65036e-09 3.35874e-09 2.4583e-09 1.81708e-09 1.34924e-09 1.00055e-09 7.37033e-10 5.36913e-10 3.85166e-10 2.70029e-10 1.81107e-10 1.08096e-10 
3.36377e-11 5.70229e-11 8.36572e-11 1.14391e-10 1.50239e-10 1.93105e-10 2.47427e-10 3.22468e-10 4.34585e-10 6.09574e-10 8.87152e-10 1.32996e-09 2.03816e-09 3.1694e-09 4.96233e-09 7.75415e-09 1.19645e-08 1.7985e-08 2.59099e-08 3.51617e-08 4.43155e-08 5.14706e-08 5.5098e-08 5.48981e-08 5.21793e-08 4.93072e-08 4.80563e-08 4.8137e-08 4.77785e-08 4.54349e-08 4.07308e-08 3.42926e-08 2.72674e-08 2.07425e-08 1.53308e-08 1.11712e-08 8.12494e-09 5.95086e-09 4.40867e-09 3.30361e-09 2.49516e-09 1.88914e-09 1.4252e-09 1.06545e-09 7.85785e-10 5.69738e-10 4.04313e-10 2.77642e-10 1.77713e-10 9.4466e-11 
3.11662e-11 5.86375e-11 9.15817e-11 1.29957e-10 1.74855e-10 2.2733e-10 2.89815e-10 3.68697e-10 4.77444e-10 6.38887e-10 8.87152e-10 1.27205e-09 1.86808e-09 2.78776e-09 4.19784e-09 6.3357e-09 9.51215e-09 1.40593e-08 2.01516e-08 2.74906e-08 3.50818e-08 4.14494e-08 4.52887e-08 4.61512e-08 4.47613e-08 4.26832e-08 4.13429e-08 4.1013e-08 4.08091e-08 3.96044e-08 3.67697e-08 3.24196e-08 2.71415e-08 2.17078e-08 1.67945e-08 1.27565e-08 9.64007e-09 7.31692e-09 5.60311e-09 4.32769e-09 3.35874e-09 2.60474e-09 2.00637e-09 1.52667e-09 1.14249e-09 8.38243e-10 6.01353e-10 4.19383e-10 2.7895e-10 1.65078e-10 
5.69733e-11 9.69088e-11 1.43978e-10 1.99921e-10 2.65701e-10 3.42155e-10 4.32313e-10 5.45405e-10 7.00618e-10 9.28631e-10 1.27205e-09 1.78847e-09 2.55749e-09 3.68937e-09 5.33446e-09 7.69189e-09 1.10011e-08 1.54602e-08 2.10034e-08 2.70664e-08 3.26498e-08 3.67588e-08 3.89167e-08 3.93849e-08 3.89147e-08 3.82339e-08 3.76272e-08 3.68629e-08 3.54786e-08 3.31071e-08 2.96949e-08 2.55704e-08 2.12351e-08 1.71417e-08 1.36109e-08 1.07621e-08 8.54451e-09 6.83035e-09 5.48683e-09 4.40867e-09 3.52296e-09 2.78368e-09 2.1638e-09 1.64784e-09 1.22597e-09 8.89491e-10 6.27744e-10 4.26981e-10 2.70362e-10 1.42574e-10 
5.26246e-11 9.83912e-11 1.54906e-10 2.2316e-10 3.05207e-10 4.01373e-10 5.11717e-10 6.40003e-10 7.99437e-10 1.01646e-09 1.32996e-09 1.78847e-09 2.4501e-09 3.38503e-09 4.67796e-09 6.4341e-09 8.79381e-09 1.19273e-08 1.59198e-08 2.0571e-08 2.53469e-08 2.96101e-08 3.29075e-08 3.51007e-08 3.62441e-08 3.64267e-08 3.58195e-08 3.45859e-08 3.27788e-08 3.03497e-08 2.72618e-08 2.36424e-08 1.98859e-08 1.64188e-08 1.34872e-08 1.11557e-08 9.33909e-09 7.8864e-09 6.66792e-09 5.60311e-09 4.65036e-09 3.79225e-09 3.02539e-09 2.35314e-09 1.78022e-09 1.30843e-09 9.33618e-10 6.44399e-10 4.23191e-10 2.47511e-10 
9.46796e-11 1.61218e-10 2.42374e-10 3.42363e-10 4.62807e-10 6.02389e-10 7.59446e-10 9.38623e-10 1.15835e-09 1.45317e-09 1.86808e-09 2.4501e-09 3.24359e-09 4.2882e-09 5.62122e-09 7.30028e-09 9.44463e-09 1.22074e-08 1.56436e-08 1.96027e-08 2.37888e-08 2.78357e-08 3.13094e-08 3.37548e-08 3.4797e-08 3.43988e-08 3.29256e-08 3.07654e-08 2.8156e-08 2.5175e-08 2.18587e-08 1.83913e-08 1.51649e-08 1.2538e-08 1.06535e-08 9.39653e-09 8.48326e-09 7.66684e-09 6.83035e-09 5.95086e-09 5.04842e-09 4.15836e-09 3.31848e-09 2.56193e-09 1.91241e-09 1.38089e-09 9.64149e-10 6.46572e-10 4.03497e-10 2.10713e-10 
8.70115e-11 1.61365e-10 2.55699e-10 3.73893e-10 5.21014e-10 6.97108e-10 8.9725e-10 1.1166e-09 1.36068e-09 1.65401e-09 2.03816e-09 2.55749e-09 3.24359e-09 4.10771e-09 5.14255e-09 6.34726e-09 7.79097e-09 9.64138e-09 1.20986e-08 1.52776e-08 1.91452e-08 2.3461e-08 2.76851e-08 3.10879e-08 3.30248e-08 3.3216e-08 3.19276e-08 2.96608e-08 2.68018e-08 2.36322e-08 2.03226e-08 1.70061e-08 1.38865e-08 1.1277e-08 9.4714e-09 8.58746e-09 8.32851e-09 8.1972e-09 7.8864e-09 7.31692e-09 6.5261e-09 5.59337e-09 4.60639e-09 3.64518e-09 2.773e-09 2.03058e-09 1.43361e-09 9.747e-10 6.29482e-10 3.6285e-10 
1.53507e-10 2.61426e-10 3.97267e-10 5.70952e-10 7.87281e-10 1.04238e-09 1.32439e-09 1.62298e-09 1.94405e-09 2.31774e-09 2.78776e-09 3.38503e-09 4.10771e-09 4.92175e-09 5.78958e-09 6.73994e-09 7.92629e-09 9.6172e-09 1.20865e-08 1.54733e-08 1.96624e-08 2.41821e-08 2.82782e-08 3.12099e-08 3.2502e-08 3.20954e-08 3.02491e-08 2.7281e-08 2.35986e-08 1.97043e-08 1.602e-08 1.27744e-08 1.00947e-08 8.12553e-09 7.15758e-09 7.30069e-09 7.96875e-09 8.48326e-09 8.54451e-09 8.12494e-09 7.31942e-09 6.26704e-09 5.11193e-09 3.98017e-09 2.96508e-09 2.11972e-09 1.45731e-09 9.59599e-10 5.88307e-10 3.03815e-10 
1.40005e-10 2.57632e-10 4.10682e-10 6.08975e-10 8.64982e-10 1.1813e-09 1.54553e-09 1.93354e-09 2.32579e-09 2.72683e-09 3.1694e-09 3.68937e-09 4.2882e-09 4.92175e-09 5.53305e-09 6.12313e-09 6.81325e-09 7.88549e-09 9.71249e-09 1.25485e-08 1.63896e-08 2.09303e-08 2.5593e-08 2.96865e-08 3.257e-08 3.37604e-08 3.29981e-08 3.0289e-08 2.60436e-08 2.10658e-08 1.62511e-08 1.22182e-08 9.15223e-09 6.96862e-09 5.6497e-09 5.63992e-09 6.85809e-09 8.32851e-09 9.33909e-09 9.64007e-09 9.24734e-09 8.31087e-09 7.03762e-09 5.63869e-09 4.29107e-09 3.1147e-09 2.16562e-09 1.44439e-09 9.14231e-10 5.18198e-10 
2.4174e-10 4.12253e-10 6.32979e-10 9.24755e-10 1.30139e-09 1.75895e-09 2.26842e-09 2.78507e-09 3.27417e-09 3.73535e-09 4.19784e-09 4.67796e-09 5.14255e-09 5.53305e-09 5.83839e-09 6.14261e-09 6.69095e-09 7.91118e-09 1.01758e-08 1.35826e-08 1.80217e-08 2.32052e-08 2.86102e-08 3.34424e-08 3.67064e-08 3.75389e-08 3.54988e-08 3.08961e-08 2.47605e-08 1.83925e-08 1.28922e-08 8.80842e-09 6.12105e-09 4.45414e-09 3.89485e-09 5.09176e-09 7.30069e-09 9.39653e-09 1.07621e-08 1.11712e-08 1.06662e-08 9.4621e-09 7.85505e-09 6.13837e-09 4.54122e-09 3.19946e-09 2.15707e-09 1.38989e-09 8.34958e-10 4.2601e-10 
2.18123e-10 3.99382e-10 6.41401e-10 9.63975e-10 1.39418e-09 1.94455e-09 2.59559e-09 3.28848e-09 3.94487e-09 4.50615e-09 4.96233e-09 5.33446e-09 5.62122e-09 5.78958e-09 5.83839e-09 5.82688e-09 5.927e-09 6.55636e-09 8.221e-09 1.11515e-08 1.5386e-08 2.09416e-08 2.75499e-08 3.43539e-08 3.99086e-08 4.26771e-08 4.17443e-08 3.71736e-08 3.01232e-08 2.22386e-08 1.5037e-08 9.47598e-09 5.81787e-09 3.67734e-09 2.53425e-09 3.19324e-09 5.63992e-09 8.58746e-09 1.11557e-08 1.27565e-08 1.31287e-08 1.23409e-08 1.07078e-08 8.64936e-09 6.55432e-09 4.69482e-09 3.20184e-09 2.08783e-09 1.29173e-09 7.18774e-10 
3.68541e-10 6.31663e-10 9.81379e-10 1.45622e-09 2.08877e-09 2.88333e-09 3.78848e-09 4.69443e-09 5.47029e-09 6.02359e-09 6.3357e-09 6.4341e-09 6.34726e-09 6.12313e-09 5.82688e-09 5.55198e-09 5.61983e-09 6.63679e-09 9.01506e-09 1.28864e-08 1.8444e-08 2.57165e-08 3.39744e-08 4.15943e-08 4.65291e-08 4.72367e-08 4.33977e-08 3.60266e-08 2.70046e-08 1.82366e-08 1.10999e-08 6.2076e-09 3.39999e-09 1.78839e-09 1.61192e-09 3.89485e-09 7.15758e-09 1.06535e-08 1.36109e-08 1.53308e-08 1.54795e-08 1.41931e-08 1.19506e-08 9.3347e-09 6.82931e-09 4.72339e-09 3.11256e-09 1.95736e-09 1.15008e-09 5.79502e-10 
3.27772e-10 6.00079e-10 9.74778e-10 1.48664e-09 2.18652e-09 3.10948e-09 4.23588e-09 5.45454e-09 6.57229e-09 7.3816e-09 7.75415e-09 7.69189e-09 7.30028e-09 6.73994e-09 6.14261e-09 5.55198e-09 5.13328e-09 5.46142e-09 7.17542e-09 1.04707e-08 1.55649e-08 2.26718e-08 3.13604e-08 4.01732e-08 4.69601e-08 4.97234e-08 4.7525e-08 4.09217e-08 3.16454e-08 2.1849e-08 1.33219e-08 7.11603e-09 3.49918e-09 1.69158e-09 6.9571e-10 2.53425e-09 5.6497e-09 9.4714e-09 1.34872e-08 1.67945e-08 1.84762e-08 1.81424e-08 1.60949e-08 1.3064e-08 9.82039e-09 6.91601e-09 4.6116e-09 2.93246e-09 1.77019e-09 9.6608e-10 
5.42566e-10 9.39897e-10 1.48346e-09 2.2375e-09 3.26546e-09 4.59438e-09 6.15053e-09 7.71764e-09 8.97356e-09 9.61482e-09 9.51215e-09 8.79381e-09 7.79097e-09 6.81325e-09 5.927e-09 5.13328e-09 4.81389e-09 5.73485e-09 8.25576e-09 1.24792e-08 1.86728e-08 2.66562e-08 3.53554e-08 4.29248e-08 4.7386e-08 4.73876e-08 4.27724e-08 3.46445e-08 2.49559e-08 1.57162e-08 8.39436e-09 3.76747e-09 1.71069e-09 9.35294e-10 1.78839e-09 4.45414e-09 8.12553e-09 1.2538e-08 1.71417e-08 2.07425e-08 2.21312e-08 2.09638e-08 1.78674e-08 1.3907e-08 1.00275e-08 6.7874e-09 4.36089e-09 2.67184e-09 1.53393e-09 7.63425e-10 
4.73734e-10 8.72453e-10 1.44189e-09 2.23983e-09 3.35118e-09 4.84806e-09 6.72335e-09 8.79594e-09 1.0675e-08 1.18578e-08 1.19645e-08 1.10011e-08 9.44463e-09 7.92629e-09 6.69095e-09 5.61983e-09 4.81389e-09 4.90674e-09 6.47076e-09 9.5811e-09 1.4386e-08 2.08842e-08 2.83329e-08 3.53672e-08 4.04096e-08 4.21687e-08 4.00384e-08 3.43067e-08 2.61927e-08 1.74832e-08 9.83115e-09 4.38701e-09 1.56435e-09 1.07614e-09 1.69158e-09 3.67734e-09 6.96862e-09 1.1277e-08 1.64188e-08 2.17078e-08 2.54487e-08 2.61388e-08 2.37062e-08 1.92975e-08 1.43491e-08 9.90689e-09 6.44353e-09 3.98919e-09 2.34742e-09 1.25627e-09 
7.69816e-10 1.35627e-09 2.18717e-09 3.36465e-09 4.99513e-09 7.1426e-09 9.71261e-09 1.2328e-08 1.43299e-08 1.50117e-08 1.40593e-08 1.19273e-08 9.64138e-09 7.88549e-09 6.55636e-09 5.46142e-09 4.90674e-09 5.43538e-09 7.28173e-09 1.05349e-08 1.5214e-08 2.08653e-08 2.65008e-08 3.1022e-08 3.34715e-08 3.32169e-08 3.00747e-08 2.44733e-08 1.75196e-08 1.06963e-08 5.31425e-09 2.00687e-09 7.91404e-10 1.71069e-09 3.39999e-09 6.12105e-09 1.00947e-08 1.51649e-08 2.12351e-08 2.72674e-08 3.08016e-08 3.02141e-08 2.60613e-08 2.01735e-08 1.43002e-08 9.45201e-09 5.91215e-09 3.52647e-09 1.97801e-09 9.73032e-10 
6.57342e-10 1.22497e-09 2.07222e-09 3.29666e-09 5.03239e-09 7.39991e-09 1.04105e-08 1.37847e-08 1.68148e-08 1.84838e-08 1.7985e-08 1.54602e-08 1.22074e-08 9.6172e-09 7.91118e-09 6.63679e-09 5.73485e-09 5.43538e-09 5.97994e-09 7.6393e-09 1.05213e-08 1.43141e-08 1.83343e-08 2.18019e-08 2.40851e-08 2.47118e-08 2.33937e-08 2.01368e-08 1.5403e-08 1.0174e-08 5.72713e-09 2.94429e-09 1.42637e-09 1.56435e-09 3.49918e-09 5.81787e-09 9.15223e-09 1.38865e-08 1.98859e-08 2.71415e-08 3.38242e-08 3.65178e-08 3.39409e-08 2.76956e-08 2.03329e-08 1.37358e-08 8.70233e-09 5.24227e-09 3.00736e-09 1.5792e-09 
1.05095e-09 1.89287e-09 3.13637e-09 4.94595e-09 7.48741e-09 1.08645e-08 1.49412e-08 1.90899e-08 2.21038e-08 2.26217e-08 2.01516e-08 1.59198e-08 1.20986e-08 9.71249e-09 8.221e-09 7.17542e-09 6.47076e-09 5.97994e-09 6.06793e-09 7.22994e-09 9.36746e-09 1.19192e-08 1.43042e-08 1.60685e-08 1.6891e-08 1.65237e-08 1.48389e-08 1.19493e-08 8.3549e-09 5.04078e-09 3.20163e-09 2.47946e-09 2.00687e-09 3.76747e-09 6.2076e-09 8.80842e-09 1.27744e-08 1.83913e-08 2.55704e-08 3.42926e-08 4.12018e-08 4.20985e-08 3.68185e-08 2.83238e-08 1.97091e-08 1.27062e-08 7.73399e-09 4.49258e-09 2.46394e-09 1.19947e-09 
8.74813e-10 1.65718e-09 2.88191e-09 4.71913e-09 7.38339e-09 1.10545e-08 1.57381e-08 2.0976e-08 2.55533e-08 2.76489e-08 2.59099e-08 2.10034e-08 1.56436e-08 1.20865e-08 1.01758e-08 9.01506e-09 8.25576e-09 7.28173e-09 6.06793e-09 5.52691e-09 6.14053e-09 7.478e-09 8.94561e-09 1.01628e-08 1.08816e-08 1.09134e-08 1.0114e-08 8.44912e-09 6.111e-09 3.69167e-09 2.43125e-09 2.69736e-09 2.94429e-09 4.38701e-09 7.11603e-09 9.47598e-09 1.22182e-08 1.70061e-08 2.36424e-08 3.24196e-08 4.27512e-08 4.89281e-08 4.68505e-08 3.83654e-08 2.77911e-08 1.83549e-08 1.13249e-08 6.64178e-09 3.71873e-09 1.91859e-09 
1.37882e-09 2.54609e-09 4.34957e-09 7.06255e-09 1.09449e-08 1.61286e-08 2.23504e-08 2.85434e-08 3.26484e-08 3.24227e-08 2.74906e-08 2.0571e-08 1.52776e-08 1.25485e-08 1.11515e-08 1.04707e-08 9.5811e-09 7.6393e-09 5.52691e-09 4.54963e-09 4.7703e-09 5.49482e-09 6.23889e-09 6.76679e-09 6.92321e-09 6.58342e-09 5.66579e-09 4.19875e-09 2.44753e-09 1.29787e-09 1.91547e-09 3.20163e-09 5.31425e-09 8.39436e-09 1.10999e-08 1.28922e-08 1.602e-08 2.18587e-08 2.96949e-08 4.07308e-08 5.22991e-08 5.6171e-08 5.00071e-08 3.82572e-08 2.6128e-08 1.64312e-08 9.74039e-09 5.51814e-09 2.96413e-09 1.43029e-09 
1.11643e-09 2.15541e-09 3.8592e-09 6.52173e-09 1.04979e-08 1.60523e-08 2.31159e-08 3.08476e-08 3.71914e-08 3.92071e-08 3.51617e-08 2.70664e-08 1.96027e-08 1.54733e-08 1.35826e-08 1.28864e-08 1.24792e-08 1.05349e-08 7.22994e-09 4.54963e-09 3.49764e-09 3.50822e-09 3.84685e-09 4.17221e-09 4.32803e-09 4.20723e-09 3.72675e-09 2.85084e-09 1.66232e-09 5.41398e-10 8.7046e-10 2.43125e-09 5.72713e-09 9.83115e-09 1.33219e-08 1.5037e-08 1.62511e-08 2.03226e-08 2.72618e-08 3.67697e-08 5.07714e-08 6.22013e-08 6.18233e-08 5.09447e-08 3.6442e-08 2.35455e-08 1.41642e-08 8.10179e-09 4.43652e-09 2.25328e-09 
1.73724e-09 3.28975e-09 5.79636e-09 9.7096e-09 1.54514e-08 2.31686e-08 3.22818e-08 4.09016e-08 4.56985e-08 4.35618e-08 3.50818e-08 2.53469e-08 1.91452e-08 1.63896e-08 1.5386e-08 1.55649e-08 1.4386e-08 1.05213e-08 6.14053e-09 3.49764e-09 2.61597e-09 2.53105e-09 2.65107e-09 2.74762e-09 2.71197e-09 2.47044e-09 1.97674e-09 1.25412e-09 5.18487e-10 3.08819e-10 1.29787e-09 5.04078e-09 1.06963e-08 1.57162e-08 1.82366e-08 1.83925e-08 1.97043e-08 2.5175e-08 3.31071e-08 4.54349e-08 6.23727e-08 7.11142e-08 6.47906e-08 4.9406e-08 3.31631e-08 2.03768e-08 1.179e-08 6.53066e-09 3.44417e-09 1.65052e-09 
1.36701e-09 2.69116e-09 4.95418e-09 8.63606e-09 1.4321e-08 2.24162e-08 3.26677e-08 4.34595e-08 5.13417e-08 5.20672e-08 4.43155e-08 3.26498e-08 2.37888e-08 1.96624e-08 1.80217e-08 1.8444e-08 1.86728e-08 1.5214e-08 9.36746e-09 4.7703e-09 2.61597e-09 1.96285e-09 1.84117e-09 1.84218e-09 1.81566e-09 1.68821e-09 1.41855e-09 1.01652e-09 6.39635e-10 4.86452e-10 5.41398e-10 3.69167e-09 1.0174e-08 1.74832e-08 2.1849e-08 2.22386e-08 2.10658e-08 2.36322e-08 3.03497e-08 3.96044e-08 5.64242e-08 7.44322e-08 7.73457e-08 6.43927e-08 4.55975e-08 2.88864e-08 1.69882e-08 9.506e-09 5.10623e-09 2.55933e-09 
2.102e-09 4.07355e-09 7.38437e-09 1.27477e-08 2.08475e-08 3.18512e-08 4.45662e-08 5.56343e-08 5.99798e-08 5.42382e-08 4.14494e-08 2.96101e-08 2.3461e-08 2.09303e-08 2.09416e-08 2.26718e-08 2.08842e-08 1.43141e-08 7.478e-09 3.50822e-09 1.96285e-09 1.50014e-09 1.36622e-09 1.30134e-09 1.21083e-09 1.05406e-09 8.33921e-10 6.46152e-10 6.01991e-10 5.18487e-10 2.44753e-09 8.3549e-09 1.75196e-08 2.49559e-08 2.70046e-08 2.47605e-08 2.35986e-08 2.8156e-08 3.54786e-08 4.77785e-08 6.9755e-08 8.48301e-08 7.94804e-08 6.06257e-08 4.01188e-08 2.4165e-08 1.36966e-08 7.44444e-09 3.86649e-09 1.84418e-09 
1.60781e-09 3.22352e-09 6.07953e-09 1.08974e-08 1.85897e-08 2.97948e-08 4.39548e-08 5.8099e-08 6.66119e-08 6.41544e-08 5.14706e-08 3.67588e-08 2.78357e-08 2.41821e-08 2.32052e-08 2.57165e-08 2.66562e-08 2.08653e-08 1.19192e-08 5.49482e-09 2.53105e-09 1.50014e-09 1.16589e-09 1.02552e-09 9.24022e-10 8.09291e-10 6.7584e-10 5.77942e-10 5.92339e-10 6.39635e-10 1.66232e-09 6.111e-09 1.5403e-08 2.61927e-08 3.16454e-08 3.01232e-08 2.60436e-08 2.68018e-08 3.27788e-08 4.08091e-08 5.91586e-08 8.37317e-08 9.11553e-08 7.69599e-08 5.41508e-08 3.37715e-08 1.95007e-08 1.07202e-08 5.66988e-09 2.81258e-09 
2.444e-09 4.82921e-09 8.96619e-09 1.58947e-08 2.66681e-08 4.15095e-08 5.8274e-08 7.12727e-08 7.33023e-08 6.22316e-08 4.52887e-08 3.29075e-08 2.76851e-08 2.5593e-08 2.75499e-08 3.13604e-08 2.83329e-08 1.83343e-08 8.94561e-09 3.84685e-09 1.84117e-09 1.16589e-09 9.05889e-10 7.60378e-10 6.4468e-10 5.41447e-10 4.80321e-10 5.188e-10 6.46152e-10 1.25412e-09 4.19875e-09 1.19493e-08 2.44733e-08 3.46445e-08 3.60266e-08 3.08961e-08 2.7281e-08 3.07654e-08 3.68629e-08 4.8137e-08 7.38863e-08 9.51861e-08 9.17745e-08 7.02733e-08 4.60551e-08 2.73322e-08 1.52517e-08 8.17076e-09 4.19448e-09 1.99592e-09 
1.81923e-09 3.70547e-09 7.12405e-09 1.30651e-08 2.28406e-08 3.74172e-08 5.58553e-08 7.32104e-08 8.08529e-08 7.31282e-08 5.5098e-08 3.89167e-08 3.13094e-08 2.82782e-08 2.86102e-08 3.39744e-08 3.53554e-08 2.65008e-08 1.43042e-08 6.23889e-09 2.65107e-09 1.36622e-09 9.05889e-10 6.85438e-10 5.40985e-10 4.34702e-10 3.80188e-10 4.22327e-10 5.77942e-10 1.01652e-09 2.85084e-09 8.44912e-09 2.01368e-08 3.43067e-08 4.09217e-08 3.71736e-08 3.0289e-08 2.96608e-08 3.45859e-08 4.1013e-08 5.98746e-08 8.92905e-08 1.0097e-07 8.64964e-08 6.07323e-08 3.74976e-08 2.13834e-08 1.16102e-08 6.07293e-09 2.99126e-09 
2.73381e-09 5.48258e-09 1.03663e-08 1.87712e-08 3.21873e-08 5.09556e-08 7.17451e-08 8.5749e-08 8.34487e-08 6.59699e-08 4.61512e-08 3.51007e-08 3.10879e-08 2.96865e-08 3.43539e-08 4.01732e-08 3.53672e-08 2.18019e-08 1.01628e-08 4.17221e-09 1.84218e-09 1.02552e-09 6.85438e-10 4.9027e-10 3.59411e-10 2.91264e-10 3.24633e-10 4.80321e-10 8.33921e-10 1.97674e-09 5.66579e-09 1.48389e-08 3.00747e-08 4.27724e-08 4.33977e-08 3.54988e-08 3.02491e-08 3.29256e-08 3.76272e-08 4.80563e-08 7.57415e-08 1.01006e-07 9.94421e-08 7.65649e-08 4.99684e-08 2.94084e-08 1.62564e-08 8.62959e-09 4.39675e-09 2.09261e-09 
1.98373e-09 4.09204e-09 7.97464e-09 1.48715e-08 2.64989e-08 4.42071e-08 6.66988e-08 8.67215e-08 9.20639e-08 7.7637e-08 5.48981e-08 3.93849e-08 3.37548e-08 3.12099e-08 3.34424e-08 4.15943e-08 4.29248e-08 3.1022e-08 1.60685e-08 6.76679e-09 2.74762e-09 1.30134e-09 7.60378e-10 4.9027e-10 3.19848e-10 2.21667e-10 2.3569e-10 3.80188e-10 6.7584e-10 1.41855e-09 3.72675e-09 1.0114e-08 2.33937e-08 4.00384e-08 4.7525e-08 4.17443e-08 3.29981e-08 3.19276e-08 3.58195e-08 4.13429e-08 6.06534e-08 9.16486e-08 1.0535e-07 9.1102e-08 6.4058e-08 3.94162e-08 2.23539e-08 1.2062e-08 6.27122e-09 3.07836e-09 
2.94627e-09 5.96763e-09 1.14189e-08 2.09855e-08 3.6575e-08 5.87047e-08 8.29175e-08 9.70945e-08 8.93999e-08 6.5531e-08 4.47613e-08 3.62441e-08 3.30248e-08 3.257e-08 3.99086e-08 4.69601e-08 4.04096e-08 2.40851e-08 1.08816e-08 4.32803e-09 1.81566e-09 9.24022e-10 5.40985e-10 3.19848e-10 1.81002e-10 1.60875e-10 2.91264e-10 5.41447e-10 1.05406e-09 2.47044e-09 6.58342e-09 1.65237e-08 3.32169e-08 4.73876e-08 4.72367e-08 3.75389e-08 3.20954e-08 3.43988e-08 3.82339e-08 4.93072e-08 7.70578e-08 1.02232e-07 1.01104e-07 7.81525e-08 5.10658e-08 3.00248e-08 1.65579e-08 8.76152e-09 4.45104e-09 2.12483e-09 
2.0881e-09 4.34767e-09 8.53898e-09 1.60845e-08 2.90184e-08 4.90402e-08 7.46363e-08 9.65657e-08 9.92293e-08 7.825e-08 5.21793e-08 3.89147e-08 3.4797e-08 3.2502e-08 3.67064e-08 4.65291e-08 4.7386e-08 3.34715e-08 1.6891e-08 6.92321e-09 2.71197e-09 1.21083e-09 6.4468e-10 3.59411e-10 1.81002e-10 1.10784e-10 2.21667e-10 4.34702e-10 8.09291e-10 1.68821e-09 4.20723e-09 1.09134e-08 2.47118e-08 4.21687e-08 4.97234e-08 4.26771e-08 3.37604e-08 3.3216e-08 3.64267e-08 4.26832e-08 6.28822e-08 9.17442e-08 1.03918e-07 8.98192e-08 6.33628e-08 3.9117e-08 2.22303e-08 1.20027e-08 6.23763e-09 3.06384e-09 
3.06384e-09 6.23763e-09 1.20027e-08 2.22303e-08 3.9117e-08 6.33628e-08 8.98192e-08 1.03918e-07 9.17442e-08 6.28822e-08 4.26832e-08 3.64267e-08 3.3216e-08 3.37604e-08 4.26771e-08 4.97234e-08 4.21687e-08 2.47118e-08 1.09134e-08 4.20723e-09 1.68821e-09 8.09291e-10 4.34702e-10 2.21667e-10 1.10784e-10 1.81002e-10 3.59411e-10 6.4468e-10 1.21083e-09 2.71197e-09 6.92321e-09 1.6891e-08 3.34715e-08 4.7386e-08 4.65291e-08 3.67064e-08 3.2502e-08 3.4797e-08 3.89147e-08 5.21793e-08 7.825e-08 9.92293e-08 9.65657e-08 7.46363e-08 4.90402e-08 2.90184e-08 1.60845e-08 8.53898e-09 4.34767e-09 2.0881e-09 
2.12483e-09 4.45104e-09 8.76152e-09 1.65579e-08 3.00248e-08 5.10658e-08 7.81525e-08 1.01104e-07 1.02232e-07 7.70578e-08 4.93072e-08 3.82339e-08 3.43988e-08 3.20954e-08 3.75389e-08 4.72367e-08 4.73876e-08 3.32169e-08 1.65237e-08 6.58342e-09 2.47044e-09 1.05406e-09 5.41447e-10 2.91264e-10 1.60875e-10 1.81002e-10 3.19848e-10 5.40985e-10 9.24022e-10 1.81566e-09 4.32803e-09 1.08816e-08 2.40851e-08 4.04096e-08 4.69601e-08 3.99086e-08 3.257e-08 3.30248e-08 3.62441e-08 4.47613e-08 6.5531e-08 8.93999e-08 9.70945e-08 8.29175e-08 5.87047e-08 3.6575e-08 2.09855e-08 1.14189e-08 5.96763e-09 2.94627e-09 
3.07836e-09 6.27122e-09 1.2062e-08 2.23539e-08 3.94162e-08 6.4058e-08 9.1102e-08 1.0535e-07 9.16486e-08 6.06534e-08 4.13429e-08 3.58195e-08 3.19276e-08 3.29981e-08 4.17443e-08 4.7525e-08 4.00384e-08 2.33937e-08 1.0114e-08 3.72675e-09 1.41855e-09 6.7584e-10 3.80188e-10 2.3569e-10 2.21667e-10 3.19848e-10 4.9027e-10 7.60378e-10 1.30134e-09 2.74762e-09 6.76679e-09 1.60685e-08 3.1022e-08 4.29248e-08 4.15943e-08 3.34424e-08 3.12099e-08 3.37548e-08 3.93849e-08 5.48981e-08 7.7637e-08 9.20639e-08 8.67215e-08 6.66988e-08 4.42071e-08 2.64989e-08 1.48715e-08 7.97464e-09 4.09204e-09 1.98373e-09 
2.09261e-09 4.39675e-09 8.62959e-09 1.62564e-08 2.94084e-08 4.99684e-08 7.65649e-08 9.94421e-08 1.01006e-07 7.57415e-08 4.80563e-08 3.76272e-08 3.29256e-08 3.02491e-08 3.54988e-08 4.33977e-08 4.27724e-08 3.00747e-08 1.48389e-08 5.66579e-09 1.97674e-09 8.33921e-10 4.80321e-10 3.24633e-10 2.91264e-10 3.59411e-10 4.9027e-10 6.85438e-10 1.02552e-09 1.84218e-09 4.17221e-09 1.01628e-08 2.18019e-08 3.53672e-08 4.01732e-08 3.43539e-08 2.96865e-08 3.10879e-08 3.51007e-08 4.61512e-08 6.59699e-08 8.34487e-08 8.5749e-08 7.17451e-08 5.09556e-08 3.21873e-08 1.87712e-08 1.03663e-08 5.48258e-09 2.73381e-09 
2.99126e-09 6.07293e-09 1.16102e-08 2.13834e-08 3.74976e-08 6.07323e-08 8.64964e-08 1.0097e-07 8.92905e-08 5.98746e-08 4.1013e-08 3.45859e-08 2.96608e-08 3.0289e-08 3.71736e-08 4.09217e-08 3.43067e-08 2.01368e-08 8.44912e-09 2.85084e-09 1.01652e-09 5.77942e-10 4.22327e-10 3.80188e-10 4.34702e-10 5.40985e-10 6.85438e-10 9.05889e-10 1.36622e-09 2.65107e-09 6.23889e-09 1.43042e-08 2.65008e-08 3.53554e-08 3.39744e-08 2.86102e-08 2.82782e-08 3.13094e-08 3.89167e-08 5.5098e-08 7.31282e-08 8.08529e-08 7.32104e-08 5.58553e-08 3.74172e-08 2.28406e-08 1.30651e-08 7.12405e-09 3.70547e-09 1.81923e-09 
1.99592e-09 4.19448e-09 8.17076e-09 1.52517e-08 2.73322e-08 4.60551e-08 7.02733e-08 9.17745e-08 9.51861e-08 7.38863e-08 4.8137e-08 3.68629e-08 3.07654e-08 2.7281e-08 3.08961e-08 3.60266e-08 3.46445e-08 2.44733e-08 1.19493e-08 4.19875e-09 1.25412e-09 6.46152e-10 5.188e-10 4.80321e-10 5.41447e-10 6.4468e-10 7.60378e-10 9.05889e-10 1.16589e-09 1.84117e-09 3.84685e-09 8.94561e-09 1.83343e-08 2.83329e-08 3.13604e-08 2.75499e-08 2.5593e-08 2.76851e-08 3.29075e-08 4.52887e-08 6.22316e-08 7.33023e-08 7.12727e-08 5.8274e-08 4.15095e-08 2.66681e-08 1.58947e-08 8.96619e-09 4.82921e-09 2.444e-09 
2.81258e-09 5.66988e-09 1.07202e-08 1.95007e-08 3.37715e-08 5.41508e-08 7.69599e-08 9.11553e-08 8.37317e-08 5.91586e-08 4.08091e-08 3.27788e-08 2.68018e-08 2.60436e-08 3.01232e-08 3.16454e-08 2.61927e-08 1.5403e-08 6.111e-09 1.66232e-09 6.39635e-10 5.92339e-10 5.77942e-10 6.7584e-10 8.09291e-10 9.24022e-10 1.02552e-09 1.16589e-09 1.50014e-09 2.53105e-09 5.49482e-09 1.19192e-08 2.08653e-08 2.66562e-08 2.57165e-08 2.32052e-08 2.41821e-08 2.78357e-08 3.67588e-08 5.14706e-08 6.41544e-08 6.66119e-08 5.8099e-08 4.39548e-08 2.97948e-08 1.85897e-08 1.08974e-08 6.07953e-09 3.22352e-09 1.60781e-09 
1.84418e-09 3.86649e-09 7.44444e-09 1.36966e-08 2.4165e-08 4.01188e-08 6.06257e-08 7.94804e-08 8.48301e-08 6.9755e-08 4.77785e-08 3.54786e-08 2.8156e-08 2.35986e-08 2.47605e-08 2.70046e-08 2.49559e-08 1.75196e-08 8.3549e-09 2.44753e-09 5.18487e-10 6.01991e-10 6.46152e-10 8.33921e-10 1.05406e-09 1.21083e-09 1.30134e-09 1.36622e-09 1.50014e-09 1.96285e-09 3.50822e-09 7.478e-09 1.43141e-08 2.08842e-08 2.26718e-08 2.09416e-08 2.09303e-08 2.3461e-08 2.96101e-08 4.14494e-08 5.42382e-08 5.99798e-08 5.56343e-08 4.45662e-08 3.18512e-08 2.08475e-08 1.27477e-08 7.38437e-09 4.07355e-09 2.102e-09 
2.55933e-09 5.10623e-09 9.506e-09 1.69882e-08 2.88864e-08 4.55975e-08 6.43927e-08 7.73457e-08 7.44322e-08 5.64242e-08 3.96044e-08 3.03497e-08 2.36322e-08 2.10658e-08 2.22386e-08 2.1849e-08 1.74832e-08 1.0174e-08 3.69167e-09 5.41398e-10 4.86452e-10 6.39635e-10 1.01652e-09 1.41855e-09 1.68821e-09 1.81566e-09 1.84218e-09 1.84117e-09 1.96285e-09 2.61597e-09 4.7703e-09 9.36746e-09 1.5214e-08 1.86728e-08 1.8444e-08 1.80217e-08 1.96624e-08 2.37888e-08 3.26498e-08 4.43155e-08 5.20672e-08 5.13417e-08 4.34595e-08 3.26677e-08 2.24162e-08 1.4321e-08 8.63606e-09 4.95418e-09 2.69116e-09 1.36701e-09 
1.65052e-09 3.44417e-09 6.53066e-09 1.179e-08 2.03768e-08 3.31631e-08 4.9406e-08 6.47906e-08 7.11142e-08 6.23727e-08 4.54349e-08 3.31071e-08 2.5175e-08 1.97043e-08 1.83925e-08 1.82366e-08 1.57162e-08 1.06963e-08 5.04078e-09 1.29787e-09 3.08819e-10 5.18487e-10 1.25412e-09 1.97674e-09 2.47044e-09 2.71197e-09 2.74762e-09 2.65107e-09 2.53105e-09 2.61597e-09 3.49764e-09 6.14053e-09 1.05213e-08 1.4386e-08 1.55649e-08 1.5386e-08 1.63896e-08 1.91452e-08 2.53469e-08 3.50818e-08 4.35618e-08 4.56985e-08 4.09016e-08 3.22818e-08 2.31686e-08 1.54514e-08 9.7096e-09 5.79636e-09 3.28975e-09 1.73724e-09 
2.25328e-09 4.43652e-09 8.10179e-09 1.41642e-08 2.35455e-08 3.6442e-08 5.09447e-08 6.18233e-08 6.22013e-08 5.07714e-08 3.67697e-08 2.72618e-08 2.03226e-08 1.62511e-08 1.5037e-08 1.33219e-08 9.83115e-09 5.72713e-09 2.43125e-09 8.7046e-10 5.41398e-10 1.66232e-09 2.85084e-09 3.72675e-09 4.20723e-09 4.32803e-09 4.17221e-09 3.84685e-09 3.50822e-09 3.49764e-09 4.54963e-09 7.22994e-09 1.05349e-08 1.24792e-08 1.28864e-08 1.35826e-08 1.54733e-08 1.96027e-08 2.70664e-08 3.51617e-08 3.92071e-08 3.71914e-08 3.08476e-08 2.31159e-08 1.60523e-08 1.04979e-08 6.52173e-09 3.8592e-09 2.15541e-09 1.11643e-09 
1.43029e-09 2.96413e-09 5.51814e-09 9.74039e-09 1.64312e-08 2.6128e-08 3.82572e-08 5.00071e-08 5.6171e-08 5.22991e-08 4.07308e-08 2.96949e-08 2.18587e-08 1.602e-08 1.28922e-08 1.10999e-08 8.39436e-09 5.31425e-09 3.20163e-09 1.91547e-09 1.29787e-09 2.44753e-09 4.19875e-09 5.66579e-09 6.58342e-09 6.92321e-09 6.76679e-09 6.23889e-09 5.49482e-09 4.7703e-09 4.54963e-09 5.52691e-09 7.6393e-09 9.5811e-09 1.04707e-08 1.11515e-08 1.25485e-08 1.52776e-08 2.0571e-08 2.74906e-08 3.24227e-08 3.26484e-08 2.85434e-08 2.23504e-08 1.61286e-08 1.09449e-08 7.06255e-09 4.34957e-09 2.54609e-09 1.37882e-09 
1.91859e-09 3.71873e-09 6.64178e-09 1.13249e-08 1.83549e-08 2.77911e-08 3.83654e-08 4.68505e-08 4.89281e-08 4.27512e-08 3.24196e-08 2.36424e-08 1.70061e-08 1.22182e-08 9.47598e-09 7.11603e-09 4.38701e-09 2.94429e-09 2.69736e-09 2.43125e-09 3.69167e-09 6.111e-09 8.44912e-09 1.0114e-08 1.09134e-08 1.08816e-08 1.01628e-08 8.94561e-09 7.478e-09 6.14053e-09 5.52691e-09 6.06793e-09 7.28173e-09 8.25576e-09 9.01506e-09 1.01758e-08 1.20865e-08 1.56436e-08 2.10034e-08 2.59099e-08 2.76489e-08 2.55533e-08 2.0976e-08 1.57381e-08 1.10545e-08 7.38339e-09 4.71913e-09 2.88191e-09 1.65718e-09 8.74813e-10 
1.19947e-09 2.46394e-09 4.49258e-09 7.73399e-09 1.27062e-08 1.97091e-08 2.83238e-08 3.68185e-08 4.20985e-08 4.12018e-08 3.42926e-08 2.55704e-08 1.83913e-08 1.27744e-08 8.80842e-09 6.2076e-09 3.76747e-09 2.00687e-09 2.47946e-09 3.20163e-09 5.04078e-09 8.3549e-09 1.19493e-08 1.48389e-08 1.65237e-08 1.6891e-08 1.60685e-08 1.43042e-08 1.19192e-08 9.36746e-09 7.22994e-09 6.06793e-09 5.97994e-09 6.47076e-09 7.17542e-09 8.221e-09 9.71249e-09 1.20986e-08 1.59198e-08 2.01516e-08 2.26217e-08 2.21038e-08 1.90899e-08 1.49412e-08 1.08645e-08 7.48741e-09 4.94595e-09 3.13637e-09 1.89287e-09 1.05095e-09 
1.5792e-09 3.00736e-09 5.24227e-09 8.70233e-09 1.37358e-08 2.03329e-08 2.76956e-08 3.39409e-08 3.65178e-08 3.38242e-08 2.71415e-08 1.98859e-08 1.38865e-08 9.15223e-09 5.81787e-09 3.49918e-09 1.56435e-09 1.42637e-09 2.94429e-09 5.72713e-09 1.0174e-08 1.5403e-08 2.01368e-08 2.33937e-08 2.47118e-08 2.40851e-08 2.18019e-08 1.83343e-08 1.43141e-08 1.05213e-08 7.6393e-09 5.97994e-09 5.43538e-09 5.73485e-09 6.63679e-09 7.91118e-09 9.6172e-09 1.22074e-08 1.54602e-08 1.7985e-08 1.84838e-08 1.68148e-08 1.37847e-08 1.04105e-08 7.39991e-09 5.03239e-09 3.29666e-09 2.07222e-09 1.22497e-09 6.57342e-10 
9.73032e-10 1.97801e-09 3.52647e-09 5.91215e-09 9.45201e-09 1.43002e-08 2.01735e-08 2.60613e-08 3.02141e-08 3.08016e-08 2.72674e-08 2.12351e-08 1.51649e-08 1.00947e-08 6.12105e-09 3.39999e-09 1.71069e-09 7.91404e-10 2.00687e-09 5.31425e-09 1.06963e-08 1.75196e-08 2.44733e-08 3.00747e-08 3.32169e-08 3.34715e-08 3.1022e-08 2.65008e-08 2.08653e-08 1.5214e-08 1.05349e-08 7.28173e-09 5.43538e-09 4.90674e-09 5.46142e-09 6.55636e-09 7.88549e-09 9.64138e-09 1.19273e-08 1.40593e-08 1.50117e-08 1.43299e-08 1.2328e-08 9.71261e-09 7.1426e-09 4.99513e-09 3.36465e-09 2.18717e-09 1.35627e-09 7.69816e-10 
1.25627e-09 2.34742e-09 3.98919e-09 6.44353e-09 9.90689e-09 1.43491e-08 1.92975e-08 2.37062e-08 2.61388e-08 2.54487e-08 2.17078e-08 1.64188e-08 1.1277e-08 6.96862e-09 3.67734e-09 1.69158e-09 1.07614e-09 1.56435e-09 4.38701e-09 9.83115e-09 1.74832e-08 2.61927e-08 3.43067e-08 4.00384e-08 4.21687e-08 4.04096e-08 3.53672e-08 2.83329e-08 2.08842e-08 1.4386e-08 9.5811e-09 6.47076e-09 4.90674e-09 4.81389e-09 5.61983e-09 6.69095e-09 7.92629e-09 9.44463e-09 1.10011e-08 1.19645e-08 1.18578e-08 1.0675e-08 8.79594e-09 6.72335e-09 4.84806e-09 3.35118e-09 2.23983e-09 1.44189e-09 8.72453e-10 4.73734e-10 
7.63425e-10 1.53393e-09 2.67184e-09 4.36089e-09 6.7874e-09 1.00275e-08 1.3907e-08 1.78674e-08 2.09638e-08 2.21312e-08 2.07425e-08 1.71417e-08 1.2538e-08 8.12553e-09 4.45414e-09 1.78839e-09 9.35294e-10 1.71069e-09 3.76747e-09 8.39436e-09 1.57162e-08 2.49559e-08 3.46445e-08 4.27724e-08 4.73876e-08 4.7386e-08 4.29248e-08 3.53554e-08 2.66562e-08 1.86728e-08 1.24792e-08 8.25576e-09 5.73485e-09 4.81389e-09 5.13328e-09 5.927e-09 6.81325e-09 7.79097e-09 8.79381e-09 9.51215e-09 9.61482e-09 8.97356e-09 7.71764e-09 6.15053e-09 4.59438e-09 3.26546e-09 2.2375e-09 1.48346e-09 9.39897e-10 5.42566e-10 
9.6608e-10 1.77019e-09 2.93246e-09 4.6116e-09 6.91601e-09 9.82039e-09 1.3064e-08 1.60949e-08 1.81424e-08 1.84762e-08 1.67945e-08 1.34872e-08 9.4714e-09 5.6497e-09 2.53425e-09 6.9571e-10 1.69158e-09 3.49918e-09 7.11603e-09 1.33219e-08 2.1849e-08 3.16454e-08 4.09217e-08 4.7525e-08 4.97234e-08 4.69601e-08 4.01732e-08 3.13604e-08 2.26718e-08 1.55649e-08 1.04707e-08 7.17542e-09 5.46142e-09 5.13328e-09 5.55198e-09 6.14261e-09 6.73994e-09 7.30028e-09 7.69189e-09 7.75415e-09 7.3816e-09 6.57229e-09 5.45454e-09 4.23588e-09 3.10948e-09 2.18652e-09 1.48664e-09 9.74778e-10 6.00079e-10 3.27772e-10 
5.79502e-10 1.15008e-09 1.95736e-09 3.11256e-09 4.72339e-09 6.82931e-09 9.3347e-09 1.19506e-08 1.41931e-08 1.54795e-08 1.53308e-08 1.36109e-08 1.06535e-08 7.15758e-09 3.89485e-09 1.61192e-09 1.78839e-09 3.39999e-09 6.2076e-09 1.10999e-08 1.82366e-08 2.70046e-08 3.60266e-08 4.33977e-08 4.72367e-08 4.65291e-08 4.15943e-08 3.39744e-08 2.57165e-08 1.8444e-08 1.28864e-08 9.01506e-09 6.63679e-09 5.61983e-09 5.55198e-09 5.82688e-09 6.12313e-09 6.34726e-09 6.4341e-09 6.3357e-09 6.02359e-09 5.47029e-09 4.69443e-09 3.78848e-09 2.88333e-09 2.08877e-09 1.45622e-09 9.81379e-10 6.31663e-10 3.68541e-10 
7.18774e-10 1.29173e-09 2.08783e-09 3.20184e-09 4.69482e-09 6.55432e-09 8.64936e-09 1.07078e-08 1.23409e-08 1.31287e-08 1.27565e-08 1.11557e-08 8.58746e-09 5.63992e-09 3.19324e-09 2.53425e-09 3.67734e-09 5.81787e-09 9.47598e-09 1.5037e-08 2.22386e-08 3.01232e-08 3.71736e-08 4.17443e-08 4.26771e-08 3.99086e-08 3.43539e-08 2.75499e-08 2.09416e-08 1.5386e-08 1.11515e-08 8.221e-09 6.55636e-09 5.927e-09 5.82688e-09 5.83839e-09 5.78958e-09 5.62122e-09 5.33446e-09 4.96233e-09 4.50615e-09 3.94487e-09 3.28848e-09 2.59559e-09 1.94455e-09 1.39418e-09 9.63975e-10 6.41401e-10 3.99382e-10 2.18123e-10 
4.2601e-10 8.34958e-10 1.38989e-09 2.15707e-09 3.19946e-09 4.54122e-09 6.13837e-09 7.85505e-09 9.4621e-09 1.06662e-08 1.11712e-08 1.07621e-08 9.39653e-09 7.30069e-09 5.09176e-09 3.89485e-09 4.45414e-09 6.12105e-09 8.80842e-09 1.28922e-08 1.83925e-08 2.47605e-08 3.08961e-08 3.54988e-08 3.75389e-08 3.67064e-08 3.34424e-08 2.86102e-08 2.32052e-08 1.80217e-08 1.35826e-08 1.01758e-08 7.91118e-09 6.69095e-09 6.14261e-09 5.83839e-09 5.53305e-09 5.14255e-09 4.67796e-09 4.19784e-09 3.73535e-09 3.27417e-09 2.78507e-09 2.26842e-09 1.75895e-09 1.30139e-09 9.24755e-10 6.32979e-10 4.12253e-10 2.4174e-10 
5.18198e-10 9.14231e-10 1.44439e-09 2.16562e-09 3.1147e-09 4.29107e-09 5.63869e-09 7.03762e-09 8.31087e-09 9.24734e-09 9.64007e-09 9.33909e-09 8.32851e-09 6.85809e-09 5.63992e-09 5.6497e-09 6.96862e-09 9.15223e-09 1.22182e-08 1.62511e-08 2.10658e-08 2.60436e-08 3.0289e-08 3.29981e-08 3.37604e-08 3.257e-08 2.96865e-08 2.5593e-08 2.09303e-08 1.63896e-08 1.25485e-08 9.71249e-09 7.88549e-09 6.81325e-09 6.12313e-09 5.53305e-09 4.92175e-09 4.2882e-09 3.68937e-09 3.1694e-09 2.72683e-09 2.32579e-09 1.93354e-09 1.54553e-09 1.1813e-09 8.64982e-10 6.08975e-10 4.10682e-10 2.57632e-10 1.40005e-10 
3.03815e-10 5.88307e-10 9.59599e-10 1.45731e-09 2.11972e-09 2.96508e-09 3.98017e-09 5.11193e-09 6.26704e-09 7.31942e-09 8.12494e-09 8.54451e-09 8.48326e-09 7.96875e-09 7.30069e-09 7.15758e-09 8.12553e-09 1.00947e-08 1.27744e-08 1.602e-08 1.97043e-08 2.35986e-08 2.7281e-08 3.02491e-08 3.20954e-08 3.2502e-08 3.12099e-08 2.82782e-08 2.41821e-08 1.96624e-08 1.54733e-08 1.20865e-08 9.6172e-09 7.92629e-09 6.73994e-09 5.78958e-09 4.92175e-09 4.10771e-09 3.38503e-09 2.78776e-09 2.31774e-09 1.94405e-09 1.62298e-09 1.32439e-09 1.04238e-09 7.87281e-10 5.70952e-10 3.97267e-10 2.61426e-10 1.53507e-10 
3.6285e-10 6.29482e-10 9.747e-10 1.43361e-09 2.03058e-09 2.773e-09 3.64518e-09 4.60639e-09 5.59337e-09 6.5261e-09 7.31692e-09 7.8864e-09 8.1972e-09 8.32851e-09 8.58746e-09 9.4714e-09 1.1277e-08 1.38865e-08 1.70061e-08 2.03226e-08 2.36322e-08 2.68018e-08 2.96608e-08 3.19276e-08 3.3216e-08 3.30248e-08 3.10879e-08 2.76851e-08 2.3461e-08 1.91452e-08 1.52776e-08 1.20986e-08 9.64138e-09 7.79097e-09 6.34726e-09 5.14255e-09 4.10771e-09 3.24359e-09 2.55749e-09 2.03816e-09 1.65401e-09 1.36068e-09 1.1166e-09 8.9725e-10 6.97108e-10 5.21014e-10 3.73893e-10 2.55699e-10 1.61365e-10 8.70115e-11 
2.10713e-10 4.03497e-10 6.46572e-10 9.64149e-10 1.38089e-09 1.91241e-09 2.56193e-09 3.31848e-09 4.15836e-09 5.04842e-09 5.95086e-09 6.83035e-09 7.66684e-09 8.48326e-09 9.39653e-09 1.06535e-08 1.2538e-08 1.51649e-08 1.83913e-08 2.18587e-08 2.5175e-08 2.8156e-08 3.07654e-08 3.29256e-08 3.43988e-08 3.4797e-08 3.37548e-08 3.13094e-08 2.78357e-08 2.37888e-08 1.96027e-08 1.56436e-08 1.22074e-08 9.44463e-09 7.30028e-09 5.62122e-09 4.2882e-09 3.24359e-09 2.4501e-09 1.86808e-09 1.45317e-09 1.15835e-09 9.38623e-10 7.59446e-10 6.02389e-10 4.62807e-10 3.42363e-10 2.42374e-10 1.61218e-10 9.46796e-11 
2.47511e-10 4.23191e-10 6.44399e-10 9.33618e-10 1.30843e-09 1.78022e-09 2.35314e-09 3.02539e-09 3.79225e-09 4.65036e-09 5.60311e-09 6.66792e-09 7.8864e-09 9.33909e-09 1.11557e-08 1.34872e-08 1.64188e-08 1.98859e-08 2.36424e-08 2.72618e-08 3.03497e-08 3.27788e-08 3.45859e-08 3.58195e-08 3.64267e-08 3.62441e-08 3.51007e-08 3.29075e-08 2.96101e-08 2.53469e-08 2.0571e-08 1.59198e-08 1.19273e-08 8.79381e-09 6.4341e-09 4.67796e-09 3.38503e-09 2.4501e-09 1.78847e-09 1.32996e-09 1.01646e-09 7.99437e-10 6.40003e-10 5.11717e-10 4.01373e-10 3.05207e-10 2.2316e-10 1.54906e-10 9.83912e-11 5.26246e-11 
1.42574e-10 2.70362e-10 4.26981e-10 6.27744e-10 8.89491e-10 1.22597e-09 1.64784e-09 2.1638e-09 2.78368e-09 3.52296e-09 4.40867e-09 5.48683e-09 6.83035e-09 8.54451e-09 1.07621e-08 1.36109e-08 1.71417e-08 2.12351e-08 2.55704e-08 2.96949e-08 3.31071e-08 3.54786e-08 3.68629e-08 3.76272e-08 3.82338e-08 3.89147e-08 3.93849e-08 3.89167e-08 3.67588e-08 3.26498e-08 2.70664e-08 2.10034e-08 1.54602e-08 1.10011e-08 7.69189e-09 5.33446e-09 3.68937e-09 2.55749e-09 1.78847e-09 1.27205e-09 9.28631e-10 7.00618e-10 5.45405e-10 4.32313e-10 3.42155e-10 2.65701e-10 1.99921e-10 1.43978e-10 9.69088e-11 5.69733e-11 
1.65078e-10 2.7895e-10 4.19383e-10 6.01353e-10 8.38243e-10 1.14249e-09 1.52667e-09 2.00637e-09 2.60474e-09 3.35874e-09 4.32769e-09 5.60311e-09 7.31692e-09 9.64007e-09 1.27565e-08 1.67945e-08 2.17078e-08 2.71415e-08 3.24196e-08 3.67697e-08 3.96044e-08 4.08091e-08 4.1013e-08 4.13429e-08 4.26832e-08 4.47613e-08 4.61512e-08 4.52887e-08 4.14494e-08 3.50818e-08 2.74906e-08 2.01516e-08 1.40593e-08 9.51215e-09 6.3357e-09 4.19784e-09 2.78776e-09 1.86808e-09 1.27205e-09 8.87152e-10 6.38887e-10 4.77444e-10 3.68697e-10 2.89815e-10 2.2733e-10 1.74855e-10 1.29957e-10 9.15817e-11 5.86375e-11 3.11662e-11 
9.4466e-11 1.77713e-10 2.77642e-10 4.04313e-10 5.69738e-10 7.85785e-10 1.06545e-09 1.4252e-09 1.88914e-09 2.49516e-09 3.30361e-09 4.40867e-09 5.95086e-09 8.12494e-09 1.11712e-08 1.53308e-08 2.07425e-08 2.72674e-08 3.42926e-08 4.07308e-08 4.54349e-08 4.77785e-08 4.8137e-08 4.80563e-08 4.93072e-08 5.21793e-08 5.48981e-08 5.5098e-08 5.14706e-08 4.43155e-08 3.51617e-08 2.59099e-08 1.7985e-08 1.19645e-08 7.75415e-09 4.96233e-09 3.1694e-09 2.03816e-09 1.32996e-09 8.87152e-10 6.09574e-10 4.34585e-10 3.22468e-10 2.47427e-10 1.93105e-10 1.50239e-10 1.14391e-10 8.36572e-11 5.70229e-11 3.36377e-11 
1.08096e-10 1.81107e-10 2.70029e-10 3.85166e-10 5.36913e-10 7.37033e-10 1.00055e-09 1.34924e-09 1.81708e-09 2.4583e-09 3.35874e-09 4.65036e-09 6.5261e-09 9.24734e-09 1.31287e-08 1.84762e-08 2.54487e-08 3.38242e-08 4.27512e-08 5.07714e-08 5.64242e-08 5.91586e-08 5.98746e-08 6.06534e-08 6.28822e-08 6.5531e-08 6.59699e-08 6.22316e-08 5.42382e-08 4.35618e-08 3.24227e-08 2.26217e-08 1.50117e-08 9.61482e-09 6.02359e-09 3.73535e-09 2.31774e-09 1.45317e-09 9.28631e-10 6.09574e-10 4.14115e-10 2.93032e-10 2.16278e-10 1.65092e-10 1.28045e-10 9.88225e-11 7.43305e-11 5.31231e-11 3.4343e-11 1.82027e-11 
6.15479e-11 1.15112e-10 1.78629e-10 2.5893e-10 3.648e-10 5.06167e-10 6.9575e-10 9.51751e-10 1.30239e-09 1.79279e-09 2.49516e-09 3.52296e-09 5.04842e-09 7.31942e-09 1.06662e-08 1.54795e-08 2.21312e-08 3.08016e-08 4.12018e-08 5.22991e-08 6.23727e-08 6.9755e-08 7.38863e-08 7.57415e-08 7.70578e-08 7.825e-08 7.7637e-08 7.31282e-08 6.41544e-08 5.20672e-08 3.92071e-08 2.76489e-08 1.84838e-08 1.18578e-08 7.3816e-09 4.50615e-09 2.72683e-09 1.65401e-09 1.01646e-09 6.38887e-10 4.14115e-10 2.78884e-10 1.9625e-10 1.44276e-10 1.09672e-10 8.45783e-11 6.46966e-11 4.78764e-11 3.30424e-11 1.96122e-11 
6.98058e-11 1.16363e-10 1.72862e-10 2.46547e-10 3.45502e-10 4.80007e-10 6.64595e-10 9.21566e-10 1.28657e-09 1.81708e-09 2.60474e-09 3.79225e-09 5.59337e-09 8.31087e-09 1.23409e-08 1.81424e-08 2.61388e-08 3.65178e-08 4.89281e-08 6.22013e-08 7.44322e-08 8.37317e-08 8.92905e-08 9.16486e-08 9.17442e-08 8.93999e-08 8.34487e-08 7.33023e-08 5.99798e-08 4.56985e-08 3.26484e-08 2.21038e-08 1.43299e-08 8.97356e-09 5.47029e-09 3.27417e-09 1.94405e-09 1.15835e-09 7.00618e-10 4.34585e-10 2.78884e-10 1.86558e-10 1.30755e-10 9.58596e-11 7.26242e-11 5.56838e-11 4.212e-11 3.04489e-11 1.98946e-11 1.05627e-11 
3.96064e-11 7.38169e-11 1.14256e-10 1.65671e-10 2.34556e-10 3.28979e-10 4.60201e-10 6.45276e-10 9.11361e-10 1.30239e-09 1.88914e-09 2.78368e-09 4.15836e-09 6.26704e-09 9.4621e-09 1.41931e-08 2.09638e-08 3.02141e-08 4.20985e-08 5.6171e-08 7.11142e-08 8.48301e-08 9.51861e-08 1.01006e-07 1.02232e-07 9.92293e-08 9.20639e-08 8.08529e-08 6.66119e-08 5.13417e-08 3.71914e-08 2.55533e-08 1.68148e-08 1.0675e-08 6.57229e-09 3.94487e-09 2.32579e-09 1.36068e-09 7.99437e-10 4.77444e-10 2.93032e-10 1.86558e-10 1.24166e-10 8.67915e-11 6.3518e-11 4.79816e-11 3.6538e-11 2.72129e-11 1.89871e-11 1.13679e-11 
4.46595e-11 7.43322e-11 1.10523e-10 1.58393e-10 2.24178e-10 3.16427e-10 4.47897e-10 6.38737e-10 9.21566e-10 1.34924e-09 2.00637e-09 3.02539e-09 4.60639e-09 7.03762e-09 1.07078e-08 1.60949e-08 2.37062e-08 3.39409e-08 4.68505e-08 6.18233e-08 7.73457e-08 9.11553e-08 1.0097e-07 1.0535e-07 1.03918e-07 9.70945e-08 8.5749e-08 7.12727e-08 5.56343e-08 4.09016e-08 2.85434e-08 1.90899e-08 1.2328e-08 7.71764e-09 4.69443e-09 2.78507e-09 1.62298e-09 9.38623e-10 5.45405e-10 3.22468e-10 1.9625e-10 1.24166e-10 8.23382e-11 5.74687e-11 4.20207e-11 3.1645e-11 2.38733e-11 1.73795e-11 1.14743e-11 6.13189e-12 
2.52818e-11 4.70751e-11 7.29737e-11 1.06331e-10 1.51958e-10 2.16252e-10 3.08615e-10 4.43728e-10 6.45276e-10 9.51751e-10 1.4252e-09 2.1638e-09 3.31848e-09 5.11193e-09 7.85505e-09 1.19506e-08 1.78674e-08 2.60613e-08 3.68185e-08 5.00071e-08 6.47906e-08 7.94804e-08 9.17745e-08 9.94421e-08 1.01104e-07 9.65657e-08 8.67215e-08 7.32104e-08 5.8099e-08 4.34595e-08 3.08476e-08 2.0976e-08 1.37847e-08 8.79594e-09 5.45454e-09 3.28848e-09 1.93354e-09 1.1166e-09 6.40003e-10 3.68697e-10 2.16278e-10 1.30755e-10 8.23382e-11 5.44733e-11 3.80063e-11 2.77789e-11 2.08302e-11 1.54977e-11 1.08968e-11 6.59127e-12 
2.84286e-11 4.74083e-11 7.08499e-11 1.02457e-10 1.46989e-10 2.11306e-10 3.05966e-10 4.47897e-10 6.64595e-10 1.00055e-09 1.52667e-09 2.35314e-09 3.64518e-09 5.63869e-09 8.64936e-09 1.3064e-08 1.92975e-08 2.76956e-08 3.83654e-08 5.09447e-08 6.43927e-08 7.69599e-08 8.64964e-08 9.1102e-08 8.98192e-08 8.29175e-08 7.17451e-08 5.8274e-08 4.45662e-08 3.22818e-08 2.23504e-08 1.49412e-08 9.71261e-09 6.15053e-09 3.78848e-09 2.26842e-09 1.32439e-09 7.59446e-10 4.32313e-10 2.47427e-10 1.44276e-10 8.67915e-11 5.44733e-11 3.59989e-11 2.51314e-11 1.83582e-11 1.36705e-11 9.9572e-12 6.63096e-12 3.58289e-12 
1.60731e-11 2.99749e-11 4.67097e-11 6.86656e-11 9.9397e-11 1.43872e-10 2.09626e-10 3.08615e-10 4.60201e-10 6.9575e-10 1.06545e-09 1.64784e-09 2.56193e-09 3.98017e-09 6.13837e-09 9.3347e-09 1.3907e-08 2.01735e-08 2.83238e-08 3.82572e-08 4.9406e-08 6.06257e-08 7.02733e-08 7.65649e-08 7.81525e-08 7.46363e-08 6.66988e-08 5.58553e-08 4.39548e-08 3.26677e-08 2.31159e-08 1.57381e-08 1.04105e-08 6.72335e-09 4.23588e-09 2.59559e-09 1.54553e-09 8.9725e-10 5.11717e-10 2.89815e-10 1.65092e-10 9.58596e-11 5.74687e-11 3.59989e-11 2.37931e-11 1.66305e-11 1.21262e-11 8.92505e-12 6.28946e-12 3.84365e-12 
1.8074e-11 3.0294e-11 4.56676e-11 6.68572e-11 9.74561e-11 1.42811e-10 2.11306e-10 3.16427e-10 4.80007e-10 7.37033e-10 1.14249e-09 1.78022e-09 2.773e-09 4.29107e-09 6.55432e-09 9.82039e-09 1.43491e-08 2.03329e-08 2.77911e-08 3.6442e-08 4.55975e-08 5.41508e-08 6.07323e-08 6.4058e-08 6.33628e-08 5.87047e-08 5.09556e-08 4.15095e-08 3.18512e-08 2.31686e-08 1.61286e-08 1.08645e-08 7.1426e-09 4.59438e-09 2.88333e-09 1.75895e-09 1.04238e-09 6.02389e-10 3.42155e-10 1.93105e-10 1.09672e-10 6.3518e-11 3.80063e-11 2.37931e-11 1.57449e-11 1.10178e-11 7.99665e-12 5.77544e-12 3.86403e-12 2.11887e-12 
1.02113e-11 1.91196e-11 3.00459e-11 4.46957e-11 6.56842e-11 9.67926e-11 1.43872e-10 2.16252e-10 3.28979e-10 5.06167e-10 7.85785e-10 1.22597e-09 1.91241e-09 2.96508e-09 4.54122e-09 6.82931e-09 1.00275e-08 1.43002e-08 1.97091e-08 2.6128e-08 3.31631e-08 4.01188e-08 4.60551e-08 4.99684e-08 5.10658e-08 4.90402e-08 4.42071e-08 3.74172e-08 2.97948e-08 2.24162e-08 1.60523e-08 1.10545e-08 7.39991e-09 4.84806e-09 3.10948e-09 1.94455e-09 1.1813e-09 6.97108e-10 4.01373e-10 2.2733e-10 1.28045e-10 7.26242e-11 4.20207e-11 2.51314e-11 1.57449e-11 1.04401e-11 7.30601e-12 5.25482e-12 3.68082e-12 2.26845e-12 
1.15084e-11 1.94426e-11 2.96467e-11 4.40337e-11 6.52791e-11 9.74561e-11 1.46989e-10 2.24178e-10 3.45502e-10 5.36913e-10 8.38243e-10 1.30843e-09 2.03058e-09 3.1147e-09 4.69482e-09 6.91601e-09 9.90689e-09 1.37358e-08 1.83549e-08 2.35455e-08 2.88864e-08 3.37715e-08 3.74976e-08 3.94162e-08 3.9117e-08 3.6575e-08 3.21873e-08 2.66681e-08 2.08475e-08 1.54514e-08 1.09449e-08 7.48741e-09 4.99513e-09 3.26546e-09 2.08877e-09 1.30139e-09 7.87281e-10 4.62807e-10 2.65701e-10 1.50239e-10 8.45783e-11 4.79816e-11 2.77789e-11 1.66305e-11 1.04401e-11 6.93929e-12 4.8453e-12 3.42879e-12 2.28789e-12 1.27567e-12 
6.49489e-12 1.22397e-11 1.94468e-11 2.93316e-11 4.38005e-11 6.56842e-11 9.9397e-11 1.51958e-10 2.34556e-10 3.648e-10 5.69738e-10 8.89491e-10 1.38089e-09 2.11972e-09 3.19946e-09 4.72339e-09 6.7874e-09 9.45201e-09 1.27062e-08 1.64312e-08 2.03768e-08 2.4165e-08 2.73322e-08 2.94084e-08 3.00248e-08 2.90184e-08 2.64989e-08 2.28406e-08 1.85897e-08 1.4321e-08 1.04979e-08 7.38339e-09 5.03239e-09 3.35118e-09 2.18652e-09 1.39418e-09 8.64982e-10 5.21014e-10 3.05207e-10 1.74855e-10 9.88225e-11 5.56838e-11 3.1645e-11 1.83582e-11 1.10178e-11 6.93929e-12 4.62168e-12 3.20623e-12 2.20839e-12 1.36556e-12 
7.34528e-12 1.25379e-11 1.93741e-11 2.92153e-11 4.40337e-11 6.68572e-11 1.02457e-10 1.58393e-10 2.46547e-10 3.85166e-10 6.01353e-10 9.33618e-10 1.43361e-09 2.16562e-09 3.20184e-09 4.6116e-09 6.44353e-09 8.70233e-09 1.13249e-08 1.41642e-08 1.69882e-08 1.95007e-08 2.13834e-08 2.23539e-08 2.22303e-08 2.09855e-08 1.87712e-08 1.58947e-08 1.27477e-08 9.7096e-09 7.06255e-09 4.94595e-09 3.36465e-09 2.2375e-09 1.45622e-09 9.24755e-10 5.70952e-10 3.42363e-10 1.99921e-10 1.14391e-10 6.46966e-11 3.6538e-11 2.08302e-11 1.21262e-11 7.30601e-12 4.62168e-12 3.07948e-12 2.10954e-12 1.39132e-12 7.86574e-13 
4.13126e-12 7.85543e-12 1.2639e-11 1.9338e-11 2.93316e-11 4.46957e-11 6.86656e-11 1.06331e-10 1.65671e-10 2.5893e-10 4.04313e-10 6.27744e-10 9.64149e-10 1.45731e-09 2.15707e-09 3.11256e-09 4.36089e-09 5.91215e-09 7.73399e-09 9.74039e-09 1.179e-08 1.36966e-08 1.52517e-08 1.62564e-08 1.65579e-08 1.60845e-08 1.48715e-08 1.30651e-08 1.08974e-08 8.63606e-09 6.52173e-09 4.71913e-09 3.29666e-09 2.23983e-09 1.48664e-09 9.63975e-10 6.08975e-10 3.73893e-10 2.2316e-10 1.29957e-10 7.43305e-11 4.212e-11 2.38733e-11 1.36705e-11 7.99665e-12 4.8453e-12 3.07948e-12 2.04689e-12 1.37153e-12 8.4415e-13 
4.68229e-12 8.08865e-12 1.26627e-11 1.93741e-11 2.96467e-11 4.56676e-11 7.08499e-11 1.10523e-10 1.72862e-10 2.70029e-10 4.19383e-10 6.44399e-10 9.747e-10 1.44439e-09 2.08783e-09 2.93246e-09 3.98919e-09 5.24227e-09 6.64178e-09 8.10179e-09 9.506e-09 1.07202e-08 1.16102e-08 1.2062e-08 1.20027e-08 1.14189e-08 1.03663e-08 8.96619e-09 7.38437e-09 5.79636e-09 4.34957e-09 3.13637e-09 2.18717e-09 1.48346e-09 9.81379e-10 6.32979e-10 3.97267e-10 2.42374e-10 1.43978e-10 8.36572e-11 4.78764e-11 2.72129e-11 1.54977e-11 8.92505e-12 5.25482e-12 3.20623e-12 2.04689e-12 1.35079e-12 8.73295e-13 4.98334e-13 
2.60769e-12 5.01352e-12 8.15528e-12 1.2639e-11 1.94468e-11 3.00459e-11 4.67097e-11 7.29737e-11 1.14256e-10 1.78629e-10 2.77642e-10 4.26981e-10 6.46572e-10 9.59599e-10 1.38989e-09 1.95736e-09 2.67184e-09 3.52647e-09 4.49258e-09 5.51814e-09 6.53066e-09 7.44444e-09 8.17076e-09 8.62959e-09 8.76152e-09 8.53898e-09 7.97464e-09 7.12405e-09 6.07953e-09 4.95418e-09 3.8592e-09 2.88191e-09 2.07222e-09 1.44189e-09 9.74778e-10 6.41401e-10 4.10682e-10 2.55699e-10 1.54906e-10 9.15817e-11 5.31231e-11 3.04489e-11 1.73795e-11 9.9572e-12 5.77544e-12 3.42879e-12 2.10954e-12 1.35079e-12 8.80774e-13 5.38559e-13 
2.93933e-12 5.1169e-12 8.08865e-12 1.25379e-11 1.94426e-11 3.0294e-11 4.74083e-11 7.43322e-11 1.16363e-10 1.81107e-10 2.7895e-10 4.23191e-10 6.29482e-10 9.14231e-10 1.29173e-09 1.77019e-09 2.34742e-09 3.00736e-09 3.71873e-09 4.43652e-09 5.10623e-09 5.66988e-09 6.07293e-09 6.27122e-09 6.23763e-09 5.96763e-09 5.48258e-09 4.82921e-09 4.07355e-09 3.28975e-09 2.54609e-09 1.89287e-09 1.35627e-09 9.39897e-10 6.31663e-10 4.12253e-10 2.61426e-10 1.61218e-10 9.69088e-11 5.70229e-11 3.30424e-11 1.89871e-11 1.08968e-11 6.28946e-12 3.68082e-12 2.20839e-12 1.37153e-12 8.80774e-13 5.6162e-13 3.24463e-13 
1.59356e-12 3.07206e-12 5.01352e-12 7.85543e-12 1.22397e-11 1.91196e-11 2.99749e-11 4.70751e-11 7.38169e-11 1.15112e-10 1.77713e-10 2.70362e-10 4.03497e-10 5.88307e-10 8.34958e-10 1.15008e-09 1.53393e-09 1.97801e-09 2.46394e-09 2.96413e-09 3.44417e-09 3.86649e-09 4.19448e-09 4.39675e-09 4.45104e-09 4.34767e-09 4.09204e-09 3.70547e-09 3.22352e-09 2.69116e-09 2.15541e-09 1.65718e-09 1.22497e-09 8.72453e-10 6.00079e-10 3.99382e-10 2.57632e-10 1.61365e-10 9.83912e-11 5.86375e-11 3.4343e-11 1.98946e-11 1.14743e-11 6.63096e-12 3.86403e-12 2.28789e-12 1.39132e-12 8.73295e-13 5.6162e-13 3.47496e-13 
1.70567e-12 2.93933e-12 4.68229e-12 7.34528e-12 1.15084e-11 1.8074e-11 2.84286e-11 4.46595e-11 6.98058e-11 1.08096e-10 1.65078e-10 2.47511e-10 3.6285e-10 5.18198e-10 7.18774e-10 9.6608e-10 1.25627e-09 1.5792e-09 1.91859e-09 2.25328e-09 2.55933e-09 2.81258e-09 2.99126e-09 3.07836e-09 3.06384e-09 2.94627e-09 2.73381e-09 2.444e-09 2.102e-09 1.73724e-09 1.37882e-09 1.05095e-09 7.69816e-10 5.42566e-10 3.68541e-10 2.4174e-10 1.53507e-10 9.46796e-11 5.69733e-11 3.36377e-11 1.96122e-11 1.13679e-11 6.59127e-12 3.84365e-12 2.26845e-12 1.36556e-12 8.4415e-13 5.38559e-13 3.47496e-13 2.10822e-13 
8.4163e-13 1.59356e-12 2.60769e-12 4.13126e-12 6.49489e-12 1.02113e-11 1.60731e-11 2.52818e-11 3.96064e-11 6.15479e-11 9.4466e-11 1.42574e-10 2.10713e-10 3.03815e-10 4.2601e-10 5.79502e-10 7.63425e-10 9.73032e-10 1.19947e-09 1.43029e-09 1.65052e-09 1.84418e-09 1.99592e-09 2.09261e-09 2.12483e-09 2.0881e-09 1.98373e-09 1.81923e-09 1.60781e-09 1.36701e-09 1.11643e-09 8.74813e-10 6.57342e-10 4.73734e-10 3.27772e-10 2.18123e-10 1.40005e-10 8.70115e-11 5.26246e-11 3.11662e-11 1.82027e-11 1.05627e-11 6.13189e-12 3.58289e-12 2.11887e-12 1.27567e-12 7.86574e-13 4.98334e-13 3.24463e-13 2.10822e-13 
