1 101 51
4.42376e-13 7.64736e-13 1.21551e-12 1.9476e-12 3.21361e-12 5.46842e-12 9.53376e-12 1.68855e-11 3.00883e-11 5.33986e-11 9.34335e-11 1.59619e-10 2.63866e-10 4.18845e-10 6.345e-10 9.13415e-10 1.24673e-09 1.6129e-09 1.98065e-09 2.31537e-09 2.58633e-09 2.77174e-09 2.8606e-09 2.85182e-09 2.75222e-09 2.57448e-09 2.3354e-09 2.05425e-09 1.75129e-09 1.44609e-09 1.15595e-09 8.9439e-10 6.70171e-10 4.86977e-10 3.43939e-10 2.36829e-10 1.59563e-10 1.05594e-10 6.88954e-11 4.44803e-11 2.85144e-11 1.82096e-11 1.1619e-11 7.42564e-12 4.76004e-12 3.05665e-12 1.9554e-12 1.23282e-12 7.58233e-13 4.58665e-13 4.58665e-13 
4.42376e-13 1.03406e-12 1.7028e-12 2.70869e-12 4.40109e-12 7.37149e-12 1.26795e-11 2.22338e-11 3.94364e-11 7.0149e-11 1.2399e-10 2.15698e-10 3.65858e-10 5.9985e-10 9.43687e-10 1.41635e-09 2.02016e-09 2.73295e-09 3.50663e-09 4.27433e-09 4.96408e-09 5.51325e-09 5.87848e-09 6.03879e-09 5.99379e-09 5.75968e-09 5.36509e-09 4.84725e-09 4.24828e-09 3.61153e-09 2.97774e-09 2.38147e-09 1.84827e-09 1.39327e-09 1.02143e-09 7.29426e-10 5.0833e-10 3.46417e-10 2.31402e-10 1.51932e-10 9.8365e-11 6.30265e-11 4.01222e-11 2.5473e-11 1.61813e-11 1.03057e-11 6.57886e-12 4.18951e-12 2.63029e-12 1.54725e-12 4.58665e-13 
1.03406e-12 1.94807e-12 3.12491e-12 5.00221e-12 8.24314e-12 1.39778e-11 2.42171e-11 4.25804e-11 7.54653e-11 1.33809e-10 2.35381e-10 4.07107e-10 6.86186e-10 1.11792e-09 1.74812e-09 2.60942e-09 3.70413e-09 4.99049e-09 6.38003e-09 7.7505e-09 8.97066e-09 9.92689e-09 1.05415e-08 1.07787e-08 1.06418e-08 1.01656e-08 9.4082e-09 8.44272e-09 7.34956e-09 6.20835e-09 5.09052e-09 4.05327e-09 3.13583e-09 2.3589e-09 1.72675e-09 1.23125e-09 8.56285e-10 5.81846e-10 3.87205e-10 2.53123e-10 1.63145e-10 1.04103e-10 6.60487e-11 4.18345e-11 2.65401e-11 1.68977e-11 1.0786e-11 6.84531e-12 4.12894e-12 1.54725e-12 1.54725e-12 
7.64736e-13 1.94807e-12 3.29563e-12 5.22106e-12 8.4345e-12 1.40663e-11 2.40689e-11 4.19373e-11 7.39467e-11 1.31117e-10 2.32117e-10 4.06959e-10 7.0065e-10 1.17477e-09 1.90375e-09 2.96225e-09 4.40228e-09 6.2241e-09 8.35197e-09 1.06294e-08 1.28424e-08 1.47643e-08 1.62047e-08 1.70413e-08 1.72298e-08 1.67958e-08 1.58194e-08 1.44177e-08 1.27283e-08 1.08929e-08 9.04253e-09 7.28617e-09 5.70255e-09 4.33822e-09 3.21035e-09 2.31294e-09 1.62413e-09 1.11324e-09 7.46439e-10 4.90978e-10 3.1792e-10 2.03486e-10 1.29305e-10 8.19277e-11 5.19545e-11 3.30658e-11 2.11367e-11 1.3507e-11 8.38062e-12 4.12894e-12 7.58233e-13 
1.7028e-12 3.29563e-12 5.27861e-12 8.33905e-12 1.3593e-11 2.28779e-11 3.94231e-11 6.90472e-11 1.22178e-10 2.17016e-10 3.84104e-10 6.72018e-10 1.15286e-09 1.92454e-09 3.1048e-09 4.81102e-09 7.12257e-09 1.00311e-08 1.33988e-08 1.69507e-08 2.03196e-08 2.3129e-08 2.50798e-08 2.60034e-08 2.58706e-08 2.4771e-08 2.28789e-08 2.04185e-08 1.76311e-08 1.47465e-08 1.19591e-08 9.41361e-09 7.19929e-09 5.35447e-09 3.8767e-09 2.73538e-09 1.88375e-09 1.26867e-09 8.37803e-10 5.44325e-10 3.49314e-10 2.2239e-10 1.41082e-10 8.95442e-11 5.70385e-11 3.65229e-11 2.34553e-11 1.48424e-11 8.38062e-12 2.63029e-12 2.63029e-12 
1.21551e-12 3.12491e-12 5.27861e-12 8.22401e-12 1.30191e-11 2.13878e-11 3.62509e-11 6.28312e-11 1.106e-10 1.96496e-10 3.49894e-10 6.19621e-10 1.08251e-09 1.85154e-09 3.07922e-09 4.94847e-09 7.64042e-09 1.12716e-08 1.5809e-08 2.09987e-08 2.63607e-08 3.12766e-08 3.51441e-08 3.75246e-08 3.82212e-08 3.72774e-08 3.49235e-08 3.15077e-08 2.74294e-08 2.30807e-08 1.88013e-08 1.48482e-08 1.13846e-08 8.48576e-09 6.1565e-09 4.35322e-09 3.00459e-09 2.0282e-09 1.34243e-09 8.74034e-10 5.61944e-10 3.58317e-10 2.27615e-10 1.4465e-10 9.22791e-11 5.9216e-11 3.81928e-11 2.44993e-11 1.48424e-11 6.84531e-12 1.23282e-12 
2.70869e-12 5.22106e-12 8.22401e-12 1.26551e-11 2.01139e-11 3.32404e-11 5.66358e-11 9.8656e-11 1.74514e-10 3.11345e-10 5.55906e-10 9.8518e-10 1.71907e-09 2.93251e-09 4.8607e-09 7.7853e-09 1.19822e-08 1.76148e-08 2.45886e-08 3.24357e-08 4.03247e-08 4.72378e-08 5.22491e-08 5.47642e-08 5.46217e-08 5.20518e-08 4.75567e-08 4.1777e-08 3.53727e-08 2.89302e-08 2.29024e-08 1.75832e-08 1.31151e-08 9.51927e-09 6.73396e-09 4.65045e-09 3.14157e-09 2.08121e-09 1.35634e-09 8.72873e-10 5.57106e-10 3.54249e-10 2.25403e-10 1.44038e-10 9.26587e-11 6.0009e-11 3.88825e-11 2.44993e-11 1.3507e-11 4.18951e-12 4.18951e-12 
1.9476e-12 5.00221e-12 8.33905e-12 1.26551e-11 1.93904e-11 3.09332e-11 5.1327e-11 8.77968e-11 1.53606e-10 2.72957e-10 4.88902e-10 8.7513e-10 1.55186e-09 2.70464e-09 4.60237e-09 7.60588e-09 1.21464e-08 1.86383e-08 2.72955e-08 3.78845e-08 4.95484e-08 6.08689e-08 7.02152e-08 7.62283e-08 7.81903e-08 7.61247e-08 7.06562e-08 6.27644e-08 5.35392e-08 4.39875e-08 3.49057e-08 2.68225e-08 2.0006e-08 1.45139e-08 1.0261e-08 7.08244e-09 4.78271e-09 3.16781e-09 2.06439e-09 1.32865e-09 8.48201e-10 5.39605e-10 3.43649e-10 2.19944e-10 1.41846e-10 9.2235e-11 6.02474e-11 3.88825e-11 2.34553e-11 1.0786e-11 1.9554e-12 
4.40109e-12 8.4345e-12 1.30191e-11 1.93904e-11 2.96854e-11 4.74781e-11 7.89722e-11 1.35467e-10 2.3787e-10 4.24383e-10 7.62729e-10 1.36808e-09 2.42673e-09 4.22386e-09 7.17083e-09 1.18189e-08 1.88242e-08 2.87969e-08 4.19837e-08 5.78581e-08 7.48746e-08 9.06635e-08 1.02695e-07 1.09093e-07 1.09159e-07 1.03403e-07 9.31888e-08 8.02601e-08 6.63281e-08 5.27928e-08 4.06092e-08 3.0282e-08 2.1949e-08 1.54992e-08 1.06853e-08 7.20778e-09 4.76945e-09 3.10559e-09 1.99742e-09 1.27454e-09 8.10715e-10 5.16514e-10 3.30982e-10 2.13955e-10 1.39661e-10 9.18496e-11 6.02474e-11 3.81928e-11 2.11367e-11 6.57886e-12 6.57886e-12 
3.21361e-12 8.24314e-12 1.3593e-11 2.01139e-11 2.96854e-11 4.54588e-11 7.27904e-11 1.21203e-10 2.08288e-10 3.66773e-10 6.56456e-10 1.18299e-09 2.12491e-09 3.76875e-09 6.55007e-09 1.10948e-08 1.82409e-08 2.89761e-08 4.41727e-08 6.40402e-08 8.74692e-08 1.11732e-07 1.32975e-07 1.47437e-07 1.52747e-07 1.48591e-07 1.36502e-07 1.19095e-07 9.9213e-08 7.93068e-08 6.11062e-08 4.5566e-08 3.29959e-08 2.32684e-08 1.6018e-08 1.07894e-08 7.12967e-09 4.63636e-09 2.97833e-09 1.89846e-09 1.20671e-09 7.68695e-10 4.92946e-10 3.19278e-10 2.09151e-10 1.38375e-10 9.18496e-11 6.0009e-11 3.65229e-11 1.68977e-11 3.05665e-12 
7.37149e-12 1.40663e-11 2.13878e-11 3.09332e-11 4.54588e-11 6.96169e-11 1.11462e-10 1.85583e-10 3.19205e-10 5.6315e-10 1.01023e-09 1.8238e-09 3.27822e-09 5.81053e-09 1.0081e-08 1.70354e-08 2.79359e-08 4.42448e-08 6.71517e-08 9.66487e-08 1.30524e-07 1.64101e-07 1.91332e-07 2.06931e-07 2.0833e-07 1.96337e-07 1.74361e-07 1.46902e-07 1.18179e-07 9.13207e-08 6.81398e-08 4.93117e-08 3.47324e-08 2.38766e-08 1.60601e-08 1.05975e-08 6.88153e-09 4.41413e-09 2.80971e-09 1.78385e-09 1.13562e-09 7.28434e-10 4.7252e-10 3.10512e-10 2.06528e-10 1.38375e-10 9.2235e-11 5.9216e-11 3.30658e-11 1.03057e-11 1.03057e-11 
5.46842e-12 1.39778e-11 2.28779e-11 3.32404e-11 4.74781e-11 6.96169e-11 1.06543e-10 1.70383e-10 2.83398e-10 4.87419e-10 8.6068e-10 1.54587e-09 2.79312e-09 5.0198e-09 8.88591e-09 1.53822e-08 2.59224e-08 4.23803e-08 6.68625e-08 1.00872e-07 1.4379e-07 1.91434e-07 2.36072e-07 2.68653e-07 2.82338e-07 2.75185e-07 2.50398e-07 2.14392e-07 1.7414e-07 1.35226e-07 1.01086e-07 7.31612e-08 5.14938e-08 3.5364e-08 2.37618e-08 1.56623e-08 1.0158e-08 6.50691e-09 4.13574e-09 2.6221e-09 1.66764e-09 1.06953e-09 6.94552e-10 4.57672e-10 3.0586e-10 2.06528e-10 1.39661e-10 9.26587e-11 5.70385e-11 2.65401e-11 4.76004e-12 
1.26795e-11 2.40689e-11 3.62509e-11 5.1327e-11 7.27904e-11 1.06543e-10 1.62811e-10 2.59818e-10 4.31342e-10 7.41111e-10 1.30839e-09 2.35022e-09 4.24529e-09 7.62091e-09 1.34609e-08 2.32312e-08 3.90106e-08 6.35161e-08 9.96578e-08 1.49088e-07 2.09818e-07 2.74355e-07 3.30516e-07 3.65603e-07 3.71852e-07 3.49605e-07 3.06271e-07 2.52409e-07 1.97614e-07 1.48299e-07 1.0748e-07 7.5663e-08 5.19495e-08 3.48936e-08 2.29899e-08 1.49014e-08 9.53672e-09 6.05423e-09 3.8334e-09 2.43535e-09 1.56129e-09 1.01472e-09 6.70271e-10 4.49895e-10 3.0586e-10 2.09151e-10 1.41846e-10 9.22791e-11 5.19545e-11 1.61813e-11 1.61813e-11 
9.53376e-12 2.42171e-11 3.94231e-11 5.66358e-11 7.89722e-11 1.11462e-10 1.62811e-10 2.48204e-10 3.94926e-10 6.53838e-10 1.12108e-09 1.97644e-09 3.54601e-09 6.39525e-09 1.14527e-08 2.01597e-08 3.46427e-08 5.78822e-08 9.36783e-08 1.45792e-07 2.15527e-07 2.98227e-07 3.81274e-07 4.46653e-07 4.78117e-07 4.68791e-07 4.23892e-07 3.56974e-07 2.83211e-07 2.14093e-07 1.55731e-07 1.09821e-07 7.54757e-08 5.07345e-08 3.34486e-08 2.16889e-08 1.38802e-08 8.80683e-09 5.57121e-09 3.53609e-09 2.26603e-09 1.47377e-09 9.75718e-10 6.57634e-10 4.49895e-10 3.10512e-10 2.13955e-10 1.44038e-10 8.95442e-11 4.18345e-11 7.42564e-12 
2.22338e-11 4.19373e-11 6.28312e-11 8.77968e-11 1.21203e-10 1.70383e-10 2.48204e-10 3.77157e-10 5.97848e-10 9.86136e-10 1.68538e-09 2.96301e-09 5.30162e-09 9.53112e-09 1.69987e-08 2.97667e-08 5.08315e-08 8.43087e-08 1.35222e-07 2.07926e-07 3.02312e-07 4.09141e-07 5.08714e-07 5.76614e-07 5.94746e-07 5.60432e-07 4.86723e-07 3.94264e-07 3.01883e-07 2.21225e-07 1.56695e-07 1.08015e-07 7.27891e-08 4.80972e-08 3.12464e-08 2.00224e-08 1.27109e-08 8.03997e-09 5.10083e-09 3.26826e-09 2.12733e-09 1.41173e-09 9.55482e-10 6.57634e-10 4.57672e-10 3.19278e-10 2.19944e-10 1.4465e-10 8.19277e-11 2.5473e-11 2.5473e-11 
1.68855e-11 4.25804e-11 6.90472e-11 9.8656e-11 1.35467e-10 1.85583e-10 2.59818e-10 3.77157e-10 5.70751e-10 9.00501e-10 1.47822e-09 2.51467e-09 4.40113e-09 7.83833e-09 1.40172e-08 2.48405e-08 4.31631e-08 7.30324e-08 1.19812e-07 1.89577e-07 2.86424e-07 4.07028e-07 5.35362e-07 6.43559e-07 7.02335e-07 6.95732e-07 6.29352e-07 5.25662e-07 4.11059e-07 3.05367e-07 2.18225e-07 1.51392e-07 1.02555e-07 6.80818e-08 4.4409e-08 2.8548e-08 1.81623e-08 1.1501e-08 7.29993e-09 4.67933e-09 3.04955e-09 2.0292e-09 1.37959e-09 9.55482e-10 6.70271e-10 4.7252e-10 3.30982e-10 2.25403e-10 1.41082e-10 6.60487e-11 1.1619e-11 
3.94364e-11 7.39467e-11 1.106e-10 1.53606e-10 2.08288e-10 2.83398e-10 3.94926e-10 5.70751e-10 8.59357e-10 1.34808e-09 2.19929e-09 3.71732e-09 6.46278e-09 1.1428e-08 2.02716e-08 3.55829e-08 6.11308e-08 1.02046e-07 1.64708e-07 2.55434e-07 3.7636e-07 5.18675e-07 6.58216e-07 7.60481e-07 7.9611e-07 7.56696e-07 6.58471e-07 5.31548e-07 4.04071e-07 2.93486e-07 2.06053e-07 1.40937e-07 9.43445e-08 6.19852e-08 4.00837e-08 2.56146e-08 1.62679e-08 1.03442e-08 6.64013e-09 4.33597e-09 2.89498e-09 1.9784e-09 1.37959e-09 9.75718e-10 6.94552e-10 4.92946e-10 3.43649e-10 2.27615e-10 1.29305e-10 4.01222e-11 4.01222e-11 
3.00883e-11 7.54653e-11 1.22178e-10 1.74514e-10 2.3787e-10 3.19205e-10 4.31342e-10 5.97848e-10 8.59357e-10 1.28597e-09 2.00304e-09 3.24185e-09 5.43181e-09 9.35408e-09 1.63678e-08 2.86894e-08 4.96624e-08 8.39242e-08 1.37359e-07 2.16475e-07 3.26108e-07 4.64116e-07 6.14711e-07 7.47223e-07 8.26142e-07 8.28899e-07 7.58064e-07 6.38525e-07 5.02598e-07 3.75102e-07 2.68931e-07 1.87063e-07 1.26999e-07 8.44421e-08 5.51466e-08 3.55113e-08 2.2678e-08 1.44746e-08 9.31817e-09 6.10381e-09 4.09348e-09 2.81497e-09 1.9784e-09 1.41173e-09 1.01472e-09 7.28434e-10 5.16514e-10 3.54249e-10 2.2239e-10 1.04103e-10 1.82096e-11 
7.0149e-11 1.31117e-10 1.96496e-10 2.72957e-10 3.66773e-10 4.87419e-10 6.53838e-10 9.00501e-10 1.28597e-09 1.90995e-09 2.9487e-09 4.72332e-09 7.82116e-09 1.32905e-08 2.29085e-08 3.94701e-08 6.69726e-08 1.10531e-07 1.75838e-07 2.67782e-07 3.87383e-07 5.26672e-07 6.64541e-07 7.69904e-07 8.1404e-07 7.85479e-07 6.96153e-07 5.73457e-07 4.45458e-07 3.30402e-07 2.36358e-07 1.64227e-07 1.11308e-07 7.38365e-08 4.81334e-08 3.10203e-08 1.99286e-08 1.28927e-08 8.48584e-09 5.72515e-09 3.96794e-09 2.81497e-09 2.0292e-09 1.47377e-09 1.06953e-09 7.68695e-10 5.39605e-10 3.58317e-10 2.03486e-10 6.30265e-11 6.30265e-11 
5.33986e-11 1.33809e-10 2.17016e-10 3.11345e-10 4.24383e-10 5.6315e-10 7.41111e-10 9.86136e-10 1.34808e-09 1.90995e-09 2.81043e-09 4.2904e-09 6.78042e-09 1.10501e-08 1.84339e-08 3.11081e-08 5.23099e-08 8.62871e-08 1.37729e-07 2.10519e-07 3.05788e-07 4.19342e-07 5.39076e-07 6.44576e-07 7.11887e-07 7.23121e-07 6.76404e-07 5.8726e-07 4.79298e-07 3.72772e-07 2.78494e-07 2.0078e-07 1.40253e-07 9.5314e-08 6.33188e-08 4.13904e-08 2.68669e-08 1.75175e-08 1.16119e-08 7.89812e-09 5.52903e-09 3.96794e-09 2.89498e-09 2.12733e-09 1.56129e-09 1.13562e-09 8.10715e-10 5.57106e-10 3.49314e-10 1.63145e-10 2.85144e-11 
1.2399e-10 2.32117e-10 3.49894e-10 4.88902e-10 6.56456e-10 8.6068e-10 1.12108e-09 1.47822e-09 2.00304e-09 2.81043e-09 4.0873e-09 6.15004e-09 9.54832e-09 1.52308e-08 2.47711e-08 4.05884e-08 6.59784e-08 1.04659e-07 1.59579e-07 2.31178e-07 3.15927e-07 4.06209e-07 4.91262e-07 5.57731e-07 5.91417e-07 5.82899e-07 5.34379e-07 4.60067e-07 3.7752e-07 2.98391e-07 2.27083e-07 1.66102e-07 1.17109e-07 8.00411e-08 5.34498e-08 3.52406e-08 2.32479e-08 1.55685e-08 1.07069e-08 7.59344e-09 5.52903e-09 4.09348e-09 3.04955e-09 2.26603e-09 1.66764e-09 1.20671e-09 8.48201e-10 5.61944e-10 3.1792e-10 9.8365e-11 9.8365e-11 
9.34335e-11 2.35381e-10 3.84104e-10 5.55906e-10 7.62729e-10 1.01023e-09 1.30839e-09 1.68538e-09 2.19929e-09 2.9487e-09 4.0873e-09 5.85572e-09 8.64643e-09 1.31122e-08 2.03205e-08 3.19248e-08 5.02422e-08 7.79985e-08 1.17448e-07 1.68832e-07 2.28965e-07 2.91621e-07 3.50307e-07 4.00268e-07 4.36354e-07 4.5074e-07 4.36611e-07 3.96352e-07 3.42322e-07 2.86112e-07 2.32141e-07 1.80946e-07 1.34633e-07 9.59538e-08 6.61109e-08 4.45925e-08 2.9919e-08 2.03256e-08 1.41893e-08 1.0237e-08 7.59344e-09 5.72515e-09 4.33597e-09 3.26826e-09 2.43535e-09 1.78385e-09 1.27454e-09 8.72873e-10 5.44325e-10 2.53123e-10 4.44803e-11 
2.15698e-10 4.06959e-10 6.19621e-10 8.7513e-10 1.18299e-09 1.54587e-09 1.97644e-09 2.51467e-09 3.24185e-09 4.2904e-09 5.85572e-09 8.22718e-09 1.18507e-08 1.74194e-08 2.59734e-08 3.89571e-08 5.81134e-08 8.50179e-08 1.20106e-07 1.61365e-07 2.03998e-07 2.42573e-07 2.74619e-07 3.01413e-07 3.22443e-07 3.30286e-07 3.17199e-07 2.86469e-07 2.49477e-07 2.13318e-07 1.77929e-07 1.41968e-07 1.07311e-07 7.72986e-08 5.38418e-08 3.69839e-08 2.56219e-08 1.82513e-08 1.34713e-08 1.0237e-08 7.89812e-09 6.10381e-09 4.67933e-09 3.53609e-09 2.6221e-09 1.89846e-09 1.32865e-09 8.74034e-10 4.90978e-10 1.51932e-10 1.51932e-10 
1.59619e-10 4.07107e-10 6.72018e-10 9.8518e-10 1.36808e-09 1.8238e-09 2.35022e-09 2.96301e-09 3.71732e-09 4.72332e-09 6.15004e-09 8.22718e-09 1.12664e-08 1.57059e-08 2.21547e-08 3.14037e-08 4.43721e-08 6.19458e-08 8.46325e-08 1.11823e-07 1.40991e-07 1.68191e-07 1.90438e-07 2.08672e-07 2.26904e-07 2.4374e-07 2.48868e-07 2.35419e-07 2.09476e-07 1.82558e-07 1.58951e-07 1.3562e-07 1.10129e-07 8.41918e-08 6.12392e-08 4.33841e-08 3.08272e-08 2.25538e-08 1.71665e-08 1.34713e-08 1.07069e-08 8.48584e-09 6.64013e-09 5.10083e-09 3.8334e-09 2.80971e-09 1.99742e-09 1.35634e-09 8.37803e-10 3.87205e-10 6.88954e-11 
3.65858e-10 7.0065e-10 1.08251e-09 1.55186e-09 2.12491e-09 2.79312e-09 3.54601e-09 4.40113e-09 5.43181e-09 6.78042e-09 8.64643e-09 1.12664e-08 1.49146e-08 1.99159e-08 2.66365e-08 3.54466e-08 4.67093e-08 6.08254e-08 7.80432e-08 9.79224e-08 1.18846e-07 1.3852e-07 1.55597e-07 1.71819e-07 1.89436e-07 2.03226e-07 2.02392e-07 1.84117e-07 1.58038e-07 1.36086e-07 1.19681e-07 1.03389e-07 8.45557e-08 6.48816e-08 4.76766e-08 3.48749e-08 2.63838e-08 2.09368e-08 1.71665e-08 1.41893e-08 1.16119e-08 9.31817e-09 7.29993e-09 5.57121e-09 4.13574e-09 2.97833e-09 2.06439e-09 1.34243e-09 7.46439e-10 2.31402e-10 2.31402e-10 
2.63866e-10 6.86186e-10 1.15286e-09 1.71907e-09 2.42673e-09 3.27822e-09 4.24529e-09 5.30162e-09 6.46278e-09 7.82116e-09 9.54832e-09 1.18507e-08 1.49146e-08 1.88837e-08 2.38565e-08 2.98956e-08 3.71126e-08 4.58773e-08 5.68273e-08 7.06427e-08 8.75677e-08 1.06909e-07 1.26917e-07 1.46088e-07 1.64635e-07 1.81281e-07 1.88599e-07 1.78609e-07 1.53331e-07 1.25235e-07 1.05415e-07 9.22327e-08 7.9266e-08 6.41644e-08 4.88382e-08 3.65373e-08 2.86114e-08 2.40086e-08 2.09368e-08 1.82513e-08 1.55685e-08 1.28927e-08 1.03442e-08 8.03997e-09 6.05423e-09 4.41413e-09 3.10559e-09 2.08121e-09 1.26867e-09 5.81846e-10 1.05594e-10 
5.9985e-10 1.17477e-09 1.85154e-09 2.70464e-09 3.76875e-09 5.0198e-09 6.39525e-09 7.83833e-09 9.35408e-09 1.10501e-08 1.31122e-08 1.57059e-08 1.88837e-08 2.25732e-08 2.6654e-08 3.1162e-08 3.65983e-08 4.39128e-08 5.42785e-08 6.87516e-08 8.77701e-08 1.10411e-07 1.34372e-07 1.57493e-07 1.77991e-07 1.91515e-07 1.90352e-07 1.70493e-07 1.3837e-07 1.07719e-07 8.73449e-08 7.4017e-08 6.15824e-08 4.79453e-08 3.56064e-08 2.80576e-08 2.5172e-08 2.40086e-08 2.25538e-08 2.03256e-08 1.75175e-08 1.44746e-08 1.1501e-08 8.80683e-09 6.50691e-09 4.63636e-09 3.16781e-09 2.0282e-09 1.11324e-09 3.46417e-10 3.46417e-10 
4.18845e-10 1.11792e-09 1.92454e-09 2.93251e-09 4.22386e-09 5.81053e-09 7.62091e-09 9.53112e-09 1.1428e-08 1.32905e-08 1.52308e-08 1.74194e-08 1.99159e-08 2.25732e-08 2.51461e-08 2.76189e-08 3.06408e-08 3.54765e-08 4.36304e-08 5.64536e-08 7.4829e-08 9.87561e-08 1.26789e-07 1.56363e-07 1.84372e-07 2.06159e-07 2.14687e-07 2.03453e-07 1.73326e-07 1.34703e-07 1.00825e-07 7.79106e-08 6.25221e-08 4.8967e-08 3.51433e-08 2.51522e-08 2.31511e-08 2.5172e-08 2.63838e-08 2.56219e-08 2.32479e-08 1.99286e-08 1.62679e-08 1.27109e-08 9.53672e-09 6.88153e-09 4.76945e-09 3.14157e-09 1.88375e-09 8.56285e-10 1.59563e-10 
9.43687e-10 1.90375e-09 3.07922e-09 4.60237e-09 6.55007e-09 8.88591e-09 1.14527e-08 1.40172e-08 1.63678e-08 1.84339e-08 2.03205e-08 2.21547e-08 2.38565e-08 2.51461e-08 2.59344e-08 2.68885e-08 2.94547e-08 3.5426e-08 4.63502e-08 6.33161e-08 8.69449e-08 1.17112e-07 1.52364e-07 1.89486e-07 2.22699e-07 2.43456e-07 2.43458e-07 2.19692e-07 1.78972e-07 1.34374e-07 9.75357e-08 7.22905e-08 5.53171e-08 4.03442e-08 2.55268e-08 1.8608e-08 2.31511e-08 2.86114e-08 3.08272e-08 2.9919e-08 2.68669e-08 2.2678e-08 1.81623e-08 1.38802e-08 1.0158e-08 7.12967e-09 4.78271e-09 3.00459e-09 1.62413e-09 5.0833e-10 5.0833e-10 
6.345e-10 1.74812e-09 3.1048e-09 4.8607e-09 7.17083e-09 1.0081e-08 1.34609e-08 1.69987e-08 2.02716e-08 2.29085e-08 2.47711e-08 2.59734e-08 2.66365e-08 2.6654e-08 2.59344e-08 2.50247e-08 2.52928e-08 2.8675e-08 3.7015e-08 5.14574e-08 7.29923e-08 1.02478e-07 1.4014e-07 1.84155e-07 2.28788e-07 2.63995e-07 2.78393e-07 2.65495e-07 2.28289e-07 1.78625e-07 1.30271e-07 9.23615e-08 6.71994e-08 5.06878e-08 3.49587e-08 1.98695e-08 1.8608e-08 2.80576e-08 3.48749e-08 3.69839e-08 3.52406e-08 3.10203e-08 2.56146e-08 2.00224e-08 1.49014e-08 1.05975e-08 7.20778e-09 4.65045e-09 2.73538e-09 1.23125e-09 2.36829e-10 
1.41635e-09 2.96225e-09 4.94847e-09 7.60588e-09 1.10948e-08 1.53822e-08 2.01597e-08 2.48405e-08 2.86894e-08 3.11081e-08 3.19248e-08 3.14037e-08 2.98956e-08 2.76189e-08 2.50247e-08 2.31043e-08 2.36115e-08 2.8714e-08 3.9771e-08 5.76409e-08 8.37406e-08 1.19473e-07 1.6495e-07 2.16179e-07 2.63383e-07 2.93438e-07 2.95735e-07 2.68901e-07 2.21469e-07 1.6749e-07 1.19204e-07 8.34134e-08 6.19662e-08 4.77594e-08 3.23547e-08 1.98695e-08 2.51522e-08 3.65373e-08 4.33841e-08 4.45925e-08 4.13904e-08 3.55113e-08 2.8548e-08 2.16889e-08 1.56623e-08 1.07894e-08 7.08244e-09 4.35322e-09 2.31294e-09 7.29426e-10 7.29426e-10 
9.13415e-10 2.60942e-09 4.81102e-09 7.7853e-09 1.18189e-08 1.70354e-08 2.32312e-08 2.97667e-08 3.55829e-08 3.94701e-08 4.05884e-08 3.89571e-08 3.54466e-08 3.1162e-08 2.68885e-08 2.31043e-08 2.08212e-08 2.22728e-08 2.93836e-08 4.28091e-08 6.36842e-08 9.40821e-08 1.35228e-07 1.85301e-07 2.3677e-07 2.77562e-07 2.95617e-07 2.8486e-07 2.48624e-07 1.97894e-07 1.45699e-07 1.01537e-07 7.2233e-08 5.73698e-08 4.62482e-08 3.23547e-08 2.55268e-08 3.56064e-08 4.76766e-08 5.38418e-08 5.34498e-08 4.81334e-08 4.00837e-08 3.12464e-08 2.29899e-08 1.60601e-08 1.06853e-08 6.73396e-09 3.8767e-09 1.72675e-09 3.43939e-10 
2.02016e-09 4.40228e-09 7.64042e-09 1.21464e-08 1.82409e-08 2.59224e-08 3.46427e-08 4.31631e-08 4.96624e-08 5.23099e-08 5.02422e-08 4.43721e-08 3.71126e-08 3.06408e-08 2.52928e-08 2.08212e-08 1.86177e-08 2.13703e-08 3.01022e-08 4.52194e-08 6.85018e-08 1.01781e-07 1.44257e-07 1.91056e-07 2.33186e-07 2.60531e-07 2.65617e-07 2.466e-07 2.08701e-07 1.62083e-07 1.1656e-07 8.10013e-08 6.17664e-08 5.45337e-08 4.62482e-08 3.49587e-08 3.51433e-08 4.88382e-08 6.12392e-08 6.61109e-08 6.33188e-08 5.51466e-08 4.4409e-08 3.34486e-08 2.37618e-08 1.6018e-08 1.0261e-08 6.1565e-09 3.21035e-09 1.02143e-09 1.02143e-09 
1.24673e-09 3.70413e-09 7.12257e-09 1.19822e-08 1.88242e-08 2.79359e-08 3.90106e-08 5.08315e-08 6.11308e-08 6.69726e-08 6.59784e-08 5.81134e-08 4.67093e-08 3.65983e-08 2.94547e-08 2.36115e-08 1.86177e-08 1.67688e-08 2.06043e-08 3.01668e-08 4.62936e-08 7.05884e-08 1.02844e-07 1.39674e-07 1.75287e-07 2.02864e-07 2.16561e-07 2.1288e-07 1.9212e-07 1.59126e-07 1.21262e-07 8.62327e-08 6.22089e-08 5.50977e-08 5.45337e-08 4.77594e-08 4.03442e-08 4.79453e-08 6.48816e-08 7.72986e-08 8.00411e-08 7.38365e-08 6.19852e-08 4.80972e-08 3.48936e-08 2.38766e-08 1.54992e-08 9.51927e-09 5.35447e-09 2.3589e-09 4.86977e-10 
2.73295e-09 6.2241e-09 1.12716e-08 1.86383e-08 2.89761e-08 4.23803e-08 5.78822e-08 7.30324e-08 8.39242e-08 8.62871e-08 7.79985e-08 6.19458e-08 4.58773e-08 3.54765e-08 2.8675e-08 2.22728e-08 1.67688e-08 1.52113e-08 1.94404e-08 2.91724e-08 4.53088e-08 6.76237e-08 9.38003e-08 1.20046e-07 1.42303e-07 1.56914e-07 1.61113e-07 1.53649e-07 1.35634e-07 1.10683e-07 8.38212e-08 6.01482e-08 4.99575e-08 5.50977e-08 5.73698e-08 5.06878e-08 4.8967e-08 6.41644e-08 8.41918e-08 9.59538e-08 9.5314e-08 8.44421e-08 6.80818e-08 5.07345e-08 3.5364e-08 2.32684e-08 1.45139e-08 8.48576e-09 4.33822e-09 1.39327e-09 1.39327e-09 
1.6129e-09 4.99049e-09 1.00311e-08 1.76148e-08 2.87969e-08 4.42448e-08 6.35161e-08 8.43087e-08 1.02046e-07 1.10531e-07 1.04659e-07 8.50179e-08 6.08254e-08 4.39128e-08 3.5426e-08 2.8714e-08 2.13703e-08 1.52113e-08 1.35596e-08 1.76351e-08 2.70036e-08 4.12883e-08 5.85258e-08 7.63068e-08 9.21685e-08 1.03994e-07 1.10031e-07 1.09149e-07 1.01321e-07 8.80165e-08 7.18802e-08 5.48257e-08 4.32333e-08 4.99575e-08 6.17664e-08 6.19662e-08 5.53171e-08 6.15824e-08 8.45557e-08 1.07311e-07 1.17109e-07 1.11308e-07 9.43445e-08 7.27891e-08 5.19495e-08 3.47324e-08 2.1949e-08 1.31151e-08 7.19929e-09 3.13583e-09 6.70171e-10 
3.50663e-09 8.35197e-09 1.5809e-08 2.72955e-08 4.41727e-08 6.68625e-08 9.36783e-08 1.19812e-07 1.37359e-07 1.37729e-07 1.17448e-07 8.46325e-08 5.68273e-08 4.36304e-08 3.7015e-08 2.93836e-08 2.06043e-08 1.35596e-08 1.16229e-08 1.53707e-08 2.35004e-08 3.42619e-08 4.56691e-08 5.62633e-08 6.47635e-08 7.01056e-08 7.15053e-08 6.87399e-08 6.25228e-08 5.45103e-08 4.56134e-08 3.74056e-08 4.32333e-08 6.22089e-08 7.2233e-08 6.71994e-08 6.25221e-08 7.9266e-08 1.10129e-07 1.34633e-07 1.40253e-07 1.26999e-07 1.02555e-07 7.54757e-08 5.14938e-08 3.29959e-08 2.0006e-08 1.13846e-08 5.70255e-09 1.84827e-09 1.84827e-09 
1.98065e-09 6.38003e-09 1.33988e-08 2.45886e-08 4.19837e-08 6.71517e-08 9.96578e-08 1.35222e-07 1.64708e-07 1.75838e-07 1.59579e-07 1.20106e-07 7.80432e-08 5.42785e-08 4.63502e-08 3.9771e-08 3.01022e-08 1.94404e-08 1.16229e-08 9.62885e-09 1.2832e-08 1.89373e-08 2.60456e-08 3.28808e-08 3.8684e-08 4.27928e-08 4.47032e-08 4.41893e-08 4.15844e-08 3.80506e-08 3.47717e-08 3.19939e-08 3.74056e-08 6.01482e-08 8.10013e-08 8.34134e-08 7.22905e-08 7.4017e-08 1.03389e-07 1.41968e-07 1.66102e-07 1.64227e-07 1.40937e-07 1.08015e-07 7.5663e-08 4.93117e-08 3.0282e-08 1.75832e-08 9.41361e-09 4.05327e-09 8.9439e-10 
4.27433e-09 1.06294e-08 2.09987e-08 3.78845e-08 6.40402e-08 1.00872e-07 1.45792e-07 1.89577e-07 2.16475e-07 2.10519e-07 1.68832e-07 1.11823e-07 7.06427e-08 5.64536e-08 5.14574e-08 4.28091e-08 3.01668e-08 1.76351e-08 9.62885e-09 7.81441e-09 1.02023e-08 1.42977e-08 1.86594e-08 2.25483e-08 2.55586e-08 2.73818e-08 2.78631e-08 2.71353e-08 2.59085e-08 2.53738e-08 2.62087e-08 3.19939e-08 5.48257e-08 8.62327e-08 1.01537e-07 9.23615e-08 7.79106e-08 9.22327e-08 1.3562e-07 1.80946e-07 2.0078e-07 1.87063e-07 1.51392e-07 1.09821e-07 7.31612e-08 4.5566e-08 2.68225e-08 1.48482e-08 7.28617e-09 2.38147e-09 2.38147e-09 
2.31537e-09 7.7505e-09 1.69507e-08 3.24357e-08 5.78581e-08 9.66487e-08 1.49088e-07 2.07926e-07 2.55434e-07 2.67782e-07 2.31178e-07 1.61365e-07 9.79224e-08 6.87516e-08 6.33161e-08 5.76409e-08 4.52194e-08 2.91724e-08 1.53707e-08 7.81441e-09 6.2545e-09 7.86136e-09 1.04591e-08 1.30652e-08 1.52497e-08 1.68235e-08 1.77125e-08 1.79929e-08 1.80532e-08 1.87141e-08 2.07716e-08 2.62087e-08 4.56134e-08 8.38212e-08 1.1656e-07 1.19204e-07 9.75357e-08 8.73449e-08 1.19681e-07 1.77929e-07 2.27083e-07 2.36358e-07 2.06053e-07 1.56695e-07 1.0748e-07 6.81398e-08 4.06092e-08 2.29024e-08 1.19591e-08 5.09052e-09 1.15595e-09 
4.96408e-09 1.28424e-08 2.63607e-08 4.95484e-08 8.74692e-08 1.4379e-07 2.15527e-07 2.86424e-07 3.26108e-07 3.05788e-07 2.28965e-07 1.40991e-07 8.75677e-08 7.4829e-08 7.29923e-08 6.36842e-08 4.62936e-08 2.70036e-08 1.2832e-08 6.2545e-09 5.04962e-09 6.09854e-09 7.7304e-09 9.30928e-09 1.0613e-08 1.16111e-08 1.23791e-08 1.31364e-08 1.43293e-08 1.64912e-08 2.07716e-08 3.47717e-08 7.18802e-08 1.21262e-07 1.45699e-07 1.30271e-07 1.00825e-07 1.05415e-07 1.58951e-07 2.32141e-07 2.78494e-07 2.68931e-07 2.18225e-07 1.55731e-07 1.01086e-07 6.11062e-08 3.49057e-08 1.88013e-08 9.04253e-09 2.97774e-09 2.97774e-09 
2.58633e-09 8.97066e-09 2.03196e-08 4.03247e-08 7.48746e-08 1.30524e-07 2.09818e-07 3.02312e-07 3.7636e-07 3.87383e-07 3.15927e-07 2.03998e-07 1.18846e-07 8.77701e-08 8.69449e-08 8.37406e-08 6.85018e-08 4.53088e-08 2.35004e-08 1.02023e-08 5.04962e-09 4.24862e-09 4.94853e-09 5.99491e-09 7.01952e-09 7.95584e-09 8.87286e-09 9.91211e-09 1.12983e-08 1.33035e-08 1.64912e-08 2.53738e-08 5.45103e-08 1.10683e-07 1.62083e-07 1.6749e-07 1.34374e-07 1.07719e-07 1.36086e-07 2.13318e-07 2.98391e-07 3.30402e-07 2.93486e-07 2.21225e-07 1.48299e-07 9.13207e-08 5.27928e-08 2.89302e-08 1.47465e-08 6.20835e-09 1.44609e-09 
5.51325e-09 1.47643e-08 3.12766e-08 6.08689e-08 1.11732e-07 1.91434e-07 2.98227e-07 4.07028e-07 4.64116e-07 4.19342e-07 2.91621e-07 1.68191e-07 1.06909e-07 9.87561e-08 1.02478e-07 9.40821e-08 7.05884e-08 4.12883e-08 1.89373e-08 7.86136e-09 4.24862e-09 3.78492e-09 4.25473e-09 4.95137e-09 5.71126e-09 6.5658e-09 7.61563e-09 8.98521e-09 1.08044e-08 1.33035e-08 1.87141e-08 3.80506e-08 8.80165e-08 1.59126e-07 1.97894e-07 1.78625e-07 1.34703e-07 1.25235e-07 1.82558e-07 2.86112e-07 3.72772e-07 3.75102e-07 3.05367e-07 2.14093e-07 1.35226e-07 7.93068e-08 4.39875e-08 2.30807e-08 1.08929e-08 3.61153e-09 3.61153e-09 
2.77174e-09 9.92689e-09 2.3129e-08 4.72378e-08 9.06635e-08 1.64101e-07 2.74355e-07 4.09141e-07 5.18675e-07 5.26672e-07 4.06209e-07 2.42573e-07 1.3852e-07 1.10411e-07 1.17112e-07 1.19473e-07 1.01781e-07 6.76237e-08 3.42619e-08 1.42977e-08 6.09854e-09 3.78492e-09 3.51017e-09 3.80017e-09 4.29343e-09 4.96079e-09 5.86871e-09 7.09622e-09 8.71184e-09 1.08044e-08 1.43293e-08 2.59085e-08 6.25228e-08 1.35634e-07 2.08701e-07 2.21469e-07 1.78972e-07 1.3837e-07 1.58038e-07 2.49477e-07 3.7752e-07 4.45458e-07 4.04071e-07 3.01883e-07 1.97614e-07 1.18179e-07 6.63281e-08 3.53727e-08 1.76311e-08 7.34956e-09 1.75129e-09 
5.87848e-09 1.62047e-08 3.51441e-08 7.02152e-08 1.32975e-07 2.36072e-07 3.81274e-07 5.35362e-07 6.14711e-07 5.39076e-07 3.50307e-07 1.90438e-07 1.26917e-07 1.26789e-07 1.4014e-07 1.35228e-07 1.02844e-07 5.85258e-08 2.60456e-08 1.04591e-08 4.94853e-09 3.51017e-09 3.27536e-09 3.42105e-09 3.81858e-09 4.50228e-09 5.52175e-09 6.9125e-09 8.71184e-09 1.12983e-08 1.80532e-08 4.15844e-08 1.01321e-07 1.9212e-07 2.48624e-07 2.28289e-07 1.73326e-07 1.53331e-07 2.09476e-07 3.42322e-07 4.79298e-07 5.02598e-07 4.11059e-07 2.83211e-07 1.7414e-07 9.9213e-08 5.35392e-08 2.74294e-08 1.27283e-08 4.24828e-09 4.24828e-09 
2.8606e-09 1.05415e-08 2.50798e-08 5.22491e-08 1.02695e-07 1.91332e-07 3.30516e-07 5.08714e-07 6.58216e-07 6.64541e-07 4.91262e-07 2.74619e-07 1.55597e-07 1.34372e-07 1.52364e-07 1.6495e-07 1.44257e-07 9.38003e-08 4.56691e-08 1.86594e-08 7.7304e-09 4.25473e-09 3.27536e-09 2.99226e-09 3.04709e-09 3.44519e-09 4.21945e-09 5.3732e-09 6.9125e-09 8.98521e-09 1.31364e-08 2.71353e-08 6.87399e-08 1.53649e-07 2.466e-07 2.68901e-07 2.19692e-07 1.70493e-07 1.84117e-07 2.86469e-07 4.60067e-07 5.73457e-07 5.31548e-07 3.94264e-07 2.52409e-07 1.46902e-07 8.02601e-08 4.1777e-08 2.04185e-08 8.44272e-09 2.05425e-09 
6.03879e-09 1.70413e-08 3.75246e-08 7.62283e-08 1.47437e-07 2.68653e-07 4.46653e-07 6.43559e-07 7.47223e-07 6.44576e-07 4.00268e-07 2.08672e-07 1.46088e-07 1.56363e-07 1.84155e-07 1.85301e-07 1.39674e-07 7.63068e-08 3.28808e-08 1.30652e-08 5.99491e-09 3.80017e-09 2.99226e-09 2.64389e-09 2.6849e-09 3.1707e-09 4.07988e-09 5.3732e-09 7.09622e-09 9.91211e-09 1.79929e-08 4.41893e-08 1.09149e-07 2.1288e-07 2.8486e-07 2.65495e-07 2.03453e-07 1.78609e-07 2.35419e-07 3.96352e-07 5.8726e-07 6.38525e-07 5.25662e-07 3.56974e-07 2.14392e-07 1.19095e-07 6.27644e-08 3.15077e-08 1.44177e-08 4.84725e-09 4.84725e-09 
2.85182e-09 1.07787e-08 2.60034e-08 5.47642e-08 1.09093e-07 2.06931e-07 3.65603e-07 5.76614e-07 7.60481e-07 7.69904e-07 5.57731e-07 3.01413e-07 1.71819e-07 1.57493e-07 1.89486e-07 2.16179e-07 1.91056e-07 1.20046e-07 5.62633e-08 2.25483e-08 9.30928e-09 4.95137e-09 3.42105e-09 2.64389e-09 2.2674e-09 2.3852e-09 3.02237e-09 4.07988e-09 5.52175e-09 7.61563e-09 1.23791e-08 2.78631e-08 7.15053e-08 1.61113e-07 2.65617e-07 2.95735e-07 2.43458e-07 1.90352e-07 2.02392e-07 3.17199e-07 5.34379e-07 6.96153e-07 6.58471e-07 4.86723e-07 3.06271e-07 1.74361e-07 9.31888e-08 4.75567e-08 2.28789e-08 9.4082e-09 2.3354e-09 
5.99379e-09 1.72298e-08 3.82212e-08 7.81903e-08 1.52747e-07 2.82338e-07 4.78117e-07 7.02335e-07 8.26142e-07 7.11887e-07 4.36354e-07 2.26904e-07 1.64635e-07 1.84372e-07 2.28788e-07 2.3677e-07 1.75287e-07 9.21685e-08 3.8684e-08 1.52497e-08 7.01952e-09 4.29343e-09 3.04709e-09 2.2674e-09 1.93379e-09 2.21222e-09 3.02237e-09 4.21945e-09 5.86871e-09 8.87286e-09 1.77125e-08 4.47032e-08 1.10031e-07 2.16561e-07 2.95617e-07 2.78393e-07 2.14687e-07 1.88599e-07 2.48868e-07 4.36611e-07 6.76404e-07 7.58064e-07 6.29352e-07 4.23892e-07 2.50398e-07 1.36502e-07 7.06562e-08 3.49235e-08 1.58194e-08 5.36509e-09 5.36509e-09 
2.75222e-09 1.06418e-08 2.58706e-08 5.46217e-08 1.09159e-07 2.0833e-07 3.71852e-07 5.94746e-07 7.9611e-07 8.1404e-07 5.91417e-07 3.22443e-07 1.89436e-07 1.77991e-07 2.22699e-07 2.63383e-07 2.33186e-07 1.42303e-07 6.47635e-08 2.55586e-08 1.0613e-08 5.71126e-09 3.81858e-09 2.6849e-09 1.93379e-09 1.73113e-09 2.21222e-09 3.1707e-09 4.50228e-09 6.5658e-09 1.16111e-08 2.73818e-08 7.01056e-08 1.56914e-07 2.60531e-07 2.93438e-07 2.43456e-07 1.91515e-07 2.03226e-07 3.30286e-07 5.82899e-07 7.85479e-07 7.56696e-07 5.60432e-07 3.49605e-07 1.96337e-07 1.03403e-07 5.20518e-08 2.4771e-08 1.01656e-08 2.57448e-09 
5.75968e-09 1.67958e-08 3.72774e-08 7.61247e-08 1.48591e-07 2.75185e-07 4.68791e-07 6.95732e-07 8.28899e-07 7.23121e-07 4.5074e-07 2.4374e-07 1.81281e-07 2.06159e-07 2.63995e-07 2.77562e-07 2.02864e-07 1.03994e-07 4.27928e-08 1.68235e-08 7.95584e-09 4.96079e-09 3.44519e-09 2.3852e-09 1.73113e-09 1.73113e-09 2.3852e-09 3.44519e-09 4.96079e-09 7.95584e-09 1.68235e-08 4.27928e-08 1.03994e-07 2.02864e-07 2.77562e-07 2.63995e-07 2.06159e-07 1.81281e-07 2.4374e-07 4.5074e-07 7.23121e-07 8.28899e-07 6.95732e-07 4.68791e-07 2.75185e-07 1.48591e-07 7.61247e-08 3.72774e-08 1.67958e-08 5.75968e-09 5.75968e-09 
2.57448e-09 1.01656e-08 2.4771e-08 5.20518e-08 1.03403e-07 1.96337e-07 3.49605e-07 5.60432e-07 7.56696e-07 7.85479e-07 5.82899e-07 3.30286e-07 2.03226e-07 1.91515e-07 2.43456e-07 2.93438e-07 2.60531e-07 1.56914e-07 7.01056e-08 2.73818e-08 1.16111e-08 6.5658e-09 4.50228e-09 3.1707e-09 2.21222e-09 1.73113e-09 1.93379e-09 2.6849e-09 3.81858e-09 5.71126e-09 1.0613e-08 2.55586e-08 6.47635e-08 1.42303e-07 2.33186e-07 2.63383e-07 2.22699e-07 1.77991e-07 1.89436e-07 3.22443e-07 5.91417e-07 8.1404e-07 7.9611e-07 5.94746e-07 3.71852e-07 2.0833e-07 1.09159e-07 5.46217e-08 2.58706e-08 1.06418e-08 2.75222e-09 
5.36509e-09 1.58194e-08 3.49235e-08 7.06562e-08 1.36502e-07 2.50398e-07 4.23892e-07 6.29352e-07 7.58064e-07 6.76404e-07 4.36611e-07 2.48868e-07 1.88599e-07 2.14687e-07 2.78393e-07 2.95617e-07 2.16561e-07 1.10031e-07 4.47032e-08 1.77125e-08 8.87286e-09 5.86871e-09 4.21945e-09 3.02237e-09 2.21222e-09 1.93379e-09 2.2674e-09 3.04709e-09 4.29343e-09 7.01952e-09 1.52497e-08 3.8684e-08 9.21685e-08 1.75287e-07 2.3677e-07 2.28788e-07 1.84372e-07 1.64635e-07 2.26904e-07 4.36354e-07 7.11887e-07 8.26142e-07 7.02335e-07 4.78117e-07 2.82338e-07 1.52747e-07 7.81903e-08 3.82212e-08 1.72298e-08 5.99379e-09 5.99379e-09 
2.3354e-09 9.4082e-09 2.28789e-08 4.75567e-08 9.31888e-08 1.74361e-07 3.06271e-07 4.86723e-07 6.58471e-07 6.96153e-07 5.34379e-07 3.17199e-07 2.02392e-07 1.90352e-07 2.43458e-07 2.95735e-07 2.65617e-07 1.61113e-07 7.15053e-08 2.78631e-08 1.23791e-08 7.61563e-09 5.52175e-09 4.07988e-09 3.02237e-09 2.3852e-09 2.2674e-09 2.64389e-09 3.42105e-09 4.95137e-09 9.30928e-09 2.25483e-08 5.62633e-08 1.20046e-07 1.91056e-07 2.16179e-07 1.89486e-07 1.57493e-07 1.71819e-07 3.01413e-07 5.57731e-07 7.69904e-07 7.60481e-07 5.76614e-07 3.65603e-07 2.06931e-07 1.09093e-07 5.47642e-08 2.60034e-08 1.07787e-08 2.85182e-09 
4.84725e-09 1.44177e-08 3.15077e-08 6.27644e-08 1.19095e-07 2.14392e-07 3.56974e-07 5.25662e-07 6.38525e-07 5.8726e-07 3.96352e-07 2.35419e-07 1.78609e-07 2.03453e-07 2.65495e-07 2.8486e-07 2.1288e-07 1.09149e-07 4.41893e-08 1.79929e-08 9.91211e-09 7.09622e-09 5.3732e-09 4.07988e-09 3.1707e-09 2.6849e-09 2.64389e-09 2.99226e-09 3.80017e-09 5.99491e-09 1.30652e-08 3.28808e-08 7.63068e-08 1.39674e-07 1.85301e-07 1.84155e-07 1.56363e-07 1.46088e-07 2.08672e-07 4.00268e-07 6.44576e-07 7.47223e-07 6.43559e-07 4.46653e-07 2.68653e-07 1.47437e-07 7.62283e-08 3.75246e-08 1.70413e-08 6.03879e-09 6.03879e-09 
2.05425e-09 8.44272e-09 2.04185e-08 4.1777e-08 8.02601e-08 1.46902e-07 2.52409e-07 3.94264e-07 5.31548e-07 5.73457e-07 4.60067e-07 2.86469e-07 1.84117e-07 1.70493e-07 2.19692e-07 2.68901e-07 2.466e-07 1.53649e-07 6.87399e-08 2.71353e-08 1.31364e-08 8.98521e-09 6.9125e-09 5.3732e-09 4.21945e-09 3.44519e-09 3.04709e-09 2.99226e-09 3.27536e-09 4.25473e-09 7.7304e-09 1.86594e-08 4.56691e-08 9.38003e-08 1.44257e-07 1.6495e-07 1.52364e-07 1.34372e-07 1.55597e-07 2.74619e-07 4.91262e-07 6.64541e-07 6.58216e-07 5.08714e-07 3.30516e-07 1.91332e-07 1.02695e-07 5.22491e-08 2.50798e-08 1.05415e-08 2.8606e-09 
4.24828e-09 1.27283e-08 2.74294e-08 5.35392e-08 9.9213e-08 1.7414e-07 2.83211e-07 4.11059e-07 5.02598e-07 4.79298e-07 3.42322e-07 2.09476e-07 1.53331e-07 1.73326e-07 2.28289e-07 2.48624e-07 1.9212e-07 1.01321e-07 4.15844e-08 1.80532e-08 1.12983e-08 8.71184e-09 6.9125e-09 5.52175e-09 4.50228e-09 3.81858e-09 3.42105e-09 3.27536e-09 3.51017e-09 4.94853e-09 1.04591e-08 2.60456e-08 5.85258e-08 1.02844e-07 1.35228e-07 1.4014e-07 1.26789e-07 1.26917e-07 1.90438e-07 3.50307e-07 5.39076e-07 6.14711e-07 5.35362e-07 3.81274e-07 2.36072e-07 1.32975e-07 7.02152e-08 3.51441e-08 1.62047e-08 5.87848e-09 5.87848e-09 
1.75129e-09 7.34956e-09 1.76311e-08 3.53727e-08 6.63281e-08 1.18179e-07 1.97614e-07 3.01883e-07 4.04071e-07 4.45458e-07 3.7752e-07 2.49477e-07 1.58038e-07 1.3837e-07 1.78972e-07 2.21469e-07 2.08701e-07 1.35634e-07 6.25228e-08 2.59085e-08 1.43293e-08 1.08044e-08 8.71184e-09 7.09622e-09 5.86871e-09 4.96079e-09 4.29343e-09 3.80017e-09 3.51017e-09 3.78492e-09 6.09854e-09 1.42977e-08 3.42619e-08 6.76237e-08 1.01781e-07 1.19473e-07 1.17112e-07 1.10411e-07 1.3852e-07 2.42573e-07 4.06209e-07 5.26672e-07 5.18675e-07 4.09141e-07 2.74355e-07 1.64101e-07 9.06635e-08 4.72378e-08 2.3129e-08 9.92689e-09 2.77174e-09 
3.61153e-09 1.08929e-08 2.30807e-08 4.39875e-08 7.93068e-08 1.35226e-07 2.14093e-07 3.05367e-07 3.75102e-07 3.72772e-07 2.86112e-07 1.82558e-07 1.25235e-07 1.34703e-07 1.78625e-07 1.97894e-07 1.59126e-07 8.80165e-08 3.80506e-08 1.87141e-08 1.33035e-08 1.08044e-08 8.98521e-09 7.61563e-09 6.5658e-09 5.71126e-09 4.95137e-09 4.25473e-09 3.78492e-09 4.24862e-09 7.86136e-09 1.89373e-08 4.12883e-08 7.05884e-08 9.40821e-08 1.02478e-07 9.87561e-08 1.06909e-07 1.68191e-07 2.91621e-07 4.19342e-07 4.64116e-07 4.07028e-07 2.98227e-07 1.91434e-07 1.11732e-07 6.08689e-08 3.12766e-08 1.47643e-08 5.51325e-09 5.51325e-09 
1.44609e-09 6.20835e-09 1.47465e-08 2.89302e-08 5.27928e-08 9.13207e-08 1.48299e-07 2.21225e-07 2.93486e-07 3.30402e-07 2.98391e-07 2.13318e-07 1.36086e-07 1.07719e-07 1.34374e-07 1.6749e-07 1.62083e-07 1.10683e-07 5.45103e-08 2.53738e-08 1.64912e-08 1.33035e-08 1.12983e-08 9.91211e-09 8.87286e-09 7.95584e-09 7.01952e-09 5.99491e-09 4.94853e-09 4.24862e-09 5.04962e-09 1.02023e-08 2.35004e-08 4.53088e-08 6.85018e-08 8.37406e-08 8.69449e-08 8.77701e-08 1.18846e-07 2.03998e-07 3.15927e-07 3.87383e-07 3.7636e-07 3.02312e-07 2.09818e-07 1.30524e-07 7.48746e-08 4.03247e-08 2.03196e-08 8.97066e-09 2.58633e-09 
2.97774e-09 9.04253e-09 1.88013e-08 3.49057e-08 6.11062e-08 1.01086e-07 1.55731e-07 2.18225e-07 2.68931e-07 2.78494e-07 2.32141e-07 1.58951e-07 1.05415e-07 1.00825e-07 1.30271e-07 1.45699e-07 1.21262e-07 7.18802e-08 3.47717e-08 2.07716e-08 1.64912e-08 1.43293e-08 1.31364e-08 1.23791e-08 1.16111e-08 1.0613e-08 9.30928e-09 7.7304e-09 6.09854e-09 5.04962e-09 6.2545e-09 1.2832e-08 2.70036e-08 4.62936e-08 6.36842e-08 7.29923e-08 7.4829e-08 8.75677e-08 1.40991e-07 2.28965e-07 3.05788e-07 3.26108e-07 2.86424e-07 2.15527e-07 1.4379e-07 8.74692e-08 4.95484e-08 2.63607e-08 1.28424e-08 4.96408e-09 4.96408e-09 
1.15595e-09 5.09052e-09 1.19591e-08 2.29024e-08 4.06092e-08 6.81398e-08 1.0748e-07 1.56695e-07 2.06053e-07 2.36358e-07 2.27083e-07 1.77929e-07 1.19681e-07 8.73449e-08 9.75357e-08 1.19204e-07 1.1656e-07 8.38212e-08 4.56134e-08 2.62087e-08 2.07716e-08 1.87141e-08 1.80532e-08 1.79929e-08 1.77125e-08 1.68235e-08 1.52497e-08 1.30652e-08 1.04591e-08 7.86136e-09 6.2545e-09 7.81441e-09 1.53707e-08 2.91724e-08 4.52194e-08 5.76409e-08 6.33161e-08 6.87516e-08 9.79224e-08 1.61365e-07 2.31178e-07 2.67782e-07 2.55434e-07 2.07926e-07 1.49088e-07 9.66487e-08 5.78581e-08 3.24357e-08 1.69507e-08 7.7505e-09 2.31537e-09 
2.38147e-09 7.28617e-09 1.48482e-08 2.68225e-08 4.5566e-08 7.31612e-08 1.09821e-07 1.51392e-07 1.87063e-07 2.0078e-07 1.80946e-07 1.3562e-07 9.22327e-08 7.79106e-08 9.23615e-08 1.01537e-07 8.62327e-08 5.48257e-08 3.19939e-08 2.62087e-08 2.53738e-08 2.59085e-08 2.71353e-08 2.78631e-08 2.73818e-08 2.55586e-08 2.25483e-08 1.86594e-08 1.42977e-08 1.02023e-08 7.81441e-09 9.62885e-09 1.76351e-08 3.01668e-08 4.28091e-08 5.14574e-08 5.64536e-08 7.06427e-08 1.11823e-07 1.68832e-07 2.10519e-07 2.16475e-07 1.89577e-07 1.45792e-07 1.00872e-07 6.40402e-08 3.78845e-08 2.09987e-08 1.06294e-08 4.27433e-09 4.27433e-09 
8.9439e-10 4.05327e-09 9.41361e-09 1.75832e-08 3.0282e-08 4.93117e-08 7.5663e-08 1.08015e-07 1.40937e-07 1.64227e-07 1.66102e-07 1.41968e-07 1.03389e-07 7.4017e-08 7.22905e-08 8.34134e-08 8.10013e-08 6.01482e-08 3.74056e-08 3.19939e-08 3.47717e-08 3.80506e-08 4.15844e-08 4.41893e-08 4.47032e-08 4.27928e-08 3.8684e-08 3.28808e-08 2.60456e-08 1.89373e-08 1.2832e-08 9.62885e-09 1.16229e-08 1.94404e-08 3.01022e-08 3.9771e-08 4.63502e-08 5.42785e-08 7.80432e-08 1.20106e-07 1.59579e-07 1.75838e-07 1.64708e-07 1.35222e-07 9.96578e-08 6.71517e-08 4.19837e-08 2.45886e-08 1.33988e-08 6.38003e-09 1.98065e-09 
1.84827e-09 5.70255e-09 1.13846e-08 2.0006e-08 3.29959e-08 5.14938e-08 7.54757e-08 1.02555e-07 1.26999e-07 1.40253e-07 1.34633e-07 1.10129e-07 7.9266e-08 6.25221e-08 6.71994e-08 7.2233e-08 6.22089e-08 4.32333e-08 3.74056e-08 4.56134e-08 5.45103e-08 6.25228e-08 6.87399e-08 7.15053e-08 7.01056e-08 6.47635e-08 5.62633e-08 4.56691e-08 3.42619e-08 2.35004e-08 1.53707e-08 1.16229e-08 1.35596e-08 2.06043e-08 2.93836e-08 3.7015e-08 4.36304e-08 5.68273e-08 8.46325e-08 1.17448e-07 1.37729e-07 1.37359e-07 1.19812e-07 9.36783e-08 6.68625e-08 4.41727e-08 2.72955e-08 1.5809e-08 8.35197e-09 3.50663e-09 3.50663e-09 
6.70171e-10 3.13583e-09 7.19929e-09 1.31151e-08 2.1949e-08 3.47324e-08 5.19495e-08 7.27891e-08 9.43445e-08 1.11308e-07 1.17109e-07 1.07311e-07 8.45557e-08 6.15824e-08 5.53171e-08 6.19662e-08 6.17664e-08 4.99575e-08 4.32333e-08 5.48257e-08 7.18802e-08 8.80165e-08 1.01321e-07 1.09149e-07 1.10031e-07 1.03994e-07 9.21685e-08 7.63068e-08 5.85258e-08 4.12883e-08 2.70036e-08 1.76351e-08 1.35596e-08 1.52113e-08 2.13703e-08 2.8714e-08 3.5426e-08 4.39128e-08 6.08254e-08 8.50179e-08 1.04659e-07 1.10531e-07 1.02046e-07 8.43087e-08 6.35161e-08 4.42448e-08 2.87969e-08 1.76148e-08 1.00311e-08 4.99049e-09 1.6129e-09 
1.39327e-09 4.33822e-09 8.48576e-09 1.45139e-08 2.32684e-08 3.5364e-08 5.07345e-08 6.80818e-08 8.44421e-08 9.5314e-08 9.59538e-08 8.41918e-08 6.41644e-08 4.8967e-08 5.06878e-08 5.73698e-08 5.50977e-08 4.99575e-08 6.01482e-08 8.38212e-08 1.10683e-07 1.35634e-07 1.53649e-07 1.61113e-07 1.56914e-07 1.42303e-07 1.20046e-07 9.38003e-08 6.76237e-08 4.53088e-08 2.91724e-08 1.94404e-08 1.52113e-08 1.67688e-08 2.22728e-08 2.8675e-08 3.54765e-08 4.58773e-08 6.19458e-08 7.79985e-08 8.62871e-08 8.39242e-08 7.30324e-08 5.78822e-08 4.23803e-08 2.89761e-08 1.86383e-08 1.12716e-08 6.2241e-09 2.73295e-09 2.73295e-09 
4.86977e-10 2.3589e-09 5.35447e-09 9.51927e-09 1.54992e-08 2.38766e-08 3.48936e-08 4.80972e-08 6.19852e-08 7.38365e-08 8.00411e-08 7.72986e-08 6.48816e-08 4.79453e-08 4.03442e-08 4.77594e-08 5.45337e-08 5.50977e-08 6.22089e-08 8.62327e-08 1.21262e-07 1.59126e-07 1.9212e-07 2.1288e-07 2.16561e-07 2.02864e-07 1.75287e-07 1.39674e-07 1.02844e-07 7.05884e-08 4.62936e-08 3.01668e-08 2.06043e-08 1.67688e-08 1.86177e-08 2.36115e-08 2.94547e-08 3.65983e-08 4.67093e-08 5.81134e-08 6.59784e-08 6.69726e-08 6.11308e-08 5.08315e-08 3.90106e-08 2.79359e-08 1.88242e-08 1.19822e-08 7.12257e-09 3.70413e-09 1.24673e-09 
1.02143e-09 3.21035e-09 6.1565e-09 1.0261e-08 1.6018e-08 2.37618e-08 3.34486e-08 4.4409e-08 5.51466e-08 6.33188e-08 6.61109e-08 6.12392e-08 4.88382e-08 3.51433e-08 3.49587e-08 4.62482e-08 5.45337e-08 6.17664e-08 8.10013e-08 1.1656e-07 1.62083e-07 2.08701e-07 2.466e-07 2.65617e-07 2.60531e-07 2.33186e-07 1.91056e-07 1.44257e-07 1.01781e-07 6.85018e-08 4.52194e-08 3.01022e-08 2.13703e-08 1.86177e-08 2.08212e-08 2.52928e-08 3.06408e-08 3.71126e-08 4.43721e-08 5.02422e-08 5.23099e-08 4.96624e-08 4.31631e-08 3.46427e-08 2.59224e-08 1.82409e-08 1.21464e-08 7.64042e-09 4.40228e-09 2.02016e-09 2.02016e-09 
3.43939e-10 1.72675e-09 3.8767e-09 6.73396e-09 1.06853e-08 1.60601e-08 2.29899e-08 3.12464e-08 4.00837e-08 4.81334e-08 5.34498e-08 5.38418e-08 4.76766e-08 3.56064e-08 2.55268e-08 3.23547e-08 4.62482e-08 5.73698e-08 7.2233e-08 1.01537e-07 1.45699e-07 1.97894e-07 2.48624e-07 2.8486e-07 2.95617e-07 2.77562e-07 2.3677e-07 1.85301e-07 1.35228e-07 9.40821e-08 6.36842e-08 4.28091e-08 2.93836e-08 2.22728e-08 2.08212e-08 2.31043e-08 2.68885e-08 3.1162e-08 3.54466e-08 3.89571e-08 4.05884e-08 3.94701e-08 3.55829e-08 2.97667e-08 2.32312e-08 1.70354e-08 1.18189e-08 7.7853e-09 4.81102e-09 2.60942e-09 9.13415e-10 
7.29426e-10 2.31294e-09 4.35322e-09 7.08244e-09 1.07894e-08 1.56623e-08 2.16889e-08 2.8548e-08 3.55113e-08 4.13904e-08 4.45925e-08 4.33841e-08 3.65373e-08 2.51522e-08 1.98695e-08 3.23547e-08 4.77594e-08 6.19662e-08 8.34134e-08 1.19204e-07 1.6749e-07 2.21469e-07 2.68901e-07 2.95735e-07 2.93438e-07 2.63383e-07 2.16179e-07 1.6495e-07 1.19473e-07 8.37406e-08 5.76409e-08 3.9771e-08 2.8714e-08 2.36115e-08 2.31043e-08 2.50247e-08 2.76189e-08 2.98956e-08 3.14037e-08 3.19248e-08 3.11081e-08 2.86894e-08 2.48405e-08 2.01597e-08 1.53822e-08 1.10948e-08 7.60588e-09 4.94847e-09 2.96225e-09 1.41635e-09 1.41635e-09 
2.36829e-10 1.23125e-09 2.73538e-09 4.65045e-09 7.20778e-09 1.05975e-08 1.49014e-08 2.00224e-08 2.56146e-08 3.10203e-08 3.52406e-08 3.69839e-08 3.48749e-08 2.80576e-08 1.8608e-08 1.98695e-08 3.49587e-08 5.06878e-08 6.71994e-08 9.23615e-08 1.30271e-07 1.78625e-07 2.28289e-07 2.65495e-07 2.78393e-07 2.63995e-07 2.28788e-07 1.84155e-07 1.4014e-07 1.02478e-07 7.29923e-08 5.14574e-08 3.7015e-08 2.8675e-08 2.52928e-08 2.50247e-08 2.59344e-08 2.6654e-08 2.66365e-08 2.59734e-08 2.47711e-08 2.29085e-08 2.02716e-08 1.69987e-08 1.34609e-08 1.0081e-08 7.17083e-09 4.8607e-09 3.1048e-09 1.74812e-09 6.345e-10 
5.0833e-10 1.62413e-09 3.00459e-09 4.78271e-09 7.12967e-09 1.0158e-08 1.38802e-08 1.81623e-08 2.2678e-08 2.68669e-08 2.9919e-08 3.08272e-08 2.86114e-08 2.31511e-08 1.8608e-08 2.55268e-08 4.03442e-08 5.53171e-08 7.22905e-08 9.75357e-08 1.34374e-07 1.78972e-07 2.19692e-07 2.43458e-07 2.43456e-07 2.22699e-07 1.89486e-07 1.52364e-07 1.17112e-07 8.69449e-08 6.33161e-08 4.63502e-08 3.5426e-08 2.94547e-08 2.68885e-08 2.59344e-08 2.51461e-08 2.38565e-08 2.21547e-08 2.03205e-08 1.84339e-08 1.63678e-08 1.40172e-08 1.14527e-08 8.88591e-09 6.55007e-09 4.60237e-09 3.07922e-09 1.90375e-09 9.43687e-10 9.43687e-10 
1.59563e-10 8.56285e-10 1.88375e-09 3.14157e-09 4.76945e-09 6.88153e-09 9.53672e-09 1.27109e-08 1.62679e-08 1.99286e-08 2.32479e-08 2.56219e-08 2.63838e-08 2.5172e-08 2.31511e-08 2.51522e-08 3.51433e-08 4.8967e-08 6.25221e-08 7.79106e-08 1.00825e-07 1.34703e-07 1.73326e-07 2.03453e-07 2.14687e-07 2.06159e-07 1.84372e-07 1.56363e-07 1.26789e-07 9.87561e-08 7.4829e-08 5.64536e-08 4.36304e-08 3.54765e-08 3.06408e-08 2.76189e-08 2.51461e-08 2.25732e-08 1.99159e-08 1.74194e-08 1.52308e-08 1.32905e-08 1.1428e-08 9.53112e-09 7.62091e-09 5.81053e-09 4.22386e-09 2.93251e-09 1.92454e-09 1.11792e-09 4.18845e-10 
3.46417e-10 1.11324e-09 2.0282e-09 3.16781e-09 4.63636e-09 6.50691e-09 8.80683e-09 1.1501e-08 1.44746e-08 1.75175e-08 2.03256e-08 2.25538e-08 2.40086e-08 2.5172e-08 2.80576e-08 3.56064e-08 4.79453e-08 6.15824e-08 7.4017e-08 8.73449e-08 1.07719e-07 1.3837e-07 1.70493e-07 1.90352e-07 1.91515e-07 1.77991e-07 1.57493e-07 1.34372e-07 1.10411e-07 8.77701e-08 6.87516e-08 5.42785e-08 4.39128e-08 3.65983e-08 3.1162e-08 2.6654e-08 2.25732e-08 1.88837e-08 1.57059e-08 1.31122e-08 1.10501e-08 9.35408e-09 7.83833e-09 6.39525e-09 5.0198e-09 3.76875e-09 2.70464e-09 1.85154e-09 1.17477e-09 5.9985e-10 5.9985e-10 
1.05594e-10 5.81846e-10 1.26867e-09 2.08121e-09 3.10559e-09 4.41413e-09 6.05423e-09 8.03997e-09 1.03442e-08 1.28927e-08 1.55685e-08 1.82513e-08 2.09368e-08 2.40086e-08 2.86114e-08 3.65373e-08 4.88382e-08 6.41644e-08 7.9266e-08 9.22327e-08 1.05415e-07 1.25235e-07 1.53331e-07 1.78609e-07 1.88599e-07 1.81281e-07 1.64635e-07 1.46088e-07 1.26917e-07 1.06909e-07 8.75677e-08 7.06427e-08 5.68273e-08 4.58773e-08 3.71126e-08 2.98956e-08 2.38565e-08 1.88837e-08 1.49146e-08 1.18507e-08 9.54832e-09 7.82116e-09 6.46278e-09 5.30162e-09 4.24529e-09 3.27822e-09 2.42673e-09 1.71907e-09 1.15286e-09 6.86186e-10 2.63866e-10 
2.31402e-10 7.46439e-10 1.34243e-09 2.06439e-09 2.97833e-09 4.13574e-09 5.57121e-09 7.29993e-09 9.31817e-09 1.16119e-08 1.41893e-08 1.71665e-08 2.09368e-08 2.63838e-08 3.48749e-08 4.76766e-08 6.48816e-08 8.45557e-08 1.03389e-07 1.19681e-07 1.36086e-07 1.58038e-07 1.84117e-07 2.02392e-07 2.03226e-07 1.89436e-07 1.71819e-07 1.55597e-07 1.3852e-07 1.18846e-07 9.79224e-08 7.80432e-08 6.08254e-08 4.67093e-08 3.54466e-08 2.66365e-08 1.99159e-08 1.49146e-08 1.12664e-08 8.64643e-09 6.78042e-09 5.43181e-09 4.40113e-09 3.54601e-09 2.79312e-09 2.12491e-09 1.55186e-09 1.08251e-09 7.0065e-10 3.65858e-10 3.65858e-10 
6.88954e-11 3.87205e-10 8.37803e-10 1.35634e-09 1.99742e-09 2.80971e-09 3.8334e-09 5.10083e-09 6.64013e-09 8.48584e-09 1.07069e-08 1.34713e-08 1.71665e-08 2.25538e-08 3.08272e-08 4.33841e-08 6.12392e-08 8.41918e-08 1.10129e-07 1.3562e-07 1.58951e-07 1.82558e-07 2.09476e-07 2.35419e-07 2.48868e-07 2.4374e-07 2.26904e-07 2.08672e-07 1.90438e-07 1.68191e-07 1.40991e-07 1.11823e-07 8.46325e-08 6.19458e-08 4.43721e-08 3.14037e-08 2.21547e-08 1.57059e-08 1.12664e-08 8.22718e-09 6.15004e-09 4.72332e-09 3.71732e-09 2.96301e-09 2.35022e-09 1.8238e-09 1.36808e-09 9.8518e-10 6.72018e-10 4.07107e-10 1.59619e-10 
1.51932e-10 4.90978e-10 8.74034e-10 1.32865e-09 1.89846e-09 2.6221e-09 3.53609e-09 4.67933e-09 6.10381e-09 7.89812e-09 1.0237e-08 1.34713e-08 1.82513e-08 2.56219e-08 3.69839e-08 5.38418e-08 7.72986e-08 1.07311e-07 1.41968e-07 1.77929e-07 2.13318e-07 2.49477e-07 2.86469e-07 3.17199e-07 3.30286e-07 3.22443e-07 3.01413e-07 2.74619e-07 2.42573e-07 2.03998e-07 1.61365e-07 1.20106e-07 8.50179e-08 5.81134e-08 3.89571e-08 2.59734e-08 1.74194e-08 1.18507e-08 8.22718e-09 5.85572e-09 4.2904e-09 3.24185e-09 2.51467e-09 1.97644e-09 1.54587e-09 1.18299e-09 8.7513e-10 6.19621e-10 4.06959e-10 2.15698e-10 2.15698e-10 
4.44803e-11 2.53123e-10 5.44325e-10 8.72873e-10 1.27454e-09 1.78385e-09 2.43535e-09 3.26826e-09 4.33597e-09 5.72515e-09 7.59344e-09 1.0237e-08 1.41893e-08 2.03256e-08 2.9919e-08 4.45925e-08 6.61109e-08 9.59538e-08 1.34633e-07 1.80946e-07 2.32141e-07 2.86112e-07 3.42322e-07 3.96352e-07 4.36611e-07 4.5074e-07 4.36354e-07 4.00268e-07 3.50307e-07 2.91621e-07 2.28965e-07 1.68832e-07 1.17448e-07 7.79985e-08 5.02422e-08 3.19248e-08 2.03205e-08 1.31122e-08 8.64643e-09 5.85572e-09 4.0873e-09 2.9487e-09 2.19929e-09 1.68538e-09 1.30839e-09 1.01023e-09 7.62729e-10 5.55906e-10 3.84104e-10 2.35381e-10 9.34335e-11 
9.8365e-11 3.1792e-10 5.61944e-10 8.48201e-10 1.20671e-09 1.66764e-09 2.26603e-09 3.04955e-09 4.09348e-09 5.52903e-09 7.59344e-09 1.07069e-08 1.55685e-08 2.32479e-08 3.52406e-08 5.34498e-08 8.00411e-08 1.17109e-07 1.66102e-07 2.27083e-07 2.98391e-07 3.7752e-07 4.60067e-07 5.34379e-07 5.82899e-07 5.91417e-07 5.57731e-07 4.91262e-07 4.06209e-07 3.15927e-07 2.31178e-07 1.59579e-07 1.04659e-07 6.59784e-08 4.05884e-08 2.47711e-08 1.52308e-08 9.54832e-09 6.15004e-09 4.0873e-09 2.81043e-09 2.00304e-09 1.47822e-09 1.12108e-09 8.6068e-10 6.56456e-10 4.88902e-10 3.49894e-10 2.32117e-10 1.2399e-10 1.2399e-10 
2.85144e-11 1.63145e-10 3.49314e-10 5.57106e-10 8.10715e-10 1.13562e-09 1.56129e-09 2.12733e-09 2.89498e-09 3.96794e-09 5.52903e-09 7.89812e-09 1.16119e-08 1.75175e-08 2.68669e-08 4.13904e-08 6.33188e-08 9.5314e-08 1.40253e-07 2.0078e-07 2.78494e-07 3.72772e-07 4.79298e-07 5.8726e-07 6.76404e-07 7.23121e-07 7.11887e-07 6.44576e-07 5.39076e-07 4.19342e-07 3.05788e-07 2.10519e-07 1.37729e-07 8.62871e-08 5.23099e-08 3.11081e-08 1.84339e-08 1.10501e-08 6.78042e-09 4.2904e-09 2.81043e-09 1.90995e-09 1.34808e-09 9.86136e-10 7.41111e-10 5.6315e-10 4.24383e-10 3.11345e-10 2.17016e-10 1.33809e-10 5.33986e-11 
6.30265e-11 2.03486e-10 3.58317e-10 5.39605e-10 7.68695e-10 1.06953e-09 1.47377e-09 2.0292e-09 2.81497e-09 3.96794e-09 5.72515e-09 8.48584e-09 1.28927e-08 1.99286e-08 3.10203e-08 4.81334e-08 7.38365e-08 1.11308e-07 1.64227e-07 2.36358e-07 3.30402e-07 4.45458e-07 5.73457e-07 6.96153e-07 7.85479e-07 8.1404e-07 7.69904e-07 6.64541e-07 5.26672e-07 3.87383e-07 2.67782e-07 1.75838e-07 1.10531e-07 6.69726e-08 3.94701e-08 2.29085e-08 1.32905e-08 7.82116e-09 4.72332e-09 2.9487e-09 1.90995e-09 1.28597e-09 9.00501e-10 6.53838e-10 4.87419e-10 3.66773e-10 2.72957e-10 1.96496e-10 1.31117e-10 7.0149e-11 7.0149e-11 
1.82096e-11 1.04103e-10 2.2239e-10 3.54249e-10 5.16514e-10 7.28434e-10 1.01472e-09 1.41173e-09 1.9784e-09 2.81497e-09 4.09348e-09 6.10381e-09 9.31817e-09 1.44746e-08 2.2678e-08 3.55113e-08 5.51466e-08 8.44421e-08 1.26999e-07 1.87063e-07 2.68931e-07 3.75102e-07 5.02598e-07 6.38525e-07 7.58064e-07 8.28899e-07 8.26142e-07 7.47223e-07 6.14711e-07 4.64116e-07 3.26108e-07 2.16475e-07 1.37359e-07 8.39242e-08 4.96624e-08 2.86894e-08 1.63678e-08 9.35408e-09 5.43181e-09 3.24185e-09 2.00304e-09 1.28597e-09 8.59357e-10 5.97848e-10 4.31342e-10 3.19205e-10 2.3787e-10 1.74514e-10 1.22178e-10 7.54653e-11 3.00883e-11 
4.01222e-11 1.29305e-10 2.27615e-10 3.43649e-10 4.92946e-10 6.94552e-10 9.75718e-10 1.37959e-09 1.9784e-09 2.89498e-09 4.33597e-09 6.64013e-09 1.03442e-08 1.62679e-08 2.56146e-08 4.00837e-08 6.19852e-08 9.43445e-08 1.40937e-07 2.06053e-07 2.93486e-07 4.04071e-07 5.31548e-07 6.58471e-07 7.56696e-07 7.9611e-07 7.60481e-07 6.58216e-07 5.18675e-07 3.7636e-07 2.55434e-07 1.64708e-07 1.02046e-07 6.11308e-08 3.55829e-08 2.02716e-08 1.1428e-08 6.46278e-09 3.71732e-09 2.19929e-09 1.34808e-09 8.59357e-10 5.70751e-10 3.94926e-10 2.83398e-10 2.08288e-10 1.53606e-10 1.106e-10 7.39467e-11 3.94364e-11 3.94364e-11 
1.1619e-11 6.60487e-11 1.41082e-10 2.25403e-10 3.30982e-10 4.7252e-10 6.70271e-10 9.55482e-10 1.37959e-09 2.0292e-09 3.04955e-09 4.67933e-09 7.29993e-09 1.1501e-08 1.81623e-08 2.8548e-08 4.4409e-08 6.80818e-08 1.02555e-07 1.51392e-07 2.18225e-07 3.05367e-07 4.11059e-07 5.25662e-07 6.29352e-07 6.95732e-07 7.02335e-07 6.43559e-07 5.35362e-07 4.07028e-07 2.86424e-07 1.89577e-07 1.19812e-07 7.30324e-08 4.31631e-08 2.48405e-08 1.40172e-08 7.83833e-09 4.40113e-09 2.51467e-09 1.47822e-09 9.00501e-10 5.70751e-10 3.77157e-10 2.59818e-10 1.85583e-10 1.35467e-10 9.8656e-11 6.90472e-11 4.25804e-11 1.68855e-11 
2.5473e-11 8.19277e-11 1.4465e-10 2.19944e-10 3.19278e-10 4.57672e-10 6.57634e-10 9.55482e-10 1.41173e-09 2.12733e-09 3.26826e-09 5.10083e-09 8.03997e-09 1.27109e-08 2.00224e-08 3.12464e-08 4.80972e-08 7.27891e-08 1.08015e-07 1.56695e-07 2.21225e-07 3.01883e-07 3.94264e-07 4.86723e-07 5.60432e-07 5.94746e-07 5.76614e-07 5.08714e-07 4.09141e-07 3.02312e-07 2.07926e-07 1.35222e-07 8.43087e-08 5.08315e-08 2.97667e-08 1.69987e-08 9.53112e-09 5.30162e-09 2.96301e-09 1.68538e-09 9.86136e-10 5.97848e-10 3.77157e-10 2.48204e-10 1.70383e-10 1.21203e-10 8.77968e-11 6.28312e-11 4.19373e-11 2.22338e-11 2.22338e-11 
7.42564e-12 4.18345e-11 8.95442e-11 1.44038e-10 2.13955e-10 3.10512e-10 4.49895e-10 6.57634e-10 9.75718e-10 1.47377e-09 2.26603e-09 3.53609e-09 5.57121e-09 8.80683e-09 1.38802e-08 2.16889e-08 3.34486e-08 5.07345e-08 7.54757e-08 1.09821e-07 1.55731e-07 2.14093e-07 2.83211e-07 3.56974e-07 4.23892e-07 4.68791e-07 4.78117e-07 4.46653e-07 3.81274e-07 2.98227e-07 2.15527e-07 1.45792e-07 9.36783e-08 5.78822e-08 3.46427e-08 2.01597e-08 1.14527e-08 6.39525e-09 3.54601e-09 1.97644e-09 1.12108e-09 6.53838e-10 3.94926e-10 2.48204e-10 1.62811e-10 1.11462e-10 7.89722e-11 5.66358e-11 3.94231e-11 2.42171e-11 9.53376e-12 
1.61813e-11 5.19545e-11 9.22791e-11 1.41846e-10 2.09151e-10 3.0586e-10 4.49895e-10 6.70271e-10 1.01472e-09 1.56129e-09 2.43535e-09 3.8334e-09 6.05423e-09 9.53672e-09 1.49014e-08 2.29899e-08 3.48936e-08 5.19495e-08 7.5663e-08 1.0748e-07 1.48299e-07 1.97614e-07 2.52409e-07 3.06271e-07 3.49605e-07 3.71852e-07 3.65603e-07 3.30516e-07 2.74355e-07 2.09818e-07 1.49088e-07 9.96578e-08 6.35161e-08 3.90106e-08 2.32312e-08 1.34609e-08 7.62091e-09 4.24529e-09 2.35022e-09 1.30839e-09 7.41111e-10 4.31342e-10 2.59818e-10 1.62811e-10 1.06543e-10 7.27904e-11 5.1327e-11 3.62509e-11 2.40689e-11 1.26795e-11 1.26795e-11 
4.76004e-12 2.65401e-11 5.70385e-11 9.26587e-11 1.39661e-10 2.06528e-10 3.0586e-10 4.57672e-10 6.94552e-10 1.06953e-09 1.66764e-09 2.6221e-09 4.13574e-09 6.50691e-09 1.0158e-08 1.56623e-08 2.37618e-08 3.5364e-08 5.14938e-08 7.31612e-08 1.01086e-07 1.35226e-07 1.7414e-07 2.14392e-07 2.50398e-07 2.75185e-07 2.82338e-07 2.68653e-07 2.36072e-07 1.91434e-07 1.4379e-07 1.00872e-07 6.68625e-08 4.23803e-08 2.59224e-08 1.53822e-08 8.88591e-09 5.0198e-09 2.79312e-09 1.54587e-09 8.6068e-10 4.87419e-10 2.83398e-10 1.70383e-10 1.06543e-10 6.96169e-11 4.74781e-11 3.32404e-11 2.28779e-11 1.39778e-11 5.46842e-12 
1.03057e-11 3.30658e-11 5.9216e-11 9.2235e-11 1.38375e-10 2.06528e-10 3.10512e-10 4.7252e-10 7.28434e-10 1.13562e-09 1.78385e-09 2.80971e-09 4.41413e-09 6.88153e-09 1.05975e-08 1.60601e-08 2.38766e-08 3.47324e-08 4.93117e-08 6.81398e-08 9.13207e-08 1.18179e-07 1.46902e-07 1.74361e-07 1.96337e-07 2.0833e-07 2.06931e-07 1.91332e-07 1.64101e-07 1.30524e-07 9.66487e-08 6.71517e-08 4.42448e-08 2.79359e-08 1.70354e-08 1.0081e-08 5.81053e-09 3.27822e-09 1.8238e-09 1.01023e-09 5.6315e-10 3.19205e-10 1.85583e-10 1.11462e-10 6.96169e-11 4.54588e-11 3.09332e-11 2.13878e-11 1.40663e-11 7.37149e-12 7.37149e-12 
3.05665e-12 1.68977e-11 3.65229e-11 6.0009e-11 9.18496e-11 1.38375e-10 2.09151e-10 3.19278e-10 4.92946e-10 7.68695e-10 1.20671e-09 1.89846e-09 2.97833e-09 4.63636e-09 7.12967e-09 1.07894e-08 1.6018e-08 2.32684e-08 3.29959e-08 4.5566e-08 6.11062e-08 7.93068e-08 9.9213e-08 1.19095e-07 1.36502e-07 1.48591e-07 1.52747e-07 1.47437e-07 1.32975e-07 1.11732e-07 8.74692e-08 6.40402e-08 4.41727e-08 2.89761e-08 1.82409e-08 1.10948e-08 6.55007e-09 3.76875e-09 2.12491e-09 1.18299e-09 6.56456e-10 3.66773e-10 2.08288e-10 1.21203e-10 7.27904e-11 4.54588e-11 2.96854e-11 2.01139e-11 1.3593e-11 8.24314e-12 3.21361e-12 
6.57886e-12 2.11367e-11 3.81928e-11 6.02474e-11 9.18496e-11 1.39661e-10 2.13955e-10 3.30982e-10 5.16514e-10 8.10715e-10 1.27454e-09 1.99742e-09 3.10559e-09 4.76945e-09 7.20778e-09 1.06853e-08 1.54992e-08 2.1949e-08 3.0282e-08 4.06092e-08 5.27928e-08 6.63281e-08 8.02601e-08 9.31888e-08 1.03403e-07 1.09159e-07 1.09093e-07 1.02695e-07 9.06635e-08 7.48746e-08 5.78581e-08 4.19837e-08 2.87969e-08 1.88242e-08 1.18189e-08 7.17083e-09 4.22386e-09 2.42673e-09 1.36808e-09 7.62729e-10 4.24383e-10 2.3787e-10 1.35467e-10 7.89722e-11 4.74781e-11 2.96854e-11 1.93904e-11 1.30191e-11 8.4345e-12 4.40109e-12 4.40109e-12 
1.9554e-12 1.0786e-11 2.34553e-11 3.88825e-11 6.02474e-11 9.2235e-11 1.41846e-10 2.19944e-10 3.43649e-10 5.39605e-10 8.48201e-10 1.32865e-09 2.06439e-09 3.16781e-09 4.78271e-09 7.08244e-09 1.0261e-08 1.45139e-08 2.0006e-08 2.68225e-08 3.49057e-08 4.39875e-08 5.35392e-08 6.27644e-08 7.06562e-08 7.61247e-08 7.81903e-08 7.62283e-08 7.02152e-08 6.08689e-08 4.95484e-08 3.78845e-08 2.72955e-08 1.86383e-08 1.21464e-08 7.60588e-09 4.60237e-09 2.70464e-09 1.55186e-09 8.7513e-10 4.88902e-10 2.72957e-10 1.53606e-10 8.77968e-11 5.1327e-11 3.09332e-11 1.93904e-11 1.26551e-11 8.33905e-12 5.00221e-12 1.9476e-12 
4.18951e-12 1.3507e-11 2.44993e-11 3.88825e-11 6.0009e-11 9.26587e-11 1.44038e-10 2.25403e-10 3.54249e-10 5.57106e-10 8.72873e-10 1.35634e-09 2.08121e-09 3.14157e-09 4.65045e-09 6.73396e-09 9.51927e-09 1.31151e-08 1.75832e-08 2.29024e-08 2.89302e-08 3.53727e-08 4.1777e-08 4.75567e-08 5.20518e-08 5.46217e-08 5.47642e-08 5.22491e-08 4.72378e-08 4.03247e-08 3.24357e-08 2.45886e-08 1.76148e-08 1.19822e-08 7.7853e-09 4.8607e-09 2.93251e-09 1.71907e-09 9.8518e-10 5.55906e-10 3.11345e-10 1.74514e-10 9.8656e-11 5.66358e-11 3.32404e-11 2.01139e-11 1.26551e-11 8.22401e-12 5.22106e-12 2.70869e-12 2.70869e-12 
1.23282e-12 6.84531e-12 1.48424e-11 2.44993e-11 3.81928e-11 5.9216e-11 9.22791e-11 1.4465e-10 2.27615e-10 3.58317e-10 5.61944e-10 8.74034e-10 1.34243e-09 2.0282e-09 3.00459e-09 4.35322e-09 6.1565e-09 8.48576e-09 1.13846e-08 1.48482e-08 1.88013e-08 2.30807e-08 2.74294e-08 3.15077e-08 3.49235e-08 3.72774e-08 3.82212e-08 3.75246e-08 3.51441e-08 3.12766e-08 2.63607e-08 2.09987e-08 1.5809e-08 1.12716e-08 7.64042e-09 4.94847e-09 3.07922e-09 1.85154e-09 1.08251e-09 6.19621e-10 3.49894e-10 1.96496e-10 1.106e-10 6.28312e-11 3.62509e-11 2.13878e-11 1.30191e-11 8.22401e-12 5.27861e-12 3.12491e-12 1.21551e-12 
2.63029e-12 8.38062e-12 1.48424e-11 2.34553e-11 3.65229e-11 5.70385e-11 8.95442e-11 1.41082e-10 2.2239e-10 3.49314e-10 5.44325e-10 8.37803e-10 1.26867e-09 1.88375e-09 2.73538e-09 3.8767e-09 5.35447e-09 7.19929e-09 9.41361e-09 1.19591e-08 1.47465e-08 1.76311e-08 2.04185e-08 2.28789e-08 2.4771e-08 2.58706e-08 2.60034e-08 2.50798e-08 2.3129e-08 2.03196e-08 1.69507e-08 1.33988e-08 1.00311e-08 7.12257e-09 4.81102e-09 3.1048e-09 1.92454e-09 1.15286e-09 6.72018e-10 3.84104e-10 2.17016e-10 1.22178e-10 6.90472e-11 3.94231e-11 2.28779e-11 1.3593e-11 8.33905e-12 5.27861e-12 3.29563e-12 1.7028e-12 1.7028e-12 
7.58233e-13 4.12894e-12 8.38062e-12 1.3507e-11 2.11367e-11 3.30658e-11 5.19545e-11 8.19277e-11 1.29305e-10 2.03486e-10 3.1792e-10 4.90978e-10 7.46439e-10 1.11324e-09 1.62413e-09 2.31294e-09 3.21035e-09 4.33822e-09 5.70255e-09 7.28617e-09 9.04253e-09 1.08929e-08 1.27283e-08 1.44177e-08 1.58194e-08 1.67958e-08 1.72298e-08 1.70413e-08 1.62047e-08 1.47643e-08 1.28424e-08 1.06294e-08 8.35197e-09 6.2241e-09 4.40228e-09 2.96225e-09 1.90375e-09 1.17477e-09 7.0065e-10 4.06959e-10 2.32117e-10 1.31117e-10 7.39467e-11 4.19373e-11 2.40689e-11 1.40663e-11 8.4345e-12 5.22106e-12 3.29563e-12 1.94807e-12 7.64736e-13 
1.54725e-12 4.12894e-12 6.84531e-12 1.0786e-11 1.68977e-11 2.65401e-11 4.18345e-11 6.60487e-11 1.04103e-10 1.63145e-10 2.53123e-10 3.87205e-10 5.81846e-10 8.56285e-10 1.23125e-09 1.72675e-09 2.3589e-09 3.13583e-09 4.05327e-09 5.09052e-09 6.20835e-09 7.34956e-09 8.44272e-09 9.4082e-09 1.01656e-08 1.06418e-08 1.07787e-08 1.05415e-08 9.92689e-09 8.97066e-09 7.7505e-09 6.38003e-09 4.99049e-09 3.70413e-09 2.60942e-09 1.74812e-09 1.11792e-09 6.86186e-10 4.07107e-10 2.35381e-10 1.33809e-10 7.54653e-11 4.25804e-11 2.42171e-11 1.39778e-11 8.24314e-12 5.00221e-12 3.12491e-12 1.94807e-12 1.03406e-12 1.03406e-12 
4.58665e-13 1.54725e-12 2.63029e-12 4.18951e-12 6.57886e-12 1.03057e-11 1.61813e-11 2.5473e-11 4.01222e-11 6.30265e-11 9.8365e-11 1.51932e-10 2.31402e-10 3.46417e-10 5.0833e-10 7.29426e-10 1.02143e-09 1.39327e-09 1.84827e-09 2.38147e-09 2.97774e-09 3.61153e-09 4.24828e-09 4.84725e-09 5.36509e-09 5.75968e-09 5.99379e-09 6.03879e-09 5.87848e-09 5.51325e-09 4.96408e-09 4.27433e-09 3.50663e-09 2.73295e-09 2.02016e-09 1.41635e-09 9.43687e-10 5.9985e-10 3.65858e-10 2.15698e-10 1.2399e-10 7.0149e-11 3.94364e-11 2.22338e-11 1.26795e-11 7.37149e-12 4.40109e-12 2.70869e-12 1.7028e-12 1.03406e-12 4.42376e-13 
4.58665e-13 7.58233e-13 1.23282e-12 1.9554e-12 3.05665e-12 4.76004e-12 7.42564e-12 1.1619e-11 1.82096e-11 2.85144e-11 4.44803e-11 6.88954e-11 1.05594e-10 1.59563e-10 2.36829e-10 3.43939e-10 4.86977e-10 6.70171e-10 8.9439e-10 1.15595e-09 1.44609e-09 1.75129e-09 2.05425e-09 2.3354e-09 2.57448e-09 2.75222e-09 2.85182e-09 2.8606e-09 2.77174e-09 2.58633e-09 2.31537e-09 1.98065e-09 1.6129e-09 1.24673e-09 9.13415e-10 6.345e-10 4.18845e-10 2.63866e-10 1.59619e-10 9.34335e-11 5.33986e-11 3.00883e-11 1.68855e-11 9.53376e-12 5.46842e-12 3.21361e-12 1.9476e-12 1.21551e-12 7.64736e-13 4.42376e-13 4.42376e-13 
