38
-0.75 -2.25 9.75
0.25 -2.25 9.75
-1.25 -1.75 9.75
-0.25 -1.75 9.75
0.75 -1.75 9.75
-1.75 -1.25 9.75
-0.75 -1.25 9.75
0.25 -1.25 9.75
1.25 -1.25 9.75
-2.25 -0.75 9.75
-1.25 -0.75 9.75
-0.25 -0.75 9.75
0.75 -0.75 9.75
1.75 -0.75 9.75
-1.75 -0.25 9.75
-0.75 -0.25 9.75
0.25 -0.25 9.75
1.25 -0.25 9.75
2.25 -0.25 9.75
-2.25 0.25 9.75
-1.25 0.25 9.75
-0.25 0.25 9.75
0.75 0.25 9.75
1.75 0.25 9.75
-1.75 0.75 9.75
-0.75 0.75 9.75
0.25 0.75 9.75
1.25 0.75 9.75
2.25 0.75 9.75
-1.25 1.25 9.75
-0.25 1.25 9.75
0.75 1.25 9.75
1.75 1.25 9.75
-0.75 1.75 9.75
0.25 1.75 9.75
1.25 1.75 9.75
-0.25 2.25 9.75
0.75 2.25 9.75

